9.72476e-05 22.0796 23.126 21.0332 12.4936 13.2605 11.7268 30.902 1.04638 0.766863 0.479303 0.46921
0.0001 21.9316 22.9723 20.8909 12.4082 13.1704 11.646 30.5942 1.04067 0.762212 0.475344 0.465142
0.00010283 21.7852 22.8202 20.7503 12.3237 13.0813 11.5662 30.2889 1.03498 0.75759 0.471414 0.461103
0.000105741 21.6428 22.6721 20.6135 12.2415 12.9945 11.4885 29.9862 1.02933 0.752999 0.467515 0.457093
0.000108734 21.4947 22.5184 20.471 12.1561 12.9045 11.4076 29.6861 1.02371 0.748437 0.463645 0.453112
0.000111811 21.3474 22.3656 20.3293 12.0711 12.815 11.3272 29.3884 1.01812 0.743905 0.459806 0.44916
0.000114976 21.201 22.2136 20.1884 11.9866 12.726 11.2472 29.0933 1.01256 0.739402 0.455996 0.445236
0.00011823 21.0554 22.0624 20.0484 11.9026 12.6375 11.1677 28.8006 1.00703 0.734928 0.452215 0.441341
0.000121576 20.9106 21.9122 19.9091 11.8191 12.5496 11.0886 28.5103 1.00154 0.730483 0.448464 0.437473
0.000125017 20.7667 21.7627 19.7706 11.7361 12.4621 11.01 28.2225 0.996073 0.726067 0.444743 0.433634
0.000128556 20.6235 21.6141 19.6329 11.6535 12.3752 10.9318 27.9371 0.99064 0.721679 0.441049 0.429823
0.000132194 20.4812 21.4664 19.4959 11.5715 12.2888 10.8541 27.6541 0.985238 0.717321 0.437386 0.426039
0.000135936 20.3397 21.3195 19.3598 11.4899 12.2029 10.7769 27.3735 0.979865 0.71299 0.43375 0.422283
0.000139783 20.1989 21.1735 19.2244 11.4088 12.1174 10.7001 27.0953 0.974523 0.708687 0.430143 0.418554
0.000143739 20.059 21.0282 19.0898 11.3281 12.0325 10.6237 26.8194 0.969211 0.704412 0.426565 0.414853
0.000147808 19.9199 20.8838 18.956 11.2479 11.9481 10.5478 26.5459 0.963929 0.700165 0.423014 0.411178
0.000151991 19.7816 20.7402 18.8229 11.1682 11.8642 10.4723 26.2746 0.958676 0.695945 0.419492 0.40753
0.000156293 19.644 20.5975 18.6906 11.089 11.7808 10.3972 26.0057 0.953453 0.691753 0.415997 0.403908
0.000160717 19.5073 20.4555 18.559 11.0102 11.6978 10.3226 25.739 0.948259 0.687588 0.412531 0.400314
0.000165265 19.3713 20.3144 18.4282 10.9319 11.6153 10.2484 25.4747 0.943093 0.683449 0.409091 0.396745
0.000169943 19.2361 20.174 18.2981 10.854 11.5334 10.1747 25.2125 0.937957 0.679338 0.40568 0.393203
0.000174753 19.1017 20.0345 18.1688 10.7766 11.4519 10.1014 24.9526 0.932849 0.675254 0.402295 0.389687
0.000179699 18.968 19.8958 18.0402 10.6997 11.3709 10.0285 24.695 0.927769 0.671195 0.398937 0.386196
0.000184785 18.8351 19.7579 17.9124 10.6232 11.2904 9.95605 24.4395 0.922717 0.667163 0.395607 0.382732
0.000190015 18.703 19.6207 17.7853 10.5472 11.2103 9.884 24.1862 0.917693 0.663157 0.392303 0.379292
0.000195393 18.5716 19.4843 17.6589 10.4716 11.1307 9.81239 23.9351 0.912697 0.659178 0.389026 0.375878
0.000200923 18.441 19.3488 17.5333 10.3964 11.0516 9.74119 23.6861 0.907728 0.655224 0.385776 0.372489
0.00020661 18.3112 19.214 17.4084 10.3217 10.973 9.67041 23.4393 0.902787 0.651295 0.382552 0.369126
0.000212458 18.1821 19.0799 17.2842 10.2474 10.8948 9.60004 23.1946 0.897872 0.647392 0.379353 0.365787
0.000218471 18.0537 18.9467 17.1607 10.1736 10.8171 9.5301 22.952 0.892984 0.643514 0.376182 0.362473
0.000224655 17.9261 18.8142 17.038 10.1002 10.7399 9.46057 22.7115 0.888123 0.639662 0.373036 0.359184
0.000231013 17.7992 18.6825 16.9159 10.0273 10.6631 9.39144 22.4731 0.883289 0.635834 0.369915 0.355918
0.000237551 17.6731 18.5516 16.7946 9.95476 10.5868 9.32273 22.2368 0.87848 0.632031 0.366821 0.352678
0.000244275 17.5476 18.4213 16.674 9.88267 10.5109 9.25441 22.0025 0.873698 0.628253 0.363751 0.349461
0.000251189 17.423 18.2919 16.554 9.81101 10.4355 9.18651 21.7702 0.868941 0.624499 0.360708 0.346268
0.000258298 17.299 18.1632 16.4348 9.73978 10.3605 9.11901 21.5399 0.86421 0.62077 0.357689 0.343099
0.000265609 17.1758 18.0353 16.3163 9.66897 10.286 9.0519 21.3117 0.859505 0.617064 0.354695 0.339954
0.000273126 17.0532 17.908 16.1984 9.59858 10.212 8.9852 21.0854 0.854824 0.613383 0.351726 0.336832
0.000280857 16.9314 17.7816 16.0813 9.52862 10.1383 8.9189 20.8611 0.850169 0.609725 0.348783 0.333734
0.000288806 16.8103 17.6559 15.9648 9.45908 10.0652 8.85299 20.6388 0.845538 0.606091 0.345863 0.330659
0.00029698 16.6899 17.5309 15.849 9.38994 9.99242 8.78746 20.4184 0.840932 0.60248 0.342968 0.327607
0.000305386 16.5702 17.4066 15.7339 9.32124 9.92013 8.72234 20.1999 0.83635 0.598893 0.340098 0.324578
0.000314029 16.4512 17.283 15.6194 9.25293 9.84826 8.6576 19.9834 0.831792 0.595329 0.337251 0.321571
0.000322917 16.3329 17.1602 15.5057 9.18504 9.77683 8.59325 19.7688 0.827258 0.591788 0.334429 0.318588
0.000332057 16.2153 17.0381 15.3926 9.11756 9.70583 8.52929 19.556 0.822748 0.58827 0.331631 0.315627
0.000341455 16.0984 16.9167 15.2802 9.05049 9.63526 8.46571 19.3451 0.818261 0.584774 0.328856 0.312688
0.000351119 15.9822 16.796 15.1684 8.98381 9.56511 8.40251 19.1361 0.813798 0.581301 0.326105 0.309771
0.000361057 15.8667 16.676 15.0573 8.91755 9.4954 8.3397 18.929 0.809358 0.57785 0.323378 0.306877
0.000371276 15.7518 16.5568 14.9469 8.85168 9.42611 8.27726 18.7236 0.80494 0.574422 0.320674 0.304004
0.000381784 15.6376 16.4382 14.8371 8.78621 9.35723 8.2152 18.5201 0.800545 0.571015 0.317993 0.301153
0.00039259 15.5241 16.3203 14.7279 8.72114 9.28877 8.15351 18.3184 0.796173 0.567631 0.315336 0.298324
0.000403702 15.4113 16.2031 14.6195 8.65647 9.22073 8.0922 18.1185 0.791823 0.564268 0.312701 0.295517
0.000415128 15.2991 16.0866 14.5116 8.59218 9.15311 8.03126 17.9203 0.787495 0.560926 0.310089 0.29273
0.000426877 15.1876 15.9708 14.4044 8.52829 9.0859 7.97069 17.724 0.783189 0.557606 0.3075 0.289965
0.000438959 15.0767 15.8557 14.2978 8.46479 9.0191 7.91048 17.5293 0.778904 0.554308 0.304934 0.287221
0.000451383 14.9666 15.7412 14.1919 8.40168 8.95271 7.85065 17.3364 0.774641 0.55103 0.30239 0.284498
0.000464159 14.857 15.6274 14.0866 8.33895 8.88672 7.79117 17.1453 0.770399 0.547774 0.299868 0.281796
0.000477296 14.7481 15.5143 13.982 8.2766 8.82114 7.73207 16.9558 0.766178 0.544538 0.297369 0.279115
0.000490805 14.6399 15.4019 13.8779 8.21464 8.75596 7.67331 16.7681 0.761977 0.541322 0.294891 0.276454
0.000504697 14.5323 15.2901 13.7745 8.15305 8.69118 7.61493 16.5821 0.757797 0.538128 0.292436 0.273814
0.000518981 14.4253 15.179 13.6717 8.09185 8.6268 7.55689 16.3977 0.753638 0.534953 0.290002 0.271194
0.00053367 14.319 15.0685 13.5695 8.03102 8.56282 7.49922 16.215 0.749498 0.531799 0.28759 0.268594
0.000548775 14.2133 14.9587 13.468 7.97056 8.49923 7.4419 16.0339 0.745379 0.528665 0.2852 0.266014
0.000564307 14.1083 14.8496 13.367 7.91048 8.43603 7.38493 15.8545 0.741279 0.525551 0.282831 0.263454
0.000580278 14.0039 14.7411 13.2667 7.85077 8.37322 7.32831 15.6767 0.737199 0.522456 0.280483 0.260914
0.000596702 13.9001 14.6332 13.167 7.79142 8.3108 7.27204 15.5005 0.733137 0.519381 0.278157 0.258394
0.000613591 13.7969 14.526 13.0678 7.73245 8.24877 7.21612 15.3259 0.729095 0.516325 0.275851 0.255893
0.000630957 13.6944 14.4194 12.9693 7.67383 8.18712 7.16054 15.1529 0.725072 0.513289 0.273567 0.253412
0.000648815 13.5924 14.3135 12.8714 7.61559 8.12586 7.10532 14.9815 0.721067 0.510272 0.271303 0.25095
0.000667179 13.4911 14.2082 12.774 7.5577 8.06497 7.05043 14.8116 0.71708 0.507273 0.26906 0.248507
0.000686062 13.3904 14.1035 12.6773 7.50017 8.00447 6.99588 14.6433 0.713112 0.504294 0.266838 0.246083
0.00070548 13.2903 13.9995 12.5811 7.443 7.94434 6.94167 14.4766 0.709161 0.501333 0.264635 0.243678
0.000725448 13.1908 13.896 12.4856 7.38619 7.88458 6.8878 14.3113 0.705228 0.498391 0.262454 0.241291
0.00074598 13.0919 13.7932 12.3906 7.32973 7.8252 6.83426 14.1476 0.701313 0.495467 0.260292 0.238924
0.000767094 12.9936 13.691 12.2962 7.27363 7.76619 6.78107 13.9854 0.697414 0.492561 0.25815 0.236575
0.000788805 12.8959 13.5894 12.2024 7.21787 7.70754 6.7282 13.8247 0.693533 0.489673 0.256028 0.234244
0.000811131 12.7988 13.4884 12.1091 7.16246 7.64927 6.67566 13.6655 0.689669 0.486803 0.253926 0.231932
0.000834088 12.7023 13.3881 12.0164 7.10741 7.59136 6.62345 13.5077 0.685821 0.483951 0.251844 0.229638
0.000857696 12.6063 13.2883 11.9243 7.05269 7.53381 6.57157 13.3514 0.681989 0.481117 0.249781 0.227362
0.000881971 12.511 13.1891 11.8328 6.99832 7.47662 6.52002 13.1966 0.678173 0.4783 0.247738 0.225104
0.000906934 12.4162 13.0906 11.7418 6.94429 7.41979 6.46879 13.0432 0.674373 0.4755 0.245713 0.222864
0.000932603 12.322 12.9926 11.6514 6.89061 7.36332 6.41789 12.8912 0.670589 0.472717 0.243708 0.220641
0.000958999 12.2284 12.8952 11.5616 6.83725 7.30721 6.3673 12.7407 0.66682 0.469952 0.241722 0.218436
0.000986142 12.1353 12.7984 11.4723 6.78425 7.25145 6.31704 12.5915 0.663066 0.467203 0.239755 0.216249
0.00101405 12.0428 12.7022 11.3835 6.73157 7.19604 6.2671 12.4438 0.659327 0.464471 0.237807 0.214079
0.00104275 11.9509 12.6065 11.2953 6.67922 7.14098 6.21747 12.2974 0.655603 0.461755 0.235877 0.211926
0.00107227 11.8596 12.5115 11.2077 6.62722 7.08627 6.16816 12.1524 0.651893 0.459056 0.233966 0.20979
0.00110262 11.7688 12.417 11.1206 6.57553 7.03191 6.11916 12.0088 0.648197 0.456373 0.232073 0.207672
0.00113382 11.6786 12.3231 11.034 6.52418 6.97789 6.07048 11.8665 0.644516 0.453706 0.230198 0.20557
0.00116591 11.5889 12.2297 10.948 6.47315 6.92421 6.0221 11.7256 0.640847 0.451056 0.228342 0.203485
0.00119891 11.4998 12.1369 10.8626 6.42245 6.87087 5.97403 11.586 0.637193 0.44842 0.226503 0.201417
0.00123285 11.4112 12.0447 10.7776 6.37208 6.81788 5.92628 11.4477 0.633551 0.445801 0.224682 0.199365
0.00126774 11.3231 11.9531 10.6932 6.32202 6.76522 5.87883 11.3107 0.629922 0.443197 0.22288 0.19733
0.00130362 11.2357 11.862 10.6094 6.27229 6.7129 5.83168 11.175 0.626306 0.440608 0.221094 0.195311
0.00134052 11.1487 11.7714 10.526 6.22287 6.6609 5.78483 11.0407 0.622703 0.438035 0.219326 0.193308
0.00137846 11.0623 11.6814 10.4432 6.17377 6.60925 5.73829 10.9076 0.619111 0.435476 0.217576 0.191322
0.00141747 10.9764 11.592 10.3609 6.12498 6.55792 5.69205 10.7758 0.615532 0.432932 0.215842 0.189352
0.00145759 10.8911 11.503 10.2791 6.07651 6.50691 5.64611 10.6452 0.611964 0.430403 0.214126 0.187397
0.00149885 10.8063 11.4147 10.1979 6.02835 6.45624 5.60046 10.5159 0.608407 0.427889 0.212426 0.185458
0.00154127 10.722 11.3268 10.1171 5.9805 6.40589 5.55511 10.3878 0.604862 0.425389 0.210744 0.183535
0.00158489 10.6382 11.2395 10.0369 5.93296 6.35586 5.51005 10.261 0.601328 0.422903 0.209078 0.181628
0.00162975 10.555 11.1528 9.95716 5.88572 6.30616 5.46529 10.1354 0.597804 0.420432 0.207428 0.179736
0.00167588 10.4722 11.0665 9.87795 5.83879 6.25677 5.42082 10.011 0.59429 0.417974 0.205795 0.17786
0.00172331 10.39 10.9808 9.79924 5.79217 6.2077 5.37664 9.8878 0.590787 0.41553 0.204178 0.175998
0.00177209 10.3083 10.8956 9.72104 5.74584 6.15894 5.33274 9.7658 0.587293 0.4131 0.202578 0.174152
0.00182224 10.2271 10.811 9.64334 5.69982 6.1105 5.28914 9.645 0.583809 0.410683 0.200993 0.172321
0.00187382 10.1465 10.7268 9.56613 5.65409 6.06237 5.24581 9.52536 0.580334 0.408279 0.199424 0.170505
0.00192685 10.0663 10.6432 9.48942 5.60866 6.01455 5.20277 9.4069 0.576868 0.405889 0.197871 0.168704
0.00198139 9.98662 10.56 9.41321 5.56353 5.96704 5.16002 9.28959 0.573411 0.403511 0.196333 0.166917
0.00203747 9.90745 10.4774 9.33749 5.51869 5.91984 5.11755 9.17343 0.569963 0.401147 0.19481 0.165146
0.00209514 9.82877 10.3953 9.26225 5.47415 5.87294 5.07535 9.05841 0.566522 0.398795 0.193303 0.163389
0.00215443 9.75059 10.3137 9.1875 5.42989 5.82634 5.03343 8.94453 0.56309 0.396455 0.191811 0.161646
0.00221541 9.6729 10.2326 9.11323 5.38592 5.78005 4.99179 8.83176 0.559665 0.394128 0.190334 0.159917
0.00227812 9.59569 10.1519 9.03945 5.34224 5.73405 4.95043 8.7201 0.556247 0.391813 0.188871 0.158203
0.00234259 9.51897 10.0718 8.96614 5.29885 5.68836 4.90934 8.60956 0.552837 0.38951 0.187424 0.156503
0.0024089 9.44274 9.99218 8.89331 5.25574 5.64296 4.86852 8.5001 0.549433 0.387219 0.18599 0.154817
0.00247708 9.36699 9.91303 8.82096 5.21291 5.59785 4.82797 8.39173 0.546036 0.38494 0.184571 0.153145
0.00254719 9.29171 9.83436 8.74907 5.17036 5.55304 4.78769 8.28445 0.542645 0.382672 0.183166 0.151487
0.00261928 9.21692 9.75617 8.67766 5.1281 5.50851 4.74768 8.17823 0.53926 0.380415 0.181776 0.149843
0.00269341 9.14259 9.67847 8.60671 5.08611 5.46428 4.70794 8.07307 0.53588 0.37817 0.180399 0.148212
0.00276965 9.06873 9.60124 8.53622 5.04439 5.42033 4.66846 7.96897 0.532506 0.375936 0.179035 0.146595
0.00284804 8.99534 9.52448 8.4662 5.00295 5.37666 4.62924 7.86591 0.529137 0.373712 0.177685 0.144991
0.00292864 8.92242 9.44819 8.39665 4.96179 5.33329 4.59029 7.76389 0.525773 0.3715 0.176349 0.1434
0.00301153 8.84995 9.37237 8.32754 4.92089 5.29019 4.55159 7.6629 0.522413 0.369297 0.175025 0.141823
0.00309677 8.77795 9.29701 8.25889 4.88026 5.24737 4.51316 7.56293 0.519058 0.367106 0.173715 0.140259
0.00318442 8.70641 9.22212 8.19071 4.83991 5.20483 4.47499 7.46396 0.515706 0.364924 0.172417 0.138709
0.00327455 8.63532 9.14767 8.12296 4.79982 5.16257 4.43707 7.36601 0.512358 0.362752 0.171133 0.137171
0.00336723 8.56468 9.07369 8.05567 4.75999 5.12058 4.3994 7.26904 0.509013 0.36059 0.16986 0.135646
0.00346253 8.49449 9.00016 7.98882 4.72043 5.07887 4.36199 7.17307 0.505671 0.358438 0.1686 0.134133
0.00356053 8.42475 8.92708 7.92241 4.68113 5.03742 4.32483 7.07808 0.502332 0.356295 0.167352 0.132634
0.00366131 8.35545 8.85444 7.85645 4.64208 4.99625 4.28792 6.98405 0.498995 0.354162 0.166116 0.131147
0.00376494 8.28659 8.78225 7.79093 4.6033 4.95534 4.25126 6.891 0.49566 0.352037 0.164891 0.129672
0.0038715 8.21817 8.7105 7.72584 4.56478 4.9147 4.21485 6.7989 0.492327 0.349922 0.163678 0.12821
0.00398107 8.15019 8.63919 7.66119 4.5265 4.87432 4.17869 6.70775 0.488996 0.347815 0.162477 0.126761
0.00409375 8.08264 8.56831 7.59698 4.48849 4.8342 4.14277 6.61753 0.485666 0.345717 0.161287 0.125323
0.00420962 8.01553 8.49786 7.53319 4.45072 4.79435 4.10709 6.52826 0.482336 0.343628 0.160107 0.123898
0.00432876 7.94884 8.42785 7.46983 4.4132 4.75475 4.07166 6.43991 0.479008 0.341546 0.158939 0.122484
0.00445128 7.88258 8.35826 7.4069 4.37594 4.71541 4.03646 6.35248 0.475679 0.339473 0.157781 0.121083
0.00457727 7.81674 8.28909 7.34439 4.33891 4.67632 4.00151 6.26596 0.472351 0.337407 0.156633 0.119693
0.00470682 7.75132 8.22035 7.2823 4.30214 4.63749 3.96679 6.18034 0.469022 0.335349 0.155495 0.118316
0.00484003 7.68633 8.15202 7.22063 4.2656 4.5989 3.93231 6.09562 0.465693 0.333299 0.154368 0.11695
0.00497702 7.62174 8.08411 7.15938 4.22931 4.56057 3.89806 6.01179 0.462363 0.331255 0.15325 0.115595
0.00511789 7.55757 8.0166 7.09854 4.19326 4.52248 3.86404 5.92885 0.459031 0.329219 0.152142 0.114252
0.00526274 7.49382 7.94951 7.03812 4.15745 4.48464 3.83026 5.84677 0.455698 0.32719 0.151042 0.112921
0.0054117 7.43047 7.88283 6.9781 4.12188 4.44704 3.79671 5.76557 0.452364 0.325167 0.149952 0.1116
0.00556486 7.36753 7.81655 6.9185 4.08654 4.40969 3.76338 5.68523 0.449027 0.323151 0.148871 0.110291
0.00572237 7.30498 7.75067 6.85929 4.05143 4.37257 3.73029 5.60574 0.445688 0.321142 0.147799 0.108993
0.00588433 7.24284 7.68519 6.8005 4.01655 4.33569 3.69741 5.5271 0.442346 0.319138 0.146735 0.107706
0.00605088 7.1811 7.6201 6.7421 3.98191 4.29905 3.66476 5.44929 0.439001 0.31714 0.145679 0.106431
0.00622213 7.11976 7.55541 6.6841 3.94749 4.26264 3.63234 5.37232 0.435654 0.315148 0.14463 0.105166
0.00639824 7.0588 7.4911 6.6265 3.91329 4.22646 3.60013 5.29618 0.432302 0.313162 0.14359 0.103911
0.00657933 6.99824 7.42719 6.56929 3.87933 4.19051 3.56815 5.22086 0.428947 0.311181 0.142557 0.102668
0.00676555 6.93807 7.36365 6.51248 3.84558 4.15479 3.53638 5.14635 0.425588 0.309205 0.141531 0.101435
0.00695704 6.87828 7.3005 6.45605 3.81206 4.11929 3.50483 5.07265 0.422224 0.307234 0.140512 0.100212
0.00715394 6.81887 7.23773 6.40001 3.77876 4.08402 3.47349 4.99974 0.418856 0.305267 0.1395 0.0990004
0.00735642 6.75984 7.17533 6.34436 3.74567 4.04897 3.44236 4.92763 0.415483 0.303305 0.138494 0.0977988
0.00756463 6.7012 7.1133 6.28909 3.7128 4.01414 3.41145 4.8563 0.412105 0.301347 0.137495 0.0966074
0.00777874 6.64292 7.05164 6.2342 3.68014 3.97953 3.38075 4.78576 0.408722 0.299394 0.136501 0.0954263
0.0079989 6.58502 6.99035 6.17969 3.64769 3.94514 3.35025 4.71599 0.405333 0.297444 0.135513 0.0942552
0.0082253 6.52749 6.92943 6.12556 3.61546 3.91096 3.31996 4.64698 0.401938 0.295498 0.134531 0.0930941
0.0084581 6.47033 6.86887 6.07179 3.58343 3.87699 3.28988 4.57874 0.398537 0.293555 0.133553 0.091943
0.00869749 6.41353 6.80866 6.0184 3.55161 3.84323 3.25999 4.51125 0.39513 0.291616 0.132581 0.0908017
0.00894366 6.3571 6.74882 5.96539 3.51999 3.80967 3.23031 4.4445 0.391716 0.289679 0.131613 0.0896702
0.00919679 6.30103 6.68932 5.91273 3.48858 3.77632 3.20083 4.3785 0.388296 0.287745 0.130649 0.0885483
0.00945709 6.24531 6.63017 5.86044 3.45736 3.74318 3.17155 4.31324 0.384868 0.285814 0.12969 0.0874361
0.00972476 6.18994 6.57138 5.80851 3.42635 3.71023 3.14246 4.2487 0.381434 0.283885 0.128734 0.0863333
0.01 6.13493 6.51293 5.75694 3.39553 3.67749 3.11357 4.18488 0.377992 0.281959 0.127781 0.08524
0.010283 6.08027 6.45481 5.70573 3.36491 3.64494 3.08487 4.12179 0.374542 0.280034 0.126832 0.084156
0.0105741 6.02596 6.39704 5.65487 3.33448 3.61259 3.05636 4.0594 0.371085 0.278111 0.125886 0.0830813
0.0108734 5.97199 6.33961 5.60437 3.30423 3.58042 3.02805 3.99772 0.36762 0.276189 0.124942 0.0820158
0.0111811 5.91836 6.28251 5.55421 3.27418 3.54845 2.99991 3.93674 0.364147 0.274269 0.124001 0.0809594
0.0114976 5.86508 6.22574 5.50441 3.24432 3.51667 2.97197 3.87644 0.360666 0.272349 0.123062 0.0799121
0.011823 5.81212 6.1693 5.45495 3.21463 3.48506 2.9442 3.81684 0.357176 0.270431 0.122124 0.0788736
0.0121576 5.75951 6.11318 5.40583 3.18513 3.45364 2.91662 3.75792 0.353679 0.268512 0.121188 0.0778441
0.0125017 5.70722 6.05739 5.35705 3.15581 3.42241 2.88922 3.69967 0.350172 0.266595 0.120254 0.0768233
0.0128556 5.65526 6.00192 5.3086 3.12667 3.39135 2.86199 3.64209 0.346657 0.264677 0.11932 0.0758112
0.0132194 5.60363 5.94676 5.26049 3.0977 3.36046 2.83494 3.58517 0.343134 0.262759 0.118387 0.0748078
0.0135936 5.55232 5.89192 5.21272 3.06891 3.32975 2.80807 3.52891 0.339601 0.260841 0.117454 0.0738129
0.0139783 5.50133 5.83739 5.16527 3.04029 3.29921 2.78137 3.47331 0.33606 0.258922 0.116521 0.0728265
0.0143739 5.45066 5.78317 5.11815 3.01183 3.26884 2.75483 3.41835 0.33251 0.257003 0.115588 0.0718484
0.0147808 5.40031 5.72926 5.07136 2.98355 3.23863 2.72847 3.36402 0.328952 0.255082 0.114654 0.0708788
0.0151991 5.35027 5.67566 5.02489 2.95543 3.20859 2.70227 3.31034 0.325384 0.25316 0.11372 0.0699173
0.0156293 5.30054 5.62235 4.97873 2.92747 3.1787 2.67623 3.25728 0.321808 0.251236 0.112784 0.0689641
0.0160717 5.25112 5.56934 4.93289 2.89966 3.14898 2.65035 3.20485 0.318222 0.249311 0.111847 0.0680189
0.0165265 5.202 5.51663 4.88737 2.87202 3.11941 2.62464 3.15303 0.314628 0.247384 0.110908 0.0670817
0.0169943 5.15318 5.46421 4.84215 2.84453 3.08999 2.59908 3.10183 0.311026 0.245454 0.109968 0.0661525
0.0174753 5.10466 5.41208 4.79725 2.8172 3.06072 2.57367 3.05123 0.307415 0.243522 0.109025 0.0652312
0.0179699 5.05644 5.36024 4.75265 2.79001 3.0316 2.54842 3.00124 0.303795 0.241588 0.10808 0.0643177
0.0184785 5.00852 5.30868 4.70835 2.76297 3.00262 2.52332 2.95184 0.300167 0.23965 0.107132 0.0634119
0.0190015 4.96088 5.25741 4.66435 2.73608 2.97378 2.49837 2.90303 0.296531 0.23771 0.106181 0.0625138
0.0195393 4.91353 5.20642 4.62064 2.70932 2.94509 2.47356 2.8548 0.292887 0.235766 0.105227 0.0616232
0.0200923 4.86647 5.1557 4.57723 2.68271 2.91653 2.44889 2.80716 0.289235 0.233818 0.104269 0.0607402
0.020661 4.81969 5.10526 4.53411 2.65623 2.8881 2.42437 2.76009 0.285575 0.231867 0.103307 0.0598646
0.0212458 4.77319 5.05509 4.49128 2.62989 2.8598 2.39998 2.71359 0.281908 0.229912 0.102342 0.0589964
0.0218471 4.72696 5.0052 4.44873 2.60368 2.83163 2.37573 2.66765 0.278234 0.227952 0.101372 0.0581356
0.0224655 4.68101 4.95556 4.40646 2.5776 2.80359 2.35161 2.62227 0.274554 0.225988 0.100398 0.0572819
0.0231013 4.63533 4.9062 4.36447 2.55164 2.77566 2.32762 2.57744 0.270866 0.224019 0.0994192 0.0564355
0.0237551 4.58992 4.85709 4.32275 2.52581 2.74786 2.30376 2.53316 0.267173 0.222046 0.0984355 0.0555962
0.0244275 4.54477 4.80825 4.2813 2.5001 2.72017 2.28003 2.48942 0.263474 0.220067 0.0974469 0.0547639
0.0251189 4.49989 4.75966 4.24012 2.4745 2.69259 2.25642 2.44622 0.25977 0.218083 0.096453 0.0539386
0.0258298 4.45526 4.71132 4.1992 2.44902 2.66512 2.23293 2.40355 0.256061 0.216093 0.0954537 0.0531202
0.0265609 4.41089 4.66324 4.15854 2.42365 2.63775 2.20955 2.36141 0.252347 0.214098 0.0944489 0.0523087
0.0273126 4.36677 4.6154 4.11814 2.39839 2.61049 2.1863 2.31979 0.24863 0.212097 0.0934384 0.051504
0.0280857 4.32291 4.56782 4.078 2.37324 2.58333 2.16315 2.27869 0.244909 0.21009 0.092422 0.050706
0.0288806 4.27929 4.52047 4.0381 2.34818 2.55626 2.14011 2.2381 0.241185 0.208076 0.0913997 0.0499147
0.029698 4.23591 4.47337 3.99845 2.32323 2.52929 2.11718 2.19801 0.237459 0.206056 0.0903713 0.04913
0.0305386 4.19277 4.4265 3.95904 2.29837 2.5024 2.09434 2.15843 0.233731 0.204029 0.0893367 0.0483519
0.0314029 4.14987 4.37987 3.91987 2.27361 2.47561 2.07161 2.11934 0.230002 0.201996 0.0882959 0.0475803
0.0322917 4.1072 4.33347 3.88093 2.24894 2.44889 2.04898 2.08074 0.226273 0.199955 0.0872487 0.0468151
0.0332057 4.06476 4.2873 3.84222 2.22435 2.42226 2.02644 2.04263 0.222544 0.197908 0.0861952 0.0460563
0.0341455 4.02255 4.24136 3.80373 2.19984 2.3957 2.00399 2.005 0.218815 0.195853 0.0851353 0.0453038
0.0351119 3.98056 4.19565 3.76547 2.17542 2.36921 1.98163 1.96785 0.215089 0.19379 0.0840689 0.0445577
0.0361057 3.93879 4.15016 3.72743 2.15107 2.34279 1.95935 1.93117 0.211365 0.19172 0.0829962 0.0438178
0.0371276 3.89724 4.10488 3.6896 2.1268 2.31644 1.93715 1.89495 0.207645 0.189642 0.081917 0.043084
0.0381784 3.8559 4.05983 3.65197 2.10259 2.29015 1.91504 1.8592 0.203928 0.187557 0.0808315 0.0423564
0.039259 3.81477 4.01498 3.61455 2.07845 2.26392 1.89299 1.8239 0.200217 0.185463 0.0797397 0.0416349
0.0403702 3.77384 3.97035 3.57733 2.05438 2.23774 1.87102 1.78905 0.196511 0.183361 0.0786416 0.0409195
0.0415128 3.73312 3.92593 3.5403 2.03036 2.21161 1.84911 1.75465 0.192813 0.181251 0.0775374 0.04021
0.0426877 3.69259 3.88171 3.50347 2.0064 2.18554 1.82727 1.72069 0.189122 0.179133 0.0764272 0.0395065
0.0438959 3.65225 3.83769 3.46681 1.9825 2.1595 1.80549 1.68717 0.18544 0.177007 0.0753111 0.0388089
0.0451383 3.61211 3.79387 3.43034 1.95864 2.13351 1.78377 1.65408 0.181767 0.174872 0.0741893 0.0381171
0.0464159 3.57215 3.75025 3.39404 1.93483 2.10756 1.7621 1.62142 0.178106 0.172729 0.073062 0.0374312
0.0477296 3.53237 3.70682 3.35791 1.91105 2.08163 1.74048 1.58918 0.174456 0.170577 0.0719293 0.0367511
0.0490805 3.49276 3.66358 3.32194 1.88732 2.05574 1.71891 1.55736 0.170819 0.168417 0.0707914 0.0360768
0.0504697 3.45333 3.62053 3.28614 1.86363 2.02988 1.69738 1.52595 0.167197 0.166248 0.0696487 0.0354082
0.0518981 3.41407 3.57766 3.25048 1.83996 2.00403 1.67589 1.49495 0.163589 0.164071 0.0685013 0.0347452
0.053367 3.37497 3.53497 3.21497 1.81632 1.97821 1.65444 1.46436 0.159998 0.161885 0.0673496 0.034088
0.0548775 3.33603 3.49245 3.1796 1.79271 1.9524 1.63302 1.43416 0.156424 0.159691 0.0661938 0.0334363
0.0564307 3.29724 3.45011 3.14437 1.76911 1.9266 1.61162 1.40436 0.152868 0.157488 0.0650344 0.0327903
0.0580278 3.2586 3.40793 3.10927 1.74554 1.90081 1.59026 1.37495 0.149332 0.155277 0.0638715 0.0321498
0.0596702 3.22011 3.36592 3.07429 1.72197 1.87503 1.56891 1.34593 0.145818 0.153058 0.0627057 0.0315149
0.0613591 3.18175 3.32408 3.03943 1.69842 1.84925 1.54759 1.31729 0.142325 0.150831 0.0615372 0.0308855
0.0630957 3.14353 3.28238 3.00467 1.67487 1.82347 1.52627 1.28902 0.138856 0.148595 0.0603665 0.0302617
0.0648815 3.10543 3.24085 2.97002 1.65132 1.79768 1.50497 1.26113 0.135412 0.146352 0.0591941 0.0296433
0.0667179 3.06746 3.19946 2.93547 1.62778 1.77188 1.48368 1.2336 0.131993 0.144101 0.0580203 0.0290304
0.0686062 3.02961 3.15821 2.90101 1.60423 1.74607 1.46239 1.20644 0.128601 0.141842 0.0568456 0.028423
0.070548 2.99187 3.1171 2.86663 1.58067 1.72025 1.4411 1.17964 0.125238 0.139577 0.0556705 0.027821
0.0725448 2.95423 3.07613 2.83232 1.55711 1.69441 1.4198 1.1532 0.121904 0.137304 0.0544955 0.0272245
0.074598 2.91669 3.03529 2.79809 1.53353 1.66855 1.3985 1.1271 0.118601 0.135024 0.0533212 0.0266334
0.0767094 2.87925 2.99458 2.76392 1.50993 1.64267 1.37719 1.10135 0.11533 0.132738 0.0521479 0.0260477
0.0788805 2.84189 2.95398 2.7298 1.48631 1.61676 1.35587 1.07595 0.112092 0.130445 0.0509763 0.0254675
0.0811131 2.80461 2.9135 2.69572 1.46267 1.59082 1.33453 1.05089 0.108888 0.128147 0.049807 0.0248927
0.0834088 2.76741 2.87313 2.66169 1.43901 1.56485 1.31317 1.02616 0.105721 0.125843 0.0486404 0.0243234
0.0857696 2.73027 2.83286 2.62768 1.41532 1.53885 1.29178 1.00176 0.10259 0.123533 0.0474772 0.0237594
0.0881971 2.6932 2.79269 2.5937 1.39159 1.51281 1.27037 0.977691 0.0994966 0.121219 0.046318 0.023201
0.0906934 2.65617 2.75262 2.55973 1.36784 1.48674 1.24894 0.953946 0.0964426 0.118901 0.0451633 0.022648
0.0932603 2.6192 2.71263 2.52577 1.34405 1.46063 1.22747 0.930521 0.0934288 0.116579 0.0440137 0.0221005
0.0958999 2.58226 2.67272 2.4918 1.32022 1.43448 1.20597 0.907414 0.0904564 0.114254 0.0428699 0.0215585
0.0986142 2.54535 2.63288 2.45783 1.29636 1.40828 1.18443 0.88462 0.0875263 0.111926 0.0417324 0.021022
0.101405 2.50847 2.59311 2.42383 1.27245 1.38205 1.16286 0.862137 0.0846396 0.109595 0.0406019 0.020491
0.104275 2.4716 2.5534 2.38981 1.24851 1.35577 1.14124 0.839962 0.0817974 0.107263 0.039479 0.0199657
0.107227 2.43474 2.51374 2.35574 1.22452 1.32945 1.11959 0.818089 0.0790005 0.10493 0.0383642 0.0194459
0.110262 2.39788 2.47413 2.32163 1.20049 1.30309 1.09789 0.796519 0.07625 0.102597 0.0372583 0.0189317
0.113382 2.36102 2.43456 2.28747 1.17642 1.27668 1.07615 0.775246 0.0735467 0.100264 0.0361618 0.0184232
0.116591 2.32413 2.39502 2.25324 1.1523 1.25023 1.05437 0.754269 0.0708914 0.0979319 0.0350753 0.0179205
0.119891 2.28722 2.35551 2.21894 1.12814 1.22375 1.03254 0.733585 0.068285 0.095602 0.0339994 0.0174234
0.123285 2.25028 2.31601 2.18455 1.10394 1.19722 1.01067 0.713191 0.0657282 0.0932747 0.0329347 0.0169322
0.126774 2.21329 2.27651 2.15007 1.0797 1.17065 0.98875 0.693085 0.0632218 0.090951 0.0318818 0.0164468
0.130362 2.17626 2.23702 2.11549 1.05542 1.14405 0.966789 0.673265 0.0607664 0.0886318 0.0308413 0.0159673
0.134052 2.13916 2.19752 2.0808 1.0311 1.11742 0.944786 0.653728 0.0583626 0.0863179 0.0298137 0.0154938
0.137846 2.102 2.15801 2.04599 1.00675 1.09076 0.922741 0.634473 0.0560109 0.0840102 0.0287996 0.0150263
0.141747 2.06476 2.11847 2.01105 0.982368 1.06408 0.900658 0.615498 0.053712 0.0817099 0.0277995 0.0145648
0.145759 2.02743 2.0789 1.97597 0.957957 1.03737 0.878539 0.596801 0.0514662 0.0794178 0.0268139 0.0141095
0.149885 1.99001 2.03929 1.94074 0.933523 1.01066 0.856387 0.57838 0.049274 0.0771351 0.0258434 0.0136605
0.154127 1.95249 1.99962 1.90535 0.90907 0.983933 0.834207 0.560236 0.0471356 0.0748629 0.0248884 0.0132177
0.158489 1.91486 1.95991 1.8698 0.884604 0.957206 0.812002 0.542365 0.0450514 0.0726022 0.0239494 0.0127813
0.162975 1.8771 1.92013 1.83408 0.860132 0.930487 0.789778 0.524768 0.0430215 0.0703542 0.0230269 0.0123513
0.167588 1.83922 1.88027 1.79818 0.835661 0.903781 0.767541 0.507444 0.0410462 0.0681202 0.0221212 0.0119279
0.172331 1.80121 1.84034 1.76209 0.811199 0.877101 0.745298 0.490392 0.0391256 0.0659014 0.0212328 0.0115111
0.177209 1.76306 1.80032 1.7258 0.786755 0.850454 0.723056 0.473611 0.0372596 0.0636989 0.0203621 0.0111009
0.182224 1.72475 1.7602 1.6893 0.762338 0.823852 0.700823 0.457101 0.0354484 0.0615141 0.0195094 0.0106976
0.187382 1.68629 1.71998 1.6526 0.737959 0.797307 0.67861 0.440864 0.0336918 0.0593483 0.0186751 0.0103012
0.192685 1.64767 1.67966 1.61568 0.713629 0.770832 0.656427 0.424897 0.0319896 0.0572029 0.0178594 0.00991178
0.198139 1.60889 1.63923 1.57854 0.689363 0.744442 0.634284 0.409203 0.0303418 0.0550791 0.0170628 0.00952943
0.203747 1.56993 1.59867 1.54118 0.665173 0.718151 0.612195 0.393782 0.028748 0.0529784 0.0162854 0.00915427
0.209514 1.53079 1.558 1.50358 0.641074 0.691977 0.590172 0.378633 0.027208 0.0509021 0.0155276 0.00878639
0.215443 1.49148 1.5172 1.46576 0.617084 0.665936 0.568232 0.36376 0.0257214 0.0488518 0.0147894 0.00842589
0.221541 1.45199 1.47628 1.4277 0.593219 0.640047 0.54639 0.349161 0.0242877 0.0468287 0.0140711 0.00807288
0.227812 1.41232 1.43523 1.38941 0.569498 0.614332 0.524663 0.334839 0.0229066 0.0448344 0.0133729 0.00772744
0.234259 1.37247 1.39405 1.35089 0.545941 0.588811 0.503071 0.320796 0.0215775 0.0428703 0.0126949 0.00738967
0.24089 1.33245 1.35275 1.31215 0.522571 0.563509 0.481633 0.307033 0.0202998 0.0409378 0.0120371 0.00705966
0.247708 1.29225 1.31132 1.27317 0.499411 0.538449 0.460373 0.293552 0.0190729 0.0390383 0.0113997 0.00673748
0.254719 1.25188 1.26978 1.23398 0.476486 0.51366 0.439313 0.280356 0.0178962 0.0371734 0.0107828 0.00642322
0.261928 1.21135 1.22812 1.19458 0.453825 0.489169 0.41848 0.267446 0.0167688 0.0353444 0.0101862 0.00611693
0.269341 1.17068 1.18637 1.15499 0.431456 0.465009 0.397903 0.254825 0.01569 0.0335527 0.00960996 0.00581864
0.276965 1.12987 1.14452 1.11521 0.409415 0.441214 0.377615 0.242497 0.014659 0.0317996 0.009054 0.00552836
0.284804 1.08893 1.1026 1.07525 0.38774 0.417826 0.357653 0.230464 0.0136747 0.0300865 0.00851815 0.00524605
0.292864 1.04788 1.06061 1.03514 0.366483 0.394898 0.338068 0.218731 0.0127363 0.0284147 0.00800214 0.00497156
0.301153 1.00671 1.01856 0.994871 0.345725 0.37251 0.31894 0.207303 0.0118425 0.0267852 0.00750553 0.00470459
0.309677 0.965347 0.976338 0.954355 0.325697 0.350896 0.300499 0.19619 0.0109916 0.0251988 0.00702724 0.00444414
0.318442 0.933783 0.94446 0.923105 0.312933 0.33754 0.288326 0.192075 0.0106779 0.0246071 0.006848 0.00434417
0.321833 0.918657 0.929031 0.908284 0.305437 0.329465 0.281409 0.188045 0.0103734 0.0240281 0.00667336 0.00424636
0.325224 0.903691 0.913769 0.893613 0.298081 0.321542 0.27462 0.1841 0.0100779 0.0234614 0.00650318 0.00415068
0.328614 0.888881 0.898672 0.87909 0.290864 0.313771 0.267957 0.180235 0.00979103 0.0229067 0.00633734 0.00405705
0.332005 0.874227 0.883739 0.864714 0.283784 0.306147 0.26142 0.17645 0.00951255 0.0223639 0.00617572 0.00396544
0.335396 0.859725 0.868968 0.850483 0.276837 0.29867 0.255005 0.172743 0.00924217 0.0218327 0.00601819 0.00387579
0.338787 0.845376 0.854356 0.836396 0.270024 0.291337 0.248711 0.169111 0.00897963 0.0213128 0.00586464 0.00378806
0.342178 0.831177 0.839902 0.822452 0.263341 0.284145 0.242537 0.165553 0.00872468 0.0208039 0.00571496 0.00370219
0.345569 0.817127 0.825604 0.80865 0.256787 0.277093 0.236481 0.162068 0.00847707 0.020306 0.00556903 0.00361816
0.348959 0.803225 0.811461 0.794988 0.25036 0.270178 0.230541 0.158653 0.00823658 0.0198186 0.00542676 0.0035359
0.35235 0.789469 0.797472 0.781466 0.244058 0.263399 0.224716 0.155306 0.00800296 0.0193417 0.00528805 0.00345539
0.355741 0.775857 0.783633 0.768081 0.237879 0.256754 0.219004 0.152027 0.00777601 0.018875 0.00515279 0.00337658
0.359132 0.76239 0.769946 0.754835 0.231822 0.25024 0.213403 0.148813 0.00755552 0.0184182 0.0050209 0.00329944
0.362523 0.749067 0.756408 0.741725 0.225884 0.243855 0.207913 0.145664 0.00734128 0.0179713 0.00489227 0.00322391
0.365914 0.735884 0.743017 0.728751 0.220065 0.237598 0.202531 0.142578 0.00713311 0.0175339 0.00476683 0.00314998
0.369305 0.722844 0.729774 0.715913 0.214361 0.231467 0.197256 0.139552 0.00693081 0.0171059 0.00464449 0.00307759
0.372695 0.709943 0.716677 0.703209 0.208773 0.22546 0.192086 0.136587 0.0067342 0.0166871 0.00452515 0.00300672
0.376086 0.697181 0.703724 0.690637 0.203298 0.219575 0.18702 0.133681 0.0065431 0.0162773 0.00440875 0.00293733
0.379477 0.684557 0.690914 0.6782 0.197934 0.21381 0.182057 0.130832 0.00635736 0.0158763 0.00429521 0.00286939
0.382868 0.672071 0.678247 0.665894 0.19268 0.208163 0.177196 0.128039 0.00617681 0.0154839 0.00418445 0.00280287
0.386259 0.659722 0.665723 0.65372 0.187534 0.202634 0.172434 0.1253 0.00600128 0.0151 0.00407639 0.00273773
0.38965 0.647508 0.653338 0.641677 0.182494 0.197219 0.16777 0.122616 0.00583064 0.0147245 0.00397097 0.00267394
0.39304 0.63543 0.641094 0.629765 0.17756 0.191917 0.163203 0.119984 0.00566472 0.014357 0.00386812 0.00261149
0.396431 0.623486 0.628989 0.617983 0.17273 0.186727 0.158732 0.117404 0.00550341 0.0139975 0.00376777 0.00255033
0.399822 0.611676 0.617023 0.60633 0.168001 0.181647 0.154355 0.114874 0.00534654 0.0136458 0.00366986 0.00249043
0.403213 0.6 0.605194 0.594806 0.163373 0.176675 0.150071 0.112393 0.00519401 0.0133018 0.00357432 0.00243178
0.406604 0.588457 0.593502 0.583411 0.158844 0.171809 0.145879 0.10996 0.00504567 0.0129652 0.00348109 0.00237435
0.409995 0.577045 0.581947 0.572144 0.154413 0.167049 0.141777 0.107575 0.0049014 0.012636 0.00339012 0.0023181
0.413385 0.565766 0.570527 0.561005 0.150078 0.162392 0.137764 0.105236 0.00476109 0.012314 0.00330135 0.00226302
0.416776 0.554618 0.559242 0.549993 0.145837 0.157836 0.133838 0.102943 0.00462462 0.011999 0.00321472 0.00220908
0.420167 0.5436 0.548092 0.539108 0.14169 0.153381 0.129999 0.100693 0.00449189 0.011691 0.00313017 0.00215626
0.423558 0.532713 0.537075 0.52835 0.137635 0.149024 0.126245 0.0984878 0.00436277 0.0113897 0.00304767 0.00210452
0.426949 0.521955 0.526192 0.517718 0.13367 0.144765 0.122574 0.0963247 0.00423718 0.0110951 0.00296714 0.00205386
0.43034 0.511327 0.515442 0.507212 0.129794 0.140601 0.118987 0.0942035 0.004115 0.010807 0.00288856 0.00200425
0.43373 0.500827 0.504824 0.496831 0.126005 0.136531 0.11548 0.0921231 0.00399615 0.0105252 0.00281186 0.00195566
0.437121 0.490457 0.494337 0.486576 0.122303 0.132553 0.112054 0.0900829 0.00388053 0.0102497 0.00273701 0.00190808
0.440512 0.480214 0.483982 0.476446 0.118686 0.128667 0.108706 0.0880819 0.00376804 0.00998038 0.00266395 0.00186148
0.443903 0.470099 0.473757 0.46644 0.115153 0.12487 0.105436 0.0861196 0.0036586 0.00971702 0.00259265 0.00181585
0.447294 0.460111 0.463663 0.456559 0.111702 0.121161 0.102242 0.084195 0.00355212 0.00945955 0.00252305 0.00177117
0.450685 0.45025 0.453699 0.446802 0.108331 0.117539 0.0991234 0.0823074 0.00344852 0.00920785 0.00245513 0.00172742
0.454075 0.440516 0.443864 0.437168 0.105041 0.114002 0.0960788 0.0804562 0.00334773 0.00896181 0.00238883 0.00168457
0.457466 0.430908 0.434158 0.427659 0.101828 0.110549 0.0931069 0.0786406 0.00324966 0.00872131 0.00232413 0.00164261
0.460857 0.421426 0.424581 0.418272 0.0986929 0.107179 0.0902066 0.0768599 0.00315424 0.00848624 0.00226098 0.00160153
0.464248 0.41207 0.415131 0.409008 0.0956332 0.10389 0.0873767 0.0751135 0.00306139 0.0082565 0.00219934 0.0015613
0.467639 0.402839 0.40581 0.399868 0.0926481 0.10068 0.0846161 0.0734007 0.00297105 0.00803198 0.00213918 0.00152192
0.47103 0.393732 0.396615 0.390849 0.0897362 0.0975488 0.0819236 0.0717209 0.00288314 0.00781258 0.00208047 0.00148335
0.47442 0.38475 0.387548 0.381953 0.0868963 0.0944945 0.0792981 0.0700734 0.00279761 0.0075982 0.00202317 0.00144559
0.477811 0.375893 0.378607 0.373178 0.0841271 0.0915158 0.0767383 0.0684577 0.00271438 0.00738873 0.00196724 0.00140863
0.481202 0.367159 0.369792 0.364525 0.0814274 0.0886114 0.0742433 0.0668731 0.0026334 0.00718409 0.00191266 0.00137244
0.484593 0.358548 0.361103 0.355994 0.078796 0.0857801 0.0718118 0.0653191 0.0025546 0.00698416 0.0018594 0.00133701
0.487984 0.350061 0.352539 0.347583 0.0762317 0.0830205 0.0694428 0.0637951 0.00247792 0.00678887 0.00180742 0.00130234
0.491375 0.341696 0.3441 0.339293 0.0737332 0.0803313 0.0671351 0.0623005 0.00240332 0.00659811 0.00175669 0.00126839
0.494765 0.333454 0.335785 0.331123 0.0712994 0.0777112 0.0648876 0.0608349 0.00233073 0.00641181 0.00170718 0.00123516
0.498156 0.325334 0.327594 0.323074 0.0689292 0.0751591 0.0626993 0.0593976 0.0022601 0.00622986 0.00165888 0.00120264
0.501547 0.317336 0.319527 0.315144 0.0666213 0.0726735 0.0605691 0.0579881 0.00219137 0.00605219 0.00161174 0.00117081
0.504938 0.309459 0.311583 0.307334 0.0643747 0.0702534 0.058496 0.056606 0.00212451 0.0058787 0.00156575 0.00113966
0.508329 0.301702 0.303762 0.299643 0.0621881 0.0678974 0.0564788 0.0552507 0.00205945 0.00570933 0.00152087 0.00110918
0.51172 0.294067 0.296063 0.292071 0.0600603 0.0656043 0.0545164 0.0539219 0.00199616 0.00554397 0.00147709 0.00107935
0.51511 0.286551 0.288486 0.284617 0.0579905 0.063373 0.0526079 0.0526189 0.00193458 0.00538256 0.00143437 0.00105016
0.518501 0.279155 0.28103 0.277281 0.0559773 0.0612023 0.0507523 0.0513413 0.00187467 0.00522501 0.00139269 0.0010216
0.521892 0.271879 0.273695 0.270062 0.0540197 0.0590909 0.0489484 0.0500887 0.00181639 0.00507124 0.00135204 0.000993666
0.525283 0.264721 0.266481 0.262961 0.0521166 0.0570378 0.0471954 0.0488606 0.0017597 0.00492119 0.00131238 0.000966336
0.528674 0.257681 0.259386 0.255977 0.0502668 0.0550416 0.045492 0.0476567 0.00170454 0.00477478 0.00127369 0.000939602
0.532065 0.25076 0.252411 0.249109 0.0484694 0.0531014 0.0438375 0.0464764 0.0016509 0.00463192 0.00123596 0.000913453
0.535455 0.243956 0.245555 0.242357 0.0467234 0.0512159 0.0422308 0.0453193 0.00159872 0.00449256 0.00119916 0.000887879
0.538846 0.237269 0.238817 0.235721 0.0450275 0.0493841 0.0406709 0.0441852 0.00154796 0.00435663 0.00116327 0.00086287
0.542237 0.230698 0.232197 0.229199 0.0433808 0.0476048 0.0391568 0.0430735 0.0014986 0.00422404 0.00112827 0.000838414
0.545628 0.224243 0.225694 0.222793 0.0417823 0.045877 0.0376875 0.0419838 0.00145059 0.00409474 0.00109414 0.000814503
0.549019 0.217904 0.219308 0.2165 0.0402309 0.0441996 0.0362623 0.0409158 0.00140391 0.00396865 0.00106087 0.000791126
0.55241 0.21168 0.213038 0.210321 0.0387257 0.0425714 0.03488 0.0398692 0.00135851 0.00384572 0.00102843 0.000768273
0.5558 0.205569 0.206884 0.204255 0.0372656 0.0409915 0.0335397 0.0388435 0.00131437 0.00372588 0.000996799 0.000745936
0.559191 0.199573 0.200844 0.198301 0.0358497 0.0394588 0.0322406 0.0378383 0.00127145 0.00360906 0.000965969 0.000724104
0.562582 0.193689 0.194919 0.19246 0.034477 0.0379722 0.0309818 0.0368534 0.00122972 0.00349521 0.000935919 0.000702769
0.565973 0.187918 0.189108 0.186729 0.0331465 0.0365308 0.0297623 0.0358884 0.00118916 0.00338426 0.000906631 0.000681923
0.569364 0.182259 0.183409 0.18111 0.0318573 0.0351335 0.0285812 0.034943 0.00114973 0.00327615 0.000878089 0.000661555
0.572755 0.176711 0.177823 0.1756 0.0306085 0.0337793 0.0274377 0.0340168 0.0011114 0.00317083 0.000850278 0.000641658
0.576146 0.171274 0.172348 0.1702 0.0293991 0.0324673 0.0263309 0.0331095 0.00107415 0.00306823 0.00082318 0.000622223
0.579536 0.165946 0.166984 0.164908 0.0282282 0.0311965 0.0252599 0.0322207 0.00103794 0.00296831 0.000796781 0.000603242
0.582927 0.160728 0.161731 0.159725 0.0270949 0.0299659 0.0242239 0.0313503 0.00100276 0.002871 0.000771066 0.000584707
0.586318 0.155618 0.156586 0.154649 0.0259984 0.0287746 0.0232221 0.0304978 0.000968583 0.00277625 0.000746018 0.000566609
0.589709 0.150615 0.15155 0.14968 0.0249377 0.0276217 0.0222536 0.029663 0.000935374 0.00268401 0.000721626 0.000548942
0.5931 0.145719 0.146622 0.144816 0.0239119 0.0265062 0.0213177 0.0288455 0.000903113 0.00259423 0.000697873 0.000531697
0.596491 0.140929 0.141801 0.140058 0.0229203 0.0254272 0.0204135 0.0280452 0.000871777 0.00250685 0.000674746 0.000514866
0.599881 0.136245 0.137086 0.135404 0.021962 0.0243838 0.0195402 0.0272617 0.000841342 0.00242182 0.000652232 0.000498443
0.603272 0.131665 0.132477 0.130853 0.0210361 0.0233752 0.018697 0.0264946 0.000811787 0.0023391 0.000630317 0.000482419
0.606663 0.127188 0.127971 0.126405 0.0201419 0.0224005 0.0178833 0.0257439 0.000783089 0.00225862 0.000608988 0.000466789
0.610054 0.122814 0.123569 0.122059 0.0192785 0.0214589 0.0170981 0.0250091 0.000755226 0.00218036 0.000588234 0.000451544
0.613445 0.118542 0.11927 0.117814 0.0184451 0.0205494 0.0163409 0.0242901 0.000728179 0.00210426 0.00056804 0.000436678
0.616836 0.11437 0.115072 0.113668 0.017641 0.0196713 0.0156108 0.0235865 0.000701926 0.00203026 0.000548396 0.000422183
0.620226 0.110299 0.110975 0.109622 0.0168654 0.0188237 0.0149071 0.0228982 0.000676448 0.00195834 0.000529289 0.000408054
0.623617 0.106326 0.106978 0.105675 0.0161175 0.0180059 0.0142291 0.0222248 0.000651725 0.00188844 0.000510708 0.000394283
0.627008 0.102452 0.103079 0.101824 0.0153966 0.0172171 0.0135761 0.0215662 0.00062774 0.00182051 0.000492641 0.000380865
0.630399 0.0986738 0.0992783 0.0980693 0.0147019 0.0164564 0.0129474 0.020922 0.000604473 0.00175453 0.000475077 0.000367792
0.63379 0.0949919 0.0955739 0.09441 0.0140328 0.0157232 0.0123423 0.0202921 0.000581906 0.00169043 0.000458004 0.000355058
0.637181 0.091405 0.091965 0.090845 0.0133884 0.0150166 0.0117603 0.0196763 0.000560022 0.00162819 0.000441414 0.000342657
0.640571 0.0879119 0.0884507 0.0873731 0.0127683 0.014336 0.0112005 0.0190742 0.000538805 0.00156776 0.000425294 0.000330583
0.643962 0.0845114 0.0850297 0.0839932 0.0121715 0.0136806 0.0106624 0.0184857 0.000518236 0.00150909 0.000409635 0.000318829
0.647353 0.0812026 0.0817009 0.0807043 0.0115975 0.0130497 0.0101453 0.0179105 0.000498301 0.00145216 0.000394426 0.000307391
0.650744 0.0779843 0.0784633 0.0775053 0.0110456 0.0124425 0.0096487 0.0173485 0.000478983 0.00139692 0.000379658 0.000296261
0.654135 0.0748554 0.0753156 0.0743951 0.0105152 0.0118585 0.00917186 0.0167994 0.000460266 0.00134334 0.00036532 0.000285434
0.657526 0.0718146 0.0722568 0.0713725 0.0100056 0.011297 0.00871423 0.016263 0.000442137 0.00129137 0.000351404 0.000274905
0.660916 0.068861 0.0692855 0.0684364 0.0095162 0.0107572 0.00827522 0.0157391 0.000424579 0.00124098 0.0003379 0.000264668
0.664307 0.0659931 0.0664007 0.0655855 0.0090464 0.0102385 0.00785426 0.0152276 0.000407578 0.00119214 0.000324798 0.000254717
0.667698 0.0632099 0.063601 0.0628188 0.00859558 0.00974038 0.00745078 0.0147281 0.00039112 0.0011448 0.000312091 0.000245047
0.671089 0.06051 0.0608852 0.0601348 0.00816317 0.00926211 0.00706423 0.0142405 0.000375192 0.00109894 0.000299768 0.000235651
0.67448 0.0578923 0.0582521 0.0575326 0.00774858 0.00880309 0.00669406 0.0137647 0.00035978 0.00105451 0.000287822 0.000226526
0.677871 0.0553556 0.0557005 0.0550107 0.00735125 0.00836274 0.00633975 0.0133004 0.000344871 0.0010115 0.000276243 0.000217666
0.681261 0.0528984 0.0532289 0.052568 0.00697063 0.00794048 0.00600078 0.0128474 0.000330452 0.000969849 0.000265024 0.000209065
0.684652 0.0505196 0.0508361 0.0502031 0.00660618 0.00753572 0.00567663 0.0124055 0.00031651 0.000929542 0.000254156 0.000200718
0.688043 0.0482179 0.0485209 0.0479148 0.00625736 0.00714791 0.00536682 0.0119747 0.000303033 0.000890542 0.000243631 0.000192621
0.691434 0.0459918 0.0462819 0.0457018 0.00592368 0.00677649 0.00507086 0.0115546 0.000290009 0.000852819 0.000233442 0.000184768
0.694825 0.0438402 0.0441176 0.0435628 0.0056046 0.00642094 0.00478826 0.0111451 0.000277427 0.000816341 0.00022358 0.000177154
0.698216 0.0417616 0.0420269 0.0414964 0.00529966 0.00608073 0.00451858 0.010746 0.000265275 0.000781078 0.000214038 0.000169775
0.701606 0.0397548 0.0400084 0.0395013 0.00500834 0.00575534 0.00426134 0.0103573 0.000253541 0.000747001 0.000204809 0.000162625
0.704997 0.0378183 0.0380605 0.0375761 0.00473019 0.00544427 0.00401611 0.00997856 0.000242214 0.00071408 0.000195885 0.0001557
0.708388 0.0359508 0.0361821 0.0357195 0.00446475 0.00514704 0.00378246 0.00960979 0.000231285 0.000682286 0.000187258 0.000148995
0.711779 0.0341509 0.0343717 0.0339302 0.00421156 0.00486316 0.00355997 0.00925077 0.000220742 0.000651591 0.000178922 0.000142506
0.71517 0.0324173 0.0326279 0.0322067 0.00397019 0.00459216 0.00334822 0.00890133 0.000210575 0.000621968 0.00017087 0.000136228
0.718561 0.0307485 0.0309493 0.0305477 0.00374021 0.00433359 0.00314682 0.00856133 0.000200773 0.000593389 0.000163095 0.000130156
0.721951 0.0291431 0.0293345 0.0289518 0.00352119 0.00408702 0.00295536 0.00823059 0.000191328 0.000565828 0.00015559 0.000124286
0.725342 0.0275999 0.0277821 0.0274176 0.00331274 0.00385199 0.00277348 0.00790897 0.00018223 0.000539257 0.000148349 0.000118613
0.728733 0.0261172 0.0262907 0.0259438 0.00311445 0.0036281 0.00260079 0.00759629 0.000173468 0.000513653 0.000141364 0.000113134
0.732124 0.0246938 0.0248589 0.0245288 0.00292594 0.00341493 0.00243695 0.00729241 0.000165034 0.000488988 0.00013463 0.000107843
0.735515 0.0233283 0.0234852 0.0231714 0.00274684 0.00321207 0.0022816 0.00699717 0.000156918 0.000465238 0.000128141 0.000102737
0.738906 0.0220192 0.0221683 0.0218701 0.00257677 0.00301915 0.00213439 0.00671043 0.000149113 0.000442379 0.000121889 9.78107e-05
0.742296 0.0207651 0.0209067 0.0206235 0.00241538 0.00283577 0.00199499 0.00643203 0.000141608 0.000420387 0.00011587 9.30608e-05
0.745687 0.0195647 0.019699 0.0194303 0.00226233 0.00266157 0.00186309 0.00616183 0.000134396 0.000399238 0.000110076 8.84828e-05
0.749078 0.0184164 0.0185439 0.0182889 0.00211728 0.00249619 0.00173837 0.00589967 0.000127469 0.000378909 0.000104503 8.40727e-05
0.752469 0.017319 0.0174398 0.0171981 0.00197989 0.00233927 0.00162052 0.00564542 0.000120817 0.000359378 9.91439e-05 7.98265e-05
0.75586 0.0162709 0.0163854 0.0161565 0.00184987 0.00219049 0.00150924 0.00539892 0.000114434 0.000340621 9.39935e-05 7.57402e-05
0.759251 0.015271 0.0153793 0.0151626 0.00172688 0.0020495 0.00140427 0.00516004 0.000108311 0.000322618 8.90461e-05 7.18099e-05
0.762641 0.0143176 0.01442 0.0142152 0.00161065 0.00191599 0.0013053 0.00492864 0.000102441 0.000305346 8.42962e-05 6.80316e-05
0.766032 0.0134095 0.0135063 0.0133127 0.00150087 0.00178965 0.00121208 0.00470458 9.68161e-05 0.000288785 7.97384e-05 6.44015e-05
0.769423 0.0125453 0.0126367 0.0124539 0.00139726 0.00167018 0.00112435 0.00448771 9.14289e-05 0.000272913 7.53674e-05 6.09159e-05
0.772814 0.0117236 0.0118099 0.0116373 0.00129956 0.00155727 0.00104185 0.0042779 8.62724e-05 0.000257711 7.1178e-05 5.7571e-05
0.776205 0.0109431 0.0110244 0.0108617 0.0012075 0.00145066 0.00096434 0.00407502 8.13396e-05 0.000243159 6.71649e-05 5.43631e-05
0.779596 0.0102024 0.010279 0.0101258 0.00112082 0.00135006 0.000891584 0.00387893 7.66235e-05 0.000229237 6.33231e-05 5.12885e-05
0.782986 0.00950023 0.00957235 0.00942812 0.00103928 0.0012552 0.000823352 0.0036895 7.21173e-05 0.000215925 5.96477e-05 4.83437e-05
0.786377 0.00883524 0.00890306 0.00876743 0.000962633 0.00116584 0.000759427 0.00350659 6.78145e-05 0.000203206 5.61337e-05 4.55251e-05
0.789768 0.00820614 0.00826985 0.00814243 0.000890654 0.00108171 0.000699594 0.00333007 6.37086e-05 0.00019106 5.27763e-05 4.28291e-05
0.793159 0.00761164 0.00767143 0.00755184 0.000823118 0.00100259 0.000643648 0.00315982 5.97933e-05 0.00017947 4.95708e-05 4.02523e-05
0.79655 0.00705046 0.00710652 0.0069944 0.000759811 0.000928228 0.000591393 0.00299571 5.60622e-05 0.000168418 4.65126e-05 3.77913e-05
0.799941 0.00652136 0.00657387 0.00646885 0.000700522 0.000858408 0.000542637 0.0028376 5.25094e-05 0.000157885 4.3597e-05 3.54427e-05
0.803332 0.00602309 0.00607222 0.00597396 0.000645053 0.00079291 0.000497197 0.00268537 4.91289e-05 0.000147856 4.08196e-05 3.32031e-05
0.806722 0.00555444 0.00560036 0.00550853 0.00059321 0.000731524 0.000454896 0.00253889 4.59148e-05 0.000138314 3.81759e-05 3.10693e-05
0.810113 0.00511421 0.00515707 0.00507135 0.000544806 0.000674047 0.000415564 0.00239804 4.28615e-05 0.000129242 3.56617e-05 2.9038e-05
0.813504 0.00470122 0.00474118 0.00466125 0.000499662 0.000620286 0.000379038 0.0022627 3.99633e-05 0.000120624 3.32725e-05 2.7106e-05
0.816895 0.0043143 0.00435152 0.00427709 0.000457605 0.000570049 0.000345161 0.00213273 3.72148e-05 0.000112444 3.10044e-05 2.52702e-05
0.820286 0.00395233 0.00398694 0.00391772 0.00041847 0.000523157 0.000313783 0.00200803 3.46106e-05 0.000104687 2.88531e-05 2.35273e-05
0.823677 0.00361418 0.00364633 0.00358204 0.000382097 0.000479435 0.000284759 0.00188846 3.21455e-05 9.73381e-05 2.68145e-05 2.18745e-05
0.827067 0.00329877 0.00332858 0.00326896 0.000348333 0.000438715 0.000257951 0.0017739 2.98144e-05 9.03822e-05 2.48848e-05 2.03086e-05
0.830458 0.00300502 0.00303263 0.00297741 0.00031703 0.000400835 0.000233225 0.00166425 2.76121e-05 8.38049e-05 2.30601e-05 1.88266e-05
0.833849 0.0027319 0.00275743 0.00270636 0.000288048 0.00036564 0.000210456 0.00155937 2.5534e-05 7.7592e-05 2.13365e-05 1.74257e-05
0.83724 0.00247837 0.00250194 0.00245479 0.000261252 0.000332981 0.000189522 0.00145914 2.3575e-05 7.17298e-05 1.97102e-05 1.6103e-05
0.840631 0.00224345 0.00226518 0.00222172 0.000236511 0.000302716 0.000170307 0.00136346 2.17306e-05 6.62046e-05 1.81776e-05 1.48555e-05
0.844022 0.00202616 0.00204616 0.00200617 0.000213703 0.000274706 0.0001527 0.00127221 1.99962e-05 6.10031e-05 1.67351e-05 1.36806e-05
0.847412 0.00182557 0.00184394 0.0018072 0.000192708 0.000248821 0.000136596 0.00118526 1.83672e-05 5.61125e-05 1.53792e-05 1.25754e-05
0.850803 0.00164075 0.00165759 0.00162391 0.000173414 0.000224934 0.000121894 0.0011025 1.68393e-05 5.152e-05 1.41063e-05 1.15373e-05
0.854194 0.00147082 0.00148623 0.00145541 0.000155713 0.000202926 0.000108499 0.00102382 1.54082e-05 4.72133e-05 1.29131e-05 1.05636e-05
0.857585 0.00131491 0.00132898 0.00130084 0.0001395 0.000182681 9.63202e-05 0.000949112 1.40698e-05 4.31802e-05 1.17963e-05 9.65169e-06
0.860976 0.00117219 0.00118501 0.00115937 0.000124679 0.000164088 8.52702e-05 0.000878251 1.28199e-05 3.94089e-05 1.07526e-05 8.799e-06
0.864367 0.00104184 0.00105349 0.00103018 0.000111155 0.000147043 7.52674e-05 0.00081113 1.16545e-05 3.58879e-05 9.77875e-06 8.00302e-06
0.867757 0.000923091 0.000933661 0.000912522 9.88401e-05 0.000131446 6.62341e-05 0.000747638 1.05699e-05 3.2606e-05 8.87171e-06 7.26129e-06
0.871148 0.000815189 0.000824752 0.000805627 8.76487e-05 0.000117201 5.80967e-05 0.000687662 9.56215e-06 2.9552e-05 8.0284e-06 6.57138e-06
0.874539 0.00071741 0.000726038 0.000708782 7.75009e-05 0.000104216 5.07856e-05 0.000631094 8.6276e-06 2.67154e-05 7.24585e-06 5.93093e-06
0.87793 0.000629056 0.000636819 0.000621294 6.83207e-05 9.24063e-05 4.42351e-05 0.000577824 7.76266e-06 2.40856e-05 6.52113e-06 5.3376e-06
0.881321 0.00054946 0.000556424 0.000542497 6.00358e-05 8.16883e-05 3.83833e-05 0.000527743 6.96381e-06 2.16525e-05 5.8514e-06 4.78912e-06
0.884712 0.000477983 0.000484211 0.000471756 5.25779e-05 7.19841e-05 3.31718e-05 0.000480744 6.22764e-06 1.94062e-05 5.23388e-06 4.28326e-06
0.888102 0.000414013 0.000419563 0.000408462 4.58827e-05 6.32196e-05 2.85458e-05 0.00043672 5.55082e-06 1.73369e-05 4.66586e-06 3.81785e-06
0.891493 0.000356964 0.000361894 0.000352034 3.98892e-05 5.53245e-05 2.44538e-05 0.000395563 4.93014e-06 1.54353e-05 4.1447e-06 3.39076e-06
0.894884 0.000306282 0.000310644 0.000301919 3.454e-05 4.82323e-05 2.08476e-05 0.000357169 4.36244e-06 1.36924e-05 3.66782e-06 2.99991e-06
0.898275 0.000261436 0.000265281 0.000257592 2.97811e-05 4.18801e-05 1.76821e-05 0.000321432 3.84467e-06 1.2099e-05 3.23271e-06 2.64327e-06
0.901666 0.000221926 0.0002253 0.000218552 2.55618e-05 3.62085e-05 1.4915e-05 0.000288249 3.37388e-06 1.06468e-05 2.83694e-06 2.31887e-06
0.905057 0.000187276 0.000190224 0.000184329 2.18344e-05 3.11615e-05 1.25073e-05 0.000257516 2.94719e-06 9.32715e-06 2.47813e-06 2.02478e-06
0.908447 0.000157038 0.0001596 0.000154477 1.85543e-05 2.66864e-05 1.04222e-05 0.000229132 2.56181e-06 8.13209e-06 2.15398e-06 1.75913e-06
0.911838 0.000130791 0.000133006 0.000128576 1.56799e-05 2.27335e-05 8.62616e-06 0.000202993 2.21506e-06 7.05369e-06 1.86225e-06 1.5201e-06
0.915229 0.000108136 0.00011004 0.000106232 1.3172e-05 1.92563e-05 7.08766e-06 0.000179 1.90432e-06 6.08434e-06 1.60078e-06 1.30591e-06
0.91862 8.87027e-05 9.03298e-05 8.70756e-05 1.09945e-05 1.62111e-05 5.77784e-06 0.000157053 1.62707e-06 5.21665e-06 1.36747e-06 1.11486e-06
0.922011 7.21444e-05 7.35253e-05 7.07635e-05 9.11356e-06 1.3557e-05 4.67008e-06 0.000137053 1.38089e-06 4.44348e-06 1.1603e-06 9.4528e-07
0.925402 5.81385e-05 5.93019e-05 5.69751e-05 7.49795e-06 1.12559e-05 3.74e-06 0.000118901 1.16341e-06 3.75795e-06 9.7729e-07 7.95562e-07
0.928792 4.63858e-05 4.73582e-05 4.54134e-05 6.11868e-06 9.27208e-06 2.96528e-06 0.0001025 9.72392e-07 3.1534e-06 8.16561e-07 6.64154e-07
0.932183 3.66102e-05 3.74159e-05 3.58046e-05 4.94903e-06 7.57248e-06 2.32559e-06 8.77554e-05 8.0565e-07 2.62345e-06 6.76289e-07 5.49558e-07
0.935574 2.85578e-05 2.92189e-05 2.78967e-05 3.9644e-06 6.12632e-06 1.80249e-06 7.45711e-05 6.61101e-07 2.16191e-06 5.54722e-07 4.50331e-07
0.938965 2.19961e-05 2.25329e-05 2.14594e-05 3.14223e-06 4.90512e-06 1.37933e-06 6.28534e-05 5.36746e-07 1.76289e-06 4.50179e-07 3.65088e-07
0.942356 1.67138e-05 1.71444e-05 1.62831e-05 2.46186e-06 3.88256e-06 1.04116e-06 5.25098e-05 4.30671e-07 1.4207e-06 3.61049e-07 2.92499e-07
0.945747 1.25192e-05 1.28603e-05 1.21782e-05 1.9045e-06 3.03441e-06 7.74586e-07 4.34488e-05 3.41051e-07 1.12991e-06 2.85793e-07 2.31295e-07
0.949137 9.2404e-06 9.50655e-06 8.97426e-06 1.45308e-06 2.33842e-06 5.67746e-07 3.55806e-05 2.66147e-07 8.85339e-07 2.22942e-07 1.80261e-07
0.952528 6.72375e-06 6.92805e-06 6.51944e-06 1.0922e-06 1.77423e-06 4.10169e-07 2.88166e-05 2.04307e-07 6.8203e-07 1.71103e-07 1.38247e-07
0.955919 4.83331e-06 4.98728e-06 4.67935e-06 8.07993e-07 1.32328e-06 2.92705e-07 2.30704e-05 1.53969e-07 5.15288e-07 1.28953e-07 1.04157e-07
0.95931 3.45012e-06 3.56378e-06 3.33646e-06 5.88092e-07 9.68749e-07 2.07434e-07 1.82574e-05 1.13659e-07 3.80658e-07 9.52435e-08 7.69606e-08
0.962701 2.47126e-06 2.55325e-06 2.38927e-06 4.21522e-07 6.95457e-07 1.47588e-07 1.42955e-05 8.19902e-08 2.73934e-07 6.88023e-08 5.56873e-08
0.966092 1.8092e-06 1.86687e-06 1.75153e-06 2.98636e-07 4.89799e-07 1.07474e-07 1.11058e-05 5.76688e-08 1.91163e-07 4.85317e-08 3.94301e-08
0.969482 1.39117e-06 1.43066e-06 1.35168e-06 2.11052e-07 3.39695e-07 8.24093e-08 8.61418e-06 3.94902e-08 1.28643e-07 3.34113e-08 2.73459e-08
0.972873 1.15884e-06 1.18518e-06 1.1325e-06 1.51616e-07 2.34549e-07 6.86824e-08 6.75287e-06 2.63424e-08 8.29332e-08 2.24984e-08 1.86565e-08
0.976264 1.06882e-06 1.08603e-06 1.05161e-06 1.14411e-07 1.65266e-07 6.35551e-08 5.46564e-06 1.7206e-08 5.08554e-08 1.49289e-08 1.26493e-08
0.979655 1.09504e-06 1.1062e-06 1.08389e-06 9.48933e-08 1.24394e-07 6.53926e-08 4.71837e-06 1.11545e-08 2.95007e-08 9.91769e-09 8.67746e-09
0.983046 1.23759e-06 1.24494e-06 1.23024e-06 9.04123e-08 1.06648e-07 7.41762e-08 4.5287e-06 7.35251e-09 1.62361e-08 6.75592e-09 6.15665e-09
0.986437 1.55797e-06 1.56302e-06 1.55293e-06 1.02328e-07 1.11036e-07 9.3619e-08 5.07153e-06 5.04383e-09 8.70861e-09 4.7987e-09 4.55203e-09
0.989827 2.41187e-06 2.41535e-06 2.40838e-06 1.50015e-07 1.54842e-07 1.45188e-07 7.28264e-06 3.48412e-09 4.82688e-09 3.3947e-09 3.30454e-09
0.993218 1.20111e-05 1.20114e-05 1.20107e-05 7.27178e-07 7.30297e-07 7.24058e-07 4.3159e-05 3.67312e-10 3.11963e-09 1.84525e-10 0
4.01075e-314 inf inf inf inf inf inf 0.0011404 30.902 1.04638 0.766863 0.479303
