9.72476e-05 24.5765 25.6672 23.4858 14.2334 15.04 13.4269 32.6287 1.09069 0.806578 0.507214 0.497137
0.0001 24.4109 25.4955 23.3263 14.1356 14.9372 13.3339 32.3033 1.08461 0.801609 0.503012 0.492827
0.00010283 24.2472 25.3257 23.1686 14.0388 14.8355 13.2421 31.9805 1.07855 0.796671 0.498843 0.488549
0.000105741 24.0878 25.1603 23.0153 13.9446 14.7364 13.1529 31.6605 1.07253 0.791766 0.494705 0.484301
0.000108734 23.9221 24.9886 22.8555 13.8467 14.6336 13.0598 31.3431 1.06655 0.786892 0.490599 0.480084
0.000111811 23.7573 24.8179 22.6967 13.7493 14.5314 12.9673 31.0284 1.0606 0.78205 0.486525 0.475897
0.000114976 23.5934 24.6481 22.5388 13.6525 14.4298 12.8753 30.7163 1.05468 0.777238 0.482482 0.47174
0.00011823 23.4305 24.4793 22.3817 13.5563 14.3287 12.7838 30.4069 1.0488 0.772458 0.478471 0.467614
0.000121576 23.2685 24.3115 22.2256 13.4606 14.2283 12.6929 30.1 1.04295 0.767709 0.47449 0.463518
0.000125017 23.1074 24.1446 22.0703 13.3655 14.1285 12.6025 29.7958 1.03714 0.762991 0.47054 0.459451
0.000128556 22.9473 23.9786 21.9159 13.2709 14.0292 12.5126 29.4941 1.03135 0.758303 0.466621 0.455413
0.000132194 22.788 23.8137 21.7624 13.1769 13.9305 12.4232 29.1949 1.0256 0.753646 0.462733 0.451406
0.000135936 22.6297 23.6496 21.6098 13.0834 13.8324 12.3344 28.8983 1.01989 0.749019 0.458875 0.447427
0.000139783 22.4723 23.4865 21.4581 12.9904 13.7349 12.246 28.6041 1.0142 0.744421 0.455046 0.443477
0.000143739 22.3157 23.3243 21.3072 12.8981 13.6379 12.1582 28.3125 1.00855 0.739854 0.451249 0.439557
0.000147808 22.1601 23.163 21.1571 12.8062 13.5415 12.0709 28.0233 1.00293 0.735316 0.44748 0.435664
0.000151991 22.0053 23.0027 21.008 12.7149 13.4457 11.9841 27.7366 0.997341 0.730808 0.443742 0.4318
0.000156293 21.8515 22.8432 20.8597 12.6241 13.3505 11.8978 27.4524 0.991784 0.726328 0.440033 0.427964
0.000160717 21.6985 22.6847 20.7122 12.5339 13.2558 11.812 27.1705 0.986258 0.721878 0.436353 0.424157
0.000165265 21.5464 22.5271 20.5656 12.4442 13.1616 11.7267 26.8911 0.980763 0.717456 0.432702 0.420377
0.000169943 21.3951 22.3704 20.4198 12.355 13.068 11.6419 26.614 0.975299 0.713064 0.429081 0.416626
0.000174753 21.2448 22.2146 20.2749 12.2663 12.975 11.5576 26.3393 0.969865 0.708699 0.425488 0.412901
0.000179699 21.0953 22.0597 20.1308 12.1782 12.8825 11.4738 26.067 0.964462 0.704363 0.421923 0.409204
0.000184785 20.9466 21.9057 19.9875 12.0906 12.7906 11.3905 25.7969 0.959089 0.700055 0.418388 0.405535
0.000190015 20.7988 21.7526 19.8451 12.0035 12.6992 11.3077 25.5293 0.953746 0.695775 0.414881 0.401892
0.000195393 20.6519 21.6003 19.7035 11.9169 12.6084 11.2253 25.2639 0.948433 0.691523 0.411401 0.398276
0.000200923 20.5058 21.449 19.5627 11.8308 12.5181 11.1435 25.0007 0.943149 0.687298 0.40795 0.394687
0.00020661 20.3606 21.2985 19.4227 11.7452 12.4283 11.0621 24.7399 0.937895 0.6831 0.404527 0.391125
0.000212458 20.2162 21.1489 19.2835 11.6602 12.3391 10.9812 24.4813 0.93267 0.67893 0.401131 0.387588
0.000218471 20.0727 21.0001 19.1452 11.5756 12.2504 10.9008 24.2249 0.927473 0.674787 0.397764 0.384079
0.000224655 19.9299 20.8522 19.0076 11.4916 12.1622 10.8209 23.9708 0.922305 0.670671 0.394423 0.380595
0.000231013 19.788 20.7052 18.8709 11.408 12.0746 10.7414 23.7188 0.917166 0.666581 0.391109 0.377137
0.000237551 19.647 20.559 18.7349 11.325 11.9875 10.6625 23.4691 0.912055 0.662517 0.387823 0.373705
0.000244275 19.5067 20.4137 18.5997 11.2424 11.9009 10.5839 23.2215 0.906971 0.65848 0.384563 0.370298
0.000251189 19.3673 20.2692 18.4654 11.1604 11.8148 10.5059 22.976 0.901916 0.654469 0.381331 0.366917
0.000258298 19.2287 20.1255 18.3318 11.0788 11.7293 10.4283 22.7327 0.896888 0.650485 0.378125 0.363561
0.000265609 19.0909 19.9827 18.199 10.9977 11.6442 10.3512 22.4915 0.891887 0.646525 0.374945 0.36023
0.000273126 18.9538 19.8408 18.0669 10.9171 11.5597 10.2745 22.2525 0.886913 0.642592 0.371792 0.356924
0.000280857 18.8176 19.6996 17.9357 10.837 11.4757 10.1983 22.0155 0.881966 0.638684 0.368665 0.353643
0.000288806 18.6822 19.5593 17.8052 10.7574 11.3922 10.1226 21.7806 0.877046 0.634801 0.365564 0.350387
0.00029698 18.5476 19.4198 17.6755 10.6782 11.3091 10.0473 21.5477 0.872152 0.630943 0.362488 0.347154
0.000305386 18.4138 19.2811 17.5465 10.5995 11.2266 9.97242 21.3169 0.867285 0.62711 0.359439 0.343947
0.000314029 18.2808 19.1432 17.4183 10.5213 11.1446 9.89801 21.0881 0.862444 0.623302 0.356414 0.340763
0.000322917 18.1485 19.0061 17.2909 10.4436 11.0631 9.82407 20.8613 0.857628 0.619518 0.353416 0.337603
0.000332057 18.017 18.8699 17.1642 10.3663 10.9821 9.75056 20.6366 0.852838 0.615759 0.350442 0.334467
0.000341455 17.8863 18.7344 17.0383 10.2895 10.9016 9.67751 20.4138 0.848073 0.612024 0.347494 0.331355
0.000351119 17.7564 18.5997 16.9131 10.2132 10.8215 9.60489 20.193 0.843333 0.608313 0.344571 0.328266
0.000361057 17.6272 18.4659 16.7886 10.1373 10.742 9.53271 19.9741 0.838618 0.604626 0.341673 0.325201
0.000371276 17.4988 18.3328 16.6649 10.0619 10.6629 9.46097 19.7572 0.833928 0.600963 0.338799 0.322159
0.000381784 17.3712 18.2005 16.5419 9.98698 10.5843 9.38966 19.5422 0.829262 0.597324 0.33595 0.31914
0.00039259 17.2443 18.0689 16.4197 9.91249 10.5062 9.31878 19.3291 0.824621 0.593707 0.333125 0.316144
0.000403702 17.1182 17.9382 16.2982 9.83845 10.4286 9.24834 19.118 0.820003 0.590114 0.330324 0.313171
0.000415128 16.9928 17.8082 16.1774 9.76486 10.3514 9.17832 18.9087 0.815409 0.586544 0.327548 0.310221
0.000426877 16.8682 17.679 16.0573 9.69172 10.2747 9.10873 18.7012 0.810839 0.582997 0.324795 0.307293
0.000438959 16.7443 17.5506 15.938 9.61904 10.1985 9.03956 18.4956 0.806292 0.579473 0.322067 0.304387
0.000451383 16.6211 17.4229 15.8193 9.54679 10.1228 8.97082 18.2919 0.801769 0.575971 0.319362 0.301503
0.000464159 16.4987 17.296 15.7014 9.47499 10.0475 8.9025 18.09 0.797268 0.572491 0.316681 0.298642
0.000477296 16.377 17.1698 15.5842 9.40363 9.97267 8.8346 17.8899 0.79279 0.569034 0.314023 0.295803
0.000490805 16.256 17.0444 15.4677 9.3327 9.8983 8.7671 17.6916 0.788334 0.565599 0.311388 0.292985
0.000504697 16.1358 16.9197 15.3519 9.26222 9.82441 8.70003 17.4951 0.7839 0.562186 0.308776 0.290189
0.000518981 16.0163 16.7957 15.2368 9.19216 9.75096 8.63337 17.3004 0.779489 0.558794 0.306188 0.287415
0.00053367 15.8974 16.6725 15.1223 9.12254 9.67797 8.56712 17.1074 0.775099 0.555424 0.303622 0.284662
0.000548775 15.7793 16.5501 15.0086 9.05335 9.60543 8.50127 16.9162 0.77073 0.552076 0.301079 0.28193
0.000564307 15.662 16.4284 14.8956 8.98459 9.53334 8.43584 16.7267 0.766383 0.548749 0.298559 0.279219
0.000580278 15.5453 16.3073 14.7832 8.91625 9.46169 8.37081 16.5389 0.762058 0.545443 0.296061 0.276529
0.000596702 15.4293 16.1871 14.6716 8.84834 9.39049 8.30618 16.3529 0.757752 0.542157 0.293586 0.27386
0.000613591 15.314 16.0675 14.5606 8.78084 9.31974 8.24195 16.1685 0.753468 0.538893 0.291132 0.271212
0.000630957 15.1994 15.9486 14.4502 8.71377 9.24942 8.17812 15.9858 0.749204 0.535649 0.288701 0.268584
0.000648815 15.0856 15.8305 14.3406 8.64711 9.17954 8.11469 15.8048 0.74496 0.532426 0.286292 0.265977
0.000667179 14.9723 15.7131 14.2316 8.58087 9.11009 8.05165 15.6254 0.740736 0.529223 0.283904 0.26339
0.000686062 14.8598 15.5964 14.1233 8.51504 9.04108 7.989 15.4477 0.736532 0.52604 0.281538 0.260823
0.00070548 14.748 15.4803 14.0156 8.44962 8.9725 7.92674 15.2716 0.732347 0.522877 0.279193 0.258276
0.000725448 14.6368 15.365 13.9087 8.38461 8.90435 7.86488 15.0972 0.728181 0.519734 0.27687 0.255749
0.00074598 14.5263 15.2504 13.8023 8.32 8.83661 7.80339 14.9243 0.724034 0.516611 0.274568 0.253242
0.000767094 14.4165 15.1364 13.6966 8.25581 8.76932 7.7423 14.7531 0.719906 0.513507 0.272287 0.250754
0.000788805 14.3074 15.0232 13.5916 8.19201 8.70244 7.68159 14.5834 0.715797 0.510422 0.270028 0.248286
0.000811131 14.1989 14.9106 13.4872 8.12862 8.63597 7.62126 14.4153 0.711706 0.507357 0.267789 0.245837
0.000834088 14.0911 14.7987 13.3835 8.06562 8.56993 7.56131 14.2487 0.707632 0.50431 0.26557 0.243408
0.000857696 13.9839 14.6875 13.2804 8.00302 8.5043 7.50174 14.0837 0.703577 0.501283 0.263373 0.240998
0.000881971 13.8774 14.577 13.1779 7.94082 8.43909 7.44254 13.9202 0.699539 0.498274 0.261195 0.238606
0.000906934 13.7716 14.4671 13.076 7.879 8.37428 7.38372 13.7583 0.695519 0.495283 0.259038 0.236234
0.000932603 13.6664 14.3579 12.9748 7.81758 8.30989 7.32527 13.5978 0.691515 0.492311 0.256901 0.23388
0.000958999 13.5618 14.2493 12.8743 7.75654 8.2459 7.26719 13.4389 0.687529 0.489358 0.254785 0.231545
0.000986142 13.4579 14.1414 12.7743 7.6959 8.18232 7.20948 13.2814 0.683558 0.486422 0.252688 0.229228
0.00101405 13.3546 14.0342 12.675 7.63564 8.11914 7.15213 13.1255 0.679605 0.483504 0.25061 0.22693
0.00104275 13.2519 13.9276 12.5763 7.57575 8.05636 7.09515 12.971 0.675667 0.480604 0.248553 0.22465
0.00107227 13.1499 13.8217 12.4782 7.51625 7.99398 7.03853 12.8179 0.671745 0.477722 0.246515 0.222388
0.00110262 13.0485 13.7164 12.3807 7.45713 7.93199 6.98227 12.6663 0.667839 0.474857 0.244496 0.220144
0.00113382 12.9478 13.6117 12.2838 7.39839 7.87039 6.92638 12.5161 0.663948 0.472009 0.242496 0.217919
0.00116591 12.8476 13.5077 12.1876 7.34001 7.80919 6.87084 12.3673 0.660072 0.469178 0.240516 0.21571
0.00119891 12.7481 13.4043 12.0919 7.28202 7.74838 6.81565 12.22 0.656211 0.466365 0.238554 0.21352
0.00123285 12.6492 13.3016 11.9968 7.22439 7.68795 6.76082 12.074 0.652364 0.463568 0.236612 0.211347
0.00126774 12.5509 13.1994 11.9024 7.16713 7.62792 6.70634 11.9295 0.648532 0.460788 0.234688 0.209191
0.00130362 12.4532 13.0979 11.8085 7.11024 7.56826 6.65222 11.7863 0.644714 0.458024 0.232782 0.207053
0.00134052 12.3561 12.9971 11.7152 7.05371 7.50899 6.59843 11.6444 0.640909 0.455276 0.230895 0.204932
0.00137846 12.2597 12.8968 11.6226 6.99755 7.45009 6.545 11.504 0.637118 0.452545 0.229026 0.202828
0.00141747 12.1638 12.7971 11.5304 6.94174 7.39157 6.49192 11.3649 0.633341 0.449829 0.227175 0.20074
0.00145759 12.0685 12.6981 11.4389 6.8863 7.33343 6.43917 11.2271 0.629576 0.44713 0.225342 0.19867
0.00149885 11.9738 12.5996 11.348 6.83121 7.27566 6.38677 11.0906 0.625824 0.444446 0.223527 0.196616
0.00154127 11.8797 12.5018 11.2576 6.77648 7.21826 6.3347 10.9554 0.622085 0.441778 0.221729 0.194579
0.00158489 11.7862 12.4046 11.1679 6.7221 7.16123 6.28298 10.8216 0.618357 0.439124 0.219949 0.192559
0.00162975 11.6933 12.3079 11.0786 6.66808 7.10456 6.23159 10.689 0.614642 0.436487 0.218187 0.190555
0.00167588 11.6009 12.2119 10.99 6.6144 7.04826 6.18053 10.5578 0.610938 0.433864 0.216442 0.188567
0.00172331 11.5092 12.1164 10.9019 6.56107 6.99232 6.12981 10.4278 0.607246 0.431256 0.214713 0.186595
0.00177209 11.418 12.0216 10.8144 6.50809 6.93675 6.07942 10.299 0.603565 0.428662 0.213002 0.184639
0.00182224 11.3274 11.9273 10.7275 6.45544 6.88153 6.02936 10.1716 0.599895 0.426084 0.211308 0.182699
0.00187382 11.2373 11.8335 10.6411 6.40314 6.82666 5.97962 10.0453 0.596235 0.423519 0.20963 0.180775
0.00192685 11.1478 11.7404 10.5552 6.35118 6.77215 5.93022 9.92032 0.592585 0.420969 0.207968 0.178867
0.00198139 11.0589 11.6478 10.47 6.29956 6.718 5.88113 9.79654 0.588946 0.418432 0.206323 0.176974
0.00203747 10.9705 11.5559 10.3852 6.24828 6.66419 5.83237 9.67398 0.585316 0.41591 0.204695 0.175097
0.00209514 10.8827 11.4644 10.301 6.19733 6.61073 5.78393 9.55262 0.581696 0.413401 0.203082 0.173235
0.00215443 10.7955 11.3736 10.2174 6.14671 6.55762 5.7358 9.43245 0.578084 0.410906 0.201485 0.171388
0.00221541 10.7088 11.2832 10.1343 6.09642 6.50485 5.688 9.31347 0.574482 0.408424 0.199904 0.169557
0.00227812 10.6226 11.1935 10.0517 6.04647 6.45242 5.64051 9.19567 0.570888 0.405956 0.198338 0.167741
0.00234259 10.537 11.1043 9.9697 5.99683 6.40033 5.59333 9.07904 0.567303 0.4035 0.196788 0.165939
0.0024089 10.4519 11.0157 9.8882 5.94753 6.34858 5.54647 8.96356 0.563725 0.401057 0.195253 0.164152
0.00247708 10.3674 10.9276 9.80724 5.89854 6.29717 5.49992 8.84922 0.560156 0.398627 0.193733 0.162381
0.00254719 10.2834 10.84 9.72681 5.84988 6.24609 5.45367 8.73604 0.556593 0.396209 0.192228 0.160623
0.00261928 10.1999 10.753 9.6469 5.80154 6.19534 5.40773 8.62398 0.553038 0.393804 0.190738 0.158881
0.00269341 10.117 10.6665 9.56751 5.75351 6.14492 5.3621 8.51304 0.54949 0.391411 0.189262 0.157152
0.00276965 10.0346 10.5805 9.48864 5.7058 6.09483 5.31677 8.40322 0.545948 0.38903 0.187801 0.155438
0.00284804 9.95271 10.4951 9.41029 5.6584 6.04506 5.27174 8.2945 0.542413 0.386661 0.186354 0.153738
0.00292864 9.87134 10.4102 9.33246 5.61131 5.99562 5.22701 8.18687 0.538883 0.384303 0.184921 0.152053
0.00301153 9.79049 10.3259 9.25513 5.56454 5.94649 5.18258 8.08033 0.535359 0.381957 0.183502 0.150381
0.00309677 9.71016 10.242 9.17832 5.51807 5.89769 5.13845 7.97487 0.531841 0.379622 0.182096 0.148723
0.00318442 9.63034 10.1587 9.10202 5.47191 5.84921 5.09461 7.87047 0.528327 0.377298 0.180705 0.147079
0.00327455 9.55103 10.0758 9.02621 5.42605 5.80103 5.05106 7.76714 0.524818 0.374985 0.179326 0.145449
0.00336723 9.47222 9.99354 8.95091 5.38049 5.75318 5.00781 7.66486 0.521314 0.372683 0.177961 0.143832
0.00346253 9.39392 9.91174 8.87611 5.33524 5.70563 4.96485 7.56363 0.517814 0.370391 0.176608 0.142229
0.00356053 9.31612 9.83043 8.8018 5.29028 5.65839 4.92217 7.46343 0.514318 0.36811 0.175269 0.140639
0.00366131 9.23881 9.74964 8.72799 5.24562 5.61146 4.87978 7.36425 0.510825 0.365839 0.173942 0.139062
0.00376494 9.162 9.66933 8.65466 5.20125 5.56483 4.83767 7.26609 0.507336 0.363578 0.172627 0.137499
0.0038715 9.08567 9.58952 8.58183 5.15718 5.5185 4.79585 7.16895 0.503849 0.361327 0.171325 0.135949
0.00398107 9.00984 9.51021 8.50948 5.11339 5.47248 4.75431 7.07281 0.500365 0.359085 0.170034 0.134412
0.00409375 8.9345 9.43138 8.43761 5.0699 5.42675 4.71305 6.97765 0.496884 0.356853 0.168756 0.132887
0.00420962 8.85963 9.35304 8.36623 5.02669 5.38132 4.67206 6.88349 0.493404 0.354631 0.167489 0.131376
0.00432876 8.78525 9.27517 8.29532 4.98377 5.33619 4.63135 6.7903 0.489927 0.352417 0.166234 0.129877
0.00445128 8.71134 9.19779 8.22489 4.94113 5.29134 4.59092 6.69809 0.48645 0.350212 0.164989 0.128391
0.00457727 8.6379 9.12088 8.15493 4.89877 5.24679 4.55076 6.60684 0.482975 0.348016 0.163756 0.126917
0.00470682 8.56494 9.04444 8.08544 4.85669 5.20252 4.51087 6.51654 0.479501 0.345829 0.162533 0.125455
0.00484003 8.49244 8.96847 8.01641 4.81489 5.15854 4.47124 6.42718 0.476027 0.343649 0.161321 0.124006
0.00497702 8.42041 8.89296 7.94786 4.77336 5.11484 4.43189 6.33877 0.472553 0.341478 0.16012 0.12257
0.00511789 8.34884 8.81792 7.87976 4.73211 5.07143 4.3928 6.25129 0.46908 0.339315 0.158928 0.121145
0.00526274 8.27773 8.74334 7.81213 4.69113 5.02829 4.35397 6.16473 0.465606 0.33716 0.157746 0.119732
0.0054117 8.20708 8.66921 7.74495 4.65041 4.98543 4.3154 6.07909 0.462131 0.335012 0.156575 0.118332
0.00556486 8.13688 8.59553 7.67822 4.60997 4.94284 4.2771 5.99435 0.458655 0.332871 0.155412 0.116943
0.00572237 8.06712 8.5223 7.61195 4.56979 4.90053 4.23905 5.91052 0.455178 0.330738 0.154259 0.115566
0.00588433 7.99782 8.44952 7.54612 4.52987 4.85848 4.20126 5.82758 0.4517 0.328612 0.153114 0.1142
0.00605088 7.92897 8.37719 7.48075 4.49021 4.81671 4.16372 5.74553 0.448219 0.326492 0.151979 0.112846
0.00622213 7.86055 8.30529 7.41581 4.45082 4.77519 4.12644 5.66436 0.444737 0.324379 0.150851 0.111504
0.00639824 7.79257 8.23383 7.35132 4.41168 4.73395 4.0894 5.58406 0.441252 0.322272 0.149733 0.110173
0.00657933 7.72503 8.1628 7.28727 4.37279 4.69296 4.05262 5.50462 0.437765 0.320171 0.148622 0.108853
0.00676555 7.65793 8.0922 7.22365 4.33416 4.65223 4.01608 5.42604 0.434274 0.318077 0.147519 0.107544
0.00695704 7.59125 8.02203 7.16047 4.29578 4.61177 3.97979 5.34831 0.430781 0.315988 0.146423 0.106247
0.00715394 7.525 7.95228 7.09771 4.25764 4.57155 3.94374 5.27142 0.427284 0.313904 0.145334 0.10496
0.00735642 7.45917 7.88295 7.03539 4.21976 4.53158 3.90793 5.19538 0.423783 0.311826 0.144253 0.103685
0.00756463 7.39377 7.81405 6.97349 4.18212 4.49187 3.87236 5.12016 0.420278 0.309753 0.143178 0.10242
0.00777874 7.32878 7.74555 6.91201 4.14472 4.4524 3.83703 5.04576 0.416769 0.307684 0.14211 0.101166
0.0079989 7.26421 7.67747 6.85096 4.10756 4.41318 3.80194 4.97218 0.413255 0.305621 0.141048 0.0999227
0.0082253 7.20005 7.60979 6.79032 4.07064 4.3742 3.76708 4.8994 0.409737 0.303561 0.139992 0.0986899
0.0084581 7.13631 7.54252 6.73009 4.03395 4.33546 3.73245 4.82743 0.406214 0.301506 0.138942 0.0974676
0.00869749 7.07297 7.47565 6.67028 3.9975 4.29696 3.69805 4.75626 0.402685 0.299455 0.137896 0.0962557
0.00894366 7.01003 7.40919 6.61088 3.96128 4.25869 3.66388 4.68587 0.399151 0.297408 0.136857 0.095054
0.00919679 6.9475 7.34311 6.55189 3.92529 4.22066 3.62993 4.61626 0.395611 0.295365 0.135821 0.0938626
0.00945709 6.88536 7.27743 6.49329 3.88953 4.18286 3.59621 4.54743 0.392066 0.293324 0.134791 0.0926813
0.00972476 6.82362 7.21213 6.4351 3.85399 4.14528 3.5627 4.47937 0.388514 0.291287 0.133765 0.09151
0.01 6.76227 7.14723 6.37731 3.81868 4.10793 3.52942 4.41207 0.384957 0.289253 0.132742 0.0903487
0.010283 6.70131 7.0827 6.31992 3.78358 4.0708 3.49636 4.34553 0.381393 0.287221 0.131724 0.0891973
0.0105741 6.64073 7.01856 6.26291 3.7487 4.03389 3.46351 4.27973 0.377822 0.285192 0.130708 0.0880556
0.0108734 6.58055 6.95479 6.2063 3.71404 3.99721 3.43088 4.21468 0.374244 0.283165 0.129696 0.0869236
0.0111811 6.52074 6.89139 6.15008 3.67959 3.96073 3.39845 4.15036 0.37066 0.281141 0.128687 0.0858012
0.0114976 6.46131 6.82837 6.09424 3.64535 3.92447 3.36624 4.08677 0.367068 0.279117 0.127681 0.0846884
0.011823 6.40225 6.76572 6.03878 3.61132 3.88842 3.33423 4.02391 0.363469 0.277096 0.126676 0.083585
0.0121576 6.34356 6.70342 5.9837 3.5775 3.85257 3.30242 3.96176 0.359863 0.275076 0.125674 0.0824909
0.0125017 6.28524 6.64149 5.92899 3.54388 3.81693 3.27082 3.90033 0.35625 0.273056 0.124673 0.0814062
0.0128556 6.22729 6.57992 5.87466 3.51046 3.7815 3.23942 3.8396 0.352629 0.271038 0.123674 0.0803306
0.0132194 6.1697 6.5187 5.8207 3.47724 3.74626 3.20822 3.77957 0.349001 0.26902 0.122675 0.0792641
0.0135936 6.11247 6.45784 5.76711 3.44421 3.71121 3.17721 3.72023 0.345364 0.267003 0.121678 0.0782067
0.0139783 6.0556 6.39732 5.71388 3.41138 3.67637 3.14639 3.66158 0.341721 0.264986 0.120681 0.0771582
0.0143739 5.99908 6.33715 5.66101 3.37874 3.64171 3.11577 3.60361 0.338069 0.262969 0.119684 0.0761186
0.0147808 5.94291 6.27732 5.6085 3.34629 3.60724 3.08534 3.54631 0.33441 0.260952 0.118688 0.0750878
0.0151991 5.88709 6.21783 5.55635 3.31402 3.57295 3.05509 3.48968 0.330743 0.258934 0.11769 0.0740657
0.0156293 5.83161 6.15868 5.50454 3.28193 3.53885 3.02502 3.43372 0.327068 0.256915 0.116693 0.0730522
0.0160717 5.77647 6.09986 5.45309 3.25003 3.50493 2.99514 3.37841 0.323386 0.254895 0.115694 0.0720473
0.0165265 5.72167 6.04137 5.40198 3.21831 3.47118 2.96543 3.32375 0.319696 0.252874 0.114694 0.0710508
0.0169943 5.66721 5.98321 5.35121 3.18675 3.4376 2.9359 3.26973 0.315998 0.250852 0.113693 0.0700628
0.0174753 5.61308 5.92537 5.30078 3.15537 3.4042 2.90655 3.21636 0.312293 0.248828 0.11269 0.0690831
0.0179699 5.55927 5.86785 5.25069 3.12416 3.37097 2.87736 3.16362 0.308581 0.246802 0.111685 0.0681116
0.0184785 5.5058 5.81066 5.20094 3.09312 3.33789 2.84835 3.1115 0.304861 0.244774 0.110677 0.0671483
0.0190015 5.45264 5.75378 5.15151 3.06224 3.30498 2.8195 3.06001 0.301134 0.242743 0.109667 0.0661932
0.0195393 5.3998 5.69721 5.1024 3.03152 3.27223 2.79081 3.00913 0.297401 0.24071 0.108655 0.065246
0.0200923 5.34728 5.64094 5.05362 3.00096 3.23963 2.76228 2.95886 0.293661 0.238675 0.107639 0.0643068
0.020661 5.29508 5.58499 5.00516 2.97055 3.20719 2.73392 2.9092 0.289914 0.236636 0.10662 0.0633755
0.0212458 5.24318 5.52934 4.95702 2.9403 3.17489 2.7057 2.86013 0.286161 0.234594 0.105597 0.062452
0.0218471 5.19159 5.47399 4.90918 2.91019 3.14274 2.67764 2.81166 0.282402 0.232548 0.104571 0.0615363
0.0224655 5.1403 5.41893 4.86166 2.88023 3.11073 2.64973 2.76378 0.278637 0.230499 0.103541 0.0606282
0.0231013 5.08931 5.36418 4.81444 2.85041 3.07886 2.62197 2.71647 0.274867 0.228446 0.102506 0.0597278
0.0237551 5.03861 5.30971 4.76752 2.82074 3.04712 2.59435 2.66975 0.271092 0.226389 0.101468 0.0588348
0.0244275 4.98821 5.25553 4.7209 2.7912 3.01552 2.56687 2.62359 0.267313 0.224327 0.100424 0.0579494
0.0251189 4.9381 5.20163 4.67457 2.76179 2.98405 2.53953 2.578 0.263529 0.222261 0.0993764 0.0570714
0.0258298 4.88828 5.14802 4.62854 2.73251 2.9527 2.51232 2.53297 0.259742 0.22019 0.0983235 0.0562007
0.0265609 4.83874 5.09469 4.58278 2.70336 2.92147 2.48525 2.4885 0.255951 0.218114 0.0972654 0.0553372
0.0273126 4.78947 5.04163 4.53732 2.67433 2.89037 2.4583 2.44457 0.252157 0.216034 0.0962022 0.054481
0.0280857 4.74048 4.98884 4.49212 2.64543 2.85937 2.43148 2.40119 0.248361 0.213948 0.0951336 0.053632
0.0288806 4.69177 4.93633 4.44721 2.61664 2.82849 2.40478 2.35835 0.244563 0.211856 0.0940596 0.05279
0.029698 4.64332 4.88409 4.40256 2.58796 2.79772 2.3782 2.31603 0.240764 0.209759 0.0929799 0.0519551
0.0305386 4.59514 4.8321 4.35818 2.5594 2.76705 2.35174 2.27425 0.236964 0.207655 0.0918946 0.0511271
0.0314029 4.54722 4.78038 4.31405 2.53094 2.73649 2.3254 2.23299 0.233164 0.205546 0.0908035 0.0503061
0.0322917 4.49955 4.72892 4.27019 2.50259 2.70602 2.29916 2.19224 0.229365 0.203431 0.0897066 0.0494919
0.0332057 4.45214 4.67771 4.22658 2.47433 2.67564 2.27302 2.15201 0.225567 0.201309 0.0886039 0.0486845
0.0341455 4.40498 4.62675 4.18321 2.44618 2.64536 2.24699 2.11228 0.221772 0.199181 0.0874952 0.0478838
0.0351119 4.35807 4.57605 4.14009 2.41811 2.61516 2.22107 2.07305 0.217979 0.197046 0.0863807 0.0470899
0.0361057 4.31139 4.52558 4.0972 2.39014 2.58504 2.19523 2.03432 0.214189 0.194905 0.0852602 0.0463026
0.0371276 4.26496 4.47536 4.05456 2.36225 2.55501 2.16949 1.99608 0.210404 0.192756 0.0841339 0.0455218
0.0381784 4.21876 4.42538 4.01214 2.33444 2.52504 2.14384 1.95833 0.206624 0.1906 0.0830017 0.0447477
0.039259 4.17279 4.37564 3.96994 2.30672 2.49516 2.11828 1.92105 0.202851 0.188438 0.0818637 0.04398
0.0403702 4.12704 4.32613 3.92796 2.27907 2.46533 2.0928 1.88426 0.199084 0.186268 0.08072 0.0432187
0.0415128 4.08152 4.27685 3.8862 2.25149 2.43558 2.0674 1.84793 0.195325 0.184091 0.0795707 0.0424639
0.0426877 4.03622 4.22779 3.84464 2.22398 2.40588 2.04207 1.81206 0.191574 0.181906 0.078416 0.0417154
0.0438959 3.99112 4.17896 3.80329 2.19653 2.37624 2.01682 1.77666 0.187834 0.179714 0.0772559 0.0409732
0.0451383 3.94624 4.13034 3.76214 2.16915 2.34666 1.99163 1.74171 0.184104 0.177514 0.0760905 0.0402373
0.0464159 3.90156 4.08195 3.72117 2.14182 2.31713 1.96651 1.70721 0.180386 0.175307 0.0749202 0.0395077
0.0477296 3.85708 4.03376 3.6804 2.11454 2.28764 1.94145 1.67316 0.176681 0.173092 0.0737451 0.0387842
0.0490805 3.8128 3.98579 3.63981 2.08732 2.25819 1.91645 1.63955 0.17299 0.170869 0.0725653 0.0380669
0.0504697 3.7687 3.93802 3.59939 2.06014 2.22878 1.8915 1.60637 0.169314 0.168639 0.0713813 0.0373557
0.0518981 3.72479 3.89045 3.55914 2.03301 2.19941 1.86661 1.57362 0.165654 0.166401 0.0701931 0.0366507
0.053367 3.68106 3.84308 3.51905 2.00591 2.17007 1.84176 1.5413 0.16201 0.164156 0.0690012 0.0359517
0.0548775 3.63751 3.7959 3.47913 1.97885 2.14075 1.81695 1.5094 0.158386 0.161903 0.0678057 0.0352587
0.0564307 3.59413 3.74891 3.43935 1.95182 2.11146 1.79218 1.47791 0.15478 0.159642 0.0666071 0.0345717
0.0580278 3.55091 3.70211 3.39972 1.92482 2.0822 1.76745 1.44684 0.151196 0.157374 0.0654057 0.0338907
0.0596702 3.50786 3.65549 3.36022 1.89785 2.05295 1.74275 1.41617 0.147633 0.155098 0.0642018 0.0332157
0.0613591 3.46495 3.60905 3.32086 1.8709 2.02371 1.71808 1.38591 0.144093 0.152815 0.0629958 0.0325466
0.0630957 3.4222 3.56278 3.28162 1.84396 1.99449 1.69344 1.35604 0.140578 0.150525 0.0617882 0.0318835
0.0648815 3.37959 3.51668 3.2425 1.81704 1.96527 1.66882 1.32656 0.137088 0.148228 0.0605794 0.0312262
0.0667179 3.33712 3.47074 3.2035 1.79014 1.93606 1.64421 1.29748 0.133624 0.145925 0.0593698 0.0305748
0.0686062 3.29478 3.42497 3.16459 1.76324 1.90685 1.61963 1.26878 0.130189 0.143614 0.0581598 0.0299294
0.070548 3.25257 3.37935 3.12578 1.73635 1.87764 1.59505 1.24045 0.126782 0.141297 0.05695 0.0292897
0.0725448 3.21047 3.33388 3.08707 1.70946 1.84843 1.57048 1.2125 0.123406 0.138974 0.0557408 0.028656
0.074598 3.16849 3.28855 3.04843 1.68257 1.81921 1.54592 1.18493 0.120062 0.136645 0.0545328 0.0280281
0.0767094 3.12662 3.24337 3.00987 1.65567 1.78998 1.52136 1.15772 0.11675 0.13431 0.0533264 0.0274061
0.0788805 3.08484 3.19832 2.97137 1.62878 1.76075 1.49681 1.13087 0.113472 0.13197 0.0521223 0.0267899
0.0811131 3.04317 3.1534 2.93294 1.60187 1.73149 1.47224 1.10438 0.110229 0.129625 0.0509209 0.0261795
0.0834088 3.00158 3.1086 2.89455 1.57495 1.70223 1.44767 1.07825 0.107023 0.127275 0.0497229 0.0255751
0.0857696 2.96007 3.06392 2.85621 1.54802 1.67294 1.4231 1.05246 0.103854 0.124921 0.0485287 0.0249765
0.0881971 2.91863 3.01935 2.8179 1.52107 1.64364 1.39851 1.02702 0.100724 0.122563 0.047339 0.0243838
0.0906934 2.87726 2.97489 2.77963 1.49411 1.61432 1.37391 1.00193 0.0976336 0.120201 0.0461544 0.023797
0.0932603 2.83595 2.93053 2.74136 1.46713 1.58497 1.3493 0.977172 0.0945841 0.117837 0.0449754 0.0232161
0.0958999 2.79469 2.88626 2.70311 1.44014 1.55561 1.32467 0.952752 0.0915765 0.11547 0.0438028 0.0226411
0.0986142 2.75347 2.84208 2.66486 1.41312 1.52622 1.30002 0.928664 0.088612 0.113101 0.0426369 0.0220722
0.101405 2.71229 2.79798 2.6266 1.38608 1.49681 1.27535 0.904905 0.0856915 0.110731 0.0414785 0.0215091
0.104275 2.67114 2.75396 2.58833 1.35901 1.46737 1.25065 0.881471 0.0828161 0.10836 0.0403283 0.0209522
0.107227 2.63002 2.71 2.55003 1.33193 1.43792 1.22594 0.858359 0.0799866 0.105989 0.0391867 0.0204012
0.110262 2.5889 2.6661 2.5117 1.30482 1.40844 1.20121 0.835566 0.0772041 0.103618 0.0380543 0.0198564
0.113382 2.54779 2.62226 2.47332 1.27769 1.37894 1.17645 0.81309 0.0744694 0.101249 0.0369319 0.0193176
0.116591 2.50668 2.57846 2.43489 1.25055 1.34943 1.15167 0.790927 0.0717833 0.0988814 0.03582 0.0187851
0.119891 2.46555 2.5347 2.39641 1.22338 1.3199 1.12686 0.769075 0.0691466 0.0965166 0.0347192 0.0182587
0.123285 2.42441 2.49097 2.35785 1.19619 1.29035 1.10204 0.747532 0.0665601 0.0941554 0.0336301 0.0177386
0.126774 2.38324 2.44726 2.31922 1.16899 1.26079 1.07719 0.726294 0.0640246 0.0917986 0.0325532 0.0172248
0.130362 2.34203 2.40357 2.28049 1.14178 1.23123 1.05233 0.70536 0.0615406 0.0894469 0.0314891 0.0167174
0.134052 2.30078 2.35989 2.24167 1.11456 1.20166 1.02745 0.684727 0.0591087 0.0871015 0.0304384 0.0162165
0.137846 2.25948 2.31621 2.20275 1.08733 1.17209 1.00256 0.664394 0.0567296 0.084763 0.0294016 0.015722
0.141747 2.21812 2.27252 2.16371 1.06009 1.14253 0.97766 0.644359 0.0544037 0.0824327 0.0283793 0.0152341
0.145759 2.17669 2.22882 2.12456 1.03286 1.11298 0.952753 0.62462 0.0521315 0.0801114 0.027372 0.0147528
0.149885 2.13518 2.18509 2.08527 1.00564 1.08344 0.927843 0.605176 0.0499133 0.0778002 0.0263802 0.0142783
0.154127 2.09359 2.14134 2.04584 0.978438 1.05394 0.902937 0.586025 0.0477495 0.0755002 0.0254043 0.0138105
0.158489 2.0519 2.09755 2.00626 0.951254 1.02447 0.878041 0.567167 0.0456404 0.0732126 0.0244448 0.0133496
0.162975 2.01012 2.05371 1.96654 0.9241 0.995038 0.853161 0.5486 0.0435862 0.0709384 0.0235022 0.0128957
0.167588 1.96823 2.00982 1.92665 0.896984 0.965663 0.828305 0.530324 0.041587 0.0686788 0.0225769 0.0124488
0.172331 1.92624 1.96588 1.88659 0.869916 0.936351 0.80348 0.512339 0.0396431 0.0664352 0.0216693 0.012009
0.177209 1.88412 1.92187 1.84636 0.842905 0.907114 0.778697 0.494643 0.0377543 0.0642086 0.0207798 0.0115765
0.182224 1.84187 1.87779 1.80595 0.815964 0.877965 0.753964 0.477238 0.0359208 0.0620004 0.0199088 0.0111513
0.187382 1.7995 1.83364 1.76535 0.789105 0.848917 0.729293 0.460123 0.0341424 0.0598119 0.0190565 0.0107335
0.192685 1.75699 1.78941 1.72457 0.76234 0.819985 0.704696 0.443297 0.032419 0.0576444 0.0182234 0.0103232
0.198139 1.71434 1.74509 1.68359 0.735685 0.791184 0.680186 0.426763 0.0307504 0.0554992 0.0174097 0.00992058
0.203747 1.67155 1.70069 1.64241 0.709155 0.762532 0.655777 0.41052 0.0291364 0.0533778 0.0166156 0.00952567
0.209514 1.62862 1.65619 1.60104 0.682766 0.734047 0.631484 0.394569 0.0275767 0.0512815 0.0158415 0.00913858
0.215443 1.58554 1.61161 1.55947 0.656537 0.705749 0.607325 0.378913 0.0260709 0.0492117 0.0150875 0.00875943
0.221541 1.54232 1.56694 1.5177 0.630486 0.677656 0.583317 0.36355 0.0246187 0.0471699 0.0143539 0.00838832
0.227812 1.49896 1.52218 1.47574 0.604636 0.649793 0.559478 0.348484 0.0232195 0.0451574 0.0136407 0.00802533
0.234259 1.45545 1.47733 1.43358 0.579006 0.622182 0.535831 0.333716 0.0218729 0.0431757 0.0129481 0.00767058
0.24089 1.41182 1.43239 1.39124 0.553622 0.594848 0.512396 0.319248 0.0205782 0.0412262 0.0122763 0.00732415
0.247708 1.36805 1.38738 1.34871 0.528509 0.567819 0.489198 0.305082 0.0193349 0.0393104 0.0116252 0.00698613
0.254719 1.32416 1.34231 1.30602 0.503693 0.541123 0.466263 0.291221 0.0181423 0.0374297 0.010995 0.00665658
0.261928 1.28017 1.29717 1.26317 0.479205 0.51479 0.443619 0.277666 0.0169996 0.0355855 0.0103857 0.00633557
0.269341 1.23608 1.25198 1.22017 0.455076 0.488855 0.421297 0.264421 0.0159061 0.0337792 0.00979713 0.00602313
0.276965 1.19191 1.20677 1.17705 0.431344 0.463356 0.399332 0.251488 0.0148608 0.032012 0.00922928 0.00571926
0.284804 1.14768 1.16154 1.13382 0.40805 0.438335 0.377764 0.238872 0.013863 0.0302854 0.00868198 0.00542392
0.292864 1.1034 1.11631 1.09049 0.385249 0.41385 0.356648 0.226576 0.0129115 0.0286006 0.00815495 0.00513695
0.301153 1.0591 1.0711 1.04709 0.363032 0.38999 0.336073 0.214606 0.0120051 0.0269586 0.00764774 0.00485802
0.309677 1.0147 1.02585 1.00356 0.341661 0.367021 0.316301 0.202973 0.0111422 0.0253601 0.00715923 0.0045861
0.318442 0.981146 0.991969 0.970322 0.328101 0.352865 0.303337 0.198667 0.0108238 0.0247639 0.00697608 0.00448177
0.321833 0.964887 0.975402 0.954372 0.320094 0.344275 0.295914 0.194452 0.0105149 0.0241804 0.00679763 0.00437974
0.325224 0.948809 0.959024 0.938594 0.312243 0.335852 0.288634 0.190325 0.0102151 0.0236093 0.00662375 0.00427994
0.328614 0.932909 0.942833 0.922985 0.304545 0.327595 0.281494 0.186284 0.00992403 0.0230505 0.0064543 0.00418232
0.332005 0.917184 0.926826 0.907543 0.296997 0.319501 0.274494 0.182328 0.00964146 0.0225035 0.00628917 0.00408683
0.335396 0.901633 0.911 0.892266 0.289598 0.311566 0.26763 0.178453 0.00936711 0.0219683 0.00612822 0.0039934
0.338787 0.886254 0.895355 0.877153 0.282344 0.303789 0.2609 0.174658 0.00910071 0.0214445 0.00597135 0.00390201
0.342178 0.871044 0.879886 0.862202 0.275234 0.296166 0.254303 0.170942 0.008842 0.0209318 0.00581843 0.00381258
0.345569 0.856004 0.864595 0.847414 0.268266 0.288696 0.247836 0.167302 0.00859074 0.0204302 0.00566936 0.00372509
0.348959 0.84113 0.849477 0.832783 0.261437 0.281376 0.241498 0.163736 0.0083467 0.0199392 0.00552403 0.00363948
0.35235 0.826421 0.834531 0.818312 0.254745 0.274204 0.235286 0.160243 0.00810963 0.0194588 0.00538234 0.0035557
0.355741 0.811876 0.819756 0.803997 0.248188 0.267176 0.229199 0.156821 0.00787933 0.0189887 0.00524418 0.00347372
0.359132 0.797493 0.805149 0.789838 0.241764 0.260292 0.223235 0.153468 0.00765558 0.0185286 0.00510947 0.00339349
0.362523 0.783271 0.790709 0.775833 0.235471 0.253549 0.217392 0.150183 0.00743818 0.0180784 0.0049781 0.00331497
0.365914 0.769208 0.776435 0.761981 0.229306 0.246944 0.211669 0.146964 0.00722693 0.0176378 0.00484999 0.00323813
0.369305 0.755304 0.762326 0.748282 0.223269 0.240476 0.206062 0.143811 0.00702164 0.0172068 0.00472505 0.00316292
0.372695 0.741557 0.748379 0.734735 0.217357 0.234142 0.200572 0.14072 0.00682213 0.016785 0.00460319 0.0030893
0.376086 0.727965 0.734593 0.721337 0.211568 0.22794 0.195196 0.137692 0.00662821 0.0163722 0.00448434 0.00301725
0.379477 0.714528 0.720968 0.708089 0.2059 0.221868 0.189931 0.134724 0.00643973 0.0159684 0.00436841 0.00294672
0.382868 0.701246 0.707502 0.694989 0.200351 0.215924 0.184778 0.131815 0.00625651 0.0155733 0.00425533 0.00287769
0.386259 0.688116 0.694194 0.682037 0.19492 0.210107 0.179733 0.128964 0.0060784 0.0151867 0.00414501 0.00281011
0.38965 0.675137 0.681043 0.669232 0.189604 0.204413 0.174796 0.12617 0.00590524 0.0148085 0.0040374 0.00274396
0.39304 0.66231 0.668047 0.656573 0.184403 0.198841 0.169964 0.123432 0.00573689 0.0144385 0.00393241 0.0026792
0.396431 0.649633 0.655206 0.64406 0.179313 0.19339 0.165237 0.120747 0.0055732 0.0140765 0.00382999 0.0026158
0.399822 0.637104 0.642519 0.63169 0.174334 0.188057 0.160612 0.118116 0.00541404 0.0137224 0.00373006 0.00255374
0.403213 0.624724 0.629984 0.619465 0.169464 0.18284 0.156088 0.115537 0.00525927 0.013376 0.00363256 0.00249299
0.406604 0.612492 0.6176 0.607383 0.164701 0.177738 0.151663 0.113009 0.00510876 0.0130372 0.00353744 0.00243351
0.409995 0.600406 0.605368 0.595443 0.160042 0.172748 0.147337 0.11053 0.00496239 0.0127057 0.00344462 0.00237529
0.413385 0.588465 0.593285 0.583645 0.155488 0.167869 0.143106 0.1081 0.00482003 0.0123816 0.00335405 0.00231828
0.416776 0.57667 0.581352 0.571989 0.151035 0.1631 0.138971 0.105718 0.00468158 0.0120645 0.00326567 0.00226247
0.420167 0.56502 0.569567 0.560473 0.146683 0.158437 0.134929 0.103383 0.00454692 0.0117544 0.00317943 0.00220784
0.423558 0.553513 0.557929 0.549097 0.142429 0.15388 0.130978 0.101094 0.00441594 0.0114511 0.00309528 0.00215435
0.426949 0.54215 0.546438 0.537861 0.138273 0.149427 0.127118 0.0988495 0.00428853 0.0111545 0.00301316 0.00210198
0.43034 0.530929 0.535093 0.526764 0.134212 0.145076 0.123347 0.096649 0.0041646 0.0108645 0.00293302 0.00205071
0.43373 0.51985 0.523894 0.515806 0.130245 0.140826 0.119664 0.0944915 0.00404404 0.0105809 0.00285481 0.00200052
0.437121 0.508912 0.512839 0.504985 0.12637 0.136674 0.116067 0.0923763 0.00392675 0.0103037 0.0027785 0.00195138
0.440512 0.498115 0.501927 0.494302 0.122587 0.132619 0.112554 0.0903025 0.00381266 0.0100326 0.00270402 0.00190328
0.443903 0.487458 0.49116 0.483756 0.118893 0.12866 0.109125 0.0882692 0.00370166 0.00976751 0.00263134 0.00185619
0.447294 0.476941 0.480534 0.473347 0.115286 0.124795 0.105778 0.0862756 0.00359368 0.00950839 0.00256041 0.00181009
0.450685 0.466563 0.470051 0.463074 0.111766 0.121021 0.102511 0.084321 0.00348862 0.00925508 0.00249118 0.00176496
0.454075 0.456323 0.459709 0.452936 0.108331 0.117339 0.0993238 0.0824046 0.0033864 0.00900748 0.00242363 0.00172078
0.457466 0.446221 0.449508 0.442934 0.10498 0.113745 0.0962143 0.0805256 0.00328696 0.00876547 0.00235771 0.00167753
0.460857 0.436257 0.439447 0.433066 0.10171 0.110239 0.0931813 0.0786834 0.0031902 0.00852893 0.00229337 0.0016352
0.464248 0.426429 0.429525 0.423333 0.0985213 0.106819 0.0902235 0.0768771 0.00309606 0.00829776 0.00223058 0.00159376
0.467639 0.416738 0.419742 0.413734 0.0954116 0.103483 0.0873398 0.0751061 0.00300447 0.00807185 0.00216931 0.0015532
0.47103 0.407183 0.410098 0.404267 0.0923797 0.100231 0.0845286 0.0733698 0.00291535 0.0078511 0.00210952 0.0015135
0.47442 0.397763 0.400591 0.394934 0.0894242 0.0970596 0.0817888 0.0716673 0.00282864 0.0076354 0.00205117 0.00147464
0.477811 0.388478 0.391222 0.385733 0.0865437 0.0939684 0.079119 0.0699982 0.00274428 0.00742466 0.00199423 0.00143661
0.481202 0.379327 0.381989 0.376665 0.0837369 0.0909557 0.0765182 0.0683618 0.00266219 0.00721878 0.00193867 0.00139938
0.484593 0.37031 0.372892 0.367728 0.0810025 0.0880202 0.0739849 0.0667574 0.00258233 0.00701765 0.00188445 0.00136296
0.487984 0.361426 0.363931 0.358922 0.078339 0.0851602 0.0715178 0.0651845 0.00250462 0.00682119 0.00183155 0.00132731
0.491375 0.352676 0.355105 0.350247 0.0757452 0.0823746 0.0691159 0.0636424 0.00242901 0.0066293 0.00177992 0.00129243
0.494765 0.344057 0.346412 0.341702 0.0732199 0.0796618 0.066778 0.0621306 0.00235546 0.0064419 0.00172955 0.00125829
0.498156 0.33557 0.337854 0.333286 0.0707615 0.0770204 0.0645027 0.0606486 0.00228389 0.00625888 0.00168041 0.00122489
0.501547 0.327214 0.329429 0.325 0.0683691 0.0744492 0.0622889 0.0591957 0.00221426 0.00608018 0.00163246 0.00119222
0.504938 0.31899 0.321136 0.316843 0.0660411 0.0719468 0.0601354 0.0577714 0.00214652 0.00590569 0.00158568 0.00116024
0.508329 0.310895 0.312975 0.308814 0.0637764 0.0695118 0.0580411 0.0563752 0.00208062 0.00573533 0.00154005 0.00112897
0.51172 0.302929 0.304946 0.300913 0.0615738 0.0671428 0.0560048 0.0550066 0.0020165 0.00556903 0.00149553 0.00109837
0.51511 0.295093 0.297047 0.293139 0.059432 0.0648387 0.0540253 0.0536651 0.00195413 0.0054067 0.0014521 0.00106844
0.518501 0.287385 0.289279 0.285492 0.0573498 0.0625981 0.0521015 0.0523502 0.00189346 0.00524827 0.00140973 0.00103917
0.521892 0.279805 0.28164 0.277971 0.055326 0.0604197 0.0502324 0.0510614 0.00183444 0.00509364 0.00136841 0.00101054
0.525283 0.272353 0.27413 0.270576 0.0533595 0.0583022 0.0484167 0.0497982 0.00177703 0.00494276 0.00132811 0.000982538
0.528674 0.265027 0.266748 0.263305 0.051449 0.0562445 0.0466535 0.0485602 0.00172118 0.00479553 0.0012888 0.000955158
0.532065 0.257827 0.259493 0.25616 0.0495934 0.0542453 0.0449415 0.0473469 0.00166687 0.0046519 0.00125047 0.000928384
0.535455 0.250752 0.252366 0.249138 0.0477915 0.0523033 0.0432797 0.0461578 0.00161404 0.00451178 0.00121309 0.000902207
0.538846 0.243802 0.245365 0.24224 0.0460422 0.0504173 0.0416671 0.0449927 0.00156267 0.0043751 0.00117664 0.000876615
0.542237 0.236977 0.23849 0.235464 0.0443444 0.0485862 0.0401026 0.0438509 0.00151271 0.00424181 0.0011411 0.000851598
0.545628 0.230275 0.231739 0.228811 0.042697 0.0468088 0.0385852 0.0427322 0.00146412 0.00411182 0.00110645 0.000827144
0.549019 0.223696 0.225113 0.222279 0.0410988 0.0450839 0.0371138 0.041636 0.00141688 0.00398507 0.00107267 0.000803243
0.55241 0.217239 0.218609 0.215868 0.0395489 0.0434104 0.0356874 0.0405621 0.00137094 0.00386149 0.00103974 0.000779885
0.5558 0.210903 0.212229 0.209577 0.0380461 0.0417871 0.0343051 0.03951 0.00132628 0.00374102 0.00100764 0.000757061
0.559191 0.204688 0.205971 0.203405 0.0365893 0.040213 0.0329657 0.0384793 0.00128285 0.0036236 0.000976357 0.00073476
0.562582 0.198593 0.199833 0.197352 0.0351776 0.0386868 0.0316685 0.0374696 0.00124064 0.00350917 0.000945869 0.000712972
0.565973 0.192617 0.193817 0.191417 0.0338099 0.0372076 0.0304123 0.0364807 0.00119961 0.00339765 0.000916159 0.000691689
0.569364 0.186759 0.187919 0.1856 0.0324852 0.0357742 0.0291962 0.0355121 0.00115973 0.003289 0.00088721 0.000670901
0.572755 0.18102 0.18214 0.179899 0.0312025 0.0343857 0.0280194 0.0345635 0.00112097 0.00318315 0.000859006 0.000650599
0.576146 0.175396 0.17648 0.174313 0.0299608 0.0330409 0.0268808 0.0336345 0.0010833 0.00308005 0.000831531 0.000630773
0.579536 0.169889 0.170936 0.168843 0.0287591 0.0317387 0.0257795 0.0327248 0.0010467 0.00297963 0.000804767 0.000611417
0.582927 0.164497 0.165508 0.163486 0.0275965 0.0304784 0.0247146 0.0318341 0.00101113 0.00288185 0.000778701 0.00059252
0.586318 0.15922 0.160196 0.158243 0.026472 0.0292587 0.0236854 0.0309621 0.000976576 0.00278665 0.000753316 0.000574074
0.589709 0.154055 0.154998 0.153112 0.0253847 0.0280787 0.0226907 0.0301084 0.000943009 0.00269396 0.000728598 0.000556072
0.5931 0.149003 0.149914 0.148093 0.0243337 0.0269374 0.0217299 0.0292727 0.000910404 0.00260375 0.000704532 0.000538504
0.596491 0.144063 0.144942 0.143184 0.023318 0.0258339 0.020802 0.0284547 0.000878736 0.00251596 0.000681104 0.000521364
0.599881 0.139233 0.140081 0.138385 0.0223368 0.0247673 0.0199062 0.0276541 0.000847983 0.00243054 0.0006583 0.000504642
0.603272 0.134513 0.135331 0.133695 0.0213892 0.0237366 0.0190417 0.0268707 0.000818121 0.00234743 0.000636107 0.000488333
0.606663 0.129901 0.13069 0.129112 0.0204743 0.0227409 0.0182077 0.0261041 0.000789128 0.00226659 0.00061451 0.000472427
0.610054 0.125397 0.126158 0.124636 0.0195913 0.0217792 0.0174033 0.025354 0.000760983 0.00218797 0.000593498 0.000456918
0.613445 0.121 0.121734 0.120266 0.0187393 0.0208508 0.0166278 0.0246202 0.000733664 0.00211153 0.000573058 0.000441798
0.616836 0.116708 0.117415 0.116001 0.0179175 0.0199547 0.0158803 0.0239024 0.00070715 0.00203721 0.000553176 0.00042706
0.620226 0.112521 0.113202 0.111839 0.0171252 0.0190901 0.0151602 0.0232004 0.000681422 0.00196496 0.000533841 0.000412697
0.623617 0.108437 0.109094 0.107781 0.0163614 0.0182562 0.0144666 0.0225138 0.000656459 0.00189476 0.000515041 0.000398701
0.627008 0.104456 0.105088 0.103823 0.0156255 0.017452 0.0137989 0.0218424 0.000632244 0.00182654 0.000496764 0.000385067
0.630399 0.100575 0.101184 0.0999664 0.0149166 0.0166769 0.0131563 0.021186 0.000608755 0.00176027 0.000478998 0.000371788
0.63379 0.0967949 0.0973809 0.0962089 0.014234 0.0159299 0.0125381 0.0205443 0.000585977 0.00169591 0.000461733 0.000358856
0.637181 0.0931135 0.0936774 0.0925496 0.013577 0.0152104 0.0119436 0.019917 0.000563891 0.0016334 0.000444957 0.000346265
0.640571 0.0895298 0.0900723 0.0889873 0.0129447 0.0145175 0.011372 0.019304 0.000542478 0.00157272 0.00042866 0.00033401
0.643962 0.0860427 0.0865644 0.0855209 0.0123366 0.0138504 0.0108228 0.0187049 0.000521724 0.00151382 0.000412831 0.000322082
0.647353 0.0826509 0.0831525 0.0821492 0.0117519 0.0132086 0.0102953 0.0181196 0.00050161 0.00145666 0.000397459 0.000310477
0.650744 0.0793531 0.0798352 0.078871 0.0111899 0.0125911 0.00978871 0.0175479 0.000482122 0.0014012 0.000382535 0.000299188
0.654135 0.0761481 0.0766114 0.0756849 0.0106499 0.0119973 0.00930255 0.0169894 0.000463242 0.0013474 0.000368049 0.00028821
0.657526 0.0730348 0.0734798 0.0725899 0.0101314 0.0114266 0.00883613 0.016444 0.000444956 0.00129523 0.00035399 0.000277535
0.660916 0.0700117 0.070439 0.0695845 0.00963349 0.0108781 0.00838885 0.0159115 0.000427249 0.00124464 0.000340349 0.000267158
0.664307 0.0670777 0.0674878 0.0666676 0.00915571 0.0103513 0.00796009 0.0153916 0.000410106 0.00119561 0.000327117 0.000257074
0.667698 0.0642312 0.0646247 0.0638377 0.00869739 0.00984549 0.00754929 0.0148842 0.000393512 0.0011481 0.000314285 0.000247277
0.671089 0.0614712 0.0618487 0.0610937 0.00825791 0.00935998 0.00715585 0.0143889 0.000377454 0.00110206 0.000301844 0.00023776
0.67448 0.0587962 0.0591581 0.0584342 0.00783669 0.00889417 0.00677922 0.0139057 0.000361918 0.00105747 0.000289784 0.000228519
0.677871 0.0562048 0.0565517 0.0558579 0.00743314 0.00844744 0.00641884 0.0134344 0.000346891 0.0010143 0.000278097 0.000219548
0.681261 0.0536957 0.0540281 0.0533633 0.00704668 0.00801918 0.00607418 0.0129746 0.000332359 0.000972502 0.000266775 0.000210842
0.684652 0.0512675 0.0515858 0.0509492 0.00667675 0.0076088 0.0057447 0.0125263 0.00031831 0.000932051 0.000255808 0.000202395
0.688043 0.0489188 0.0492235 0.0486141 0.0063228 0.00721571 0.00542988 0.0120892 0.00030473 0.000892915 0.00024519 0.000194202
0.691434 0.0466482 0.0469398 0.0463566 0.0059843 0.00683936 0.00512924 0.0116632 0.000291609 0.00085506 0.000234911 0.000186258
0.694825 0.0444543 0.0447333 0.0441754 0.00566073 0.00647919 0.00484227 0.0112481 0.000278934 0.000818458 0.000224964 0.000178558
0.698216 0.0423357 0.0426024 0.042069 0.00535156 0.00613464 0.00456849 0.0108436 0.000266693 0.000783076 0.000215341 0.000171096
0.701606 0.0402909 0.0405458 0.040036 0.00505632 0.00580521 0.00430744 0.0104496 0.000254875 0.000748885 0.000206035 0.000163868
0.704997 0.0383186 0.038562 0.0380751 0.0047745 0.00549035 0.00405864 0.0100659 0.000243469 0.000715855 0.000197037 0.000156869
0.708388 0.0364172 0.0366496 0.0361847 0.00450562 0.00518958 0.00382167 0.0096924 0.000232464 0.000683958 0.000188341 0.000150093
0.711779 0.0345852 0.0348071 0.0343634 0.00424924 0.00490241 0.00359608 0.00932884 0.000221849 0.000653166 0.000179939 0.000143537
0.71517 0.0328213 0.0330329 0.0326097 0.00400489 0.00462834 0.00338144 0.00897507 0.000211613 0.000623449 0.000171825 0.000137195
0.718561 0.031124 0.0313257 0.0309222 0.00377213 0.00436691 0.00317735 0.00863093 0.000201748 0.000594781 0.00016399 0.000131062
0.721951 0.0294918 0.029684 0.0292995 0.00355054 0.00411767 0.0029834 0.00829625 0.000192241 0.000567135 0.000156429 0.000125135
0.725342 0.0279232 0.0281063 0.0277401 0.00333969 0.00388017 0.0027992 0.00797086 0.000183084 0.000540485 0.000149134 0.000119408
0.728733 0.0264168 0.026591 0.0262425 0.00313917 0.00365398 0.00262437 0.0076546 0.000174267 0.000514804 0.000142099 0.000113878
0.732124 0.024971 0.0251368 0.0248052 0.0029486 0.00343866 0.00245853 0.00734731 0.000165781 0.000490067 0.000135317 0.000108538
0.735515 0.0235845 0.0237421 0.0234269 0.00276758 0.00323383 0.00230133 0.00704883 0.000157617 0.000466249 0.000128783 0.000103386
0.738906 0.0222557 0.0224055 0.022106 0.00259574 0.00303906 0.00215241 0.00675899 0.000149764 0.000443325 0.000122488 9.84167e-05
0.742296 0.0209832 0.0211254 0.020841 0.00243271 0.00285398 0.00201144 0.00647765 0.000142216 0.000421271 0.000116428 9.36258e-05
0.745687 0.0197655 0.0199005 0.0196306 0.00227814 0.00267821 0.00187808 0.00620465 0.000134963 0.000400064 0.000110597 8.90092e-05
0.749078 0.0186012 0.0187292 0.0184732 0.00213169 0.00251137 0.00175201 0.00593984 0.000127996 0.00037968 0.000104988 8.45627e-05
0.752469 0.0174887 0.01761 0.0173674 0.00199301 0.00235311 0.00163292 0.00568307 0.000121308 0.000360096 9.95946e-05 8.02822e-05
0.75586 0.0164267 0.0165416 0.0163118 0.00186179 0.00220309 0.0015205 0.00543419 0.00011489 0.000341291 9.44123e-05 7.61636e-05
0.759251 0.0154136 0.0155224 0.0153049 0.00173772 0.00206096 0.00141447 0.00519304 0.000108734 0.000323241 8.94349e-05 7.22028e-05
0.762641 0.0144481 0.014551 0.0143453 0.00162047 0.0019264 0.00131455 0.0049595 0.000102833 0.000305925 8.46568e-05 6.83959e-05
0.766032 0.0135287 0.0136259 0.0134316 0.00150977 0.00179909 0.00122044 0.0047334 9.71795e-05 0.000289323 8.00725e-05 6.4739e-05
0.769423 0.0126541 0.0127458 0.0125623 0.00140531 0.00167872 0.0011319 0.00451461 9.17653e-05 0.000273413 7.56767e-05 6.12282e-05
0.772814 0.0118227 0.0119092 0.0117361 0.00130683 0.00156501 0.00104866 0.00430298 8.65835e-05 0.000258174 7.14639e-05 5.78597e-05
0.776205 0.0110332 0.0111148 0.0109515 0.00121406 0.00145765 0.00097047 0.00409838 8.16268e-05 0.000243588 6.74289e-05 5.46297e-05
0.779596 0.0102842 0.0103611 0.0102073 0.00112673 0.00135636 0.000897094 0.00390067 7.68884e-05 0.000229633 6.35667e-05 5.15344e-05
0.782986 0.00957437 0.00964673 0.00950201 0.00104459 0.00126088 0.000828298 0.00370971 7.23615e-05 0.000216292 5.98721e-05 4.85702e-05
0.786377 0.00890232 0.00897036 0.00883428 0.000967403 0.00117095 0.000763859 0.00352536 6.80392e-05 0.000203544 5.63402e-05 4.57335e-05
0.789768 0.00826673 0.00833065 0.00820282 0.00089493 0.0010863 0.000703558 0.00334749 6.39151e-05 0.000191372 5.29661e-05 4.30206e-05
0.793159 0.00766627 0.00772625 0.00760628 0.000826946 0.0010067 0.000647189 0.00317596 5.99828e-05 0.000179757 4.9745e-05 4.04281e-05
0.79655 0.00709962 0.00715586 0.00704339 0.00076323 0.000931911 0.000594549 0.00301064 5.6236e-05 0.000168681 4.66722e-05 3.79524e-05
0.799941 0.00656551 0.00661818 0.00651284 0.000703572 0.0008617 0.000545445 0.0028514 5.26685e-05 0.000158127 4.37431e-05 3.55901e-05
0.803332 0.00606267 0.00611194 0.00601339 0.000647769 0.000795847 0.00049969 0.00269811 4.92743e-05 0.000148078 4.09532e-05 3.33378e-05
0.806722 0.00558984 0.00563589 0.0055438 0.000595623 0.00073414 0.000457105 0.00255064 4.60475e-05 0.000138517 3.82978e-05 3.11922e-05
0.810113 0.00514581 0.00518879 0.00510283 0.000546946 0.000676374 0.000417519 0.00240887 4.29824e-05 0.000129427 3.57727e-05 2.915e-05
0.813504 0.00472936 0.00476944 0.00468929 0.000501556 0.000622349 0.000380763 0.00227265 4.00734e-05 0.000120793 3.33736e-05 2.72079e-05
0.816895 0.00433931 0.00437663 0.004302 0.000459279 0.000571877 0.00034668 0.00214187 3.73148e-05 0.000112598 3.10962e-05 2.53627e-05
0.820286 0.0039745 0.0040092 0.0039398 0.000419945 0.000524773 0.000315118 0.00201641 3.47013e-05 0.000104827 2.89363e-05 2.36112e-05
0.823677 0.00363379 0.00366602 0.00360156 0.000383395 0.00048086 0.000285929 0.00189613 3.22276e-05 9.74656e-05 2.68899e-05 2.19504e-05
0.827067 0.00331607 0.00334596 0.00328618 0.000349471 0.000439969 0.000258974 0.00178092 2.98885e-05 9.04977e-05 2.49529e-05 2.03771e-05
0.830458 0.00302024 0.00304792 0.00299256 0.000318027 0.000401936 0.000234118 0.00167065 2.7679e-05 8.39094e-05 2.31215e-05 1.88885e-05
0.833849 0.00274525 0.00277084 0.00271965 0.000288919 0.000366605 0.000211232 0.0015652 2.55942e-05 7.76864e-05 2.13917e-05 1.74814e-05
0.83724 0.00249005 0.00251368 0.00246642 0.00026201 0.000333825 0.000190195 0.00146445 2.36291e-05 7.18148e-05 1.97598e-05 1.61529e-05
0.840631 0.00225363 0.00227541 0.00223185 0.00023717 0.000303451 0.000170889 0.00136828 2.17791e-05 6.6281e-05 1.82221e-05 1.49003e-05
0.844022 0.00203502 0.00205506 0.00201498 0.000214274 0.000275345 0.000153202 0.00127657 2.00395e-05 6.10717e-05 1.67749e-05 1.37206e-05
0.847412 0.00183325 0.00185165 0.00181484 0.000193201 0.000249375 0.000137027 0.0011892 1.84058e-05 5.61739e-05 1.54146e-05 1.26111e-05
0.850803 0.00164738 0.00166426 0.00163051 0.000173839 0.000225414 0.000122264 0.00110606 1.68737e-05 5.15748e-05 1.41378e-05 1.1569e-05
0.854194 0.00147653 0.00149197 0.00146109 0.000156077 0.000203339 0.000108815 0.00102702 1.54387e-05 4.72621e-05 1.29411e-05 1.05917e-05
0.857585 0.0013198 0.0013339 0.00130571 0.000139812 0.000183036 9.65887e-05 0.000951984 1.40968e-05 4.32235e-05 1.18211e-05 9.67659e-06
0.860976 0.00117636 0.00118921 0.00116352 0.000124945 0.000164392 8.54978e-05 0.000880824 1.28437e-05 3.94473e-05 1.07744e-05 8.82097e-06
0.864367 0.00104539 0.00105707 0.00103372 0.000111381 0.000147303 7.54595e-05 0.000813429 1.16755e-05 3.59218e-05 9.79796e-06 8.02235e-06
0.867757 0.000926103 0.000936691 0.000915515 9.90313e-05 0.000131667 6.63955e-05 0.000749686 1.05883e-05 3.26358e-05 8.88855e-06 7.27823e-06
0.871148 0.000817729 0.000827307 0.000808151 8.781e-05 0.000117388 5.82318e-05 0.000689482 9.57824e-06 2.95782e-05 8.04312e-06 6.58619e-06
0.874539 0.000719541 0.000728183 0.0007109 7.76364e-05 0.000104375 5.08981e-05 0.000632706 8.64162e-06 2.67383e-05 7.25867e-06 5.94382e-06
0.87793 0.000630836 0.000638611 0.000623061 6.8434e-05 9.25395e-05 4.43284e-05 0.000579248 7.77483e-06 2.41056e-05 6.53225e-06 5.34878e-06
0.881321 0.000550939 0.000557914 0.000543965 6.013e-05 8.17998e-05 3.84602e-05 0.000528996 6.97433e-06 2.16698e-05 5.86102e-06 4.79878e-06
0.884712 0.000479205 0.000485442 0.000472968 5.2656e-05 7.20771e-05 3.32348e-05 0.000481843 6.2367e-06 1.94211e-05 5.24216e-06 4.29158e-06
0.888102 0.000415016 0.000420574 0.000409457 4.5947e-05 6.32968e-05 2.85972e-05 0.000437679 5.55859e-06 1.73498e-05 4.67295e-06 3.82498e-06
0.891493 0.000357783 0.000362719 0.000352846 3.99419e-05 5.53883e-05 2.44955e-05 0.000396398 4.93676e-06 1.54464e-05 4.15075e-06 3.39684e-06
0.894884 0.000306945 0.000311313 0.000302577 3.45829e-05 4.82846e-05 2.08811e-05 0.000357892 4.36806e-06 1.37018e-05 3.67295e-06 3.00507e-06
0.898275 0.00026197 0.000265819 0.000258121 2.98158e-05 4.19229e-05 1.77088e-05 0.000322056 3.84942e-06 1.2107e-05 3.23704e-06 2.64762e-06
0.901666 0.000222353 0.000225731 0.000218975 2.55897e-05 3.62432e-05 1.49362e-05 0.000288785 3.37787e-06 1.06535e-05 2.84057e-06 2.32252e-06
0.905057 0.000187614 0.000190565 0.000184664 2.18568e-05 3.11896e-05 1.2524e-05 0.000257974 2.95052e-06 9.3328e-06 2.48116e-06 2.02783e-06
0.908447 0.000157304 0.000159869 0.00015474 1.85721e-05 2.67089e-05 1.04353e-05 0.00022952 2.56457e-06 8.1368e-06 2.15649e-06 1.76166e-06
0.911838 0.000130997 0.000133215 0.00012878 1.56938e-05 2.27514e-05 8.63623e-06 0.000203321 2.21733e-06 7.05759e-06 1.86432e-06 1.52217e-06
0.915229 0.000108295 0.000110201 0.000106389 1.31829e-05 1.92704e-05 7.09536e-06 0.000179276 1.90618e-06 6.08754e-06 1.60247e-06 1.30761e-06
0.91862 8.88238e-05 9.04524e-05 8.71952e-05 1.10029e-05 1.62222e-05 5.78366e-06 0.000157282 1.62858e-06 5.21926e-06 1.36884e-06 1.11623e-06
0.922011 7.22356e-05 7.36177e-05 7.08535e-05 9.12002e-06 1.35656e-05 4.67444e-06 0.000137242 1.3821e-06 4.44559e-06 1.16139e-06 9.46382e-07
0.925402 5.82062e-05 5.93706e-05 5.70418e-05 7.50284e-06 1.12625e-05 3.74321e-06 0.000119056 1.16438e-06 3.75963e-06 9.78161e-07 7.96437e-07
0.928792 4.64354e-05 4.74085e-05 4.54622e-05 6.12235e-06 9.27708e-06 2.96761e-06 0.000102626 9.73148e-07 3.15474e-06 8.17246e-07 6.64842e-07
0.932183 3.66459e-05 3.74521e-05 3.58397e-05 4.95174e-06 7.57623e-06 2.32725e-06 8.78569e-05 8.06238e-07 2.62449e-06 6.76821e-07 5.50092e-07
0.935574 2.8583e-05 2.92446e-05 2.79215e-05 3.96638e-06 6.1291e-06 1.80366e-06 7.46519e-05 6.61552e-07 2.16272e-06 5.5513e-07 4.5074e-07
0.938965 2.20136e-05 2.25507e-05 2.14765e-05 3.14365e-06 4.90715e-06 1.38014e-06 6.29169e-05 5.37087e-07 1.7635e-06 4.50487e-07 3.65396e-07
0.942356 1.67256e-05 1.71566e-05 1.62947e-05 2.46286e-06 3.88402e-06 1.0417e-06 5.25591e-05 4.30925e-07 1.42116e-06 3.61278e-07 2.92728e-07
0.945747 1.25271e-05 1.28684e-05 1.21859e-05 1.9052e-06 3.03545e-06 7.74944e-07 4.34865e-05 3.41236e-07 1.13025e-06 2.85959e-07 2.31462e-07
0.949137 9.2455e-06 9.51178e-06 8.97922e-06 1.45356e-06 2.33914e-06 5.67974e-07 3.56089e-05 2.66279e-07 8.85583e-07 2.23061e-07 1.80381e-07
0.952528 6.72693e-06 6.93133e-06 6.52253e-06 1.09251e-06 1.77472e-06 4.10311e-07 2.88375e-05 2.04399e-07 6.82202e-07 1.71186e-07 1.3833e-07
0.955919 4.83523e-06 4.98926e-06 4.6812e-06 8.08195e-07 1.3236e-06 2.92789e-07 2.30855e-05 1.54032e-07 5.15406e-07 1.29009e-07 1.04213e-07
0.95931 3.45122e-06 3.56492e-06 3.33752e-06 5.88219e-07 9.68955e-07 2.07483e-07 1.8268e-05 1.137e-07 3.80736e-07 9.52803e-08 7.69974e-08
0.962701 2.47187e-06 2.55388e-06 2.38985e-06 4.21599e-07 6.95583e-07 1.47614e-07 1.43027e-05 8.20162e-08 2.73984e-07 6.88255e-08 5.57106e-08
0.966092 1.80952e-06 1.8672e-06 1.75183e-06 2.98681e-07 4.89874e-07 1.07487e-07 1.11106e-05 5.76845e-08 1.91193e-07 4.85457e-08 3.94442e-08
0.969482 1.39132e-06 1.43082e-06 1.35182e-06 2.11077e-07 3.39737e-07 8.24158e-08 8.61724e-06 3.94993e-08 1.28661e-07 3.34193e-08 2.7354e-08
0.972873 1.15892e-06 1.18526e-06 1.13257e-06 1.51628e-07 2.34571e-07 6.86854e-08 6.75475e-06 2.63474e-08 8.29429e-08 2.25027e-08 1.86608e-08
0.976264 1.06886e-06 1.08606e-06 1.05165e-06 1.14417e-07 1.65277e-07 6.35565e-08 5.46676e-06 1.72085e-08 5.08603e-08 1.49311e-08 1.26515e-08
0.979655 1.09507e-06 1.10622e-06 1.08391e-06 9.48964e-08 1.24399e-07 6.53934e-08 4.71904e-06 1.11557e-08 2.9503e-08 9.91877e-09 8.67854e-09
0.983046 1.23761e-06 1.24496e-06 1.23025e-06 9.0414e-08 1.06651e-07 7.41769e-08 4.52913e-06 7.3531e-09 1.62371e-08 6.75646e-09 6.15719e-09
0.986437 1.55799e-06 1.56304e-06 1.55295e-06 1.02329e-07 1.11038e-07 9.36198e-08 5.0719e-06 5.04416e-09 8.70906e-09 4.79901e-09 4.55234e-09
0.989827 2.4119e-06 2.41538e-06 2.40841e-06 1.50016e-07 1.54844e-07 1.45189e-07 7.28311e-06 3.48434e-09 4.82712e-09 3.39491e-09 3.30475e-09
0.993218 1.20112e-05 1.20116e-05 1.20108e-05 7.27184e-07 7.30303e-07 7.24064e-07 4.31618e-05 3.67316e-10 3.11967e-09 1.84525e-10 2.11758e-22
4.01075e-314 inf inf inf inf inf inf 0.00130573 32.6287 1.09069 0.806578 0.507214
