9.72476e-05 8.93614 9.59008 8.2822 3.98678 4.42728 3.54628 17.7267 0.653939 0.440504 0.271413 0.261838
0.0001 8.87841 9.52959 8.22724 3.96069 4.39892 3.52245 17.5519 0.651176 0.438234 0.269225 0.259547
0.00010283 8.82132 9.46974 8.17289 3.93488 4.37086 3.4989 17.3785 0.648429 0.43598 0.267053 0.257271
0.000105741 8.76569 9.41139 8.11999 3.90973 4.34347 3.47598 17.2066 0.645697 0.433742 0.264899 0.255012
0.000108734 8.70794 9.35092 8.06496 3.88365 4.31517 3.45213 17.036 0.642981 0.431519 0.262762 0.252769
0.000111811 8.65051 9.29079 8.01023 3.85772 4.28703 3.42841 16.8669 0.64028 0.429312 0.260642 0.250541
0.000114976 8.5934 9.23099 7.95581 3.83194 4.25906 3.40482 16.6991 0.637594 0.427121 0.258538 0.248329
0.00011823 8.53661 9.17153 7.90169 3.80631 4.23125 3.38136 16.5327 0.634923 0.424945 0.256451 0.246133
0.000121576 8.48013 9.1124 7.84787 3.78082 4.2036 3.35804 16.3677 0.632267 0.422784 0.254381 0.243952
0.000125017 8.42397 9.0536 7.79434 3.75548 4.17612 3.33484 16.204 0.629626 0.420638 0.252327 0.241787
0.000128556 8.36812 8.99512 7.74112 3.73029 4.14879 3.31178 16.0417 0.627 0.418508 0.25029 0.239637
0.000132194 8.31258 8.93697 7.6882 3.70524 4.12163 3.28885 15.8807 0.624388 0.416392 0.24827 0.237503
0.000135936 8.25736 8.87915 7.63557 3.68034 4.09463 3.26604 15.7211 0.62179 0.414292 0.246265 0.235384
0.000139783 8.20243 8.82164 7.58322 3.65557 4.06778 3.24337 15.5628 0.619207 0.412206 0.244277 0.23328
0.000143739 8.14782 8.76446 7.53119 3.63096 4.04109 3.22082 15.4057 0.616638 0.410135 0.242305 0.231191
0.000147808 8.09351 8.7076 7.47943 3.60648 4.01456 3.1984 15.25 0.614083 0.408078 0.240349 0.229116
0.000151991 8.03951 8.65105 7.42797 3.58214 3.98818 3.17611 15.0956 0.611542 0.406036 0.23841 0.227057
0.000156293 7.98581 8.59482 7.37679 3.55795 3.96196 3.15394 14.9425 0.609015 0.404009 0.236486 0.225013
0.000160717 7.93241 8.53891 7.32591 3.5339 3.93589 3.1319 14.7906 0.606502 0.401996 0.234578 0.222983
0.000165265 7.8793 8.48331 7.2753 3.50998 3.90998 3.10998 14.64 0.604002 0.399997 0.232685 0.220967
0.000169943 7.82651 8.42802 7.22499 3.48621 3.88422 3.0882 14.4907 0.601516 0.398012 0.230809 0.218967
0.000174753 7.774 8.37304 7.17496 3.46257 3.85861 3.06653 14.3426 0.599043 0.396042 0.228948 0.21698
0.000179699 7.72179 8.31837 7.1252 3.43907 3.83316 3.04499 14.1957 0.596583 0.394085 0.227103 0.215008
0.000184785 7.66987 8.26401 7.07574 3.41571 3.80785 3.02357 14.0501 0.594137 0.392142 0.225273 0.21305
0.000190015 7.61825 8.20995 7.02654 3.39248 3.78269 3.00227 13.9057 0.591704 0.390213 0.223458 0.211107
0.000195393 7.56691 8.15619 6.97763 3.36939 3.75769 2.98109 13.7625 0.589283 0.388298 0.221659 0.209177
0.000200923 7.51587 8.10274 6.92899 3.34643 3.73283 2.96004 13.6205 0.586875 0.386396 0.219875 0.207262
0.00020661 7.46511 8.04959 6.88063 3.32361 3.70812 2.9391 13.4798 0.58448 0.384508 0.218106 0.20536
0.000212458 7.41464 7.99674 6.83254 3.30092 3.68355 2.91828 13.3402 0.582098 0.382633 0.216353 0.203472
0.000218471 7.36446 7.94419 6.78473 3.27836 3.65914 2.89759 13.2017 0.579728 0.380771 0.214614 0.201598
0.000224655 7.31456 7.89193 6.73719 3.25594 3.63486 2.87702 13.0645 0.57737 0.378923 0.212891 0.199738
0.000231013 7.26494 7.83997 6.68992 3.23365 3.61073 2.85656 12.9284 0.575024 0.377088 0.211182 0.197891
0.000237551 7.21561 7.78831 6.64292 3.21149 3.58675 2.83622 12.7935 0.572691 0.375266 0.209488 0.196058
0.000244275 7.16656 7.73692 6.59619 3.18945 3.56291 2.816 12.6597 0.570369 0.373457 0.207808 0.194238
0.000251189 7.11778 7.68584 6.54972 3.16755 3.53921 2.79589 12.527 0.568059 0.37166 0.206144 0.192431
0.000258298 7.06928 7.63504 6.50352 3.14578 3.51566 2.7759 12.3955 0.565761 0.369877 0.204494 0.190638
0.000265609 7.02106 7.58453 6.45758 3.12413 3.49224 2.75603 12.2651 0.563475 0.368106 0.202859 0.188858
0.000273126 6.97311 7.53431 6.41191 3.10262 3.46896 2.73627 12.1358 0.561199 0.366348 0.201237 0.187091
0.000280857 6.92544 7.48437 6.3665 3.08123 3.44583 2.71663 12.0076 0.558936 0.364602 0.199631 0.185338
0.000288806 6.87803 7.43472 6.32135 3.05997 3.42284 2.6971 11.8806 0.556683 0.362869 0.198039 0.183597
0.00029698 6.8309 7.38534 6.27646 3.03883 3.39998 2.67768 11.7546 0.554442 0.361148 0.196461 0.181869
0.000305386 6.78404 7.33625 6.23183 3.01782 3.37726 2.65838 11.6297 0.552211 0.35944 0.194897 0.180154
0.000314029 6.73744 7.28743 6.18745 2.99693 3.35467 2.63919 11.5058 0.549991 0.357743 0.193347 0.178451
0.000322917 6.69111 7.23889 6.14333 2.97617 3.33222 2.62011 11.3831 0.547782 0.356058 0.191812 0.176762
0.000332057 6.64504 7.19063 6.09946 2.95552 3.30991 2.60114 11.2613 0.545584 0.354386 0.19029 0.175084
0.000341455 6.59925 7.14264 6.05585 2.93501 3.28774 2.58228 11.1407 0.543396 0.352725 0.188782 0.17342
0.000351119 6.55371 7.09492 6.01249 2.91461 3.26569 2.56354 11.0211 0.541218 0.351077 0.187288 0.171768
0.000361057 6.50843 7.04748 5.96938 2.89434 3.24378 2.5449 10.9025 0.539051 0.34944 0.185808 0.170128
0.000371276 6.46342 7.00031 5.92652 2.87419 3.222 2.52638 10.7849 0.536893 0.347814 0.184342 0.168501
0.000381784 6.41866 6.9534 5.88391 2.85416 3.20036 2.50796 10.6684 0.534746 0.3462 0.182889 0.166885
0.00039259 6.37416 6.90677 5.84155 2.83425 3.17884 2.48965 10.5529 0.532608 0.344598 0.18145 0.165282
0.000403702 6.32991 6.86039 5.79943 2.81445 3.15746 2.47145 10.4383 0.53048 0.343007 0.180024 0.163691
0.000415128 6.28593 6.81429 5.75756 2.79478 3.13621 2.45335 10.3248 0.528361 0.341427 0.178612 0.162112
0.000426877 6.24219 6.76844 5.71594 2.77522 3.11508 2.43536 10.2123 0.526252 0.339858 0.177213 0.160545
0.000438959 6.19871 6.72286 5.67456 2.75578 3.09409 2.41748 10.1008 0.524152 0.338301 0.175828 0.15899
0.000451383 6.15548 6.67754 5.63341 2.73646 3.07322 2.39971 9.9902 0.522061 0.336755 0.174455 0.157446
0.000464159 6.11249 6.63247 5.59251 2.71726 3.05248 2.38204 9.8806 0.519979 0.335219 0.173096 0.155915
0.000477296 6.06976 6.58767 5.55186 2.69817 3.03186 2.36447 9.77197 0.517906 0.333694 0.17175 0.154395
0.000490805 6.02727 6.54311 5.51143 2.67919 3.01137 2.34701 9.6643 0.515842 0.33218 0.170418 0.152886
0.000504697 5.98504 6.49882 5.47125 2.66033 2.99101 2.32966 9.55757 0.513786 0.330677 0.169098 0.15139
0.000518981 5.94304 6.45478 5.4313 2.64159 2.97077 2.3124 9.45178 0.511739 0.329184 0.167791 0.149904
0.00053367 5.90129 6.41099 5.39159 2.62295 2.95066 2.29525 9.34693 0.509699 0.327702 0.166497 0.14843
0.000548775 5.85978 6.36744 5.35211 2.60443 2.93066 2.2782 9.24301 0.507669 0.32623 0.165215 0.146968
0.000564307 5.81851 6.32416 5.31286 2.58603 2.9108 2.26126 9.14001 0.505646 0.324769 0.163947 0.145516
0.000580278 5.77748 6.28111 5.27385 2.56773 2.89105 2.24441 9.03793 0.50363 0.323317 0.162691 0.144076
0.000596702 5.73669 6.23831 5.23507 2.54955 2.87142 2.22767 8.93675 0.501623 0.321876 0.161448 0.142647
0.000613591 5.69614 6.19576 5.19652 2.53147 2.85192 2.21103 8.83647 0.499623 0.320445 0.160217 0.141229
0.000630957 5.65582 6.15345 5.15819 2.51351 2.83253 2.19449 8.73709 0.497631 0.319024 0.158999 0.139822
0.000648815 5.61574 6.11139 5.1201 2.49566 2.81327 2.17804 8.6386 0.495645 0.317612 0.157793 0.138426
0.000667179 5.57589 6.06956 5.08223 2.47791 2.79412 2.1617 8.54099 0.493667 0.316211 0.156599 0.137041
0.000686062 5.53628 6.02797 5.04458 2.46027 2.77509 2.14545 8.44425 0.491696 0.314819 0.155418 0.135666
0.00070548 5.49689 5.98662 5.00716 2.44274 2.75618 2.12931 8.34838 0.489732 0.313437 0.154249 0.134303
0.000725448 5.45774 5.94552 4.96997 2.42532 2.73739 2.11326 8.25338 0.487774 0.312064 0.153092 0.13295
0.00074598 5.41881 5.90464 4.93299 2.40801 2.71871 2.09731 8.15923 0.485823 0.310701 0.151947 0.131607
0.000767094 5.38012 5.864 4.89624 2.3908 2.70015 2.08145 8.06593 0.483878 0.309347 0.150815 0.130276
0.000788805 5.34165 5.82359 4.85971 2.3737 2.6817 2.06569 7.97347 0.481939 0.308002 0.149694 0.128954
0.000811131 5.3034 5.78341 4.8234 2.3567 2.66336 2.05003 7.88185 0.480006 0.306666 0.148585 0.127643
0.000834088 5.26538 5.74346 4.7873 2.3398 2.64514 2.03446 7.79106 0.478079 0.30534 0.147488 0.126343
0.000857696 5.22758 5.70374 4.75143 2.32301 2.62704 2.01899 7.7011 0.476158 0.304022 0.146403 0.125053
0.000881971 5.19001 5.66425 4.71577 2.30633 2.60904 2.00361 7.61195 0.474242 0.302714 0.145329 0.123773
0.000906934 5.15265 5.62498 4.68032 2.28974 2.59116 1.98833 7.52362 0.472331 0.301414 0.144267 0.122503
0.000932603 5.11552 5.58594 4.64509 2.27327 2.57339 1.97314 7.43609 0.470426 0.300123 0.143217 0.121243
0.000958999 5.0786 5.54712 4.61007 2.25689 2.55573 1.95805 7.34937 0.468526 0.29884 0.142178 0.119994
0.000986142 5.0419 5.50853 4.57527 2.24061 2.53818 1.94304 7.26344 0.46663 0.297566 0.14115 0.118754
0.00101405 5.00541 5.47015 4.54067 2.22443 2.52073 1.92813 7.1783 0.464739 0.2963 0.140134 0.117525
0.00104275 4.96914 5.43199 4.50629 2.20836 2.5034 1.91331 7.09394 0.462853 0.295043 0.139129 0.116305
0.00107227 4.93309 5.39406 4.47212 2.19238 2.48618 1.89859 7.01036 0.460971 0.293794 0.138136 0.115095
0.00110262 4.89724 5.35633 4.43815 2.1765 2.46906 1.88395 6.92755 0.459093 0.292553 0.137153 0.113895
0.00113382 4.86161 5.31883 4.40439 2.16073 2.45205 1.86941 6.8455 0.457218 0.29132 0.136182 0.112704
0.00116591 4.82619 5.28153 4.37084 2.14505 2.43514 1.85495 6.76422 0.455348 0.290095 0.135221 0.111524
0.00119891 4.79097 5.24445 4.33749 2.12946 2.41834 1.84059 6.68369 0.453481 0.288877 0.134272 0.110353
0.00123285 4.75597 5.20758 4.30435 2.11398 2.40165 1.82631 6.60391 0.451618 0.287668 0.133333 0.109191
0.00126774 4.72117 5.17093 4.27141 2.09859 2.38506 1.81213 6.52487 0.449758 0.286466 0.132405 0.108039
0.00130362 4.68658 5.13448 4.23868 2.0833 2.36857 1.79803 6.44657 0.4479 0.285272 0.131488 0.106896
0.00134052 4.65219 5.09823 4.20614 2.0681 2.35219 1.78402 6.369 0.446046 0.284085 0.130582 0.105763
0.00137846 4.618 5.0622 4.17381 2.053 2.33591 1.7701 6.29215 0.444194 0.282906 0.129686 0.104639
0.00141747 4.58402 5.02636 4.14167 2.038 2.31973 1.75626 6.21603 0.442345 0.281734 0.1288 0.103524
0.00145759 4.55023 4.99073 4.10974 2.02308 2.30365 1.74252 6.14063 0.440497 0.280569 0.127925 0.102419
0.00149885 4.51665 4.9553 4.078 2.00827 2.28768 1.72886 6.06594 0.438652 0.279411 0.127061 0.101322
0.00154127 4.48327 4.92008 4.04646 1.99354 2.2718 1.71528 5.99194 0.436808 0.27826 0.126206 0.100235
0.00158489 4.45008 4.88505 4.01511 1.97891 2.25602 1.70179 5.91866 0.434967 0.277115 0.125362 0.0991568
0.00162975 4.41709 4.85022 3.98397 1.96437 2.24035 1.68839 5.84606 0.433126 0.275978 0.124528 0.0980876
0.00167588 4.3843 4.81559 3.95301 1.94992 2.22477 1.67507 5.77415 0.431287 0.274847 0.123704 0.0970273
0.00172331 4.3517 4.78115 3.92225 1.93556 2.20929 1.66184 5.70293 0.429448 0.273723 0.12289 0.0959758
0.00177209 4.31929 4.7469 3.89168 1.9213 2.1939 1.64869 5.63239 0.427611 0.272605 0.122085 0.0949333
0.00182224 4.28708 4.71285 3.86131 1.90712 2.17861 1.63563 5.56252 0.425773 0.271494 0.121291 0.0938994
0.00187382 4.25506 4.67899 3.83112 1.89303 2.16342 1.62264 5.49332 0.423937 0.270388 0.120506 0.0928743
0.00192685 4.22322 4.64532 3.80112 1.87904 2.14832 1.60975 5.42479 0.4221 0.269289 0.119731 0.0918579
0.00198139 4.19158 4.61184 3.77131 1.86513 2.13332 1.59693 5.35691 0.420263 0.268196 0.118965 0.09085
0.00203747 4.16012 4.57855 3.74169 1.85131 2.11841 1.5842 5.28969 0.418426 0.267109 0.118209 0.0898508
0.00209514 4.12885 4.54544 3.71226 1.83757 2.1036 1.57155 5.22311 0.416588 0.266027 0.117461 0.08886
0.00215443 4.09776 4.51251 3.68301 1.82393 2.08888 1.55898 5.15718 0.414749 0.264951 0.116724 0.0878777
0.00221541 4.06686 4.47977 3.65396 1.81037 2.07425 1.54649 5.09189 0.412909 0.263881 0.115995 0.0869038
0.00227812 4.03615 4.44722 3.62508 1.7969 2.05971 1.53408 5.02724 0.411068 0.262816 0.115275 0.0859383
0.00234259 4.00561 4.41484 3.59639 1.78351 2.04526 1.52175 4.96322 0.409225 0.261757 0.114565 0.0849811
0.0024089 3.97526 4.38264 3.56788 1.77021 2.03091 1.5095 4.89982 0.407381 0.260702 0.113863 0.0840321
0.00247708 3.94509 4.35062 3.53955 1.75699 2.01664 1.49734 4.83703 0.405534 0.259653 0.11317 0.0830913
0.00254719 3.91509 4.31878 3.51141 1.74386 2.00247 1.48525 4.77487 0.403686 0.258608 0.112485 0.0821587
0.00261928 3.88527 4.28711 3.48344 1.73081 1.98838 1.47324 4.71332 0.401834 0.257569 0.111809 0.0812341
0.00269341 3.85564 4.25562 3.45566 1.71784 1.97438 1.46131 4.65237 0.39998 0.256534 0.111142 0.0803176
0.00276965 3.82617 4.22429 3.42805 1.70496 1.96047 1.44946 4.59203 0.398123 0.255504 0.110482 0.0794091
0.00284804 3.79688 4.19314 3.40062 1.69216 1.94664 1.43768 4.53228 0.396263 0.254478 0.109831 0.0785086
0.00292864 3.76777 4.16217 3.37337 1.67944 1.9329 1.42599 4.47313 0.394399 0.253457 0.109188 0.0776159
0.00301153 3.73882 4.13135 3.34629 1.66681 1.91925 1.41437 4.41457 0.392531 0.25244 0.108554 0.0767311
0.00309677 3.71005 4.10071 3.31939 1.65425 1.90568 1.40282 4.35659 0.39066 0.251427 0.107926 0.0758541
0.00318442 3.68145 4.07023 3.29267 1.64178 1.89219 1.39136 4.29919 0.388783 0.250417 0.107307 0.0749848
0.00327455 3.65302 4.03992 3.26611 1.62938 1.87879 1.37997 4.24236 0.386903 0.249412 0.106696 0.0741233
0.00336723 3.62475 4.00977 3.23974 1.61706 1.86548 1.36865 4.18611 0.385017 0.24841 0.106091 0.0732693
0.00346253 3.59666 3.97978 3.21353 1.60483 1.85224 1.35742 4.13042 0.383127 0.247412 0.105495 0.072423
0.00356053 3.56873 3.94996 3.18749 1.59267 1.83909 1.34625 4.0753 0.381231 0.246418 0.104905 0.0715842
0.00366131 3.54096 3.92029 3.16163 1.58059 1.82602 1.33516 4.02073 0.379329 0.245426 0.104323 0.0707529
0.00376494 3.51336 3.89078 3.13594 1.56859 1.81303 1.32415 3.96672 0.377422 0.244438 0.103747 0.0699291
0.0038715 3.48592 3.86143 3.11041 1.55666 1.80011 1.31321 3.91325 0.375508 0.243453 0.103179 0.0691126
0.00398107 3.45865 3.83223 3.08506 1.54481 1.78728 1.30234 3.86034 0.373587 0.242471 0.102617 0.0683035
0.00409375 3.43153 3.80319 3.05987 1.53304 1.77453 1.29155 3.80796 0.37166 0.241491 0.102062 0.0675017
0.00420962 3.40457 3.7743 3.03485 1.52134 1.76186 1.28083 3.75612 0.369726 0.240514 0.101513 0.0667072
0.00432876 3.37778 3.74556 3.00999 1.50972 1.74926 1.27018 3.70482 0.367785 0.239539 0.10097 0.0659199
0.00445128 3.35114 3.71697 2.9853 1.49817 1.73674 1.25961 3.65404 0.365836 0.238567 0.100434 0.0651397
0.00457727 3.32466 3.68854 2.96078 1.4867 1.7243 1.2491 3.60379 0.363879 0.237596 0.0999033 0.0643666
0.00470682 3.29833 3.66024 2.93642 1.4753 1.71193 1.23867 3.55407 0.361914 0.236628 0.0993788 0.0636006
0.00484003 3.27216 3.6321 2.91222 1.46398 1.69964 1.22831 3.50486 0.35994 0.235662 0.0988599 0.0628416
0.00497702 3.24614 3.6041 2.88818 1.45272 1.68742 1.21803 3.45616 0.357958 0.234697 0.0983465 0.0620895
0.00511789 3.22028 3.57624 2.86431 1.44154 1.67528 1.20781 3.40797 0.355966 0.233733 0.0978385 0.0613444
0.00526274 3.19456 3.54853 2.8406 1.43043 1.6632 1.19766 3.36029 0.353965 0.232771 0.0973357 0.0606061
0.0054117 3.169 3.52095 2.81704 1.4194 1.65121 1.18758 3.31311 0.351955 0.231811 0.0968379 0.0598747
0.00556486 3.14359 3.49352 2.79365 1.40843 1.63928 1.17758 3.26643 0.349935 0.230851 0.0963449 0.05915
0.00572237 3.11832 3.46622 2.77042 1.39753 1.62742 1.16764 3.22025 0.347904 0.229892 0.0958566 0.058432
0.00588433 3.0932 3.43907 2.74734 1.3867 1.61564 1.15777 3.17455 0.345864 0.228933 0.0953729 0.0577207
0.00605088 3.06823 3.41204 2.72442 1.37595 1.60392 1.14797 3.12934 0.343812 0.227975 0.0948934 0.057016
0.00622213 3.04341 3.38516 2.70166 1.36526 1.59228 1.13824 3.08462 0.341749 0.227018 0.0944181 0.0563179
0.00639824 3.01873 3.3584 2.67905 1.35464 1.5807 1.12858 3.04037 0.339675 0.22606 0.0939467 0.0556263
0.00657933 2.99419 3.33178 2.6566 1.34409 1.56919 1.11898 2.9966 0.337589 0.225103 0.0934791 0.0549412
0.00676555 2.96979 3.30529 2.6343 1.3336 1.55775 1.10946 2.9533 0.335492 0.224145 0.093015 0.0542626
0.00695704 2.94554 3.27892 2.61216 1.32318 1.54637 1.1 2.91048 0.333382 0.223187 0.0925543 0.0535903
0.00715394 2.92143 3.25269 2.59017 1.31283 1.53506 1.0906 2.86811 0.33126 0.222229 0.0920967 0.0529243
0.00735642 2.89746 3.22658 2.56833 1.30254 1.52381 1.08128 2.82621 0.329125 0.221269 0.0916421 0.0522647
0.00756463 2.87362 3.2006 2.54665 1.29232 1.51263 1.07202 2.78477 0.326977 0.220309 0.0911903 0.0516112
0.00777874 2.84993 3.17474 2.52511 1.28217 1.50152 1.06282 2.74378 0.324816 0.219347 0.0907409 0.050964
0.0079989 2.82637 3.14901 2.50373 1.27208 1.49046 1.05369 2.70324 0.322641 0.218385 0.0902939 0.0503229
0.0082253 2.80295 3.1234 2.48249 1.26205 1.47947 1.04463 2.66316 0.320453 0.21742 0.089849 0.0496879
0.0084581 2.77966 3.09791 2.46141 1.25209 1.46854 1.03563 2.62351 0.318251 0.216454 0.089406 0.0490589
0.00869749 2.75651 3.07254 2.44047 1.24218 1.45767 1.0267 2.58431 0.316034 0.215486 0.0889647 0.048436
0.00894366 2.73348 3.04729 2.41968 1.23234 1.44686 1.01783 2.54554 0.313802 0.214516 0.0885247 0.047819
0.00919679 2.7106 3.02215 2.39904 1.22257 1.43611 1.00902 2.50721 0.311556 0.213543 0.088086 0.0472079
0.00945709 2.68784 2.99713 2.37854 1.21285 1.42542 1.00028 2.46931 0.309295 0.212568 0.0876483 0.0466026
0.00972476 2.66521 2.97223 2.35819 1.2032 1.41479 0.991605 2.43183 0.307019 0.211591 0.0872112 0.0460032
0.01 2.64272 2.94744 2.33799 1.1936 1.40421 0.98299 2.39478 0.304727 0.21061 0.0867747 0.0454095
0.010283 2.62035 2.92277 2.31793 1.18406 1.39369 0.974438 2.35815 0.30242 0.209626 0.0863385 0.0448215
0.0105741 2.59811 2.8982 2.29801 1.17459 1.38323 0.965949 2.32194 0.300096 0.208639 0.0859022 0.0442391
0.0108734 2.57599 2.87375 2.27824 1.16517 1.37282 0.957522 2.28615 0.297757 0.207648 0.0854657 0.0436624
0.0111811 2.554 2.8494 2.2586 1.15581 1.36246 0.949156 2.25076 0.295401 0.206653 0.0850288 0.0430913
0.0114976 2.53214 2.82517 2.23911 1.14651 1.35216 0.940853 2.21578 0.293028 0.205654 0.0845911 0.0425256
0.011823 2.5104 2.80104 2.21976 1.13726 1.34191 0.93261 2.18121 0.29064 0.204651 0.0841524 0.0419655
0.0121576 2.48879 2.77702 2.20055 1.12807 1.33171 0.924428 2.14704 0.288234 0.203643 0.0837124 0.0414107
0.0125017 2.4673 2.75311 2.18148 1.11894 1.32157 0.916307 2.11326 0.285811 0.202631 0.083271 0.0408613
0.0128556 2.44592 2.7293 2.16255 1.10986 1.31147 0.908245 2.07989 0.283372 0.201614 0.0828278 0.0403173
0.0132194 2.42468 2.70559 2.14376 1.10083 1.30143 0.900244 2.0469 0.280915 0.200591 0.0823826 0.0397785
0.0135936 2.40355 2.68199 2.12511 1.09187 1.29143 0.892302 2.0143 0.27844 0.199563 0.0819351 0.0392449
0.0139783 2.38254 2.65849 2.10659 1.08295 1.28148 0.884419 1.98209 0.275949 0.19853 0.0814851 0.0387165
0.0143739 2.36164 2.63508 2.08821 1.07408 1.27158 0.876594 1.95027 0.273439 0.19749 0.0810323 0.0381933
0.0147808 2.34087 2.61178 2.06996 1.06527 1.26172 0.868829 1.91882 0.270913 0.196445 0.0805764 0.0376751
0.0151991 2.32022 2.58858 2.05185 1.05651 1.25191 0.861121 1.88774 0.268368 0.195393 0.0801172 0.037162
0.0156293 2.29968 2.56548 2.03387 1.0478 1.24214 0.853471 1.85705 0.265806 0.194334 0.0796544 0.0366538
0.0160717 2.27925 2.54248 2.01603 1.03915 1.23242 0.845878 1.82672 0.263226 0.193269 0.0791878 0.0361506
0.0165265 2.25895 2.51957 1.99832 1.03054 1.22273 0.838342 1.79676 0.260628 0.192196 0.078717 0.0356523
0.0169943 2.23875 2.49676 1.98074 1.02198 1.21309 0.830862 1.76716 0.258013 0.191116 0.0782418 0.0351588
0.0174753 2.21867 2.47405 1.96329 1.01347 1.2035 0.823439 1.73793 0.25538 0.190029 0.077762 0.03467
0.0179699 2.1987 2.45143 1.94597 1.005 1.19394 0.816071 1.70905 0.25273 0.188933 0.0772774 0.0341861
0.0184785 2.17885 2.42891 1.92879 0.996588 1.18442 0.808758 1.68053 0.250062 0.18783 0.0767875 0.0337068
0.0190015 2.15911 2.40648 1.91173 0.988219 1.17494 0.801501 1.65236 0.247376 0.186718 0.0762923 0.0332322
0.0195393 2.13948 2.38415 1.8948 0.979895 1.16549 0.794297 1.62454 0.244673 0.185598 0.0757914 0.0327622
0.0200923 2.11995 2.36191 1.878 0.971617 1.15609 0.787148 1.59707 0.241953 0.184469 0.0752846 0.0322967
0.020661 2.10054 2.33976 1.86133 0.963383 1.14671 0.780052 1.56994 0.239216 0.18333 0.0747717 0.0318358
0.0212458 2.08124 2.3177 1.84478 0.955192 1.13737 0.77301 1.54316 0.236462 0.182183 0.0742524 0.0313793
0.0218471 2.06205 2.29574 1.82836 0.947045 1.12807 0.766019 1.51671 0.233691 0.181025 0.0737265 0.0309272
0.0224655 2.04296 2.27387 1.81206 0.93894 1.1188 0.759081 1.49059 0.230904 0.179858 0.0731937 0.0304794
0.0231013 2.02399 2.25209 1.79588 0.930876 1.10956 0.752195 1.46481 0.228101 0.178681 0.0726539 0.030036
0.0237551 2.00512 2.2304 1.77983 0.922854 1.10035 0.74536 1.43935 0.225281 0.177494 0.0721067 0.0295968
0.0244275 1.98635 2.2088 1.76391 0.914871 1.09117 0.738575 1.41423 0.222447 0.176296 0.0715521 0.0291619
0.0251189 1.9677 2.18729 1.7481 0.906927 1.08201 0.731841 1.38942 0.219597 0.175087 0.0709898 0.0287312
0.0258298 1.94915 2.16588 1.73241 0.899022 1.07289 0.725156 1.36493 0.216732 0.173867 0.0704196 0.0283045
0.0265609 1.9307 2.14455 1.71685 0.891155 1.06379 0.71852 1.34077 0.213853 0.172635 0.0698414 0.027882
0.0273126 1.91236 2.12332 1.7014 0.883324 1.05472 0.711932 1.31691 0.210959 0.171393 0.0692549 0.0274634
0.0280857 1.89412 2.10217 1.68607 0.875529 1.04567 0.705392 1.29337 0.208052 0.170138 0.06866 0.0270489
0.0288806 1.87599 2.08112 1.67086 0.86777 1.03664 0.698899 1.27013 0.205133 0.168871 0.0680565 0.0266383
0.029698 1.85796 2.06016 1.65576 0.860045 1.02764 0.692452 1.24721 0.2022 0.167592 0.0674443 0.0262316
0.0305386 1.84004 2.03929 1.64078 0.852353 1.01865 0.686052 1.22458 0.199256 0.166301 0.0668232 0.0258288
0.0314029 1.82221 2.01851 1.62591 0.844694 1.00969 0.679697 1.20225 0.1963 0.164997 0.0661932 0.0254298
0.0322917 1.80449 1.99782 1.61116 0.837066 1.00075 0.673386 1.18022 0.193333 0.16368 0.0655541 0.0250345
0.0332057 1.78687 1.97723 1.59652 0.829468 0.991818 0.667119 1.15849 0.190356 0.16235 0.0649058 0.0246429
0.0341455 1.76936 1.95673 1.58199 0.821901 0.982907 0.660895 1.13704 0.18737 0.161006 0.0642483 0.0242551
0.0351119 1.75194 1.93631 1.56756 0.814362 0.974011 0.654713 1.11589 0.184375 0.159649 0.0635815 0.0238708
0.0361057 1.73462 1.916 1.55325 0.80685 0.965129 0.648572 1.09502 0.181372 0.158278 0.0629053 0.0234902
0.0371276 1.71741 1.89577 1.53905 0.799366 0.956259 0.642472 1.07443 0.178362 0.156894 0.0622197 0.023113
0.0381784 1.70029 1.87564 1.52495 0.791906 0.947401 0.636412 1.05412 0.175346 0.155495 0.0615247 0.0227394
0.039259 1.68328 1.8556 1.51095 0.784472 0.938554 0.63039 1.03409 0.172324 0.154082 0.0608203 0.0223693
0.0403702 1.66636 1.83566 1.49707 0.777061 0.929715 0.624406 1.01433 0.169297 0.152654 0.0601065 0.0220026
0.0415128 1.64954 1.81581 1.48328 0.769672 0.920884 0.618459 0.994837 0.166266 0.151212 0.0593834 0.0216392
0.0426877 1.63283 1.79606 1.46959 0.762304 0.912059 0.612548 0.975617 0.163233 0.149755 0.0586509 0.0212792
0.0438959 1.6162 1.7764 1.45601 0.754956 0.903239 0.606672 0.956661 0.160198 0.148283 0.0579092 0.0209225
0.0451383 1.59968 1.75684 1.44252 0.747626 0.894423 0.60083 0.937967 0.157162 0.146797 0.0571584 0.020569
0.0464159 1.58325 1.73738 1.42913 0.740315 0.885609 0.59502 0.919533 0.154127 0.145295 0.0563986 0.0202188
0.0477296 1.56692 1.71801 1.41583 0.733019 0.876797 0.589242 0.901355 0.151092 0.143777 0.0556299 0.0198718
0.0490805 1.55069 1.69875 1.40263 0.725739 0.867984 0.583494 0.883429 0.14806 0.142245 0.0548524 0.0195279
0.0504697 1.53455 1.67958 1.38951 0.718472 0.859169 0.577775 0.865754 0.145032 0.140697 0.0540664 0.0191871
0.0518981 1.5185 1.66051 1.37649 0.711217 0.850351 0.572084 0.848327 0.142008 0.139133 0.0532721 0.0188494
0.053367 1.50255 1.64154 1.36356 0.703974 0.841528 0.566419 0.831144 0.13899 0.137555 0.0524697 0.0185148
0.0548775 1.48669 1.62267 1.35071 0.696739 0.832699 0.560779 0.814203 0.135979 0.13596 0.0516593 0.0181831
0.0564307 1.47092 1.6039 1.33795 0.689513 0.823863 0.555163 0.797501 0.132976 0.13435 0.0508414 0.0178545
0.0580278 1.45525 1.58523 1.32527 0.682293 0.815018 0.549569 0.781035 0.129983 0.132724 0.0500161 0.0175287
0.0596702 1.43966 1.56666 1.31266 0.675078 0.806161 0.543995 0.764802 0.127 0.131083 0.0491838 0.0172059
0.0613591 1.42417 1.5482 1.30014 0.667867 0.797293 0.53844 0.748799 0.12403 0.129426 0.0483448 0.016886
0.0630957 1.40876 1.52984 1.28769 0.660657 0.788411 0.532903 0.733023 0.121073 0.127754 0.0474995 0.0165689
0.0648815 1.39345 1.51158 1.27532 0.653447 0.779514 0.52738 0.717471 0.11813 0.126067 0.0466482 0.0162547
0.0667179 1.37821 1.49342 1.26301 0.646236 0.7706 0.521872 0.702141 0.115203 0.124364 0.0457913 0.0159433
0.0686062 1.36306 1.47536 1.25077 0.639021 0.761667 0.516375 0.68703 0.112294 0.122646 0.0449293 0.0156346
0.070548 1.348 1.4574 1.2386 0.631801 0.752714 0.510887 0.672135 0.109403 0.120913 0.0440626 0.0153287
0.0725448 1.33302 1.43955 1.22649 0.624574 0.743739 0.505408 0.657453 0.106532 0.119166 0.0431916 0.0150255
0.074598 1.31812 1.4218 1.21443 0.617338 0.734741 0.499934 0.642981 0.103683 0.117403 0.0423169 0.0147251
0.0767094 1.30329 1.40415 1.20244 0.610091 0.725718 0.494464 0.628716 0.100856 0.115627 0.0414389 0.0144273
0.0788805 1.28854 1.3866 1.19049 0.602831 0.716667 0.488996 0.614657 0.0980524 0.113836 0.0405581 0.0141322
0.0811131 1.27387 1.36914 1.1786 0.595557 0.707588 0.483526 0.600799 0.0952746 0.112031 0.039675 0.0138397
0.0834088 1.25927 1.35179 1.16675 0.588266 0.698479 0.478053 0.58714 0.0925233 0.110213 0.0387903 0.0135499
0.0857696 1.24474 1.33454 1.15494 0.580956 0.689338 0.472575 0.573678 0.0897999 0.108382 0.0379044 0.0132627
0.0881971 1.23027 1.31738 1.14317 0.573625 0.680162 0.467087 0.56041 0.0871057 0.106537 0.037018 0.0129781
0.0906934 1.21587 1.30031 1.13143 0.56627 0.670951 0.46159 0.547332 0.0844419 0.104681 0.0361315 0.0126962
0.0932603 1.20153 1.28334 1.11972 0.55889 0.661702 0.456078 0.534443 0.0818098 0.102812 0.0352457 0.0124168
0.0958999 1.18725 1.26646 1.10804 0.551483 0.652415 0.450551 0.521741 0.0792107 0.100932 0.0343612 0.01214
0.0986142 1.17302 1.24967 1.09638 0.544045 0.643085 0.445004 0.509221 0.0766458 0.0990408 0.0334784 0.0118658
0.101405 1.15885 1.23296 1.08473 0.536574 0.633714 0.439435 0.496883 0.0741161 0.0971392 0.0325982 0.0115941
0.104275 1.14472 1.21634 1.07309 0.529069 0.624297 0.433841 0.484723 0.071623 0.0952278 0.031721 0.011325
0.107227 1.13063 1.1998 1.06146 0.521527 0.614834 0.42822 0.472738 0.0691674 0.0933071 0.0308476 0.0110585
0.110262 1.11658 1.18333 1.04983 0.513945 0.605322 0.422567 0.460928 0.0667505 0.0913778 0.0299785 0.0107946
0.113382 1.10257 1.16694 1.0382 0.50632 0.595761 0.41688 0.449288 0.0643733 0.0894407 0.0291145 0.0105332
0.116591 1.08859 1.15062 1.02655 0.498651 0.586148 0.411155 0.437817 0.0620368 0.0874963 0.0282561 0.0102745
0.119891 1.07462 1.13437 1.01488 0.490935 0.576481 0.40539 0.426513 0.0597419 0.0855456 0.0274039 0.0100183
0.123285 1.06068 1.11817 1.00319 0.48317 0.566759 0.39958 0.415374 0.0574896 0.0835893 0.0265587 0.00976475
0.126774 1.04675 1.10203 0.991472 0.475352 0.55698 0.393724 0.404397 0.0552807 0.0816282 0.0257209 0.0095138
0.130362 1.03283 1.08594 0.979713 0.46748 0.547143 0.387816 0.39358 0.0531159 0.0796634 0.0248914 0.00926549
0.134052 1.01891 1.0699 0.967909 0.459551 0.537246 0.381855 0.382921 0.0509961 0.0776957 0.0240705 0.00901982
0.137846 1.00497 1.0539 0.956053 0.451562 0.527288 0.375836 0.372419 0.0489219 0.075726 0.0232591 0.00877681
0.141747 0.991031 1.03792 0.944137 0.443512 0.517267 0.369756 0.362071 0.0468939 0.0737555 0.0224575 0.00853649
0.145759 0.977065 1.02198 0.932152 0.435397 0.507182 0.363612 0.351876 0.0449128 0.0717852 0.0216664 0.00829889
0.149885 0.96307 1.00605 0.920091 0.427217 0.497033 0.357401 0.341832 0.0429789 0.0698161 0.0208864 0.00806402
0.154127 0.949038 0.990131 0.907945 0.418968 0.486817 0.351118 0.331937 0.0410929 0.0678494 0.0201179 0.00783191
0.158489 0.934959 0.974214 0.895705 0.410648 0.476535 0.344762 0.32219 0.039255 0.0658863 0.0193616 0.00760259
0.162975 0.920827 0.958292 0.883361 0.402257 0.466185 0.338329 0.31259 0.0374655 0.0639281 0.0186178 0.00737609
0.167588 0.90663 0.942354 0.870905 0.393792 0.455768 0.331816 0.303134 0.0357248 0.0619758 0.017887 0.00715246
0.172331 0.892359 0.926392 0.858326 0.385251 0.445282 0.32522 0.293823 0.034033 0.0600309 0.0171698 0.00693171
0.177209 0.878006 0.910396 0.845615 0.376634 0.434729 0.31854 0.284653 0.0323902 0.0580947 0.0164665 0.00671389
0.182224 0.863558 0.894354 0.832761 0.36794 0.424108 0.311771 0.275626 0.0307965 0.0561685 0.0157775 0.00649903
0.187382 0.849006 0.878258 0.819754 0.359167 0.413421 0.304913 0.266739 0.0292519 0.0542537 0.0151032 0.00628719
0.192685 0.834339 0.862096 0.806583 0.350316 0.402668 0.297964 0.257991 0.0277562 0.0523518 0.0144439 0.00607838
0.198139 0.819546 0.845856 0.793237 0.341386 0.39185 0.290922 0.249383 0.0263094 0.0504641 0.0138 0.00587267
0.203747 0.804616 0.829527 0.779704 0.332378 0.38097 0.283786 0.240912 0.0249113 0.0485921 0.0131717 0.00567009
0.209514 0.789536 0.813097 0.765974 0.323294 0.370031 0.276556 0.232579 0.0235616 0.0467374 0.0125593 0.00547069
0.215443 0.774294 0.796554 0.752034 0.314133 0.359035 0.269232 0.224383 0.0222599 0.0449014 0.011963 0.00527451
0.221541 0.758879 0.779885 0.737874 0.304899 0.347985 0.261814 0.216323 0.021006 0.0430856 0.011383 0.00508159
0.227812 0.743279 0.763078 0.72348 0.295595 0.336886 0.254303 0.2084 0.0197992 0.0412916 0.0108194 0.00489197
0.234259 0.727481 0.74612 0.708842 0.286223 0.325744 0.246702 0.200613 0.0186391 0.0395209 0.0102725 0.00470571
0.24089 0.711472 0.728998 0.693947 0.276788 0.314563 0.239013 0.192962 0.0175252 0.037775 0.00974216 0.00452283
0.247708 0.695241 0.711698 0.678784 0.267295 0.303351 0.23124 0.185447 0.0164569 0.0360556 0.00922861 0.00434338
0.254719 0.678773 0.694206 0.663339 0.257751 0.292115 0.223386 0.178069 0.0154334 0.0343641 0.00873182 0.00416738
0.261928 0.662056 0.67651 0.647602 0.248161 0.280863 0.215459 0.170827 0.0144541 0.032702 0.00825178 0.00399487
0.269341 0.645075 0.658593 0.631557 0.238535 0.269606 0.207464 0.163722 0.0135181 0.0310709 0.00778846 0.00382584
0.276965 0.627816 0.64044 0.615191 0.228883 0.258355 0.199411 0.156755 0.0126247 0.0294722 0.00734175 0.0036603
0.284804 0.610257 0.62203 0.598484 0.219215 0.247123 0.191308 0.149926 0.0117729 0.0279074 0.00691153 0.00349822
0.292864 0.59237 0.603331 0.581408 0.209546 0.235923 0.183168 0.143237 0.0109619 0.0263779 0.00649759 0.00333952
0.301153 0.574089 0.584279 0.563898 0.19989 0.224775 0.175005 0.13669 0.0101906 0.0248851 0.00609961 0.00318401
0.309677 0.555159 0.564617 0.545701 0.190271 0.213701 0.166841 0.13029 0.00945768 0.0234302 0.00571694 0.00303113
0.318442 0.539048 0.548236 0.529859 0.18383 0.206718 0.160942 0.127911 0.0091887 0.0228882 0.00557437 0.00297211
0.321833 0.532279 0.541207 0.523352 0.180278 0.202636 0.15792 0.125577 0.00892778 0.0223576 0.00543548 0.00291419
0.325224 0.525545 0.53422 0.516871 0.176769 0.198607 0.154931 0.123285 0.00867467 0.0218379 0.00530018 0.00285734
0.328614 0.518845 0.527274 0.510416 0.173302 0.194631 0.151973 0.121036 0.00842909 0.0213291 0.00516835 0.00280152
0.332005 0.512179 0.520369 0.503988 0.169878 0.190709 0.149047 0.118827 0.00819079 0.020831 0.00503988 0.00274673
0.335396 0.505545 0.513505 0.497585 0.166496 0.186839 0.146153 0.116659 0.00795952 0.0203432 0.00491469 0.00269293
0.338787 0.498944 0.506679 0.491209 0.163156 0.183022 0.143291 0.11453 0.00773505 0.0198656 0.00479267 0.00264011
0.342178 0.492376 0.499894 0.484859 0.159858 0.179256 0.14046 0.112438 0.00751715 0.019398 0.00467373 0.00258824
0.345569 0.485841 0.493146 0.478535 0.156602 0.175542 0.137662 0.110384 0.00730561 0.0189401 0.00455779 0.00253729
0.348959 0.479338 0.486438 0.472237 0.153388 0.17188 0.134896 0.108367 0.00710021 0.0184919 0.00444475 0.00248726
0.35235 0.472867 0.479767 0.465966 0.150215 0.168268 0.132162 0.106385 0.00690076 0.018053 0.00433452 0.00243812
0.355741 0.466428 0.473135 0.459721 0.147083 0.164707 0.12946 0.104437 0.00670707 0.0176234 0.00422705 0.00238985
0.359132 0.460021 0.46654 0.453502 0.143993 0.161196 0.126791 0.102523 0.00651894 0.0172027 0.00412223 0.00234242
0.362523 0.453647 0.459983 0.44731 0.140944 0.157735 0.124153 0.100643 0.0063362 0.0167909 0.00402 0.00229584
0.365914 0.447304 0.453463 0.441145 0.137936 0.154324 0.121548 0.0987948 0.00615867 0.0163878 0.00392029 0.00225007
0.369305 0.440994 0.44698 0.435008 0.134969 0.150962 0.118976 0.0969784 0.00598619 0.0159932 0.00382302 0.00220509
0.372695 0.434716 0.440534 0.428897 0.132042 0.147649 0.116436 0.0951929 0.0058186 0.0156069 0.00372812 0.00216091
0.376086 0.42847 0.434126 0.422815 0.129157 0.144385 0.113928 0.0934376 0.00565574 0.0152287 0.00363554 0.00211748
0.379477 0.422257 0.427755 0.41676 0.126311 0.14117 0.111453 0.0917121 0.00549747 0.0148586 0.0035452 0.00207481
0.382868 0.416077 0.42142 0.410733 0.123506 0.138002 0.10901 0.0900155 0.00534364 0.0144963 0.00345705 0.00203288
0.386259 0.409929 0.415123 0.404735 0.120741 0.134883 0.1066 0.0883473 0.00519411 0.0141416 0.00337102 0.00199167
0.38965 0.403815 0.408863 0.398766 0.118016 0.131811 0.104222 0.0867069 0.00504875 0.0137945 0.00328706 0.00195116
0.39304 0.397733 0.402641 0.392826 0.115331 0.128786 0.101877 0.0850937 0.00490744 0.0134548 0.00320511 0.00191135
0.396431 0.391686 0.396456 0.386916 0.112686 0.125808 0.0995637 0.0835072 0.00477005 0.0131224 0.00312512 0.00187222
0.399822 0.385672 0.390308 0.381035 0.11008 0.122877 0.0972834 0.0819468 0.00463645 0.012797 0.00304703 0.00183376
0.403213 0.379692 0.384199 0.375186 0.107514 0.119993 0.0950356 0.080412 0.00450654 0.0124786 0.0029708 0.00179595
0.406604 0.373747 0.378127 0.369367 0.104987 0.117154 0.0928201 0.0789022 0.0043802 0.012167 0.00289637 0.00175879
0.409995 0.367836 0.372094 0.363579 0.102499 0.114361 0.0906371 0.077417 0.00425732 0.0118621 0.00282371 0.00172225
0.413385 0.361961 0.366099 0.357823 0.10005 0.111614 0.0884864 0.0759559 0.00413781 0.0115638 0.00275275 0.00168634
0.416776 0.356121 0.360142 0.352099 0.0976398 0.108912 0.086368 0.0745184 0.00402156 0.0112718 0.00268347 0.00165104
0.420167 0.350316 0.354225 0.346408 0.0952681 0.106254 0.0842819 0.0731041 0.00390847 0.0109862 0.0026158 0.00161633
0.423558 0.344548 0.348347 0.34075 0.0929348 0.103642 0.082228 0.0717126 0.00379845 0.0107068 0.00254973 0.00158221
0.426949 0.338817 0.342508 0.335125 0.0906397 0.101073 0.0802062 0.0703433 0.00369142 0.0104334 0.00248519 0.00154866
0.43034 0.333122 0.336709 0.329535 0.0883825 0.0985486 0.0782165 0.0689958 0.00358728 0.010166 0.00242216 0.00151569
0.43373 0.327465 0.330951 0.323979 0.0861632 0.0960676 0.0762587 0.0676699 0.00348594 0.00990443 0.00236059 0.00148327
0.437121 0.321845 0.325233 0.318458 0.0839813 0.0936299 0.0743328 0.066365 0.00338734 0.00964855 0.00230046 0.0014514
0.440512 0.316264 0.319556 0.312973 0.0818368 0.0912351 0.0724386 0.0650809 0.00329139 0.00939826 0.00224171 0.00142006
0.443903 0.310722 0.31392 0.307524 0.0797296 0.088883 0.0705761 0.063817 0.00319801 0.00915347 0.00218433 0.00138926
0.447294 0.305219 0.308326 0.302111 0.0776592 0.0865733 0.0687451 0.0625731 0.00310713 0.00891407 0.00212827 0.00135898
0.450685 0.299755 0.302774 0.296736 0.0756255 0.0843054 0.0669455 0.0613488 0.00301868 0.00867995 0.0020735 0.00132921
0.454075 0.294331 0.297264 0.291399 0.0736282 0.0820792 0.0651772 0.0601438 0.00293259 0.008451 0.00201999 0.00129994
0.457466 0.288948 0.291797 0.2861 0.0716672 0.0798943 0.0634401 0.0589577 0.00284879 0.00822713 0.00196772 0.00127118
0.460857 0.283606 0.286374 0.280839 0.0697422 0.0777504 0.0617339 0.0577903 0.00276722 0.00800824 0.00191664 0.00124289
0.464248 0.278306 0.280994 0.275618 0.0678529 0.0756471 0.0600586 0.0566411 0.00268782 0.00779423 0.00186674 0.0012151
0.467639 0.273048 0.275658 0.270437 0.0659989 0.0735839 0.0584139 0.0555099 0.00261053 0.00758501 0.00181798 0.00118777
0.47103 0.267832 0.270367 0.265296 0.0641802 0.0715607 0.0567997 0.0543964 0.00253529 0.00738048 0.00177034 0.00116091
0.47442 0.262659 0.265121 0.260197 0.0623964 0.069577 0.0552159 0.0533003 0.00246204 0.00718055 0.0017238 0.00113451
0.477811 0.257529 0.25992 0.255139 0.0606473 0.0676325 0.0536622 0.0522213 0.00239073 0.00698514 0.00167831 0.00110856
0.481202 0.252444 0.254765 0.250123 0.0589326 0.0657267 0.0521384 0.0511592 0.0023213 0.00679414 0.00163387 0.00108306
0.484593 0.247403 0.249657 0.245149 0.0572519 0.0638594 0.0506444 0.0501136 0.00225371 0.00660749 0.00159044 0.001058
0.487984 0.242407 0.244595 0.240219 0.0556049 0.06203 0.0491798 0.0490844 0.0021879 0.00642509 0.00154801 0.00103337
0.491375 0.237457 0.239581 0.235333 0.0539915 0.0602384 0.0477447 0.0480712 0.00212382 0.00624686 0.00150655 0.00100917
0.494765 0.232553 0.234614 0.230491 0.0524113 0.058484 0.0463385 0.0470739 0.00206144 0.00607272 0.00146603 0.000985386
0.498156 0.227695 0.229695 0.225694 0.0508639 0.0567665 0.0449613 0.0460921 0.0020007 0.00590259 0.00142645 0.000962019
0.501547 0.222884 0.224825 0.220942 0.049349 0.0550854 0.0436126 0.0451257 0.00194156 0.00573639 0.00138777 0.000939061
0.504938 0.21812 0.220004 0.216236 0.0478664 0.0534405 0.0422924 0.0441744 0.00188398 0.00557405 0.00134997 0.000916506
0.508329 0.213405 0.215233 0.211577 0.0464158 0.0518312 0.0410003 0.043238 0.00182792 0.00541548 0.00131305 0.000894349
0.51172 0.208738 0.210511 0.206964 0.0449966 0.0502573 0.039736 0.0423163 0.00177333 0.00526062 0.00127697 0.000872585
0.51511 0.204119 0.20584 0.202399 0.0436088 0.0487182 0.0384994 0.0414091 0.00172019 0.00510939 0.00124171 0.000851208
0.518501 0.199551 0.201219 0.197882 0.0422518 0.0472136 0.0372901 0.0405162 0.00166844 0.00496172 0.00120727 0.000830212
0.521892 0.195032 0.19665 0.193414 0.0409255 0.045743 0.0361079 0.0396373 0.00161806 0.00481754 0.00117363 0.000809594
0.525283 0.190563 0.192132 0.188994 0.0396293 0.0443061 0.0349525 0.0387723 0.00156901 0.00467678 0.00114076 0.000789347
0.528674 0.186145 0.187666 0.184624 0.038363 0.0429024 0.0338236 0.0379209 0.00152126 0.00453938 0.00110864 0.000769468
0.532065 0.181778 0.183253 0.180303 0.0371262 0.0415315 0.032721 0.0370831 0.00147477 0.00440527 0.00107727 0.00074995
0.535455 0.177463 0.178892 0.176033 0.0359186 0.040193 0.0316442 0.0362586 0.00142951 0.00427438 0.00104663 0.00073079
0.538846 0.1732 0.174585 0.171814 0.0347398 0.0388864 0.0305931 0.0354473 0.00138545 0.00414665 0.0010167 0.000711984
0.542237 0.168989 0.170332 0.167646 0.0335894 0.0376114 0.0295674 0.0346489 0.00134255 0.00402201 0.000987469 0.000693525
0.545628 0.164831 0.166132 0.16353 0.032467 0.0363675 0.0285666 0.0338634 0.0013008 0.00390042 0.000958919 0.00067541
0.549019 0.160726 0.161986 0.159466 0.0313724 0.0351542 0.0275906 0.0330904 0.00126016 0.00378179 0.000931036 0.000657635
0.55241 0.156675 0.157895 0.155454 0.030305 0.0339711 0.0266389 0.03233 0.0012206 0.00366609 0.000903808 0.000640196
0.5558 0.152678 0.15386 0.151495 0.0292646 0.0328178 0.0257113 0.0315819 0.00118209 0.00355324 0.00087722 0.000623087
0.559191 0.148734 0.149879 0.14759 0.0282507 0.0316939 0.0248075 0.030846 0.00114462 0.00344319 0.000851261 0.000606306
0.562582 0.144846 0.145954 0.143738 0.027263 0.0305989 0.0239271 0.0301221 0.00110815 0.00333589 0.000825915 0.000589847
0.565973 0.141012 0.142085 0.13994 0.026301 0.0295323 0.0230698 0.0294101 0.00107265 0.00323128 0.000801172 0.000573707
0.569364 0.137234 0.138272 0.136196 0.0253645 0.0284938 0.0222352 0.0287098 0.00103812 0.0031293 0.000777019 0.000557882
0.572755 0.133511 0.134516 0.132507 0.024453 0.0274829 0.0214231 0.0280212 0.00100451 0.00302991 0.000753445 0.000542367
0.576146 0.129844 0.130816 0.128872 0.023566 0.0264991 0.020633 0.027344 0.000971816 0.00293305 0.000730436 0.00052716
0.579536 0.126233 0.127173 0.125293 0.0227033 0.025542 0.0198647 0.0266781 0.000940006 0.00283866 0.000707982 0.000512256
0.582927 0.122678 0.123587 0.121769 0.0218644 0.0246111 0.0191177 0.0260234 0.000909062 0.00274671 0.000686073 0.000497652
0.586318 0.119179 0.120058 0.118301 0.021049 0.0237061 0.0183919 0.0253798 0.000878961 0.00265713 0.000664696 0.000483343
0.589709 0.115738 0.116587 0.114888 0.0202566 0.0228264 0.0176867 0.0247472 0.000849685 0.00256988 0.000643842 0.000469326
0.5931 0.112353 0.113174 0.111531 0.0194868 0.0219717 0.0170019 0.0241254 0.000821212 0.00248492 0.000623499 0.000455598
0.596491 0.109025 0.109818 0.108231 0.0187392 0.0211414 0.016337 0.0235143 0.000793524 0.00240219 0.000603659 0.000442155
0.599881 0.105754 0.10652 0.104987 0.0180135 0.0203352 0.0156919 0.0229137 0.000766601 0.00232166 0.00058431 0.000428992
0.603272 0.10254 0.103281 0.1018 0.0173093 0.0195526 0.015066 0.0223237 0.000740425 0.00224326 0.000565444 0.000416108
0.606663 0.0993838 0.100099 0.0986688 0.0166261 0.0187931 0.0144591 0.021744 0.000714979 0.00216697 0.00054705 0.000403498
0.610054 0.0962848 0.0969751 0.0955946 0.0159635 0.0180563 0.0138708 0.0211745 0.000690244 0.00209274 0.00052912 0.000391158
0.613445 0.0932434 0.0939096 0.0925772 0.0153213 0.0173418 0.0133007 0.0206152 0.000666205 0.00202052 0.000511644 0.000379086
0.616836 0.0902593 0.0909022 0.0896165 0.0146988 0.0166491 0.0127486 0.0200659 0.000642843 0.00195026 0.000494614 0.000367278
0.620226 0.0873328 0.0879529 0.0867126 0.0140959 0.0159778 0.012214 0.0195265 0.000620144 0.00188194 0.00047802 0.00035573
0.623617 0.0844637 0.0850618 0.0838656 0.013512 0.0153275 0.0116965 0.0189969 0.000598091 0.00181551 0.000461854 0.00034444
0.627008 0.081652 0.0822287 0.0810753 0.0129468 0.0146978 0.0111959 0.0184771 0.000576669 0.00175093 0.000446108 0.000333404
0.630399 0.0788977 0.0794536 0.0783418 0.0123999 0.0140881 0.0107118 0.0179668 0.000555864 0.00168816 0.000430773 0.000322618
0.63379 0.0762007 0.0767364 0.0756651 0.0118709 0.0134981 0.0102438 0.0174661 0.000535659 0.00162716 0.000415842 0.000312079
0.637181 0.0735609 0.0740769 0.0730448 0.0113595 0.0129274 0.00979158 0.0169747 0.000516042 0.00156789 0.000401306 0.000301784
0.640571 0.0709781 0.0714751 0.0704811 0.0108651 0.0123754 0.00935481 0.0164927 0.000496998 0.00151032 0.000387158 0.00029173
0.643962 0.0684521 0.0689306 0.0679736 0.0103875 0.0118419 0.00893313 0.0160198 0.000478514 0.0014544 0.00037339 0.000281914
0.647353 0.0659829 0.0664434 0.0655223 0.00992632 0.0113264 0.00852621 0.0155561 0.000460576 0.00140011 0.000359995 0.000272332
0.650744 0.0635701 0.0640133 0.063127 0.0094811 0.0108285 0.00813369 0.0151014 0.000443171 0.00134741 0.000346964 0.000262981
0.654135 0.0612136 0.0616399 0.0607873 0.00905149 0.0103477 0.00775523 0.0146557 0.000426287 0.00129626 0.000334292 0.000253858
0.657526 0.058913 0.059323 0.0585031 0.00863713 0.00988376 0.00739051 0.0142187 0.000409912 0.00124663 0.00032197 0.000244959
0.660916 0.0566682 0.0570623 0.0562742 0.00823765 0.00943613 0.00703917 0.0137905 0.000394033 0.00119848 0.000309993 0.000236283
0.664307 0.0544788 0.0548574 0.0541001 0.00785268 0.00900446 0.0067009 0.0133709 0.000378638 0.00115178 0.000298352 0.000227824
0.667698 0.0523444 0.0527081 0.0519807 0.00748185 0.00858836 0.00637535 0.0129599 0.000363716 0.00110651 0.000287042 0.000219582
0.671089 0.0502647 0.050614 0.0499155 0.00712482 0.00818743 0.0060622 0.0125574 0.000349255 0.00106262 0.000276056 0.000211551
0.67448 0.0482394 0.0485747 0.0479042 0.00678121 0.0078013 0.00576113 0.0121632 0.000335245 0.00102008 0.000265386 0.000203729
0.677871 0.046268 0.0465897 0.0459463 0.0064507 0.00742957 0.00547182 0.0117774 0.000321675 0.000978871 0.000255028 0.000196114
0.681261 0.0443501 0.0446586 0.0440416 0.00613291 0.00707186 0.00519395 0.0113997 0.000308534 0.000938955 0.000244973 0.000188701
0.684652 0.0424852 0.042781 0.0421894 0.00582751 0.00672781 0.00492721 0.0110301 0.000295811 0.000900303 0.000235217 0.000181488
0.688043 0.0406728 0.0409563 0.0403894 0.00553416 0.00639704 0.00467127 0.0106686 0.000283497 0.000862886 0.000225753 0.000174472
0.691434 0.0389126 0.0391842 0.038641 0.00525252 0.00607919 0.00442585 0.010315 0.000271582 0.000826675 0.000216575 0.000167649
0.694825 0.0372039 0.0374639 0.0369438 0.00498227 0.00577391 0.00419063 0.0099692 0.000260056 0.000791641 0.000207677 0.000161017
0.698216 0.0355461 0.035795 0.0352972 0.00472307 0.00548082 0.00396531 0.00963121 0.000248909 0.000757757 0.000199053 0.000154573
0.701606 0.0339388 0.0341769 0.0337006 0.0044746 0.0051996 0.00374961 0.00930089 0.000238132 0.000724995 0.000190698 0.000148313
0.704997 0.0323812 0.0326089 0.0321535 0.00423654 0.00492987 0.00354321 0.00897816 0.000227717 0.000693328 0.000182606 0.000142235
0.708388 0.0308729 0.0310905 0.0306552 0.00400859 0.00467132 0.00334586 0.00866293 0.000217653 0.00066273 0.00017477 0.000136335
0.711779 0.0294131 0.0296211 0.0292052 0.00379043 0.0044236 0.00315725 0.00835512 0.000207933 0.000633175 0.000167186 0.000130611
0.71517 0.0280013 0.0281998 0.0278027 0.00358175 0.00418639 0.00297711 0.00805465 0.000198547 0.000604636 0.000159849 0.000125059
0.718561 0.0266367 0.0268262 0.0264472 0.00338226 0.00395935 0.00280517 0.00776143 0.000189488 0.00057709 0.000152752 0.000119677
0.721951 0.0253186 0.0254994 0.0251379 0.00319167 0.00374218 0.00264116 0.00747536 0.000180746 0.00055051 0.000145891 0.000114461
0.725342 0.0240464 0.0242187 0.023874 0.00300968 0.00353456 0.00248481 0.00719638 0.000172315 0.000524873 0.00013926 0.000109409
0.728733 0.0228192 0.0229834 0.022655 0.00283602 0.00333617 0.00233587 0.00692439 0.000164185 0.000500154 0.000132854 0.000104517
0.732124 0.0216364 0.0217928 0.0214801 0.0026704 0.00314673 0.00219407 0.0066593 0.00015635 0.000476331 0.000126668 9.97829e-05
0.735515 0.0204972 0.020646 0.0203484 0.00251255 0.00296593 0.00205917 0.00640104 0.000148801 0.00045338 0.000120698 9.52033e-05
0.738906 0.0194007 0.0195423 0.0192592 0.00236221 0.00279348 0.00193093 0.00614952 0.000141532 0.000431278 0.000114937 9.07754e-05
0.742296 0.0183463 0.0184808 0.0182118 0.0022191 0.0026291 0.0018091 0.00590464 0.000134534 0.000410003 0.000109381 8.64962e-05
0.745687 0.017333 0.0174608 0.0172052 0.00208298 0.00247251 0.00169344 0.00566633 0.0001278 0.000389534 0.000104026 8.23628e-05
0.749078 0.0163601 0.0164815 0.0162388 0.00195358 0.00232343 0.00158373 0.0054345 0.000121324 0.000369848 9.88664e-05 7.83723e-05
0.752469 0.0154268 0.0155419 0.0153117 0.00183067 0.00218159 0.00147975 0.00520907 0.000115098 0.000350924 9.38976e-05 7.45217e-05
0.75586 0.014532 0.0146412 0.0144229 0.001714 0.00204674 0.00138126 0.00498995 0.000109116 0.000332742 8.9115e-05 7.08083e-05
0.759251 0.0136751 0.0137785 0.0135718 0.00160334 0.00191862 0.00128806 0.00477704 0.000103371 0.000315281 8.45141e-05 6.7229e-05
0.762641 0.0128552 0.012953 0.0127573 0.00149845 0.00179697 0.00119993 0.00457028 9.78569e-05 0.00029852 8.00903e-05 6.37811e-05
0.766032 0.0120713 0.0121638 0.0119787 0.00139911 0.00168155 0.00111667 0.00436956 9.25662e-05 0.000282441 7.58392e-05 6.04616e-05
0.769423 0.0113225 0.01141 0.011235 0.0013051 0.00157212 0.00103807 0.00417481 8.74932e-05 0.000267024 7.17562e-05 5.72677e-05
0.772814 0.0106081 0.0106907 0.0105255 0.0012162 0.00146845 0.000963951 0.00398593 8.26316e-05 0.00025225 6.78372e-05 5.41966e-05
0.776205 0.00992701 0.010005 0.00984904 0.00113221 0.00137031 0.000894112 0.00380285 7.79752e-05 0.0002381 6.40778e-05 5.12455e-05
0.779596 0.00927842 0.00935193 0.0092049 0.00105293 0.00127748 0.00082837 0.00362546 7.35182e-05 0.000224555 6.04737e-05 4.84115e-05
0.782986 0.00866138 0.00873064 0.00859213 0.000978142 0.00118974 0.000766543 0.00345369 6.92545e-05 0.000211599 5.70208e-05 4.56918e-05
0.786377 0.00807501 0.00814019 0.00800983 0.00090767 0.00110688 0.000708458 0.00328745 6.51785e-05 0.000199212 5.3715e-05 4.30837e-05
0.789768 0.00751838 0.00757966 0.00745709 0.00084132 0.0010287 0.000653943 0.00312665 6.12845e-05 0.000187378 5.05521e-05 4.05844e-05
0.793159 0.00699058 0.00704814 0.00693301 0.000778911 0.00095499 0.000602832 0.0029712 5.75669e-05 0.000176079 4.75281e-05 3.81911e-05
0.79655 0.0064907 0.00654472 0.00643668 0.000720264 0.000885564 0.000554965 0.00282101 5.40202e-05 0.000165299 4.46391e-05 3.59012e-05
0.799941 0.00601783 0.00606847 0.00596719 0.000665209 0.00082023 0.000510187 0.00267599 5.06391e-05 0.000155022 4.18811e-05 3.37118e-05
0.803332 0.00557106 0.00561848 0.00552364 0.000613576 0.000758807 0.000468346 0.00253606 4.74184e-05 0.00014523 3.92503e-05 3.16204e-05
0.806722 0.00514948 0.00519383 0.00510513 0.000565206 0.000701115 0.000429297 0.00240113 4.43527e-05 0.000135909 3.67429e-05 2.96242e-05
0.810113 0.0047522 0.00479364 0.00471077 0.00051994 0.000646983 0.000392897 0.0022711 4.14371e-05 0.000127043 3.43551e-05 2.77207e-05
0.813504 0.00437833 0.00441699 0.00433966 0.000477627 0.000596243 0.000359011 0.00214588 3.86666e-05 0.000118616 3.20832e-05 2.5907e-05
0.816895 0.00402697 0.00406301 0.00399093 0.00043812 0.000548734 0.000327505 0.0020254 3.60362e-05 0.000110614 2.99235e-05 2.41807e-05
0.820286 0.00369725 0.00373079 0.00366371 0.000401276 0.000504298 0.000298253 0.00190955 3.35413e-05 0.000103022 2.78725e-05 2.25391e-05
0.823677 0.0033883 0.00341947 0.00335712 0.000366958 0.000462784 0.000271132 0.00179824 3.1177e-05 9.58262e-05 2.59265e-05 2.09797e-05
0.827067 0.00309925 0.00312819 0.00307031 0.000335035 0.000424046 0.000246023 0.0016914 2.89389e-05 8.90114e-05 2.40822e-05 1.94999e-05
0.830458 0.00282926 0.00285608 0.00280244 0.000305377 0.000387941 0.000222812 0.00158891 2.68222e-05 8.25645e-05 2.2336e-05 1.80972e-05
0.833849 0.00257749 0.00260232 0.00255267 0.000277861 0.000354333 0.00020139 0.0014907 2.48227e-05 7.64718e-05 2.06845e-05 1.67691e-05
0.83724 0.00234312 0.00236606 0.00232019 0.00025237 0.000323091 0.00018165 0.00139667 2.29359e-05 7.07201e-05 1.91245e-05 1.55131e-05
0.840631 0.00212533 0.00214649 0.00210418 0.000228789 0.000294085 0.000163492 0.00130673 2.11575e-05 6.52965e-05 1.76525e-05 1.43268e-05
0.844022 0.00192333 0.00194282 0.00190385 0.000207007 0.000267195 0.000146818 0.00122078 1.94835e-05 6.01883e-05 1.62655e-05 1.32078e-05
0.847412 0.00173634 0.00175425 0.00171843 0.000186919 0.000242302 0.000131536 0.00113875 1.79096e-05 5.5383e-05 1.49601e-05 1.21536e-05
0.850803 0.00156359 0.00158002 0.00154715 0.000168424 0.000219293 0.000117556 0.00106052 1.6432e-05 5.08685e-05 1.37333e-05 1.11619e-05
0.854194 0.00140432 0.00141937 0.00138928 0.000151425 0.000198058 0.000104792 0.000986023 1.50465e-05 4.66329e-05 1.2582e-05 1.02304e-05
0.857585 0.00125782 0.00127157 0.00124407 0.000135828 0.000178493 9.31636e-05 0.000915152 1.37495e-05 4.26645e-05 1.15032e-05 9.35673e-06
0.860976 0.00112336 0.0011359 0.00111083 0.000121545 0.000160497 8.25929e-05 0.000847817 1.25371e-05 3.89521e-05 1.04938e-05 8.53866e-06
0.864367 0.00100026 0.00101166 0.000988854 0.00010849 0.000143974 7.30057e-05 0.000783926 1.14056e-05 3.54844e-05 9.551e-06 7.77393e-06
0.867757 0.00088783 0.000898182 0.000877479 9.65821e-05 0.000128833 6.43315e-05 0.000723387 1.03514e-05 3.22506e-05 8.6719e-06 7.06034e-06
0.871148 0.000785422 0.000794793 0.000776051 8.57434e-05 0.000114983 5.65033e-05 0.000666106 9.37107e-06 2.92401e-05 7.8537e-06 6.3957e-06
0.874539 0.000692399 0.00070086 0.000683938 7.58999e-05 0.000102342 4.94574e-05 0.00061199 8.46106e-06 2.64425e-05 7.09362e-06 5.77787e-06
0.87793 0.000608148 0.000615766 0.00060053 6.69812e-05 9.08289e-05 4.31334e-05 0.000560948 7.61804e-06 2.38478e-05 6.38899e-06 5.20475e-06
0.881321 0.000532074 0.000538913 0.000525235 5.89202e-05 8.03662e-05 3.74742e-05 0.000512884 6.83872e-06 2.1446e-05 5.73715e-06 4.67427e-06
0.884712 0.000463606 0.000469726 0.000457486 5.16534e-05 7.08809e-05 3.24258e-05 0.000467708 6.11988e-06 1.92276e-05 5.1355e-06 4.18438e-06
0.888102 0.000402194 0.000407652 0.000396736 4.51204e-05 6.23035e-05 2.79372e-05 0.000425325 5.45841e-06 1.71831e-05 4.58153e-06 3.7331e-06
0.891493 0.00034731 0.000352161 0.000342459 3.9264e-05 5.45676e-05 2.39604e-05 0.000385644 4.85125e-06 1.53036e-05 4.07274e-06 3.31846e-06
0.894884 0.000298448 0.000302744 0.000294153 3.40302e-05 4.76101e-05 2.04503e-05 0.00034857 4.29544e-06 1.35799e-05 3.60673e-06 2.93853e-06
0.898275 0.000255126 0.000258914 0.000251338 2.9368e-05 4.13716e-05 1.73643e-05 0.000314012 3.78806e-06 1.20036e-05 3.18113e-06 2.59145e-06
0.901666 0.000216881 0.000220207 0.000213555 2.52291e-05 3.57954e-05 1.46629e-05 0.000281877 3.32632e-06 1.05663e-05 2.79363e-06 2.27537e-06
0.905057 0.000183276 0.000186184 0.000180369 2.15684e-05 3.0828e-05 1.23087e-05 0.000252073 2.90748e-06 9.25964e-06 2.44198e-06 1.98848e-06
0.908447 0.000153895 0.000156423 0.000151366 1.83432e-05 2.6419e-05 1.02673e-05 0.000224507 2.52888e-06 8.07582e-06 2.12402e-06 1.72905e-06
0.911838 0.000128343 0.000130531 0.000126155 1.55135e-05 2.25207e-05 8.50641e-06 0.000199087 2.18793e-06 7.00712e-06 1.83759e-06 1.49534e-06
0.915229 0.000106249 0.000108131 0.000104367 1.30421e-05 1.90882e-05 6.99603e-06 0.000175723 1.88215e-06 6.04608e-06 1.58064e-06 1.28569e-06
0.91862 8.72647e-05 8.88738e-05 8.56556e-05 1.0894e-05 1.60794e-05 5.7085e-06 0.000154322 1.6091e-06 5.18547e-06 1.35116e-06 1.09848e-06
0.922011 7.10616e-05 7.2428e-05 6.96951e-05 9.03654e-06 1.34548e-05 4.61824e-06 0.000134794 1.36645e-06 4.41829e-06 1.1472e-06 9.32137e-07
0.925402 5.73337e-05 5.84856e-05 5.61818e-05 7.43955e-06 1.11773e-05 3.70175e-06 0.000117048 1.15193e-06 3.7378e-06 9.66883e-07 7.85119e-07
0.928792 4.57963e-05 4.67596e-05 4.48329e-05 6.07491e-06 9.21236e-06 2.93746e-06 0.000100994 9.63356e-07 3.13745e-06 8.0838e-07 6.55946e-07
0.932183 3.61851e-05 3.69837e-05 3.53865e-05 4.91663e-06 7.52759e-06 2.30567e-06 8.65433e-05 7.98624e-07 2.61096e-06 6.69935e-07 5.43183e-07
0.935574 2.82566e-05 2.89123e-05 2.76009e-05 3.94075e-06 6.09302e-06 1.78848e-06 7.36061e-05 6.5571e-07 2.15227e-06 5.49852e-07 4.45445e-07
0.938965 2.17869e-05 2.23195e-05 2.12542e-05 3.12522e-06 4.88077e-06 1.36968e-06 6.20944e-05 5.32669e-07 1.75555e-06 4.46501e-07 3.61398e-07
0.942356 1.65715e-05 1.69991e-05 1.61438e-05 2.44984e-06 3.86504e-06 1.03464e-06 5.19207e-05 4.27639e-07 1.4152e-06 3.58317e-07 2.89759e-07
0.945747 1.24249e-05 1.27637e-05 1.20861e-05 1.89616e-06 3.02202e-06 7.703e-07 4.29985e-05 3.38837e-07 1.12586e-06 2.83801e-07 2.29297e-07
0.949137 9.17956e-06 9.44413e-06 8.915e-06 1.44742e-06 2.32984e-06 5.65005e-07 3.52421e-05 2.64564e-07 8.82416e-07 2.21521e-07 1.78836e-07
0.952528 6.68573e-06 6.88894e-06 6.48253e-06 1.08844e-06 1.76841e-06 4.08472e-07 2.85671e-05 2.03202e-07 6.79971e-07 1.70113e-07 1.37254e-07
0.955919 4.81042e-06 4.96364e-06 4.6572e-06 8.05568e-07 1.31944e-06 2.91693e-07 2.28904e-05 1.53219e-07 5.13875e-07 1.28282e-07 1.03484e-07
0.95931 3.4369e-06 3.55007e-06 3.32374e-06 5.86575e-07 9.66294e-07 2.06856e-07 1.81307e-05 1.13166e-07 3.79719e-07 9.48035e-08 7.65196e-08
0.962701 2.46399e-06 2.54567e-06 2.38231e-06 4.20607e-07 6.9394e-07 1.47274e-07 1.42088e-05 8.1678e-08 2.73333e-07 6.85245e-08 5.54089e-08
0.966092 1.80541e-06 1.86289e-06 1.74793e-06 2.98107e-07 4.88901e-07 1.07313e-07 1.10485e-05 5.74797e-08 1.90794e-07 4.83639e-08 3.9262e-08
0.969482 1.38931e-06 1.42869e-06 1.34992e-06 2.1076e-07 3.39189e-07 8.23314e-08 8.5776e-06 3.93816e-08 1.28429e-07 3.33151e-08 2.72496e-08
0.972873 1.15796e-06 1.18425e-06 1.13168e-06 1.51463e-07 2.34279e-07 6.86465e-08 6.73039e-06 2.62836e-08 8.28164e-08 2.24464e-08 1.86044e-08
0.976264 1.0684e-06 1.08557e-06 1.05122e-06 1.14334e-07 1.65131e-07 6.3538e-08 5.45224e-06 1.71761e-08 5.07963e-08 1.49024e-08 1.26228e-08
0.979655 1.09479e-06 1.10593e-06 1.08365e-06 9.48558e-08 1.24329e-07 6.53826e-08 4.71037e-06 1.11401e-08 2.94732e-08 9.90478e-09 8.66454e-09
0.983046 1.23738e-06 1.24472e-06 1.23003e-06 9.03917e-08 1.06616e-07 7.41676e-08 4.52345e-06 7.34545e-09 1.62241e-08 6.74944e-09 6.15017e-09
0.986437 1.55772e-06 1.56276e-06 1.55268e-06 1.02312e-07 1.11015e-07 9.36089e-08 5.0671e-06 5.0399e-09 8.70322e-09 4.79494e-09 4.54827e-09
0.989827 2.41149e-06 2.41497e-06 2.40801e-06 1.49997e-07 1.54821e-07 1.45172e-07 7.27698e-06 3.48157e-09 4.82402e-09 3.39218e-09 3.30202e-09
0.993218 1.20092e-05 1.20095e-05 1.20088e-05 7.27099e-07 7.30219e-07 7.2398e-07 4.31261e-05 3.6727e-10 3.11923e-09 1.84525e-10 -2.11758e-22
4.01075e-314 inf inf inf inf inf inf 0.000344867 17.7267 0.653939 0.440504 0.271413
