9.72476e-05 16.7088 17.6354 15.7823 8.8308 9.49299 8.16861 26.4754 0.926565 0.662188 0.408399 0.398334
0.0001 16.5982 17.52 15.6763 8.77124 9.42959 8.11289 26.2126 0.921815 0.658349 0.405049 0.394875
0.00010283 16.4887 17.4058 15.5716 8.71235 9.36689 8.05782 25.952 0.917092 0.654535 0.401724 0.391441
0.000105741 16.3822 17.2946 15.4698 8.65501 9.30575 8.00426 25.6935 0.912394 0.650747 0.398425 0.388032
0.000108734 16.2714 17.1792 15.3637 8.59544 9.24242 7.94846 25.4372 0.907723 0.646982 0.395151 0.384647
0.000111811 16.1614 17.0644 15.2583 8.53622 9.17946 7.89298 25.183 0.903078 0.643243 0.391903 0.381286
0.000114976 16.0519 16.9503 15.1534 8.47733 9.11686 7.8378 24.9309 0.898459 0.639528 0.38868 0.37795
0.00011823 15.943 16.8369 15.0491 8.41878 9.05462 7.78295 24.6809 0.893865 0.635837 0.385483 0.374637
0.000121576 15.8348 16.7241 14.9455 8.36058 8.99274 7.72841 24.433 0.889297 0.63217 0.38231 0.371349
0.000125017 15.7271 16.6119 14.8424 8.3027 8.93123 7.67417 24.1872 0.884754 0.628527 0.379162 0.368084
0.000128556 15.6201 16.5003 14.7398 8.24515 8.87006 7.62025 23.9434 0.880237 0.624908 0.376039 0.364842
0.000132194 15.5136 16.3894 14.6379 8.18795 8.80926 7.56664 23.7017 0.875744 0.621312 0.37294 0.361625
0.000135936 15.4078 16.2791 14.5365 8.13107 8.74881 7.51333 23.462 0.871276 0.61774 0.369866 0.35843
0.000139783 15.3025 16.1694 14.4357 8.07451 8.6887 7.46032 23.2243 0.866833 0.614191 0.366816 0.355258
0.000143739 15.1979 16.0603 14.3355 8.01829 8.62896 7.40763 22.9886 0.862414 0.610666 0.363791 0.35211
0.000147808 15.0938 15.9519 14.2358 7.96239 8.56955 7.35523 22.7549 0.858019 0.607163 0.360789 0.348984
0.000151991 14.9904 15.844 14.1367 7.90681 8.5105 7.30313 22.5231 0.853648 0.603683 0.357812 0.345882
0.000156293 14.8875 15.7368 14.0382 7.85156 8.45179 7.25134 22.2933 0.849301 0.600226 0.354858 0.342801
0.000160717 14.7852 15.6302 13.9402 7.79663 8.39342 7.19984 22.0655 0.844978 0.596792 0.351928 0.339743
0.000165265 14.6835 15.5241 13.8428 7.74201 8.33539 7.14863 21.8396 0.840678 0.593379 0.349021 0.336708
0.000169943 14.5823 15.4187 13.7459 7.68772 8.27771 7.09773 21.6155 0.836402 0.58999 0.346139 0.333695
0.000174753 14.4817 15.3139 13.6496 7.63374 8.22036 7.04712 21.3934 0.832149 0.586622 0.343279 0.330703
0.000179699 14.3817 15.2097 13.5538 7.58007 8.16335 6.99679 21.1732 0.827919 0.583276 0.340442 0.327734
0.000184785 14.2823 15.106 13.4586 7.52672 8.10668 6.94677 20.9548 0.823711 0.579953 0.337629 0.324786
0.000190015 14.1834 15.003 13.3639 7.47368 8.05033 6.89703 20.7383 0.819527 0.576651 0.334838 0.32186
0.000195393 14.0851 14.9005 13.2698 7.42095 7.99432 6.84758 20.5237 0.815364 0.57337 0.33207 0.318956
0.000200923 13.9874 14.7986 13.1762 7.36853 7.93864 6.79842 20.3108 0.811224 0.570111 0.329325 0.316073
0.00020661 13.8902 14.6973 13.0831 7.31641 7.88329 6.74954 20.0998 0.807106 0.566873 0.326602 0.313211
0.000212458 13.7936 14.5966 12.9906 7.2646 7.82826 6.70095 19.8906 0.80301 0.563656 0.323901 0.31037
0.000218471 13.6975 14.4965 12.8986 7.2131 7.77356 6.65264 19.6832 0.798936 0.560461 0.321224 0.30755
0.000224655 13.602 14.3969 12.8071 7.1619 7.71919 6.60462 19.4776 0.794883 0.557286 0.318568 0.304751
0.000231013 13.507 14.2979 12.7162 7.111 7.66513 6.55687 19.2737 0.790852 0.554132 0.315934 0.301973
0.000237551 13.4126 14.1994 12.6257 7.0604 7.6114 6.5094 19.0716 0.786842 0.550998 0.313323 0.299215
0.000244275 13.3187 14.1015 12.5358 7.01009 7.55798 6.46221 18.8712 0.782853 0.547885 0.310732 0.296478
0.000251189 13.2253 14.0042 12.4465 6.96009 7.50488 6.4153 18.6726 0.778885 0.544792 0.308164 0.293761
0.000258298 13.1325 13.9075 12.3576 6.91038 7.4521 6.36866 18.4757 0.774937 0.541719 0.305617 0.291064
0.000265609 13.0403 13.8113 12.2692 6.86097 7.39963 6.3223 18.2804 0.77101 0.538667 0.303092 0.288388
0.000273126 12.9485 13.7156 12.1814 6.81184 7.34747 6.27621 18.0869 0.767104 0.535634 0.300588 0.285731
0.000280857 12.8573 13.6205 12.0941 6.76301 7.29563 6.23039 17.8951 0.763217 0.532621 0.298106 0.283095
0.000288806 12.7666 13.526 12.0072 6.71447 7.2441 6.18485 17.7049 0.759351 0.529627 0.295644 0.280478
0.00029698 12.6764 13.4319 11.9209 6.66622 7.19287 6.13956 17.5163 0.755504 0.526653 0.293204 0.27788
0.000305386 12.5868 13.3385 11.8351 6.61826 7.14195 6.09456 17.3294 0.751677 0.523699 0.290784 0.275302
0.000314029 12.4977 13.2455 11.7498 6.57057 7.09134 6.04981 17.1442 0.747869 0.520763 0.288385 0.272743
0.000322917 12.4091 13.1531 11.665 6.52318 7.04102 6.00533 16.9605 0.74408 0.517847 0.286007 0.270204
0.000332057 12.321 13.0613 11.5806 6.47606 6.99101 5.96111 16.7785 0.740311 0.514949 0.28365 0.267684
0.000341455 12.2334 12.9699 11.4968 6.42924 6.94131 5.91716 16.598 0.73656 0.512071 0.281313 0.265183
0.000351119 12.1463 12.8791 11.4135 6.38268 6.89189 5.87347 16.4192 0.732828 0.509211 0.278996 0.2627
0.000361057 12.0597 12.7889 11.3306 6.33641 6.84278 5.83004 16.2419 0.729115 0.506369 0.276699 0.260237
0.000371276 11.9737 12.6991 11.2483 6.29042 6.79397 5.78688 16.0662 0.72542 0.503546 0.274423 0.257792
0.000381784 11.8881 12.6099 11.1664 6.2447 6.74544 5.74396 15.892 0.721743 0.500741 0.272166 0.255365
0.00039259 11.8031 12.5212 11.085 6.19926 6.69722 5.70131 15.7193 0.718084 0.497954 0.269929 0.252957
0.000403702 11.7185 12.4329 11.0041 6.15409 6.64928 5.6589 15.5482 0.714443 0.495186 0.267712 0.250568
0.000415128 11.6344 12.3453 10.9236 6.10919 6.60163 5.61676 15.3786 0.71082 0.492435 0.265515 0.248196
0.000426877 11.5509 12.2581 10.8436 6.06457 6.55427 5.57487 15.2105 0.707214 0.489702 0.263338 0.245842
0.000438959 11.4678 12.1714 10.7642 6.02021 6.5072 5.53323 15.0439 0.703625 0.486986 0.261179 0.243507
0.000451383 11.3852 12.0852 10.6851 5.97612 6.46041 5.49184 14.8787 0.700053 0.484288 0.25904 0.241189
0.000464159 11.3031 11.9996 10.6066 5.9323 6.41391 5.4507 14.7151 0.696498 0.481607 0.256921 0.238889
0.000477296 11.2214 11.9144 10.5285 5.88875 6.36769 5.40981 14.5528 0.69296 0.478944 0.25482 0.236607
0.000490805 11.1403 11.8297 10.4509 5.84546 6.32175 5.36916 14.3921 0.689438 0.476297 0.252739 0.234342
0.000504697 11.0596 11.7456 10.3737 5.80243 6.2761 5.32876 14.2328 0.685932 0.473668 0.250676 0.232095
0.000518981 10.9794 11.6619 10.297 5.75966 6.23072 5.28861 14.0749 0.682443 0.471055 0.248632 0.229865
0.00053367 10.8997 11.5787 10.2207 5.71716 6.18562 5.2487 13.9184 0.678969 0.468459 0.246607 0.227652
0.000548775 10.8204 11.496 10.1449 5.67491 6.14079 5.20903 13.7633 0.675512 0.465879 0.244601 0.225456
0.000564307 10.7417 11.4137 10.0696 5.63292 6.09624 5.16961 13.6096 0.672069 0.463316 0.242613 0.223277
0.000580278 10.6634 11.332 9.99471 5.59119 6.05196 5.13042 13.4573 0.668642 0.460769 0.240643 0.221115
0.000596702 10.5855 11.2507 9.92027 5.54972 6.00796 5.09148 13.3064 0.665231 0.458239 0.238691 0.21897
0.000613591 10.5081 11.1699 9.84628 5.5085 5.96422 5.05277 13.1569 0.661834 0.455724 0.236758 0.216841
0.000630957 10.4312 11.0896 9.77273 5.46752 5.92075 5.0143 13.0087 0.658452 0.453226 0.234843 0.214729
0.000648815 10.3547 11.0098 9.69962 5.42681 5.87755 4.97607 12.8618 0.655084 0.450743 0.232946 0.212634
0.000667179 10.2787 10.9304 9.62696 5.38634 5.83462 4.93807 12.7163 0.651731 0.448275 0.231066 0.210554
0.000686062 10.2031 10.8515 9.55473 5.34613 5.79195 4.9003 12.5721 0.648392 0.445823 0.229205 0.208491
0.00070548 10.128 10.7731 9.48294 5.30616 5.74954 4.86277 12.4292 0.645066 0.443387 0.227361 0.206444
0.000725448 10.0533 10.6951 9.41159 5.26644 5.7074 4.82547 12.2876 0.641755 0.440966 0.225534 0.204413
0.00074598 9.97912 10.6176 9.34066 5.22696 5.66552 4.7884 12.1473 0.638457 0.43856 0.223725 0.202398
0.000767094 9.90534 10.5405 9.27017 5.18773 5.6239 4.75156 12.0083 0.635172 0.436169 0.221933 0.200399
0.000788805 9.83201 10.4639 9.20011 5.14874 5.58253 4.71495 11.8705 0.631901 0.433792 0.220159 0.198416
0.000811131 9.75911 10.3878 9.13047 5.10999 5.54142 4.67856 11.7341 0.628642 0.431431 0.218401 0.196448
0.000834088 9.68665 10.312 9.06126 5.07148 5.50057 4.6424 11.5988 0.625397 0.429084 0.216661 0.194496
0.000857696 9.61463 10.2368 8.99246 5.03322 5.45997 4.60647 11.4649 0.622163 0.426752 0.214937 0.192559
0.000881971 9.54304 10.162 8.92409 4.99519 5.41962 4.57076 11.3321 0.618942 0.424434 0.21323 0.190637
0.000906934 9.47187 10.0876 8.85614 4.9574 5.37953 4.53527 11.2006 0.615733 0.42213 0.21154 0.188731
0.000932603 9.40114 10.0137 8.78861 4.91985 5.33968 4.50001 11.0703 0.612536 0.41984 0.209866 0.18684
0.000958999 9.33083 9.94018 8.72148 4.88252 5.30009 4.46496 10.9413 0.609351 0.417564 0.208209 0.184964
0.000986142 9.26095 9.86713 8.65477 4.84544 5.26074 4.43013 10.8134 0.606177 0.415302 0.206568 0.183102
0.00101405 9.19149 9.7945 8.58848 4.80858 5.22164 4.39553 10.6867 0.603014 0.413054 0.204944 0.181256
0.00104275 9.12245 9.72231 8.52259 4.77196 5.18278 4.36114 10.5612 0.599863 0.410819 0.203335 0.179424
0.00107227 9.05383 9.65055 8.45711 4.73557 5.14417 4.32697 10.4368 0.596722 0.408597 0.201743 0.177608
0.00110262 8.98562 9.57921 8.39203 4.69941 5.10579 4.29302 10.3136 0.593591 0.406389 0.200167 0.175805
0.00113382 8.91782 9.5083 8.32735 4.66347 5.06766 4.25928 10.1916 0.590471 0.404194 0.198606 0.174017
0.00116591 8.85044 9.4378 8.26308 4.62776 5.02977 4.22575 10.0707 0.587361 0.402012 0.197061 0.172243
0.00119891 8.78346 9.36773 8.1992 4.59228 4.99212 4.19244 9.95099 0.584261 0.399843 0.195532 0.170484
0.00123285 8.7169 9.29807 8.13573 4.55702 4.95471 4.15933 9.83238 0.581171 0.397687 0.194018 0.168739
0.00126774 8.65074 9.22883 8.07265 4.52199 4.91753 4.12644 9.71489 0.57809 0.395543 0.192519 0.167008
0.00130362 8.58498 9.16 8.00996 4.48717 4.88059 4.09376 9.5985 0.575018 0.393412 0.191036 0.165291
0.00134052 8.51962 9.09157 7.94766 4.45258 4.84387 4.06129 9.48322 0.571956 0.391293 0.189568 0.163588
0.00137846 8.45466 9.02356 7.88576 4.41821 4.8074 4.02902 9.36903 0.568902 0.389187 0.188115 0.161898
0.00141747 8.3901 8.95595 7.82424 4.38405 4.77115 3.99696 9.25593 0.565856 0.387092 0.186677 0.160222
0.00145759 8.32593 8.88875 7.76311 4.35012 4.73513 3.96511 9.14391 0.562819 0.385009 0.185253 0.15856
0.00149885 8.26215 8.82194 7.70236 4.3164 4.69934 3.93346 9.03296 0.55979 0.382939 0.183845 0.156912
0.00154127 8.19877 8.75554 7.642 4.2829 4.66378 3.90202 8.92306 0.556768 0.380879 0.182451 0.155277
0.00158489 8.13577 8.68952 7.58201 4.24961 4.62844 3.87078 8.81422 0.553754 0.378832 0.181071 0.153655
0.00162975 8.07316 8.62391 7.52241 4.21654 4.59333 3.83974 8.70642 0.550747 0.376796 0.179706 0.152047
0.00167588 8.01094 8.55868 7.46319 4.18367 4.55844 3.8089 8.59966 0.547748 0.374771 0.178355 0.150452
0.00172331 7.94909 8.49385 7.40434 4.15102 4.52377 3.77826 8.49393 0.544755 0.372757 0.177017 0.148869
0.00177209 7.88763 8.4294 7.34586 4.11858 4.48933 3.74782 8.38921 0.541769 0.370754 0.175694 0.1473
0.00182224 7.82654 8.36533 7.28775 4.08634 4.4551 3.71758 8.28551 0.538789 0.368762 0.174385 0.145744
0.00187382 7.76583 8.30165 7.23002 4.05432 4.4211 3.68754 8.18282 0.535815 0.366781 0.17309 0.144201
0.00192685 7.7055 8.23835 7.17265 4.0225 4.38731 3.65769 8.08112 0.532847 0.36481 0.171808 0.14267
0.00198139 7.64554 8.17542 7.11565 3.99088 4.35373 3.62803 7.98041 0.529884 0.36285 0.170539 0.141152
0.00203747 7.58595 8.11287 7.05902 3.95948 4.32038 3.59858 7.88069 0.526927 0.3609 0.169284 0.139647
0.00209514 7.52673 8.0507 7.00275 3.92827 4.28723 3.56931 7.78193 0.523975 0.35896 0.168042 0.138154
0.00215443 7.46787 7.98889 6.94684 3.89727 4.2543 3.54024 7.68415 0.521027 0.35703 0.166813 0.136673
0.00221541 7.40938 7.92746 6.89129 3.86647 4.22158 3.51136 7.58732 0.518084 0.35511 0.165597 0.135205
0.00227812 7.35125 7.86639 6.8361 3.83587 4.18906 3.48267 7.49144 0.515145 0.353199 0.164394 0.133749
0.00234259 7.29348 7.80569 6.78127 3.80546 4.15676 3.45416 7.39651 0.51221 0.351298 0.163204 0.132305
0.0024089 7.23607 7.74535 6.72679 3.77526 4.12467 3.42585 7.30252 0.509279 0.349407 0.162026 0.130874
0.00247708 7.17902 7.68537 6.67267 3.74525 4.09278 3.39773 7.20945 0.506351 0.347524 0.16086 0.129454
0.00254719 7.12232 7.62574 6.61889 3.71544 4.06109 3.36979 7.11731 0.503427 0.345651 0.159707 0.128046
0.00261928 7.06597 7.56648 6.56547 3.68582 4.02961 3.34204 7.02608 0.500505 0.343787 0.158566 0.12665
0.00269341 7.00998 7.50756 6.51239 3.6564 3.99833 3.31447 6.93576 0.497586 0.341932 0.157437 0.125266
0.00276965 6.95433 7.449 6.45966 3.62717 3.96725 3.28708 6.84634 0.494669 0.340085 0.156319 0.123893
0.00284804 6.89903 7.39078 6.40728 3.59813 3.93638 3.25989 6.75782 0.491754 0.338247 0.155214 0.122532
0.00292864 6.84408 7.33292 6.35524 3.56929 3.9057 3.23287 6.67018 0.488841 0.336417 0.154119 0.121182
0.00301153 6.78947 7.27539 6.30354 3.54063 3.87522 3.20603 6.58342 0.485929 0.334595 0.153037 0.119844
0.00309677 6.7352 7.21822 6.25218 3.51216 3.84494 3.17938 6.49754 0.483019 0.332781 0.151965 0.118517
0.00318442 6.68127 7.16138 6.20116 3.48388 3.81485 3.1529 6.41252 0.48011 0.330975 0.150904 0.117202
0.00327455 6.62767 7.10487 6.15047 3.45578 3.78496 3.1266 6.32836 0.477201 0.329177 0.149855 0.115897
0.00336723 6.57442 7.04871 6.10012 3.42787 3.75526 3.10048 6.24505 0.474292 0.327386 0.148816 0.114604
0.00346253 6.5215 6.99288 6.05011 3.40015 3.72575 3.07454 6.16259 0.471384 0.325603 0.147788 0.113322
0.00356053 6.4689 6.93738 6.00043 3.3726 3.69643 3.04877 6.08097 0.468475 0.323827 0.14677 0.11205
0.00366131 6.41664 6.88221 5.95108 3.34524 3.6673 3.02318 6.00018 0.465566 0.322058 0.145762 0.11079
0.00376494 6.36471 6.82736 5.90205 3.31806 3.63836 2.99776 5.92022 0.462656 0.320296 0.144764 0.10954
0.0038715 6.3131 6.77284 5.85335 3.29106 3.6096 2.97252 5.84107 0.459745 0.31854 0.143777 0.108301
0.00398107 6.26182 6.71865 5.80498 3.26424 3.58103 2.94745 5.76274 0.456832 0.316792 0.142799 0.107072
0.00409375 6.21086 6.66478 5.75694 3.2376 3.55265 2.92255 5.68522 0.453918 0.315049 0.14183 0.105854
0.00420962 6.16022 6.61122 5.70922 3.21113 3.52444 2.89782 5.6085 0.451002 0.313313 0.140871 0.104647
0.00432876 6.1099 6.55798 5.66182 3.18484 3.49642 2.87326 5.53257 0.448083 0.311583 0.139921 0.10345
0.00445128 6.0599 6.50506 5.61473 3.15872 3.46858 2.84887 5.45742 0.445162 0.309858 0.13898 0.102263
0.00457727 6.01021 6.45244 5.56797 3.13278 3.44092 2.82464 5.38307 0.442238 0.30814 0.138048 0.101086
0.00470682 5.96083 6.40014 5.52152 3.10701 3.41344 2.80059 5.30948 0.439311 0.306426 0.137125 0.0999199
0.00484003 5.91177 6.34815 5.47539 3.08141 3.38613 2.77669 5.23667 0.436381 0.304719 0.136209 0.0987635
0.00497702 5.86301 6.29646 5.42956 3.05598 3.359 2.75297 5.16461 0.433447 0.303016 0.135303 0.0976171
0.00511789 5.81456 6.24507 5.38406 3.03072 3.33204 2.72941 5.09332 0.430508 0.301318 0.134404 0.0964806
0.00526274 5.76642 6.19399 5.33886 3.00563 3.30526 2.70601 5.02277 0.427566 0.299625 0.133513 0.095354
0.0054117 5.71859 6.14321 5.29397 2.98071 3.27865 2.68277 4.95297 0.424619 0.297937 0.132629 0.0942371
0.00556486 5.67105 6.09272 5.24939 2.95595 3.2522 2.65969 4.88391 0.421667 0.296253 0.131753 0.0931299
0.00572237 5.62382 6.04253 5.20511 2.93135 3.22593 2.63678 4.81559 0.418709 0.294574 0.130884 0.0920323
0.00588433 5.57688 5.99263 5.16114 2.90692 3.19982 2.61403 4.74799 0.415747 0.292898 0.130022 0.0909443
0.00605088 5.53024 5.94302 5.11746 2.88266 3.17388 2.59143 4.68111 0.412778 0.291227 0.129167 0.0898657
0.00622213 5.4839 5.8937 5.0741 2.85855 3.14811 2.56899 4.61494 0.409804 0.289559 0.128318 0.0887965
0.00639824 5.43785 5.84467 5.03102 2.8346 3.1225 2.54671 4.54949 0.406823 0.287894 0.127476 0.0877366
0.00657933 5.39209 5.79592 4.98825 2.81082 3.09705 2.52458 4.48474 0.403836 0.286233 0.12664 0.086686
0.00676555 5.34662 5.74746 4.94578 2.78719 3.07176 2.50261 4.42069 0.400842 0.284575 0.125809 0.0856445
0.00695704 5.30144 5.69928 4.9036 2.76371 3.04663 2.4808 4.35733 0.39784 0.28292 0.124985 0.0846122
0.00715394 5.25654 5.65137 4.86171 2.7404 3.02166 2.45913 4.29466 0.394832 0.281267 0.124165 0.0835888
0.00735642 5.21193 5.60374 4.82011 2.71723 2.99685 2.43762 4.23267 0.391815 0.279617 0.123351 0.0825743
0.00756463 5.1676 5.55639 4.77881 2.69422 2.97219 2.41626 4.17136 0.388791 0.277969 0.122541 0.0815688
0.00777874 5.12355 5.50931 4.73779 2.67137 2.94769 2.39504 4.11071 0.385759 0.276324 0.121736 0.080572
0.0079989 5.07978 5.4625 4.69706 2.64866 2.92334 2.37398 4.05074 0.382718 0.27468 0.120936 0.0795839
0.0082253 5.03629 5.41595 4.65662 2.62611 2.89914 2.35307 3.99142 0.379668 0.273038 0.12014 0.0786045
0.0084581 4.99307 5.36968 4.61646 2.6037 2.87509 2.3323 3.93275 0.37661 0.271397 0.119347 0.0776337
0.00869749 4.95012 5.32367 4.57658 2.58144 2.8512 2.31168 3.87474 0.373543 0.269758 0.118558 0.0766714
0.00894366 4.90745 5.27792 4.53699 2.55932 2.82744 2.2912 3.81737 0.370466 0.26812 0.117773 0.0757175
0.00919679 4.86505 5.23243 4.49767 2.53735 2.80383 2.27087 3.76064 0.367379 0.266482 0.116991 0.0747719
0.00945709 4.82291 5.18719 4.45863 2.51552 2.78037 2.25068 3.70454 0.364283 0.264845 0.116211 0.0738346
0.00972476 4.78104 5.14222 4.41986 2.49384 2.75705 2.23063 3.64907 0.361177 0.263209 0.115434 0.0729056
0.01 4.73944 5.0975 4.38138 2.4723 2.73387 2.21072 3.59422 0.358061 0.261573 0.11466 0.0719847
0.010283 4.69809 5.05303 4.34316 2.45089 2.71083 2.19095 3.53999 0.354934 0.259937 0.113887 0.0710718
0.0105741 4.65701 5.00881 4.30522 2.42963 2.68793 2.17133 3.48637 0.351797 0.2583 0.113116 0.070167
0.0108734 4.61619 4.96484 4.26754 2.4085 2.66516 2.15183 3.43335 0.348649 0.256663 0.112347 0.0692701
0.0111811 4.57563 4.92112 4.23014 2.3875 2.64253 2.13248 3.38094 0.345491 0.255025 0.111579 0.0683811
0.0114976 4.53532 4.87764 4.193 2.36664 2.62003 2.11326 3.32913 0.342321 0.253387 0.110811 0.0674998
0.011823 4.49527 4.83441 4.15613 2.34592 2.59766 2.09417 3.27791 0.33914 0.251747 0.110045 0.0666263
0.0121576 4.45546 4.79141 4.11951 2.32532 2.57543 2.07522 3.22728 0.335948 0.250106 0.109278 0.0657604
0.0125017 4.41591 4.74865 4.08317 2.30486 2.55332 2.05639 3.17723 0.332745 0.248463 0.108512 0.0649021
0.0128556 4.37661 4.70614 4.04708 2.28452 2.53134 2.0377 3.12775 0.32953 0.246819 0.107746 0.0640513
0.0132194 4.33755 4.66385 4.01124 2.26431 2.50948 2.01914 3.07885 0.326303 0.245173 0.106979 0.0632079
0.0135936 4.29874 4.6218 3.97567 2.24423 2.48775 2.0007 3.03052 0.323065 0.243524 0.106211 0.0623719
0.0139783 4.26017 4.57998 3.94035 2.22427 2.46614 1.98239 2.98274 0.319816 0.241872 0.105442 0.0615432
0.0143739 4.22184 4.53839 3.90528 2.20443 2.44465 1.96421 2.93553 0.316554 0.240218 0.104672 0.0607218
0.0147808 4.18375 4.49703 3.87047 2.18472 2.42328 1.94615 2.88887 0.313281 0.238561 0.103901 0.0599075
0.0151991 4.1459 4.4559 3.8359 2.16512 2.40202 1.92822 2.84276 0.309996 0.236901 0.103127 0.0591004
0.0156293 4.10828 4.41498 3.80158 2.14564 2.38088 1.9104 2.79719 0.306699 0.235238 0.102351 0.0583002
0.0160717 4.0709 4.37429 3.76751 2.12628 2.35985 1.89271 2.75216 0.303391 0.23357 0.101573 0.057507
0.0165265 4.03375 4.33383 3.73368 2.10703 2.33893 1.87513 2.70766 0.300071 0.231899 0.100792 0.0567208
0.0169943 3.99684 4.29357 3.7001 2.0879 2.31812 1.85767 2.66369 0.296739 0.230224 0.100008 0.0559413
0.0174753 3.96015 4.25354 3.66675 2.06887 2.29742 1.84033 2.62025 0.293396 0.228544 0.0992209 0.0551686
0.0179699 3.92368 4.21373 3.63364 2.04996 2.27682 1.8231 2.57732 0.290041 0.22686 0.0984301 0.0544027
0.0184785 3.88745 4.17412 3.60077 2.03116 2.25633 1.80599 2.53491 0.286676 0.225171 0.0976355 0.0536433
0.0190015 3.85143 4.13473 3.56814 2.01246 2.23593 1.78898 2.49301 0.283299 0.223477 0.0968369 0.0528906
0.0195393 3.81564 4.09555 3.53573 1.99386 2.21564 1.77209 2.45162 0.279911 0.221777 0.0960339 0.0521443
0.0200923 3.78007 4.05658 3.50356 1.97537 2.19544 1.7553 2.41073 0.276512 0.220072 0.0952263 0.0514045
0.020661 3.74471 4.01781 3.47161 1.95698 2.17534 1.73862 2.37034 0.273103 0.218361 0.0944139 0.0506711
0.0212458 3.70957 3.97925 3.43989 1.93869 2.15533 1.72204 2.33044 0.269683 0.216645 0.0935965 0.049944
0.0218471 3.67465 3.9409 3.40839 1.92049 2.13542 1.70557 2.29102 0.266253 0.214922 0.0927737 0.0492232
0.0224655 3.63993 3.90275 3.37712 1.90239 2.11559 1.6892 2.25209 0.262814 0.213193 0.0919455 0.0485086
0.0231013 3.60543 3.86479 3.34606 1.88439 2.09584 1.67293 2.21364 0.259365 0.211457 0.0911115 0.0478001
0.0237551 3.57113 3.82704 3.31523 1.86647 2.07618 1.65676 2.17566 0.255907 0.209714 0.0902716 0.0470976
0.0244275 3.53704 3.78948 3.2846 1.84864 2.05661 1.64068 2.13815 0.25244 0.207964 0.0894256 0.0464012
0.0251189 3.50316 3.75212 3.25419 1.8309 2.03711 1.6247 2.10111 0.248965 0.206206 0.0885733 0.0457108
0.0258298 3.46947 3.71496 3.22399 1.81325 2.01769 1.6088 2.06452 0.245482 0.204442 0.0877145 0.0450263
0.0265609 3.43599 3.67798 3.194 1.79567 1.99834 1.593 2.0284 0.241992 0.202669 0.086849 0.0443475
0.0273126 3.40271 3.6412 3.16421 1.77818 1.97907 1.57729 1.99272 0.238495 0.200889 0.0859767 0.0436746
0.0280857 3.36962 3.60461 3.13463 1.76076 1.95987 1.56166 1.95749 0.234991 0.1991 0.0850974 0.0430074
0.0288806 3.33672 3.56821 3.10524 1.74343 1.94073 1.54612 1.92271 0.231481 0.197303 0.084211 0.0423459
0.029698 3.30402 3.53199 3.07605 1.72616 1.92166 1.53066 1.88836 0.227967 0.195498 0.0833174 0.04169
0.0305386 3.27151 3.49595 3.04706 1.70897 1.90265 1.51528 1.85445 0.224447 0.193684 0.0824165 0.0410396
0.0314029 3.23918 3.46011 3.01826 1.69184 1.8837 1.49998 1.82097 0.220923 0.191861 0.0815082 0.0403948
0.0322917 3.20704 3.42444 2.98965 1.67478 1.86481 1.48475 1.78791 0.217396 0.190029 0.0805923 0.0397554
0.0332057 3.17509 3.38895 2.96122 1.65779 1.84597 1.4696 1.75528 0.213866 0.188187 0.079669 0.0391214
0.0341455 3.14331 3.35364 2.93298 1.64085 1.82719 1.45451 1.72306 0.210334 0.186337 0.078738 0.0384928
0.0351119 3.11171 3.31851 2.90491 1.62398 1.80845 1.4395 1.69126 0.206801 0.184476 0.0777994 0.0378695
0.0361057 3.08029 3.28356 2.87702 1.60716 1.78976 1.42455 1.65986 0.203267 0.182606 0.0768532 0.0372514
0.0371276 3.04904 3.24878 2.84931 1.59039 1.77112 1.40966 1.62887 0.199734 0.180726 0.0758994 0.0366385
0.0381784 3.01797 3.21417 2.82177 1.57367 1.75251 1.39484 1.59828 0.196202 0.178837 0.074938 0.0360308
0.039259 2.98706 3.17973 2.79439 1.55701 1.73394 1.38007 1.56808 0.192672 0.176937 0.073969 0.0354282
0.0403702 2.95632 3.14546 2.76717 1.54039 1.71541 1.36536 1.53827 0.189145 0.175026 0.0729925 0.0348306
0.0415128 2.92574 3.11136 2.74012 1.52381 1.69691 1.3507 1.50885 0.185622 0.173106 0.0720086 0.0342381
0.0426877 2.89532 3.07743 2.71322 1.50727 1.67844 1.33609 1.47982 0.182104 0.171175 0.0710174 0.0336505
0.0438959 2.86506 3.04366 2.68647 1.49076 1.65999 1.32153 1.45116 0.178592 0.169233 0.0700191 0.0330679
0.0451383 2.83496 3.01005 2.65987 1.47429 1.64157 1.30701 1.42288 0.175086 0.167281 0.0690136 0.0324902
0.0464159 2.80501 2.9766 2.63342 1.45785 1.62317 1.29253 1.39496 0.171589 0.165318 0.0680014 0.0319173
0.0477296 2.7752 2.9433 2.6071 1.44144 1.60478 1.2781 1.36742 0.168101 0.163345 0.0669824 0.0313493
0.0490805 2.74555 2.91017 2.58092 1.42505 1.58641 1.26369 1.34023 0.164622 0.16136 0.065957 0.030786
0.0504697 2.71603 2.87719 2.55488 1.40869 1.56805 1.24932 1.3134 0.161155 0.159365 0.0649253 0.0302275
0.0518981 2.68666 2.84436 2.52896 1.39234 1.5497 1.23498 1.28693 0.157701 0.157359 0.0638877 0.0296737
0.053367 2.65742 2.81168 2.50316 1.37601 1.53135 1.22066 1.26081 0.154259 0.155343 0.0628443 0.0291245
0.0548775 2.62831 2.77914 2.47748 1.35968 1.513 1.20637 1.23503 0.150833 0.153316 0.0617955 0.02858
0.0564307 2.59933 2.74675 2.45191 1.34337 1.49465 1.19209 1.20959 0.147422 0.151277 0.0607416 0.0280402
0.0580278 2.57048 2.71451 2.42645 1.32706 1.47629 1.17783 1.18449 0.144029 0.149229 0.0596829 0.0275049
0.0596702 2.54175 2.6824 2.40109 1.31076 1.45793 1.16359 1.15972 0.140654 0.147169 0.0586199 0.0269742
0.0613591 2.51313 2.65043 2.37584 1.29445 1.43955 1.14935 1.13529 0.137298 0.1451 0.0575528 0.026448
0.0630957 2.48463 2.6186 2.35067 1.27814 1.42116 1.13512 1.11117 0.133964 0.14302 0.056482 0.0259263
0.0648815 2.45624 2.58689 2.32559 1.26182 1.40275 1.12089 1.08738 0.130651 0.140929 0.0554081 0.0254091
0.0667179 2.42795 2.55532 2.30059 1.24549 1.38432 1.10666 1.06391 0.127362 0.138829 0.0543314 0.0248964
0.0686062 2.39977 2.52386 2.27567 1.22914 1.36586 1.09242 1.04075 0.124097 0.136719 0.0532523 0.0243882
0.070548 2.37167 2.49253 2.25081 1.21277 1.34737 1.07818 1.0179 0.120859 0.134599 0.0521715 0.0238844
0.0725448 2.34367 2.46132 2.22602 1.19639 1.32886 1.06392 0.995362 0.117647 0.132469 0.0510893 0.023385
0.074598 2.31575 2.43022 2.20129 1.17997 1.3103 1.04964 0.973122 0.114464 0.130331 0.0500063 0.0228901
0.0767094 2.28792 2.39923 2.17661 1.16353 1.29172 1.03535 0.95118 0.11131 0.128183 0.0489229 0.0223995
0.0788805 2.26016 2.36834 2.15197 1.14706 1.27309 1.02103 0.929534 0.108188 0.126027 0.0478398 0.0219134
0.0811131 2.23246 2.33756 2.12737 1.13055 1.25441 1.00669 0.908179 0.105097 0.123862 0.0467576 0.0214316
0.0834088 2.20483 2.30687 2.10279 1.11401 1.2357 0.992316 0.887111 0.102041 0.12169 0.0456766 0.0209543
0.0857696 2.17726 2.27628 2.07824 1.09742 1.21693 0.977907 0.866329 0.0990182 0.11951 0.0445976 0.0204813
0.0881971 2.14974 2.24577 2.05371 1.08078 1.19811 0.96346 0.845827 0.0960318 0.117323 0.0435212 0.0200127
0.0906934 2.12226 2.21535 2.02918 1.0641 1.17923 0.948973 0.825603 0.0930824 0.115129 0.0424479 0.0195486
0.0932603 2.09483 2.185 2.00465 1.04737 1.1603 0.93444 0.805653 0.0901711 0.112929 0.0413783 0.0190888
0.0958999 2.06742 2.15472 1.98012 1.03058 1.1413 0.919859 0.785974 0.0872992 0.110723 0.0403131 0.0186335
0.0986142 2.04004 2.12451 1.95557 1.01374 1.12225 0.905226 0.766563 0.0844676 0.108512 0.0392528 0.0181825
0.101405 2.01267 2.09435 1.931 0.996835 1.10313 0.890538 0.747416 0.0816776 0.106296 0.0381982 0.0177361
0.104275 1.98532 2.06425 1.90639 0.979869 1.08395 0.875792 0.728532 0.0789301 0.104077 0.0371497 0.0172941
0.107227 1.95797 2.03419 1.88174 0.962839 1.06469 0.860985 0.709905 0.076226 0.101854 0.0361081 0.0168566
0.110262 1.93061 2.00418 1.85704 0.945742 1.04537 0.846113 0.691536 0.0735665 0.0996283 0.035074 0.0164235
0.113382 1.90324 1.97419 1.83229 0.928576 1.02598 0.831175 0.673419 0.0709524 0.0974008 0.034048 0.0159951
0.116591 1.87585 1.94423 1.80746 0.911339 1.00651 0.816167 0.655552 0.0683846 0.0951721 0.0330307 0.0155712
0.119891 1.84843 1.91429 1.78256 0.894029 0.986972 0.801087 0.637934 0.0658639 0.0929429 0.0320227 0.0151518
0.123285 1.82097 1.88436 1.75758 0.876646 0.967361 0.785932 0.620561 0.0633912 0.0907142 0.0310246 0.0147372
0.126774 1.79346 1.85443 1.73249 0.859188 0.947675 0.770702 0.603431 0.0609671 0.0884866 0.030037 0.0143271
0.130362 1.76589 1.82449 1.7073 0.841655 0.927916 0.755393 0.586543 0.0585924 0.0862613 0.0290606 0.0139219
0.134052 1.73826 1.79453 1.682 0.824045 0.908084 0.740006 0.569893 0.0562676 0.084039 0.0280959 0.0135213
0.137846 1.71056 1.76455 1.65656 0.806359 0.888179 0.724538 0.55348 0.0539935 0.0818207 0.0271434 0.0131256
0.141747 1.68277 1.73454 1.631 0.788597 0.868204 0.708989 0.537302 0.0517704 0.0796075 0.0262037 0.0127347
0.145759 1.65489 1.70448 1.60529 0.770759 0.84816 0.693359 0.521357 0.049599 0.0774005 0.0252773 0.0123488
0.149885 1.6269 1.67438 1.57942 0.752848 0.828048 0.677647 0.505644 0.0474795 0.0752005 0.0243648 0.0119678
0.154127 1.5988 1.64421 1.55338 0.734864 0.807873 0.661855 0.490162 0.0454123 0.0730088 0.0234666 0.0115918
0.158489 1.57057 1.61397 1.52717 0.71681 0.787637 0.645984 0.474908 0.0433978 0.0708266 0.0225833 0.011221
0.162975 1.54221 1.58365 1.50078 0.698689 0.767344 0.630034 0.459883 0.0414362 0.068655 0.0217152 0.0108553
0.167588 1.51371 1.55324 1.47418 0.680504 0.746999 0.614009 0.445085 0.0395276 0.0664952 0.0208629 0.0104948
0.172331 1.48506 1.52273 1.44738 0.662259 0.726608 0.597911 0.430513 0.0376722 0.0643485 0.0200267 0.0101397
0.177209 1.45624 1.49211 1.42037 0.643959 0.706176 0.581743 0.416166 0.03587 0.0622162 0.019207 0.0097899
0.182224 1.42725 1.46137 1.39313 0.62561 0.68571 0.565511 0.402044 0.0341211 0.0600995 0.0184043 0.00944559
0.187382 1.39808 1.4305 1.36565 0.607218 0.665218 0.549218 0.388147 0.0324252 0.0579998 0.0176188 0.00910681
0.192685 1.36872 1.3995 1.33793 0.588789 0.644708 0.532871 0.374475 0.0307824 0.0559185 0.0168508 0.00877366
0.198139 1.33915 1.36835 1.30996 0.570333 0.62419 0.516476 0.361028 0.0291924 0.0538569 0.0161007 0.00844621
0.203747 1.30939 1.33704 1.28173 0.551859 0.603675 0.500042 0.347805 0.027655 0.0518164 0.0153688 0.00812454
0.209514 1.2794 1.30557 1.25323 0.533375 0.583174 0.483577 0.334808 0.0261698 0.0497986 0.0146552 0.00780875
0.215443 1.24919 1.27393 1.22445 0.514895 0.5627 0.46709 0.322036 0.0247366 0.0478047 0.0139602 0.00749892
0.221541 1.21875 1.24211 1.1954 0.49643 0.542266 0.450593 0.309491 0.0233548 0.0458363 0.013284 0.00719513
0.227812 1.18808 1.21011 1.16606 0.477993 0.521888 0.434099 0.297173 0.0220241 0.0438949 0.0126266 0.00689748
0.234259 1.15717 1.17791 1.13642 0.459601 0.501583 0.417619 0.285084 0.0207439 0.0419818 0.0119883 0.00660603
0.24089 1.12601 1.14552 1.1065 0.441269 0.481367 0.40117 0.273225 0.0195135 0.0400987 0.0113692 0.00632088
0.247708 1.0946 1.11294 1.07627 0.423015 0.461261 0.384768 0.261598 0.0183325 0.0382468 0.0107692 0.00604209
0.254719 1.06295 1.08015 1.04575 0.404858 0.441286 0.368431 0.250203 0.0172 0.0364277 0.0101885 0.00576972
0.261928 1.03105 1.04716 1.01493 0.386821 0.421464 0.352178 0.239043 0.0161154 0.0346429 0.00962703 0.00550383
0.269341 0.998893 1.01397 0.983815 0.368928 0.401821 0.336034 0.22812 0.0150778 0.0328937 0.00908472 0.00524446
0.276965 0.966493 0.980579 0.952406 0.351204 0.382385 0.320022 0.217436 0.0140865 0.0311816 0.0085615 0.0049916
0.284804 0.933845 0.946985 0.920704 0.333681 0.363189 0.304173 0.206995 0.0131404 0.0295078 0.00805722 0.00474524
0.292864 0.900945 0.913184 0.888707 0.316398 0.344272 0.288524 0.196799 0.0122387 0.0278737 0.00757164 0.00450526
0.301153 0.867764 0.879144 0.856384 0.299414 0.325695 0.273134 0.186852 0.01138 0.0262805 0.00710434 0.00427138
0.309677 0.834132 0.844695 0.823568 0.282884 0.307614 0.258155 0.177165 0.010563 0.0247291 0.00665439 0.00404275
0.318442 0.807742 0.818004 0.79748 0.272207 0.296358 0.248057 0.173574 0.0102621 0.0241507 0.006486 0.00395487
0.321833 0.79551 0.80548 0.78554 0.266039 0.289623 0.242454 0.170055 0.00997014 0.0235846 0.00632192 0.00386882
0.325224 0.783387 0.793073 0.7737 0.259974 0.283005 0.236944 0.166607 0.00968678 0.0230304 0.00616203 0.00378456
0.328614 0.771369 0.780781 0.761958 0.254013 0.276501 0.231525 0.163228 0.00941174 0.0224881 0.00600621 0.00370205
0.332005 0.759458 0.768603 0.750313 0.248152 0.27011 0.226195 0.159916 0.00914476 0.0219572 0.00585434 0.00362125
0.335396 0.747652 0.756538 0.738766 0.242393 0.26383 0.220955 0.15667 0.00888556 0.0214375 0.00570631 0.00354211
0.338787 0.73595 0.744584 0.727316 0.236732 0.257661 0.215803 0.153488 0.0086339 0.0209289 0.00556202 0.00346459
0.342178 0.724351 0.732741 0.715962 0.23117 0.251601 0.210738 0.150368 0.00838952 0.0204311 0.00542134 0.00338866
0.345569 0.712856 0.721008 0.704703 0.225704 0.245648 0.20576 0.147309 0.0081522 0.0199439 0.00528419 0.00331429
0.348959 0.701462 0.709384 0.69354 0.220335 0.239802 0.200868 0.14431 0.00792171 0.019467 0.00515047 0.00324142
0.35235 0.69017 0.697867 0.682472 0.21506 0.23406 0.19606 0.14137 0.00769782 0.0190002 0.00502007 0.00317004
0.355741 0.678978 0.686458 0.671498 0.209879 0.228422 0.191335 0.138486 0.00748033 0.0185434 0.00489291 0.00310011
0.359132 0.667887 0.675156 0.660618 0.20479 0.222887 0.186694 0.135658 0.00726904 0.0180963 0.0047689 0.00303159
0.362523 0.656895 0.663959 0.649832 0.199793 0.217452 0.182135 0.132885 0.00706374 0.0176588 0.00464795 0.00296445
0.365914 0.646003 0.652867 0.639139 0.194887 0.212118 0.177657 0.130164 0.00686426 0.0172305 0.00452997 0.00289867
0.369305 0.63521 0.64188 0.62854 0.19007 0.206882 0.173259 0.127496 0.00667041 0.0168114 0.0044149 0.0028342
0.372695 0.624516 0.630998 0.618033 0.185342 0.201744 0.168941 0.124879 0.00648202 0.0164013 0.00430264 0.00277103
0.376086 0.613919 0.620218 0.60762 0.180702 0.196701 0.164702 0.122311 0.00629891 0.016 0.00419313 0.00270913
0.379477 0.603421 0.609542 0.5973 0.176147 0.191754 0.16054 0.119792 0.00612093 0.0156072 0.00408629 0.00264846
0.382868 0.59302 0.598968 0.587072 0.171678 0.186901 0.156455 0.117321 0.00594792 0.0152229 0.00398204 0.00258901
0.386259 0.582717 0.588496 0.576937 0.167294 0.182141 0.152447 0.114897 0.00577973 0.0148468 0.00388033 0.00253074
0.38965 0.57251 0.578127 0.566894 0.162993 0.177472 0.148514 0.112518 0.00561621 0.0144788 0.00378108 0.00247363
0.39304 0.562401 0.567859 0.556944 0.158775 0.172894 0.144656 0.110184 0.00545723 0.0141188 0.00368423 0.00241765
0.396431 0.552389 0.557692 0.547086 0.154638 0.168405 0.140872 0.107893 0.00530264 0.0137665 0.00358972 0.00236279
0.399822 0.542473 0.547626 0.537321 0.150582 0.164004 0.13716 0.105646 0.00515231 0.0134218 0.00349748 0.00230902
0.403213 0.532654 0.53766 0.527648 0.146605 0.15969 0.133521 0.103441 0.00500612 0.0130846 0.00340747 0.00225631
0.406604 0.522931 0.527795 0.518067 0.142707 0.155462 0.129952 0.101276 0.00486395 0.0127547 0.00331961 0.00220464
0.409995 0.513305 0.518031 0.508579 0.138887 0.151319 0.126455 0.0991522 0.00472568 0.012432 0.00323386 0.002154
0.413385 0.503775 0.508366 0.499184 0.135143 0.14726 0.123027 0.0970677 0.00459119 0.0121163 0.00315016 0.00210437
0.416776 0.494341 0.498801 0.48988 0.131475 0.143283 0.119668 0.0950219 0.00446037 0.0118075 0.00306846 0.00205571
0.420167 0.485003 0.489336 0.48067 0.127882 0.139388 0.116377 0.0930139 0.00433312 0.0115054 0.00298871 0.00200802
0.423558 0.475761 0.479971 0.471552 0.124363 0.135573 0.113153 0.0910432 0.00420934 0.01121 0.00291087 0.00196126
0.426949 0.466616 0.470705 0.462527 0.120917 0.131838 0.109996 0.0891089 0.00408892 0.010921 0.00283487 0.00191544
0.43034 0.457566 0.461538 0.453595 0.117543 0.128181 0.106904 0.0872103 0.00397176 0.0106384 0.00276069 0.00187052
0.43373 0.448613 0.452471 0.444755 0.11424 0.124602 0.103877 0.0853467 0.00385778 0.010362 0.00268827 0.00182649
0.437121 0.439756 0.443503 0.436009 0.111006 0.121098 0.100915 0.0835175 0.00374688 0.0100918 0.00261756 0.00178332
0.440512 0.430995 0.434634 0.427356 0.107843 0.11767 0.0980152 0.0817219 0.00363898 0.00982747 0.00254854 0.00174102
0.443903 0.42233 0.425864 0.418796 0.104747 0.114316 0.0951781 0.0799594 0.003534 0.00956904 0.00248115 0.00169955
0.447294 0.413761 0.417193 0.410329 0.101719 0.111035 0.0924027 0.0782293 0.00343184 0.00931638 0.00241536 0.0016589
0.450685 0.405289 0.408621 0.401956 0.0987574 0.107827 0.089688 0.076531 0.00333244 0.00906934 0.00235113 0.00161906
0.454075 0.396912 0.400148 0.393677 0.0958613 0.104689 0.0870334 0.074864 0.00323571 0.00882784 0.00228842 0.00158001
0.457466 0.388633 0.391774 0.385491 0.0930297 0.101621 0.084438 0.0732275 0.00314158 0.00859175 0.0022272 0.00154174
0.460857 0.380449 0.383499 0.377399 0.0902619 0.0986229 0.081901 0.0716211 0.00304998 0.00836098 0.00216742 0.00150422
0.464248 0.372362 0.375323 0.369401 0.087557 0.0956924 0.0794216 0.0700441 0.00296083 0.00813541 0.00210906 0.00146746
0.467639 0.364371 0.367245 0.361497 0.0849139 0.0928288 0.0769989 0.0684961 0.00287408 0.00791495 0.00205208 0.00143143
0.47103 0.356477 0.359267 0.353688 0.0823318 0.0900313 0.0746323 0.0669766 0.00278966 0.00769949 0.00199645 0.00139612
0.47442 0.34868 0.351387 0.345972 0.0798098 0.0872987 0.0723208 0.0654849 0.0027075 0.00748893 0.00194214 0.00136151
0.477811 0.340979 0.343606 0.338351 0.0773469 0.0846301 0.0700638 0.0640207 0.00262754 0.00728319 0.00188912 0.0013276
0.481202 0.333374 0.335924 0.330825 0.0749424 0.0820246 0.0678603 0.0625833 0.00254973 0.00708215 0.00183735 0.00129437
0.484593 0.325867 0.328341 0.323393 0.0725954 0.0794811 0.0657097 0.0611724 0.002474 0.00688574 0.00178681 0.00126181
0.487984 0.318456 0.320856 0.316055 0.0703049 0.0769988 0.0636111 0.0597875 0.0024003 0.00669386 0.00173747 0.0012299
0.491375 0.311141 0.31347 0.308813 0.0680701 0.0745765 0.0615637 0.058428 0.00232857 0.00650641 0.00168931 0.00119864
0.494765 0.303924 0.306183 0.301665 0.06589 0.0722133 0.0595667 0.0570936 0.00225877 0.00632332 0.00164228 0.00116802
0.498156 0.296803 0.298994 0.294612 0.0637638 0.0699083 0.0576193 0.0557838 0.00219083 0.00614449 0.00159638 0.00113802
0.501547 0.289779 0.291904 0.287654 0.0616907 0.0676605 0.0557208 0.0544982 0.00212472 0.00596985 0.00155157 0.00110862
0.504938 0.282852 0.284912 0.280791 0.0596697 0.065469 0.0538704 0.0532364 0.00206038 0.0057993 0.00150784 0.00107983
0.508329 0.276021 0.278019 0.274023 0.0577 0.0633328 0.0520673 0.0519979 0.00199777 0.00563277 0.00146514 0.00105163
0.51172 0.269287 0.271224 0.26735 0.0557808 0.061251 0.0503106 0.0507824 0.00193685 0.00547018 0.00142347 0.00102401
0.51511 0.26265 0.264527 0.260772 0.0539111 0.0592226 0.0485997 0.0495895 0.00187756 0.00531145 0.0013828 0.000996962
0.518501 0.256109 0.257929 0.254289 0.0520902 0.0572467 0.0469337 0.0484187 0.00181986 0.0051565 0.00134311 0.000970472
0.521892 0.249665 0.251429 0.247901 0.0503172 0.0553225 0.0453119 0.0472698 0.00176372 0.00500526 0.00130437 0.000944531
0.525283 0.243317 0.245026 0.241608 0.0485912 0.0534489 0.0437336 0.0461423 0.00170909 0.00485766 0.00126656 0.000919132
0.528674 0.237066 0.238722 0.23541 0.0469114 0.051625 0.0421978 0.0450359 0.00165594 0.00471361 0.00122967 0.000894265
0.532065 0.230911 0.232515 0.229307 0.045277 0.0498501 0.040704 0.0439502 0.00160423 0.00457305 0.00119367 0.00086992
0.535455 0.224852 0.226406 0.223298 0.0436871 0.048123 0.0392512 0.0428849 0.00155391 0.00443592 0.00115855 0.000846088
0.538846 0.21889 0.220395 0.217385 0.0421409 0.0464431 0.0378388 0.0418397 0.00150496 0.00430213 0.00112428 0.000822762
0.542237 0.213023 0.21448 0.211565 0.0406377 0.0448093 0.036466 0.0408143 0.00145734 0.00417163 0.00109084 0.000799932
0.545628 0.207252 0.208663 0.205841 0.0391765 0.0432209 0.0351322 0.0398082 0.00141102 0.00404435 0.00105823 0.000777591
0.549019 0.201576 0.202942 0.20021 0.0377566 0.0416768 0.0338364 0.0388212 0.00136596 0.00392022 0.00102641 0.000755729
0.55241 0.195996 0.197318 0.194674 0.0363772 0.0401764 0.032578 0.037853 0.00132213 0.00379918 0.000995382 0.000734339
0.5558 0.190511 0.19179 0.189231 0.0350375 0.0387187 0.0313563 0.0369034 0.0012795 0.00368117 0.000965117 0.000713413
0.559191 0.18512 0.186358 0.183882 0.0337367 0.0373028 0.0301705 0.0359719 0.00123804 0.00356613 0.000935601 0.000692943
0.562582 0.179825 0.181023 0.178627 0.032474 0.0359279 0.02902 0.0350583 0.00119772 0.00345399 0.00090682 0.000672922
0.565973 0.174624 0.175782 0.173465 0.0312486 0.0345933 0.0279039 0.0341623 0.00115851 0.00334469 0.000878757 0.000653341
0.569364 0.169517 0.170637 0.168396 0.0300598 0.033298 0.0268216 0.0332837 0.00112039 0.00323819 0.000851397 0.000634195
0.572755 0.164503 0.165587 0.16342 0.0289068 0.0320412 0.0257724 0.0324221 0.00108332 0.00313441 0.000824724 0.000615474
0.576146 0.159584 0.160631 0.158536 0.0277889 0.0308222 0.0247555 0.0315774 0.00104728 0.00303331 0.000798724 0.000597173
0.579536 0.154757 0.155769 0.153745 0.0267052 0.0296401 0.0237704 0.0307491 0.00101225 0.00293483 0.000773384 0.000579285
0.582927 0.150023 0.151001 0.149045 0.0256551 0.0284941 0.0228162 0.0299372 0.0009782 0.00283892 0.000748688 0.000561802
0.586318 0.145381 0.146326 0.144436 0.0246379 0.0273834 0.0218924 0.0291413 0.000945105 0.00274552 0.000724624 0.000544718
0.589709 0.140831 0.141744 0.139918 0.0236527 0.0263073 0.0209981 0.0283612 0.000912941 0.00265458 0.000701177 0.000528025
0.5931 0.136373 0.137255 0.135491 0.0226989 0.025265 0.0201329 0.0275966 0.000881686 0.00256605 0.000678336 0.000511719
0.596491 0.132006 0.132857 0.131154 0.0217758 0.0242557 0.0192959 0.0268474 0.000851318 0.00247988 0.000656086 0.000495791
0.599881 0.127729 0.128551 0.126907 0.0208827 0.0232787 0.0184866 0.0261132 0.000821814 0.00239602 0.000634416 0.000480237
0.603272 0.123542 0.124335 0.122749 0.0200188 0.0223332 0.0177044 0.0253938 0.000793154 0.00231442 0.000613313 0.000465049
0.606663 0.119445 0.12021 0.11868 0.0191835 0.0214185 0.0169484 0.0246891 0.000765316 0.00223504 0.000592766 0.000450221
0.610054 0.115437 0.116175 0.114699 0.018376 0.0205339 0.0162182 0.0239987 0.000738281 0.00215782 0.000572762 0.000435748
0.613445 0.111517 0.112229 0.110805 0.0175958 0.0196786 0.0155131 0.0233226 0.000712028 0.00208272 0.00055329 0.000421623
0.616836 0.107685 0.108371 0.106998 0.0168422 0.0188519 0.0148325 0.0226604 0.000686538 0.0020097 0.000534339 0.000407841
0.620226 0.10394 0.104602 0.103278 0.0161144 0.0180531 0.0141757 0.0220119 0.000661793 0.00193871 0.000515899 0.000394395
0.623617 0.100281 0.100919 0.0996437 0.0154119 0.0172816 0.0135422 0.021377 0.000637775 0.00186971 0.000497957 0.000381281
0.627008 0.0967089 0.0973233 0.0960944 0.0147341 0.0165367 0.0129314 0.0207555 0.000614464 0.00180265 0.000480504 0.000368492
0.630399 0.0932214 0.0938132 0.0926295 0.0140802 0.0158177 0.0123427 0.0201471 0.000591844 0.00173749 0.000463529 0.000356023
0.63379 0.0898184 0.0903883 0.0892485 0.0134496 0.0151238 0.0117754 0.0195516 0.000569899 0.0016742 0.000447023 0.000343868
0.637181 0.0864991 0.0870477 0.0859505 0.0128418 0.0144546 0.0112291 0.0189689 0.000548611 0.00161272 0.000430974 0.000332023
0.640571 0.0832627 0.0837907 0.0827348 0.0122562 0.0138092 0.0107032 0.0183988 0.000527963 0.00155303 0.000415374 0.000320481
0.643962 0.0801086 0.0806165 0.0796006 0.0116921 0.0131872 0.010197 0.017841 0.000507942 0.00149508 0.000400213 0.000309237
0.647353 0.0770357 0.0775243 0.0765472 0.011149 0.0125878 0.00971016 0.0172955 0.00048853 0.00143883 0.000385481 0.000298287
0.650744 0.0740435 0.0745132 0.0735738 0.0106263 0.0120105 0.00924201 0.0167619 0.000469713 0.00138425 0.00037117 0.000287625
0.654135 0.0711309 0.0715824 0.0706794 0.0101233 0.0114546 0.00879205 0.0162402 0.000451476 0.00133129 0.00035727 0.000277245
0.657526 0.0682971 0.0687309 0.0678633 0.00963969 0.0109196 0.00835976 0.0157301 0.000433804 0.00127992 0.000343772 0.000267144
0.660916 0.0655412 0.0659579 0.0651245 0.00917475 0.0104049 0.00794463 0.0152316 0.000416685 0.00123011 0.000330669 0.000257316
0.664307 0.0628623 0.0632624 0.0624622 0.00872798 0.0099098 0.00754616 0.0147443 0.000400103 0.00118182 0.00031795 0.000247755
0.667698 0.0602596 0.0606436 0.0598755 0.00829886 0.00943388 0.00716385 0.0142682 0.000384046 0.00113501 0.000305608 0.000238459
0.671089 0.0577319 0.0581004 0.0573634 0.00788685 0.00897651 0.00679719 0.013803 0.000368501 0.00108966 0.000293635 0.00022942
0.67448 0.0552784 0.0556319 0.054925 0.00749146 0.00853718 0.00644573 0.0133487 0.000353454 0.00104572 0.000282022 0.000220636
0.677871 0.052898 0.0532369 0.0525591 0.00711216 0.00811533 0.006109 0.012905 0.000338893 0.00100317 0.000270762 0.0002121
0.681261 0.0505898 0.0509146 0.050265 0.00674848 0.00771044 0.00578651 0.0124719 0.000324806 0.000961964 0.000259847 0.000203809
0.684652 0.0483527 0.0486639 0.0480415 0.00639993 0.00732201 0.00547785 0.012049 0.000311181 0.000922082 0.000249269 0.000195758
0.688043 0.0461856 0.0464837 0.0458876 0.00606602 0.00694951 0.00518253 0.0116363 0.000298007 0.000883489 0.000239021 0.000187942
0.691434 0.0440876 0.0443728 0.0438023 0.00574631 0.00659246 0.00490015 0.0112337 0.000285271 0.000846153 0.000229095 0.000180357
0.694825 0.0420574 0.0423304 0.0417844 0.00544032 0.00625036 0.00463027 0.0108409 0.000272962 0.000810046 0.000219484 0.000172999
0.698216 0.0400941 0.0403551 0.039833 0.00514761 0.00592275 0.00437247 0.0104578 0.00026107 0.000775137 0.000210181 0.000165862
0.701606 0.0381964 0.038446 0.0379468 0.00486775 0.00560915 0.00412635 0.0100843 0.000249584 0.000741396 0.000201178 0.000158944
0.704997 0.0363633 0.0366018 0.0361248 0.00460031 0.0053091 0.00389151 0.00972025 0.000238494 0.000708796 0.00019247 0.000152238
0.708388 0.0345937 0.0348215 0.0343659 0.00434485 0.00502216 0.00366755 0.00936545 0.000227788 0.000677309 0.000184049 0.000145742
0.711779 0.0328864 0.0331038 0.0326689 0.00410099 0.0047479 0.00345409 0.00901979 0.000217458 0.000646906 0.000175908 0.000139451
0.71517 0.0312401 0.0314476 0.0310326 0.00386831 0.00448587 0.00325075 0.00868312 0.000207493 0.00061756 0.000168041 0.000133361
0.718561 0.0296538 0.0298516 0.0294559 0.00364643 0.00423567 0.00305718 0.0083553 0.000197883 0.000589245 0.000160441 0.000127468
0.721951 0.0281262 0.0283148 0.0279376 0.00343495 0.00399688 0.00287301 0.00803618 0.000188619 0.000561934 0.000153103 0.000121767
0.725342 0.0266561 0.0268358 0.0264764 0.0032335 0.00376911 0.0026979 0.00772564 0.000179693 0.000535602 0.000146019 0.000116254
0.728733 0.0252424 0.0254135 0.0250714 0.00304173 0.00355195 0.0025315 0.00742353 0.000171094 0.000510224 0.000139184 0.000110927
0.732124 0.0238839 0.0240467 0.0237211 0.00285926 0.00334504 0.00237349 0.00712972 0.000162814 0.000485774 0.000132591 0.000105779
0.735515 0.0225792 0.022734 0.0224244 0.00268577 0.00314799 0.00222354 0.00684408 0.000154844 0.000462228 0.000126236 0.000100809
0.738906 0.0213272 0.0214744 0.02118 0.00252089 0.00296046 0.00208133 0.00656646 0.000147176 0.000439562 0.000120111 9.60112e-05
0.742296 0.0201267 0.0202665 0.0199869 0.00236432 0.00278207 0.00194657 0.00629674 0.000139802 0.000417753 0.000114211 9.13825e-05
0.745687 0.0189763 0.019109 0.0188436 0.00221572 0.00261249 0.00181894 0.00603479 0.000132713 0.000396777 0.00010853 8.6919e-05
0.749078 0.0178749 0.0180008 0.017749 0.00207477 0.00245138 0.00169816 0.00578047 0.000125901 0.000376612 0.000103063 8.26168e-05
0.752469 0.0168213 0.0169407 0.0167019 0.00194118 0.00229842 0.00158395 0.00553366 0.000119359 0.000357235 9.78043e-05 7.84723e-05
0.75586 0.0158141 0.0159272 0.0157011 0.00181465 0.00215328 0.00147603 0.00529424 0.000113079 0.000338624 9.27484e-05 7.44817e-05
0.759251 0.0148522 0.0149593 0.0147452 0.00169489 0.00201565 0.00137413 0.00506206 0.000107053 0.000320759 8.789e-05 7.06415e-05
0.762641 0.0139343 0.0140356 0.013833 0.00158162 0.00188524 0.001278 0.00483701 0.000101274 0.000303617 8.32238e-05 6.69479e-05
0.766032 0.0130592 0.0131549 0.0129634 0.00147457 0.00176175 0.00118739 0.00461896 9.57344e-05 0.000287179 7.87446e-05 6.33975e-05
0.769423 0.0122255 0.012316 0.0121351 0.00137346 0.00164489 0.00110204 0.00440778 9.04276e-05 0.000271423 7.44475e-05 5.99866e-05
0.772814 0.0114322 0.0115176 0.0113469 0.00127805 0.00153438 0.00102173 0.00420336 8.53465e-05 0.000256329 7.03273e-05 5.67119e-05
0.776205 0.010678 0.0107585 0.0105975 0.00118809 0.00142997 0.000946213 0.00400556 8.04843e-05 0.000241879 6.63791e-05 5.35697e-05
0.779596 0.00996159 0.0100374 0.00988575 0.00110333 0.00133139 0.000875281 0.00381428 7.58344e-05 0.000228053 6.25982e-05 5.05566e-05
0.782986 0.00928184 0.00935323 0.00921045 0.00102355 0.00123838 0.000808714 0.00362938 7.13901e-05 0.000214831 5.89796e-05 4.76694e-05
0.786377 0.00863753 0.00870468 0.00857039 0.000948501 0.0011507 0.000746304 0.00345075 6.71452e-05 0.000202196 5.55188e-05 4.49045e-05
0.789768 0.00802746 0.00809056 0.00796437 0.00087798 0.00106811 0.00068785 0.00327826 6.30933e-05 0.00019013 5.22111e-05 4.22588e-05
0.793159 0.00745046 0.00750969 0.00739123 0.000811771 0.000990384 0.000633157 0.0031118 5.92284e-05 0.000178613 4.9052e-05 3.97288e-05
0.79655 0.00690535 0.00696089 0.0068498 0.000749667 0.000917297 0.000582038 0.00295125 5.55443e-05 0.00016763 4.60369e-05 3.73115e-05
0.799941 0.00639096 0.00644299 0.00633892 0.000691472 0.000848634 0.00053431 0.00279649 5.20352e-05 0.000157162 4.31615e-05 3.50035e-05
0.803332 0.00590615 0.00595485 0.00585745 0.000636992 0.000784186 0.000489799 0.00264741 4.86954e-05 0.000147193 4.04215e-05 3.28016e-05
0.806722 0.00544979 0.0054953 0.00540427 0.000586044 0.000723751 0.000448337 0.00250388 4.55191e-05 0.000137707 3.78125e-05 3.07029e-05
0.810113 0.00502075 0.00506325 0.00497825 0.000538448 0.000667135 0.000409761 0.0023658 4.25007e-05 0.000128687 3.53304e-05 2.87041e-05
0.813504 0.00461794 0.00465757 0.0045783 0.000494032 0.000614149 0.000373914 0.00223304 3.9635e-05 0.000120117 3.29712e-05 2.68022e-05
0.816895 0.00424026 0.00427718 0.00420335 0.00045263 0.000564613 0.000340648 0.00210549 3.69165e-05 0.000111982 3.07306e-05 2.49942e-05
0.820286 0.00388666 0.003921 0.00385232 0.000414083 0.000518351 0.000309816 0.00198305 3.43401e-05 0.000104267 2.86048e-05 2.32771e-05
0.823677 0.00355609 0.00358799 0.00352418 0.000378237 0.000475194 0.00028128 0.00186558 3.19006e-05 9.69569e-05 2.65898e-05 2.1648e-05
0.827067 0.0032475 0.0032771 0.00321791 0.000344945 0.000434981 0.000254908 0.00175299 2.9593e-05 9.00367e-05 2.46817e-05 2.0104e-05
0.830458 0.0029599 0.00298732 0.00293249 0.000314063 0.000397555 0.000230571 0.00164516 2.74125e-05 8.34923e-05 2.28769e-05 1.86421e-05
0.833849 0.0026923 0.00271765 0.00266694 0.000285456 0.000362766 0.000208146 0.00154198 2.53542e-05 7.73098e-05 2.11716e-05 1.72597e-05
0.83724 0.00244371 0.00246713 0.0024203 0.000258994 0.000330469 0.000187518 0.00144333 2.34136e-05 7.14755e-05 1.95622e-05 1.59539e-05
0.840631 0.00221321 0.0022348 0.00219163 0.000234549 0.000300525 0.000168573 0.0013491 2.15859e-05 6.59759e-05 1.8045e-05 1.4722e-05
0.844022 0.00199986 0.00201973 0.00198 0.000212003 0.000272801 0.000151205 0.0012592 1.98668e-05 6.0798e-05 1.66165e-05 1.35612e-05
0.847412 0.00180277 0.00182102 0.00178452 0.000191239 0.000247168 0.00013531 0.0011735 1.82517e-05 5.59289e-05 1.52734e-05 1.24689e-05
0.850803 0.00162105 0.00163779 0.00160431 0.000172149 0.000223505 0.000120793 0.00109189 1.67365e-05 5.13561e-05 1.40122e-05 1.14426e-05
0.854194 0.00145386 0.00146917 0.00143854 0.000154626 0.000201693 0.000107559 0.00101427 1.5317e-05 4.70673e-05 1.28296e-05 1.04795e-05
0.857585 0.00130036 0.00131435 0.00128637 0.00013857 0.000181621 9.55198e-05 0.000940534 1.3989e-05 4.30505e-05 1.17224e-05 9.57729e-06
0.860976 0.00115975 0.0011725 0.001147 0.000123886 0.00016318 8.45918e-05 0.000870566 1.27486e-05 3.9294e-05 1.06873e-05 8.73335e-06
0.864367 0.00103126 0.00104285 0.00101967 0.000110481 0.000146268 7.46946e-05 0.000804264 1.15918e-05 3.57865e-05 9.72133e-06 7.94527e-06
0.867757 0.000914125 0.00092464 0.00090361 9.82692e-05 0.000130786 6.57525e-05 0.000741518 1.05149e-05 3.25166e-05 8.82135e-06 7.21065e-06
0.871148 0.000807626 0.00081714 0.000798112 8.71672e-05 0.000116641 5.76936e-05 0.000682225 9.51403e-06 2.94736e-05 7.98438e-06 6.52712e-06
0.874539 0.00071106 0.000719645 0.000702474 7.70966e-05 0.000103743 5.04498e-05 0.000626277 8.58568e-06 2.66468e-05 7.2075e-06 5.89238e-06
0.87793 0.000623752 0.000631478 0.000616025 6.79826e-05 9.20084e-05 4.39567e-05 0.00057357 7.72626e-06 2.40259e-05 6.48785e-06 5.30415e-06
0.881321 0.000545053 0.000551985 0.00053812 5.97543e-05 8.1355e-05 3.81537e-05 0.000523999 6.93233e-06 2.16006e-05 5.82264e-06 4.76021e-06
0.884712 0.000474341 0.000480541 0.00046814 5.23448e-05 7.17061e-05 3.29835e-05 0.00047746 6.20053e-06 1.93613e-05 5.20912e-06 4.25838e-06
0.888102 0.00041102 0.000416548 0.000405492 4.56905e-05 6.29888e-05 2.83922e-05 0.00043385 5.52758e-06 1.72983e-05 4.64464e-06 3.79653e-06
0.891493 0.000354522 0.000359432 0.000349611 3.97317e-05 5.51339e-05 2.43294e-05 0.000393066 4.9103e-06 1.54023e-05 4.1266e-06 3.37257e-06
0.894884 0.000304301 0.000308646 0.000299955 3.44116e-05 4.80757e-05 2.07474e-05 0.000355005 4.34559e-06 1.36641e-05 3.65246e-06 2.98448e-06
0.898275 0.000259842 0.000263672 0.000256011 2.96771e-05 4.17522e-05 1.7602e-05 0.000319565 3.83044e-06 1.20751e-05 3.21974e-06 2.63024e-06
0.901666 0.000220652 0.000224014 0.00021729 2.54781e-05 3.61046e-05 1.48515e-05 0.000286646 3.36193e-06 1.06266e-05 2.82605e-06 2.30794e-06
0.905057 0.000186267 0.000189204 0.00018333 2.17675e-05 3.10777e-05 1.24573e-05 0.000256148 2.93721e-06 9.31021e-06 2.46904e-06 2.01566e-06
0.908447 0.000156246 0.000158799 0.000153692 1.85012e-05 2.66192e-05 1.03833e-05 0.000227969 2.55354e-06 8.11797e-06 2.14645e-06 1.75157e-06
0.911838 0.000130174 0.000132382 0.000127965 1.56381e-05 2.26801e-05 8.59604e-06 0.000202012 2.20825e-06 7.04201e-06 1.85606e-06 1.51388e-06
0.915229 0.000107661 0.000109559 0.000105762 1.31394e-05 1.92141e-05 7.06462e-06 0.000178177 1.89876e-06 6.07475e-06 1.59573e-06 1.30084e-06
0.91862 8.83406e-05 8.99632e-05 8.6718e-05 1.09692e-05 1.61781e-05 5.76041e-06 0.000156367 1.62256e-06 5.20883e-06 1.36338e-06 1.11075e-06
0.922011 7.18719e-05 7.32492e-05 7.04947e-05 9.09423e-06 1.35314e-05 4.65706e-06 0.000136485 1.37727e-06 4.43717e-06 1.15701e-06 9.41982e-07
0.925402 5.79361e-05 5.90966e-05 5.67755e-05 7.48329e-06 1.12362e-05 3.7304e-06 0.000118436 1.16053e-06 3.7529e-06 9.74679e-07 7.92942e-07
0.928792 4.62376e-05 4.72077e-05 4.52675e-05 6.1077e-06 9.2571e-06 2.95829e-06 0.000102122 9.70126e-07 3.14941e-06 8.14509e-07 6.62095e-07
0.932183 3.65034e-05 3.73073e-05 3.56995e-05 4.94091e-06 7.56122e-06 2.32059e-06 8.74513e-05 8.03888e-07 2.62032e-06 6.74695e-07 5.47959e-07
0.935574 2.84821e-05 2.91419e-05 2.78224e-05 3.95847e-06 6.11797e-06 1.79897e-06 7.4329e-05 6.5975e-07 2.1595e-06 5.53501e-07 4.49106e-07
0.938965 2.19436e-05 2.24793e-05 2.14078e-05 3.13796e-06 4.89901e-06 1.37691e-06 6.2663e-05 5.35724e-07 1.76105e-06 4.49257e-07 3.64163e-07
0.942356 1.6678e-05 1.71079e-05 1.62481e-05 2.45885e-06 3.87817e-06 1.03952e-06 5.23621e-05 4.29911e-07 1.41932e-06 3.60364e-07 2.91812e-07
0.945747 1.24955e-05 1.2836e-05 1.2155e-05 1.90241e-06 3.03131e-06 7.73511e-07 4.33359e-05 3.40496e-07 1.1289e-06 2.85294e-07 2.30794e-07
0.949137 9.22515e-06 9.4909e-06 8.9594e-06 1.45167e-06 2.33627e-06 5.67059e-07 3.54957e-05 2.6575e-07 8.84607e-07 2.22586e-07 1.79904e-07
0.952528 6.71422e-06 6.91825e-06 6.51019e-06 1.09126e-06 1.77277e-06 4.09744e-07 2.87541e-05 2.0403e-07 6.81515e-07 1.70855e-07 1.37998e-07
0.955919 4.82758e-06 4.98136e-06 4.6738e-06 8.07386e-07 1.32232e-06 2.92451e-07 2.30253e-05 1.53781e-07 5.14934e-07 1.28785e-07 1.03989e-07
0.95931 3.44681e-06 3.56034e-06 3.33327e-06 5.87712e-07 9.68135e-07 2.07289e-07 1.82257e-05 1.13535e-07 3.80423e-07 9.51334e-08 7.68502e-08
0.962701 2.46944e-06 2.55135e-06 2.38752e-06 4.21293e-07 6.95077e-07 1.47509e-07 1.42738e-05 8.1912e-08 2.73784e-07 6.87327e-08 5.56176e-08
0.966092 1.80825e-06 1.86587e-06 1.75063e-06 2.98504e-07 4.89574e-07 1.07433e-07 1.10915e-05 5.76214e-08 1.9107e-07 4.84897e-08 3.93881e-08
0.969482 1.3907e-06 1.43016e-06 1.35124e-06 2.10979e-07 3.39568e-07 8.23899e-08 8.60503e-06 3.94631e-08 1.28589e-07 3.33872e-08 2.73218e-08
0.972873 1.15862e-06 1.18495e-06 1.13229e-06 1.51577e-07 2.34481e-07 6.86734e-08 6.74724e-06 2.63277e-08 8.2904e-08 2.24854e-08 1.86434e-08
0.976264 1.06871e-06 1.08591e-06 1.05151e-06 1.14391e-07 1.65232e-07 6.35508e-08 5.46229e-06 1.71985e-08 5.08406e-08 1.49223e-08 1.26427e-08
0.979655 1.09498e-06 1.10613e-06 1.08383e-06 9.48839e-08 1.24378e-07 6.53901e-08 4.71637e-06 1.11509e-08 2.94938e-08 9.91446e-09 8.67423e-09
0.983046 1.23754e-06 1.24489e-06 1.23018e-06 9.04072e-08 1.0664e-07 7.4174e-08 4.52739e-06 7.35074e-09 1.62331e-08 6.7543e-09 6.15503e-09
0.986437 1.55791e-06 1.56295e-06 1.55287e-06 1.02324e-07 1.11031e-07 9.36165e-08 5.07042e-06 5.04285e-09 8.70727e-09 4.79776e-09 4.55109e-09
0.989827 2.41177e-06 2.41525e-06 2.40829e-06 1.5001e-07 1.54837e-07 1.45184e-07 7.28122e-06 3.48348e-09 4.82617e-09 3.39407e-09 3.30391e-09
0.993218 1.20106e-05 1.20109e-05 1.20102e-05 7.27158e-07 7.30278e-07 7.24038e-07 4.31508e-05 3.67302e-10 3.11953e-09 1.84525e-10 0
4.01075e-314 inf inf inf inf inf inf 0.000794378 26.4754 0.926565 0.662188 0.408399
