9.72476e-05 89.6929 91.1817 88.2041 53.4338 54.6172 52.2505 50.1258 1.48879 1.18335 0.796156 0.786829
0.0001 88.9544 90.4335 87.4753 53.0141 54.1893 51.839 49.6185 1.47914 1.17515 0.789383 0.779956
0.00010283 88.2268 89.6963 86.7573 52.6001 53.7671 51.4331 49.1154 1.46954 1.167 0.782661 0.773133
0.000105741 87.5254 88.9854 86.0654 52.1995 53.3585 51.0406 48.6167 1.46001 1.15891 0.77599 0.76636
0.000108734 86.7844 88.235 85.3339 51.7787 52.9295 50.6278 48.1222 1.45054 1.15088 0.769369 0.759636
0.000111811 86.0487 87.4898 84.6076 51.3605 52.5034 50.2176 47.6319 1.44112 1.14289 0.7628 0.752963
0.000114976 85.3181 86.7499 83.8863 50.945 52.08 49.8101 47.1458 1.43176 1.13496 0.756279 0.746337
0.00011823 84.5926 86.0151 83.1702 50.5322 51.6593 49.4052 46.6639 1.42246 1.12708 0.749809 0.73976
0.000121576 83.8723 85.2855 82.4591 50.1221 51.2414 49.0028 46.1861 1.41322 1.11926 0.743388 0.733232
0.000125017 83.157 84.5611 81.753 49.7146 50.8261 48.6031 45.7124 1.40403 1.11148 0.737016 0.726752
0.000128556 82.4467 83.8416 81.0518 49.3097 50.4135 48.206 45.2428 1.3949 1.10376 0.730692 0.720319
0.000132194 81.7416 83.1274 80.3557 48.9075 50.0036 47.8115 44.7772 1.38583 1.09609 0.724418 0.713935
0.000135936 81.0413 82.4181 79.6645 48.5079 49.5964 47.4194 44.3157 1.37681 1.08847 0.718192 0.707597
0.000139783 80.346 81.7138 78.9781 48.1108 49.1917 47.0299 43.8582 1.36785 1.0809 0.712013 0.701305
0.000143739 79.6557 81.0146 78.2967 47.7164 48.7898 46.643 43.4045 1.35894 1.07338 0.705882 0.695061
0.000147808 78.9701 80.3202 77.62 47.3245 48.3904 46.2586 42.9549 1.35009 1.06591 0.699798 0.688862
0.000151991 78.2895 79.6308 76.9482 46.9351 47.9936 45.8766 42.5091 1.34129 1.05849 0.693761 0.68271
0.000156293 77.6137 78.9463 76.2812 46.5483 47.5994 45.4972 42.0672 1.33255 1.05112 0.687772 0.676603
0.000160717 76.9427 78.2666 75.6189 46.164 47.2078 45.1202 41.6291 1.32386 1.0438 0.681828 0.670541
0.000165265 76.2765 77.5917 74.9613 45.7822 46.8188 44.7457 41.1948 1.31522 1.03653 0.67593 0.664524
0.000169943 75.6151 76.9217 74.3084 45.403 46.4323 44.3737 40.7643 1.30664 1.02931 0.670079 0.658553
0.000174753 74.9583 76.2564 73.6602 45.0262 46.0483 44.004 40.3376 1.29811 1.02213 0.664274 0.652625
0.000179699 74.3062 75.5959 73.0166 44.6518 45.6668 43.6368 39.9146 1.28963 1.015 0.658513 0.646741
0.000184785 73.6589 74.9401 72.3777 44.2799 45.2879 43.272 39.4953 1.2812 1.00792 0.652798 0.640902
0.000190015 73.0161 74.2889 71.7433 43.9105 44.9114 42.9096 39.0797 1.27283 1.00089 0.647126 0.635106
0.000195393 72.3779 73.6425 71.1134 43.5435 44.5374 42.5496 38.6677 1.26451 0.993904 0.6415 0.629354
0.000200923 71.7444 73.0006 70.4881 43.1789 44.1659 42.1919 38.2594 1.25623 0.986964 0.635918 0.623644
0.00020661 71.1154 72.3634 69.8674 42.8167 43.7968 41.8366 37.8546 1.24801 0.980071 0.63038 0.617977
0.000212458 70.4908 71.7307 69.251 42.4569 43.4301 41.4837 37.4534 1.23984 0.973223 0.624885 0.612353
0.000218471 69.8709 71.1026 68.6392 42.0995 43.0659 41.1331 37.0557 1.23171 0.966422 0.619435 0.606771
0.000224655 69.2554 70.479 68.0317 41.7445 42.7041 40.7848 36.6615 1.22364 0.959665 0.614027 0.601231
0.000231013 68.6443 69.8599 67.4286 41.3917 42.3447 40.4388 36.2709 1.21562 0.952954 0.608661 0.595731
0.000237551 68.0376 69.2453 66.83 41.0414 41.9877 40.0951 35.8836 1.20764 0.946287 0.603339 0.590275
0.000244275 67.4353 68.635 66.2356 40.6934 41.633 39.7537 35.4999 1.19971 0.939665 0.598059 0.584858
0.000251189 66.8374 68.0292 65.6456 40.3476 41.2807 39.4146 35.1195 1.19183 0.933087 0.592821 0.579483
0.000258298 66.2438 67.4278 65.0598 40.0042 40.9308 39.0777 34.7425 1.184 0.926553 0.587624 0.574148
0.000265609 65.6546 66.8308 64.4784 39.6631 40.5832 38.743 34.3688 1.17622 0.920063 0.58247 0.568853
0.000273126 65.0696 66.2381 63.9011 39.3242 40.2378 38.4106 33.9985 1.16848 0.913616 0.577356 0.563598
0.000280857 64.4889 65.6497 63.3281 38.9877 39.8949 38.0805 33.6315 1.16079 0.907212 0.572284 0.558384
0.000288806 63.9124 65.0656 62.7593 38.6533 39.5542 37.7525 33.2678 1.15314 0.900851 0.567252 0.553209
0.00029698 63.3401 64.4856 62.1945 38.3212 39.2158 37.4267 32.9073 1.14554 0.894532 0.562261 0.548072
0.000305386 62.772 63.91 61.634 37.9914 38.8796 37.1031 32.5501 1.13799 0.888256 0.55731 0.542976
0.000314029 62.2081 63.3385 61.0776 37.6637 38.5457 36.7817 32.196 1.13048 0.882021 0.552399 0.537917
0.000322917 61.6483 62.7713 60.5252 37.3383 38.2141 36.4624 31.8452 1.12302 0.875828 0.547528 0.532897
0.000332057 61.0925 62.2081 59.9769 37.015 37.8847 36.1453 31.4975 1.1156 0.869676 0.542696 0.527915
0.000341455 60.5409 61.6492 59.4327 36.694 37.5575 35.8304 31.1529 1.10823 0.863565 0.537904 0.522971
0.000351119 59.9934 61.0943 58.8925 36.375 37.2325 35.5175 30.8115 1.1009 0.857495 0.533151 0.518065
0.000361057 59.4498 60.5434 58.3562 36.0583 36.9098 35.2068 30.4731 1.09361 0.851466 0.528437 0.513196
0.000371276 58.9103 59.9967 57.8239 35.7437 36.5892 34.8982 30.1378 1.08637 0.845477 0.523761 0.508365
0.000381784 58.3747 59.4539 57.2956 35.4312 36.2707 34.5917 29.8055 1.07917 0.839528 0.519123 0.503571
0.00039259 57.8432 58.9152 56.7712 35.1208 35.9545 34.2872 29.4763 1.07201 0.833618 0.514523 0.498813
0.000403702 57.3155 58.3804 56.2506 34.8126 35.6403 33.9849 29.15 1.06489 0.827748 0.509961 0.494091
0.000415128 56.7917 57.8495 55.7339 34.5064 35.3284 33.6845 28.8267 1.05782 0.821917 0.505437 0.489406
0.000426877 56.2719 57.3226 55.2211 34.2024 35.0185 33.3862 28.5064 1.05079 0.816124 0.50095 0.484757
0.000438959 55.7559 56.7997 54.7121 33.9004 34.7108 33.09 28.189 1.04379 0.810371 0.4965 0.480144
0.000451383 55.2437 56.2805 54.2068 33.6005 34.4051 32.7958 27.8744 1.03684 0.804655 0.492087 0.475565
0.000464159 54.7353 55.7653 53.7054 33.3026 34.1016 32.5036 27.5628 1.02993 0.798978 0.487711 0.471023
0.000477296 54.2308 55.2538 53.2077 33.0068 33.8001 32.2134 27.254 1.02306 0.793339 0.483371 0.466515
0.000490805 53.7299 54.7462 52.7137 32.7129 33.5007 31.9252 26.9481 1.01623 0.787736 0.479067 0.462042
0.000504697 53.2329 54.2423 52.2234 32.4212 33.2033 31.639 26.6449 1.00944 0.782172 0.474799 0.457604
0.000518981 52.7395 53.7422 51.7369 32.1314 32.908 31.3547 26.3446 1.00269 0.776644 0.470567 0.4532
0.00053367 52.2499 53.2459 51.2539 31.8436 32.6147 31.0724 26.047 0.995978 0.771153 0.46637 0.44883
0.000548775 51.7639 52.7532 50.7746 31.5578 32.3235 30.7921 25.7522 0.989304 0.765698 0.462208 0.444494
0.000564307 51.2816 52.2643 50.2989 31.2739 32.0342 30.5137 25.4601 0.982668 0.76028 0.458082 0.440191
0.000580278 50.8029 51.779 49.8268 30.9921 31.7469 30.2372 25.1707 0.97607 0.754897 0.45399 0.435922
0.000596702 50.3278 51.2973 49.3583 30.7121 31.4617 29.9626 24.884 0.969509 0.749551 0.449933 0.431686
0.000613591 49.8563 50.8193 48.8933 30.4341 31.1784 29.6899 24.6 0.962986 0.744239 0.44591 0.427483
0.000630957 49.3884 50.3449 48.4319 30.1581 30.897 29.4191 24.3186 0.956499 0.738963 0.441921 0.423313
0.000648815 48.924 49.874 47.9739 29.8839 30.6177 29.1502 24.0398 0.950049 0.733722 0.437966 0.419175
0.000667179 48.4631 49.4067 47.5194 29.6117 30.3402 28.8832 23.7636 0.943635 0.728515 0.434044 0.41507
0.000686062 48.0057 48.9429 47.0684 29.3414 30.0647 28.618 23.49 0.937257 0.723343 0.430156 0.410996
0.00070548 47.5517 48.4826 46.6208 29.0729 29.7911 28.3547 23.219 0.930914 0.718204 0.426302 0.406954
0.000725448 47.1013 48.0259 46.1766 28.8063 29.5194 28.0932 22.9505 0.924607 0.7131 0.42248 0.402944
0.00074598 46.6542 47.5725 45.7359 28.5416 29.2496 27.8336 22.6846 0.918334 0.70803 0.418691 0.398966
0.000767094 46.2106 47.1227 45.2985 28.2787 28.9817 27.5758 22.4211 0.912096 0.702992 0.414934 0.395018
0.000788805 45.7703 46.6762 44.8644 28.0177 28.7157 27.3197 22.1601 0.905892 0.697988 0.41121 0.391102
0.000811131 45.3334 46.2331 44.4337 27.7585 28.4515 27.0655 21.9016 0.899722 0.693017 0.407518 0.387216
0.000834088 44.8999 45.7934 44.0063 27.5012 28.1892 26.8131 21.6455 0.893585 0.688078 0.403858 0.383361
0.000857696 44.4696 45.3571 43.5821 27.2456 27.9288 26.5624 21.3919 0.887482 0.683172 0.400229 0.379536
0.000881971 44.0427 44.9241 43.1613 26.9918 27.6701 26.3135 21.1406 0.881411 0.678298 0.396632 0.375741
0.000906934 43.619 44.4944 42.7436 26.7399 27.4133 26.0664 20.8918 0.875373 0.673456 0.393066 0.371976
0.000932603 43.1986 44.068 42.3293 26.4897 27.1583 25.821 20.6453 0.869367 0.668645 0.389531 0.368241
0.000958999 42.7815 43.6449 41.9181 26.2413 26.9051 25.5774 20.4011 0.863393 0.663866 0.386026 0.364536
0.000986142 42.3675 43.225 41.5101 25.9946 26.6537 25.3355 20.1593 0.85745 0.659118 0.382553 0.360859
0.00101405 41.9568 42.8083 41.1052 25.7497 26.4041 25.0953 19.9198 0.851539 0.654401 0.37911 0.357212
0.00104275 41.5492 42.3949 40.7035 25.5065 26.1563 24.8568 19.6826 0.845658 0.649714 0.375696 0.353594
0.00107227 41.1448 41.9846 40.305 25.2651 25.9102 24.62 19.4477 0.839808 0.645058 0.372313 0.350004
0.00110262 40.7435 41.5775 39.9095 25.0254 25.6658 24.3849 19.215 0.833988 0.640432 0.368959 0.346443
0.00113382 40.3454 41.1736 39.5172 24.7874 25.4232 24.1515 18.9845 0.828198 0.635836 0.365635 0.34291
0.00116591 39.9503 40.7727 39.1278 24.551 25.1823 23.9198 18.7563 0.822437 0.63127 0.36234 0.339405
0.00119891 39.5583 40.375 38.7416 24.3164 24.9431 23.6897 18.5303 0.816705 0.626733 0.359075 0.335928
0.00123285 39.1694 39.9804 38.3584 24.0835 24.7057 23.4612 18.3065 0.811002 0.622225 0.355838 0.332479
0.00126774 38.7835 39.5888 37.9781 23.8522 24.4699 23.2344 18.0848 0.805328 0.617747 0.35263 0.329057
0.00130362 38.4006 39.2003 37.6009 23.6226 24.2359 23.0093 17.8653 0.799682 0.613297 0.34945 0.325663
0.00134052 38.0207 38.8147 37.2266 23.3946 24.0035 22.7857 17.6479 0.794063 0.608875 0.346298 0.322295
0.00137846 37.6438 38.4323 36.8553 23.1683 23.7728 22.5638 17.4326 0.788472 0.604482 0.343174 0.318955
0.00141747 37.2698 38.0527 36.4869 22.9436 23.5437 22.3435 17.2195 0.782909 0.600116 0.340078 0.315641
0.00145759 36.8988 37.6762 36.1214 22.7205 23.3163 22.1247 17.0084 0.777371 0.595779 0.33701 0.312354
0.00149885 36.5307 37.3026 35.7589 22.499 23.0905 21.9076 16.7994 0.771861 0.591469 0.333969 0.309093
0.00154127 36.1655 36.9319 35.3991 22.2792 22.8663 21.692 16.5924 0.766376 0.587186 0.330955 0.305858
0.00158489 35.8032 36.5641 35.0423 22.0609 22.6438 21.4779 16.3875 0.760917 0.58293 0.327968 0.30265
0.00162975 35.4438 36.1993 34.6883 21.8442 22.4229 21.2655 16.1845 0.755484 0.578701 0.325008 0.299467
0.00167588 35.0872 35.8372 34.3371 21.6291 22.2036 21.0546 15.9836 0.750075 0.574499 0.322074 0.29631
0.00172331 34.7334 35.4781 33.9887 21.4155 21.9858 20.8452 15.7847 0.744692 0.570323 0.319166 0.293178
0.00177209 34.3824 35.1217 33.6431 21.2035 21.7697 20.6374 15.5877 0.739332 0.566173 0.316285 0.290071
0.00182224 34.0342 34.7682 33.3002 20.9931 21.5551 20.431 15.3927 0.733997 0.562049 0.313429 0.286989
0.00187382 33.6888 34.4175 32.9601 20.7841 21.3421 20.2262 15.1996 0.728685 0.55795 0.310599 0.283933
0.00192685 33.3461 34.0695 32.6227 20.5767 21.1306 20.0229 15.0084 0.723397 0.553877 0.307795 0.280901
0.00198139 33.0062 33.7243 32.2881 20.3709 20.9207 19.821 14.8191 0.718132 0.549829 0.305015 0.277893
0.00203747 32.669 33.3819 31.9561 20.1665 20.7123 19.6207 14.6318 0.712889 0.545806 0.30226 0.27491
0.00209514 32.3345 33.0421 31.6268 19.9636 20.5054 19.4218 14.4462 0.707669 0.541807 0.299531 0.271951
0.00215443 32.0026 32.7051 31.3002 19.7622 20.3001 19.2244 14.2626 0.70247 0.537833 0.296825 0.269016
0.00221541 31.6735 32.3708 30.9762 19.5624 20.0962 19.0285 14.0808 0.697293 0.533883 0.294144 0.266104
0.00227812 31.3469 32.0391 30.6548 19.3639 19.8939 18.834 13.9008 0.692138 0.529957 0.291487 0.263217
0.00234259 31.023 31.71 30.336 19.167 19.693 18.6409 13.7226 0.687003 0.526055 0.288854 0.260352
0.0024089 30.7017 31.3836 30.0199 18.9715 19.4936 18.4493 13.5463 0.681889 0.522177 0.286245 0.257511
0.00247708 30.383 31.0598 29.7062 18.7774 19.2957 18.2591 13.3717 0.676795 0.518321 0.283659 0.254694
0.00254719 30.0669 30.7386 29.3952 18.5848 19.0992 18.0703 13.1988 0.671721 0.514489 0.281096 0.251899
0.00261928 29.7533 30.42 29.0867 18.3935 18.9042 17.8829 13.0278 0.666666 0.510679 0.278556 0.249127
0.00269341 29.4423 30.1039 28.7807 18.2038 18.7106 17.6969 12.8584 0.66163 0.506892 0.276038 0.246377
0.00276965 29.1338 29.7904 28.4772 18.0154 18.5185 17.5122 12.6908 0.656614 0.503127 0.273544 0.24365
0.00284804 28.8278 29.4794 28.1762 17.8284 18.3278 17.329 12.5249 0.651616 0.499384 0.271071 0.240945
0.00292864 28.5243 29.1709 27.8776 17.6428 18.1385 17.1471 12.3607 0.646635 0.495663 0.268621 0.238263
0.00301153 28.2232 28.8649 27.5815 17.4586 17.9506 16.9666 12.1982 0.641673 0.491964 0.266192 0.235602
0.00309677 27.9246 28.5614 27.2879 17.2758 17.764 16.7875 12.0373 0.636728 0.488286 0.263785 0.232963
0.00318442 27.6285 28.2603 26.9967 17.0943 17.5789 16.6097 11.8781 0.6318 0.484629 0.261399 0.230346
0.00327455 27.3347 27.9616 26.7079 16.9142 17.3952 16.4332 11.7206 0.626889 0.480993 0.259034 0.22775
0.00336723 27.0434 27.6654 26.4214 16.7354 17.2128 16.258 11.5646 0.621994 0.477378 0.25669 0.225175
0.00346253 26.7545 27.3716 26.1374 16.558 17.0318 16.0842 11.4103 0.617115 0.473783 0.254367 0.222622
0.00356053 26.4679 27.0802 25.8557 16.3819 16.8521 15.9117 11.2576 0.612252 0.470208 0.252064 0.220089
0.00366131 26.1837 26.7911 25.5763 16.2071 16.6738 15.7405 11.1064 0.607404 0.466653 0.249781 0.217578
0.00376494 25.9018 26.5044 25.2993 16.0337 16.4968 15.5706 10.9568 0.602571 0.463118 0.247518 0.215087
0.0038715 25.6223 26.22 25.0245 15.8615 16.3211 15.4019 10.8088 0.597752 0.459603 0.245275 0.212616
0.00398107 25.345 25.938 24.7521 15.6907 16.1468 15.2346 10.6624 0.592948 0.456106 0.243051 0.210166
0.00409375 25.0701 25.6582 24.4819 15.5211 15.9738 15.0685 10.5174 0.588158 0.452629 0.240846 0.207736
0.00420962 24.7974 25.3808 24.214 15.3528 15.802 14.9037 10.374 0.583381 0.44917 0.23866 0.205326
0.00432876 24.527 25.1056 23.9484 15.1858 15.6316 14.7401 10.2321 0.578618 0.44573 0.236493 0.202936
0.00445128 24.2588 24.8327 23.685 15.0201 15.4624 14.5778 10.0917 0.573867 0.442308 0.234344 0.200565
0.00457727 23.9929 24.562 23.4237 14.8556 15.2945 14.4167 9.95275 0.569129 0.438904 0.232214 0.198214
0.00470682 23.7291 24.2935 23.1647 14.6923 15.1279 14.2568 9.81528 0.564403 0.435518 0.230101 0.195883
0.00484003 23.4676 24.0273 22.9079 14.5303 14.9625 14.0982 9.67927 0.559689 0.432149 0.228005 0.193571
0.00497702 23.2082 23.7632 22.6532 14.3696 14.7984 13.9408 9.54471 0.554987 0.428798 0.225927 0.191278
0.00511789 22.9511 23.5013 22.4008 14.21 14.6355 13.7846 9.41158 0.550296 0.425464 0.223866 0.189004
0.00526274 22.696 23.2416 22.1504 14.0517 14.4738 13.6295 9.27986 0.545615 0.422146 0.221822 0.186749
0.0054117 22.4431 22.9841 21.9022 13.8946 14.3134 13.4757 9.14955 0.540946 0.418846 0.219795 0.184512
0.00556486 22.1923 22.7286 21.6561 13.7386 14.1542 13.3231 9.02064 0.536286 0.415561 0.217783 0.182294
0.00572237 21.9437 22.4753 21.412 13.5839 13.9962 13.1716 8.89311 0.531636 0.412293 0.215788 0.180095
0.00588433 21.6971 22.2241 21.1701 13.4303 13.8394 13.0213 8.76696 0.526996 0.40904 0.213809 0.177913
0.00605088 21.4526 21.9749 20.9302 13.2779 13.6837 12.8721 8.64216 0.522365 0.405803 0.211844 0.17575
0.00622213 21.2101 21.7278 20.6924 13.1267 13.5293 12.7241 8.51871 0.517743 0.402582 0.209896 0.173605
0.00639824 20.9697 21.4828 20.4566 12.9766 13.376 12.5773 8.39659 0.51313 0.399376 0.207961 0.171478
0.00657933 20.7313 21.2398 20.2228 12.8277 13.2239 12.4316 8.2758 0.508525 0.396184 0.206042 0.169368
0.00676555 20.4949 20.9989 19.991 12.68 13.073 12.287 8.15633 0.503928 0.393007 0.204137 0.167276
0.00695704 20.2606 20.7599 19.7612 12.5333 12.9232 12.1435 8.03815 0.499338 0.389845 0.202246 0.165201
0.00715394 20.0282 20.523 19.5334 12.3878 12.7745 12.0011 7.92127 0.494757 0.386696 0.200368 0.163143
0.00735642 19.7978 20.288 19.3076 12.2434 12.627 11.8599 7.80566 0.490182 0.383562 0.198504 0.161103
0.00756463 19.5693 20.0549 19.0837 12.1002 12.4806 11.7197 7.69133 0.485614 0.380441 0.196654 0.15908
0.00777874 19.3428 19.8239 18.8618 11.958 12.3353 11.5807 7.57824 0.481052 0.377334 0.194816 0.157073
0.0079989 19.1182 19.5947 18.6417 11.8169 12.1912 11.4427 7.46641 0.476497 0.37424 0.19299 0.155083
0.0082253 18.8956 19.3675 18.4236 11.6769 12.0481 11.3058 7.35581 0.471948 0.371158 0.191177 0.15311
0.0084581 18.6748 19.1422 18.2074 11.538 11.9061 11.1699 7.24644 0.467405 0.36809 0.189376 0.151154
0.00869749 18.4559 18.9188 17.9931 11.4002 11.7652 11.0351 7.13828 0.462867 0.365034 0.187587 0.149213
0.00894366 18.2389 18.6973 17.7806 11.2634 11.6254 10.9014 7.03132 0.458335 0.36199 0.185809 0.147289
0.00919679 18.0238 18.4776 17.57 11.1277 11.4866 10.7687 6.92555 0.453808 0.358958 0.184042 0.145381
0.00945709 17.8105 18.2597 17.3612 10.993 11.349 10.6371 6.82097 0.449285 0.355937 0.182286 0.143489
0.00972476 17.599 18.0437 17.1542 10.8594 11.2123 10.5065 6.71756 0.444767 0.352928 0.18054 0.141613
0.01 17.3893 17.8296 16.9491 10.7268 11.0767 10.3769 6.61531 0.440253 0.349931 0.178805 0.139752
0.010283 17.1814 17.6172 16.7457 10.5952 10.9422 10.2483 6.51421 0.435744 0.346944 0.177079 0.137907
0.0105741 16.9754 17.4066 16.5441 10.4647 10.8087 10.1207 6.41425 0.431238 0.343968 0.175363 0.136078
0.0108734 16.7711 17.1978 16.3443 10.3352 10.6762 9.99417 6.31542 0.426737 0.341002 0.173657 0.134263
0.0111811 16.5685 16.9908 16.1463 10.2066 10.5447 9.8686 6.21771 0.422238 0.338047 0.171959 0.132464
0.0114976 16.3677 16.7855 15.95 10.0791 10.4142 9.74402 6.12111 0.417744 0.335101 0.17027 0.130681
0.011823 16.1687 16.5819 15.7554 9.95258 10.2847 9.62041 6.0256 0.413252 0.332165 0.168589 0.128912
0.0121576 15.9713 16.3801 15.5626 9.82702 10.1563 9.49778 5.9312 0.408764 0.329239 0.166916 0.127158
0.0125017 15.7757 16.18 15.3714 9.70244 10.0288 9.37611 5.83787 0.404279 0.326322 0.165251 0.125418
0.0128556 15.5817 15.9815 15.1819 9.57882 9.90224 9.25541 5.74561 0.399797 0.323414 0.163593 0.123694
0.0132194 15.3895 15.7848 14.9942 9.45616 9.77668 9.13565 5.65441 0.395317 0.320515 0.161943 0.121983
0.0135936 15.1989 15.5897 14.808 9.33446 9.65208 9.01684 5.56427 0.39084 0.317624 0.160299 0.120287
0.0139783 15.0099 15.3963 14.6236 9.2137 9.52844 8.89896 5.47516 0.386366 0.314741 0.158662 0.118606
0.0143739 14.8226 15.2045 14.4407 9.09388 9.40575 8.78201 5.38709 0.381895 0.311866 0.157031 0.116938
0.0147808 14.6369 15.0144 14.2595 8.97499 9.28399 8.66599 5.30004 0.377426 0.309 0.155406 0.115285
0.0151991 14.4529 14.8258 14.0799 8.85703 9.16317 8.55089 5.214 0.372959 0.30614 0.153786 0.113646
0.0156293 14.2704 14.6389 13.9019 8.73998 9.04327 8.43669 5.12898 0.368495 0.303288 0.152172 0.11202
0.0160717 14.0895 14.4536 13.7255 8.62384 8.92428 8.3234 5.04494 0.364034 0.300443 0.150563 0.110408
0.0165265 13.9102 14.2698 13.5506 8.5086 8.80621 8.211 4.96189 0.359575 0.297605 0.148959 0.10881
0.0169943 13.7325 14.0876 13.3774 8.39426 8.68903 8.09949 4.87982 0.355118 0.294773 0.147359 0.107226
0.0174753 13.5563 13.9069 13.2056 8.28081 8.57276 7.98886 4.79871 0.350664 0.291948 0.145763 0.105654
0.0179699 13.3816 13.7278 13.0354 8.16824 8.45736 7.87911 4.71856 0.346213 0.289128 0.144172 0.104096
0.0184785 13.2085 13.5502 12.8667 8.05654 8.34285 7.77022 4.63936 0.341765 0.286315 0.142584 0.102552
0.0190015 13.0369 13.3742 12.6995 7.94571 8.22921 7.6622 4.56111 0.337319 0.283507 0.140999 0.10102
0.0195393 12.8667 13.1996 12.5339 7.83574 8.11644 7.55503 4.48378 0.332877 0.280704 0.139418 0.0995016
0.0200923 12.6981 13.0265 12.3696 7.72662 8.00452 7.44871 4.40738 0.328438 0.277907 0.137839 0.0979959
0.020661 12.5309 12.8549 12.2069 7.61835 7.89346 7.34323 4.33189 0.324002 0.275115 0.136263 0.0965031
0.0212458 12.3652 12.6848 12.0456 7.51091 7.78324 7.23859 4.25731 0.31957 0.272327 0.13469 0.095023
0.0218471 12.2009 12.5161 11.8858 7.40431 7.67386 7.13477 4.18363 0.315141 0.269544 0.133118 0.0935556
0.0224655 12.0381 12.3488 11.7274 7.29854 7.5653 7.03177 4.11083 0.310717 0.266765 0.131549 0.0921007
0.0231013 11.8767 12.183 11.5704 7.19358 7.45757 6.92959 4.03892 0.306296 0.26399 0.129981 0.0906582
0.0237551 11.7167 12.0186 11.4148 7.08944 7.35066 6.82822 3.96787 0.301881 0.261219 0.128415 0.0892282
0.0244275 11.5581 11.8555 11.2606 6.9861 7.24456 6.72765 3.89769 0.29747 0.258452 0.126851 0.0878105
0.0251189 11.4009 11.6939 11.1078 6.88357 7.13925 6.62788 3.82837 0.293065 0.255688 0.125287 0.0864049
0.0258298 11.245 11.5337 10.9563 6.78182 7.03475 6.52889 3.75989 0.288665 0.252927 0.123725 0.0850115
0.0265609 11.0905 11.3748 10.8062 6.68086 6.93103 6.43069 3.69225 0.284271 0.25017 0.122164 0.0836301
0.0273126 10.9374 11.2173 10.6575 6.58068 6.82809 6.33326 3.62545 0.279884 0.247415 0.120603 0.0822607
0.0280857 10.7856 11.0611 10.5101 6.48127 6.72593 6.23661 3.55946 0.275503 0.244663 0.119043 0.0809032
0.0288806 10.6351 10.9062 10.3639 6.38263 6.62454 6.14072 3.49429 0.27113 0.241913 0.117483 0.0795574
0.029698 10.4859 10.7527 10.2191 6.28475 6.52391 6.04558 3.42993 0.266765 0.239166 0.115923 0.0782234
0.0305386 10.338 10.6004 10.0756 6.18762 6.42404 5.9512 3.36636 0.262407 0.23642 0.114364 0.0769011
0.0314029 10.1914 10.4495 9.93337 6.09124 6.32491 5.85756 3.30358 0.258059 0.233677 0.112805 0.0755904
0.0322917 10.0461 10.2998 9.79239 5.9956 6.22653 5.76466 3.24159 0.253721 0.230935 0.111246 0.0742912
0.0332057 9.90206 10.1515 9.65267 5.90069 6.12889 5.6725 3.18037 0.249392 0.228196 0.109687 0.0730034
0.0341455 9.75925 10.0043 9.51418 5.80652 6.03198 5.58106 3.11992 0.245074 0.225457 0.108129 0.071727
0.0351119 9.61768 9.85845 9.37692 5.71307 5.93579 5.49035 3.06023 0.240767 0.22272 0.10657 0.070462
0.0361057 9.47734 9.71381 9.24087 5.62033 5.84032 5.40035 3.00129 0.236473 0.219984 0.105011 0.0692082
0.0371276 9.33821 9.5704 9.10602 5.52831 5.74556 5.31106 2.9431 0.232191 0.21725 0.103452 0.0679656
0.0381784 9.20028 9.4282 8.97236 5.43699 5.6515 5.22247 2.88564 0.227922 0.214516 0.101893 0.0667341
0.039259 9.06354 9.28721 8.83987 5.34637 5.55815 5.13459 2.82892 0.223668 0.211783 0.100335 0.0655138
0.0403702 8.92798 9.14741 8.70855 5.25645 5.4655 5.0474 2.77291 0.219429 0.20905 0.0987761 0.0643045
0.0415128 8.79358 9.00879 8.57837 5.16721 5.37353 4.96089 2.71762 0.215206 0.206319 0.0972178 0.0631061
0.0426877 8.66033 8.87133 8.44933 5.07866 5.28225 4.87507 2.66304 0.210999 0.203588 0.0956598 0.0619187
0.0438959 8.52823 8.73504 8.32142 4.99078 5.19164 4.78993 2.60916 0.20681 0.200857 0.0941022 0.0607422
0.0451383 8.39725 8.59989 8.19461 4.90358 5.10171 4.70546 2.55597 0.202639 0.198127 0.0925453 0.0595765
0.0464159 8.26739 8.46588 8.0689 4.81705 5.01245 4.62165 2.50347 0.198487 0.195397 0.090989 0.0584217
0.0477296 8.13863 8.33299 7.94428 4.73118 4.92384 4.53851 2.45165 0.194356 0.192668 0.0894338 0.0572775
0.0490805 8.01097 8.20122 7.82073 4.64596 4.8359 4.45602 2.40049 0.190246 0.189939 0.0878796 0.0561442
0.0504697 7.88439 8.07055 7.69823 4.5614 4.74861 4.37419 2.35001 0.186158 0.18721 0.0863268 0.0550214
0.0518981 7.75888 7.94097 7.57678 4.47749 4.66197 4.29301 2.30019 0.182093 0.184482 0.0847755 0.0539094
0.053367 7.63442 7.81247 7.45637 4.39422 4.57597 4.21247 2.25101 0.178052 0.181753 0.0832261 0.052808
0.0548775 7.51101 7.68504 7.33697 4.31159 4.49062 4.13257 2.20248 0.174036 0.179025 0.0816787 0.0517171
0.0564307 7.38863 7.55867 7.21858 4.2296 4.4059 4.0533 2.15459 0.170047 0.176298 0.0801337 0.0506369
0.0580278 7.26727 7.43335 7.10118 4.14824 4.32181 3.97466 2.10734 0.166085 0.173571 0.0785914 0.0495672
0.0596702 7.14691 7.30906 6.98476 4.0675 4.23834 3.89666 2.06071 0.162151 0.170844 0.0770522 0.048508
0.0613591 7.02756 7.1858 6.86931 3.98739 4.15551 3.81927 2.01469 0.158246 0.168118 0.0755163 0.0474593
0.0630957 6.90919 7.06356 6.75482 3.9079 4.07329 3.7425 1.9693 0.154372 0.165392 0.0739841 0.0464211
0.0648815 6.79179 6.94232 6.64126 3.82902 3.99169 3.66636 1.9245 0.150529 0.162668 0.072456 0.0453934
0.0667179 6.67535 6.82207 6.52863 3.75077 3.91071 3.59082 1.88031 0.146719 0.159944 0.0709324 0.0443761
0.0686062 6.55986 6.7028 6.41692 3.67312 3.83034 3.5159 1.83672 0.142942 0.157221 0.0694137 0.0433694
0.070548 6.44531 6.58451 6.30611 3.59608 3.75058 3.44158 1.79371 0.139201 0.1545 0.0679004 0.0423731
0.0725448 6.33168 6.46717 6.19618 3.51965 3.67143 3.36787 1.75129 0.135495 0.15178 0.0663928 0.0413872
0.074598 6.21896 6.35079 6.08713 3.44382 3.59288 3.29476 1.70945 0.131827 0.149062 0.0648914 0.0404119
0.0767094 6.10715 6.23534 5.97895 3.3686 3.51494 3.22225 1.66817 0.128196 0.146346 0.0633967 0.039447
0.0788805 5.99622 6.12082 5.87161 3.29397 3.4376 3.15034 1.62747 0.124605 0.143632 0.0619092 0.0384925
0.0811131 5.88616 6.00722 5.76511 3.21995 3.36087 3.07903 1.58732 0.121054 0.14092 0.0604293 0.0375486
0.0834088 5.77698 5.89452 5.65943 3.14652 3.28474 3.00831 1.54774 0.117544 0.138211 0.0589577 0.0366152
0.0857696 5.66864 5.78272 5.55456 3.0737 3.2092 2.93819 1.5087 0.114077 0.135506 0.0574946 0.0356924
0.0881971 5.56115 5.6718 5.45049 3.00147 3.13427 2.86867 1.47021 0.110654 0.132803 0.0560408 0.03478
0.0906934 5.45448 5.56176 5.34721 2.92984 3.05995 2.79974 1.43226 0.107275 0.130105 0.0545967 0.0338783
0.0932603 5.34863 5.45258 5.24469 2.85881 2.98622 2.7314 1.39484 0.103941 0.127411 0.0531629 0.0329872
0.0958999 5.24359 5.34425 5.14294 2.78839 2.91311 2.66366 1.35796 0.100654 0.124722 0.0517398 0.0321067
0.0986142 5.13935 5.23676 5.04193 2.71856 2.8406 2.59652 1.32161 0.0974149 0.122038 0.0503281 0.0312369
0.101405 5.03588 5.13011 4.94166 2.64934 2.7687 2.52998 1.28578 0.0942241 0.11936 0.0489282 0.0303779
0.104275 4.93319 5.02427 4.84211 2.58072 2.69741 2.46403 1.25047 0.0910827 0.116688 0.0475408 0.0295296
0.107227 4.83125 4.91925 4.74326 2.51271 2.62673 2.39869 1.21567 0.0879915 0.114023 0.0461664 0.0286922
0.110262 4.73007 4.81502 4.64512 2.44532 2.55668 2.33395 1.18139 0.0849516 0.111365 0.0448056 0.0278656
0.113382 4.62963 4.71159 4.54766 2.37854 2.48725 2.26982 1.14762 0.0819636 0.108715 0.0434588 0.0270499
0.116591 4.52991 4.60894 4.45088 2.31238 2.41845 2.2063 1.11434 0.0790285 0.106074 0.0421266 0.0262453
0.119891 4.43091 4.50706 4.35476 2.24684 2.35029 2.1434 1.08158 0.0761469 0.103443 0.0408096 0.0254517
0.123285 4.33262 4.40594 4.2593 2.18194 2.28276 2.08112 1.04931 0.0733196 0.100821 0.0395084 0.0246692
0.126774 4.23502 4.30557 4.16448 2.11768 2.21589 2.01947 1.01753 0.0705472 0.0982104 0.0382234 0.023898
0.130362 4.13812 4.20595 4.07029 2.05406 2.14967 1.95845 0.98625 0.0678305 0.0956113 0.0369552 0.023138
0.134052 4.04189 4.10706 3.97672 1.9911 2.08412 1.89807 0.955459 0.0651699 0.0930247 0.0357043 0.0223894
0.137846 3.94634 4.0089 3.88377 1.92879 2.01924 1.83834 0.925157 0.062566 0.0904515 0.0344712 0.0216522
0.141747 3.85144 3.91146 3.79142 1.86716 1.95505 1.77926 0.895342 0.0600194 0.0878924 0.0332565 0.0209266
0.145759 3.7572 3.81473 3.69967 1.8062 1.89155 1.72085 0.866013 0.0575304 0.0853485 0.0320605 0.0202126
0.149885 3.66361 3.71871 3.60851 1.74594 1.82876 1.66312 0.837166 0.0550996 0.0828207 0.0308838 0.0195103
0.154127 3.57066 3.62338 3.51793 1.68638 1.76669 1.60607 0.808802 0.0527271 0.0803099 0.0297269 0.0188198
0.158489 3.47834 3.52875 3.42792 1.62753 1.70535 1.54971 0.780919 0.0504134 0.0778173 0.0285902 0.0181413
0.162975 3.38665 3.43481 3.33849 1.56941 1.64476 1.49407 0.753516 0.0481587 0.0753439 0.0274742 0.0174748
0.167588 3.29559 3.34155 3.24962 1.51204 1.58493 1.43915 0.726594 0.0459631 0.0728907 0.0263792 0.0168204
0.172331 3.20515 3.24897 3.16132 1.45543 1.52588 1.38497 0.700151 0.0438268 0.0704589 0.0253057 0.0161783
0.177209 3.11532 3.15707 3.07357 1.39958 1.46763 1.33153 0.674187 0.0417499 0.0680496 0.024254 0.0155486
0.182224 3.02612 3.06585 2.98639 1.34454 1.4102 1.27887 0.648704 0.0397324 0.0656641 0.0232246 0.0149313
0.187382 2.93754 2.97531 2.89976 1.2903 1.3536 1.22699 0.6237 0.0377744 0.0633035 0.0222177 0.0143267
0.192685 2.84957 2.88545 2.81369 1.23689 1.29786 1.17592 0.599178 0.0358756 0.0609691 0.0212338 0.0137348
0.198139 2.76223 2.79626 2.72819 1.18433 1.24299 1.12567 0.575137 0.034036 0.0586622 0.0202731 0.0131557
0.203747 2.67551 2.70777 2.64326 1.13265 1.18903 1.07626 0.551579 0.0322554 0.056384 0.0193359 0.0125896
0.209514 2.58943 2.61996 2.5589 1.08186 1.13599 1.02772 0.528505 0.0305335 0.0541358 0.0184224 0.0120365
0.215443 2.50399 2.53286 2.47512 1.03199 1.08391 0.980067 0.505917 0.0288701 0.0519191 0.017533 0.0114967
0.221541 2.4192 2.44647 2.39194 0.983062 1.0328 0.933327 0.483816 0.0272647 0.049735 0.0166678 0.0109701
0.227812 2.33508 2.3608 2.30937 0.935109 0.982694 0.887523 0.462205 0.025717 0.0475851 0.0158271 0.010457
0.234259 2.25164 2.27587 2.22742 0.888154 0.933624 0.842683 0.441086 0.0242266 0.0454705 0.0150109 0.00995738
0.24089 2.1689 2.1917 2.14611 0.84223 0.885622 0.798837 0.420461 0.0227927 0.0433928 0.0142194 0.00947135
0.247708 2.08689 2.1083 2.06547 0.797367 0.83872 0.756013 0.400332 0.021415 0.0413533 0.0134527 0.00899899
0.254719 2.00562 2.02572 1.98553 0.753599 0.792953 0.714246 0.380703 0.0200927 0.0393533 0.0127109 0.00854035
0.261928 1.92514 1.94396 1.90631 0.710962 0.748356 0.673568 0.361576 0.0188251 0.0373942 0.011994 0.00809548
0.269341 1.84548 1.86309 1.82787 0.669496 0.704974 0.634019 0.342954 0.0176115 0.0354773 0.0113019 0.00766436
0.276965 1.76668 1.78313 1.75023 0.62925 0.662854 0.595647 0.324842 0.016451 0.0336038 0.0106345 0.00724697
0.284804 1.68881 1.70415 1.67347 0.590283 0.622058 0.558508 0.307242 0.0153426 0.031775 0.00999168 0.00684316
0.292864 1.61194 1.62623 1.59766 0.552679 0.582671 0.522687 0.290159 0.0142853 0.029992 0.00937307 0.00645269
0.301153 1.53622 1.5495 1.52294 0.516604 0.544859 0.488348 0.2736 0.0132776 0.0282557 0.00877806 0.00607503
0.309677 1.46204 1.47436 1.44972 0.482627 0.509194 0.456061 0.257576 0.0123176 0.0265663 0.00820512 0.00570868
0.318442 1.40941 1.42137 1.39744 0.461731 0.487667 0.435796 0.251664 0.0119624 0.0259353 0.00798976 0.00556861
0.321833 1.38194 1.39356 1.37033 0.448931 0.474249 0.423613 0.245888 0.0116178 0.0253181 0.00778 0.00543189
0.325224 1.35491 1.36619 1.34363 0.43644 0.461154 0.411726 0.240242 0.0112832 0.0247141 0.00757569 0.00529844
0.328614 1.3283 1.33926 1.31734 0.424251 0.448374 0.400128 0.234724 0.0109584 0.0241233 0.00737667 0.00516817
0.332005 1.3021 1.31275 1.29146 0.412357 0.435902 0.388812 0.229331 0.0106431 0.0235452 0.0071828 0.005041
0.335396 1.27631 1.28665 1.26598 0.400752 0.423731 0.377772 0.22406 0.0103369 0.0229797 0.00699393 0.00491685
0.338787 1.25093 1.26097 1.24089 0.389428 0.411855 0.367002 0.218907 0.0100397 0.0224263 0.00680992 0.00479563
0.342178 1.22593 1.23568 1.21618 0.378381 0.400266 0.356496 0.213869 0.00975096 0.021885 0.00663064 0.00467728
0.345569 1.20133 1.2108 1.19185 0.367603 0.388958 0.346247 0.208944 0.00947059 0.0213554 0.00645595 0.00456172
0.348959 1.1771 1.1863 1.1679 0.357089 0.377926 0.336251 0.204129 0.00919827 0.0208372 0.00628572 0.00444888
0.35235 1.15325 1.16218 1.14431 0.346832 0.367162 0.326502 0.199421 0.00893376 0.0203303 0.00611985 0.0043387
0.355741 1.12977 1.13844 1.12109 0.336828 0.356662 0.316994 0.194817 0.00867681 0.0198343 0.0059582 0.00423109
0.359132 1.10665 1.11507 1.09822 0.32707 0.346419 0.307721 0.190315 0.00842719 0.0193491 0.00580066 0.00412601
0.362523 1.08389 1.09207 1.0757 0.317554 0.336428 0.29868 0.185913 0.00818468 0.0188745 0.00564712 0.00402338
0.365914 1.06148 1.06943 1.05353 0.308274 0.326684 0.289864 0.181608 0.00794906 0.0184101 0.00549748 0.00392315
0.369305 1.03941 1.04713 1.03169 0.299224 0.31718 0.281268 0.177397 0.00772011 0.0179559 0.00535162 0.00382526
0.372695 1.01769 1.02519 1.0102 0.2904 0.307912 0.272889 0.173279 0.00749763 0.0175115 0.00520945 0.00372964
0.376086 0.996312 1.00359 0.989031 0.281798 0.298874 0.264721 0.169252 0.00728143 0.0170768 0.00507087 0.00363625
0.379477 0.975262 0.982333 0.96819 0.273411 0.290063 0.256759 0.165312 0.00707132 0.0166516 0.00493579 0.00354503
0.382868 0.95454 0.961407 0.947673 0.265236 0.281471 0.249 0.161459 0.00686712 0.0162357 0.00480411 0.00345593
0.386259 0.934142 0.94081 0.927473 0.257267 0.273096 0.241438 0.15769 0.00666865 0.0158289 0.00467574 0.00336889
0.38965 0.914062 0.920538 0.907587 0.249501 0.264932 0.23407 0.154004 0.00647574 0.015431 0.00455059 0.00328387
0.39304 0.894298 0.900586 0.888009 0.241933 0.256975 0.226892 0.150397 0.00628823 0.0150418 0.00442859 0.00320082
0.396431 0.874845 0.880951 0.868739 0.234559 0.24922 0.219898 0.146869 0.00610595 0.0146612 0.00430965 0.00311969
0.399822 0.855698 0.861627 0.84977 0.227374 0.241663 0.213086 0.143418 0.00592875 0.0142889 0.00419369 0.00304044
0.403213 0.836855 0.842611 0.831098 0.220375 0.2343 0.20645 0.140041 0.00575649 0.0139248 0.00408063 0.00296302
0.406604 0.818311 0.8239 0.812722 0.213557 0.227126 0.199988 0.136738 0.00558903 0.0135688 0.00397041 0.00288738
0.409995 0.800063 0.805489 0.794637 0.206917 0.220137 0.193696 0.133507 0.00542621 0.0132206 0.00386293 0.0028135
0.413385 0.782107 0.787375 0.776839 0.20045 0.21333 0.18757 0.130345 0.00526791 0.0128802 0.00375815 0.00274132
0.416776 0.76444 0.769554 0.759326 0.194153 0.2067 0.181606 0.127252 0.005114 0.0125473 0.00365599 0.0026708
0.420167 0.747057 0.752021 0.742093 0.188022 0.200244 0.1758 0.124226 0.00496435 0.0122218 0.00355637 0.00260191
0.423558 0.729957 0.734775 0.725138 0.182054 0.193957 0.17015 0.121266 0.00481883 0.0119036 0.00345924 0.00253462
0.426949 0.713135 0.717812 0.708457 0.176244 0.187837 0.164652 0.118369 0.00467734 0.0115924 0.00336454 0.00246887
0.43034 0.696588 0.701127 0.692048 0.17059 0.181879 0.159302 0.115535 0.00453976 0.0112883 0.00327221 0.00240464
0.43373 0.680313 0.684719 0.675907 0.165089 0.176079 0.154098 0.112762 0.00440598 0.0109909 0.00318217 0.0023419
0.437121 0.664308 0.668583 0.660032 0.159735 0.170436 0.149035 0.110049 0.00427588 0.0107003 0.00309439 0.0022806
0.440512 0.648569 0.652718 0.64442 0.154527 0.164944 0.144111 0.107394 0.00414937 0.0104162 0.00300879 0.00222073
0.443903 0.633094 0.63712 0.629067 0.149462 0.1596 0.139323 0.104797 0.00402635 0.0101385 0.00292533 0.00216223
0.447294 0.617878 0.621785 0.613972 0.144535 0.154402 0.134668 0.102256 0.00390671 0.00986705 0.00284396 0.00210509
0.450685 0.60292 0.606711 0.59913 0.139744 0.149346 0.130142 0.0997694 0.00379037 0.00960181 0.00276462 0.00204927
0.454075 0.588217 0.591895 0.58454 0.135086 0.144429 0.125744 0.0973368 0.00367723 0.00934261 0.00268726 0.00199474
0.457466 0.573767 0.577334 0.5702 0.130558 0.139648 0.121469 0.0949566 0.00356721 0.00908933 0.00261184 0.00194148
0.460857 0.559566 0.563026 0.556105 0.126157 0.134999 0.117315 0.0926278 0.00346021 0.00884184 0.0025383 0.00188945
0.464248 0.545611 0.548967 0.542255 0.12188 0.13048 0.11328 0.0903493 0.00335615 0.00860004 0.0024666 0.00183863
0.467639 0.5319 0.535155 0.528646 0.117724 0.126088 0.10936 0.0881201 0.00325496 0.00836381 0.0023967 0.00178899
0.47103 0.518431 0.521588 0.515275 0.113687 0.12182 0.105554 0.085939 0.00315656 0.00813303 0.00232855 0.00174051
0.47442 0.505201 0.508262 0.50214 0.109765 0.117673 0.101857 0.0838051 0.00306087 0.0079076 0.00226212 0.00169315
0.477811 0.492208 0.495175 0.48924 0.105956 0.113644 0.098269 0.0817173 0.00296781 0.00768741 0.00219735 0.00164691
0.481202 0.479448 0.482326 0.476571 0.102258 0.109731 0.0947859 0.0796748 0.00287731 0.00747235 0.0021342 0.00160174
0.484593 0.46692 0.46971 0.464131 0.0986678 0.10593 0.0914055 0.0776765 0.00278931 0.00726232 0.00207265 0.00155763
0.487984 0.454622 0.457325 0.451918 0.0951827 0.10224 0.0881255 0.0757215 0.00270374 0.00705722 0.00201265 0.00151455
0.491375 0.44255 0.44517 0.439929 0.0918005 0.0986575 0.0849436 0.073809 0.00262053 0.00685696 0.00195417 0.00147249
0.494765 0.430702 0.433242 0.428163 0.0885187 0.0951801 0.0818573 0.071938 0.00253961 0.00666142 0.00189716 0.00143141
0.498156 0.419077 0.421538 0.416616 0.0853349 0.0918054 0.0788643 0.0701077 0.00246094 0.00647052 0.00184159 0.0013913
0.501547 0.407671 0.410056 0.405287 0.0822467 0.0885309 0.0759626 0.0683172 0.00238444 0.00628417 0.00178744 0.00135214
0.504938 0.396483 0.398793 0.394173 0.0792519 0.0853542 0.0731497 0.0665657 0.00231006 0.00610227 0.00173466 0.00131391
0.508329 0.38551 0.387748 0.383272 0.0763483 0.082273 0.0704236 0.0648525 0.00223774 0.00592473 0.00168322 0.00127659
0.51172 0.37475 0.376917 0.372582 0.0735336 0.079285 0.0677821 0.0631766 0.00216743 0.00575146 0.00163309 0.00124015
0.51511 0.3642 0.366299 0.362101 0.0708055 0.0763878 0.0652231 0.0615375 0.00209907 0.00558238 0.00158424 0.00120458
0.518501 0.353859 0.355892 0.351826 0.0681619 0.0735793 0.0627445 0.0599342 0.00203262 0.0054174 0.00153665 0.00116986
0.521892 0.343724 0.345692 0.341756 0.0656009 0.0708574 0.0603445 0.0583661 0.00196802 0.00525644 0.00149027 0.00113597
0.525283 0.333793 0.335698 0.331888 0.0631204 0.0682198 0.0580209 0.0568325 0.00190522 0.00509942 0.00144508 0.00110289
0.528674 0.324064 0.325908 0.322219 0.0607181 0.0656644 0.0557719 0.0553326 0.00184418 0.00494625 0.00140106 0.00107062
0.532065 0.314534 0.316318 0.312749 0.0583923 0.0631892 0.0535954 0.0538658 0.00178485 0.00479686 0.00135818 0.00103912
0.535455 0.305201 0.306928 0.303474 0.056141 0.0607922 0.0514898 0.0524314 0.00172718 0.00465118 0.00131641 0.00100838
0.538846 0.296064 0.297735 0.294392 0.0539622 0.0584713 0.0494531 0.0510287 0.00167113 0.00450911 0.00127572 0.000978395
0.542237 0.287119 0.288736 0.285502 0.0518541 0.0562247 0.0474835 0.0496571 0.00161667 0.0043706 0.00123609 0.000949138
0.545628 0.278365 0.279929 0.276801 0.0498149 0.0540505 0.0455794 0.0483161 0.00156374 0.00423556 0.00119749 0.000920598
0.549019 0.2698 0.271312 0.268288 0.0478428 0.0519467 0.0437388 0.0470049 0.00151231 0.00410393 0.0011599 0.000892758
0.55241 0.261421 0.262884 0.259959 0.0459359 0.0499116 0.0419603 0.0457229 0.00146234 0.00397564 0.0011233 0.000865605
0.5558 0.253227 0.25464 0.251813 0.0440927 0.0479433 0.040242 0.0444697 0.00141378 0.00385061 0.00108767 0.000839123
0.559191 0.245214 0.246581 0.243847 0.0423112 0.04604 0.0385824 0.0432446 0.00136662 0.00372878 0.00105298 0.000813299
0.562582 0.237382 0.238702 0.236061 0.04059 0.0442001 0.0369799 0.042047 0.0013208 0.00361008 0.0010192 0.000788118
0.565973 0.229727 0.231003 0.22845 0.0389274 0.0424218 0.0354329 0.0408764 0.00127629 0.00349445 0.00098633 0.000763568
0.569364 0.222247 0.223481 0.221014 0.0373218 0.0407036 0.0339399 0.0397323 0.00123306 0.00338182 0.000954333 0.000739634
0.572755 0.214942 0.216133 0.213751 0.0357716 0.0390437 0.0324994 0.0386141 0.00119108 0.00327213 0.000923194 0.000716305
0.576146 0.207807 0.208957 0.206657 0.0342752 0.0374406 0.0311099 0.0375214 0.00115031 0.00316532 0.000892893 0.000693567
0.579536 0.200842 0.201952 0.199731 0.0328313 0.0358927 0.02977 0.0364535 0.00111072 0.00306133 0.000863411 0.000671408
0.582927 0.194043 0.195115 0.192971 0.0314383 0.0343984 0.0284783 0.0354101 0.00107229 0.00296009 0.000834728 0.000649816
0.586318 0.187409 0.188444 0.186374 0.0300948 0.0329564 0.0272333 0.0343907 0.00103497 0.00286155 0.000806826 0.000628779
0.589709 0.180938 0.181937 0.17994 0.0287994 0.0315651 0.0260337 0.0333947 0.000998754 0.00276566 0.000779687 0.000608286
0.5931 0.174628 0.175591 0.173664 0.0275507 0.030223 0.0248783 0.0324218 0.000963599 0.00267235 0.000753293 0.000588324
0.596491 0.168475 0.169405 0.167546 0.0263473 0.0289289 0.0237657 0.0314714 0.000929482 0.00258157 0.000727628 0.000568884
0.599881 0.162479 0.163375 0.161582 0.0251879 0.0276812 0.0226947 0.0305431 0.000896374 0.00249327 0.000702674 0.000549953
0.603272 0.156636 0.1575 0.155772 0.0240713 0.0264787 0.0216639 0.0296366 0.000864252 0.00240739 0.000678415 0.000531521
0.606663 0.150945 0.151779 0.150112 0.0229962 0.0253201 0.0206723 0.0287513 0.000833089 0.00232388 0.000654835 0.000513578
0.610054 0.145404 0.146207 0.144601 0.0219613 0.024204 0.0197186 0.0278868 0.00080286 0.00224269 0.000631918 0.000496114
0.613445 0.14001 0.140784 0.139237 0.0209654 0.0231292 0.0188016 0.0270428 0.000773541 0.00216376 0.000609649 0.000479118
0.616836 0.134762 0.135507 0.134016 0.0200074 0.0220944 0.0179203 0.0262188 0.000745109 0.00208706 0.000588013 0.000462581
0.620226 0.129656 0.130373 0.128938 0.019086 0.0210985 0.0170735 0.0254145 0.000717541 0.00201253 0.000566995 0.000446492
0.623617 0.124691 0.125382 0.124 0.0182002 0.0201403 0.0162601 0.0246295 0.000690815 0.00194011 0.000546581 0.000430843
0.627008 0.119864 0.120529 0.119199 0.0173489 0.0192187 0.0154791 0.0238633 0.000664908 0.00186978 0.000526756 0.000415623
0.630399 0.115174 0.115814 0.114534 0.016531 0.0183324 0.0147295 0.0231157 0.0006398 0.00180147 0.000507507 0.000400825
0.63379 0.110618 0.111234 0.110003 0.0157454 0.0174805 0.0140102 0.0223862 0.00061547 0.00173515 0.000488821 0.000386439
0.637181 0.106195 0.106786 0.105603 0.014991 0.0166618 0.0133203 0.0216746 0.000591898 0.00167077 0.000470684 0.000372455
0.640571 0.1019 0.102469 0.101331 0.014267 0.0158753 0.0126587 0.0209804 0.000569064 0.00160828 0.000453083 0.000358867
0.643962 0.097734 0.0982809 0.097187 0.0135723 0.01512 0.0120247 0.0203033 0.000546948 0.00154764 0.000436007 0.000345664
0.647353 0.0936928 0.0942183 0.0931672 0.012906 0.0143948 0.0114172 0.0196431 0.000525533 0.00148882 0.000419442 0.000332839
0.650744 0.0897748 0.0902796 0.08927 0.0122671 0.0136989 0.0108353 0.0189993 0.000504799 0.00143176 0.000403376 0.000320384
0.654135 0.0859778 0.0864626 0.0854931 0.0116547 0.0130312 0.0102783 0.0183717 0.000484729 0.00137644 0.000387798 0.00030829
0.657526 0.0822996 0.0827649 0.0818343 0.011068 0.0123908 0.00974518 0.0177599 0.000465306 0.0013228 0.000372696 0.00029655
0.660916 0.0787379 0.0791844 0.0782914 0.010506 0.0117768 0.00923519 0.0171636 0.000446513 0.00127081 0.000358059 0.000285156
0.664307 0.0752906 0.075719 0.0748623 0.00996796 0.0111884 0.00874752 0.0165826 0.000428333 0.00122044 0.000343875 0.000274101
0.667698 0.0719555 0.0723662 0.0715447 0.00945302 0.0106247 0.00828139 0.0160165 0.000410749 0.00117163 0.000330135 0.000263376
0.671089 0.0687303 0.0691241 0.0683366 0.0089604 0.0100848 0.00783603 0.015465 0.000393747 0.00112437 0.000316826 0.000252976
0.67448 0.065613 0.0659903 0.0652357 0.00848929 0.00956789 0.00741069 0.0149279 0.00037731 0.0010786 0.000303939 0.000242891
0.677871 0.0626012 0.0629626 0.0622398 0.00803896 0.00907326 0.00700466 0.0144049 0.000361423 0.0010343 0.000291464 0.000233117
0.681261 0.0596929 0.060039 0.0593468 0.00760866 0.00860008 0.00661724 0.0138957 0.000346073 0.000991424 0.00027939 0.000223645
0.684652 0.0568858 0.057217 0.0565545 0.00719767 0.00814762 0.00624773 0.0134 0.000331245 0.000949945 0.000267707 0.000214469
0.688043 0.0541778 0.0544947 0.0538608 0.0068053 0.00771513 0.00589547 0.0129175 0.000316923 0.000909825 0.000256407 0.000205582
0.691434 0.0515666 0.0518697 0.0512635 0.00643086 0.0073019 0.00555983 0.0124481 0.000303096 0.000871033 0.000245479 0.000196977
0.694825 0.0490503 0.04934 0.0487606 0.0060737 0.00690723 0.00524016 0.0119915 0.000289749 0.000833536 0.000234915 0.000188648
0.698216 0.0466266 0.0469034 0.0463497 0.00573316 0.00653046 0.00493586 0.0115473 0.00027687 0.000797301 0.000224706 0.00018059
0.701606 0.0442933 0.0445578 0.0440289 0.00540863 0.00617092 0.00464633 0.0111154 0.000264445 0.000762297 0.000214841 0.000172794
0.704997 0.0420484 0.0423008 0.0417959 0.00509949 0.00582798 0.004371 0.0106955 0.000252463 0.000728493 0.000205314 0.000165256
0.708388 0.0398897 0.0401306 0.0396488 0.00480516 0.00550102 0.0041093 0.0102874 0.000240911 0.000695858 0.000196115 0.000157969
0.711779 0.0378151 0.0380449 0.0375853 0.00452507 0.00518943 0.0038607 0.00989084 0.000229776 0.000664363 0.000187235 0.000150928
0.71517 0.0358225 0.0360416 0.0356035 0.00425866 0.00489264 0.00362468 0.00950558 0.000219049 0.000633979 0.000178668 0.000144126
0.718561 0.0339099 0.0341186 0.0337012 0.00400539 0.00461007 0.00340071 0.00913141 0.000208716 0.000604676 0.000170404 0.000137557
0.721951 0.0320752 0.032274 0.0318764 0.00376474 0.00434116 0.00318831 0.00876811 0.000198768 0.000576427 0.000162436 0.000131217
0.725342 0.0303163 0.0305055 0.0301271 0.0035362 0.0040854 0.00298699 0.00841545 0.000189192 0.000549204 0.000154756 0.000125099
0.728733 0.0286311 0.0288111 0.0284511 0.00331928 0.00384226 0.0027963 0.00807323 0.00017998 0.00052298 0.000147357 0.000119199
0.732124 0.0270177 0.0271889 0.0268466 0.0031135 0.00361123 0.00261577 0.00774122 0.000171119 0.000497727 0.000140231 0.00011351
0.735515 0.0254741 0.0256367 0.0253115 0.0029184 0.00339182 0.00244498 0.00741923 0.000162601 0.00047342 0.000133371 0.000108028
0.738906 0.0239983 0.0241527 0.0238439 0.00273354 0.00318357 0.00228351 0.00710705 0.000154415 0.000450034 0.000126769 0.000102746
0.742296 0.0225882 0.0227348 0.0224417 0.00255848 0.00298602 0.00213094 0.00680447 0.000146551 0.000427542 0.000120419 9.76612e-05
0.745687 0.021242 0.021381 0.021103 0.0023928 0.00279872 0.00198688 0.00651131 0.000139 0.00040592 0.000114313 9.27671e-05
0.749078 0.0199578 0.0200895 0.019826 0.0022361 0.00262124 0.00185095 0.00622736 0.000131753 0.000385145 0.000108446 8.80591e-05
0.752469 0.0187335 0.0188583 0.0186087 0.00208798 0.00245317 0.00172279 0.00595243 0.000124801 0.000365191 0.00010281 8.35323e-05
0.75586 0.0175674 0.0176856 0.0174493 0.00194807 0.0022941 0.00160203 0.00568633 0.000118135 0.000346036 9.7399e-05 7.9182e-05
0.759251 0.0164576 0.0165693 0.0163458 0.00181599 0.00214365 0.00148834 0.00542888 0.000111746 0.000327656 9.22065e-05 7.50033e-05
0.762641 0.0154022 0.0155078 0.0152965 0.00169141 0.00200144 0.00138138 0.00517989 0.000105625 0.00031003 8.72263e-05 7.09917e-05
0.766032 0.0143994 0.0144991 0.0142996 0.00157396 0.0018671 0.00128083 0.00493918 9.97651e-05 0.000293135 8.24521e-05 6.71426e-05
0.769423 0.0134474 0.0135415 0.0133532 0.00146333 0.00174028 0.00118638 0.00470657 9.41575e-05 0.000276949 7.78781e-05 6.34515e-05
0.772814 0.0125445 0.0126333 0.0124557 0.0013592 0.00162065 0.00109775 0.0044819 8.87943e-05 0.000261452 7.34983e-05 5.9914e-05
0.776205 0.0116889 0.0117726 0.0116052 0.00126125 0.00150788 0.00101463 0.00426497 8.36678e-05 0.000246622 6.9307e-05 5.65258e-05
0.779596 0.0108789 0.0109577 0.0108001 0.0011692 0.00140164 0.000936765 0.00405563 7.87705e-05 0.000232439 6.52984e-05 5.32824e-05
0.782986 0.0101129 0.010187 0.0100388 0.00108276 0.00130164 0.000863877 0.0038537 7.40949e-05 0.000218884 6.1467e-05 5.01799e-05
0.786377 0.00938909 0.00945873 0.00931946 0.00100165 0.00120759 0.000795716 0.00365903 6.96339e-05 0.000205935 5.78072e-05 4.72139e-05
0.789768 0.00870597 0.00877135 0.00864059 0.000925611 0.00111919 0.000732036 0.00347143 6.53803e-05 0.000193575 5.43139e-05 4.43805e-05
0.793159 0.00806189 0.00812322 0.00800057 0.000854385 0.00103617 0.000672601 0.00329076 6.13273e-05 0.000181784 5.09817e-05 4.16756e-05
0.79655 0.00745531 0.00751278 0.00739784 0.000787729 0.000958274 0.000617185 0.00311685 5.7468e-05 0.000170545 4.78054e-05 3.90953e-05
0.799941 0.00688468 0.00693848 0.00683089 0.000725408 0.000885246 0.000565571 0.00294955 5.37959e-05 0.000159838 4.478e-05 3.66357e-05
0.803332 0.00634849 0.0063988 0.00629819 0.000667196 0.000816841 0.00051755 0.00278869 5.03046e-05 0.000149646 4.19005e-05 3.42931e-05
0.806722 0.00584529 0.00589227 0.0057983 0.000612875 0.000752827 0.000472924 0.00263413 4.69876e-05 0.000139952 3.91621e-05 3.20636e-05
0.810113 0.00537361 0.00541745 0.00532977 0.000562237 0.000692975 0.000431499 0.00248572 4.38389e-05 0.000130738 3.65601e-05 2.99437e-05
0.813504 0.00493207 0.00497292 0.00489122 0.000515083 0.000637071 0.000393094 0.0023433 4.08524e-05 0.000121989 3.40897e-05 2.79296e-05
0.816895 0.00451928 0.0045573 0.00448125 0.000471219 0.000584907 0.000357532 0.00220673 3.80223e-05 0.000113688 3.17464e-05 2.60179e-05
0.820286 0.0041339 0.00416924 0.00409856 0.000430464 0.000536282 0.000324646 0.00207585 3.53427e-05 0.000105818 2.95256e-05 2.4205e-05
0.823677 0.00377463 0.00380743 0.00374182 0.00039264 0.000491005 0.000294275 0.00195053 3.2808e-05 9.83648e-05 2.74231e-05 2.24876e-05
0.827067 0.00344018 0.0034706 0.00340977 0.000357579 0.000448892 0.000266267 0.00183063 3.04128e-05 9.13125e-05 2.54345e-05 2.08623e-05
0.830458 0.00312933 0.00315749 0.00310118 0.00032512 0.000409766 0.000240474 0.00171599 2.81517e-05 8.46463e-05 2.35556e-05 1.93257e-05
0.833849 0.00284087 0.00286689 0.00281486 0.000295109 0.000373461 0.000216757 0.00160649 2.60195e-05 7.83516e-05 2.17822e-05 1.78746e-05
0.83724 0.00257364 0.00259765 0.00254963 0.000267399 0.000339813 0.000194985 0.00150198 2.4011e-05 7.2414e-05 2.01104e-05 1.65059e-05
0.840631 0.00232648 0.0023486 0.00230436 0.000241849 0.000308668 0.000175029 0.00140233 2.21212e-05 6.68197e-05 1.85361e-05 1.52164e-05
0.844022 0.00209831 0.00211865 0.00207796 0.000218324 0.000279879 0.000156769 0.0013074 2.03453e-05 6.15548e-05 1.70555e-05 1.40031e-05
0.847412 0.00188805 0.00190673 0.00186937 0.000196698 0.000253304 0.000140092 0.00121706 1.86786e-05 5.66062e-05 1.56649e-05 1.28629e-05
0.850803 0.00169468 0.0017118 0.00167757 0.000176849 0.000228809 0.000124888 0.00113118 1.71163e-05 5.19607e-05 1.43604e-05 1.1793e-05
0.854194 0.00151721 0.00153286 0.00150155 0.00015866 0.000206265 0.000111054 0.00104963 1.5654e-05 4.76057e-05 1.31385e-05 1.07904e-05
0.857585 0.00135466 0.00136895 0.00134037 0.000142021 0.000185549 9.84922e-05 0.000972279 1.42873e-05 4.35286e-05 1.19957e-05 9.85229e-06
0.860976 0.00120612 0.00121913 0.0011931 0.000126827 0.000166545 8.71099e-05 0.000898997 1.30118e-05 3.97175e-05 1.09285e-05 8.97593e-06
0.864367 0.00107068 0.00108251 0.00105886 0.00011298 0.00014914 7.68195e-05 0.00082966 1.18234e-05 3.61604e-05 9.93344e-06 8.15862e-06
0.867757 0.00094751 0.000958228 0.000936792 0.000100384 0.00013323 6.75381e-05 0.000764143 1.0718e-05 3.28458e-05 9.00733e-06 7.39768e-06
0.871148 0.000835768 0.00084546 0.000826077 8.89498e-05 0.000118712 5.91874e-05 0.000702323 9.69162e-06 2.97624e-05 8.14691e-06 6.69055e-06
0.874539 0.000734671 0.000743411 0.000725931 7.8593e-05 0.000105492 5.16937e-05 0.000644077 8.74038e-06 2.68994e-05 7.34903e-06 6.03467e-06
0.87793 0.000643462 0.000651323 0.000635602 6.92334e-05 9.34792e-05 4.49875e-05 0.000589285 7.86053e-06 2.42459e-05 6.61064e-06 5.42758e-06
0.881321 0.000561421 0.000568469 0.000554372 6.0795e-05 8.25866e-05 3.90034e-05 0.000537827 7.04841e-06 2.17916e-05 5.92875e-06 4.86687e-06
0.884712 0.000487858 0.000494158 0.000481557 5.32064e-05 7.27328e-05 3.368e-05 0.000489584 6.30047e-06 1.95264e-05 5.30044e-06 4.35016e-06
0.888102 0.000422117 0.00042773 0.000416503 4.64004e-05 6.38407e-05 2.896e-05 0.00044444 5.61325e-06 1.74404e-05 4.72289e-06 3.87515e-06
0.891493 0.000363574 0.000368557 0.00035859 4.03132e-05 5.58373e-05 2.47892e-05 0.00040228 4.98339e-06 1.5524e-05 4.19332e-06 3.43962e-06
0.894884 0.000311637 0.000316044 0.000307229 3.48854e-05 4.86533e-05 2.11174e-05 0.000362987 4.40765e-06 1.37679e-05 3.70907e-06 3.04136e-06
0.898275 0.000265744 0.000269627 0.000261861 3.00608e-05 4.22239e-05 1.78976e-05 0.00032645 3.88284e-06 1.21631e-05 3.26753e-06 2.67824e-06
0.901666 0.000225365 0.000228771 0.000221959 2.57868e-05 3.64876e-05 1.50859e-05 0.000292555 3.40593e-06 1.07008e-05 2.86615e-06 2.34821e-06
0.905057 0.00019 0.000192974 0.000187026 2.20141e-05 3.13866e-05 1.26416e-05 0.000261193 2.97393e-06 9.3725e-06 2.50249e-06 2.04925e-06
0.908447 0.000159176 0.00016176 0.000156592 1.86969e-05 2.68667e-05 1.0527e-05 0.000232253 2.58399e-06 8.16987e-06 2.17416e-06 1.7794e-06
0.911838 0.000132453 0.000134686 0.00013022 1.5792e-05 2.2877e-05 8.70707e-06 0.000205628 2.23331e-06 7.08495e-06 1.87886e-06 1.53677e-06
0.915229 0.000109415 0.000111335 0.000107496 1.32595e-05 1.93695e-05 7.14951e-06 0.00018121 1.91923e-06 6.11001e-06 1.61434e-06 1.31952e-06
0.91862 8.96767e-05 9.13159e-05 8.80376e-05 1.10622e-05 1.62997e-05 5.82459e-06 0.000158893 1.63916e-06 5.23756e-06 1.37845e-06 1.12588e-06
0.922011 7.28771e-05 7.42677e-05 7.14865e-05 9.16538e-06 1.36258e-05 4.70502e-06 0.000138573 1.39059e-06 4.46037e-06 1.1691e-06 9.54117e-07
0.925402 5.86824e-05 5.98535e-05 5.75113e-05 7.53721e-06 1.13087e-05 3.76576e-06 0.000120147 1.17113e-06 3.77145e-06 9.84283e-07 8.02581e-07
0.928792 4.67838e-05 4.77623e-05 4.58053e-05 6.14809e-06 9.31218e-06 2.98399e-06 0.000103513 9.78459e-07 3.16409e-06 8.22056e-07 6.69668e-07
0.932183 3.68969e-05 3.77072e-05 3.60865e-05 4.97078e-06 7.60259e-06 2.33897e-06 8.85701e-05 8.10365e-07 2.63181e-06 6.80555e-07 5.53838e-07
0.935574 2.87606e-05 2.94254e-05 2.80959e-05 3.98027e-06 6.14864e-06 1.81189e-06 7.52193e-05 6.64718e-07 2.16837e-06 5.5799e-07 4.53609e-07
0.938965 2.21369e-05 2.26764e-05 2.15975e-05 3.15362e-06 4.92143e-06 1.38581e-06 6.3363e-05 5.39479e-07 1.76781e-06 4.52646e-07 3.67562e-07
0.942356 1.68094e-05 1.72421e-05 1.63767e-05 2.46991e-06 3.8943e-06 1.04553e-06 5.29051e-05 4.32703e-07 1.42439e-06 3.62881e-07 2.94336e-07
0.945747 1.25826e-05 1.29251e-05 1.224e-05 1.91008e-06 3.04271e-06 7.77458e-07 4.37509e-05 3.42534e-07 1.13263e-06 2.87127e-07 2.32633e-07
0.949137 9.28124e-06 9.54845e-06 9.01404e-06 1.45688e-06 2.34417e-06 5.69582e-07 3.58075e-05 2.67207e-07 8.87294e-07 2.23895e-07 1.81216e-07
0.952528 6.74924e-06 6.95428e-06 6.54419e-06 1.09471e-06 1.77812e-06 4.11305e-07 2.89839e-05 2.05047e-07 6.83407e-07 1.71766e-07 1.38911e-07
0.955919 4.84866e-06 5.00313e-06 4.69419e-06 8.09614e-07 1.32585e-06 2.93382e-07 2.3191e-05 1.54471e-07 5.16232e-07 1.29402e-07 1.04607e-07
0.95931 3.45897e-06 3.57296e-06 3.34498e-06 5.89106e-07 9.70391e-07 2.07821e-07 1.83422e-05 1.13988e-07 3.81285e-07 9.55379e-08 7.72556e-08
0.962701 2.47612e-06 2.55832e-06 2.39392e-06 4.22134e-07 6.9647e-07 1.47798e-07 1.43534e-05 8.21989e-08 2.74336e-07 6.89881e-08 5.58735e-08
0.966092 1.81173e-06 1.86953e-06 1.75394e-06 2.9899e-07 4.90399e-07 1.07582e-07 1.11442e-05 5.77951e-08 1.91409e-07 4.86439e-08 3.95425e-08
0.969482 1.39241e-06 1.43197e-06 1.35285e-06 2.11247e-07 3.40033e-07 8.24614e-08 8.63864e-06 3.95628e-08 1.28786e-07 3.34756e-08 2.74103e-08
0.972873 1.15943e-06 1.18581e-06 1.13305e-06 1.51718e-07 2.34729e-07 6.87065e-08 6.76789e-06 2.63817e-08 8.30112e-08 2.25331e-08 1.86913e-08
0.976264 1.0691e-06 1.08633e-06 1.05188e-06 1.14461e-07 1.65356e-07 6.35665e-08 5.47459e-06 1.72259e-08 5.08949e-08 1.49466e-08 1.2667e-08
0.979655 1.09521e-06 1.10637e-06 1.08405e-06 9.49184e-08 1.24437e-07 6.53994e-08 4.72372e-06 1.11641e-08 2.9519e-08 9.92631e-09 8.68609e-09
0.983046 1.23773e-06 1.24509e-06 1.23037e-06 9.04261e-08 1.0667e-07 7.4182e-08 4.5322e-06 7.35722e-09 1.62441e-08 6.76024e-09 6.16098e-09
0.986437 1.55813e-06 1.56318e-06 1.55309e-06 1.02338e-07 1.1105e-07 9.36259e-08 5.07448e-06 5.04645e-09 8.71221e-09 4.80121e-09 4.55454e-09
0.989827 2.41211e-06 2.4156e-06 2.40863e-06 1.50027e-07 1.54856e-07 1.45199e-07 7.28641e-06 3.48583e-09 4.82879e-09 3.39638e-09 3.30621e-09
0.993218 1.20123e-05 1.20126e-05 1.20119e-05 7.2723e-07 7.3035e-07 7.2411e-07 4.31809e-05 3.6734e-10 3.1199e-09 1.84525e-10 0
4.01075e-314 inf inf inf inf inf inf 0.00508123 50.1258 1.48879 1.18335 0.796156
