9.72476e-05 5.40975 5.88239 4.9371 2.08203 2.40563 1.75843 14.0531 0.472644 0.323602 0.23021 0.221326
0.0001 5.37424 5.84494 4.90355 2.06814 2.3899 1.74637 13.9075 0.470698 0.321768 0.228248 0.219268
0.00010283 5.33908 5.80785 4.87031 2.05437 2.37432 1.73442 13.7631 0.468766 0.319951 0.226302 0.217226
0.000105741 5.30455 5.7714 4.8377 2.04085 2.359 1.72271 13.62 0.466848 0.318148 0.224372 0.215199
0.000108734 5.26918 5.73412 4.80423 2.02703 2.34339 1.71067 13.4781 0.464945 0.316361 0.222457 0.213187
0.000111811 5.23401 5.69706 4.77095 2.0133 2.32789 1.69871 13.3375 0.463055 0.314589 0.220559 0.21119
0.000114976 5.19904 5.66022 4.73786 1.99965 2.31248 1.68681 13.198 0.46118 0.312832 0.218677 0.209207
0.00011823 5.16427 5.62359 4.70496 1.98608 2.29717 1.67499 13.0598 0.459318 0.31109 0.21681 0.207239
0.000121576 5.12971 5.58718 4.67224 1.97259 2.28196 1.66323 12.9228 0.45747 0.309363 0.214959 0.205286
0.000125017 5.09534 5.55098 4.63971 1.95919 2.26684 1.65154 12.787 0.455635 0.307651 0.213123 0.203347
0.000128556 5.06118 5.51499 4.60736 1.94587 2.25182 1.63991 12.6523 0.453814 0.305954 0.211303 0.201423
0.000132194 5.02721 5.47922 4.57521 1.93263 2.2369 1.62836 12.5188 0.452006 0.304271 0.209498 0.199513
0.000135936 4.99344 5.44366 4.54323 1.91947 2.22207 1.61687 12.3865 0.450212 0.302602 0.207708 0.197617
0.000139783 4.95987 5.4083 4.51144 1.90639 2.20734 1.60544 12.2554 0.44843 0.300948 0.205934 0.195735
0.000143739 4.92649 5.37315 4.47983 1.89339 2.1927 1.59409 12.1254 0.446662 0.299309 0.204175 0.193868
0.000147808 4.89331 5.33821 4.4484 1.88048 2.17816 1.58279 11.9965 0.444906 0.297683 0.20243 0.192014
0.000151991 4.86031 5.30348 4.41715 1.86764 2.16371 1.57157 11.8688 0.443163 0.296072 0.200701 0.190175
0.000156293 4.82752 5.26895 4.38608 1.85488 2.14935 1.5604 11.7422 0.441433 0.294475 0.198986 0.188349
0.000160717 4.79491 5.23462 4.35519 1.8422 2.13509 1.54931 11.6167 0.439716 0.292891 0.197287 0.186537
0.000165265 4.76249 5.2005 4.32448 1.82959 2.12092 1.53827 11.4923 0.438011 0.291322 0.195602 0.184738
0.000169943 4.73026 5.16658 4.29394 1.81707 2.10684 1.5273 11.369 0.436318 0.289766 0.193932 0.182953
0.000174753 4.69822 5.13286 4.26358 1.80462 2.09285 1.5164 11.2468 0.434638 0.288224 0.192276 0.181182
0.000179699 4.66637 5.09934 4.2334 1.79225 2.07895 1.50556 11.1257 0.432969 0.286696 0.190635 0.179424
0.000184785 4.6347 5.06602 4.20339 1.77996 2.06514 1.49478 11.0057 0.431313 0.285181 0.189008 0.177679
0.000190015 4.60322 5.03289 4.17355 1.76774 2.05142 1.48406 10.8867 0.429668 0.28368 0.187395 0.175947
0.000195393 4.57193 4.99996 4.14389 1.7556 2.03779 1.47341 10.7688 0.428035 0.282191 0.185797 0.174229
0.000200923 4.54081 4.96723 4.1144 1.74353 2.02425 1.46282 10.6519 0.426414 0.280716 0.184213 0.172523
0.00020661 4.50988 4.93469 4.08508 1.73154 2.0108 1.45229 10.5361 0.424805 0.279255 0.182643 0.170831
0.000212458 4.47913 4.90234 4.05593 1.71963 1.99743 1.44182 10.4213 0.423206 0.277806 0.181088 0.169151
0.000218471 4.44857 4.87019 4.02695 1.70779 1.98416 1.43142 10.3075 0.421619 0.27637 0.179546 0.167485
0.000224655 4.41818 4.83823 3.99814 1.69602 1.97097 1.42107 10.1947 0.420044 0.274947 0.178018 0.165831
0.000231013 4.38797 4.80645 3.9695 1.68432 1.95786 1.41079 10.083 0.418479 0.273537 0.176504 0.164189
0.000237551 4.35795 4.77487 3.94102 1.6727 1.94484 1.40057 9.97222 0.416925 0.27214 0.175003 0.162561
0.000244275 4.32809 4.74347 3.91271 1.66116 1.93191 1.3904 9.86247 0.415382 0.270755 0.173517 0.160944
0.000251189 4.29842 4.71227 3.88457 1.64968 1.91906 1.3803 9.75371 0.41385 0.269383 0.172044 0.15934
0.000258298 4.26892 4.68124 3.85659 1.63828 1.9063 1.37025 9.64592 0.412328 0.268023 0.170584 0.157749
0.000265609 4.23959 4.65041 3.82877 1.62695 1.89362 1.36027 9.5391 0.410817 0.266675 0.169138 0.15617
0.000273126 4.21044 4.61975 3.80112 1.61568 1.88102 1.35034 9.43326 0.409317 0.26534 0.167705 0.154603
0.000280857 4.18146 4.58928 3.77363 1.6045 1.86851 1.34048 9.32836 0.407826 0.264017 0.166286 0.153048
0.000288806 4.15265 4.559 3.7463 1.59338 1.85608 1.33067 9.22441 0.406346 0.262706 0.16488 0.151505
0.00029698 4.12401 4.52889 3.71914 1.58233 1.84374 1.32092 9.12141 0.404875 0.261407 0.163488 0.149974
0.000305386 4.09555 4.49896 3.69213 1.57135 1.83147 1.31123 9.01934 0.403415 0.260121 0.162108 0.148455
0.000314029 4.06725 4.46921 3.66528 1.56044 1.81929 1.3016 8.9182 0.401964 0.258845 0.160741 0.146948
0.000322917 4.03912 4.43964 3.63859 1.5496 1.80718 1.29202 8.81798 0.400523 0.257582 0.159388 0.145452
0.000332057 4.01115 4.41024 3.61206 1.53883 1.79516 1.2825 8.71868 0.399091 0.25633 0.158047 0.143969
0.000341455 3.98336 4.38103 3.58569 1.52813 1.78322 1.27304 8.62028 0.397669 0.25509 0.156719 0.142496
0.000351119 3.95573 4.35198 3.55947 1.51749 1.77135 1.26363 8.52278 0.396257 0.253862 0.155405 0.141036
0.000361057 3.92826 4.32311 3.53341 1.50693 1.75957 1.25428 8.42617 0.394853 0.252645 0.154102 0.139587
0.000371276 3.90096 4.29442 3.5075 1.49643 1.74787 1.24499 8.33045 0.393458 0.251439 0.152813 0.138149
0.000381784 3.87382 4.26589 3.48175 1.48599 1.73624 1.23575 8.2356 0.392072 0.250244 0.151536 0.136722
0.00039259 3.84684 4.23754 3.45615 1.47563 1.72469 1.22657 8.14163 0.390695 0.249061 0.150272 0.135307
0.000403702 3.82003 4.20935 3.4307 1.46533 1.71322 1.21744 8.04853 0.389327 0.247889 0.14902 0.133903
0.000415128 3.79337 4.18134 3.4054 1.45509 1.70182 1.20837 7.95628 0.387967 0.246727 0.14778 0.13251
0.000426877 3.76687 4.15349 3.38026 1.44493 1.6905 1.19935 7.86489 0.386616 0.245577 0.146553 0.131128
0.000438959 3.74054 4.12581 3.35526 1.43482 1.67926 1.19039 7.77433 0.385273 0.244438 0.145338 0.129758
0.000451383 3.71436 4.09829 3.33042 1.42479 1.66809 1.18148 7.68462 0.383938 0.243309 0.144136 0.128398
0.000464159 3.68833 4.07095 3.30572 1.41481 1.657 1.17262 7.59574 0.382611 0.242191 0.142945 0.127049
0.000477296 3.66247 4.04376 3.28118 1.4049 1.64599 1.16382 7.50769 0.381292 0.241083 0.141767 0.12571
0.000490805 3.63675 4.01674 3.25677 1.39506 1.63504 1.15507 7.42046 0.379981 0.239986 0.140601 0.124383
0.000504697 3.6112 3.98988 3.23252 1.38528 1.62418 1.14638 7.33403 0.378677 0.2389 0.139447 0.123066
0.000518981 3.5858 3.96318 3.20841 1.37556 1.61338 1.13773 7.24842 0.377381 0.237823 0.138304 0.121759
0.00053367 3.56054 3.93664 3.18445 1.3659 1.60266 1.12914 7.1636 0.376092 0.236758 0.137174 0.120463
0.000548775 3.53545 3.91026 3.16063 1.35631 1.59201 1.12061 7.07958 0.374811 0.235702 0.136055 0.119178
0.000564307 3.5105 3.88403 3.13696 1.34678 1.58143 1.11212 6.99635 0.373536 0.234656 0.134948 0.117903
0.000580278 3.4857 3.85797 3.11343 1.33731 1.57093 1.10369 6.91389 0.372269 0.23362 0.133853 0.116638
0.000596702 3.46105 3.83206 3.09004 1.3279 1.5605 1.09531 6.83222 0.371008 0.232595 0.132769 0.115384
0.000613591 3.43655 3.80631 3.0668 1.31855 1.55013 1.08698 6.75131 0.369754 0.231579 0.131697 0.11414
0.000630957 3.4122 3.78071 3.04369 1.30927 1.53984 1.0787 6.67117 0.368506 0.230573 0.130636 0.112906
0.000648815 3.388 3.75526 3.02073 1.30004 1.52962 1.07047 6.59178 0.367265 0.229576 0.129587 0.111682
0.000667179 3.36394 3.72997 2.99791 1.29088 1.51947 1.06229 6.51314 0.366031 0.228589 0.128549 0.110468
0.000686062 3.34002 3.70483 2.97522 1.28177 1.50939 1.05416 6.43525 0.364802 0.227612 0.127523 0.109264
0.00070548 3.31625 3.67983 2.95267 1.27273 1.49937 1.04608 6.35811 0.363579 0.226644 0.126507 0.10807
0.000725448 3.29263 3.65499 2.93027 1.26374 1.48943 1.03806 6.28169 0.362362 0.225685 0.125503 0.106886
0.00074598 3.26914 3.63029 2.90799 1.25481 1.47955 1.03008 6.206 0.361151 0.224736 0.12451 0.105711
0.000767094 3.2458 3.60575 2.88586 1.24595 1.46974 1.02215 6.13103 0.359945 0.223796 0.123528 0.104547
0.000788805 3.2226 3.58135 2.86386 1.23714 1.46 1.01427 6.05678 0.358744 0.222865 0.122557 0.103391
0.000811131 3.19954 3.55709 2.842 1.22838 1.45033 1.00644 5.98324 0.357549 0.221943 0.121597 0.102246
0.000834088 3.17663 3.53299 2.82027 1.21969 1.44072 0.998658 5.91041 0.356359 0.22103 0.120648 0.10111
0.000857696 3.15384 3.50902 2.79867 1.21105 1.43118 0.990924 5.83828 0.355174 0.220126 0.119709 0.0999838
0.000881971 3.1312 3.4852 2.77721 1.20247 1.4217 0.983239 5.76684 0.353993 0.21923 0.118782 0.0988668
0.000906934 3.1087 3.46151 2.75588 1.19394 1.41229 0.975601 5.69609 0.352817 0.218343 0.117865 0.0977592
0.000932603 3.08633 3.43797 2.73468 1.18548 1.40294 0.968012 5.62602 0.351646 0.217465 0.116958 0.096661
0.000958999 3.06409 3.41457 2.71361 1.17706 1.39366 0.960469 5.55663 0.350479 0.216595 0.116062 0.095572
0.000986142 3.04199 3.39131 2.69268 1.16871 1.38444 0.952975 5.48791 0.349315 0.215734 0.115177 0.0944923
0.00101405 3.02003 3.36818 2.67187 1.16041 1.37529 0.945527 5.41986 0.348156 0.214881 0.114302 0.0934217
0.00104275 2.99819 3.34519 2.65119 1.15216 1.3662 0.938125 5.35247 0.347001 0.214036 0.113438 0.0923602
0.00107227 2.97649 3.32234 2.63065 1.14397 1.35717 0.930771 5.28573 0.345849 0.213199 0.112584 0.0913078
0.00110262 2.95493 3.29963 2.61023 1.13583 1.3482 0.923463 5.21966 0.344701 0.21237 0.11174 0.0902643
0.00113382 2.93349 3.27704 2.58993 1.12775 1.3393 0.916201 5.15422 0.343555 0.21155 0.110906 0.0892298
0.00116591 2.91218 3.25459 2.56977 1.11972 1.33046 0.908984 5.08943 0.342413 0.210737 0.110082 0.0882042
0.00119891 2.891 3.23228 2.54973 1.11175 1.32168 0.901814 5.02527 0.341274 0.209932 0.109269 0.0871874
0.00123285 2.86995 3.21009 2.52981 1.10382 1.31296 0.894688 4.96174 0.340138 0.209135 0.108465 0.0861794
0.00126774 2.84903 3.18803 2.51002 1.09595 1.3043 0.887609 4.89884 0.339004 0.208345 0.107671 0.0851802
0.00130362 2.82823 3.16611 2.49036 1.08814 1.2957 0.880574 4.83656 0.337873 0.207563 0.106887 0.0841897
0.00134052 2.80756 3.14431 2.47082 1.08037 1.28716 0.873584 4.7749 0.336743 0.206788 0.106113 0.0832077
0.00137846 2.78702 3.12263 2.4514 1.07266 1.27868 0.866638 4.71384 0.335616 0.206021 0.105349 0.0822344
0.00141747 2.7666 3.10109 2.43211 1.065 1.27026 0.859737 4.65339 0.33449 0.20526 0.104594 0.0812696
0.00145759 2.7463 3.07967 2.41293 1.05739 1.26189 0.85288 4.59355 0.333367 0.204507 0.103849 0.0803132
0.00149885 2.72613 3.05837 2.39388 1.04983 1.25359 0.846067 4.5343 0.332244 0.203761 0.103113 0.0793653
0.00154127 2.70607 3.0372 2.37495 1.04232 1.24534 0.839298 4.47564 0.331123 0.203022 0.102386 0.0784257
0.00158489 2.68614 3.01615 2.35614 1.03486 1.23715 0.832571 4.41757 0.330003 0.20229 0.101669 0.0774945
0.00162975 2.66633 2.99522 2.33745 1.02745 1.22902 0.825889 4.36008 0.328883 0.201565 0.100962 0.0765716
0.00167588 2.64664 2.97441 2.31888 1.0201 1.22094 0.81925 4.30317 0.327765 0.200846 0.100263 0.0756569
0.00172331 2.62707 2.95372 2.30043 1.01279 1.21292 0.812653 4.24683 0.326647 0.200134 0.099574 0.0747504
0.00177209 2.60762 2.93315 2.28209 1.00553 1.20496 0.806099 4.19106 0.325529 0.199428 0.0988938 0.0738521
0.00182224 2.58828 2.91269 2.26387 0.998316 1.19704 0.799587 4.13585 0.324411 0.198729 0.0982224 0.0729618
0.00187382 2.56906 2.89236 2.24577 0.991154 1.18919 0.793118 4.08121 0.323292 0.198035 0.0975601 0.0720795
0.00192685 2.54996 2.87213 2.22779 0.984039 1.18139 0.786691 4.02712 0.322174 0.197349 0.0969065 0.0712052
0.00198139 2.53097 2.85203 2.20992 0.976973 1.17364 0.780305 3.97358 0.321055 0.196668 0.0962616 0.0703389
0.00203747 2.5121 2.83203 2.19216 0.969954 1.16595 0.773962 3.92058 0.319935 0.195993 0.0956255 0.0694805
0.00209514 2.49334 2.81215 2.17452 0.962983 1.15831 0.767659 3.86813 0.318814 0.195324 0.0949979 0.06863
0.00215443 2.47469 2.79238 2.157 0.956058 1.15072 0.761398 3.81621 0.317691 0.19466 0.0943788 0.0677872
0.00221541 2.45615 2.77272 2.13958 0.94918 1.14318 0.755178 3.76483 0.316567 0.194003 0.0937682 0.0669522
0.00227812 2.43773 2.75317 2.12228 0.942349 1.1357 0.748999 3.71398 0.315442 0.19335 0.0931658 0.0661249
0.00234259 2.41941 2.73372 2.1051 0.935563 1.12827 0.74286 3.66365 0.314314 0.192704 0.0925717 0.0653053
0.0024089 2.40121 2.71439 2.08802 0.928824 1.12089 0.736762 3.61384 0.313184 0.192062 0.0919858 0.0644933
0.00247708 2.38311 2.69516 2.07106 0.92213 1.11356 0.730704 3.56454 0.312052 0.191426 0.091408 0.0636889
0.00254719 2.36512 2.67604 2.0542 0.915481 1.10628 0.724686 3.51576 0.310917 0.190795 0.0908381 0.062892
0.00261928 2.34724 2.65702 2.03746 0.908877 1.09905 0.718708 3.46749 0.30978 0.190169 0.0902761 0.0621026
0.00269341 2.32946 2.6381 2.02083 0.902317 1.09186 0.71277 3.41972 0.308639 0.189547 0.0897219 0.0613206
0.00276965 2.31179 2.61929 2.0043 0.895801 1.08473 0.70687 3.37246 0.307494 0.188931 0.0891754 0.060546
0.00284804 2.29423 2.60058 1.98788 0.88933 1.07765 0.701011 3.32568 0.306347 0.188319 0.0886365 0.0597788
0.00292864 2.27677 2.58197 1.97158 0.882902 1.07061 0.69519 3.2794 0.305195 0.187711 0.0881051 0.0590189
0.00301153 2.25941 2.56345 1.95537 0.876517 1.06362 0.689408 3.23361 0.304039 0.187108 0.0875811 0.0582663
0.00309677 2.24216 2.54504 1.93928 0.870175 1.05668 0.683665 3.1883 0.302878 0.186509 0.0870644 0.0575209
0.00318442 2.22501 2.52672 1.92329 0.863876 1.04979 0.677961 3.14347 0.301713 0.185915 0.0865549 0.0567827
0.00327455 2.20796 2.5085 1.90741 0.857619 1.04294 0.672295 3.09912 0.300543 0.185324 0.0860525 0.0560516
0.00336723 2.19101 2.49037 1.89164 0.851404 1.03614 0.666667 3.05524 0.299368 0.184737 0.085557 0.0553276
0.00346253 2.17415 2.47234 1.87597 0.845231 1.02939 0.661077 3.01183 0.298188 0.184154 0.0850685 0.0546106
0.00356053 2.1574 2.4544 1.8604 0.839099 1.02267 0.655525 2.96889 0.297002 0.183575 0.0845867 0.0539006
0.00366131 2.14075 2.43655 1.84494 0.833009 1.01601 0.65001 2.9264 0.295809 0.182999 0.0841115 0.0531977
0.00376494 2.12419 2.4188 1.82958 0.826959 1.00939 0.644533 2.88438 0.294611 0.182426 0.0836429 0.0525016
0.0038715 2.10773 2.40113 1.81432 0.82095 1.00281 0.639093 2.8428 0.293406 0.181857 0.0831806 0.0518124
0.00398107 2.09136 2.38355 1.79917 0.814981 0.996271 0.63369 2.80168 0.292194 0.181291 0.0827247 0.0511301
0.00409375 2.07509 2.36606 1.78411 0.809051 0.989779 0.628324 2.76101 0.290975 0.180727 0.0822749 0.0504545
0.00420962 2.05891 2.34866 1.76916 0.803161 0.983328 0.622995 2.72077 0.289749 0.180167 0.0818312 0.0497857
0.00432876 2.04283 2.33134 1.75431 0.797311 0.97692 0.617702 2.68098 0.288515 0.179609 0.0813934 0.0491236
0.00445128 2.02684 2.31411 1.73956 0.791499 0.970553 0.612445 2.64163 0.287273 0.179054 0.0809614 0.0484682
0.00457727 2.01094 2.29696 1.72491 0.785726 0.964226 0.607225 2.6027 0.286023 0.178501 0.080535 0.0478194
0.00470682 1.99513 2.27989 1.71036 0.779991 0.957941 0.602041 2.56421 0.284765 0.17795 0.0801142 0.0471772
0.00484003 1.97941 2.26291 1.69591 0.774294 0.951695 0.596892 2.52614 0.283497 0.177401 0.0796988 0.0465416
0.00497702 1.96378 2.246 1.68156 0.768634 0.945488 0.591779 2.4885 0.282221 0.176854 0.0792885 0.0459124
0.00511789 1.94824 2.22918 1.66731 0.763011 0.939321 0.586702 2.45127 0.280935 0.176309 0.0788834 0.0452897
0.00526274 1.93279 2.21243 1.65315 0.757426 0.933192 0.58166 2.41446 0.27964 0.175766 0.0784833 0.0446734
0.0054117 1.91742 2.19576 1.63909 0.751877 0.927101 0.576653 2.37806 0.278335 0.175224 0.0780879 0.0440635
0.00556486 1.90215 2.17917 1.62513 0.746365 0.921048 0.571681 2.34207 0.277019 0.174683 0.0776973 0.04346
0.00572237 1.88695 2.16265 1.61126 0.740888 0.915032 0.566744 2.30649 0.275693 0.174144 0.0773111 0.0428627
0.00588433 1.87184 2.1462 1.59749 0.735447 0.909052 0.561841 2.27131 0.274356 0.173605 0.0769292 0.0422717
0.00605088 1.85682 2.12983 1.58381 0.730041 0.903108 0.556973 2.23653 0.273008 0.173067 0.0765516 0.0416869
0.00622213 1.84188 2.11353 1.57023 0.72467 0.8972 0.55214 2.20214 0.271648 0.17253 0.076178 0.0411083
0.00639824 1.82702 2.0973 1.55674 0.719334 0.891327 0.54734 2.16815 0.270277 0.171994 0.0758083 0.0405358
0.00657933 1.81225 2.08114 1.54335 0.714031 0.885489 0.542574 2.13455 0.268894 0.171457 0.0754423 0.0399694
0.00676555 1.79755 2.06505 1.53005 0.708763 0.879684 0.537843 2.10134 0.267498 0.170921 0.0750798 0.0394091
0.00695704 1.78294 2.04903 1.51685 0.703528 0.873913 0.533144 2.06851 0.26609 0.170384 0.0747206 0.0388548
0.00715394 1.7684 2.03307 1.50373 0.698327 0.868174 0.52848 2.03606 0.264669 0.169847 0.0743647 0.0383064
0.00735642 1.75394 2.01718 1.49071 0.693158 0.862468 0.523848 2.00398 0.263235 0.16931 0.0740117 0.037764
0.00756463 1.73957 2.00135 1.47778 0.688022 0.856794 0.51925 1.97229 0.261787 0.168772 0.0736616 0.0372274
0.00777874 1.72527 1.98559 1.46494 0.682918 0.851152 0.514684 1.94096 0.260326 0.168234 0.0733141 0.0366968
0.0079989 1.71104 1.96989 1.45219 0.677846 0.84554 0.510152 1.91 0.258851 0.167694 0.072969 0.0361719
0.0082253 1.69689 1.95426 1.43953 0.672805 0.839958 0.505652 1.87941 0.257361 0.167153 0.0726262 0.0356527
0.0084581 1.68282 1.93868 1.42697 0.667795 0.834406 0.501185 1.84918 0.255856 0.16661 0.0722855 0.0351393
0.00869749 1.66882 1.92316 1.41449 0.662816 0.828883 0.49675 1.81932 0.254337 0.166066 0.0719467 0.0346316
0.00894366 1.6549 1.9077 1.4021 0.657867 0.823388 0.492347 1.7898 0.252802 0.165521 0.0716095 0.0341295
0.00919679 1.64105 1.8923 1.3898 0.652949 0.817921 0.487976 1.76065 0.251253 0.164973 0.0712738 0.0336331
0.00945709 1.62727 1.87696 1.37758 0.648059 0.812482 0.483637 1.73184 0.249687 0.164422 0.0709394 0.0331421
0.00972476 1.61356 1.86167 1.36546 0.6432 0.807069 0.47933 1.70339 0.248105 0.16387 0.070606 0.0326567
0.01 1.59993 1.84643 1.35342 0.638369 0.801683 0.475054 1.67528 0.246508 0.163314 0.0702735 0.0321768
0.010283 1.58636 1.83125 1.34147 0.633566 0.796322 0.47081 1.64751 0.244893 0.162756 0.0699416 0.0317023
0.0105741 1.57287 1.81613 1.3296 0.628792 0.790986 0.466597 1.62008 0.243262 0.162195 0.0696101 0.0312332
0.0108734 1.55944 1.80105 1.31782 0.624045 0.785675 0.462415 1.59299 0.241614 0.16163 0.0692789 0.0307695
0.0111811 1.54608 1.78603 1.30613 0.619325 0.780387 0.458264 1.56624 0.239949 0.161062 0.0689476 0.0303111
0.0114976 1.53279 1.77106 1.29452 0.614633 0.775123 0.454143 1.53981 0.238267 0.16049 0.0686161 0.0298579
0.011823 1.51957 1.75613 1.283 0.609967 0.769881 0.450054 1.51372 0.236566 0.159914 0.0682842 0.02941
0.0121576 1.50641 1.74126 1.27156 0.605328 0.764661 0.445994 1.48796 0.234848 0.159333 0.0679515 0.0289672
0.0125017 1.49332 1.72643 1.26021 0.600714 0.759462 0.441965 1.46251 0.233112 0.158749 0.067618 0.0285296
0.0128556 1.48029 1.71165 1.24894 0.596125 0.754284 0.437966 1.43739 0.231358 0.158159 0.0672833 0.0280971
0.0132194 1.46733 1.69692 1.23775 0.591561 0.749126 0.433997 1.41259 0.229585 0.157564 0.0669472 0.0276697
0.0135936 1.45444 1.68223 1.22664 0.587022 0.743987 0.430058 1.38811 0.227794 0.156965 0.0666095 0.0272473
0.0139783 1.4416 1.66759 1.21562 0.582508 0.738867 0.426149 1.36394 0.225984 0.156359 0.06627 0.0268298
0.0143739 1.42883 1.65299 1.20468 0.578017 0.733765 0.422268 1.34008 0.224155 0.155748 0.0659284 0.0264173
0.0147808 1.41612 1.63843 1.19382 0.573549 0.72868 0.418418 1.31653 0.222307 0.155131 0.0655846 0.0260097
0.0151991 1.40348 1.62392 1.18304 0.569104 0.723612 0.414596 1.29328 0.22044 0.154508 0.0652381 0.025607
0.0156293 1.39089 1.60945 1.17234 0.564682 0.71856 0.410804 1.27034 0.218554 0.153878 0.0648889 0.025209
0.0160717 1.37837 1.59502 1.16172 0.560282 0.713523 0.40704 1.2477 0.216648 0.153242 0.0645367 0.0248158
0.0165265 1.3659 1.58063 1.15118 0.555903 0.708502 0.403305 1.22536 0.214723 0.152598 0.0641812 0.0244273
0.0169943 1.3535 1.56628 1.14072 0.551546 0.703493 0.399598 1.20331 0.212778 0.151948 0.0638222 0.0240435
0.0174753 1.34116 1.55197 1.13034 0.547209 0.698499 0.39592 1.18156 0.210814 0.151289 0.0634594 0.0236644
0.0179699 1.32887 1.5377 1.12004 0.542893 0.693516 0.39227 1.1601 0.20883 0.150623 0.0630928 0.0232898
0.0184785 1.31664 1.52347 1.10982 0.538597 0.688546 0.388648 1.13893 0.206827 0.149949 0.0627219 0.0229198
0.0190015 1.30448 1.50928 1.09967 0.53432 0.683587 0.385054 1.11804 0.204804 0.149266 0.0623466 0.0225543
0.0195393 1.29236 1.49513 1.0896 0.530063 0.678638 0.381487 1.09744 0.202762 0.148575 0.0619666 0.0221933
0.0200923 1.28031 1.48101 1.07961 0.525824 0.673699 0.377948 1.07712 0.2007 0.147875 0.0615818 0.0218366
0.020661 1.26831 1.46693 1.06969 0.521603 0.668769 0.374437 1.05708 0.198619 0.147166 0.0611918 0.0214844
0.0212458 1.25637 1.45289 1.05985 0.5174 0.663847 0.370952 1.03731 0.196519 0.146447 0.0607965 0.0211365
0.0218471 1.24449 1.43889 1.05009 0.513214 0.658933 0.367495 1.01782 0.194399 0.145719 0.0603956 0.0207928
0.0224655 1.23266 1.42492 1.0404 0.509044 0.654025 0.364064 0.998602 0.19226 0.144981 0.059989 0.0204535
0.0231013 1.22089 1.41099 1.03079 0.504891 0.649123 0.360659 0.979653 0.190103 0.144232 0.0595764 0.0201183
0.0237551 1.20917 1.3971 1.02125 0.500754 0.644227 0.357282 0.96097 0.187927 0.143473 0.0591576 0.0197873
0.0244275 1.19751 1.38324 1.01178 0.496633 0.639335 0.35393 0.942552 0.185732 0.142703 0.0587324 0.0194604
0.0251189 1.18591 1.36942 1.00239 0.492526 0.634447 0.350605 0.924396 0.183519 0.141921 0.0583006 0.0191376
0.0258298 1.17435 1.35564 0.993066 0.488434 0.629562 0.347305 0.9065 0.181288 0.141129 0.057862 0.0188188
0.0265609 1.16286 1.3419 0.983819 0.484355 0.62468 0.344031 0.888862 0.179039 0.140325 0.0574165 0.018504
0.0273126 1.15142 1.32819 0.974643 0.48029 0.619799 0.340782 0.871479 0.176773 0.139508 0.0569638 0.0181931
0.0280857 1.14003 1.31452 0.965538 0.476238 0.614918 0.337558 0.854348 0.17449 0.13868 0.0565039 0.0178861
0.0288806 1.12869 1.30088 0.956505 0.472199 0.610038 0.33436 0.837468 0.17219 0.137839 0.0560364 0.017583
0.029698 1.11742 1.28729 0.947541 0.468171 0.605157 0.331186 0.820837 0.169874 0.136985 0.0555614 0.0172837
0.0305386 1.10619 1.27373 0.938648 0.464155 0.600274 0.328037 0.804451 0.167542 0.136119 0.0550786 0.0169881
0.0314029 1.09502 1.26022 0.929825 0.46015 0.595389 0.324912 0.788308 0.165195 0.135239 0.0545879 0.0166963
0.0322917 1.0839 1.24674 0.921071 0.456156 0.590501 0.321811 0.772406 0.162833 0.134345 0.0540892 0.0164082
0.0332057 1.07284 1.2333 0.912385 0.452172 0.585609 0.318734 0.756744 0.160457 0.133438 0.0535824 0.0161237
0.0341455 1.06183 1.2199 0.903767 0.448197 0.580713 0.31568 0.741318 0.158067 0.132516 0.0530674 0.0158427
0.0351119 1.05088 1.20654 0.895216 0.444231 0.575811 0.31265 0.726126 0.155664 0.13158 0.052544 0.0155654
0.0361057 1.03998 1.19323 0.886732 0.440273 0.570903 0.309643 0.711165 0.153248 0.13063 0.0520123 0.0152915
0.0371276 1.02914 1.17996 0.878315 0.436324 0.565989 0.306659 0.696435 0.150821 0.129665 0.0514721 0.0150211
0.0381784 1.01835 1.16673 0.869963 0.432382 0.561067 0.303697 0.681931 0.148383 0.128685 0.0509234 0.0147541
0.039259 1.00761 1.15354 0.861677 0.428447 0.556136 0.300758 0.667652 0.145934 0.127689 0.0503662 0.0144905
0.0403702 0.99693 1.1404 0.853455 0.424519 0.551196 0.297841 0.653595 0.143475 0.126678 0.0498005 0.0142302
0.0415128 0.986304 1.12731 0.845297 0.420596 0.546247 0.294945 0.639759 0.141008 0.125651 0.0492262 0.0139732
0.0426877 0.975734 1.11427 0.837202 0.416679 0.541287 0.29207 0.62614 0.138532 0.124608 0.0486433 0.0137195
0.0438959 0.96522 1.10127 0.82917 0.412766 0.536316 0.289217 0.612737 0.13605 0.12355 0.048052 0.013469
0.0451383 0.954761 1.08832 0.8212 0.408858 0.531333 0.286384 0.599547 0.133561 0.122474 0.0474522 0.0132216
0.0464159 0.944358 1.07543 0.813291 0.404954 0.526337 0.283571 0.586568 0.131067 0.121383 0.0468441 0.0129774
0.0477296 0.934012 1.06258 0.805443 0.401053 0.521327 0.280779 0.573798 0.128568 0.120274 0.0462276 0.0127362
0.0490805 0.923722 1.04979 0.797655 0.397155 0.516304 0.278006 0.561233 0.126066 0.119149 0.0456029 0.0124981
0.0504697 0.913488 1.03705 0.789926 0.393259 0.511266 0.275252 0.548872 0.123562 0.118007 0.0449701 0.012263
0.0518981 0.903312 1.02437 0.782255 0.389364 0.506212 0.272517 0.536713 0.121057 0.116848 0.0443294 0.0120308
0.053367 0.893193 1.01174 0.774642 0.385471 0.501142 0.2698 0.524753 0.118551 0.115671 0.0436808 0.0118016
0.0548775 0.883132 0.999177 0.767086 0.381578 0.496056 0.267101 0.51299 0.116046 0.114478 0.0430247 0.0115752
0.0564307 0.873128 0.986671 0.759586 0.377686 0.490952 0.264419 0.501421 0.113543 0.113266 0.0423611 0.0113517
0.0580278 0.863183 0.974225 0.75214 0.373793 0.48583 0.261755 0.490045 0.111043 0.112038 0.0416904 0.011131
0.0596702 0.853296 0.961843 0.744749 0.369898 0.48069 0.259107 0.478858 0.108547 0.110792 0.0410126 0.0109131
0.0613591 0.843467 0.949524 0.73741 0.366002 0.47553 0.256475 0.467859 0.106057 0.109528 0.0403282 0.0106979
0.0630957 0.833698 0.937271 0.730124 0.362104 0.470351 0.253858 0.457045 0.103573 0.108247 0.0396374 0.0104854
0.0648815 0.823987 0.925085 0.722889 0.358204 0.465151 0.251256 0.446414 0.101098 0.106948 0.0389404 0.0102755
0.0667179 0.814335 0.912967 0.715704 0.354299 0.459931 0.248668 0.435964 0.0986313 0.105631 0.0382377 0.0100683
0.0686062 0.804743 0.900918 0.708568 0.350391 0.454689 0.246094 0.425692 0.0961753 0.104297 0.0375294 0.00986369
0.070548 0.79521 0.888941 0.70148 0.346479 0.449425 0.243533 0.415596 0.093731 0.102946 0.0368161 0.00966162
0.0725448 0.785737 0.877037 0.694438 0.342561 0.444139 0.240984 0.405673 0.0912996 0.101577 0.036098 0.00946207
0.074598 0.776324 0.865206 0.687441 0.338638 0.43883 0.238446 0.395922 0.0888826 0.100192 0.0353756 0.00926501
0.0767094 0.766969 0.85345 0.680488 0.334709 0.433497 0.23592 0.38634 0.086481 0.0987888 0.0346493 0.00907041
0.0788805 0.757674 0.841771 0.673578 0.330773 0.428142 0.233403 0.376925 0.0840964 0.097369 0.0339196 0.00887825
0.0811131 0.748439 0.830169 0.666709 0.326829 0.422761 0.230896 0.367675 0.0817298 0.0959326 0.0331868 0.00868848
0.0834088 0.739262 0.818645 0.65988 0.322877 0.417357 0.228397 0.358586 0.0793827 0.0944798 0.0324514 0.00850109
0.0857696 0.730145 0.807201 0.653088 0.318917 0.411928 0.225906 0.349658 0.0770564 0.0930107 0.031714 0.00831604
0.0881971 0.721085 0.795837 0.646333 0.314947 0.406473 0.223422 0.340888 0.074752 0.0915259 0.030975 0.00813331
0.0906934 0.712084 0.784555 0.639613 0.310968 0.400993 0.220943 0.332274 0.0724709 0.0900254 0.030235 0.00795287
0.0932603 0.70314 0.773354 0.632926 0.306978 0.395488 0.218468 0.323812 0.0702143 0.0885098 0.0294944 0.0077747
0.0958999 0.694253 0.762236 0.626269 0.302977 0.389956 0.215997 0.315503 0.0679835 0.0869794 0.0287539 0.00759878
0.0986142 0.685421 0.751201 0.619642 0.298964 0.384398 0.213529 0.307342 0.0657796 0.0854347 0.0280139 0.00742508
0.101405 0.676645 0.740249 0.613041 0.294938 0.378814 0.211062 0.299328 0.0636039 0.0838761 0.0272751 0.00725358
0.104275 0.667923 0.72938 0.606465 0.290899 0.373203 0.208595 0.291459 0.0614576 0.0823042 0.026538 0.00708426
0.107227 0.659254 0.718595 0.599912 0.286846 0.367565 0.206127 0.283732 0.0593416 0.0807194 0.0258031 0.00691711
0.110262 0.650636 0.707893 0.593379 0.282778 0.361901 0.203656 0.276147 0.0572573 0.0791225 0.0250712 0.0067521
0.113382 0.642068 0.697274 0.586863 0.278695 0.356209 0.201181 0.268699 0.0552056 0.0775139 0.0243427 0.00658922
0.116591 0.633549 0.686737 0.580362 0.274596 0.35049 0.198701 0.261389 0.0531876 0.0758944 0.0236182 0.00642845
0.119891 0.625077 0.676281 0.573873 0.27048 0.344744 0.196215 0.254212 0.0512042 0.0742648 0.0228984 0.00626979
0.123285 0.61665 0.665906 0.567393 0.266346 0.338971 0.19372 0.247169 0.0492564 0.0726256 0.0221838 0.00611321
0.126774 0.608265 0.65561 0.56092 0.262193 0.333171 0.191215 0.240255 0.0473452 0.0709778 0.021475 0.0059587
0.130362 0.59992 0.645391 0.554449 0.258021 0.327343 0.188698 0.233471 0.0454714 0.0693223 0.0207726 0.00580625
0.134052 0.591613 0.635249 0.547977 0.253828 0.321488 0.186168 0.226813 0.0436357 0.0676597 0.0200771 0.00565587
0.137846 0.583341 0.62518 0.541502 0.249614 0.315605 0.183623 0.220279 0.0418389 0.0659912 0.0193893 0.00550752
0.141747 0.5751 0.615182 0.535019 0.245378 0.309696 0.181061 0.213869 0.0400818 0.0643177 0.0187095 0.00536122
0.145759 0.566888 0.605253 0.528524 0.241119 0.30376 0.178479 0.20758 0.0383649 0.0626401 0.0180384 0.00521694
0.149885 0.558701 0.59539 0.522013 0.236836 0.297796 0.175877 0.20141 0.0366889 0.0609596 0.0173765 0.00507469
0.154127 0.550536 0.58559 0.515481 0.232528 0.291805 0.173251 0.195358 0.0350543 0.0592772 0.0167243 0.00493447
0.158489 0.542387 0.575848 0.508925 0.228194 0.285788 0.1706 0.189422 0.0334614 0.0575941 0.0160823 0.00479626
0.162975 0.53425 0.566161 0.50234 0.223833 0.279745 0.167922 0.1836 0.0319108 0.0559114 0.015451 0.00466007
0.167588 0.526122 0.556525 0.495719 0.219444 0.273675 0.165214 0.177891 0.0304027 0.0542304 0.0148309 0.00452588
0.172331 0.517997 0.546934 0.489059 0.215026 0.267578 0.162474 0.172292 0.0289375 0.0525524 0.0142224 0.00439371
0.177209 0.509869 0.537384 0.482353 0.210578 0.261456 0.159699 0.166803 0.0275152 0.0508786 0.0136259 0.00426355
0.182224 0.501732 0.527868 0.475596 0.206099 0.255309 0.156888 0.161422 0.0261361 0.0492104 0.0130418 0.00413539
0.187382 0.493582 0.518382 0.468782 0.201587 0.249136 0.154038 0.156147 0.0248001 0.0475491 0.0124706 0.00400924
0.192685 0.485411 0.508919 0.461904 0.197043 0.242939 0.151147 0.150976 0.0235074 0.0458961 0.0119125 0.00388509
0.198139 0.477213 0.499471 0.454955 0.192464 0.236717 0.148211 0.145909 0.0222578 0.0442529 0.0113678 0.00376295
0.203747 0.46898 0.490032 0.447929 0.187851 0.230472 0.14523 0.140944 0.0210512 0.0426209 0.0108369 0.00364281
0.209514 0.460706 0.480593 0.440818 0.183202 0.224203 0.1422 0.136079 0.0198874 0.0410015 0.0103199 0.00352466
0.215443 0.452382 0.471148 0.433615 0.178516 0.217912 0.13912 0.131314 0.0187662 0.0393963 0.00981718 0.00340851
0.221541 0.443999 0.461686 0.426312 0.173793 0.2116 0.135987 0.126645 0.0176872 0.0378068 0.00932882 0.00329435
0.227812 0.435549 0.452199 0.418899 0.169033 0.205267 0.132798 0.122073 0.01665 0.0362345 0.00885501 0.00318217
0.234259 0.427024 0.442678 0.41137 0.164235 0.198916 0.129554 0.117596 0.0156542 0.0346809 0.00839586 0.00307196
0.24089 0.418412 0.433112 0.403713 0.159398 0.192546 0.126251 0.113213 0.0146993 0.0331476 0.00795147 0.00296372
0.247708 0.409705 0.42349 0.39592 0.154524 0.18616 0.122888 0.108921 0.0137848 0.031636 0.00752187 0.00285743
0.254719 0.400891 0.413801 0.387981 0.149611 0.179759 0.119463 0.104721 0.0129099 0.0301478 0.00710709 0.00275307
0.261928 0.391958 0.404032 0.379884 0.144662 0.173346 0.115977 0.10061 0.0120741 0.0286843 0.00670711 0.00265062
0.269341 0.382894 0.394171 0.371618 0.139676 0.166923 0.112429 0.0965882 0.0112766 0.0272472 0.00632187 0.00255004
0.276965 0.373685 0.384201 0.363168 0.134654 0.160492 0.108816 0.0926533 0.0105167 0.0258379 0.00595126 0.0024513
0.284804 0.364312 0.374105 0.354518 0.129599 0.154057 0.105141 0.0888046 0.00979354 0.0244579 0.00559517 0.00235433
0.292864 0.354751 0.363857 0.345644 0.12451 0.147618 0.101401 0.0850414 0.00910631 0.0231086 0.0052534 0.00225906
0.301153 0.344956 0.35341 0.336502 0.119385 0.141177 0.0975937 0.0813631 0.00845407 0.0217914 0.00492569 0.00216532
0.309677 0.334795 0.34263 0.326959 0.11421 0.134718 0.0937019 0.0777707 0.0078359 0.0205079 0.00461163 0.00207275
0.318442 0.325591 0.333201 0.317982 0.110706 0.130736 0.0906753 0.0764361 0.00760997 0.0200304 0.00449538 0.00203696
0.321833 0.321981 0.329372 0.31459 0.108818 0.128381 0.0892554 0.0751264 0.00739101 0.0195629 0.00438225 0.00200176
0.325224 0.318386 0.325565 0.311207 0.106949 0.126054 0.0878438 0.073841 0.00717876 0.0191052 0.00427215 0.00196715
0.328614 0.314805 0.321778 0.307832 0.105098 0.123755 0.0864408 0.072579 0.006973 0.018657 0.00416499 0.0019331
0.332005 0.311238 0.318012 0.304465 0.103265 0.121483 0.0850463 0.0713399 0.0067735 0.0182182 0.00406067 0.0018996
0.335396 0.307685 0.314265 0.301105 0.101449 0.119238 0.0836606 0.0701231 0.00658004 0.0177886 0.00395911 0.00186664
0.338787 0.304146 0.310538 0.297753 0.0996515 0.117019 0.0822836 0.0689278 0.00639242 0.0173679 0.00386021 0.0018342
0.342178 0.300619 0.306829 0.294408 0.0978716 0.114828 0.0809155 0.0677535 0.00621044 0.0169561 0.00376391 0.00180227
0.345569 0.297105 0.303138 0.291071 0.0961094 0.112662 0.0795565 0.0665996 0.0060339 0.016553 0.00367011 0.00177084
0.348959 0.293603 0.299465 0.28774 0.0943648 0.110523 0.0782065 0.0654656 0.00586262 0.0161583 0.00357874 0.0017399
0.35235 0.290113 0.295809 0.284416 0.0926379 0.10841 0.0768659 0.0643509 0.00569642 0.0157719 0.00348973 0.00170943
0.355741 0.286635 0.29217 0.2811 0.0909285 0.106322 0.0755348 0.0632551 0.00553514 0.0153937 0.00340301 0.00167943
0.359132 0.283168 0.288547 0.27779 0.0892365 0.10426 0.0742131 0.0621777 0.00537861 0.0150235 0.00331851 0.00164988
0.362523 0.279713 0.28494 0.274487 0.0875622 0.102223 0.0729011 0.0611181 0.00522666 0.0146611 0.00323616 0.00162077
0.365914 0.276269 0.281349 0.27119 0.0859053 0.100212 0.0715989 0.0600759 0.00507916 0.0143063 0.0031559 0.00159209
0.369305 0.272837 0.277773 0.267901 0.0842658 0.0982249 0.0703067 0.0590507 0.00493595 0.0139591 0.00307767 0.00156384
0.372695 0.269415 0.274212 0.264618 0.0826438 0.0962631 0.0690245 0.058042 0.00479689 0.0136193 0.0030014 0.00153601
0.376086 0.266004 0.270666 0.261343 0.0810393 0.094326 0.0677526 0.0570495 0.00466185 0.0132867 0.00292704 0.00150858
0.379477 0.262605 0.267135 0.258074 0.0794522 0.0924134 0.0664911 0.0560727 0.0045307 0.0129612 0.00285453 0.00148155
0.382868 0.259216 0.263619 0.254812 0.0778826 0.0905252 0.0652401 0.0551113 0.0044033 0.0126426 0.00278382 0.00145491
0.386259 0.255838 0.260117 0.251558 0.0763305 0.0886613 0.0639997 0.0541649 0.00427955 0.0123308 0.00271486 0.00142865
0.38965 0.25247 0.25663 0.248311 0.0747958 0.0868215 0.0627701 0.0532331 0.00415932 0.0120257 0.00264759 0.00140276
0.39304 0.249114 0.253157 0.245072 0.0732786 0.0850058 0.0615514 0.0523156 0.0040425 0.0117272 0.00258197 0.00137725
0.396431 0.245769 0.249698 0.24184 0.0717788 0.0832139 0.0603437 0.0514121 0.00392899 0.0114351 0.00251796 0.00135209
0.399822 0.242434 0.246253 0.238616 0.0702966 0.0814458 0.0591473 0.0505223 0.00381867 0.0111492 0.00245549 0.00132729
0.403213 0.239111 0.242822 0.235399 0.0688318 0.0797014 0.0579622 0.0496457 0.00371145 0.0108696 0.00239454 0.00130283
0.406604 0.235799 0.239406 0.232191 0.0673846 0.0779805 0.0567886 0.0487822 0.00360723 0.0105959 0.00233506 0.00127871
0.409995 0.232498 0.236004 0.228992 0.0659549 0.0762831 0.0556266 0.0479315 0.00350592 0.0103283 0.00227701 0.00125493
0.413385 0.229208 0.232616 0.225801 0.0645427 0.0746091 0.0544763 0.0470933 0.00340743 0.0100664 0.00222034 0.00123148
0.416776 0.225931 0.229242 0.222619 0.0631481 0.0729582 0.0533379 0.0462672 0.00331167 0.00981019 0.00216503 0.00120836
0.420167 0.222665 0.225883 0.219446 0.061771 0.0713306 0.0522114 0.0454532 0.00321856 0.00955959 0.00211103 0.00118555
0.423558 0.21941 0.222538 0.216282 0.0604115 0.0697259 0.051097 0.0446508 0.00312801 0.00931447 0.0020583 0.00116305
0.426949 0.216169 0.219208 0.213129 0.0590695 0.0681442 0.0499948 0.0438599 0.00303995 0.00907472 0.00200682 0.00114087
0.43034 0.212939 0.215893 0.209985 0.0577451 0.0665854 0.0489049 0.0430803 0.00295431 0.00884023 0.00195655 0.00111899
0.43373 0.209722 0.212593 0.206851 0.0564384 0.0650493 0.0478275 0.0423117 0.002871 0.00861089 0.00190746 0.0010974
0.437121 0.206518 0.209308 0.203728 0.0551492 0.0635358 0.0467626 0.0415539 0.00278997 0.00838662 0.00185951 0.00107612
0.440512 0.203327 0.206038 0.200616 0.0538776 0.0620449 0.0457103 0.0408066 0.00271113 0.0081673 0.00181268 0.00105512
0.443903 0.200149 0.202783 0.197515 0.0526237 0.0605765 0.0446708 0.0400698 0.00263444 0.00795285 0.00176694 0.00103441
0.447294 0.196985 0.199545 0.194425 0.0513873 0.0591304 0.0436441 0.0393432 0.00255982 0.00774316 0.00172225 0.00101399
0.450685 0.193835 0.196322 0.191348 0.0501685 0.0577066 0.0426303 0.0386267 0.00248721 0.00753814 0.00167859 0.000993839
0.454075 0.190699 0.193115 0.188282 0.0489673 0.056305 0.0416296 0.0379199 0.00241656 0.00733771 0.00163594 0.000973969
0.457466 0.187578 0.189925 0.18523 0.0477837 0.0549254 0.0406419 0.0372229 0.0023478 0.00714176 0.00159427 0.00095437
0.460857 0.184471 0.186752 0.18219 0.0466176 0.0535678 0.0396674 0.0365354 0.00228089 0.00695022 0.00155355 0.000935041
0.464248 0.18138 0.183596 0.179164 0.0454691 0.0522321 0.0387061 0.0358572 0.00221576 0.00676299 0.00151377 0.000915978
0.467639 0.178304 0.180456 0.176152 0.0443381 0.0509181 0.0377581 0.0351882 0.00215238 0.00657999 0.00147488 0.000897178
0.47103 0.175244 0.177335 0.173154 0.0432246 0.0496258 0.0368235 0.0345282 0.00209068 0.00640114 0.00143689 0.000878638
0.47442 0.172201 0.174231 0.17017 0.0421286 0.048355 0.0359023 0.0338772 0.00203062 0.00622635 0.00139976 0.000860354
0.477811 0.169174 0.171146 0.167202 0.0410501 0.0471057 0.0349946 0.0332349 0.00197216 0.00605555 0.00136346 0.000842326
0.481202 0.166164 0.168079 0.164249 0.039989 0.0458776 0.0341003 0.0326013 0.00191525 0.00588865 0.00132799 0.000824549
0.484593 0.163171 0.165031 0.161311 0.0389452 0.0446708 0.0332196 0.0319762 0.00185984 0.00572559 0.00129333 0.000807021
0.487984 0.160196 0.162002 0.158391 0.0379188 0.0434851 0.0323525 0.0313595 0.0018059 0.00556628 0.00125944 0.00078974
0.491375 0.15724 0.158993 0.155486 0.0369097 0.0423204 0.0314991 0.030751 0.00175338 0.00541064 0.00122632 0.000772703
0.494765 0.154302 0.156004 0.1526 0.0359178 0.0411765 0.0306592 0.0301507 0.00170224 0.00525862 0.00119394 0.000755908
0.498156 0.151383 0.153035 0.14973 0.0349432 0.0400533 0.029833 0.0295585 0.00165246 0.00511013 0.0011623 0.000739353
0.501547 0.148483 0.150087 0.146879 0.0339856 0.0389507 0.0290205 0.0289742 0.00160398 0.00496511 0.00113136 0.000723036
0.504938 0.145603 0.14716 0.144046 0.0330451 0.0378686 0.0282217 0.0283977 0.00155678 0.00482348 0.00110112 0.000706955
0.508329 0.142743 0.144254 0.141233 0.0321217 0.0368069 0.0274365 0.027829 0.00151082 0.00468518 0.00107156 0.000691107
0.51172 0.139904 0.14137 0.138438 0.0312151 0.0357653 0.026665 0.0272679 0.00146606 0.00455015 0.00104267 0.000675491
0.51511 0.137086 0.138509 0.135664 0.0303254 0.0347438 0.0259071 0.0267144 0.00142248 0.00441831 0.00101442 0.000660105
0.518501 0.13429 0.13567 0.13291 0.0294525 0.0337422 0.0251629 0.0261684 0.00138005 0.00428961 0.000986813 0.000644947
0.521892 0.131515 0.132854 0.130176 0.0285963 0.0327603 0.0244323 0.0256297 0.00133873 0.00416398 0.000959824 0.000630015
0.525283 0.128763 0.130061 0.127464 0.0277567 0.0317981 0.0237154 0.0250983 0.00129849 0.00404137 0.000933443 0.000615307
0.528674 0.126033 0.127293 0.124774 0.0269336 0.0308553 0.0230119 0.0245742 0.00125931 0.0039217 0.000907656 0.000600822
0.532065 0.123327 0.124548 0.122106 0.026127 0.0299319 0.022322 0.0240573 0.00122115 0.00380493 0.000882451 0.000586558
0.535455 0.120644 0.121828 0.11946 0.0253366 0.0290276 0.0216456 0.0235474 0.001184 0.00369099 0.000857816 0.000572514
0.538846 0.117986 0.119134 0.116838 0.0245624 0.0281423 0.0209826 0.0230445 0.00114783 0.00357983 0.000833737 0.000558687
0.542237 0.115352 0.116464 0.114239 0.0238044 0.0272758 0.020333 0.0225486 0.0011126 0.00347138 0.000810204 0.000545077
0.545628 0.112742 0.113821 0.111664 0.0230623 0.0264279 0.0196967 0.0220596 0.0010783 0.00336561 0.000787205 0.000531681
0.549019 0.110158 0.111203 0.109113 0.0223361 0.0255985 0.0190736 0.0215773 0.00104491 0.00326245 0.00076473 0.000518499
0.55241 0.1076 0.108612 0.106588 0.0216256 0.0247874 0.0184638 0.0211019 0.0010124 0.00316185 0.000742766 0.000505528
0.5558 0.105068 0.106049 0.104087 0.0209307 0.0239945 0.017867 0.0206331 0.000980743 0.00306376 0.000721304 0.000492768
0.559191 0.102562 0.103512 0.101613 0.0202513 0.0232195 0.0172832 0.020171 0.000949925 0.00296812 0.000700334 0.000480217
0.562582 0.100084 0.101004 0.0991639 0.0195873 0.0224622 0.0167124 0.0197155 0.000919923 0.0028749 0.000679846 0.000467873
0.565973 0.0976327 0.0985234 0.0967419 0.0189385 0.0217225 0.0161544 0.0192665 0.000890717 0.00278403 0.00065983 0.000455735
0.569364 0.0952092 0.0960715 0.0943469 0.0183047 0.0210001 0.0156092 0.018824 0.000862288 0.00269547 0.000640277 0.000443801
0.572755 0.0928139 0.0936485 0.0919793 0.0176858 0.020295 0.0150766 0.0183879 0.000834615 0.00260918 0.000621177 0.000432071
0.576146 0.0904471 0.0912547 0.0896394 0.0170817 0.0196068 0.0145566 0.0179582 0.000807682 0.0025251 0.000602522 0.000420542
0.579536 0.0881091 0.0888906 0.0873277 0.0164922 0.0189354 0.014049 0.0175348 0.000781469 0.0024432 0.000584303 0.000409214
0.582927 0.0858005 0.0865564 0.0850445 0.0159172 0.0182806 0.0135537 0.0171178 0.00075596 0.00236342 0.000566511 0.000398085
0.586318 0.0835214 0.0842525 0.0827902 0.0153564 0.0176421 0.0130707 0.016707 0.000731137 0.00228573 0.000549139 0.000387154
0.589709 0.0812723 0.0819793 0.0805653 0.0148097 0.0170198 0.0125997 0.0163024 0.000706983 0.00221008 0.000532178 0.000376419
0.5931 0.0790535 0.079737 0.07837 0.0142771 0.0164135 0.0121406 0.0159039 0.000683484 0.00213642 0.000515621 0.000365878
0.596491 0.0768653 0.0775259 0.0762046 0.0137582 0.0158229 0.0116934 0.0155116 0.000660622 0.00206472 0.000499459 0.000355531
0.599881 0.074708 0.0753464 0.0740696 0.0132529 0.0152478 0.0112579 0.0151254 0.000638384 0.00199494 0.000483685 0.000345377
0.603272 0.0725819 0.0731987 0.0719652 0.012761 0.014688 0.010834 0.0147452 0.000616754 0.00192703 0.000468292 0.000335413
0.606663 0.0704874 0.0710832 0.0698917 0.0122824 0.0141433 0.0104214 0.014371 0.000595717 0.00186096 0.000453273 0.000325638
0.610054 0.0684247 0.069 0.0678495 0.0118168 0.0136135 0.0100201 0.0140028 0.00057526 0.00179668 0.000438621 0.000316051
0.613445 0.0663941 0.0669494 0.0658387 0.0113642 0.0130983 0.00962999 0.0136405 0.00055537 0.00173417 0.000424329 0.00030665
0.616836 0.0643957 0.0649318 0.0638597 0.0109242 0.0125976 0.00925082 0.0132841 0.000536032 0.00167338 0.00041039 0.000297434
0.620226 0.06243 0.0629472 0.0619128 0.0104967 0.012111 0.00888246 0.0129336 0.000517234 0.00161427 0.000396797 0.000288402
0.623617 0.060497 0.0609959 0.059998 0.0100816 0.0116384 0.00852477 0.0125889 0.000498963 0.00155681 0.000383545 0.000279552
0.627008 0.058597 0.0590782 0.0581158 0.00967855 0.0111795 0.00817758 0.0122499 0.000481207 0.00150097 0.000370626 0.000270883
0.630399 0.0567302 0.0571942 0.0562663 0.00928745 0.0107342 0.00784074 0.0119167 0.000463955 0.0014467 0.000358035 0.000262393
0.63379 0.0548968 0.055344 0.0544496 0.00890807 0.0103021 0.00751409 0.0115893 0.000447193 0.00139398 0.000345766 0.00025408
0.637181 0.0530969 0.0535278 0.052666 0.00854022 0.009883 0.00719745 0.0112675 0.000430912 0.00134278 0.000333813 0.000245943
0.640571 0.0513306 0.0517457 0.0509155 0.0081837 0.00947675 0.00689065 0.0109513 0.000415099 0.00129305 0.000322169 0.000237981
0.643962 0.0495982 0.0499979 0.0491985 0.00783831 0.00908308 0.00659355 0.0106407 0.000399745 0.00124477 0.00031083 0.000230192
0.647353 0.0478997 0.0482845 0.0475149 0.00750385 0.00870175 0.00630595 0.0103357 0.000384837 0.0011979 0.000299789 0.000222574
0.650744 0.0462352 0.0466056 0.0458648 0.00718011 0.00833252 0.00602769 0.0100363 0.000370367 0.00115242 0.000289041 0.000215126
0.654135 0.0446048 0.0449611 0.0442485 0.00686688 0.00797517 0.0057586 0.00974232 0.000356323 0.00110829 0.000278581 0.000207846
0.657526 0.0430085 0.0433512 0.0426658 0.00656397 0.00762945 0.00549849 0.00945383 0.000342696 0.00106548 0.000268402 0.000200733
0.660916 0.0414464 0.0417759 0.0411169 0.00627117 0.00729513 0.00524721 0.00917077 0.000329477 0.00102396 0.000258501 0.000193784
0.664307 0.0399185 0.0402352 0.0396018 0.00598827 0.00697198 0.00500456 0.0088931 0.000316656 0.000983709 0.000248872 0.000186999
0.667698 0.0384248 0.038729 0.0381206 0.00571506 0.00665976 0.00477037 0.00862078 0.000304223 0.000944692 0.000239509 0.000180376
0.671089 0.0369653 0.0372574 0.0366731 0.00545135 0.00635824 0.00454447 0.00835379 0.00029217 0.000906882 0.000230408 0.000173912
0.67448 0.0355399 0.0358204 0.0352594 0.00519693 0.00606718 0.00432668 0.00809208 0.000280487 0.000870251 0.000221564 0.000167606
0.677871 0.0341485 0.0344177 0.0338794 0.00495158 0.00578635 0.00411681 0.00783562 0.000269167 0.000834772 0.000212971 0.000161457
0.681261 0.0327912 0.0330494 0.032533 0.00471511 0.00551552 0.00391469 0.00758437 0.0002582 0.000800418 0.000204626 0.000155462
0.684652 0.0314678 0.0317154 0.0312202 0.0044873 0.00525446 0.00372014 0.00733829 0.000247579 0.000767163 0.000196523 0.00014962
0.688043 0.0301782 0.0304155 0.0299409 0.00426796 0.00500294 0.00353298 0.00709735 0.000237295 0.000734981 0.000188657 0.000143929
0.691434 0.0289222 0.0291496 0.0286949 0.00405689 0.00476073 0.00335304 0.0068615 0.00022734 0.000703848 0.000181025 0.000138387
0.694825 0.0276997 0.0279175 0.027482 0.00385387 0.00452761 0.00318013 0.0066307 0.000217707 0.000673737 0.000173621 0.000132993
0.698216 0.0265106 0.026719 0.0263022 0.00365871 0.00430333 0.00301409 0.00640492 0.000208388 0.000644624 0.000166441 0.000127744
0.701606 0.0253545 0.0255539 0.0251552 0.00347121 0.00408769 0.00285472 0.00618412 0.000199375 0.000616485 0.000159481 0.000122638
0.704997 0.0242314 0.024422 0.0240407 0.00329116 0.00388046 0.00270187 0.00596826 0.000190661 0.000589298 0.000152736 0.000117674
0.708388 0.0231409 0.0233231 0.0229586 0.00311838 0.00368142 0.00255534 0.00575728 0.000182239 0.000563037 0.000146202 0.00011285
0.711779 0.0220828 0.0222569 0.0219087 0.00295267 0.00349035 0.00241499 0.00555116 0.000174102 0.000537681 0.000139874 0.000108164
0.71517 0.0210568 0.021223 0.0208905 0.00279382 0.00330703 0.00228061 0.00534985 0.000166243 0.000513207 0.000133749 0.000103613
0.718561 0.0200626 0.0202213 0.019904 0.00264165 0.00313125 0.00215206 0.00515331 0.000158655 0.000489592 0.000127822 9.91969e-05
0.721951 0.0191 0.0192513 0.0189486 0.00249597 0.00296279 0.00202915 0.00496148 0.000151331 0.000466816 0.000122089 9.49122e-05
0.725342 0.0181685 0.0183128 0.0180242 0.00235659 0.00280144 0.00191173 0.00477434 0.000144265 0.000444857 0.000116545 9.07574e-05
0.728733 0.0172678 0.0174053 0.0171304 0.00222331 0.00264701 0.00179962 0.00459183 0.000137451 0.000423693 0.000111188 8.67304e-05
0.732124 0.0163976 0.0165285 0.0162667 0.00209596 0.00249927 0.00169266 0.00441391 0.000130882 0.000403305 0.000106013 8.28293e-05
0.735515 0.0155575 0.015682 0.0154329 0.00197436 0.00235803 0.00159069 0.00424053 0.000124551 0.000383672 0.000101016 7.9052e-05
0.738906 0.0147469 0.0148654 0.0146285 0.00185832 0.00222309 0.00149354 0.00407164 0.000118454 0.000364773 9.61928e-05 7.53965e-05
0.742296 0.0139657 0.0140782 0.0138531 0.00174766 0.00209425 0.00140107 0.0039072 0.000112583 0.000346591 9.15399e-05 7.18606e-05
0.745687 0.0132132 0.0133201 0.0131062 0.00164221 0.00197132 0.00131311 0.00374716 0.000106934 0.000329104 8.70533e-05 6.84423e-05
0.749078 0.012489 0.0125905 0.0123875 0.0015418 0.00185409 0.0012295 0.00359146 0.000101499 0.000312295 8.27293e-05 6.51395e-05
0.752469 0.0117927 0.011889 0.0116964 0.00144625 0.0017424 0.00115011 0.00344007 9.62746e-05 0.000296145 7.85642e-05 6.19501e-05
0.75586 0.0111238 0.011215 0.0110325 0.00135541 0.00163604 0.00107477 0.00329292 9.12538e-05 0.000280635 7.45541e-05 5.8872e-05
0.759251 0.0104817 0.0105682 0.0103953 0.0012691 0.00153485 0.00100335 0.00314997 8.64315e-05 0.000265748 7.06955e-05 5.5903e-05
0.762641 0.00986607 0.00994787 0.00978426 0.00118716 0.00143863 0.000935693 0.00301117 8.18022e-05 0.000251466 6.69847e-05 5.30412e-05
0.766032 0.00927622 0.00935359 0.00919886 0.00110943 0.00134721 0.000871661 0.00287646 7.73608e-05 0.000237773 6.3418e-05 5.02842e-05
0.769423 0.00871168 0.00878478 0.00863858 0.00103577 0.00126042 0.000811117 0.00274579 7.31019e-05 0.00022465 5.9992e-05 4.763e-05
0.772814 0.00817189 0.00824092 0.00810287 0.000966005 0.00117809 0.000753924 0.00261911 6.90205e-05 0.000212081 5.67032e-05 4.50764e-05
0.776205 0.0076563 0.00772141 0.00759119 0.000899997 0.00110005 0.000699947 0.00249636 6.51115e-05 0.00020005 5.35479e-05 4.26214e-05
0.779596 0.00716433 0.0072257 0.00710296 0.000837598 0.00102614 0.000649057 0.00237748 6.137e-05 0.000188541 5.05228e-05 4.02627e-05
0.782986 0.00669541 0.0067532 0.00663762 0.000778663 0.000956202 0.000601125 0.00226243 5.77911e-05 0.000177538 4.76245e-05 3.79982e-05
0.786377 0.00624895 0.00630332 0.00619458 0.000723053 0.000890079 0.000556027 0.00215114 5.437e-05 0.000167026 4.48495e-05 3.58257e-05
0.789768 0.00582436 0.00587546 0.00577325 0.000670629 0.000827618 0.00051364 0.00204356 5.1102e-05 0.000156989 4.21946e-05 3.37431e-05
0.793159 0.00542104 0.00546902 0.00537305 0.000621258 0.00076867 0.000473845 0.00193963 4.79825e-05 0.000147413 3.96563e-05 3.17483e-05
0.79655 0.00503838 0.00508339 0.00499337 0.000574808 0.00071309 0.000436526 0.0018393 4.50069e-05 0.000138282 3.72316e-05 2.98391e-05
0.799941 0.00467579 0.00471796 0.00463361 0.000531153 0.000660736 0.00040157 0.00174249 4.21708e-05 0.000129583 3.4917e-05 2.80134e-05
0.803332 0.00433263 0.0043721 0.00429316 0.000490168 0.000611469 0.000368866 0.00164916 3.94697e-05 0.000121301 3.27095e-05 2.6269e-05
0.806722 0.00400831 0.00404521 0.00397141 0.000451731 0.000565154 0.000338308 0.00155925 3.68993e-05 0.000113423 3.06058e-05 2.46038e-05
0.810113 0.0037022 0.00373665 0.00366774 0.000415726 0.000521661 0.000309791 0.00147269 3.44555e-05 0.000105935 2.86029e-05 2.30156e-05
0.813504 0.00341368 0.00344581 0.00338155 0.000382037 0.000480861 0.000283214 0.00138942 3.21339e-05 9.88236e-05 2.66976e-05 2.15024e-05
0.816895 0.00314214 0.00317207 0.00311221 0.000350554 0.00044263 0.000258478 0.00130938 2.99306e-05 9.20759e-05 2.48869e-05 2.00621e-05
0.820286 0.00288696 0.0029148 0.00285912 0.000321169 0.000406848 0.00023549 0.00123252 2.78414e-05 8.56791e-05 2.31678e-05 1.86924e-05
0.823677 0.00264752 0.00267339 0.00262166 0.000293776 0.000373397 0.000214155 0.00115876 2.58624e-05 7.96208e-05 2.15374e-05 1.73914e-05
0.827067 0.00242322 0.00244721 0.00239923 0.000268275 0.000342164 0.000194386 0.00108805 2.39898e-05 7.38886e-05 1.99926e-05 1.6157e-05
0.830458 0.00221344 0.00223566 0.00219122 0.000244567 0.000313038 0.000176097 0.00102032 2.22197e-05 6.84706e-05 1.85306e-05 1.49871e-05
0.833849 0.00201758 0.00203813 0.00199704 0.000222558 0.000285913 0.000159203 0.000955501 2.05483e-05 6.33549e-05 1.71485e-05 1.38796e-05
0.83724 0.00183505 0.00185402 0.00181608 0.000202156 0.000260686 0.000143626 0.000893541 1.8972e-05 5.853e-05 1.58436e-05 1.28325e-05
0.840631 0.00166524 0.00168273 0.00164776 0.000183272 0.000237256 0.000129287 0.000834371 1.74872e-05 5.39848e-05 1.4613e-05 1.18438e-05
0.844022 0.00150759 0.00152368 0.0014915 0.00016582 0.000215528 0.000116112 0.000777926 1.60903e-05 4.9708e-05 1.34541e-05 1.09115e-05
0.847412 0.0013615 0.00137628 0.00134672 0.000149719 0.000195408 0.00010403 0.000724142 1.47779e-05 4.5689e-05 1.2364e-05 1.00335e-05
0.850803 0.00122641 0.00123996 0.00121287 0.000134889 0.000176807 9.29722e-05 0.000672952 1.35465e-05 4.19172e-05 1.13403e-05 9.20803e-06
0.854194 0.00110177 0.00111416 0.00108938 0.000121255 0.000159637 8.28725e-05 0.000624291 1.23928e-05 3.83822e-05 1.03801e-05 8.43297e-06
0.857585 0.000987025 0.000998339 0.000975711 0.000108742 0.000143816 7.36679e-05 0.000578094 1.13136e-05 3.5074e-05 9.4811e-06 7.70646e-06
0.860976 0.000881639 0.000891945 0.000871334 9.72808e-05 0.000129263 6.52981e-05 0.000534295 1.03056e-05 3.19827e-05 8.64063e-06 7.02658e-06
0.864367 0.000785089 0.000794455 0.000775723 8.68039e-05 0.000115902 5.77054e-05 0.000492828 9.36573e-06 2.90986e-05 7.85625e-06 6.39146e-06
0.867757 0.000696862 0.000705353 0.000688371 7.72469e-05 0.000103659 5.08346e-05 0.000453625 8.49087e-06 2.64123e-05 7.12551e-06 5.79923e-06
0.871148 0.000616458 0.000624136 0.00060878 6.85481e-05 9.24628e-05 4.46334e-05 0.000416622 7.67804e-06 2.39147e-05 6.44603e-06 5.24805e-06
0.874539 0.000543392 0.000550316 0.000536468 6.06487e-05 8.22455e-05 3.90519e-05 0.000381751 6.92431e-06 2.15968e-05 5.81546e-06 4.73613e-06
0.87793 0.000477193 0.00048342 0.000470966 5.34924e-05 7.29423e-05 3.40425e-05 0.000348946 6.22681e-06 1.94499e-05 5.23149e-06 4.26168e-06
0.881321 0.000417404 0.000422987 0.000411821 4.70258e-05 6.44912e-05 2.95604e-05 0.000318141 5.58275e-06 1.74654e-05 4.69187e-06 3.82294e-06
0.884712 0.000363584 0.000368573 0.000358594 4.1198e-05 5.68331e-05 2.55629e-05 0.000289268 4.98938e-06 1.56351e-05 4.19439e-06 3.41821e-06
0.888102 0.000315305 0.00031975 0.000310861 3.59607e-05 4.99115e-05 2.20098e-05 0.000262261 4.44405e-06 1.39508e-05 3.7369e-06 3.04577e-06
0.891493 0.00027216 0.000276104 0.000268216 3.12679e-05 4.36727e-05 1.8863e-05 0.000237054 3.94415e-06 1.24048e-05 3.31728e-06 2.70398e-06
0.894884 0.000233752 0.000237239 0.000230265 2.70762e-05 3.80656e-05 1.60868e-05 0.00021358 3.48715e-06 1.09894e-05 2.93346e-06 2.3912e-06
0.898275 0.000199704 0.000202775 0.000196634 2.33446e-05 3.30417e-05 1.36475e-05 0.000191774 3.07059e-06 9.69711e-06 2.58343e-06 2.10583e-06
0.901666 0.000169657 0.000172349 0.000166965 2.00343e-05 2.85551e-05 1.15135e-05 0.000171568 2.69208e-06 8.52077e-06 2.26522e-06 1.84632e-06
0.905057 0.000143266 0.000145615 0.000140916 1.71087e-05 2.45621e-05 9.65537e-06 0.000152898 2.34929e-06 7.45338e-06 1.97693e-06 1.61113e-06
0.908447 0.000120203 0.000122243 0.000118163 1.45336e-05 2.10217e-05 8.04544e-06 0.000135698 2.03996e-06 6.48813e-06 1.71668e-06 1.39878e-06
0.911838 0.00010016 0.000101922 9.83978e-05 1.22765e-05 1.7895e-05 6.65808e-06 0.000119902 1.76189e-06 5.61847e-06 1.48267e-06 1.20782e-06
0.915229 8.28423e-05 8.43553e-05 8.13294e-05 1.03074e-05 1.51454e-05 5.46941e-06 0.000105446 1.51296e-06 4.83801e-06 1.27314e-06 1.03682e-06
0.91862 6.79753e-05 6.92664e-05 6.66842e-05 8.59798e-06 1.27386e-05 4.45737e-06 9.22656e-05 1.29112e-06 4.14061e-06 1.08638e-06 8.84409e-07
0.922011 5.52997e-05 5.6394e-05 5.42053e-05 7.12188e-06 1.06422e-05 3.60156e-06 8.02961e-05 1.09439e-06 3.52032e-06 9.2073e-07 7.49252e-07
0.925402 4.45733e-05 4.54941e-05 4.36524e-05 5.85463e-06 8.82603e-06 2.88323e-06 6.94744e-05 9.20849e-07 2.9714e-06 7.74605e-07 6.30052e-07
0.928792 3.55706e-05 3.63393e-05 3.4802e-05 4.77351e-06 7.26183e-06 2.28519e-06 5.97375e-05 7.68649e-07 2.48832e-06 6.46458e-07 5.25554e-07
0.932183 2.80827e-05 2.87188e-05 2.74467e-05 3.8575e-06 5.92327e-06 1.79174e-06 5.10231e-05 6.36016e-07 2.06576e-06 5.348e-07 4.34547e-07
0.935574 2.19166e-05 2.24379e-05 2.13954e-05 3.08723e-06 4.78585e-06 1.38862e-06 4.32697e-05 5.21246e-07 1.69862e-06 4.38202e-07 3.55863e-07
0.938965 1.6895e-05 1.73177e-05 1.64723e-05 2.44489e-06 3.82686e-06 1.06292e-06 3.64165e-05 4.22703e-07 1.38197e-06 3.5529e-07 2.88379e-07
0.942356 1.28562e-05 1.3195e-05 1.25174e-05 1.91416e-06 3.02531e-06 8.03021e-07 3.04036e-05 3.38825e-07 1.11114e-06 2.84748e-07 2.31017e-07
0.945747 9.65341e-06 9.92153e-06 9.38529e-06 1.48018e-06 2.36182e-06 5.98548e-07 2.51722e-05 2.68122e-07 8.81636e-07 2.25319e-07 1.82746e-07
0.949137 7.15438e-06 7.36355e-06 6.94521e-06 1.12945e-06 1.81863e-06 4.40269e-07 2.06644e-05 2.09173e-07 6.89179e-07 1.75805e-07 1.42582e-07
0.952528 5.24099e-06 5.40163e-06 5.08036e-06 8.49754e-07 1.37946e-06 3.2005e-07 1.6824e-05 1.60635e-07 5.29704e-07 1.35071e-07 1.09591e-07
0.955919 3.80864e-06 3.92987e-06 3.6874e-06 6.30142e-07 1.0295e-06 2.30786e-07 1.3596e-05 1.21234e-07 3.99357e-07 1.02038e-07 8.28855e-08
0.95931 2.76573e-06 2.8555e-06 2.67596e-06 4.6083e-07 7.55326e-07 1.66334e-07 1.09276e-05 8.97734e-08 2.94496e-07 7.5694e-08 6.16312e-08
0.962701 2.03321e-06 2.09834e-06 1.96808e-06 3.33155e-07 5.44849e-07 1.2146e-07 8.76803e-06 6.51307e-08 2.11694e-07 5.50868e-08 4.50441e-08
0.966092 1.54402e-06 1.59028e-06 1.49776e-06 2.39518e-07 3.87259e-07 9.17779e-08 7.07005e-06 4.62589e-08 1.4774e-07 3.9329e-08 3.23925e-08
0.969482 1.24276e-06 1.27495e-06 1.21058e-06 1.73349e-07 2.72992e-07 7.37061e-08 5.79074e-06 3.2188e-08 9.96429e-08 2.75978e-08 2.29984e-08
0.972873 1.08566e-06 1.10769e-06 1.06364e-06 1.29077e-07 1.93709e-07 6.44441e-08 4.8942e-06 2.20249e-08 6.46325e-08 1.91357e-08 1.62376e-08
0.976264 1.04118e-06 1.05613e-06 1.02623e-06 1.02159e-07 1.42324e-07 6.19933e-08 4.35655e-06 1.49543e-08 4.01653e-08 1.32508e-08 1.15402e-08
0.979655 1.09266e-06 1.1029e-06 1.08243e-06 8.92254e-08 1.13153e-07 6.52982e-08 4.17765e-06 1.02382e-08 2.39272e-08 9.31655e-09 8.38995e-09
0.983046 1.2471e-06 1.25431e-06 1.23988e-06 8.85989e-08 1.02436e-07 7.47617e-08 4.41337e-06 7.21203e-09 1.38372e-08 6.76757e-09 6.32021e-09
0.986437 1.56922e-06 1.57449e-06 1.56395e-06 1.02338e-07 1.10384e-07 9.42917e-08 5.29063e-06 5.2702e-09 8.04635e-09 5.08467e-09 4.8977e-09
0.989827 2.39278e-06 2.39657e-06 2.38899e-06 1.48942e-07 1.53851e-07 1.44033e-07 7.86552e-06 3.78898e-09 4.90898e-09 3.71445e-09 3.63922e-09
0.993218 1.25729e-05 1.25733e-05 1.25726e-05 7.61267e-07 7.64532e-07 7.58001e-07 4.70679e-05 3.84526e-10 3.26575e-09 1.93218e-10 0
4.2929e-314 inf inf inf inf inf inf 0.000171003 14.0531 0.472644 0.323602 0.23021
