9.72476e-05 8.35886 9.01525 7.70246 3.58626 4.04701 3.12552 19.2199 0.656396 0.460743 0.314284 0.304651
0.0001 8.30317 8.95646 7.64988 3.56195 4.01997 3.10394 19.0198 0.653287 0.458015 0.31156 0.301824
0.00010283 8.24801 8.89821 7.59781 3.53788 3.99319 3.08257 18.8213 0.650199 0.455308 0.308858 0.299018
0.000105741 8.19385 8.84098 7.54672 3.51423 3.96685 3.06161 18.6246 0.647131 0.452622 0.306179 0.296233
0.000108734 8.13835 8.78243 7.49426 3.49003 3.93999 3.04008 18.4297 0.644083 0.449956 0.303521 0.293469
0.000111811 8.08317 8.72423 7.44212 3.46599 3.9133 3.01868 18.2364 0.641055 0.447312 0.300886 0.290727
0.000114976 8.02831 8.66636 7.39026 3.44208 3.88677 2.99739 18.0448 0.638047 0.444687 0.298272 0.288005
0.00011823 7.97376 8.60882 7.33871 3.41832 3.8604 2.97623 17.8549 0.635058 0.442084 0.29568 0.285303
0.000121576 7.91953 8.55162 7.28744 3.3947 3.8342 2.9552 17.6667 0.632089 0.4395 0.293109 0.282622
0.000125017 7.86561 8.49475 7.23648 3.37122 3.80816 2.93428 17.4801 0.629139 0.436937 0.29056 0.279962
0.000128556 7.812 8.43821 7.18579 3.34788 3.78227 2.91349 17.2952 0.626208 0.434393 0.288032 0.277321
0.000132194 7.75871 8.38201 7.13541 3.32468 3.75655 2.89281 17.1118 0.623297 0.431869 0.285526 0.274701
0.000135936 7.70572 8.32612 7.08532 3.30163 3.73099 2.87226 16.9302 0.620404 0.429366 0.28304 0.2721
0.000139783 7.65303 8.27056 7.0355 3.2787 3.70559 2.85182 16.7501 0.61753 0.426881 0.280575 0.26952
0.000143739 7.60066 8.21533 6.98598 3.25593 3.68034 2.83151 16.5716 0.614674 0.424416 0.278132 0.266959
0.000147808 7.54858 8.16041 6.93674 3.23328 3.65525 2.81131 16.3947 0.611837 0.421971 0.275709 0.264417
0.000151991 7.4968 8.10582 6.88779 3.21077 3.63032 2.79123 16.2194 0.609018 0.419544 0.273306 0.261896
0.000156293 7.44533 8.05155 6.83912 3.1884 3.60554 2.77126 16.0456 0.606216 0.417137 0.270924 0.259393
0.000160717 7.39416 7.99759 6.79072 3.16617 3.58091 2.75142 15.8733 0.603433 0.414749 0.268562 0.25691
0.000165265 7.34328 7.94395 6.74261 3.14406 3.55644 2.73168 15.7027 0.600668 0.412379 0.266221 0.254445
0.000169943 7.2927 7.89062 6.69478 3.1221 3.53213 2.71207 15.5335 0.59792 0.410028 0.2639 0.252
0.000174753 7.24242 7.83761 6.64723 3.10026 3.50796 2.69257 15.3658 0.59519 0.407695 0.261598 0.249574
0.000179699 7.19242 7.78489 6.59994 3.07856 3.48394 2.67318 15.1997 0.592477 0.405381 0.259317 0.247166
0.000184785 7.14272 7.7325 6.55294 3.05699 3.46008 2.65391 15.035 0.589781 0.403086 0.257055 0.244777
0.000190015 7.09331 7.68041 6.5062 3.03555 3.43636 2.63475 14.8718 0.587102 0.400808 0.254813 0.242406
0.000195393 7.04418 7.62862 6.45974 3.01425 3.41279 2.6157 14.71 0.58444 0.398548 0.252591 0.240054
0.000200923 6.99535 7.57714 6.41355 2.99307 3.38937 2.59676 14.5498 0.581794 0.396306 0.250388 0.23772
0.00020661 6.9468 7.52596 6.36763 2.97202 3.3661 2.57794 14.3909 0.579165 0.394082 0.248205 0.235404
0.000212458 6.89853 7.47508 6.32197 2.9511 3.34297 2.55922 14.2335 0.576553 0.391876 0.24604 0.233106
0.000218471 6.85055 7.4245 6.27659 2.93031 3.32 2.54062 14.0775 0.573956 0.389687 0.243896 0.230826
0.000224655 6.80285 7.37422 6.23147 2.90964 3.29716 2.52213 13.923 0.571376 0.387516 0.24177 0.228563
0.000231013 6.75542 7.32423 6.18661 2.8891 3.27447 2.50374 13.7698 0.568811 0.385362 0.239662 0.226319
0.000237551 6.70828 7.27455 6.14202 2.86869 3.25192 2.48547 13.618 0.566263 0.383225 0.237574 0.224092
0.000244275 6.66141 7.22514 6.09768 2.84841 3.22951 2.4673 13.4676 0.563729 0.381104 0.235505 0.221882
0.000251189 6.61482 7.17603 6.05361 2.82824 3.20724 2.44924 13.3186 0.561212 0.379001 0.233454 0.21969
0.000258298 6.56851 7.12722 6.0098 2.80821 3.18512 2.43129 13.1709 0.558709 0.376915 0.231421 0.217515
0.000265609 6.52246 7.07869 5.96624 2.78829 3.16314 2.41345 13.0245 0.556222 0.374845 0.229407 0.215357
0.000273126 6.47669 7.03044 5.92294 2.7685 3.14129 2.39571 12.8795 0.55375 0.372792 0.227411 0.213216
0.000280857 6.43119 6.98249 5.8799 2.74883 3.11958 2.37807 12.7359 0.551292 0.370755 0.225434 0.211092
0.000288806 6.38596 6.93481 5.83711 2.72928 3.09802 2.36055 12.5935 0.548849 0.368735 0.223475 0.208985
0.00029698 6.34099 6.88741 5.79457 2.70985 3.07658 2.34312 12.4524 0.546421 0.36673 0.221533 0.206894
0.000305386 6.2963 6.8403 5.75229 2.69055 3.05529 2.3258 12.3127 0.544007 0.364742 0.21961 0.20482
0.000314029 6.25186 6.79347 5.71025 2.67136 3.03413 2.30859 12.1742 0.541607 0.362769 0.217704 0.202763
0.000322917 6.20769 6.74691 5.66847 2.65229 3.0131 2.29148 12.037 0.539221 0.360813 0.215816 0.200722
0.000332057 6.16378 6.70063 5.62693 2.63334 2.99221 2.27447 11.9011 0.536849 0.358872 0.213946 0.198697
0.000341455 6.12013 6.65462 5.58564 2.61451 2.97145 2.25756 11.7664 0.534491 0.356946 0.212093 0.196688
0.000351119 6.07674 6.60889 5.54459 2.59579 2.95083 2.24075 11.6329 0.532146 0.355036 0.210258 0.194695
0.000361057 6.03361 6.56342 5.50379 2.57719 2.93033 2.22405 11.5007 0.529814 0.353142 0.20844 0.192719
0.000371276 5.99074 6.51823 5.46324 2.55871 2.90997 2.20745 11.3698 0.527496 0.351263 0.206639 0.190758
0.000381784 5.94812 6.47331 5.42292 2.54034 2.88974 2.19094 11.24 0.525191 0.349398 0.204855 0.188813
0.00039259 5.90575 6.42865 5.38285 2.52209 2.86964 2.17454 11.1115 0.522899 0.347549 0.203088 0.186883
0.000403702 5.86364 6.38426 5.34302 2.50395 2.84966 2.15824 10.9841 0.520619 0.345714 0.201339 0.18497
0.000415128 5.82177 6.34013 5.30342 2.48593 2.82982 2.14203 10.8579 0.518353 0.343895 0.199606 0.183071
0.000426877 5.78016 6.29626 5.26406 2.46801 2.8101 2.12592 10.7329 0.516098 0.342089 0.197889 0.181188
0.000438959 5.7388 6.25266 5.22494 2.45021 2.79051 2.10991 10.6091 0.513856 0.340299 0.19619 0.17932
0.000451383 5.69768 6.20931 5.18606 2.43253 2.77105 2.094 10.4865 0.511626 0.338523 0.194507 0.177467
0.000464159 5.65681 6.16622 5.14741 2.41495 2.75171 2.07819 10.365 0.509407 0.336761 0.19284 0.17563
0.000477296 5.61619 6.12339 5.10899 2.39748 2.7325 2.06247 10.2446 0.507201 0.335013 0.19119 0.173807
0.000490805 5.57581 6.08081 5.0708 2.38013 2.7134 2.04685 10.1254 0.505006 0.333279 0.189556 0.171999
0.000504697 5.53567 6.03849 5.03285 2.36288 2.69444 2.03132 10.0072 0.502822 0.331559 0.187939 0.170206
0.000518981 5.49577 5.99642 4.99512 2.34574 2.67559 2.01589 9.89025 0.50065 0.329853 0.186337 0.168428
0.00053367 5.45611 5.9546 4.95762 2.32871 2.65687 2.00055 9.77436 0.498489 0.328161 0.184751 0.166664
0.000548775 5.41669 5.91303 4.92035 2.31179 2.63827 1.98531 9.65957 0.496339 0.326482 0.183182 0.164915
0.000564307 5.3775 5.8717 4.88331 2.29498 2.61979 1.97016 9.54586 0.494199 0.324817 0.181628 0.16318
0.000580278 5.33856 5.83063 4.84649 2.27827 2.60143 1.9551 9.43324 0.49207 0.323165 0.180089 0.16146
0.000596702 5.29984 5.78979 4.80989 2.26166 2.58319 1.94014 9.32169 0.489951 0.321527 0.178567 0.159753
0.000613591 5.26136 5.74921 4.77352 2.24517 2.56507 1.92527 9.21121 0.487843 0.319901 0.17706 0.158061
0.000630957 5.22311 5.70886 4.73737 2.22878 2.54706 1.91049 9.10178 0.485745 0.318288 0.175568 0.156383
0.000648815 5.1851 5.66875 4.70144 2.21249 2.52918 1.8958 8.99339 0.483656 0.316689 0.174092 0.154719
0.000667179 5.14731 5.62889 4.66573 2.1963 2.51141 1.8812 8.88604 0.481577 0.315102 0.172631 0.153068
0.000686062 5.10975 5.58926 4.63024 2.18022 2.49375 1.8667 8.77972 0.479508 0.313528 0.171186 0.151432
0.00070548 5.07241 5.54986 4.59497 2.16424 2.47621 1.85228 8.67443 0.477448 0.311966 0.169755 0.149809
0.000725448 5.03531 5.51071 4.55991 2.14837 2.45879 1.83795 8.57014 0.475397 0.310417 0.168339 0.1482
0.00074598 4.99842 5.47178 4.52507 2.13259 2.44147 1.82371 8.46687 0.473355 0.30888 0.166938 0.146604
0.000767094 4.96177 5.43309 4.49044 2.11692 2.42428 1.80957 8.36459 0.471322 0.307355 0.165552 0.145021
0.000788805 4.92533 5.39463 4.45603 2.10135 2.40719 1.79551 8.2633 0.469297 0.305843 0.164181 0.143452
0.000811131 4.88911 5.35639 4.42183 2.08587 2.39022 1.78153 8.16299 0.467281 0.304342 0.162825 0.141896
0.000834088 4.85312 5.31839 4.38784 2.0705 2.37335 1.76765 8.06365 0.465273 0.302853 0.161483 0.140354
0.000857696 4.81734 5.28061 4.35406 2.05523 2.3566 1.75385 7.96528 0.463274 0.301376 0.160155 0.138824
0.000881971 4.78178 5.24306 4.32049 2.04005 2.33996 1.74014 7.86787 0.461282 0.299911 0.158842 0.137308
0.000906934 4.74643 5.20573 4.28713 2.02497 2.32343 1.72651 7.77141 0.459297 0.298457 0.157543 0.135804
0.000932603 4.7113 5.16862 4.25398 2.00999 2.307 1.71297 7.67589 0.45732 0.297014 0.156258 0.134313
0.000958999 4.67638 5.13173 4.22103 1.9951 2.29069 1.69952 7.58131 0.455351 0.295583 0.154987 0.132835
0.000986142 4.64168 5.09507 4.18829 1.98031 2.27448 1.68615 7.48765 0.453388 0.294163 0.153731 0.13137
0.00101405 4.60719 5.05862 4.15576 1.96562 2.25837 1.67287 7.39491 0.451432 0.292754 0.152488 0.129917
0.00104275 4.5729 5.02239 4.12342 1.95102 2.24238 1.65967 7.30309 0.449483 0.291356 0.151259 0.128477
0.00107227 4.53883 4.98637 4.09129 1.93652 2.22649 1.64655 7.21217 0.44754 0.289969 0.150044 0.127049
0.00110262 4.50496 4.95057 4.05936 1.92211 2.2107 1.63352 7.12215 0.445604 0.288592 0.148842 0.125633
0.00113382 4.4713 4.91498 4.02763 1.90779 2.19502 1.62057 7.03302 0.443674 0.287226 0.147654 0.12423
0.00116591 4.43785 4.8796 3.9961 1.89357 2.17944 1.6077 6.94478 0.441749 0.285871 0.146479 0.122839
0.00119891 4.4046 4.84443 3.96476 1.87944 2.16396 1.59491 6.85741 0.439831 0.284525 0.145318 0.12146
0.00123285 4.37155 4.80946 3.93363 1.8654 2.14859 1.58221 6.77091 0.437917 0.28319 0.14417 0.120093
0.00126774 4.3387 4.77471 3.90269 1.85145 2.13332 1.56959 6.68527 0.436009 0.281865 0.143035 0.118738
0.00130362 4.30606 4.74016 3.87195 1.83759 2.11815 1.55704 6.60049 0.434106 0.280551 0.141913 0.117395
0.00134052 4.27361 4.70582 3.8414 1.82383 2.10307 1.54458 6.51656 0.432208 0.279245 0.140804 0.116064
0.00137846 4.24136 4.67168 3.81105 1.81015 2.0881 1.5322 6.43346 0.430314 0.27795 0.139708 0.114744
0.00141747 4.20931 4.63774 3.78089 1.79656 2.07323 1.5199 6.35121 0.428424 0.276664 0.138625 0.113436
0.00145759 4.17746 4.604 3.75092 1.78307 2.05845 1.50768 6.26978 0.426539 0.275388 0.137554 0.11214
0.00149885 4.1458 4.57045 3.72114 1.76966 2.04378 1.49554 6.18917 0.424658 0.274121 0.136496 0.110855
0.00154127 4.11433 4.53711 3.69155 1.75633 2.0292 1.48347 6.10938 0.42278 0.272864 0.135451 0.109582
0.00158489 4.08305 4.50396 3.66215 1.7431 2.01472 1.47148 6.03039 0.420906 0.271615 0.134418 0.10832
0.00162975 4.05197 4.47101 3.63294 1.72995 2.00033 1.45958 5.95221 0.419035 0.270376 0.133397 0.107069
0.00167588 4.02108 4.43825 3.60391 1.71689 1.98604 1.44775 5.87482 0.417167 0.269145 0.132388 0.105829
0.00172331 3.99037 4.40568 3.57507 1.70392 1.97184 1.43599 5.79822 0.415302 0.267923 0.131392 0.104601
0.00177209 3.95986 4.3733 3.54642 1.69103 1.95774 1.42432 5.7224 0.413439 0.26671 0.130407 0.103384
0.00182224 3.92953 4.34111 3.51795 1.67822 1.94373 1.41271 5.64736 0.411579 0.265505 0.129434 0.102177
0.00187382 3.89939 4.30911 3.48967 1.6655 1.92981 1.40119 5.57308 0.409721 0.264309 0.128473 0.100982
0.00192685 3.86943 4.27729 3.46156 1.65286 1.91598 1.38974 5.49957 0.407864 0.263121 0.127524 0.0997973
0.00198139 3.83965 4.24566 3.43364 1.64031 1.90225 1.37837 5.42682 0.406009 0.261941 0.126586 0.0986236
0.00203747 3.81006 4.21421 3.4059 1.62784 1.8886 1.36707 5.35482 0.404156 0.260769 0.125659 0.0974605
0.00209514 3.78065 4.18295 3.37834 1.61545 1.87505 1.35584 5.28356 0.402303 0.259605 0.124744 0.096308
0.00215443 3.75141 4.15186 3.35096 1.60314 1.86159 1.34469 5.21304 0.400452 0.258448 0.12384 0.0951661
0.00221541 3.72236 4.12096 3.32376 1.59091 1.84821 1.33362 5.14325 0.398601 0.257299 0.122947 0.0940347
0.00227812 3.69348 4.09023 3.29673 1.57877 1.83493 1.32261 5.07419 0.39675 0.256158 0.122065 0.0929138
0.00234259 3.66478 4.05968 3.26988 1.5667 1.82173 1.31168 5.00585 0.3949 0.255024 0.121194 0.0918031
0.0024089 3.63626 4.02931 3.24321 1.55472 1.80862 1.30082 4.93822 0.393049 0.253897 0.120334 0.0907028
0.00247708 3.60791 3.99911 3.21672 1.54282 1.79559 1.29004 4.8713 0.391198 0.252777 0.119484 0.0896128
0.00254719 3.57974 3.96908 3.19039 1.53099 1.78265 1.27933 4.80509 0.389346 0.251664 0.118645 0.0885328
0.00261928 3.55173 3.93923 3.16424 1.51924 1.7698 1.26868 4.73957 0.387493 0.250557 0.117817 0.087463
0.00269341 3.5239 3.90954 3.13826 1.50757 1.75703 1.25811 4.67474 0.385639 0.249458 0.116998 0.0864032
0.00276965 3.49624 3.88002 3.11245 1.49598 1.74434 1.24761 4.6106 0.383783 0.248364 0.11619 0.0853533
0.00284804 3.46874 3.85067 3.08682 1.48446 1.73174 1.23719 4.54714 0.381926 0.247277 0.115391 0.0843134
0.00292864 3.44142 3.82148 3.06135 1.47302 1.71922 1.22683 4.48436 0.380066 0.246197 0.114603 0.0832832
0.00301153 3.41426 3.79246 3.03605 1.46166 1.70678 1.21654 4.42224 0.378205 0.245122 0.113824 0.0822628
0.00309677 3.38726 3.7636 3.01092 1.45037 1.69443 1.20632 4.36079 0.37634 0.244053 0.113055 0.0812521
0.00318442 3.36043 3.73491 2.98596 1.43916 1.68215 1.19617 4.29999 0.374473 0.24299 0.112295 0.0802511
0.00327455 3.33377 3.70637 2.96117 1.42802 1.66996 1.18609 4.23985 0.372603 0.241933 0.111545 0.0792595
0.00336723 3.30726 3.67799 2.93654 1.41696 1.65784 1.17608 4.18035 0.370729 0.240881 0.110804 0.0782775
0.00346253 3.28092 3.64977 2.91207 1.40597 1.6458 1.16613 4.1215 0.368852 0.239834 0.110072 0.0773049
0.00356053 3.25474 3.62171 2.88777 1.39505 1.63384 1.15626 4.06328 0.36697 0.238792 0.109349 0.0763417
0.00366131 3.22872 3.5938 2.86363 1.38421 1.62196 1.14645 4.0057 0.365085 0.237756 0.108634 0.0753878
0.00376494 3.20285 3.56604 2.83966 1.37343 1.61016 1.13671 3.94874 0.363194 0.236724 0.107929 0.0744431
0.0038715 3.17714 3.53844 2.81584 1.36273 1.59843 1.12703 3.8924 0.361299 0.235697 0.107231 0.0735075
0.00398107 3.15159 3.51099 2.79219 1.3521 1.58678 1.11743 3.83667 0.359399 0.234674 0.106543 0.0725811
0.00409375 3.12619 3.48368 2.7687 1.34154 1.5752 1.10789 3.78156 0.357493 0.233656 0.105862 0.0716638
0.00420962 3.10095 3.45653 2.74536 1.33105 1.56369 1.09841 3.72706 0.355582 0.232642 0.105189 0.0707554
0.00432876 3.07586 3.42952 2.72219 1.32063 1.55226 1.089 3.67315 0.353665 0.231632 0.104524 0.069856
0.00445128 3.05092 3.40266 2.69918 1.31028 1.54091 1.07966 3.61984 0.351741 0.230625 0.103867 0.0689654
0.00457727 3.02613 3.37594 2.67632 1.3 1.52962 1.07038 3.56712 0.349811 0.229623 0.103217 0.0680835
0.00470682 3.00149 3.34936 2.65361 1.28979 1.51841 1.06116 3.51499 0.347873 0.228624 0.102575 0.0672105
0.00484003 2.97699 3.32292 2.63107 1.27964 1.50727 1.05201 3.46344 0.345929 0.227628 0.10194 0.0663461
0.00497702 2.95265 3.29663 2.60867 1.26956 1.4962 1.04293 3.41246 0.343977 0.226635 0.101312 0.0654902
0.00511789 2.92845 3.27047 2.58643 1.25955 1.4852 1.0339 3.36206 0.342017 0.225646 0.100691 0.064643
0.00526274 2.9044 3.24445 2.56435 1.2496 1.47426 1.02495 3.31222 0.340049 0.224659 0.100076 0.0638042
0.0054117 2.88049 3.21856 2.54242 1.23972 1.4634 1.01605 3.26295 0.338073 0.223675 0.0994679 0.0629739
0.00556486 2.85673 3.19281 2.52064 1.22991 1.4526 1.00722 3.21423 0.336088 0.222693 0.0988661 0.0621519
0.00572237 2.8331 3.1672 2.49901 1.22016 1.44187 0.998446 3.16606 0.334095 0.221713 0.0982704 0.0613381
0.00588433 2.80962 3.14171 2.47753 1.21047 1.43121 0.989738 3.11845 0.332092 0.220736 0.0976806 0.0605327
0.00605088 2.78628 3.11636 2.4562 1.20085 1.42061 0.981092 3.07138 0.330079 0.21976 0.0970966 0.0597354
0.00622213 2.76308 3.09113 2.43502 1.19129 1.41008 0.972507 3.02484 0.328056 0.218786 0.0965181 0.0589462
0.00639824 2.74001 3.06604 2.41399 1.1818 1.39961 0.963983 2.97884 0.326024 0.217814 0.0959449 0.0581651
0.00657933 2.71709 3.04107 2.3931 1.17236 1.38921 0.955521 2.93338 0.323981 0.216843 0.0953769 0.0573919
0.00676555 2.69429 3.01622 2.37237 1.16299 1.37886 0.947119 2.88843 0.321927 0.215873 0.0948139 0.0566267
0.00695704 2.67164 2.9915 2.35178 1.15368 1.36859 0.938777 2.84401 0.319862 0.214904 0.0942555 0.0558694
0.00715394 2.64912 2.9669 2.33133 1.14443 1.35837 0.930496 2.80011 0.317786 0.213936 0.0937017 0.0551199
0.00735642 2.62673 2.94242 2.31103 1.13524 1.34821 0.922274 2.75672 0.315698 0.212968 0.0931521 0.0543781
0.00756463 2.60447 2.91807 2.29087 1.12611 1.33811 0.914112 2.71383 0.313599 0.212 0.0926067 0.053644
0.00777874 2.58234 2.89383 2.27086 1.11704 1.32808 0.906009 2.67145 0.311487 0.211033 0.0920652 0.0529175
0.0079989 2.56035 2.86971 2.25098 1.10803 1.3181 0.897965 2.62958 0.309363 0.210066 0.0915272 0.0521986
0.0082253 2.53848 2.84571 2.23125 1.09908 1.30817 0.889979 2.58819 0.307227 0.209098 0.0909928 0.0514872
0.0084581 2.51674 2.82182 2.21167 1.09018 1.29831 0.882052 2.5473 0.305077 0.208129 0.0904615 0.0507833
0.00869749 2.49513 2.79805 2.19222 1.08134 1.2885 0.874182 2.5069 0.302914 0.20716 0.0899332 0.0500867
0.00894366 2.47365 2.77439 2.17291 1.07256 1.27875 0.866371 2.46698 0.300738 0.20619 0.0894076 0.0493975
0.00919679 2.45229 2.75084 2.15374 1.06384 1.26905 0.858616 2.42754 0.298548 0.205219 0.0888845 0.0487155
0.00945709 2.43106 2.7274 2.13471 1.05517 1.25941 0.850919 2.38857 0.296345 0.204246 0.0883637 0.0480407
0.00972476 2.40995 2.70407 2.11582 1.04655 1.24982 0.843278 2.35008 0.294127 0.203272 0.0878449 0.0473731
0.01 2.38896 2.68085 2.09706 1.03799 1.24029 0.835694 2.31205 0.291895 0.202296 0.0873279 0.0467125
0.010283 2.36809 2.65774 2.07844 1.02948 1.2308 0.828166 2.27449 0.289648 0.201318 0.0868124 0.046059
0.0105741 2.34735 2.63473 2.05996 1.02103 1.22137 0.820694 2.23738 0.287386 0.200337 0.0862983 0.0454125
0.0108734 2.32672 2.61183 2.04161 1.01263 1.21199 0.813277 2.20073 0.28511 0.199354 0.0857851 0.0447728
0.0111811 2.30621 2.58903 2.0234 1.00428 1.20265 0.805915 2.16454 0.282818 0.198368 0.0852728 0.04414
0.0114976 2.28583 2.56634 2.00531 0.995989 1.19337 0.798609 2.12879 0.280511 0.19738 0.084761 0.043514
0.011823 2.26555 2.54374 1.98737 0.987745 1.18413 0.791357 2.09348 0.278188 0.196387 0.0842494 0.0428947
0.0121576 2.2454 2.52125 1.96955 0.979552 1.17494 0.78416 2.05862 0.27585 0.195392 0.0837379 0.0422821
0.0125017 2.22536 2.49886 1.95187 0.971409 1.1658 0.777016 2.02419 0.273495 0.194393 0.0832262 0.0416761
0.0128556 2.20544 2.47656 1.93431 0.963316 1.15671 0.769926 1.99019 0.271125 0.193389 0.082714 0.0410766
0.0132194 2.18563 2.45437 1.91689 0.955271 1.14765 0.76289 1.95662 0.268739 0.192382 0.082201 0.0404836
0.0135936 2.16593 2.43227 1.8996 0.947276 1.13865 0.755906 1.92348 0.266336 0.19137 0.081687 0.0398971
0.0139783 2.14635 2.41027 1.88243 0.939329 1.12968 0.748976 1.89076 0.263917 0.190353 0.0811717 0.0393169
0.0143739 2.12688 2.38836 1.8654 0.931429 1.12076 0.742097 1.85845 0.261482 0.189332 0.0806549 0.038743
0.0147808 2.10752 2.36655 1.84849 0.923576 1.11188 0.735271 1.82656 0.25903 0.188305 0.0801363 0.0381754
0.0151991 2.08827 2.34483 1.83171 0.915769 1.10304 0.728497 1.79508 0.256562 0.187272 0.0796157 0.037614
0.0156293 2.06913 2.3232 1.81505 0.908008 1.09424 0.721774 1.76401 0.254077 0.186234 0.0790927 0.0370587
0.0160717 2.05009 2.30167 1.79852 0.900292 1.08548 0.715102 1.73334 0.251575 0.18519 0.0785671 0.0365095
0.0165265 2.03117 2.28023 1.78211 0.892621 1.07676 0.708481 1.70307 0.249057 0.18414 0.0780387 0.0359663
0.0169943 2.01235 2.25888 1.76583 0.884993 1.06808 0.70191 1.67319 0.246522 0.183083 0.0775072 0.035429
0.0174753 1.99364 2.23761 1.74967 0.877409 1.05943 0.695389 1.64371 0.243971 0.18202 0.0769724 0.0348977
0.0179699 1.97504 2.21644 1.73364 0.869867 1.05082 0.688918 1.61462 0.241403 0.180949 0.0764339 0.0343721
0.0184785 1.95654 2.19536 1.71772 0.862368 1.04224 0.682496 1.58591 0.238819 0.179871 0.0758916 0.0338524
0.0190015 1.93815 2.17437 1.70193 0.85491 1.0337 0.676124 1.55758 0.236218 0.178786 0.0753452 0.0333384
0.0195393 1.91986 2.15346 1.68626 0.847492 1.02519 0.6698 1.52963 0.233601 0.177693 0.0747944 0.03283
0.0200923 1.90167 2.13264 1.67071 0.840115 1.01671 0.663524 1.50206 0.230968 0.176592 0.074239 0.0323272
0.020661 1.88359 2.11191 1.65527 0.832778 1.00826 0.657296 1.47486 0.228318 0.175482 0.0736787 0.03183
0.0212458 1.86561 2.09126 1.63996 0.825479 0.999843 0.651115 1.44803 0.225654 0.174364 0.0731134 0.0313383
0.0218471 1.84773 2.07071 1.62476 0.818219 0.991456 0.644982 1.42156 0.222973 0.173237 0.0725428 0.030852
0.0224655 1.82996 2.05023 1.60968 0.810996 0.983097 0.638895 1.39545 0.220277 0.172101 0.0719667 0.0303711
0.0231013 1.81228 2.02985 1.59471 0.80381 0.974766 0.632854 1.3697 0.217566 0.170956 0.0713849 0.0298955
0.0237551 1.7947 2.00954 1.57986 0.796661 0.966462 0.62686 1.3443 0.214841 0.169801 0.070797 0.0294251
0.0244275 1.77723 1.98933 1.56513 0.789547 0.958183 0.620911 1.31926 0.2121 0.168636 0.0702031 0.0289599
0.0251189 1.75985 1.9692 1.55051 0.782468 0.949929 0.615006 1.29456 0.209346 0.167461 0.0696027 0.0284999
0.0258298 1.74258 1.94915 1.536 0.775422 0.941698 0.609147 1.27021 0.206578 0.166276 0.0689959 0.028045
0.0265609 1.7254 1.92919 1.5216 0.768411 0.933491 0.603331 1.2462 0.203796 0.16508 0.0683823 0.027595
0.0273126 1.70832 1.90932 1.50732 0.761432 0.925305 0.597558 1.22252 0.201002 0.163873 0.0677618 0.0271501
0.0280857 1.69134 1.88953 1.49314 0.754485 0.91714 0.591829 1.19918 0.198195 0.162655 0.0671342 0.0267101
0.0288806 1.67445 1.86983 1.47908 0.747569 0.908995 0.586143 1.17617 0.195376 0.161426 0.0664995 0.0262749
0.029698 1.65766 1.85021 1.46512 0.740684 0.900869 0.580498 1.15349 0.192545 0.160185 0.0658574 0.0258445
0.0305386 1.64097 1.83068 1.45127 0.733828 0.892761 0.574895 1.13113 0.189704 0.158933 0.0652078 0.0254189
0.0314029 1.62438 1.81123 1.43753 0.727002 0.88467 0.569334 1.1091 0.186852 0.157668 0.0645506 0.024998
0.0322917 1.60788 1.79187 1.42389 0.720203 0.876595 0.563812 1.08738 0.18399 0.156391 0.0638858 0.0245817
0.0332057 1.59148 1.7726 1.41036 0.713432 0.868534 0.558331 1.06597 0.181119 0.155102 0.0632131 0.0241699
0.0341455 1.57517 1.75341 1.39693 0.706688 0.860488 0.552888 1.04488 0.17824 0.1538 0.0625326 0.0237628
0.0351119 1.55896 1.73431 1.3836 0.699969 0.852454 0.547485 1.0241 0.175352 0.152485 0.0618441 0.02336
0.0361057 1.54284 1.7153 1.37038 0.693275 0.844432 0.542119 1.00362 0.172458 0.151157 0.0611477 0.0229617
0.0371276 1.52682 1.69637 1.35726 0.686606 0.836421 0.53679 0.983437 0.169558 0.149815 0.0604432 0.0225678
0.0381784 1.51089 1.67754 1.34424 0.679959 0.828419 0.531499 0.963556 0.166652 0.14846 0.0597308 0.0221782
0.039259 1.49505 1.65879 1.33131 0.673335 0.820426 0.526243 0.94397 0.163741 0.147092 0.0590103 0.0217928
0.0403702 1.47931 1.64014 1.31849 0.666732 0.812441 0.521023 0.924675 0.160827 0.145709 0.0582818 0.0214117
0.0415128 1.46366 1.62157 1.30575 0.66015 0.804463 0.515837 0.905668 0.157909 0.144313 0.0575453 0.0210347
0.0426877 1.44811 1.6031 1.29312 0.653587 0.796489 0.510685 0.886947 0.15499 0.142902 0.0568009 0.0206619
0.0438959 1.43265 1.58472 1.28058 0.647043 0.78852 0.505566 0.868508 0.15207 0.141477 0.0560486 0.0202931
0.0451383 1.41728 1.56643 1.26813 0.640517 0.780555 0.500479 0.850348 0.149149 0.140038 0.0552886 0.0199283
0.0464159 1.402 1.54823 1.25577 0.634007 0.772592 0.495423 0.832463 0.14623 0.138584 0.0545209 0.0195674
0.0477296 1.38681 1.53013 1.2435 0.627513 0.764629 0.490397 0.81485 0.143313 0.137116 0.0537457 0.0192105
0.0490805 1.37172 1.51212 1.23132 0.621034 0.756667 0.485401 0.797506 0.140398 0.135633 0.0529631 0.0188575
0.0504697 1.35672 1.49421 1.21923 0.614569 0.748704 0.480434 0.780429 0.137488 0.134135 0.0521733 0.0185083
0.0518981 1.34181 1.47639 1.20722 0.608116 0.740738 0.475494 0.763614 0.134583 0.132622 0.0513765 0.0181628
0.053367 1.32698 1.45867 1.1953 0.601675 0.73277 0.47058 0.747059 0.131685 0.131095 0.0505729 0.0178211
0.0548775 1.31225 1.44104 1.18346 0.595244 0.724796 0.465692 0.73076 0.128794 0.129552 0.0497627 0.0174831
0.0564307 1.29761 1.42352 1.1717 0.588823 0.716818 0.460828 0.714714 0.125912 0.127995 0.0489461 0.0171487
0.0580278 1.28305 1.40609 1.16001 0.58241 0.708832 0.455987 0.698919 0.123039 0.126422 0.0481236 0.0168179
0.0596702 1.26859 1.38876 1.14841 0.576003 0.700838 0.451168 0.68337 0.120178 0.124835 0.0472953 0.0164907
0.0613591 1.25421 1.37154 1.13688 0.569603 0.692836 0.44637 0.668065 0.11733 0.123233 0.0464615 0.016167
0.0630957 1.23991 1.35441 1.12542 0.563207 0.684823 0.441592 0.653001 0.114495 0.121616 0.0456226 0.0158468
0.0648815 1.22571 1.33738 1.11403 0.556815 0.676799 0.436831 0.638175 0.111675 0.119984 0.044779 0.01553
0.0667179 1.21158 1.32046 1.10271 0.550425 0.668763 0.432087 0.623583 0.108871 0.118338 0.043931 0.0152167
0.0686062 1.19755 1.30363 1.09146 0.544036 0.660713 0.427359 0.609223 0.106085 0.116677 0.043079 0.0149067
0.070548 1.18359 1.28691 1.08028 0.537646 0.652648 0.422644 0.595091 0.103317 0.115002 0.0422235 0.0146
0.0725448 1.16972 1.27029 1.06915 0.531254 0.644567 0.417941 0.581185 0.100569 0.113313 0.0413648 0.0142967
0.074598 1.15593 1.25377 1.05808 0.524859 0.636469 0.413249 0.5675 0.0978429 0.11161 0.0405035 0.0139966
0.0767094 1.14221 1.23735 1.04707 0.51846 0.628353 0.408567 0.554036 0.0951391 0.109893 0.0396399 0.0136998
0.0788805 1.12858 1.22104 1.03612 0.512054 0.620217 0.403891 0.540787 0.0924593 0.108163 0.0387746 0.0134062
0.0811131 1.11502 1.20482 1.02522 0.505641 0.61206 0.399221 0.527752 0.0898045 0.106419 0.0379081 0.0131158
0.0834088 1.10154 1.18871 1.01436 0.499218 0.603881 0.394555 0.514928 0.0871762 0.104663 0.0370409 0.0128285
0.0857696 1.08813 1.1727 1.00355 0.492785 0.59568 0.38989 0.502311 0.0845756 0.102895 0.0361735 0.0125444
0.0881971 1.07479 1.15679 0.992781 0.48634 0.587454 0.385226 0.489899 0.0820039 0.101114 0.0353065 0.0122634
0.0906934 1.06151 1.14098 0.982052 0.479881 0.579202 0.380559 0.477688 0.0794622 0.0993215 0.0344404 0.0119855
0.0932603 1.04831 1.12526 0.971357 0.473406 0.570924 0.375888 0.465676 0.0769519 0.0975179 0.0335758 0.0117106
0.0958999 1.03517 1.10964 0.960694 0.466914 0.562618 0.371211 0.453861 0.074474 0.0957036 0.0327133 0.0114388
0.0986142 1.02209 1.09412 0.950059 0.460404 0.554283 0.366525 0.442239 0.0720298 0.093879 0.0318534 0.01117
0.101405 1.00907 1.07869 0.939448 0.453873 0.545918 0.361828 0.430808 0.0696204 0.0920448 0.0309968 0.0109043
0.104275 0.996103 1.06335 0.928856 0.44732 0.537521 0.357118 0.419566 0.0672467 0.0902015 0.030144 0.0106415
0.107227 0.98319 1.0481 0.91828 0.440742 0.529092 0.352393 0.408508 0.06491 0.0883497 0.0292956 0.0103818
0.110262 0.970327 1.03294 0.907715 0.434139 0.520629 0.347649 0.397633 0.0626111 0.0864902 0.0284522 0.010125
0.113382 0.957508 1.01786 0.897157 0.427508 0.512132 0.342885 0.386938 0.0603512 0.0846236 0.0276145 0.0098712
0.116591 0.944731 1.00286 0.8866 0.420848 0.503599 0.338097 0.376421 0.058131 0.0827506 0.026783 0.00962038
0.119891 0.931991 0.987942 0.876039 0.414156 0.495028 0.333284 0.36608 0.0559515 0.0808721 0.0259583 0.00937252
0.123285 0.919284 0.973097 0.86547 0.407432 0.48642 0.328443 0.355911 0.0538135 0.0789888 0.0251411 0.00912763
0.126774 0.906605 0.958322 0.854887 0.400672 0.477773 0.32357 0.345912 0.0517179 0.0771016 0.0243318 0.0088857
0.130362 0.893949 0.943614 0.844283 0.393875 0.469086 0.318663 0.336082 0.0496653 0.0752115 0.0235312 0.00864674
0.134052 0.881311 0.928967 0.833654 0.387039 0.460359 0.31372 0.326418 0.0476564 0.0733192 0.0227397 0.00841075
0.137846 0.868686 0.914377 0.822994 0.380163 0.451589 0.308737 0.316917 0.0456919 0.0714259 0.0219579 0.00817773
0.141747 0.856067 0.899839 0.812295 0.373245 0.442777 0.303712 0.307578 0.0437723 0.0695326 0.0211864 0.00794769
0.145759 0.843449 0.885347 0.801551 0.366282 0.433922 0.298642 0.298399 0.0418982 0.0676402 0.0204256 0.00772064
0.149885 0.830825 0.870895 0.790755 0.359273 0.425023 0.293523 0.289377 0.0400699 0.0657499 0.0196761 0.0074966
0.154127 0.818189 0.856477 0.779901 0.352217 0.41608 0.288354 0.280511 0.038288 0.0638628 0.0189385 0.00727556
0.158489 0.805533 0.842086 0.76898 0.345112 0.407092 0.283132 0.271798 0.0365527 0.0619801 0.0182131 0.00705755
0.162975 0.79285 0.827715 0.757986 0.337956 0.398059 0.277853 0.263237 0.0348642 0.060103 0.0175004 0.00684258
0.167588 0.780133 0.813356 0.74691 0.330749 0.388981 0.272516 0.254827 0.0332228 0.0582327 0.0168009 0.00663068
0.172331 0.767374 0.799003 0.735745 0.323488 0.379858 0.267118 0.246564 0.0316287 0.0563705 0.0161149 0.00642185
0.177209 0.754564 0.784646 0.724482 0.316173 0.37069 0.261655 0.238449 0.0300818 0.0545176 0.0154429 0.00621612
0.182224 0.741694 0.770277 0.713112 0.308803 0.361478 0.256127 0.230479 0.0285823 0.0526755 0.0147852 0.0060135
0.187382 0.728757 0.755887 0.701627 0.301377 0.352222 0.250531 0.222653 0.02713 0.0508454 0.0141422 0.00581403
0.192685 0.715743 0.741467 0.690018 0.293894 0.342923 0.244866 0.21497 0.0257248 0.0490288 0.0135141 0.00561772
0.198139 0.702642 0.727008 0.678275 0.286356 0.333583 0.239128 0.207428 0.0243666 0.0472271 0.0129012 0.0054246
0.203747 0.689444 0.712499 0.666389 0.27876 0.324202 0.233319 0.200026 0.0230551 0.0454416 0.0123038 0.00523469
0.209514 0.676141 0.697931 0.654351 0.271109 0.314783 0.227436 0.192763 0.02179 0.0436738 0.0117221 0.00504801
0.215443 0.662721 0.683292 0.64215 0.263403 0.305329 0.221478 0.185638 0.0205709 0.0419253 0.0111563 0.00486459
0.221541 0.649174 0.668572 0.629777 0.255644 0.295841 0.215446 0.178649 0.0193975 0.0401973 0.0106065 0.00468446
0.227812 0.635491 0.65376 0.617221 0.247832 0.286324 0.209341 0.171797 0.0182692 0.0384915 0.0100728 0.00450763
0.234259 0.621659 0.638845 0.604474 0.239971 0.276781 0.203162 0.16508 0.0171856 0.0368093 0.00955546 0.00433412
0.24089 0.607669 0.623815 0.591523 0.232064 0.267216 0.196911 0.158497 0.0161459 0.0351522 0.00905438 0.00416396
0.247708 0.59351 0.60866 0.57836 0.224113 0.257634 0.190591 0.152048 0.0151497 0.0335216 0.00856963 0.00399715
0.254719 0.57917 0.593366 0.564974 0.216123 0.248042 0.184205 0.145732 0.0141961 0.0319189 0.00810122 0.00383371
0.261928 0.564638 0.577922 0.551353 0.208101 0.238446 0.177755 0.139549 0.0132845 0.0303457 0.00764908 0.00367363
0.269341 0.549901 0.562315 0.537487 0.20005 0.228853 0.171247 0.133498 0.0124141 0.0288034 0.00721316 0.00351691
0.276965 0.534947 0.546531 0.523363 0.191979 0.219272 0.164685 0.127579 0.011584 0.0272933 0.00679332 0.00336353
0.284804 0.519758 0.530552 0.508965 0.183894 0.209711 0.158078 0.121793 0.0107934 0.0258167 0.0063894 0.00321343
0.292864 0.504312 0.514353 0.49427 0.175806 0.200181 0.151431 0.116139 0.0100413 0.0243752 0.00600119 0.00306653
0.301153 0.48856 0.497887 0.479234 0.167723 0.190692 0.144753 0.110618 0.00932676 0.0229698 0.00562835 0.00292263
0.309677 0.472355 0.481003 0.463706 0.159651 0.181253 0.138049 0.105235 0.00864853 0.0216019 0.00527027 0.0027812
0.318442 0.458591 0.466991 0.450191 0.154295 0.175388 0.133202 0.103237 0.00839996 0.021093 0.00513714 0.00272676
0.321833 0.452769 0.460928 0.444611 0.15133 0.171925 0.130735 0.101278 0.00815894 0.020595 0.00500752 0.00267334
0.325224 0.44698 0.454905 0.439055 0.148401 0.168508 0.128293 0.099357 0.00792522 0.0201076 0.00488129 0.00262091
0.328614 0.441222 0.448921 0.433524 0.145507 0.165137 0.125876 0.0974729 0.00769854 0.0196305 0.00475835 0.00256946
0.332005 0.435496 0.442975 0.428017 0.142648 0.161812 0.123484 0.0956247 0.00747865 0.0191637 0.00463861 0.00251895
0.335396 0.4298 0.437066 0.422535 0.139824 0.158531 0.121118 0.0938115 0.00726533 0.0187068 0.00452196 0.00246937
0.338787 0.424135 0.431193 0.417077 0.137036 0.155295 0.118776 0.0920323 0.00705836 0.0182596 0.00440832 0.0024207
0.342178 0.4185 0.425357 0.411642 0.134282 0.152104 0.11646 0.0902864 0.00685752 0.017822 0.00429759 0.0023729
0.345569 0.412895 0.419557 0.406232 0.131563 0.148957 0.114169 0.088573 0.00666261 0.0173938 0.0041897 0.00232597
0.348959 0.407319 0.413793 0.400846 0.128878 0.145853 0.111904 0.0868912 0.00647343 0.0169747 0.00408454 0.00227988
0.35235 0.401774 0.408063 0.395484 0.126228 0.142793 0.109664 0.0852402 0.00628979 0.0165646 0.00398205 0.00223462
0.355741 0.396257 0.402369 0.390146 0.123613 0.139776 0.107449 0.0836194 0.0061115 0.0161633 0.00388215 0.00219016
0.359132 0.39077 0.396709 0.384832 0.121031 0.136801 0.10526 0.082028 0.0059384 0.0157706 0.00378476 0.00214649
0.362523 0.385312 0.391083 0.379542 0.118483 0.13387 0.103097 0.0804652 0.00577031 0.0153864 0.00368982 0.00210359
0.365914 0.379884 0.385491 0.374277 0.115969 0.13098 0.100959 0.0789306 0.00560707 0.0150104 0.00359724 0.00206145
0.369305 0.374484 0.379933 0.369036 0.11349 0.128132 0.0988471 0.0774233 0.00544852 0.0146425 0.00350696 0.00202004
0.372695 0.369114 0.374408 0.363819 0.111043 0.125326 0.0967608 0.0759428 0.00529452 0.0142825 0.00341892 0.00197936
0.376086 0.363773 0.368918 0.358628 0.108631 0.122561 0.0947004 0.0744884 0.00514492 0.0139303 0.00333305 0.00193939
0.379477 0.358461 0.36346 0.353461 0.106251 0.119837 0.0926657 0.0730596 0.00499957 0.0135858 0.0032493 0.00190011
0.382868 0.353178 0.358036 0.34832 0.103906 0.117154 0.0906569 0.0716558 0.00485835 0.0132487 0.00316759 0.00186151
0.386259 0.347925 0.352646 0.343204 0.101593 0.114512 0.0886739 0.0702765 0.00472111 0.0129188 0.00308789 0.00182357
0.38965 0.342701 0.347289 0.338113 0.0993132 0.111909 0.086717 0.0689211 0.00458775 0.0125962 0.00301013 0.00178629
0.39304 0.337507 0.341965 0.333049 0.0970665 0.109347 0.0847859 0.0675891 0.00445814 0.0122806 0.00293425 0.00174964
0.396431 0.332342 0.336675 0.32801 0.0948526 0.106824 0.0828808 0.06628 0.00433215 0.0119718 0.00286021 0.00171363
0.399822 0.327208 0.331418 0.322998 0.0926715 0.104341 0.0810017 0.0649934 0.00420969 0.0116698 0.00278796 0.00167823
0.403213 0.322104 0.326195 0.318013 0.090523 0.101897 0.0791486 0.0637286 0.00409064 0.0113744 0.00271745 0.00164343
0.406604 0.31703 0.321005 0.313055 0.0884068 0.0994923 0.0773214 0.0624854 0.00397489 0.0110854 0.00264863 0.00160923
0.409995 0.311987 0.315849 0.308125 0.086323 0.0971259 0.0755202 0.0612632 0.00386235 0.0108028 0.00258145 0.0015756
0.413385 0.306975 0.310728 0.303222 0.0842714 0.0947978 0.073745 0.0600617 0.00375292 0.0105264 0.00251588 0.00154255
0.416776 0.301994 0.30564 0.298347 0.0822518 0.0925079 0.0719957 0.0588804 0.00364651 0.0102561 0.00245187 0.00151006
0.420167 0.297044 0.300587 0.293501 0.0802641 0.0902559 0.0702723 0.0577189 0.00354302 0.00999178 0.00238937 0.00147812
0.423558 0.292126 0.295568 0.288684 0.0783082 0.0880414 0.0685749 0.0565768 0.00344237 0.00973328 0.00232836 0.00144672
0.426949 0.28724 0.290584 0.283896 0.0763838 0.0858643 0.0669033 0.0554538 0.00334447 0.00948051 0.00226879 0.00141585
0.43034 0.282386 0.285636 0.279137 0.0744909 0.0837242 0.0652575 0.0543494 0.00324925 0.00923336 0.00221062 0.0013855
0.43373 0.277565 0.280722 0.274409 0.0726293 0.081621 0.0636376 0.0532634 0.00315662 0.0089917 0.00215383 0.00135566
0.437121 0.272777 0.275844 0.269711 0.0707988 0.0795542 0.0620434 0.0521954 0.0030665 0.00875544 0.00209836 0.00132633
0.440512 0.268022 0.271001 0.265044 0.0689992 0.0775237 0.0604748 0.0511449 0.00297883 0.00852445 0.0020442 0.00129749
0.443903 0.263301 0.266195 0.260408 0.0672305 0.0755291 0.0589318 0.0501119 0.00289354 0.00829865 0.0019913 0.00126914
0.447294 0.258614 0.261425 0.255803 0.0654923 0.0735702 0.0574144 0.0490958 0.00281055 0.00807792 0.00193964 0.00124128
0.450685 0.253961 0.256691 0.251231 0.0637845 0.0716467 0.0559224 0.0480964 0.0027298 0.00786217 0.00188918 0.00121388
0.454075 0.249343 0.251994 0.246692 0.0621071 0.0697584 0.0544558 0.0471134 0.00265122 0.00765129 0.0018399 0.00118695
0.457466 0.24476 0.247335 0.242186 0.0604596 0.0679048 0.0530144 0.0461465 0.00257476 0.00744518 0.00179176 0.00116047
0.460857 0.240213 0.242713 0.237713 0.058842 0.0660858 0.0515983 0.0451954 0.00250035 0.00724376 0.00174475 0.00113445
0.464248 0.235702 0.238129 0.233274 0.0572541 0.064301 0.0502072 0.0442599 0.00242793 0.00704693 0.00169882 0.00110887
0.467639 0.231226 0.233584 0.228869 0.0556957 0.0625503 0.0488411 0.0433397 0.00235745 0.00685459 0.00165396 0.00108372
0.47103 0.226788 0.229077 0.224499 0.0541664 0.0608331 0.0474998 0.0424345 0.00228886 0.00666666 0.00161014 0.00105901
0.47442 0.222387 0.224609 0.220164 0.0526662 0.0591493 0.0461832 0.041544 0.00222211 0.00648304 0.00156733 0.00103471
0.477811 0.218023 0.22018 0.215865 0.0511949 0.0574985 0.0448912 0.0406681 0.00215713 0.00630366 0.00152551 0.00101084
0.481202 0.213697 0.215791 0.211603 0.0497521 0.0558805 0.0436236 0.0398065 0.00209389 0.00612843 0.00148466 0.000987377
0.484593 0.209409 0.211441 0.207377 0.0483376 0.0542949 0.0423804 0.038959 0.00203233 0.00595726 0.00144476 0.000964319
0.487984 0.20516 0.207132 0.203188 0.0469513 0.0527414 0.0411612 0.0381253 0.00197241 0.00579007 0.00140578 0.00094166
0.491375 0.20095 0.202864 0.199036 0.0455929 0.0512197 0.0399661 0.0373053 0.00191409 0.00562679 0.0013677 0.000919395
0.494765 0.19678 0.198637 0.194923 0.0442621 0.0497295 0.0387948 0.0364986 0.00185732 0.00546733 0.0013305 0.000897519
0.498156 0.19265 0.194452 0.190848 0.0429588 0.0482704 0.0376472 0.0357051 0.00180205 0.00531162 0.00129416 0.000876025
0.501547 0.18856 0.190308 0.186811 0.0416826 0.0468422 0.036523 0.0349247 0.00174826 0.00515959 0.00125866 0.000854909
0.504938 0.18451 0.186206 0.182815 0.0404333 0.0454445 0.0354222 0.034157 0.0016959 0.00501115 0.00122399 0.000834166
0.508329 0.180502 0.182147 0.178857 0.0392107 0.0440769 0.0343444 0.033402 0.00164493 0.00486624 0.00119011 0.000813791
0.51172 0.176536 0.178131 0.17494 0.0380144 0.0427392 0.0332896 0.0326594 0.00159532 0.00472479 0.00115703 0.000793778
0.51511 0.172611 0.174158 0.171064 0.0368442 0.0414309 0.0322575 0.0319291 0.00154702 0.00458673 0.00112471 0.000774122
0.518501 0.168729 0.170229 0.167229 0.0356999 0.0401519 0.0312479 0.0312108 0.00150002 0.00445198 0.00109314 0.000754821
0.521892 0.164889 0.166344 0.163435 0.0345811 0.0389016 0.0302606 0.0305044 0.00145426 0.00432049 0.00106231 0.000735867
0.525283 0.161093 0.162503 0.159683 0.0334876 0.0376798 0.0292955 0.0298098 0.00140972 0.00419218 0.0010322 0.000717258
0.528674 0.15734 0.158706 0.155973 0.0324192 0.0364862 0.0283522 0.0291267 0.00136637 0.00406699 0.00100279 0.000698988
0.532065 0.153631 0.154955 0.152306 0.0313754 0.0353203 0.0274305 0.028455 0.00132418 0.00394487 0.000974074 0.000681053
0.535455 0.149966 0.151249 0.148682 0.0303561 0.0341818 0.0265303 0.0277946 0.00128311 0.00382574 0.000946028 0.00066345
0.538846 0.146345 0.147588 0.145102 0.0293608 0.0330704 0.0256513 0.0271453 0.00124314 0.00370954 0.000918641 0.000646173
0.542237 0.142769 0.143974 0.141565 0.0283894 0.0319857 0.0247932 0.0265069 0.00120424 0.00359623 0.0008919 0.000629219
0.545628 0.139239 0.140405 0.138072 0.0274416 0.0309273 0.0239559 0.0258793 0.00116639 0.00348573 0.00086579 0.000612584
0.549019 0.135754 0.136883 0.134624 0.026517 0.029895 0.023139 0.0252625 0.00112955 0.00337799 0.000840298 0.000596263
0.55241 0.132314 0.133408 0.131221 0.0256153 0.0288882 0.0223423 0.0246561 0.0010937 0.00327295 0.000815412 0.000580253
0.5558 0.128921 0.12998 0.127862 0.0247362 0.0279067 0.0215656 0.0240601 0.00105882 0.00317056 0.000791119 0.00056455
0.559191 0.125575 0.126599 0.12455 0.0238794 0.0269502 0.0208086 0.0234744 0.00102489 0.00307077 0.000767407 0.000549151
0.562582 0.122275 0.123266 0.121283 0.0230446 0.0260181 0.0200711 0.0228988 0.000991865 0.00297351 0.000744263 0.00053405
0.565973 0.119021 0.119981 0.118062 0.0222315 0.0251102 0.0193527 0.0223332 0.000959741 0.00287875 0.000721676 0.000519245
0.569364 0.115815 0.116744 0.114887 0.0214397 0.0242261 0.0186533 0.0217775 0.00092849 0.00278642 0.000699635 0.000504733
0.572755 0.112657 0.113555 0.111759 0.020669 0.0233655 0.0179725 0.0212316 0.000898091 0.00269648 0.000678128 0.000490509
0.576146 0.109546 0.110414 0.108677 0.019919 0.0225278 0.0173101 0.0206953 0.000868523 0.00260888 0.000657145 0.000476569
0.579536 0.106483 0.107323 0.105643 0.0191893 0.0217129 0.0166658 0.0201685 0.000839765 0.00252356 0.000636674 0.000462911
0.582927 0.103468 0.10428 0.102656 0.0184798 0.0209203 0.0160393 0.0196511 0.000811798 0.00244049 0.000616706 0.000449532
0.586318 0.100501 0.101286 0.0997164 0.01779 0.0201496 0.0154304 0.019143 0.000784602 0.00235961 0.000597231 0.000436426
0.589709 0.0975826 0.0983407 0.0968244 0.0171196 0.0194004 0.0148387 0.0186441 0.000758159 0.00228088 0.000578238 0.000423592
0.5931 0.0947127 0.0954451 0.0939802 0.0164683 0.0186725 0.014264 0.0181543 0.00073245 0.00220425 0.000559718 0.000411025
0.596491 0.0918914 0.0925989 0.0911839 0.0158357 0.0179654 0.013706 0.0176734 0.000707458 0.00212968 0.000541662 0.000398723
0.599881 0.0891189 0.089802 0.0884357 0.0152216 0.0172787 0.0131645 0.0172014 0.000683164 0.00205712 0.000524059 0.000386682
0.603272 0.0863952 0.0870547 0.0857356 0.0146256 0.0166121 0.012639 0.0167381 0.000659553 0.00198654 0.000506902 0.000374899
0.606663 0.0837204 0.084357 0.0830838 0.0140473 0.0159652 0.0121294 0.0162835 0.000636607 0.00191788 0.000490181 0.000363371
0.610054 0.0810947 0.081709 0.0804804 0.0134865 0.0153376 0.0116354 0.0158375 0.000614311 0.00185112 0.000473888 0.000352094
0.613445 0.0785179 0.0791106 0.0779253 0.0129428 0.014729 0.0111566 0.0153999 0.000592649 0.0017862 0.000458014 0.000341065
0.616836 0.0759902 0.0765619 0.0754186 0.0124159 0.014139 0.0106929 0.0149707 0.000571606 0.00172309 0.00044255 0.000330281
0.620226 0.0735116 0.0740628 0.0729604 0.0119055 0.0135673 0.0102438 0.0145497 0.000551167 0.00166176 0.000427489 0.00031974
0.623617 0.071082 0.0716133 0.0705507 0.0114112 0.0130134 0.00980905 0.0141369 0.000531317 0.00160215 0.000412823 0.000309437
0.627008 0.0687014 0.0692134 0.0681893 0.0109327 0.0124769 0.00938846 0.0137322 0.000512042 0.00154424 0.000398544 0.000299369
0.630399 0.0663696 0.066863 0.0658763 0.0104697 0.0119576 0.00898168 0.0133354 0.00049333 0.00148798 0.000384644 0.000289534
0.63379 0.0640868 0.064562 0.0636116 0.0100218 0.0114551 0.00858844 0.0129466 0.000475165 0.00143334 0.000371115 0.000279929
0.637181 0.0618527 0.0623103 0.0613952 0.00958873 0.010969 0.00820844 0.0125655 0.000457535 0.00138029 0.000357951 0.00027055
0.640571 0.0596672 0.0601077 0.0592268 0.00917019 0.010499 0.0078414 0.0121922 0.000440428 0.00132879 0.000345143 0.000261395
0.643962 0.0575303 0.0579541 0.0571064 0.00876582 0.0100446 0.00748702 0.0118265 0.00042383 0.0012788 0.000332686 0.000252459
0.647353 0.0554416 0.0558493 0.0550338 0.00837533 0.00960563 0.00714503 0.0114683 0.000407729 0.0012303 0.000320571 0.000243742
0.650744 0.0534011 0.0537932 0.0530089 0.00799838 0.00918162 0.00681514 0.0111176 0.000392114 0.00118324 0.000308792 0.000235238
0.654135 0.0514085 0.0517854 0.0510315 0.00763467 0.00877227 0.00649708 0.0107742 0.000376973 0.0011376 0.000297343 0.000226946
0.657526 0.0494636 0.0498259 0.0491013 0.00728388 0.00837722 0.00619055 0.0104381 0.000362295 0.00109334 0.000286216 0.000218862
0.660916 0.0475662 0.0479143 0.0472182 0.0069457 0.00799613 0.00589527 0.0101092 0.000348068 0.00105043 0.000275406 0.000210983
0.664307 0.045716 0.0460503 0.0453818 0.00661982 0.00762866 0.00561098 0.00978737 0.000334281 0.00100884 0.000264905 0.000203307
0.667698 0.0439127 0.0442337 0.0435918 0.00630594 0.00727449 0.0053374 0.0094726 0.000320924 0.000968542 0.000254707 0.00019583
0.671089 0.0421561 0.0424641 0.0418481 0.00600375 0.00693326 0.00507425 0.00916476 0.000307987 0.000929504 0.000244807 0.00018855
0.67448 0.0404457 0.0407411 0.0401502 0.00571296 0.00660466 0.00482127 0.00886378 0.000295459 0.000891697 0.000235197 0.000181463
0.677871 0.0387812 0.0390645 0.0384978 0.00543327 0.00628836 0.00457818 0.00856957 0.00028333 0.000855092 0.000225873 0.000174566
0.681261 0.0371623 0.0374338 0.0368907 0.00516437 0.00598403 0.00434471 0.00828206 0.000271591 0.000819661 0.000216828 0.000167858
0.684652 0.0355885 0.0358487 0.0353282 0.00490599 0.00569137 0.00412062 0.00800116 0.000260232 0.000785375 0.000208057 0.000161334
0.688043 0.0340594 0.0343086 0.0338102 0.00465783 0.00541004 0.00390563 0.00772679 0.000249244 0.000752208 0.000199553 0.000154991
0.691434 0.0325746 0.0328132 0.032336 0.00441961 0.00513975 0.00369948 0.00745887 0.000238617 0.000720132 0.000191311 0.000148828
0.694825 0.0311337 0.0313621 0.0309054 0.00419106 0.00488018 0.00350194 0.00719732 0.000228343 0.000689121 0.000183325 0.000142841
0.698216 0.0297362 0.0299546 0.0295178 0.00397188 0.00463103 0.00331273 0.00694207 0.000218413 0.000659149 0.000175591 0.000137027
0.701606 0.0283815 0.0285903 0.0281727 0.00376182 0.00439201 0.00313163 0.00669302 0.000208818 0.000630191 0.000168102 0.000131383
0.704997 0.0270692 0.0272687 0.0268696 0.00356059 0.00416281 0.00295837 0.00645011 0.00019955 0.000602221 0.000160853 0.000125906
0.708388 0.0257987 0.0259893 0.0256081 0.00336794 0.00394315 0.00279272 0.00621325 0.000190601 0.000575215 0.000153839 0.000120594
0.711779 0.0245695 0.0247515 0.0243876 0.0031836 0.00373274 0.00263445 0.00598236 0.000181962 0.000549148 0.000147055 0.000115443
0.71517 0.0233811 0.0235547 0.0232074 0.00300731 0.00353131 0.00248331 0.00575736 0.000173626 0.000523997 0.000140496 0.000110451
0.718561 0.0222327 0.0223983 0.0220672 0.00283882 0.00333856 0.00233908 0.00553818 0.000165585 0.000499739 0.000134156 0.000105616
0.721951 0.0211239 0.0212818 0.0209661 0.00267789 0.00315424 0.00220154 0.00532474 0.000157832 0.000476351 0.000128032 0.000100933
0.725342 0.0200541 0.0202044 0.0199037 0.00252425 0.00297806 0.00207045 0.00511695 0.000150358 0.000453809 0.000122117 9.64001e-05
0.728733 0.0190225 0.0191656 0.0188793 0.00237769 0.00280978 0.00194559 0.00491475 0.000143156 0.000432093 0.000116407 9.20148e-05
0.732124 0.0180285 0.0181647 0.0178923 0.00223794 0.00264912 0.00182677 0.00471804 0.000136221 0.000411179 0.000110898 8.77742e-05
0.735515 0.0170715 0.0172011 0.016942 0.0021048 0.00249585 0.00171375 0.00452676 0.000129543 0.000391048 0.000105584 8.36753e-05
0.738906 0.0161509 0.016274 0.0160278 0.00197802 0.00234969 0.00160634 0.00434082 0.000123117 0.000371677 0.000100461 7.97153e-05
0.742296 0.0152658 0.0153828 0.0151489 0.00185738 0.00221042 0.00150433 0.00416015 0.000116936 0.000353046 9.55241e-05 7.58916e-05
0.745687 0.0144157 0.0145267 0.0143047 0.00174266 0.0020778 0.00140753 0.00398467 0.000110993 0.000335136 9.07694e-05 7.22013e-05
0.749078 0.0135998 0.013705 0.0134945 0.00163366 0.00195158 0.00131573 0.0038143 0.000105281 0.000317926 8.61921e-05 6.86416e-05
0.752469 0.0128173 0.0129171 0.0127175 0.00153015 0.00183154 0.00122875 0.00364895 9.97947e-05 0.000301396 8.17878e-05 6.52097e-05
0.75586 0.0120676 0.0121621 0.0119731 0.00143193 0.00171746 0.0011464 0.00348857 9.45272e-05 0.000285529 7.75523e-05 6.19031e-05
0.759251 0.0113499 0.0114394 0.0112604 0.0013388 0.00160911 0.0010685 0.00333305 8.94725e-05 0.000270303 7.34812e-05 5.87187e-05
0.762641 0.0106635 0.0107481 0.0105789 0.00125057 0.00150628 0.000994871 0.00318234 8.46244e-05 0.000255703 6.95702e-05 5.56541e-05
0.766032 0.0100076 0.0100876 0.00992761 0.00116705 0.00140875 0.000925338 0.00303634 7.99772e-05 0.000241708 6.58153e-05 5.27065e-05
0.769423 0.00938142 0.00945694 0.00930589 0.00108803 0.00131634 0.000859732 0.00289499 7.55249e-05 0.000228302 6.22124e-05 4.98731e-05
0.772814 0.00878423 0.00885549 0.00871297 0.00101335 0.00122882 0.000797887 0.0027582 7.12619e-05 0.000215467 5.87573e-05 4.71512e-05
0.776205 0.00821524 0.00828243 0.00814806 0.000942828 0.00114601 0.000739643 0.0026259 6.71826e-05 0.000203185 5.54461e-05 4.45383e-05
0.779596 0.00767369 0.00773697 0.00761041 0.000876282 0.00106772 0.000684841 0.002498 6.32815e-05 0.000191441 5.22748e-05 4.20317e-05
0.782986 0.00715878 0.00721833 0.00709923 0.000813548 0.000993765 0.000633331 0.00237443 5.95531e-05 0.000180217 4.92396e-05 3.96287e-05
0.786377 0.00666974 0.00672573 0.00661375 0.00075446 0.000923958 0.000584963 0.00225512 5.59922e-05 0.000169498 4.63366e-05 3.73267e-05
0.789768 0.00620578 0.00625838 0.00615319 0.000698859 0.000858126 0.000539592 0.00213997 5.25935e-05 0.000159267 4.35619e-05 3.51231e-05
0.793159 0.00576614 0.00581549 0.00571678 0.000646589 0.000796098 0.00049708 0.00202893 4.93521e-05 0.000149509 4.0912e-05 3.30153e-05
0.79655 0.00535001 0.00539627 0.00530374 0.000597498 0.000737707 0.000457289 0.00192189 4.62628e-05 0.000140209 3.8383e-05 3.10008e-05
0.799941 0.00495662 0.00499994 0.0049133 0.00055144 0.000682791 0.000420089 0.0018188 4.33208e-05 0.000131351 3.59714e-05 2.90769e-05
0.803332 0.00458519 0.00462571 0.00454467 0.000508272 0.000631195 0.00038535 0.00171957 4.05212e-05 0.000122922 3.36735e-05 2.72413e-05
0.806722 0.00423496 0.00427282 0.0041971 0.000467857 0.000582764 0.000352951 0.00162413 3.78593e-05 0.000114906 3.14859e-05 2.54913e-05
0.810113 0.00390515 0.00394048 0.00386982 0.000430061 0.000537351 0.000322771 0.00153239 3.53305e-05 0.00010729 2.94051e-05 2.38244e-05
0.813504 0.003595 0.00362793 0.00356207 0.000394754 0.000494814 0.000294694 0.00144427 3.29302e-05 0.00010006 2.74276e-05 2.22383e-05
0.816895 0.00330375 0.0033344 0.00327309 0.000361811 0.000455013 0.000268609 0.00135971 3.0654e-05 9.32021e-05 2.55501e-05 2.07305e-05
0.820286 0.00303065 0.00305914 0.00300215 0.000331112 0.000417815 0.000244409 0.00127862 2.84975e-05 8.67031e-05 2.37693e-05 1.92985e-05
0.823677 0.00277495 0.00280141 0.0027485 0.000302538 0.000383088 0.000221988 0.00120092 2.64563e-05 8.05501e-05 2.20818e-05 1.794e-05
0.827067 0.00253594 0.00256047 0.00251141 0.000275979 0.000350709 0.000201248 0.00112654 2.45264e-05 7.47305e-05 2.04845e-05 1.66526e-05
0.830458 0.00231287 0.00233558 0.00229017 0.000251324 0.000320556 0.000182092 0.0010554 2.27036e-05 6.92318e-05 1.89741e-05 1.54338e-05
0.833849 0.00210505 0.00212603 0.00208406 0.000228469 0.000292511 0.000164427 0.000987427 2.09838e-05 6.40418e-05 1.75477e-05 1.42816e-05
0.83724 0.00191176 0.00193112 0.0018924 0.000207313 0.000266461 0.000148164 0.000922534 1.93631e-05 5.91486e-05 1.6202e-05 1.31934e-05
0.840631 0.00173232 0.00175015 0.00171448 0.000187759 0.000242299 0.000133218 0.000860649 1.78376e-05 5.45406e-05 1.49341e-05 1.21671e-05
0.844022 0.00156605 0.00158245 0.00154964 0.000169713 0.00021992 0.000119507 0.000801696 1.64036e-05 5.02064e-05 1.37411e-05 1.12004e-05
0.847412 0.00141228 0.00142734 0.00139722 0.000153087 0.000199222 0.000106952 0.000745596 1.50573e-05 4.61348e-05 1.26199e-05 1.02911e-05
0.850803 0.00127037 0.00128417 0.00125658 0.000137794 0.000180109 9.54791e-05 0.000692273 1.3795e-05 4.23149e-05 1.15679e-05 9.43708e-06
0.854194 0.00113969 0.0011523 0.00112707 0.000123752 0.000162488 8.50155e-05 0.000641652 1.26133e-05 3.87361e-05 1.0582e-05 8.63612e-06
0.857585 0.00101961 0.00103111 0.0010081 0.000110881 0.000146269 7.54931e-05 0.000593656 1.15087e-05 3.53881e-05 9.65968e-06 7.88614e-06
0.860976 0.000909523 0.000920001 0.000899046 9.91071e-05 0.000131368 6.68465e-05 0.000548208 1.04777e-05 3.22606e-05 8.79814e-06 7.18504e-06
0.864367 0.000808854 0.000818372 0.000799337 8.83574e-05 0.000117701 5.90136e-05 0.000505233 9.51708e-06 2.93438e-05 7.99475e-06 6.53076e-06
0.867757 0.000717028 0.000725652 0.000708405 7.85633e-05 0.000105191 5.19353e-05 0.000464656 8.62355e-06 2.6628e-05 7.2469e-06 5.9213e-06
0.871148 0.000633493 0.000641287 0.000625699 6.96591e-05 9.37629e-05 4.55553e-05 0.000426402 7.79397e-06 2.41038e-05 6.55206e-06 5.35467e-06
0.874539 0.000557712 0.000564737 0.000550686 6.15823e-05 8.33443e-05 3.98203e-05 0.000390395 7.02524e-06 2.1762e-05 5.90774e-06 4.82892e-06
0.87793 0.000489169 0.000495484 0.000482855 5.42735e-05 7.38672e-05 3.46799e-05 0.000356561 6.31436e-06 1.95937e-05 5.31151e-06 4.34212e-06
0.881321 0.000427366 0.000433025 0.000421708 4.76763e-05 6.52664e-05 3.00862e-05 0.000324825 5.65838e-06 1.75901e-05 4.76098e-06 3.89241e-06
0.884712 0.000371824 0.000376878 0.000366769 4.17371e-05 5.74798e-05 2.59943e-05 0.000295114 5.05445e-06 1.57428e-05 4.25383e-06 3.47794e-06
0.888102 0.00032208 0.00032658 0.000317581 3.6405e-05 5.04484e-05 2.23616e-05 0.000267355 4.49977e-06 1.40434e-05 3.78778e-06 3.0969e-06
0.891493 0.000277694 0.000281686 0.000273702 3.16322e-05 4.41163e-05 1.91482e-05 0.000241474 3.99165e-06 1.2484e-05 3.36063e-06 2.74754e-06
0.894884 0.000238242 0.000241769 0.000234715 2.73732e-05 3.843e-05 1.63163e-05 0.000217399 3.52744e-06 1.10569e-05 2.97021e-06 2.42812e-06
0.898275 0.000203322 0.000206426 0.000200217 2.35852e-05 3.33394e-05 1.38309e-05 0.000195058 3.10458e-06 9.75426e-06 2.61442e-06 2.13696e-06
0.901666 0.000172548 0.000175269 0.000169828 2.02279e-05 2.87968e-05 1.1659e-05 0.000174378 2.72059e-06 8.56891e-06 2.2912e-06 1.87241e-06
0.905057 0.000145558 0.000147931 0.000143185 1.72635e-05 2.47572e-05 9.7698e-06 0.00015529 2.37305e-06 7.49368e-06 1.99857e-06 1.63287e-06
0.908447 0.000122004 0.000124064 0.000119944 1.46563e-05 2.1178e-05 8.13466e-06 0.000137722 2.05963e-06 6.52166e-06 1.73459e-06 1.41677e-06
0.911838 0.000101561 0.000103339 9.97829e-05 1.23731e-05 1.80193e-05 6.72698e-06 0.000121605 1.77806e-06 5.64616e-06 1.49739e-06 1.22259e-06
0.915229 8.39216e-05 8.54478e-05 8.23954e-05 1.03828e-05 1.52435e-05 5.52208e-06 0.000106869 1.52616e-06 4.86072e-06 1.28513e-06 1.04886e-06
0.91862 6.87972e-05 7.0099e-05 6.74955e-05 8.65625e-06 1.28153e-05 4.49717e-06 9.34458e-05 1.3018e-06 4.15908e-06 1.09607e-06 8.94142e-07
0.922011 5.5918e-05 5.7021e-05 5.48151e-05 7.16649e-06 1.07017e-05 3.63128e-06 8.12676e-05 1.10295e-06 3.5352e-06 9.28497e-07 7.57046e-07
0.925402 4.50324e-05 4.596e-05 4.41047e-05 5.88841e-06 8.87169e-06 2.90513e-06 7.02674e-05 9.2764e-07 2.98328e-06 7.80764e-07 6.36232e-07
0.928792 3.59066e-05 3.66806e-05 3.51326e-05 4.79879e-06 7.2965e-06 2.30109e-06 6.03789e-05 7.7398e-07 2.4977e-06 6.51288e-07 5.304e-07
0.932183 2.83247e-05 2.89648e-05 2.76845e-05 3.87619e-06 5.94928e-06 1.8031e-06 5.15367e-05 6.40152e-07 2.07309e-06 5.38543e-07 4.38302e-07
0.935574 2.20878e-05 2.26122e-05 2.15634e-05 3.10085e-06 4.80511e-06 1.39659e-06 4.36764e-05 5.24411e-07 1.70426e-06 4.41064e-07 3.58733e-07
0.938965 1.70137e-05 1.74388e-05 1.65886e-05 2.45466e-06 3.84092e-06 1.06841e-06 3.67346e-05 4.2509e-07 1.38626e-06 3.57445e-07 2.90541e-07
0.942356 1.29368e-05 1.32773e-05 1.25962e-05 1.92106e-06 3.03541e-06 8.06717e-07 3.06491e-05 3.40596e-07 1.11435e-06 2.86344e-07 2.32618e-07
0.945747 9.70671e-06 9.97612e-06 9.4373e-06 1.48496e-06 2.36895e-06 6.00975e-07 2.53587e-05 2.69411e-07 8.83987e-07 2.26479e-07 1.8391e-07
0.949137 7.18871e-06 7.3988e-06 6.97862e-06 1.13269e-06 1.82356e-06 4.41817e-07 2.08038e-05 2.10092e-07 6.90869e-07 1.76632e-07 1.43411e-07
0.952528 5.26239e-06 5.42367e-06 5.10112e-06 8.51898e-07 1.38279e-06 3.21007e-07 1.69262e-05 1.61274e-07 5.30891e-07 1.35644e-07 1.10166e-07
0.955919 3.8215e-06 3.94316e-06 3.69983e-06 6.31523e-07 1.03169e-06 2.31355e-07 1.36693e-05 1.21667e-07 4.00168e-07 1.02426e-07 8.32742e-08
0.95931 2.77314e-06 2.8632e-06 2.68309e-06 4.61693e-07 7.56726e-07 1.66659e-07 1.09789e-05 9.00574e-08 2.95034e-07 7.59477e-08 6.18856e-08
0.962701 2.03728e-06 2.10259e-06 1.97197e-06 3.33674e-07 5.45712e-07 1.21637e-07 8.80305e-06 6.53102e-08 2.12038e-07 5.52468e-08 4.52044e-08
0.966092 1.54614e-06 1.59251e-06 1.49977e-06 2.39819e-07 3.87769e-07 9.18685e-08 7.09326e-06 4.63676e-08 1.4795e-07 3.94257e-08 3.24894e-08
0.969482 1.24382e-06 1.27607e-06 1.21157e-06 1.73515e-07 2.7328e-07 7.37502e-08 5.80571e-06 3.22507e-08 9.97649e-08 2.76535e-08 2.30542e-08
0.972873 1.08617e-06 1.10823e-06 1.06411e-06 1.29164e-07 1.93864e-07 6.44651e-08 4.90365e-06 2.20592e-08 6.46993e-08 1.91662e-08 1.62681e-08
0.976264 1.04144e-06 1.05642e-06 1.02647e-06 1.02203e-07 1.42403e-07 6.2004e-08 4.36254e-06 1.49722e-08 4.01994e-08 1.32668e-08 1.15562e-08
0.979655 1.09283e-06 1.10308e-06 1.08259e-06 8.92487e-08 1.13192e-07 6.53051e-08 4.18169e-06 1.02474e-08 2.39436e-08 9.32484e-09 8.39824e-09
0.983046 1.24725e-06 1.25447e-06 1.24004e-06 8.8613e-08 1.02458e-07 7.47681e-08 4.41656e-06 7.21695e-09 1.38448e-08 6.77217e-09 6.32481e-09
0.986437 1.5694e-06 1.57468e-06 1.56413e-06 1.0235e-07 1.104e-07 9.42993e-08 5.29386e-06 5.27326e-09 8.05022e-09 5.08764e-09 4.90066e-09
0.989827 2.39306e-06 2.39685e-06 2.38927e-06 1.48956e-07 1.53867e-07 1.44044e-07 7.87006e-06 3.79109e-09 4.91127e-09 3.71653e-09 3.64131e-09
0.993218 1.25744e-05 1.25748e-05 1.2574e-05 7.61328e-07 7.64594e-07 7.58062e-07 4.70948e-05 3.8456e-10 3.26606e-09 1.93218e-10 -2.11758e-22
4.2929e-314 inf inf inf inf inf inf 0.000303949 19.2199 0.656396 0.460743 0.314284
