9.72476e-05 40.0252 41.4376 38.6129 24.6583 25.7771 23.5395 46.8506 1.41234 1.1188 0.784614 0.774398
0.0001 39.7391 41.1421 38.3361 24.4784 25.5892 23.3677 46.3537 1.40302 1.11074 0.777581 0.767256
0.00010283 39.4558 40.8495 38.062 24.3004 25.4031 23.1976 45.8613 1.39376 1.10275 0.770604 0.76017
0.000105741 39.178 40.5626 37.7935 24.1258 25.2206 23.031 45.3732 1.38456 1.0948 0.763684 0.753138
0.000108734 38.8926 40.268 37.5172 23.9464 25.0333 22.8595 44.8896 1.37541 1.08692 0.756819 0.746161
0.000111811 38.6089 39.9753 37.2426 23.7681 24.8472 22.689 44.4103 1.36633 1.07909 0.750011 0.73924
0.000114976 38.3269 39.6842 36.9696 23.5909 24.6622 22.5196 43.9354 1.35731 1.07132 0.743256 0.732371
0.00011823 38.0466 39.3949 36.6982 23.4147 24.4783 22.3511 43.4648 1.34835 1.0636 0.736557 0.725556
0.000121576 37.7679 39.1074 36.4285 23.2397 24.2956 22.1837 42.9984 1.33945 1.05594 0.729912 0.718795
0.000125017 37.491 38.8216 36.1604 23.0657 24.114 22.0174 42.5362 1.3306 1.04833 0.723321 0.712086
0.000128556 37.2156 38.5374 35.8938 22.8927 23.9335 21.852 42.0783 1.32182 1.04078 0.716784 0.70543
0.000132194 36.942 38.255 35.6289 22.7209 23.7542 21.6876 41.6244 1.31309 1.03328 0.710301 0.698827
0.000135936 36.6699 37.9743 35.3655 22.5501 23.5759 21.5242 41.1748 1.30441 1.02583 0.70387 0.692275
0.000139783 36.3995 37.6953 35.1037 22.3803 23.3987 21.3618 40.7292 1.2958 1.01844 0.697491 0.685774
0.000143739 36.1308 37.418 34.8435 22.2115 23.2226 21.2004 40.2877 1.28724 1.0111 0.691166 0.679325
0.000147808 35.8636 37.1423 34.5848 22.0438 23.0476 21.04 39.8502 1.27874 1.00382 0.684892 0.672926
0.000151991 35.598 36.8683 34.3277 21.8772 22.8737 20.8806 39.4167 1.27029 0.996582 0.678669 0.666578
0.000156293 35.3341 36.596 34.0722 21.7115 22.7009 20.7221 38.9872 1.2619 0.9894 0.672498 0.66028
0.000160717 35.0717 36.3253 33.8181 21.5469 22.5292 20.5646 38.5616 1.25356 0.98227 0.666378 0.654031
0.000165265 34.8109 36.0562 33.5656 21.3833 22.3585 20.4081 38.14 1.24527 0.975191 0.660308 0.647832
0.000169943 34.5517 35.7888 33.3147 21.2207 22.1888 20.2525 37.7222 1.23704 0.968163 0.65429 0.641683
0.000174753 34.2941 35.523 33.0653 21.0591 22.0203 20.0979 37.3083 1.22887 0.961186 0.648321 0.635582
0.000179699 34.038 35.2588 32.8173 20.8985 21.8527 19.9442 36.8982 1.22074 0.954258 0.642401 0.629529
0.000184785 33.7835 34.9962 32.5709 20.7389 21.6863 19.7915 36.4918 1.21267 0.947381 0.636531 0.623524
0.000190015 33.5305 34.7352 32.3259 20.5803 21.5208 19.6397 36.0892 1.20466 0.940553 0.630709 0.617567
0.000195393 33.2791 34.4758 32.0824 20.4226 21.3564 19.4889 35.6904 1.19669 0.933774 0.624937 0.611658
0.000200923 33.0292 34.218 31.8404 20.266 21.193 19.3389 35.2952 1.18878 0.927044 0.619213 0.605795
0.00020661 32.7808 33.9617 31.5999 20.1103 21.0307 19.1899 34.9038 1.18091 0.920362 0.613537 0.59998
0.000212458 32.5339 33.707 31.3608 19.9556 20.8693 19.0419 34.5159 1.1731 0.913729 0.607908 0.59421
0.000218471 32.2886 33.4539 31.1233 19.8019 20.709 18.8947 34.1317 1.16534 0.907143 0.602327 0.588488
0.000224655 32.0447 33.2024 30.8871 19.6491 20.5497 18.7485 33.751 1.15763 0.900605 0.596794 0.58281
0.000231013 31.8024 32.9523 30.6524 19.4972 20.3913 18.6031 33.3739 1.14996 0.894114 0.591306 0.577178
0.000237551 31.5615 32.7038 30.4191 19.3464 20.234 18.4587 33.0004 1.14235 0.88767 0.585866 0.571592
0.000244275 31.3221 32.4568 30.1873 19.1964 20.0777 18.3151 32.6303 1.13479 0.881272 0.580471 0.56605
0.000251189 31.0841 32.2114 29.9568 19.0474 19.9223 18.1725 32.2637 1.12727 0.87492 0.575123 0.560553
0.000258298 30.8476 31.9674 29.7278 18.8994 19.768 18.0308 31.9005 1.1198 0.868614 0.56982 0.5551
0.000265609 30.6126 31.725 29.5002 18.7522 19.6146 17.8899 31.5408 1.11238 0.862353 0.564562 0.549691
0.000273126 30.379 31.484 29.274 18.606 19.4622 17.7499 31.1844 1.10501 0.856138 0.559349 0.544325
0.000280857 30.1469 31.2446 29.0492 18.4607 19.3107 17.6108 30.8314 1.09769 0.849968 0.554181 0.539004
0.000288806 29.9162 31.0066 28.8258 18.3164 19.1602 17.4725 30.4817 1.09041 0.843842 0.549058 0.533725
0.00029698 29.6869 30.77 28.6037 18.1729 19.0107 17.3351 30.1354 1.08318 0.83776 0.543978 0.528488
0.000305386 29.459 30.535 28.383 18.0304 18.8621 17.1986 29.7923 1.07599 0.831722 0.538943 0.523295
0.000314029 29.2325 30.3014 28.1637 17.8887 18.7144 17.063 29.4524 1.06885 0.825727 0.53395 0.518143
0.000322917 29.0075 30.0692 27.9457 17.7479 18.5677 16.9282 29.1158 1.06175 0.819776 0.529001 0.513033
0.000332057 28.7838 29.8385 27.7291 17.6081 18.4219 16.7942 28.7824 1.0547 0.813868 0.524095 0.507965
0.000341455 28.5615 29.6092 27.5138 17.4691 18.2771 16.6611 28.4522 1.0477 0.808003 0.519232 0.502938
0.000351119 28.3406 29.3814 27.2999 17.331 18.1332 16.5288 28.1251 1.04073 0.802179 0.51441 0.497952
0.000361057 28.1211 29.1549 27.0873 17.1938 17.9902 16.3974 27.8012 1.03382 0.796398 0.509632 0.493007
0.000371276 27.903 28.9299 26.876 17.0574 17.8481 16.2668 27.4803 1.02694 0.790659 0.504895 0.488102
0.000381784 27.6862 28.7063 26.6661 16.922 17.7069 16.137 27.1625 1.02011 0.78496 0.500199 0.483237
0.00039259 27.4707 28.484 26.4574 16.7873 17.5666 16.008 26.8478 1.01332 0.779303 0.495544 0.478412
0.000403702 27.2566 28.2632 26.2501 16.6536 17.4273 15.8799 26.5361 1.00657 0.773687 0.490931 0.473626
0.000415128 27.0439 28.0437 26.044 16.5207 17.2888 15.7526 26.2273 0.999865 0.768111 0.486358 0.46888
0.000426877 26.8324 27.8256 25.8392 16.3886 17.1512 15.6261 25.9216 0.993201 0.762575 0.481826 0.464173
0.000438959 26.6223 27.6089 25.6357 16.2574 17.0145 15.5004 25.6188 0.986578 0.757079 0.477334 0.459505
0.000451383 26.4135 27.3935 25.4335 16.1271 16.8787 15.3754 25.3189 0.979996 0.751623 0.472881 0.454875
0.000464159 26.2061 27.1795 25.2326 15.9975 16.7437 15.2513 25.022 0.973454 0.746206 0.468468 0.450283
0.000477296 25.9999 26.9668 25.0329 15.8689 16.6097 15.128 24.7279 0.966952 0.740828 0.464095 0.445729
0.000490805 25.795 26.7555 24.8345 15.741 16.4765 15.0055 24.4367 0.96049 0.735489 0.459761 0.441213
0.000504697 25.5914 26.5455 24.6373 15.6139 16.3441 14.8838 24.1483 0.954068 0.730188 0.455465 0.436734
0.000518981 25.3891 26.3368 24.4414 15.4877 16.2126 14.7628 23.8627 0.947684 0.724925 0.451208 0.432292
0.00053367 25.1881 26.1294 24.2467 15.3623 16.082 14.6426 23.5799 0.94134 0.7197 0.446989 0.427888
0.000548775 24.9883 25.9234 24.0533 15.2377 15.9522 14.5232 23.2999 0.935033 0.714513 0.442809 0.423519
0.000564307 24.7898 25.7186 23.8611 15.1139 15.8233 14.4046 23.0225 0.928764 0.709363 0.438666 0.419188
0.000580278 24.5926 25.5151 23.6701 14.9909 15.6952 14.2867 22.748 0.922533 0.70425 0.43456 0.414892
0.000596702 24.3966 25.3129 23.4803 14.8687 15.5679 14.1696 22.4761 0.916339 0.699173 0.430492 0.410632
0.000613591 24.2019 25.112 23.2917 14.7473 15.4415 14.0532 22.2069 0.910182 0.694133 0.426461 0.406407
0.000630957 24.0083 24.9124 23.1043 14.6267 15.3158 13.9376 21.9403 0.904061 0.689129 0.422466 0.402218
0.000648815 23.8161 24.7141 22.9181 14.5069 15.191 13.8227 21.6764 0.897977 0.684161 0.418508 0.398064
0.000667179 23.625 24.5169 22.7331 14.3878 15.0671 13.7086 21.415 0.891928 0.679228 0.414586 0.393944
0.000686062 23.4352 24.3211 22.5493 14.2696 14.9439 13.5952 21.1563 0.885915 0.67433 0.4107 0.38986
0.00070548 23.2466 24.1265 22.3666 14.1521 14.8215 13.4826 20.9001 0.879937 0.669468 0.406849 0.385809
0.000725448 23.0591 23.9331 22.1851 14.0353 14.7 13.3707 20.6465 0.873993 0.66464 0.403035 0.381793
0.00074598 22.8729 23.741 22.0048 13.9193 14.5792 13.2595 20.3954 0.868084 0.659847 0.399255 0.37781
0.000767094 22.6879 23.5501 21.8257 13.8041 14.4592 13.149 20.1468 0.862209 0.655087 0.39551 0.373861
0.000788805 22.504 23.3604 21.6477 13.6897 14.34 13.0393 19.9006 0.856367 0.650362 0.3918 0.369945
0.000811131 22.3214 23.1719 21.4708 13.576 14.2216 12.9303 19.657 0.850559 0.64567 0.388124 0.366062
0.000834088 22.1399 22.9846 21.2951 13.463 14.104 12.822 19.4157 0.844784 0.641012 0.384483 0.362213
0.000857696 21.9595 22.7986 21.1205 13.3508 13.9872 12.7144 19.1769 0.839041 0.636386 0.380875 0.358395
0.000881971 21.7804 22.6137 20.947 13.2393 13.8711 12.6075 18.9405 0.833331 0.631794 0.377301 0.35461
0.000906934 21.6023 22.43 20.7747 13.1286 13.7558 12.5013 18.7064 0.827652 0.627233 0.373761 0.350858
0.000932603 21.4255 22.2475 20.6035 13.0185 13.6412 12.3958 18.4748 0.822005 0.622705 0.370254 0.347137
0.000958999 21.2497 22.0661 20.4333 12.9092 13.5274 12.291 18.2454 0.816389 0.618209 0.366779 0.343448
0.000986142 21.0751 21.8859 20.2643 12.8007 13.4144 12.1869 18.0184 0.810803 0.613745 0.363338 0.33979
0.00101405 20.9017 21.7069 20.0964 12.6928 13.3021 12.0835 17.7937 0.805248 0.609312 0.359929 0.336163
0.00104275 20.7293 21.529 19.9296 12.5857 13.1906 11.9808 17.5712 0.799724 0.60491 0.356552 0.332568
0.00107227 20.5581 21.3523 19.7639 12.4792 13.0798 11.8787 17.351 0.794228 0.600539 0.353207 0.329003
0.00110262 20.388 21.1767 19.5992 12.3735 12.9697 11.7773 17.1331 0.788763 0.596199 0.349893 0.325469
0.00113382 20.219 21.0023 19.4356 12.2685 12.8604 11.6766 16.9173 0.783326 0.591889 0.346612 0.321965
0.00116591 20.051 20.8289 19.2731 12.1642 12.7518 11.5765 16.7038 0.777918 0.587609 0.343361 0.318491
0.00119891 19.8842 20.6567 19.1117 12.0605 12.6439 11.4772 16.4925 0.772538 0.583359 0.340142 0.315047
0.00123285 19.7185 20.4856 18.9513 11.9576 12.5367 11.3784 16.2833 0.767186 0.579139 0.336953 0.311632
0.00126774 19.5538 20.3157 18.7919 11.8553 12.4303 11.2804 16.0763 0.761861 0.574948 0.333795 0.308247
0.00130362 19.3902 20.1468 18.6337 11.7537 12.3245 11.183 15.8714 0.756564 0.570785 0.330667 0.304891
0.00134052 19.2277 19.979 18.4764 11.6528 12.2195 11.0862 15.6686 0.751294 0.566652 0.327568 0.301564
0.00137846 19.0662 19.8123 18.3202 11.5526 12.1152 10.9901 15.4679 0.74605 0.562547 0.3245 0.298267
0.00141747 18.9058 19.6467 18.165 11.453 12.0115 10.8946 15.2693 0.740832 0.55847 0.321462 0.294997
0.00145759 18.7465 19.4821 18.0108 11.3542 11.9086 10.7997 15.0727 0.73564 0.554422 0.318452 0.291756
0.00149885 18.5882 19.3186 17.8577 11.2559 11.8063 10.7055 14.8782 0.730473 0.550401 0.315472 0.288543
0.00154127 18.4309 19.1562 17.7056 11.1583 11.7048 10.6119 14.6857 0.725331 0.546407 0.31252 0.285357
0.00158489 18.2747 18.9949 17.5544 11.0614 11.6039 10.519 14.4952 0.720214 0.542441 0.309597 0.2822
0.00162975 18.1194 18.8346 17.4043 10.9652 11.5037 10.4267 14.3067 0.715122 0.538502 0.306703 0.27907
0.00167588 17.9653 18.6753 17.2552 10.8695 11.4041 10.3349 14.1202 0.710053 0.534589 0.303836 0.275967
0.00172331 17.8121 18.5171 17.1071 10.7745 11.3053 10.2438 13.9356 0.705007 0.530702 0.300997 0.272892
0.00177209 17.6599 18.3599 16.9599 10.6802 11.207 10.1534 13.7529 0.699985 0.526842 0.298186 0.269843
0.00182224 17.5087 18.2037 16.8138 10.5865 11.1095 10.0635 13.5722 0.694986 0.523008 0.295403 0.266821
0.00187382 17.3586 18.0486 16.6686 10.4934 11.0126 9.97422 13.3934 0.690009 0.519199 0.292646 0.263825
0.00192685 17.2094 17.8945 16.5243 10.401 10.9164 9.88555 13.2165 0.685054 0.515416 0.289916 0.260856
0.00198139 17.0612 17.7413 16.3811 10.3091 10.8208 9.79748 13.0414 0.680121 0.511658 0.287213 0.257913
0.00203747 16.914 17.5892 16.2388 10.2179 10.7258 9.71 12.8682 0.67521 0.507925 0.284536 0.254995
0.00209514 16.7678 17.4381 16.0975 10.1273 10.6315 9.62311 12.6968 0.670319 0.504216 0.281886 0.252104
0.00215443 16.6225 17.288 15.9571 10.0373 10.5379 9.53681 12.5273 0.665449 0.500532 0.279261 0.249238
0.00221541 16.4782 17.1388 15.8176 9.94797 10.4448 9.4511 12.3595 0.660599 0.496872 0.276662 0.246397
0.00227812 16.3349 16.9906 15.6791 9.8592 10.3524 9.36596 12.1936 0.655769 0.493236 0.274088 0.243581
0.00234259 16.1925 16.8434 15.5415 9.77103 10.2606 9.2814 12.0294 0.650959 0.489623 0.271539 0.24079
0.0024089 16.051 16.6972 15.4049 9.68345 10.1695 9.19742 11.867 0.646168 0.486033 0.269015 0.238024
0.00247708 15.9105 16.5519 15.2691 9.59647 10.0789 9.11401 11.7063 0.641395 0.482467 0.266516 0.235282
0.00254719 15.771 16.4076 15.1343 9.51008 9.989 9.03115 11.5474 0.636641 0.478923 0.264041 0.232565
0.00261928 15.6323 16.2642 15.0004 9.42427 9.89967 8.94887 11.3902 0.631905 0.475402 0.261591 0.229871
0.00269341 15.4946 16.1218 14.8674 9.33904 9.81095 8.86714 11.2346 0.627187 0.471904 0.259164 0.227202
0.00276965 15.3578 15.9803 14.7353 9.25439 9.72282 8.78596 11.0808 0.622486 0.468427 0.256761 0.224556
0.00284804 15.2219 15.8397 14.6041 9.17032 9.63529 8.70534 10.9286 0.617802 0.464972 0.254381 0.221935
0.00292864 15.087 15.7001 14.4738 9.08681 9.54835 8.62527 10.7781 0.613135 0.461539 0.252024 0.219336
0.00301153 14.9529 15.5614 14.3444 9.00387 9.46199 8.54574 10.6292 0.608483 0.458127 0.24969 0.216761
0.00309677 14.8197 15.4236 14.2159 8.92149 9.37623 8.46676 10.482 0.603848 0.454736 0.247379 0.214208
0.00318442 14.6874 15.2867 14.0882 8.83968 9.29104 8.38831 10.3363 0.599228 0.451365 0.24509 0.211679
0.00327455 14.556 15.1507 13.9614 8.75841 9.20643 8.3104 10.1923 0.594623 0.448016 0.242823 0.209172
0.00336723 14.4255 15.0156 13.8355 8.6777 9.12239 8.23301 10.0498 0.590033 0.444686 0.240578 0.206688
0.00346253 14.2959 14.8813 13.7104 8.59754 9.03891 8.15616 9.90891 0.585457 0.441377 0.238354 0.204226
0.00356053 14.1671 14.748 13.5862 8.51791 8.956 8.07983 9.76957 0.580895 0.438087 0.236152 0.201786
0.00366131 14.0392 14.6155 13.4629 8.43883 8.87365 8.00402 9.63177 0.576346 0.434816 0.23397 0.199368
0.00376494 13.9122 14.484 13.3403 8.36029 8.79186 7.92873 9.4955 0.571811 0.431565 0.23181 0.196971
0.0038715 13.786 14.3533 13.2187 8.28228 8.71061 7.85394 9.36074 0.567289 0.428333 0.229669 0.194597
0.00398107 13.6606 14.2234 13.0978 8.2048 8.62992 7.77968 9.22748 0.56278 0.425119 0.227549 0.192244
0.00409375 13.5361 14.0944 12.9778 8.12784 8.54977 7.70592 9.0957 0.558282 0.421924 0.225449 0.189912
0.00420962 13.4125 13.9663 12.8587 8.05141 8.47015 7.63266 8.9654 0.553797 0.418747 0.223368 0.187601
0.00432876 13.2896 13.839 12.7403 7.97549 8.39108 7.5599 8.83656 0.549323 0.415588 0.221307 0.185311
0.00445128 13.1676 13.7125 12.6228 7.90009 8.31253 7.48764 8.70917 0.544859 0.412447 0.219265 0.183042
0.00457727 13.0464 13.5869 12.506 7.82519 8.23451 7.41587 8.58321 0.540407 0.409323 0.217241 0.180793
0.00470682 12.9261 13.462 12.3901 7.75081 8.15702 7.34459 8.45867 0.535965 0.406216 0.215236 0.178565
0.00484003 12.8065 13.3381 12.275 7.67692 8.08005 7.2738 8.33554 0.531533 0.403126 0.213249 0.176357
0.00497702 12.6878 13.2149 12.1607 7.60354 8.00359 7.20349 8.2138 0.527111 0.400053 0.21128 0.174169
0.00511789 12.5698 13.0925 12.0471 7.53065 7.92765 7.13366 8.09345 0.522698 0.396996 0.209329 0.172001
0.00526274 12.4527 12.971 11.9344 7.45825 7.85221 7.0643 7.97447 0.518294 0.393955 0.207395 0.169853
0.0054117 12.3363 12.8502 11.8224 7.38635 7.77728 6.99542 7.85684 0.513899 0.39093 0.205478 0.167724
0.00556486 12.2208 12.7303 11.7112 7.31492 7.70284 6.927 7.74056 0.509512 0.38792 0.203578 0.165615
0.00572237 12.106 12.6111 11.6008 7.24398 7.62891 6.85905 7.62561 0.505133 0.384926 0.201694 0.163525
0.00588433 11.9919 12.4927 11.4912 7.17351 7.55546 6.79157 7.51199 0.500761 0.381947 0.199826 0.161454
0.00605088 11.8787 12.3751 11.3823 7.10352 7.4825 6.72454 7.39967 0.496397 0.378982 0.197975 0.159402
0.00622213 11.7662 12.2583 11.2742 7.034 7.41003 6.65796 7.28865 0.49204 0.376032 0.196138 0.157369
0.00639824 11.6545 12.1422 11.1668 6.96494 7.33803 6.59184 7.17891 0.48769 0.373096 0.194317 0.155355
0.00657933 11.5435 12.0269 11.0602 6.89634 7.26652 6.52617 7.07045 0.483346 0.370175 0.192511 0.153359
0.00676555 11.4333 11.9123 10.9543 6.82821 7.19547 6.46094 6.96325 0.479007 0.367267 0.190719 0.151381
0.00695704 11.3238 11.7985 10.8491 6.76052 7.12489 6.39615 6.8573 0.474675 0.364372 0.188942 0.149421
0.00715394 11.2151 11.6854 10.7447 6.69329 7.05478 6.3318 6.75259 0.470348 0.361491 0.187178 0.14748
0.00735642 11.1071 11.5731 10.641 6.6265 6.98513 6.26788 6.6491 0.466027 0.358622 0.185429 0.145556
0.00756463 10.9998 11.4615 10.5381 6.56016 6.91593 6.2044 6.54683 0.46171 0.355766 0.183692 0.14365
0.00777874 10.8932 11.3506 10.4358 6.49426 6.84718 6.14134 6.44576 0.457397 0.352923 0.181969 0.141761
0.0079989 10.7874 11.2405 10.3343 6.42879 6.77888 6.0787 6.34589 0.453089 0.350091 0.180258 0.13989
0.0082253 10.6823 11.1311 10.2335 6.36375 6.71103 6.01648 6.2472 0.448785 0.347272 0.17856 0.138036
0.0084581 10.5779 11.0223 10.1334 6.29915 6.64361 5.95468 6.14968 0.444485 0.344464 0.176873 0.1362
0.00869749 10.4741 10.9143 10.034 6.23496 6.57663 5.8933 6.05332 0.440188 0.341667 0.175199 0.13438
0.00894366 10.3711 10.807 9.93524 6.1712 6.51008 5.83232 5.95811 0.435895 0.338881 0.173536 0.132577
0.00919679 10.2688 10.7004 9.83721 6.10786 6.44396 5.77175 5.86403 0.431604 0.336106 0.171884 0.130791
0.00945709 10.1672 10.5945 9.73986 6.04492 6.37826 5.71158 5.77109 0.427316 0.333342 0.170242 0.129021
0.00972476 10.0662 10.4893 9.64319 5.9824 6.31299 5.65181 5.67926 0.423031 0.330588 0.168611 0.127268
0.01 9.96595 10.3847 9.5472 5.92028 6.24812 5.59243 5.58854 0.418749 0.327844 0.16699 0.12553
0.010283 9.86635 10.2808 9.45188 5.85856 6.18367 5.53345 5.49892 0.414468 0.325109 0.165379 0.123809
0.0105741 9.76741 10.1776 9.35722 5.79724 6.11962 5.47485 5.41037 0.410189 0.322384 0.163778 0.122104
0.0108734 9.66914 10.075 9.26322 5.73631 6.05598 5.41664 5.32291 0.405912 0.319668 0.162185 0.120415
0.0111811 9.57152 9.97316 9.16988 5.67577 5.99274 5.35881 5.23651 0.401637 0.316961 0.160601 0.118741
0.0114976 9.47456 9.87192 9.07719 5.61562 5.92989 5.30136 5.15116 0.397363 0.314262 0.159026 0.117083
0.011823 9.37824 9.77133 8.98515 5.55585 5.86743 5.24428 5.06686 0.393091 0.311572 0.157459 0.115441
0.0121576 9.28256 9.67138 8.89374 5.49646 5.80535 5.18757 4.9836 0.38882 0.30889 0.155899 0.113813
0.0125017 9.18752 9.57207 8.80297 5.43745 5.74366 5.13123 4.90135 0.38455 0.306216 0.154347 0.112201
0.0128556 9.09312 9.4734 8.71284 5.3788 5.68235 5.07525 4.82013 0.380281 0.303549 0.152802 0.110604
0.0132194 8.99933 9.37535 8.62332 5.32052 5.62141 5.01963 4.73991 0.376012 0.30089 0.151264 0.109021
0.0135936 8.90618 9.27792 8.53443 5.2626 5.56084 4.96436 4.66068 0.371745 0.298238 0.149733 0.107454
0.0139783 8.81363 9.18111 8.44616 5.20504 5.50063 4.90945 4.58244 0.367478 0.295592 0.148207 0.105901
0.0143739 8.7217 9.08491 8.35849 5.14784 5.44079 4.85488 4.50517 0.363212 0.292953 0.146687 0.104362
0.0147808 8.63038 8.98933 8.27143 5.09098 5.3813 4.80066 4.42887 0.358947 0.29032 0.145173 0.102838
0.0151991 8.53966 8.89434 8.18497 5.03448 5.32217 4.74678 4.35353 0.354682 0.287693 0.143665 0.101328
0.0156293 8.44953 8.79995 8.09911 4.97831 5.26338 4.69324 4.27914 0.350418 0.285072 0.142161 0.0998325
0.0160717 8.35999 8.70615 8.01384 4.92249 5.20494 4.64003 4.20568 0.346155 0.282456 0.140661 0.0983507
0.0165265 8.27104 8.61294 7.92915 4.867 5.14684 4.58715 4.13316 0.341893 0.279845 0.139166 0.0968827
0.0169943 8.18267 8.5203 7.84504 4.81183 5.08907 4.53459 4.06155 0.337631 0.27724 0.137675 0.0954285
0.0174753 8.09488 8.42825 7.76151 4.757 5.03164 4.48236 3.99085 0.333371 0.274639 0.136188 0.0939879
0.0179699 8.00766 8.33677 7.67854 4.70249 4.97453 4.43045 3.92106 0.329111 0.272042 0.134704 0.0925608
0.0184785 7.921 8.24585 7.59615 4.6483 4.91775 4.37885 3.85216 0.324852 0.26945 0.133223 0.0911471
0.0190015 7.8349 8.1555 7.51431 4.59442 4.86128 4.32756 3.78414 0.320595 0.266861 0.131745 0.0897467
0.0195393 7.74936 8.0657 7.43302 4.54086 4.80513 4.27658 3.71699 0.316339 0.264277 0.13027 0.0883594
0.0200923 7.66437 7.97646 7.35229 4.4876 4.74929 4.2259 3.65071 0.312085 0.261695 0.128797 0.0869852
0.020661 7.57993 7.88776 7.27209 4.43464 4.69376 4.17553 3.58529 0.307833 0.259117 0.127326 0.0856239
0.0212458 7.49602 7.7996 7.19244 4.38199 4.63853 4.12544 3.52072 0.303583 0.256542 0.125857 0.0842754
0.0218471 7.41265 7.71198 7.11331 4.32962 4.58359 4.07565 3.45698 0.299335 0.253969 0.124389 0.0829397
0.0224655 7.32981 7.6249 7.03472 4.27755 4.52895 4.02615 3.39408 0.29509 0.251399 0.122923 0.0816165
0.0231013 7.24749 7.53834 6.95665 4.22577 4.4746 3.97694 3.332 0.290848 0.248831 0.121458 0.0803058
0.0237551 7.1657 7.45231 6.87909 4.17427 4.42053 3.928 3.27074 0.286609 0.246266 0.119995 0.0790076
0.0244275 7.08442 7.36679 6.80204 4.12304 4.36674 3.87934 3.21027 0.282374 0.243702 0.118531 0.0777216
0.0251189 7.00364 7.28179 6.7255 4.07209 4.31323 3.83095 3.15061 0.278143 0.241139 0.117069 0.0764478
0.0258298 6.92337 7.19729 6.64946 4.02142 4.26 3.78284 3.09174 0.273916 0.238578 0.115606 0.0751861
0.0265609 6.8436 7.1133 6.57391 3.97101 4.20702 3.73499 3.03364 0.269694 0.236018 0.114144 0.0739363
0.0273126 6.76433 7.0298 6.49885 3.92086 4.15432 3.6874 2.97632 0.265478 0.23346 0.112683 0.0726985
0.0280857 6.68554 6.94681 6.42427 3.87097 4.10187 3.64007 2.91976 0.261267 0.230902 0.111221 0.0714724
0.0288806 6.60723 6.8643 6.35017 3.82133 4.04968 3.59299 2.86396 0.257063 0.228344 0.109758 0.0702581
0.029698 6.52941 6.78227 6.27654 3.77195 3.99774 3.54616 2.80891 0.252865 0.225787 0.108296 0.0690553
0.0305386 6.45205 6.70073 6.20337 3.72281 3.94605 3.49958 2.7546 0.248675 0.22323 0.106833 0.0678641
0.0314029 6.37516 6.61966 6.13067 3.67392 3.8946 3.45325 2.70102 0.244493 0.220673 0.10537 0.0666843
0.0322917 6.29874 6.53906 6.05842 3.62527 3.84339 3.40715 2.64816 0.24032 0.218116 0.103906 0.0655158
0.0332057 6.22277 6.45892 5.98661 3.57685 3.79241 3.36129 2.59602 0.236156 0.215559 0.102442 0.0643586
0.0341455 6.14725 6.37925 5.91524 3.52866 3.74166 3.31566 2.54459 0.232003 0.213001 0.100977 0.0632125
0.0351119 6.07217 6.30003 5.84431 3.4807 3.69115 3.27026 2.49386 0.227859 0.210443 0.0995116 0.0620776
0.0361057 5.99754 6.22127 5.77381 3.43297 3.64085 3.22508 2.44382 0.223728 0.207884 0.0980455 0.0609536
0.0371276 5.92334 6.14295 5.70373 3.38545 3.59078 3.18013 2.39447 0.219608 0.205324 0.0965789 0.0598406
0.0381784 5.84957 6.06507 5.63407 3.33815 3.54092 3.13539 2.3458 0.215502 0.202763 0.0951117 0.0587384
0.039259 5.77623 5.98763 5.56482 3.29107 3.49127 3.09087 2.2978 0.211409 0.200202 0.093644 0.0576469
0.0403702 5.7033 5.91063 5.49597 3.24419 3.44183 3.04655 2.25046 0.207331 0.197638 0.0921759 0.0565662
0.0415128 5.63078 5.83405 5.42751 3.19752 3.39259 3.00245 2.20378 0.203269 0.195074 0.0907075 0.0554962
0.0426877 5.55867 5.7579 5.35945 3.15105 3.34356 2.95854 2.15775 0.199223 0.192509 0.089239 0.0544366
0.0438959 5.48697 5.68216 5.29177 3.10478 3.29472 2.91484 2.11236 0.195194 0.189942 0.0877704 0.0533876
0.0451383 5.41566 5.60684 5.22447 3.0587 3.24608 2.87133 2.0676 0.191184 0.187373 0.0863019 0.052349
0.0464159 5.34473 5.53193 5.15754 3.01282 3.19762 2.82802 2.02348 0.187192 0.184803 0.0848337 0.0513208
0.0477296 5.2742 5.45742 5.09097 2.96712 3.14936 2.78489 1.97997 0.183221 0.182232 0.083366 0.0503029
0.0490805 5.20404 5.38331 5.02477 2.92161 3.10127 2.74196 1.93707 0.179271 0.179659 0.081899 0.0492953
0.0504697 5.13425 5.30959 4.95891 2.87629 3.05337 2.6992 1.89478 0.175343 0.177084 0.0804329 0.0482978
0.0518981 5.06483 5.23627 4.89339 2.83114 3.00565 2.65663 1.8531 0.171438 0.174508 0.078968 0.0473105
0.053367 4.99577 5.16333 4.82821 2.78617 2.9581 2.61424 1.812 0.167558 0.171931 0.0775045 0.0463333
0.0548775 4.92706 5.09076 4.76336 2.74137 2.91072 2.57202 1.77149 0.163702 0.169352 0.0760428 0.0453662
0.0564307 4.85871 5.01858 4.69883 2.69674 2.86351 2.52997 1.73156 0.159873 0.166771 0.0745831 0.0444091
0.0580278 4.79069 4.94676 4.63462 2.65228 2.81647 2.48809 1.6922 0.156072 0.16419 0.0731259 0.0434619
0.0596702 4.72301 4.87531 4.57071 2.60799 2.76959 2.44638 1.65341 0.152298 0.161607 0.0716713 0.0425246
0.0613591 4.65566 4.80422 4.50711 2.56386 2.72288 2.40483 1.61518 0.148555 0.159023 0.0702199 0.0415972
0.0630957 4.58864 4.73348 4.4438 2.51989 2.67633 2.36345 1.5775 0.144842 0.156438 0.0687719 0.0406797
0.0648815 4.52194 4.6631 4.38077 2.47608 2.62993 2.32223 1.54037 0.141161 0.153853 0.0673278 0.039772
0.0667179 4.45554 4.59305 4.31803 2.43243 2.58369 2.28116 1.50378 0.137513 0.151266 0.065888 0.0388741
0.0686062 4.38945 4.52335 4.25555 2.38893 2.53761 2.24025 1.46773 0.133898 0.14868 0.064453 0.0379859
0.070548 4.32366 4.45398 4.19334 2.34559 2.49169 2.1995 1.43221 0.130319 0.146093 0.0630231 0.0371075
0.0725448 4.25816 4.38494 4.13138 2.3024 2.44591 2.1589 1.39721 0.126776 0.143506 0.0615988 0.0362388
0.074598 4.19295 4.31622 4.06968 2.25937 2.40029 2.11845 1.36273 0.123271 0.14092 0.0601807 0.0353798
0.0767094 4.12801 4.24782 4.00821 2.21648 2.35482 2.07815 1.32875 0.119803 0.138334 0.0587691 0.0345304
0.0788805 4.06335 4.17973 3.94698 2.17375 2.3095 2.038 1.29529 0.116376 0.135749 0.0573646 0.0336908
0.0811131 3.99896 4.11195 3.88597 2.13117 2.26433 1.998 1.26233 0.112989 0.133165 0.0559677 0.0328608
0.0834088 3.93482 4.04446 3.82518 2.08873 2.21931 1.95815 1.22986 0.109643 0.130583 0.0545789 0.0320405
0.0857696 3.87094 3.97728 3.7646 2.04645 2.17445 1.91844 1.19788 0.10634 0.128003 0.0531988 0.0312299
0.0881971 3.8073 3.91038 3.70422 2.00432 2.12974 1.87889 1.16639 0.103081 0.125425 0.0518278 0.0304289
0.0906934 3.74391 3.84377 3.64404 1.96233 2.08518 1.83948 1.13538 0.0998665 0.122851 0.0504665 0.0296375
0.0932603 3.68074 3.77744 3.58405 1.92051 2.04078 1.80023 1.10484 0.0966976 0.120279 0.0491154 0.0288559
0.0958999 3.61781 3.71138 3.52423 1.87883 1.99654 1.76112 1.07477 0.0935754 0.117711 0.0477751 0.0280839
0.0986142 3.55509 3.64559 3.46459 1.83731 1.95246 1.72217 1.04517 0.0905007 0.115148 0.0464461 0.0273217
0.101405 3.49258 3.58006 3.40511 1.79595 1.90854 1.68336 1.01603 0.0874745 0.112589 0.045129 0.0265691
0.104275 3.43029 3.51478 3.34579 1.75475 1.86479 1.64472 0.987349 0.0844975 0.110036 0.0438244 0.0258263
0.107227 3.36819 3.44976 3.28662 1.71372 1.82121 1.60623 0.959118 0.0815706 0.107489 0.0425327 0.0250933
0.110262 3.30628 3.38498 3.22759 1.67285 1.7778 1.5679 0.931336 0.0786948 0.104949 0.0412545 0.0243701
0.113382 3.24457 3.32044 3.1687 1.63215 1.73457 1.52974 0.903999 0.0758706 0.102417 0.0399904 0.0236567
0.116591 3.18303 3.25613 3.10993 1.59163 1.69152 1.49174 0.877103 0.0730987 0.0998921 0.0387409 0.0229532
0.119891 3.12167 3.19205 3.05129 1.55129 1.64867 1.45391 0.850644 0.07038 0.0973765 0.0375065 0.0222596
0.123285 3.06048 3.12819 2.99276 1.51114 1.60601 1.41627 0.824619 0.067715 0.0948705 0.0362877 0.0215759
0.126774 2.99945 3.06455 2.93435 1.47117 1.56355 1.3788 0.799024 0.0651043 0.092375 0.0350851 0.0209023
0.130362 2.93858 3.00113 2.87603 1.43141 1.5213 1.34152 0.773857 0.0625484 0.0898908 0.0338992 0.0202387
0.134052 2.87786 2.93791 2.81781 1.39185 1.47927 1.30443 0.749114 0.0600479 0.0874188 0.0327304 0.0195852
0.137846 2.81729 2.87489 2.75968 1.35251 1.43747 1.26755 0.724793 0.0576032 0.0849599 0.0315793 0.0189419
0.141747 2.75686 2.81207 2.70164 1.31339 1.3959 1.23087 0.700891 0.0552146 0.0825151 0.0304462 0.0183088
0.145759 2.69656 2.74945 2.64368 1.2745 1.35458 1.19441 0.677406 0.0528826 0.0800852 0.0293318 0.0176861
0.149885 2.6364 2.68701 2.5858 1.23585 1.31352 1.15818 0.654336 0.0506074 0.0776714 0.0282363 0.0170737
0.154127 2.57638 2.62477 2.52799 1.19745 1.27273 1.12218 0.631678 0.0483893 0.0752745 0.0271602 0.0164717
0.158489 2.51647 2.5627 2.47025 1.15932 1.23221 1.08642 0.609431 0.0462284 0.0728958 0.026104 0.0158802
0.162975 2.4567 2.50082 2.41257 1.12146 1.192 1.05093 0.587593 0.044125 0.0705363 0.025068 0.0152994
0.167588 2.39704 2.43912 2.35496 1.0839 1.15209 1.0157 0.566162 0.042079 0.0681971 0.0240526 0.0147292
0.172331 2.33751 2.3776 2.29742 1.04663 1.11251 0.980755 0.545138 0.0400905 0.0658793 0.0230581 0.0141698
0.177209 2.27809 2.31625 2.23994 1.00969 1.07327 0.946106 0.524519 0.0381594 0.0635841 0.0220848 0.0136212
0.182224 2.2188 2.25509 2.18252 0.973079 1.03439 0.911767 0.504305 0.0362857 0.0613127 0.0211332 0.0130835
0.187382 2.15963 2.1941 2.12516 0.93682 0.995887 0.877754 0.484494 0.0344693 0.0590664 0.0202034 0.0125569
0.192685 2.10059 2.1333 2.06788 0.90093 0.957776 0.844083 0.465087 0.0327099 0.0568464 0.0192958 0.0120413
0.198139 2.04167 2.07267 2.01066 0.865428 0.920081 0.810774 0.446083 0.0310073 0.0546538 0.0184105 0.011537
0.203747 1.98288 2.01224 1.95352 0.830332 0.882822 0.777842 0.427482 0.0293612 0.0524901 0.0175478 0.0110439
0.209514 1.92423 1.952 1.89646 0.795666 0.846022 0.745309 0.409283 0.0277713 0.0503565 0.0167079 0.0105622
0.215443 1.86573 1.89197 1.83949 0.76145 0.809705 0.713196 0.391488 0.0262371 0.0482542 0.0158909 0.0100919
0.221541 1.80739 1.83214 1.78263 0.727708 0.773893 0.681523 0.374096 0.0247581 0.0461846 0.0150971 0.00963321
0.227812 1.7492 1.77254 1.72587 0.694463 0.738613 0.650314 0.357108 0.0233339 0.0441491 0.0143264 0.00918608
0.234259 1.6912 1.71317 1.66924 0.661742 0.703891 0.619593 0.340526 0.021964 0.0421488 0.0135791 0.00875062
0.24089 1.6334 1.65404 1.61275 0.629571 0.669756 0.589386 0.324348 0.0206475 0.0401851 0.0128551 0.00832689
0.247708 1.5758 1.59518 1.55642 0.597979 0.636238 0.559719 0.308578 0.019384 0.0382594 0.0121545 0.00791494
0.254719 1.51844 1.53661 1.50026 0.566994 0.603367 0.530622 0.293215 0.0181727 0.0363728 0.0114773 0.0075148
0.261928 1.46133 1.47834 1.44432 0.53665 0.571177 0.502123 0.278261 0.0170128 0.0345266 0.0108234 0.00712649
0.269341 1.40451 1.42041 1.38861 0.50698 0.539702 0.474258 0.263718 0.0159034 0.0327222 0.0101926 0.00674997
0.276965 1.348 1.36284 1.33316 0.478023 0.508983 0.447062 0.249587 0.0148437 0.0309605 0.00958499 0.0063852
0.284804 1.29185 1.30568 1.27801 0.449822 0.479065 0.420579 0.235871 0.0138326 0.0292428 0.00900015 0.00603204
0.292864 1.23608 1.24895 1.22321 0.422436 0.450006 0.394866 0.222571 0.0128691 0.0275701 0.00843777 0.00569026
0.301153 1.18077 1.19272 1.16882 0.395954 0.421897 0.370011 0.209693 0.0119518 0.0259431 0.00789725 0.00535938
0.309677 1.12598 1.13706 1.11491 0.370615 0.394977 0.346252 0.197244 0.0110788 0.0243625 0.00737726 0.00503814
0.318442 1.08657 1.09733 1.07581 0.355075 0.378849 0.331302 0.192655 0.0107567 0.0237734 0.00718242 0.00491559
0.321833 1.06646 1.0769 1.05601 0.345657 0.368854 0.32246 0.188171 0.0104442 0.0231974 0.00699272 0.00479595
0.325224 1.04662 1.05677 1.03648 0.336449 0.359083 0.313815 0.183791 0.0101409 0.0226342 0.006808 0.00467914
0.328614 1.02707 1.03691 1.01722 0.327447 0.349531 0.305364 0.179512 0.00984669 0.0220834 0.00662812 0.00456508
0.332005 1.00778 1.01734 0.998221 0.318648 0.340193 0.297103 0.17533 0.00956111 0.0215448 0.00645295 0.00445371
0.335396 0.988764 0.998048 0.97948 0.310047 0.331065 0.289029 0.171244 0.00928393 0.0210181 0.00628234 0.00434495
0.338787 0.97001 0.979025 0.960995 0.301639 0.322143 0.281136 0.167251 0.00901488 0.0205031 0.00611616 0.00423873
0.342178 0.951515 0.960269 0.942761 0.293423 0.313422 0.273423 0.163349 0.0087537 0.0199994 0.0059543 0.004135
0.345569 0.933277 0.941777 0.924777 0.285393 0.3049 0.265886 0.159535 0.00850012 0.019507 0.00579662 0.00403368
0.348959 0.915292 0.923546 0.907038 0.277546 0.296571 0.25852 0.155806 0.00825392 0.0190254 0.00564302 0.00393472
0.35235 0.897556 0.905571 0.889541 0.269878 0.288433 0.251324 0.152162 0.00801485 0.0185545 0.00549337 0.00383806
0.355741 0.880067 0.88785 0.872284 0.262387 0.280481 0.244293 0.1486 0.00778269 0.018094 0.00534756 0.00374364
0.359132 0.862821 0.870378 0.855264 0.255068 0.272712 0.237424 0.145117 0.00755722 0.0176438 0.0052055 0.0036514
0.362523 0.845816 0.853154 0.838477 0.247918 0.265122 0.230715 0.141713 0.00733824 0.0172035 0.00506708 0.00356129
0.365914 0.829047 0.836173 0.821921 0.240934 0.257707 0.224161 0.138384 0.00712554 0.016773 0.00493219 0.00347326
0.369305 0.812513 0.819432 0.805594 0.234113 0.250466 0.217761 0.13513 0.00691892 0.0163521 0.00480075 0.00338726
0.372695 0.796211 0.802929 0.789493 0.227452 0.243393 0.211511 0.131947 0.00671821 0.0159406 0.00467265 0.00330323
0.376086 0.780138 0.786661 0.773615 0.220947 0.236485 0.205409 0.128836 0.00652321 0.0155382 0.00454781 0.00322114
0.379477 0.764292 0.770625 0.757958 0.214596 0.229741 0.199451 0.125793 0.00633375 0.0151448 0.00442614 0.00314092
0.382868 0.748669 0.754819 0.742519 0.208395 0.223155 0.193635 0.122817 0.00614967 0.0147602 0.00430755 0.00306254
0.386259 0.733269 0.73924 0.727298 0.202342 0.216726 0.187958 0.119908 0.00597081 0.0143841 0.00419196 0.00298596
0.38965 0.718087 0.723884 0.71229 0.196434 0.21045 0.182417 0.117062 0.005797 0.0140165 0.0040793 0.00291112
0.39304 0.703123 0.708751 0.697495 0.190667 0.204324 0.17701 0.114279 0.00562809 0.0136571 0.00396948 0.002838
0.396431 0.688374 0.693838 0.68291 0.18504 0.198346 0.171734 0.111557 0.00546393 0.0133058 0.00386244 0.00276654
0.399822 0.673837 0.679142 0.668533 0.179549 0.192512 0.166587 0.108895 0.0053044 0.0129624 0.00375809 0.00269672
0.403213 0.659511 0.66466 0.654362 0.174193 0.186819 0.161566 0.106292 0.00514934 0.0126267 0.00365636 0.00262848
0.406604 0.645393 0.650391 0.640394 0.168967 0.181266 0.156669 0.103745 0.00499863 0.0122986 0.0035572 0.0025618
0.409995 0.631482 0.636334 0.626629 0.163871 0.175848 0.151893 0.101255 0.00485213 0.0119779 0.00346053 0.00249664
0.413385 0.617775 0.622485 0.613065 0.1589 0.170564 0.147236 0.0988186 0.00470974 0.0116644 0.00336628 0.00243297
0.416776 0.604271 0.608842 0.599699 0.154053 0.165411 0.142695 0.0964357 0.00457131 0.011358 0.0032744 0.00237074
0.420167 0.590967 0.595404 0.586531 0.149328 0.160386 0.138269 0.0941048 0.00443675 0.0110586 0.00318483 0.00230993
0.423558 0.577863 0.582169 0.573557 0.144721 0.155487 0.133955 0.0918249 0.00430594 0.010766 0.0030975 0.0022505
0.426949 0.564956 0.569134 0.560777 0.140231 0.150711 0.129751 0.0895948 0.00417877 0.0104801 0.00301236 0.00219243
0.43034 0.552243 0.556299 0.548188 0.135855 0.146056 0.125655 0.0874134 0.00405513 0.0102007 0.00292935 0.00213568
0.43373 0.539725 0.54366 0.53579 0.131591 0.141519 0.121664 0.0852796 0.00393493 0.00992775 0.00284842 0.00208022
0.437121 0.527398 0.531216 0.52358 0.127437 0.137098 0.117776 0.0831923 0.00381807 0.00966102 0.00276952 0.00202602
0.440512 0.515262 0.518966 0.511558 0.123391 0.132791 0.11399 0.0811505 0.00370444 0.00940043 0.0026926 0.00197306
0.443903 0.503314 0.506908 0.499721 0.119449 0.128595 0.110304 0.0791533 0.00359397 0.00914584 0.0026176 0.00192131
0.447294 0.491554 0.49504 0.488067 0.115611 0.124508 0.106714 0.0771996 0.00348656 0.00889714 0.00254448 0.00187074
0.450685 0.479979 0.483361 0.476597 0.111874 0.120529 0.10322 0.0752886 0.00338212 0.00865421 0.0024732 0.00182132
0.454075 0.468588 0.471868 0.465307 0.108236 0.116653 0.0998194 0.0734193 0.00328058 0.00841692 0.0024037 0.00177303
0.457466 0.457379 0.460561 0.454197 0.104695 0.11288 0.0965101 0.0715907 0.00318185 0.00818515 0.00233594 0.00172585
0.460857 0.446351 0.449436 0.443265 0.101249 0.109208 0.0932904 0.0698021 0.00308585 0.0079588 0.00226988 0.00167975
0.464248 0.435502 0.438494 0.432509 0.0978962 0.105634 0.0901584 0.0680526 0.0029925 0.00773775 0.00220548 0.0016347
0.467639 0.424831 0.427733 0.421929 0.0946342 0.102156 0.0871123 0.0663413 0.00290175 0.00752189 0.0021427 0.00159069
0.47103 0.414337 0.41715 0.411523 0.0914614 0.0987725 0.0841503 0.0646674 0.0028135 0.00731112 0.00208149 0.00154769
0.47442 0.404017 0.406745 0.401289 0.0883758 0.0954811 0.0812705 0.0630301 0.00272769 0.00710533 0.00202183 0.00150568
0.477811 0.393871 0.396515 0.391227 0.0853756 0.09228 0.0784712 0.0614287 0.00264427 0.00690442 0.00196366 0.00146464
0.481202 0.383897 0.38646 0.381334 0.082459 0.0891673 0.0757507 0.0598624 0.00256315 0.00670829 0.00190697 0.00142455
0.484593 0.374093 0.376578 0.371609 0.0796242 0.086141 0.0731073 0.0583305 0.00248428 0.00651683 0.0018517 0.00138538
0.487984 0.364459 0.366867 0.362052 0.0768694 0.0831993 0.0705394 0.0568322 0.0024076 0.00632996 0.00179783 0.00134712
0.491375 0.354993 0.357326 0.35266 0.0741928 0.0803403 0.0680452 0.0553668 0.00233304 0.00614757 0.00174533 0.00130975
0.494765 0.345693 0.347953 0.343432 0.0715927 0.0775623 0.0656232 0.0539337 0.00226056 0.00596958 0.00169415 0.00127325
0.498156 0.336558 0.338748 0.334368 0.0690676 0.0748635 0.0632717 0.0525322 0.00219009 0.00579589 0.00164427 0.0012376
0.501547 0.327587 0.329708 0.325465 0.0666155 0.072242 0.0609891 0.0511616 0.00212158 0.00562642 0.00159566 0.00120278
0.504938 0.318777 0.320832 0.316723 0.0642351 0.0696961 0.058774 0.0498213 0.00205498 0.00546107 0.00154829 0.00116878
0.508329 0.310129 0.31212 0.308139 0.0619246 0.0672243 0.0566248 0.0485107 0.00199023 0.00529977 0.00150212 0.00113558
0.51172 0.301641 0.303568 0.299713 0.0596823 0.0648248 0.0545399 0.0472291 0.00192729 0.00514243 0.00145714 0.00110316
0.51511 0.29331 0.295176 0.291444 0.0575069 0.0624959 0.052518 0.045976 0.00186611 0.00498896 0.0014133 0.00107151
0.518501 0.285136 0.286943 0.28333 0.0553967 0.060236 0.0505575 0.0447507 0.00180664 0.00483928 0.00137059 0.0010406
0.521892 0.277118 0.278867 0.275369 0.0533503 0.0580436 0.048657 0.0435528 0.00174883 0.00469332 0.00132898 0.00101043
0.525283 0.269253 0.270946 0.267561 0.0513661 0.0559171 0.0468151 0.0423816 0.00169265 0.004551 0.00128845 0.000980973
0.528674 0.261542 0.26318 0.259904 0.0494427 0.0538549 0.0450304 0.0412366 0.00163805 0.00441224 0.00124895 0.000952224
0.532065 0.253981 0.255566 0.252396 0.0475786 0.0518556 0.0433016 0.0401173 0.00158498 0.00427697 0.00121049 0.000924163
0.535455 0.24657 0.248104 0.245037 0.0457724 0.0499175 0.0416273 0.0390231 0.00153341 0.00414512 0.00117302 0.000896777
0.538846 0.239308 0.240791 0.237825 0.0440227 0.0480393 0.0400061 0.0379536 0.0014833 0.00401661 0.00113652 0.000870051
0.542237 0.232193 0.233628 0.230758 0.0423282 0.0462195 0.0384368 0.0369083 0.00143461 0.00389137 0.00110098 0.000843974
0.545628 0.225224 0.226611 0.223836 0.0406874 0.0444568 0.0369181 0.0358866 0.0013873 0.00376933 0.00106637 0.00081853
0.549019 0.218398 0.21974 0.217057 0.0390992 0.0427497 0.0354488 0.0348881 0.00134134 0.00365043 0.00103267 0.000793706
0.55241 0.211716 0.213013 0.210419 0.0375621 0.0410967 0.0340275 0.0339123 0.00129669 0.0035346 0.000999861 0.000769492
0.5558 0.205175 0.206428 0.203922 0.0360749 0.0394967 0.0326531 0.0329588 0.00125331 0.00342177 0.000967917 0.000745872
0.559191 0.198774 0.199985 0.197563 0.0346364 0.0379482 0.0313245 0.0320271 0.00121118 0.00331189 0.00093682 0.000722836
0.562582 0.192512 0.193682 0.191341 0.0332452 0.0364501 0.0300403 0.0311168 0.00117026 0.00320488 0.000906551 0.000700372
0.565973 0.186387 0.187517 0.185256 0.0319002 0.0350009 0.0287995 0.0302275 0.00113051 0.00310069 0.00087709 0.000678467
0.569364 0.180397 0.181489 0.179305 0.0306002 0.0335994 0.0276009 0.0293587 0.00109192 0.00299926 0.00084842 0.000657111
0.572755 0.174542 0.175596 0.173487 0.029344 0.0322445 0.0264435 0.02851 0.00105445 0.00290052 0.000820522 0.000636292
0.576146 0.168819 0.169838 0.167801 0.0281304 0.0309349 0.025326 0.0276811 0.00101806 0.00280443 0.000793378 0.000615998
0.579536 0.163228 0.164211 0.162246 0.0269584 0.0296693 0.0242475 0.0268715 0.00098274 0.00271091 0.000766971 0.00059622
0.582927 0.157767 0.158716 0.156819 0.0258268 0.0284468 0.0232069 0.0260809 0.000948451 0.00261993 0.000741284 0.000576947
0.586318 0.152434 0.15335 0.151519 0.0247346 0.027266 0.0222032 0.0253089 0.00091517 0.00253141 0.0007163 0.000558168
0.589709 0.147228 0.148111 0.146346 0.0236806 0.0261259 0.0212353 0.0245551 0.000882871 0.00244531 0.000692002 0.000539874
0.5931 0.142148 0.142999 0.141296 0.0226638 0.0250254 0.0203022 0.0238192 0.000851527 0.00236158 0.000668376 0.000522053
0.596491 0.137191 0.138012 0.13637 0.0216832 0.0239633 0.019403 0.0231008 0.000821114 0.00228016 0.000645406 0.000504698
0.599881 0.132357 0.133148 0.131565 0.0207377 0.0229387 0.0185367 0.0223995 0.000791609 0.002201 0.000623076 0.000487797
0.603272 0.127643 0.128406 0.12688 0.0198265 0.0219505 0.0177024 0.0217151 0.000762987 0.00212406 0.000601373 0.000471342
0.606663 0.123049 0.123784 0.122314 0.0189484 0.0209977 0.0168992 0.0210472 0.000735227 0.00204927 0.00058028 0.000455323
0.610054 0.118572 0.119281 0.117864 0.0181027 0.0200793 0.0161261 0.0203954 0.000708305 0.00197661 0.000559785 0.000439732
0.613445 0.114212 0.114894 0.11353 0.0172882 0.0191942 0.0153822 0.0197595 0.000682199 0.00190601 0.000539873 0.00042456
0.616836 0.109966 0.110623 0.109309 0.0165042 0.0183416 0.0146668 0.0191392 0.00065689 0.00183743 0.00052053 0.000409797
0.620226 0.105833 0.106465 0.105201 0.0157497 0.0175205 0.0139788 0.018534 0.000632355 0.00177084 0.000501745 0.000395436
0.623617 0.101812 0.10242 0.101203 0.0150238 0.01673 0.0133177 0.0179438 0.000608576 0.00170617 0.000483503 0.000381468
0.627008 0.0978999 0.0984854 0.0973144 0.0143258 0.0159692 0.0126824 0.0173683 0.000585532 0.00164339 0.000465792 0.000367885
0.630399 0.0940965 0.0946597 0.0935333 0.0136547 0.0152371 0.0120722 0.0168071 0.000563204 0.00158245 0.0004486 0.000354678
0.63379 0.0903997 0.0909413 0.0898582 0.0130097 0.014533 0.0114864 0.01626 0.000541574 0.00152332 0.000431915 0.000341841
0.637181 0.086808 0.0873286 0.0862873 0.01239 0.013856 0.0109241 0.0157266 0.000520624 0.00146595 0.000415724 0.000329365
0.640571 0.0833196 0.0838199 0.0828192 0.0117949 0.0132052 0.0103846 0.0152068 0.000500335 0.00141031 0.000400016 0.000317242
0.643962 0.0799329 0.0804136 0.0794522 0.0112236 0.0125799 0.00986726 0.0147003 0.000480691 0.00135634 0.00038478 0.000305465
0.647353 0.0766464 0.077108 0.0761847 0.0106753 0.0119793 0.00937128 0.0142067 0.000461675 0.00130401 0.000370005 0.000294027
0.650744 0.0734583 0.0739016 0.073015 0.0101493 0.0114026 0.00889598 0.0137259 0.00044327 0.00125329 0.000355679 0.000282921
0.654135 0.070367 0.0707925 0.0699416 0.00964482 0.010849 0.00844068 0.0132576 0.000425459 0.00120414 0.000341792 0.000272139
0.657526 0.0673709 0.0677791 0.0669627 0.00916124 0.0103178 0.00800473 0.0128015 0.000408229 0.00115651 0.000328334 0.000261674
0.660916 0.0644683 0.0648599 0.0640768 0.00869785 0.00980823 0.00758748 0.0123574 0.000391562 0.00111037 0.000315295 0.00025152
0.664307 0.0616576 0.062033 0.0612821 0.00825398 0.00931968 0.00718828 0.0119251 0.000375445 0.0010657 0.000302663 0.00024167
0.667698 0.0589369 0.0592968 0.0585771 0.00782897 0.00885141 0.00680653 0.0115043 0.000359862 0.00102244 0.000290431 0.000232117
0.671089 0.0563048 0.0566496 0.05596 0.00742219 0.00840277 0.00644162 0.0110948 0.0003448 0.000980573 0.000278587 0.000222854
0.67448 0.0537596 0.0540898 0.0534293 0.00703302 0.00797308 0.00609296 0.0106963 0.000330244 0.000940059 0.000267122 0.000213876
0.677871 0.0512995 0.0516157 0.0509833 0.00666085 0.00756172 0.00575999 0.0103088 0.000316181 0.000900865 0.000256028 0.000205176
0.681261 0.0489228 0.0492254 0.0486202 0.00630509 0.00716805 0.00544213 0.00993181 0.000302599 0.000862959 0.000245295 0.000196747
0.684652 0.046628 0.0469175 0.0463385 0.00596517 0.00679148 0.00513886 0.00956527 0.000289482 0.00082631 0.000234915 0.000188584
0.688043 0.0444133 0.0446901 0.0441365 0.00564053 0.00643141 0.00484964 0.00920895 0.00027682 0.000790886 0.000224878 0.000180681
0.691434 0.0422771 0.0425417 0.0420125 0.00533061 0.00608726 0.00457395 0.00886262 0.0002646 0.000756656 0.000215176 0.000173032
0.694825 0.0402176 0.0404704 0.0399648 0.00503489 0.00575848 0.0043113 0.0085261 0.00025281 0.00072359 0.000205801 0.00016563
0.698216 0.0382332 0.0384747 0.0379918 0.00475284 0.0054445 0.00406118 0.00819918 0.000241438 0.000691659 0.000196744 0.000158471
0.701606 0.0363223 0.0365527 0.0360918 0.00448397 0.00514481 0.00382314 0.00788166 0.000230472 0.000660833 0.000187998 0.000151549
0.704997 0.0344831 0.034703 0.0342632 0.00422778 0.00485887 0.0035967 0.00757335 0.000219901 0.000631085 0.000179555 0.000144857
0.708388 0.032714 0.0329237 0.0325043 0.0039838 0.00458619 0.00338142 0.00727406 0.000209715 0.000602385 0.000171406 0.000138391
0.711779 0.0310134 0.0312133 0.0308135 0.00375157 0.00432627 0.00317686 0.00698362 0.000199902 0.000574708 0.000163545 0.000132146
0.71517 0.0293795 0.02957 0.0291891 0.00353062 0.00407864 0.00298259 0.00670182 0.000190452 0.000548025 0.000155964 0.000126116
0.718561 0.0278108 0.0279922 0.0276295 0.00332052 0.00384283 0.00279821 0.0064285 0.000181355 0.000522311 0.000148655 0.000120295
0.721951 0.0263056 0.0264782 0.026133 0.00312085 0.00361839 0.00262332 0.00616348 0.000172601 0.000497539 0.000141611 0.00011468
0.725342 0.0248623 0.0250265 0.0246981 0.0029312 0.00340488 0.00245752 0.00590657 0.00016418 0.000473684 0.000134827 0.000109264
0.728733 0.0234792 0.0236353 0.0233231 0.00275116 0.00320188 0.00230044 0.00565762 0.000156082 0.000450721 0.000128293 0.000104043
0.732124 0.0221548 0.0223031 0.0220065 0.00258034 0.00300897 0.00215172 0.00541645 0.000148298 0.000428626 0.000122005 9.90119e-05
0.735515 0.0208874 0.0210283 0.0207466 0.00241837 0.00282574 0.00201099 0.00518289 0.000140819 0.000407375 0.000115954 9.4166e-05
0.738906 0.0196755 0.0198091 0.0195419 0.00226488 0.00265182 0.00187793 0.00495678 0.000133636 0.000386944 0.000110136 8.95006e-05
0.742296 0.0185175 0.0186442 0.0183907 0.00211951 0.00248682 0.0017522 0.00473797 0.00012674 0.000367311 0.000104542 8.50109e-05
0.745687 0.0174117 0.0175318 0.0172916 0.00198192 0.00233037 0.00163347 0.00452628 0.000120123 0.000348451 9.91681e-05 8.06925e-05
0.749078 0.0163567 0.0164705 0.016243 0.00185178 0.00218213 0.00152144 0.00432158 0.000113776 0.000330344 9.40067e-05 7.65409e-05
0.752469 0.015351 0.0154587 0.0152433 0.00172877 0.00204174 0.0014158 0.00412369 0.000107691 0.000312968 8.90522e-05 7.25516e-05
0.75586 0.0143929 0.0144948 0.014291 0.00161257 0.00190887 0.00131627 0.00393247 0.000101861 0.000296301 8.42987e-05 6.87203e-05
0.759251 0.013481 0.0135773 0.0133847 0.00150288 0.0017832 0.00122256 0.00374778 9.62761e-05 0.000280322 7.97404e-05 6.50426e-05
0.762641 0.0126138 0.0127048 0.0125229 0.00139941 0.00166442 0.0011344 0.00356945 9.09304e-05 0.000265011 7.53716e-05 6.15144e-05
0.766032 0.0117899 0.0118757 0.0117041 0.00130188 0.00155223 0.00105153 0.00339736 8.58158e-05 0.000250348 7.11868e-05 5.81315e-05
0.769423 0.0110077 0.0110886 0.0109268 0.00121002 0.00144633 0.000973702 0.00323135 8.0925e-05 0.000236313 6.71805e-05 5.48899e-05
0.772814 0.0102659 0.0103421 0.0101896 0.00112355 0.00134644 0.000900666 0.00307129 7.62511e-05 0.000222887 6.33473e-05 5.17855e-05
0.776205 0.00956298 0.00963477 0.0094912 0.00104224 0.00125229 0.000832189 0.00291703 7.17868e-05 0.000210051 5.96819e-05 4.88143e-05
0.779596 0.0088976 0.00896513 0.00883008 0.000965829 0.00116361 0.000768043 0.00276845 6.75255e-05 0.000197786 5.61792e-05 4.59725e-05
0.782986 0.00826838 0.00833184 0.00820492 0.000894085 0.00108016 0.000708011 0.0026254 6.34605e-05 0.000186074 5.28342e-05 4.32562e-05
0.786377 0.00767395 0.00773353 0.00761436 0.00082678 0.00100168 0.000651883 0.00248775 5.95852e-05 0.000174897 4.96418e-05 4.06617e-05
0.789768 0.00711299 0.00716889 0.0070571 0.000763695 0.000927933 0.000599456 0.00235537 5.58933e-05 0.000164238 4.65972e-05 3.81852e-05
0.793159 0.0065842 0.00663658 0.00653182 0.000704617 0.000858698 0.000550536 0.00222813 5.23785e-05 0.000154081 4.36957e-05 3.58232e-05
0.79655 0.00608629 0.00613532 0.00603725 0.000649345 0.000793752 0.000504937 0.00210591 4.90347e-05 0.000144407 4.09325e-05 3.3572e-05
0.799941 0.00561799 0.00566384 0.00557213 0.000597681 0.000732883 0.000462479 0.00198857 4.58561e-05 0.000135202 3.83031e-05 3.14281e-05
0.803332 0.00517807 0.00522091 0.00513524 0.000549439 0.000675887 0.000422991 0.001876 4.28367e-05 0.000126448 3.58029e-05 2.93881e-05
0.806722 0.00476533 0.0048053 0.00472536 0.000504437 0.000622568 0.000386306 0.00176807 3.99708e-05 0.000118131 3.34276e-05 2.74486e-05
0.810113 0.00437857 0.00441583 0.00434132 0.000462501 0.000572735 0.000352266 0.00166466 3.72531e-05 0.000110235 3.11728e-05 2.56062e-05
0.813504 0.00401664 0.00405132 0.00398196 0.000423464 0.000526208 0.00032072 0.00156565 3.46779e-05 0.000102744 2.90344e-05 2.38576e-05
0.816895 0.0036784 0.00371064 0.00364616 0.000387168 0.000482813 0.000291523 0.00147092 3.22401e-05 9.56447e-05 2.70081e-05 2.21996e-05
0.820286 0.00336275 0.00339269 0.00333282 0.000353458 0.00044238 0.000264536 0.00138036 2.99344e-05 8.89223e-05 2.509e-05 2.06291e-05
0.823677 0.00306861 0.00309637 0.00304085 0.000322188 0.000404751 0.000239625 0.00129386 2.77557e-05 8.25629e-05 2.32759e-05 1.91429e-05
0.827067 0.00279492 0.00282062 0.00276922 0.000293216 0.000369769 0.000216664 0.00121129 2.56993e-05 7.65526e-05 2.15622e-05 1.7738e-05
0.830458 0.00254067 0.00256443 0.00251691 0.000266409 0.000337287 0.000195531 0.00113255 2.37602e-05 7.08781e-05 1.99448e-05 1.64114e-05
0.833849 0.00230485 0.00232678 0.00228291 0.000241638 0.000307164 0.000176111 0.00105754 2.19337e-05 6.55264e-05 1.84202e-05 1.51601e-05
0.83724 0.0020865 0.00210671 0.00206628 0.000218779 0.000279263 0.000158294 0.000986127 2.02153e-05 6.04846e-05 1.69846e-05 1.39813e-05
0.840631 0.00188468 0.00190328 0.00186608 0.000197715 0.000253455 0.000141975 0.000918219 1.86005e-05 5.57402e-05 1.56346e-05 1.28722e-05
0.844022 0.00169848 0.00171556 0.00168139 0.000178335 0.000229616 0.000127054 0.000853708 1.70849e-05 5.12811e-05 1.43665e-05 1.18299e-05
0.847412 0.00152701 0.00154268 0.00151135 0.000160531 0.000207626 0.000113435 0.000792489 1.56642e-05 4.70954e-05 1.3177e-05 1.08518e-05
0.850803 0.00136943 0.00138376 0.00135509 0.000144201 0.000187372 0.00010103 0.000734458 1.43345e-05 4.31714e-05 1.20628e-05 9.93515e-06
0.854194 0.0012249 0.001238 0.00121181 0.000129249 0.000168747 8.9751e-05 0.000679513 1.30915e-05 3.94978e-05 1.10207e-05 9.07744e-06
0.857585 0.00109264 0.00110457 0.00108071 0.000115582 0.000151646 7.95185e-05 0.000627555 1.19313e-05 3.60636e-05 1.00473e-05 8.27608e-06
0.860976 0.000971874 0.000982724 0.000961024 0.000103113 0.000135971 7.02553e-05 0.000578483 1.08502e-05 3.28581e-05 9.1397e-06 7.52858e-06
0.864367 0.000861865 0.000871709 0.00085202 9.17592e-05 0.00012163 6.18885e-05 0.0005322 9.84441e-06 2.98706e-05 8.29479e-06 6.83252e-06
0.867757 0.000761903 0.000770813 0.000752993 8.14408e-05 0.000108532 5.43497e-05 0.00048861 8.91027e-06 2.70911e-05 7.50963e-06 6.1855e-06
0.871148 0.000671307 0.000679351 0.000663263 7.20834e-05 9.6593e-05 4.75738e-05 0.000447616 8.04427e-06 2.45096e-05 6.78134e-06 5.5852e-06
0.874539 0.000589425 0.000596668 0.000582182 6.36163e-05 8.57326e-05 4.15e-05 0.000409125 7.24297e-06 2.21163e-05 6.10712e-06 5.02935e-06
0.87793 0.000515632 0.000522135 0.000509129 5.59726e-05 7.58744e-05 3.60707e-05 0.000373044 6.50305e-06 1.99019e-05 5.48423e-06 4.51574e-06
0.881321 0.00044933 0.000455152 0.000443509 4.9089e-05 6.69461e-05 3.12318e-05 0.000339282 5.82126e-06 1.78571e-05 4.91001e-06 4.0422e-06
0.884712 0.000389951 0.000395146 0.000384757 4.29059e-05 5.88791e-05 2.69327e-05 0.000307747 5.19446e-06 1.59732e-05 4.38188e-06 3.60663e-06
0.888102 0.000336952 0.000341572 0.000332333 3.73671e-05 5.16086e-05 2.31257e-05 0.000278352 4.61959e-06 1.42414e-05 3.89732e-06 3.20697e-06
0.891493 0.000289818 0.000293911 0.000285724 3.24198e-05 4.50733e-05 1.97664e-05 0.000251007 4.0937e-06 1.26534e-05 3.45389e-06 2.84123e-06
0.894884 0.000248059 0.000251673 0.000244445 2.80143e-05 3.92153e-05 1.68133e-05 0.000225628 3.61393e-06 1.1201e-05 3.0492e-06 2.50747e-06
0.898275 0.000211213 0.000214391 0.000208036 2.41038e-05 3.39801e-05 1.42275e-05 0.000202127 3.17748e-06 9.87631e-06 2.68096e-06 2.2038e-06
0.901666 0.000178844 0.000181626 0.000176062 2.06448e-05 2.93164e-05 1.19731e-05 0.000180422 2.78169e-06 8.67166e-06 2.34694e-06 1.92839e-06
0.905057 0.000150539 0.000152963 0.000148115 1.75962e-05 2.51759e-05 1.00165e-05 0.000160429 2.42394e-06 7.57967e-06 2.04497e-06 1.67946e-06
0.908447 0.00012591 0.000128012 0.000123809 1.49199e-05 2.15131e-05 8.32678e-06 0.000142068 2.10174e-06 6.59315e-06 1.77296e-06 1.45529e-06
0.911838 0.000104595 0.000106408 0.000102783 1.25803e-05 1.82855e-05 6.87515e-06 0.000125257 1.81265e-06 5.70519e-06 1.52889e-06 1.25422e-06
0.915229 8.62545e-05 8.78089e-05 8.47002e-05 1.05443e-05 1.54534e-05 5.63519e-06 0.000109918 1.55436e-06 4.90909e-06 1.31079e-06 1.07462e-06
0.91862 7.0571e-05 7.18956e-05 6.92464e-05 8.78097e-06 1.29794e-05 4.58257e-06 9.59732e-05 1.3246e-06 4.19839e-06 1.1168e-06 9.14946e-07
0.922011 5.72504e-05 5.83716e-05 5.61292e-05 7.26185e-06 1.08287e-05 3.69497e-06 8.33466e-05 1.12121e-06 3.56688e-06 9.45087e-07 7.73696e-07
0.925402 4.602e-05 4.69621e-05 4.50779e-05 5.96056e-06 8.9691e-06 2.95201e-06 7.19631e-05 9.42126e-07 3.00855e-06 7.93911e-07 6.49424e-07
0.928792 3.66282e-05 3.74135e-05 3.58428e-05 4.85275e-06 7.3704e-06 2.3351e-06 6.17493e-05 7.85345e-07 2.51765e-06 6.61592e-07 5.40738e-07
0.932183 2.88435e-05 2.94925e-05 2.81946e-05 3.91603e-06 6.00468e-06 1.82738e-06 5.26331e-05 6.48961e-07 2.08865e-06 5.46522e-07 4.46306e-07
0.935574 2.24543e-05 2.29854e-05 2.19231e-05 3.12986e-06 4.84611e-06 1.41362e-06 4.45439e-05 5.31149e-07 1.71624e-06 4.4716e-07 3.64848e-07
0.938965 1.72677e-05 1.76978e-05 1.68375e-05 2.47547e-06 3.87083e-06 1.08011e-06 3.74127e-05 4.30169e-07 1.39536e-06 3.62034e-07 2.95143e-07
0.942356 1.31088e-05 1.34532e-05 1.27645e-05 1.93573e-06 3.05687e-06 8.14587e-07 3.11719e-05 3.44361e-07 1.12114e-06 2.89741e-07 2.36025e-07
0.945747 9.8205e-06 1.00927e-05 9.54835e-06 1.49511e-06 2.38408e-06 6.06136e-07 2.57558e-05 2.7215e-07 8.88974e-07 2.28947e-07 1.86385e-07
0.949137 7.26185e-06 7.4739e-06 7.04981e-06 1.13956e-06 1.83401e-06 4.45108e-07 2.11003e-05 2.12044e-07 6.94453e-07 1.78387e-07 1.45171e-07
0.952528 5.30794e-06 5.47058e-06 5.14531e-06 8.56445e-07 1.38985e-06 3.23038e-07 1.71434e-05 1.62632e-07 5.33407e-07 1.36863e-07 1.11388e-07
0.955919 3.84885e-06 3.97144e-06 3.72626e-06 6.3445e-07 1.03634e-06 2.32562e-07 1.38251e-05 1.22586e-07 4.01888e-07 1.03249e-07 8.40992e-08
0.95931 2.7889e-06 2.87956e-06 2.69824e-06 4.63519e-07 7.59692e-07 1.67347e-07 1.10879e-05 9.06596e-08 2.96173e-07 7.6486e-08 6.24251e-08
0.962701 2.04594e-06 2.11163e-06 1.98025e-06 3.34774e-07 5.47539e-07 1.2201e-07 8.87734e-06 6.56906e-08 2.12765e-07 5.55861e-08 4.55444e-08
0.966092 1.55065e-06 1.59725e-06 1.50405e-06 2.40455e-07 3.8885e-07 9.20602e-08 7.14248e-06 4.65979e-08 1.48395e-07 3.96306e-08 3.26947e-08
0.969482 1.24606e-06 1.27844e-06 1.21367e-06 1.73867e-07 2.7389e-07 7.38437e-08 5.83741e-06 3.23834e-08 1.00023e-07 2.77715e-08 2.31724e-08
0.972873 1.08726e-06 1.10939e-06 1.06512e-06 1.2935e-07 1.9419e-07 6.45095e-08 4.92366e-06 2.21317e-08 6.48404e-08 1.92307e-08 1.63327e-08
0.976264 1.042e-06 1.05701e-06 1.02699e-06 1.02298e-07 1.4257e-07 6.20265e-08 4.37521e-06 1.501e-08 4.02716e-08 1.33006e-08 1.159e-08
0.979655 1.0932e-06 1.10346e-06 1.08293e-06 8.92979e-08 1.13276e-07 6.53197e-08 4.19022e-06 1.02667e-08 2.39781e-08 9.34236e-09 8.41578e-09
0.983046 1.24758e-06 1.25481e-06 1.24036e-06 8.86427e-08 1.02504e-07 7.47817e-08 4.42329e-06 7.22734e-09 1.3861e-08 6.78189e-09 6.33454e-09
0.986437 1.56979e-06 1.57507e-06 1.56452e-06 1.02374e-07 1.10432e-07 9.43156e-08 5.30068e-06 5.27972e-09 8.05838e-09 5.09389e-09 4.90692e-09
0.989827 2.39365e-06 2.39745e-06 2.38986e-06 1.48985e-07 1.53901e-07 1.44069e-07 7.87964e-06 3.79553e-09 4.9161e-09 3.72092e-09 3.6457e-09
0.993218 1.25775e-05 1.25779e-05 1.25771e-05 7.61459e-07 7.64726e-07 7.58192e-07 4.71517e-05 3.8463e-10 3.26673e-09 1.93217e-10 0
4.2929e-314 inf inf inf inf inf inf 0.00228916 46.8506 1.41234 1.1188 0.784614
