9.72476e-05 57.4539 59.0044 55.9034 35.9815 37.2328 34.7302 52.9466 1.55049 1.25129 0.892096 0.882115
0.0001 57.0241 58.5639 55.4842 35.7103 36.9523 34.4682 52.3827 1.53987 1.24203 0.884048 0.873961
0.00010283 56.5989 58.1282 55.0695 35.4419 36.6747 34.209 51.8239 1.52931 1.23284 0.876065 0.86587
0.000105741 56.1825 57.7014 54.6637 35.1791 36.4028 33.9554 51.2701 1.51883 1.22371 0.868146 0.857843
0.000108734 55.7536 57.262 54.2452 34.9085 36.1231 33.6938 50.7214 1.50842 1.21464 0.86029 0.849877
0.000111811 55.3274 56.8255 53.8294 34.6395 35.8452 33.4339 50.1776 1.49808 1.20564 0.852499 0.841975
0.000114976 54.9038 56.3916 53.416 34.3723 35.569 33.1756 49.6389 1.4878 1.19671 0.844769 0.834134
0.00011823 54.4828 55.9604 53.0052 34.1067 35.2945 32.9188 49.1049 1.4776 1.18784 0.837103 0.826355
0.000121576 54.0645 55.5319 52.597 33.8427 35.0218 32.6637 48.5759 1.46746 1.17903 0.829498 0.818637
0.000125017 53.6487 55.1061 52.1913 33.5804 34.7507 32.4102 48.0516 1.4574 1.17029 0.821956 0.810979
0.000128556 53.2355 54.6829 51.7881 33.3197 34.4814 32.1581 47.5322 1.44739 1.16161 0.814474 0.803381
0.000132194 52.8249 54.2624 51.3875 33.0607 34.2137 31.9077 47.0175 1.43746 1.15299 0.807054 0.795844
0.000135936 52.4169 53.8445 50.9893 32.8033 33.9478 31.6589 46.5075 1.42759 1.14444 0.799694 0.788366
0.000139783 52.0113 53.4291 50.5936 32.5475 33.6834 31.4115 46.0022 1.41779 1.13594 0.792394 0.780946
0.000143739 51.6084 53.0165 50.2004 32.2933 33.4208 31.1658 45.5015 1.40805 1.12751 0.785155 0.773586
0.000147808 51.2079 52.6063 49.8095 32.0407 33.1598 30.9215 45.0054 1.39838 1.11914 0.777974 0.766283
0.000151991 50.81 52.1987 49.4212 31.7897 32.9005 30.6788 44.5139 1.38877 1.11083 0.770852 0.759039
0.000156293 50.4145 51.7937 49.0353 31.5402 32.6428 30.4376 44.0269 1.37922 1.10258 0.763789 0.751852
0.000160717 50.0215 51.3913 48.6518 31.2923 32.3867 30.1979 43.5443 1.36974 1.09439 0.756784 0.744721
0.000165265 49.631 50.9913 48.2707 31.046 32.1322 29.9597 43.0663 1.36033 1.08625 0.749837 0.737647
0.000169943 49.243 50.5939 47.892 30.8012 31.8794 29.723 42.5927 1.35097 1.07818 0.742947 0.73063
0.000174753 48.8574 50.199 47.5157 30.558 31.6282 29.4878 42.1234 1.34168 1.07017 0.736115 0.723669
0.000179699 48.4741 49.8066 47.1417 30.3163 31.3785 29.2541 41.6585 1.33245 1.06221 0.729338 0.716762
0.000184785 48.0934 49.4167 46.7701 30.0761 31.1305 29.0218 41.1979 1.32328 1.05431 0.722619 0.709912
0.000190015 47.715 49.0292 46.4008 29.8375 30.884 28.791 40.7417 1.31417 1.04647 0.715954 0.703115
0.000195393 47.339 48.6441 46.0339 29.6004 30.639 28.5617 40.2896 1.30512 1.03869 0.709346 0.696372
0.000200923 46.9654 48.2616 45.6693 29.3647 30.3957 28.3338 39.8418 1.29613 1.03096 0.702793 0.689684
0.00020661 46.5942 47.8814 45.307 29.1306 30.1539 28.1073 39.3981 1.2872 1.02329 0.696294 0.683049
0.000212458 46.2253 47.5036 44.947 28.8979 29.9136 27.8823 38.9586 1.27833 1.01567 0.68985 0.676467
0.000218471 45.8588 47.1283 44.5893 28.6668 29.6749 27.6587 38.5232 1.26951 1.00811 0.68346 0.669939
0.000224655 45.4946 46.7553 44.2338 28.4371 29.4377 27.4365 38.0919 1.26076 1.0006 0.677124 0.663463
0.000231013 45.1326 46.3847 43.8806 28.2089 29.202 27.2157 37.6647 1.25206 0.993151 0.670841 0.657038
0.000237551 44.7731 46.0165 43.5296 27.9821 28.9679 26.9964 37.2414 1.24342 0.985753 0.664611 0.650666
0.000244275 44.4158 45.6506 43.1809 27.7568 28.7352 26.7784 36.8221 1.23484 0.978409 0.658433 0.644345
0.000251189 44.0607 45.2871 42.8344 27.5329 28.504 26.5618 36.4068 1.22632 0.971118 0.652308 0.638074
0.000258298 43.708 44.9258 42.4901 27.3105 28.2744 26.3466 35.9954 1.21785 0.963881 0.646235 0.631855
0.000265609 43.3575 44.5669 42.1481 27.0895 28.0462 26.1328 35.5879 1.20943 0.956696 0.640214 0.625685
0.000273126 43.0092 44.2103 41.8081 26.8699 27.8194 25.9203 35.1843 1.20107 0.949563 0.634243 0.619566
0.000280857 42.6632 43.856 41.4705 26.6517 27.5942 25.7092 34.7845 1.19277 0.942482 0.628324 0.613496
0.000288806 42.3194 43.504 41.1349 26.4349 27.3704 25.4995 34.3884 1.18452 0.935453 0.622455 0.607476
0.00029698 41.9778 43.1541 40.8015 26.2195 27.148 25.291 33.9962 1.17632 0.928474 0.616636 0.601504
0.000305386 41.6385 42.8066 40.4703 26.0055 26.9271 25.084 33.6077 1.16818 0.921546 0.610868 0.595581
0.000314029 41.3012 42.4613 40.1411 25.7929 26.7076 24.8782 33.2229 1.16008 0.914669 0.605148 0.589706
0.000322917 40.9662 42.1182 39.8142 25.5817 26.4895 24.6738 32.8417 1.15205 0.907842 0.599478 0.583878
0.000332057 40.6333 41.7774 39.4893 25.3718 26.2728 24.4707 32.4642 1.14406 0.901064 0.593856 0.578099
0.000341455 40.3026 41.4387 39.1665 25.1633 26.0576 24.2689 32.0903 1.13613 0.894336 0.588284 0.572366
0.000351119 39.974 41.1023 38.8458 24.9561 25.8438 24.0684 31.72 1.12824 0.887656 0.582759 0.566681
0.000361057 39.6476 40.768 38.5272 24.7503 25.6313 23.8693 31.3533 1.12041 0.881025 0.577283 0.561042
0.000371276 39.3233 40.4359 38.2106 24.5458 25.4202 23.6714 30.9901 1.11263 0.874443 0.571854 0.555449
0.000381784 39.001 40.1059 37.8961 24.3426 25.2106 23.4747 30.6304 1.1049 0.867908 0.566472 0.549902
0.00039259 38.6809 39.7781 37.5837 24.1408 25.0022 23.2794 30.2741 1.09722 0.861421 0.561137 0.5444
0.000403702 38.3628 39.4524 37.2732 23.9403 24.7953 23.0853 29.9213 1.08959 0.854981 0.555849 0.538944
0.000415128 38.0468 39.1288 36.9648 23.7411 24.5897 22.8925 29.5719 1.082 0.848588 0.550606 0.533533
0.000426877 37.7329 38.8074 36.6584 23.5432 24.3854 22.7009 29.2259 1.07447 0.842241 0.54541 0.528166
0.000438959 37.421 38.488 36.3541 23.3466 24.1825 22.5106 28.8832 1.06698 0.835941 0.54026 0.522843
0.000451383 37.1112 38.1707 36.0517 23.1512 23.9809 22.3216 28.5439 1.05954 0.829686 0.535155 0.517565
0.000464159 36.8034 37.8555 35.7513 22.9572 23.7807 22.1337 28.2079 1.05215 0.823477 0.530095 0.51233
0.000477296 36.4976 37.5424 35.4528 22.7644 23.5818 21.9471 27.8752 1.0448 0.817313 0.525079 0.507138
0.000490805 36.1938 37.2313 35.1563 22.5729 23.3841 21.7617 27.5457 1.0375 0.811193 0.520108 0.501989
0.000504697 35.892 36.9223 34.8618 22.3827 23.1878 21.5776 27.2194 1.03025 0.805118 0.515181 0.496884
0.000518981 35.5922 36.6153 34.5692 22.1937 22.9928 21.3946 26.8963 1.02304 0.799087 0.510298 0.49182
0.00053367 35.2944 36.3103 34.2785 22.006 22.7991 21.2129 26.5764 1.01588 0.7931 0.505458 0.486798
0.000548775 34.9985 36.0073 33.9898 21.8194 22.6066 21.0323 26.2597 1.00876 0.787157 0.500661 0.481819
0.000564307 34.7046 35.7063 33.7029 21.6342 22.4154 20.8529 25.946 1.00169 0.781256 0.495908 0.476881
0.000580278 34.4126 35.4073 33.418 21.4501 22.2255 20.6747 25.6354 0.994657 0.775398 0.491196 0.471983
0.000596702 34.1226 35.1103 33.1349 21.2673 22.0369 20.4977 25.3279 0.987671 0.769583 0.486528 0.467127
0.000613591 33.8345 34.8152 32.8537 21.0857 21.8495 20.3219 25.0235 0.980728 0.76381 0.481901 0.462312
0.000630957 33.5482 34.5221 32.5744 20.9052 21.6633 20.1472 24.722 0.973828 0.758079 0.477315 0.457536
0.000648815 33.2639 34.2309 32.297 20.726 21.4784 19.9736 24.4236 0.96697 0.752389 0.472772 0.452801
0.000667179 32.9815 33.9417 32.0214 20.548 21.2947 19.8013 24.1281 0.960154 0.74674 0.468269 0.448106
0.000686062 32.701 33.6544 31.7476 20.3712 21.1123 19.63 23.8356 0.95338 0.741132 0.463807 0.44345
0.00070548 32.4223 33.3689 31.4756 20.1955 20.931 19.4599 23.5459 0.946646 0.735565 0.459385 0.438832
0.000725448 32.1455 33.0854 31.2055 20.021 20.751 19.291 23.2592 0.939954 0.730038 0.455004 0.434255
0.00074598 31.8705 32.8038 30.9372 19.8477 20.5722 19.1231 22.9753 0.933302 0.72455 0.450662 0.429715
0.000767094 31.5974 32.524 30.6707 19.6755 20.3946 18.9564 22.6943 0.92669 0.719103 0.446361 0.425214
0.000788805 31.326 32.2462 30.4059 19.5045 20.2182 18.7908 22.416 0.920117 0.713694 0.442098 0.42075
0.000811131 31.0565 31.9701 30.143 19.3346 20.0429 18.6263 22.1406 0.913584 0.708325 0.437875 0.416325
0.000834088 30.7889 31.696 29.8818 19.1659 19.8689 18.4629 21.868 0.907089 0.702994 0.43369 0.411937
0.000857696 30.523 31.4236 29.6223 18.9983 19.696 18.3006 21.5981 0.900633 0.697701 0.429544 0.407586
0.000881971 30.2589 31.1531 29.3647 18.8318 19.5242 18.1393 21.3309 0.894215 0.692447 0.425436 0.403272
0.000906934 29.9966 30.8844 29.1087 18.6664 19.3536 17.9792 21.0664 0.887834 0.68723 0.421366 0.398995
0.000932603 29.736 30.6175 28.8545 18.5022 19.1842 17.8201 20.8046 0.881491 0.68205 0.417333 0.394754
0.000958999 29.4772 30.3524 28.602 18.339 19.0159 17.6621 20.5454 0.875184 0.676907 0.413338 0.390549
0.000986142 29.2202 30.0891 28.3512 18.177 18.8488 17.5052 20.2889 0.868914 0.671802 0.40938 0.38638
0.00101405 28.9648 29.8275 28.1022 18.0161 18.6828 17.3493 20.035 0.86268 0.666733 0.405459 0.382247
0.00104275 28.7113 29.5677 27.8548 17.8562 18.5179 17.1945 19.7837 0.856481 0.6617 0.401574 0.378148
0.00107227 28.4594 29.3097 27.6091 17.6974 18.3541 17.0407 19.535 0.850318 0.656702 0.397726 0.374086
0.00110262 28.2092 29.0534 27.365 17.5397 18.1915 16.888 19.2888 0.844189 0.651741 0.393913 0.370057
0.00113382 27.9608 28.7989 27.1227 17.3831 18.0299 16.7363 19.0451 0.838095 0.646814 0.390136 0.366063
0.00116591 27.714 28.546 26.882 17.2275 17.8694 16.5856 18.8039 0.832035 0.641923 0.386395 0.362104
0.00119891 27.4689 28.2949 26.6429 17.073 17.7101 16.4359 18.5652 0.826008 0.637066 0.382688 0.358178
0.00123285 27.2255 28.0455 26.4055 16.9195 17.5518 16.2873 18.329 0.820015 0.632243 0.379017 0.354287
0.00126774 26.9838 27.7978 26.1697 16.7671 17.3946 16.1397 18.0952 0.814054 0.627455 0.37538 0.350429
0.00130362 26.7437 27.5518 25.9355 16.6157 17.2384 15.993 17.8638 0.808126 0.6227 0.371777 0.346604
0.00134052 26.5052 27.3074 25.703 16.4654 17.0834 15.8474 17.6348 0.80223 0.617979 0.368209 0.342812
0.00137846 26.2684 27.0647 25.472 16.3161 16.9294 15.7028 17.4082 0.796366 0.613291 0.364674 0.339053
0.00141747 26.0332 26.8237 25.2426 16.1678 16.7764 15.5591 17.1839 0.790533 0.608636 0.361173 0.335326
0.00145759 25.7996 26.5843 25.0148 16.0205 16.6245 15.4165 16.962 0.784731 0.604013 0.357704 0.331631
0.00149885 25.5676 26.3465 24.7886 15.8742 16.4736 15.2748 16.7424 0.778959 0.599423 0.354269 0.327969
0.00154127 25.3372 26.1104 24.564 15.7289 16.3238 15.134 16.5251 0.773218 0.594864 0.350866 0.324338
0.00158489 25.1084 25.8759 24.3409 15.5846 16.175 14.9943 16.31 0.767506 0.590338 0.347496 0.320739
0.00162975 24.8812 25.643 24.1194 15.4413 16.0272 14.8555 16.0972 0.761823 0.585842 0.344158 0.317172
0.00167588 24.6555 25.4117 23.8994 15.299 15.8804 14.7176 15.8867 0.75617 0.581378 0.340852 0.313635
0.00172331 24.4314 25.182 23.6809 15.1577 15.7346 14.5807 15.6783 0.750544 0.576945 0.337577 0.310129
0.00177209 24.2089 24.9538 23.4639 15.0173 15.5899 14.4448 15.4722 0.744947 0.572542 0.334334 0.306654
0.00182224 23.9879 24.7273 23.2485 14.8779 15.4461 14.3098 15.2682 0.739378 0.568169 0.331121 0.303209
0.00187382 23.7684 24.5022 23.0346 14.7395 15.3033 14.1757 15.0664 0.733836 0.563827 0.32794 0.299794
0.00192685 23.5505 24.2788 22.8221 14.602 15.1615 14.0425 14.8668 0.728321 0.559514 0.324788 0.296409
0.00198139 23.334 24.0568 22.6112 14.4655 15.0207 13.9103 14.6692 0.722832 0.55523 0.321667 0.293054
0.00203747 23.1191 23.8365 22.4017 14.3299 14.8809 13.7789 14.4738 0.71737 0.550976 0.318576 0.289728
0.00209514 22.9057 23.6176 22.1937 14.1952 14.742 13.6485 14.2804 0.711933 0.54675 0.315515 0.286432
0.00215443 22.6937 23.4002 21.9872 14.0615 14.6041 13.519 14.0892 0.706522 0.542553 0.312482 0.283164
0.00221541 22.4833 23.1844 21.7821 13.9287 14.4671 13.3903 13.8999 0.701135 0.538384 0.309479 0.279925
0.00227812 22.2743 22.9701 21.5785 13.7968 14.3311 13.2626 13.7127 0.695773 0.534243 0.306505 0.276715
0.00234259 22.0667 22.7572 21.3763 13.6659 14.196 13.1358 13.5275 0.690435 0.53013 0.303559 0.273533
0.0024089 21.8607 22.5458 21.1755 13.5358 14.0619 13.0098 13.3443 0.685121 0.526044 0.300642 0.270379
0.00247708 21.656 22.3359 20.9762 13.4067 13.9287 12.8847 13.1631 0.679831 0.521985 0.297753 0.267253
0.00254719 21.4528 22.1274 20.7783 13.2784 13.7964 12.7605 12.9838 0.674563 0.517953 0.294891 0.264155
0.00261928 21.2511 21.9204 20.5818 13.1511 13.665 12.6371 12.8065 0.669318 0.513947 0.292056 0.261084
0.00269341 21.0507 21.7148 20.3866 13.0246 13.5346 12.5146 12.6311 0.664095 0.509968 0.289249 0.258041
0.00276965 20.8518 21.5107 20.1929 12.899 13.405 12.393 12.4576 0.658894 0.506014 0.286469 0.255024
0.00284804 20.6543 21.308 20.0005 12.7743 13.2763 12.2722 12.2859 0.653714 0.502087 0.283715 0.252034
0.00292864 20.4581 21.1067 19.8096 12.6504 13.1486 12.1522 12.1162 0.648555 0.498184 0.280988 0.249071
0.00301153 20.2634 20.9068 19.6199 12.5274 13.0217 12.0331 11.9483 0.643417 0.494307 0.278286 0.246134
0.00309677 20.07 20.7083 19.4317 12.4053 12.8957 11.9148 11.7823 0.638299 0.490455 0.27561 0.243223
0.00318442 19.878 20.5112 19.2448 12.284 12.7706 11.7974 11.6181 0.633201 0.486627 0.27296 0.240339
0.00327455 19.6873 20.3154 19.0592 12.1636 12.6464 11.6807 11.4557 0.628122 0.482823 0.270335 0.23748
0.00336723 19.498 20.1211 18.875 12.044 12.523 11.5649 11.2951 0.623062 0.479044 0.267735 0.234646
0.00346253 19.3101 19.9281 18.6921 11.9252 12.4005 11.4499 11.1362 0.618021 0.475288 0.265159 0.231838
0.00356053 19.1235 19.7364 18.5105 11.8073 12.2788 11.3357 10.9791 0.612998 0.471555 0.262608 0.229055
0.00366131 18.9382 19.5462 18.3302 11.6902 12.158 11.2223 10.8238 0.607993 0.467846 0.26008 0.226298
0.00376494 18.7542 19.3572 18.1512 11.5739 12.038 11.1097 10.6702 0.603006 0.464159 0.257576 0.223564
0.0038715 18.5715 19.1696 17.9735 11.4584 11.9189 10.9979 10.5183 0.598035 0.460495 0.255096 0.220856
0.00398107 18.3902 18.9832 17.7971 11.3437 11.8006 10.8869 10.3681 0.593082 0.456854 0.252639 0.218171
0.00409375 18.2101 18.7982 17.6219 11.2299 11.6831 10.7766 10.2196 0.588144 0.453234 0.250204 0.215511
0.00420962 18.0313 18.6145 17.4481 11.1168 11.5664 10.6671 10.0727 0.583223 0.449636 0.247792 0.212875
0.00432876 17.8538 18.4321 17.2755 11.0045 11.4506 10.5584 9.92752 0.578317 0.446059 0.245403 0.210263
0.00445128 17.6776 18.251 17.1042 10.893 11.3355 10.4505 9.78395 0.573427 0.442504 0.243035 0.207674
0.00457727 17.5026 18.0712 16.9341 10.7823 11.2213 10.3433 9.64201 0.568551 0.438969 0.240689 0.205109
0.00470682 17.3289 17.8926 16.7652 10.6724 11.1078 10.2369 9.50167 0.56369 0.435455 0.238364 0.202566
0.00484003 17.1564 17.7153 16.5976 10.5632 10.9952 10.1312 9.36292 0.558842 0.431962 0.23606 0.200047
0.00497702 16.9852 17.5392 16.4312 10.4548 10.8833 10.0263 9.22575 0.554009 0.428488 0.233776 0.197551
0.00511789 16.8152 17.3644 16.266 10.3472 10.7722 9.92212 9.09014 0.549189 0.425034 0.231514 0.195077
0.00526274 16.6464 17.1908 16.102 10.2403 10.6619 9.81867 8.95608 0.544381 0.4216 0.229271 0.192625
0.0054117 16.4789 17.0184 15.9393 10.1341 10.5523 9.71595 8.82355 0.539587 0.418185 0.227048 0.190196
0.00556486 16.3125 16.8473 15.7777 10.0287 10.4435 9.61395 8.69255 0.534805 0.414788 0.224844 0.187789
0.00572237 16.1473 16.6774 15.6173 9.92407 10.3355 9.51266 8.56305 0.530034 0.411411 0.222659 0.185404
0.00588433 15.9834 16.5086 15.4581 9.82015 10.2282 9.4121 8.43504 0.525275 0.408051 0.220494 0.183041
0.00605088 15.8206 16.3411 15.3001 9.71695 10.1217 9.31224 8.30852 0.520528 0.40471 0.218346 0.180699
0.00622213 15.659 16.1748 15.1432 9.61447 10.0159 9.21309 8.18345 0.515791 0.401387 0.216217 0.178378
0.00639824 15.4985 16.0096 14.9875 9.51271 9.91079 9.11463 8.05984 0.511065 0.39808 0.214106 0.176079
0.00657933 15.3393 15.8456 14.8329 9.41166 9.80645 9.01687 7.93766 0.506349 0.394792 0.212012 0.173801
0.00676555 15.1811 15.6828 14.6795 9.31132 9.70284 8.9198 7.81691 0.501643 0.39152 0.209935 0.171543
0.00695704 15.0242 15.5211 14.5272 9.21168 9.59994 8.82341 7.69757 0.496947 0.388264 0.207876 0.169306
0.00715394 14.8683 15.3606 14.376 9.11273 9.49776 8.7277 7.57963 0.49226 0.385025 0.205832 0.16709
0.00735642 14.7136 15.2012 14.226 9.01447 9.39627 8.63267 7.46308 0.487581 0.381803 0.203805 0.164893
0.00756463 14.56 15.0429 14.0771 8.9169 9.2955 8.5383 7.34789 0.482912 0.378596 0.201794 0.162717
0.00777874 14.4075 14.8858 13.9293 8.82001 9.19541 8.4446 7.23406 0.478251 0.375404 0.199798 0.160561
0.0079989 14.2561 14.7297 13.7825 8.72379 9.09602 8.35156 7.12159 0.473597 0.372228 0.197818 0.158425
0.0082253 14.1059 14.5748 13.6369 8.62824 8.99731 8.25918 7.01044 0.468952 0.369066 0.195852 0.156308
0.0084581 13.9567 14.421 13.4924 8.53336 8.89928 8.16744 6.90061 0.464314 0.36592 0.193901 0.154211
0.00869749 13.8086 14.2683 13.3489 8.43913 8.80192 8.07635 6.7921 0.459684 0.362787 0.191964 0.152133
0.00894366 13.6616 14.1166 13.2065 8.34556 8.70523 7.98589 6.68487 0.45506 0.359669 0.190041 0.150075
0.00919679 13.5156 13.9661 13.0652 8.25264 8.6092 7.89608 6.57894 0.450443 0.356564 0.188131 0.148035
0.00945709 13.3707 13.8166 12.9249 8.16036 8.51383 7.80689 6.47427 0.445833 0.353474 0.186235 0.146014
0.00972476 13.2269 13.6681 12.7857 8.06872 8.41912 7.71832 6.37087 0.441228 0.350396 0.184351 0.144012
0.01 13.0841 13.5207 12.6475 7.97771 8.32504 7.63038 6.26871 0.43663 0.347331 0.18248 0.142028
0.010283 12.9423 13.3744 12.5103 7.88733 8.23161 7.54305 6.16779 0.432038 0.344279 0.180621 0.140062
0.0105741 12.8016 13.2291 12.3742 7.79758 8.13882 7.45634 6.06809 0.427451 0.34124 0.178773 0.138115
0.0108734 12.6619 13.0848 12.2391 7.70844 8.04665 7.37022 5.9696 0.42287 0.338212 0.176938 0.136186
0.0111811 12.5232 12.9415 12.105 7.61991 7.95511 7.28471 5.87232 0.418294 0.335197 0.175113 0.134274
0.0114976 12.3856 12.7993 11.9719 7.53199 7.86419 7.1998 5.77622 0.413723 0.332192 0.173299 0.132381
0.011823 12.2489 12.6581 11.8398 7.44468 7.77388 7.11548 5.6813 0.409157 0.3292 0.171496 0.130504
0.0121576 12.1132 12.5178 11.7087 7.35796 7.68417 7.03174 5.58755 0.404595 0.326218 0.169702 0.128646
0.0125017 11.9786 12.3786 11.5785 7.27183 7.59507 6.94858 5.49495 0.400039 0.323247 0.167919 0.126804
0.0128556 11.8449 12.2404 11.4494 7.18629 7.50657 6.866 5.40349 0.395486 0.320286 0.166145 0.12498
0.0132194 11.7121 12.1031 11.3212 7.10133 7.41866 6.78399 5.31317 0.390939 0.317336 0.16438 0.123172
0.0135936 11.5804 11.9668 11.194 7.01695 7.33134 6.70255 5.22396 0.386395 0.314396 0.162623 0.121382
0.0139783 11.4496 11.8314 11.0677 6.93314 7.2446 6.62167 5.13587 0.381856 0.311465 0.160876 0.119608
0.0143739 11.3197 11.697 10.9424 6.84989 7.15844 6.54135 5.04888 0.377321 0.308543 0.159136 0.117851
0.0147808 11.1908 11.5636 10.818 6.76721 7.07285 6.46158 4.96297 0.372791 0.305631 0.157404 0.11611
0.0151991 11.0628 11.4311 10.6946 6.68509 6.98782 6.38236 4.87814 0.368264 0.302727 0.15568 0.114385
0.0156293 10.9358 11.2995 10.5721 6.60352 6.90335 6.30368 4.79439 0.363741 0.299832 0.153962 0.112677
0.0160717 10.8097 11.1689 10.4505 6.52249 6.81944 6.22555 4.71168 0.359223 0.296946 0.152252 0.110984
0.0165265 10.6845 11.0392 10.3298 6.44201 6.73607 6.14794 4.63002 0.354709 0.294067 0.150548 0.109307
0.0169943 10.5602 10.9104 10.21 6.36206 6.65325 6.07086 4.5494 0.350199 0.291196 0.14885 0.107646
0.0174753 10.4368 10.7825 10.0911 6.28264 6.57097 5.99431 4.46981 0.345694 0.288333 0.147159 0.106001
0.0179699 10.3143 10.6555 9.9731 6.20375 6.48923 5.91828 4.39122 0.341192 0.285476 0.145473 0.104371
0.0184785 10.1927 10.5294 9.85598 6.12539 6.40801 5.84276 4.31365 0.336696 0.282627 0.143792 0.102757
0.0190015 10.0719 10.4041 9.73974 6.04754 6.32732 5.76775 4.23706 0.332203 0.279785 0.142117 0.101157
0.0195393 9.95209 10.2798 9.62437 5.9702 6.24715 5.69325 4.16147 0.327716 0.276949 0.140446 0.0995729
0.0200923 9.83309 10.1563 9.50986 5.89337 6.16749 5.61925 4.08684 0.323234 0.274119 0.13878 0.0980036
0.020661 9.71495 10.0337 9.3962 5.81704 6.08833 5.54574 4.01318 0.318757 0.271295 0.137118 0.0964491
0.0212458 9.59767 9.91195 9.28338 5.74121 6.00968 5.47273 3.94048 0.314285 0.268477 0.13546 0.0949093
0.0218471 9.48122 9.79104 9.17141 5.66587 5.93153 5.4002 3.86872 0.309818 0.265664 0.133806 0.0933841
0.0224655 9.36562 9.67098 9.06026 5.59101 5.85387 5.32816 3.7979 0.305358 0.262857 0.132155 0.0918733
0.0231013 9.25085 9.55175 8.94994 5.51665 5.7767 5.25659 3.728 0.300904 0.260055 0.130508 0.0903769
0.0237551 9.13689 9.43335 8.84044 5.44276 5.70001 5.1855 3.65902 0.296456 0.257257 0.128864 0.0888948
0.0244275 9.02376 9.31577 8.73174 5.36934 5.6238 5.11488 3.59094 0.292015 0.254464 0.127223 0.0874268
0.0251189 8.91143 9.19901 8.62385 5.29639 5.54807 5.04472 3.52377 0.287581 0.251676 0.125584 0.0859728
0.0258298 8.7999 9.08306 8.51675 5.22391 5.4728 4.97502 3.45748 0.283155 0.248891 0.123948 0.0845327
0.0265609 8.68917 8.96791 8.41043 5.15188 5.398 4.90577 3.39207 0.278737 0.246111 0.122315 0.0831064
0.0273126 8.57923 8.85355 8.3049 5.08031 5.32365 4.83698 3.32752 0.274327 0.243334 0.120684 0.0816938
0.0280857 8.47006 8.73999 8.20013 5.00919 5.24976 4.76863 3.26384 0.269926 0.24056 0.119055 0.0802948
0.0288806 8.36167 8.6272 8.09613 4.93852 5.17631 4.70073 3.20101 0.265534 0.23779 0.117428 0.0789093
0.029698 8.25404 8.51519 7.99289 4.86829 5.10331 4.63327 3.13903 0.261152 0.235024 0.115802 0.0775372
0.0305386 8.14717 8.40396 7.89039 4.79849 5.03075 4.56623 3.07787 0.256781 0.23226 0.114179 0.0761784
0.0314029 8.04106 8.29348 7.78864 4.72913 4.95863 4.49963 3.01754 0.25242 0.229498 0.112557 0.0748327
0.0322917 7.93569 8.18376 7.68762 4.6602 4.88694 4.43346 2.95803 0.248071 0.22674 0.110937 0.0735002
0.0332057 7.83106 8.07479 7.58732 4.59168 4.81567 4.3677 2.89932 0.243735 0.223984 0.109318 0.0721807
0.0341455 7.72715 7.96656 7.48774 4.52359 4.74482 4.30236 2.84141 0.239411 0.22123 0.107701 0.0708741
0.0351119 7.62397 7.85907 7.38887 4.45591 4.67439 4.23744 2.78429 0.235101 0.218478 0.106086 0.0695803
0.0361057 7.52151 7.75231 7.2907 4.38865 4.60438 4.17292 2.72795 0.230805 0.215728 0.104472 0.0682992
0.0371276 7.41975 7.64628 7.19323 4.32179 4.53477 4.10881 2.67239 0.226524 0.21298 0.102859 0.0670309
0.0381784 7.3187 7.54096 7.09644 4.25533 4.46557 4.0451 2.61759 0.222258 0.210234 0.101248 0.0657751
0.039259 7.21834 7.43635 7.00033 4.18928 4.39676 3.98179 2.56354 0.218009 0.207489 0.0996388 0.0645318
0.0403702 7.11867 7.33245 6.90489 4.12361 4.32836 3.91887 2.51024 0.213778 0.204746 0.0980311 0.0633009
0.0415128 7.01968 7.22924 6.81012 4.05834 4.26035 3.85634 2.45769 0.209564 0.202005 0.0964252 0.0620823
0.0426877 6.92136 7.12673 6.71599 3.99346 4.19272 3.79419 2.40586 0.20537 0.199264 0.0948211 0.0608761
0.0438959 6.82371 7.0249 6.62251 3.92896 4.12549 3.73243 2.35476 0.201195 0.196525 0.0932191 0.059682
0.0451383 6.72671 6.92375 6.52967 3.86484 4.05863 3.67105 2.30437 0.197041 0.193788 0.0916192 0.0585001
0.0464159 6.63037 6.82328 6.43746 3.8011 3.99215 3.61005 2.25469 0.192909 0.191051 0.0900216 0.0573302
0.0477296 6.53467 6.72347 6.34587 3.73773 3.92605 3.54942 2.20571 0.188799 0.188316 0.0884265 0.0561724
0.0490805 6.43961 6.62432 6.25489 3.67473 3.86032 3.48915 2.15742 0.184713 0.185581 0.0868341 0.0550265
0.0504697 6.34517 6.52582 6.16452 3.6121 3.79495 3.42926 2.10982 0.180651 0.182848 0.0852446 0.0538924
0.0518981 6.25136 6.42797 6.07474 3.54984 3.72995 3.36972 2.06289 0.176615 0.180116 0.0836583 0.0527702
0.053367 6.15816 6.33077 5.98556 3.48794 3.66532 3.31055 2.01664 0.172605 0.177385 0.0820754 0.0516598
0.0548775 6.06557 6.23419 5.89695 3.42639 3.60105 3.25174 1.97104 0.168622 0.174655 0.0804962 0.0505611
0.0564307 5.97358 6.13825 5.80891 3.3652 3.53713 3.19328 1.9261 0.164669 0.171926 0.078921 0.0494741
0.0580278 5.88218 6.04292 5.72144 3.30437 3.47357 3.13517 1.88181 0.160744 0.169199 0.0773501 0.0483988
0.0596702 5.79137 5.94822 5.63452 3.24389 3.41036 3.07741 1.83816 0.156851 0.166473 0.0757838 0.047335
0.0613591 5.70113 5.85412 5.54814 3.18376 3.34751 3.02001 1.79514 0.152988 0.163749 0.0742225 0.0462828
0.0630957 5.61146 5.76062 5.4623 3.12397 3.285 2.96295 1.75275 0.149159 0.161026 0.0726666 0.045242
0.0648815 5.52236 5.66772 5.37699 3.06454 3.22284 2.90623 1.71098 0.145364 0.158305 0.0711164 0.0442128
0.0667179 5.4338 5.57541 5.2922 3.00544 3.16103 2.84986 1.66982 0.141603 0.155587 0.0695723 0.0431951
0.0686062 5.3458 5.48368 5.20792 2.94669 3.09956 2.79382 1.62926 0.137878 0.15287 0.0680348 0.0421887
0.070548 5.25834 5.39253 5.12415 2.88829 3.03844 2.73813 1.58931 0.13419 0.150155 0.0665043 0.0411938
0.0725448 5.17141 5.30195 5.04086 2.83022 2.97767 2.68278 1.54995 0.130541 0.147443 0.0649811 0.0402102
0.074598 5.085 5.21193 4.95807 2.7725 2.91723 2.62777 1.51118 0.12693 0.144734 0.0634659 0.039238
0.0767094 4.99911 5.12247 4.87575 2.71512 2.85715 2.57309 1.47298 0.12336 0.142028 0.0619589 0.0382772
0.0788805 4.91372 5.03356 4.79389 2.65808 2.7974 2.51875 1.43537 0.119831 0.139325 0.0604608 0.0373277
0.0811131 4.82885 4.94519 4.7125 2.60138 2.738 2.46475 1.39832 0.116344 0.136626 0.0589719 0.0363895
0.0834088 4.74446 4.85736 4.63156 2.54502 2.67895 2.41109 1.36183 0.112901 0.133931 0.0574929 0.0354627
0.0857696 4.66056 4.77006 4.55106 2.489 2.62024 2.35776 1.3259 0.109502 0.131241 0.0560241 0.0345472
0.0881971 4.57714 4.68329 4.47099 2.43333 2.56189 2.30478 1.29052 0.106148 0.128555 0.0545662 0.033643
0.0906934 4.49419 4.59703 4.39135 2.37801 2.50388 2.25213 1.25569 0.10284 0.125874 0.0531195 0.0327501
0.0932603 4.41171 4.51129 4.31213 2.32303 2.44623 2.19983 1.2214 0.0995803 0.123199 0.0516847 0.0318686
0.0958999 4.32968 4.42605 4.23332 2.2684 2.38893 2.14787 1.18764 0.0963682 0.12053 0.0502622 0.0309984
0.0986142 4.24811 4.34131 4.1549 2.21412 2.33199 2.09626 1.15442 0.0932053 0.117868 0.0488527 0.0301397
0.101405 4.16698 4.25707 4.07688 2.1602 2.27542 2.04499 1.12172 0.0900923 0.115213 0.0474565 0.0292923
0.104275 4.08628 4.17331 3.99925 2.10664 2.21921 1.99408 1.08954 0.0870302 0.112566 0.0460743 0.0284563
0.107227 4.00601 4.09003 3.92199 2.05345 2.16337 1.94352 1.05788 0.0840196 0.109927 0.0447066 0.0276318
0.110262 3.92616 4.00722 3.8451 2.00062 2.10791 1.89332 1.02673 0.0810615 0.107298 0.0433539 0.0268187
0.113382 3.84673 3.92488 3.76857 1.94816 2.05284 1.84348 0.996087 0.0781565 0.104677 0.0420167 0.0260172
0.116591 3.7677 3.84301 3.6924 1.89608 1.99815 1.79402 0.965948 0.0753053 0.102068 0.0406956 0.0252273
0.119891 3.68908 3.76159 3.61657 1.84439 1.94386 1.74492 0.936309 0.0725086 0.0994687 0.039391 0.0244489
0.123285 3.61085 3.68062 3.54109 1.79309 1.88997 1.69621 0.907167 0.0697671 0.0968816 0.0381035 0.0236821
0.126774 3.53302 3.6001 3.46594 1.74219 1.83649 1.64788 0.878516 0.0670813 0.0943071 0.0368335 0.0229271
0.130362 3.45557 3.52002 3.39111 1.69169 1.78344 1.59994 0.850355 0.0644518 0.091746 0.0355816 0.0221838
0.134052 3.37849 3.44037 3.31661 1.64161 1.73081 1.55241 0.82268 0.061879 0.0891991 0.0343483 0.0214523
0.137846 3.3018 3.36116 3.24243 1.59195 1.67862 1.50528 0.795488 0.0593634 0.0866673 0.0331339 0.0207327
0.141747 3.22547 3.28238 3.16857 1.54273 1.62688 1.45858 0.768776 0.0569053 0.0841515 0.0319391 0.0200251
0.145759 3.14951 3.20402 3.09501 1.49395 1.5756 1.4123 0.742542 0.0545053 0.0816527 0.0307641 0.0193294
0.149885 3.07391 3.12608 3.02175 1.44563 1.5248 1.36646 0.716784 0.0521634 0.0791718 0.0296095 0.0186458
0.154127 2.99868 3.04856 2.9488 1.39777 1.47448 1.32106 0.691498 0.0498799 0.0767098 0.0284756 0.0179743
0.158489 2.9238 2.97145 2.87614 1.3504 1.42467 1.27613 0.666684 0.0476552 0.0742677 0.0273629 0.0173151
0.162975 2.84927 2.89476 2.80378 1.30352 1.37537 1.23168 0.642339 0.0454892 0.0718467 0.0262717 0.0166682
0.167588 2.7751 2.81849 2.73172 1.25716 1.3266 1.18771 0.618463 0.0433821 0.0694478 0.0252025 0.0160337
0.172331 2.70129 2.74262 2.65996 1.21131 1.27838 1.14424 0.595052 0.041334 0.0670722 0.0241555 0.0154116
0.177209 2.62783 2.66718 2.58849 1.16601 1.23073 1.10129 0.572107 0.0393447 0.0647208 0.023131 0.0148021
0.182224 2.55473 2.59215 2.51732 1.12127 1.18366 1.05887 0.549627 0.0374142 0.0623951 0.0221295 0.0142053
0.187382 2.48199 2.51753 2.44645 1.0771 1.1372 1.017 0.52761 0.0355424 0.060096 0.0211512 0.0136211
0.192685 2.40962 2.44335 2.37589 1.03353 1.09135 0.975705 0.506056 0.0337291 0.0578249 0.0201963 0.0130498
0.198139 2.33761 2.36959 2.30564 0.990576 1.04616 0.934993 0.484965 0.0319741 0.0555829 0.019265 0.0124915
0.203747 2.26599 2.29626 2.23571 0.948258 1.00163 0.894887 0.464336 0.0302771 0.0533714 0.0183577 0.0119461
0.209514 2.19474 2.22338 2.16611 0.906601 0.957792 0.855409 0.44417 0.0286377 0.0511915 0.0174745 0.0114138
0.215443 2.1239 2.15095 2.09684 0.865625 0.91467 0.816581 0.424467 0.0270555 0.0490446 0.0166156 0.0108946
0.221541 2.05346 2.07899 2.02793 0.825356 0.872288 0.778424 0.405225 0.0255301 0.0469319 0.0157811 0.0103887
0.227812 1.98344 2.0075 1.95938 0.785819 0.830673 0.740964 0.386448 0.024061 0.0448547 0.0149711 0.00989615
0.234259 1.91387 1.93651 1.89122 0.747041 0.789855 0.704227 0.368134 0.0226476 0.0428143 0.0141858 0.00941694
0.24089 1.84475 1.86604 1.82346 0.709049 0.749861 0.668237 0.350285 0.0212893 0.040812 0.0134252 0.00895116
0.247708 1.77611 1.7961 1.75612 0.671873 0.710722 0.633024 0.332901 0.0199854 0.038849 0.0126893 0.00849883
0.254719 1.70798 1.72671 1.68924 0.635543 0.67247 0.598617 0.315984 0.0187353 0.0369267 0.011978 0.00806
0.261928 1.64038 1.65792 1.62284 0.600093 0.635139 0.565047 0.299534 0.0175381 0.0350461 0.0112915 0.00763464
0.269341 1.57335 1.58975 1.55696 0.565557 0.598765 0.532348 0.283553 0.0163929 0.0332086 0.0106294 0.00722273
0.276965 1.50693 1.52223 1.49163 0.531975 0.56339 0.50056 0.268043 0.015299 0.0314153 0.00999174 0.00682418
0.284804 1.44116 1.45542 1.42691 0.499396 0.529063 0.469728 0.253005 0.0142552 0.0296672 0.00937817 0.00643883
0.292864 1.37611 1.38937 1.36285 0.467881 0.495846 0.439916 0.238441 0.0132604 0.0279654 0.00878833 0.00606641
0.301153 1.31185 1.32416 1.29953 0.437537 0.463848 0.411227 0.224356 0.0123133 0.0263107 0.00822156 0.00570637
0.309677 1.24854 1.25995 1.23713 0.408655 0.433358 0.383951 0.210759 0.0114118 0.0247032 0.00767641 0.00535732
0.318442 1.2038 1.21488 1.19272 0.391102 0.415206 0.366998 0.205751 0.0110789 0.024104 0.00747203 0.00522429
0.321833 1.18051 1.19127 1.16976 0.380359 0.403877 0.356841 0.200861 0.0107559 0.0235181 0.00727306 0.00509449
0.325224 1.15759 1.16803 1.14714 0.36987 0.392815 0.346925 0.196086 0.0104426 0.0229452 0.00707936 0.00496784
0.328614 1.13501 1.14514 1.12487 0.35963 0.382015 0.337245 0.191424 0.0101385 0.0223851 0.00689076 0.00484424
0.332005 1.11277 1.12261 1.10292 0.349633 0.37147 0.327796 0.18687 0.0098434 0.0218374 0.00670711 0.00472362
0.335396 1.09086 1.10042 1.08131 0.339874 0.361176 0.318572 0.182423 0.00955698 0.0213019 0.00652829 0.00460591
0.338787 1.06929 1.07857 1.06001 0.330348 0.351127 0.30957 0.178079 0.00927897 0.0207783 0.00635414 0.00449101
0.342178 1.04805 1.05706 1.03904 0.321051 0.341317 0.300784 0.173837 0.00900909 0.0202663 0.00618453 0.00437886
0.345569 1.02712 1.03587 1.01838 0.311976 0.331741 0.29221 0.169692 0.00874709 0.0197657 0.00601935 0.0042694
0.348959 1.00651 1.01501 0.998021 0.303119 0.322395 0.283843 0.165643 0.00849271 0.0192763 0.00585846 0.00416254
0.35235 0.986216 0.994461 0.97797 0.294476 0.313274 0.275678 0.161688 0.00824571 0.0187977 0.00570174 0.00405822
0.355741 0.966224 0.97423 0.958218 0.286042 0.304372 0.267712 0.157823 0.00800586 0.0183298 0.00554908 0.00395638
0.359132 0.946535 0.954308 0.938762 0.277813 0.295685 0.25994 0.154047 0.00777294 0.0178723 0.00540037 0.00385696
0.362523 0.927144 0.93469 0.919597 0.269784 0.287208 0.252359 0.150358 0.00754673 0.017425 0.00525549 0.00375989
0.365914 0.908046 0.915373 0.900719 0.261951 0.278938 0.244963 0.146752 0.00732702 0.0169876 0.00511434 0.00366511
0.369305 0.889238 0.896351 0.882124 0.254309 0.27087 0.237749 0.143229 0.00711361 0.0165601 0.00497682 0.00357257
0.372695 0.870715 0.877621 0.863808 0.246856 0.262998 0.230714 0.139787 0.00690631 0.016142 0.00484283 0.00348221
0.376086 0.852474 0.859179 0.84577 0.239587 0.25532 0.223854 0.136422 0.00670493 0.0157334 0.00471228 0.00339398
0.379477 0.834512 0.841022 0.828003 0.232498 0.247832 0.217164 0.133134 0.00650929 0.0153338 0.00458507 0.00330782
0.382868 0.816824 0.823144 0.810505 0.225585 0.240528 0.210642 0.12992 0.00631921 0.0149433 0.00446111 0.00322369
0.386259 0.799408 0.805543 0.793273 0.218845 0.233406 0.204283 0.126779 0.00613453 0.0145614 0.00434031 0.00314153
0.38965 0.78226 0.788215 0.776304 0.212273 0.226462 0.198085 0.123709 0.00595508 0.0141882 0.0042226 0.00306129
0.39304 0.765376 0.771157 0.759595 0.205868 0.219691 0.192044 0.120708 0.00578071 0.0138233 0.00410788 0.00298294
0.396431 0.748753 0.754364 0.743142 0.199624 0.21309 0.186157 0.117775 0.00561127 0.0134667 0.00399609 0.00290642
0.399822 0.732389 0.737835 0.726942 0.193538 0.206656 0.18042 0.114908 0.00544661 0.0131181 0.00388713 0.00283169
0.403213 0.71628 0.721566 0.710993 0.187608 0.200385 0.17483 0.112106 0.00528659 0.0127774 0.00378095 0.00275871
0.406604 0.700423 0.705554 0.695292 0.18183 0.194274 0.169385 0.109366 0.00513107 0.0124444 0.00367746 0.00268743
0.409995 0.684815 0.689795 0.679835 0.1762 0.188319 0.164081 0.106688 0.00497992 0.012119 0.0035766 0.00261781
0.413385 0.669453 0.674286 0.66462 0.170716 0.182517 0.158915 0.104071 0.00483301 0.0118009 0.0034783 0.00254983
0.416776 0.654336 0.659026 0.649646 0.165374 0.176864 0.153884 0.101511 0.00469022 0.0114901 0.00338248 0.00248343
0.420167 0.63946 0.644011 0.634909 0.160172 0.171358 0.148986 0.0990097 0.00455142 0.0111863 0.0032891 0.00241858
0.423558 0.624822 0.629239 0.620406 0.155106 0.165996 0.144217 0.096564 0.00441651 0.0108895 0.00319807 0.00235524
0.426949 0.61042 0.614706 0.606135 0.150174 0.160774 0.139575 0.0941731 0.00428537 0.0105995 0.00310936 0.00229339
0.43034 0.596252 0.600409 0.592094 0.145373 0.155689 0.135057 0.0918357 0.0041579 0.0103161 0.00302289 0.00223298
0.43373 0.582314 0.586348 0.57828 0.140699 0.150739 0.13066 0.0895507 0.00403398 0.0100393 0.00293861 0.00217398
0.437121 0.568604 0.572518 0.564691 0.136151 0.14592 0.126382 0.0873168 0.00391351 0.00976881 0.00285646 0.00211635
0.440512 0.555121 0.558917 0.551324 0.131725 0.141229 0.12222 0.0851329 0.00379641 0.00950458 0.00277639 0.00206008
0.443903 0.541861 0.545543 0.538178 0.127419 0.136665 0.118172 0.0829979 0.00368257 0.00924646 0.00269834 0.00200512
0.447294 0.528822 0.532394 0.52525 0.12323 0.132224 0.114235 0.0809107 0.0035719 0.00899433 0.00262228 0.00195145
0.450685 0.516002 0.519467 0.512538 0.119155 0.127903 0.110407 0.0788702 0.00346431 0.00874806 0.00254814 0.00189903
0.454075 0.5034 0.50676 0.50004 0.115193 0.1237 0.106685 0.0768755 0.00335971 0.00850754 0.00247588 0.00184784
0.457466 0.491012 0.49427 0.487754 0.11134 0.119612 0.103067 0.0749254 0.00325803 0.00827264 0.00240545 0.00179785
0.460857 0.478836 0.481995 0.475677 0.107594 0.115637 0.099551 0.0730189 0.00315918 0.00804324 0.00233681 0.00174904
0.464248 0.466871 0.469934 0.463808 0.103953 0.111773 0.0961341 0.0711553 0.00306307 0.00781924 0.00226991 0.00170137
0.467639 0.455113 0.458083 0.452144 0.100415 0.108016 0.0928145 0.0693334 0.00296965 0.00760052 0.0022047 0.00165483
0.47103 0.443562 0.446441 0.440684 0.0969768 0.104364 0.0895898 0.0675524 0.00287882 0.00738697 0.00214116 0.00160938
0.47442 0.432215 0.435006 0.429425 0.0936365 0.100815 0.086458 0.0658114 0.00279052 0.00717849 0.00207924 0.00156501
0.477811 0.42107 0.423775 0.418366 0.0903918 0.0973668 0.0834168 0.0641096 0.00270469 0.00697497 0.00201889 0.00152168
0.481202 0.410125 0.412747 0.407504 0.0872406 0.0940169 0.0804643 0.062446 0.00262124 0.0067763 0.00196008 0.00147938
0.484593 0.399378 0.401918 0.396838 0.0841808 0.0907632 0.0775984 0.0608199 0.00254012 0.00658239 0.00190277 0.00143808
0.487984 0.388827 0.391288 0.386366 0.0812102 0.0876033 0.074817 0.0592304 0.00246127 0.00639314 0.00184692 0.00139776
0.491375 0.37847 0.380855 0.376086 0.0783268 0.0845352 0.0721183 0.0576768 0.00238461 0.00620845 0.00179251 0.0013584
0.494765 0.368305 0.370615 0.365995 0.0755285 0.0815567 0.0695003 0.0561583 0.0023101 0.00602823 0.00173949 0.00131998
0.498156 0.358331 0.360568 0.356093 0.0728133 0.0786657 0.0669609 0.0546742 0.00223767 0.00585238 0.00168783 0.00128248
0.501547 0.348544 0.350711 0.346377 0.0701793 0.0758602 0.0644985 0.0532236 0.00216727 0.00568081 0.0016375 0.00124587
0.504938 0.338944 0.341043 0.336845 0.0676247 0.0731381 0.0621112 0.0518059 0.00209885 0.00551344 0.00158847 0.00121014
0.508329 0.329528 0.33156 0.327496 0.0651473 0.0704975 0.0597972 0.0504205 0.00203234 0.00535017 0.0015407 0.00117528
0.51172 0.320295 0.322263 0.318327 0.0627455 0.0679364 0.0575546 0.0490665 0.0019677 0.00519092 0.00149416 0.00114125
0.51511 0.311242 0.313147 0.309338 0.0604173 0.065453 0.0553817 0.0477434 0.00190488 0.00503561 0.00144884 0.00110804
0.518501 0.302369 0.304213 0.300525 0.0581611 0.0630453 0.053277 0.0464504 0.00184383 0.00488415 0.00140469 0.00107564
0.521892 0.293672 0.295457 0.291888 0.055975 0.0607115 0.0512385 0.0451871 0.0017845 0.00473647 0.00136169 0.00104403
0.525283 0.28515 0.286877 0.283423 0.0538573 0.0584497 0.0492648 0.0439527 0.00172684 0.00459248 0.00131981 0.00101318
0.528674 0.276802 0.278473 0.275131 0.0518062 0.0562583 0.0473541 0.0427466 0.00167082 0.00445211 0.00127902 0.000983091
0.532065 0.268625 0.270241 0.267009 0.0498202 0.0541355 0.0455049 0.0415682 0.00161639 0.00431528 0.0012393 0.000953738
0.535455 0.260617 0.262181 0.259054 0.0478977 0.0520796 0.0437157 0.040417 0.00156351 0.00418192 0.00120063 0.000925108
0.538846 0.252778 0.25429 0.251265 0.0460369 0.0500888 0.0419849 0.0392924 0.00151213 0.00405195 0.00116298 0.000897183
0.542237 0.245104 0.246566 0.243641 0.0442363 0.0481616 0.040311 0.0381938 0.00146221 0.0039253 0.00112632 0.00086995
0.545628 0.237594 0.239007 0.23618 0.0424944 0.0462963 0.0386925 0.0371207 0.00141372 0.0038019 0.00109063 0.000843394
0.549019 0.230246 0.231613 0.228879 0.0408097 0.0444914 0.037128 0.0360726 0.00136663 0.00368169 0.0010559 0.0008175
0.55241 0.223059 0.22438 0.221738 0.0391807 0.0427453 0.0356161 0.0350489 0.00132088 0.00356458 0.00102209 0.000792254
0.5558 0.21603 0.217306 0.214753 0.0376059 0.0410564 0.0341553 0.0340491 0.00127645 0.00345053 0.00098918 0.000767642
0.559191 0.209158 0.210391 0.207924 0.0360838 0.0394233 0.0327443 0.0330728 0.00123331 0.00333946 0.000957156 0.000743652
0.562582 0.20244 0.203632 0.201249 0.0346131 0.0378444 0.0313818 0.0321195 0.00119141 0.00323131 0.000925996 0.000720269
0.565973 0.195876 0.197027 0.194725 0.0331924 0.0363185 0.0300664 0.0311887 0.00115074 0.00312602 0.000895678 0.00069748
0.569364 0.189463 0.190574 0.188352 0.0318204 0.0348439 0.0287969 0.0302798 0.00111124 0.00302352 0.000866183 0.000675274
0.572755 0.183199 0.184272 0.182126 0.0304957 0.0334195 0.0275719 0.0293926 0.0010729 0.00292376 0.000837491 0.000653638
0.576146 0.177083 0.178118 0.176047 0.029217 0.0320437 0.0263903 0.0285265 0.00103568 0.00282667 0.000809584 0.00063256
0.579536 0.171112 0.172111 0.170112 0.0279831 0.0307153 0.0252509 0.027681 0.00099956 0.0027322 0.000782443 0.000612027
0.582927 0.165285 0.166249 0.16432 0.0267927 0.029433 0.0241524 0.0268559 0.000964502 0.0026403 0.000756051 0.000592029
0.586318 0.1596 0.16053 0.158669 0.0256445 0.0281954 0.0230936 0.0260506 0.000930482 0.00255089 0.000730389 0.000572554
0.589709 0.154055 0.154952 0.153157 0.0245375 0.0270014 0.0220735 0.0252647 0.000897472 0.00246394 0.000705441 0.000553591
0.5931 0.148648 0.149513 0.147783 0.0234704 0.0258497 0.021091 0.0244979 0.000865447 0.00237939 0.000681189 0.000535129
0.596491 0.143378 0.144212 0.142543 0.022442 0.0247392 0.0201448 0.0237498 0.000834381 0.00229717 0.000657619 0.000517157
0.599881 0.138242 0.139046 0.137437 0.0214513 0.0236685 0.019234 0.0230199 0.000804248 0.00221725 0.000634713 0.000499665
0.603272 0.133238 0.134013 0.132463 0.0204971 0.0226367 0.0183576 0.0223079 0.000775024 0.00213957 0.000612456 0.000482643
0.606663 0.128365 0.129112 0.127619 0.0195785 0.0216425 0.0175144 0.0216135 0.000746686 0.00206409 0.000590833 0.000466081
0.610054 0.123622 0.124341 0.122902 0.0186942 0.0206849 0.0167035 0.0209363 0.00071921 0.00199074 0.000569829 0.000449968
0.613445 0.119005 0.119697 0.118312 0.0178433 0.0197628 0.0159238 0.0202759 0.000692573 0.00191949 0.000549429 0.000434296
0.616836 0.114513 0.11518 0.113846 0.0170249 0.0188751 0.0151746 0.019632 0.000666755 0.00185029 0.000529619 0.000419055
0.620226 0.110144 0.110786 0.109502 0.0162378 0.0180209 0.0144547 0.0190042 0.000641733 0.00178308 0.000510386 0.000404235
0.623617 0.105897 0.106514 0.105279 0.0154811 0.017199 0.0137633 0.0183922 0.000617487 0.00171784 0.000491715 0.000389828
0.627008 0.101769 0.102363 0.101175 0.014754 0.0164085 0.0130995 0.0177958 0.000593996 0.0016545 0.000473593 0.000375824
0.630399 0.0977582 0.0983294 0.0971869 0.0140554 0.0156484 0.0124624 0.0172145 0.000571241 0.00159303 0.000456008 0.000362216
0.63379 0.0938632 0.0944125 0.093314 0.0133845 0.0149179 0.0118511 0.0166481 0.000549202 0.00153339 0.000438945 0.000348993
0.637181 0.090082 0.0906099 0.0895542 0.0127404 0.0142159 0.0112649 0.0160963 0.00052786 0.00147553 0.000422394 0.000336149
0.640571 0.0864125 0.0869197 0.0859053 0.0121223 0.0135417 0.0107029 0.0155588 0.000507197 0.00141941 0.000406342 0.000323674
0.643962 0.0828529 0.0833401 0.0823657 0.0115292 0.0128942 0.0101642 0.0150352 0.000487195 0.00136499 0.000390777 0.000311562
0.647353 0.0794013 0.0798691 0.0789335 0.0109605 0.0122727 0.00964824 0.0145253 0.000467836 0.00131223 0.000375687 0.000299802
0.650744 0.0760557 0.0765048 0.0756066 0.0104152 0.0116763 0.00915411 0.0140289 0.000449104 0.00126109 0.00036106 0.000288389
0.654135 0.0728142 0.0732452 0.0723833 0.00989264 0.0111042 0.0086811 0.0135455 0.000430982 0.00121154 0.000346886 0.000277314
0.657526 0.069675 0.0700885 0.0692616 0.00939204 0.0105556 0.00822851 0.0130751 0.000413454 0.00116353 0.000333154 0.00026657
0.660916 0.0666362 0.0670327 0.0662397 0.00891265 0.0100297 0.00779562 0.0126172 0.000396503 0.00111703 0.000319853 0.000256149
0.664307 0.0636957 0.0640758 0.0633156 0.00845376 0.00952576 0.00738175 0.0121717 0.000380115 0.00107201 0.000306972 0.000246044
0.667698 0.0608517 0.061216 0.0604875 0.00801465 0.00904307 0.00698624 0.0117383 0.000364274 0.00102842 0.000294501 0.000236248
0.671089 0.0581024 0.0584514 0.0577534 0.00759465 0.00858088 0.00660842 0.0113167 0.000348966 0.000986229 0.000282431 0.000226755
0.67448 0.0554458 0.0557799 0.0551116 0.00719309 0.0081385 0.00624767 0.0109068 0.000334176 0.000945411 0.00027075 0.000217557
0.677871 0.0528799 0.0531998 0.0525601 0.0068093 0.00771523 0.00590338 0.0105081 0.00031989 0.000905926 0.00025945 0.000208647
0.681261 0.050403 0.0507091 0.050097 0.00644267 0.00731041 0.00557493 0.0101206 0.000306094 0.000867743 0.000248521 0.000200019
0.684652 0.0480132 0.048306 0.0477204 0.00609258 0.00692341 0.00526175 0.00974403 0.000292776 0.000830829 0.000237954 0.000191666
0.688043 0.0457085 0.0459884 0.0454285 0.00575842 0.00655357 0.00496327 0.00937807 0.000279922 0.000795152 0.00022774 0.000183583
0.691434 0.043487 0.0437545 0.0432195 0.00543961 0.0062003 0.00467893 0.00902256 0.000267519 0.000760681 0.00021787 0.000175762
0.694825 0.041347 0.0416025 0.0410914 0.00513559 0.00586298 0.00440821 0.00867727 0.000255555 0.000727385 0.000208334 0.000168198
0.698216 0.0392864 0.0395304 0.0390424 0.00484581 0.00554104 0.00415057 0.00834198 0.000244018 0.000695236 0.000199126 0.000160884
0.701606 0.0373035 0.0375364 0.0370706 0.00456972 0.00523392 0.00390552 0.00801649 0.000232896 0.000664202 0.000190235 0.000153815
0.704997 0.0353965 0.0356187 0.0351743 0.00430681 0.00494106 0.00367255 0.00770058 0.000222176 0.000634255 0.000181655 0.000146984
0.708388 0.0335634 0.0337753 0.0333516 0.00405657 0.00466193 0.0034512 0.00739405 0.000211849 0.000605368 0.000173376 0.000140387
0.711779 0.0318025 0.0320044 0.0316006 0.0038185 0.00439601 0.00324099 0.00709671 0.000201903 0.000577511 0.000165392 0.000134016
0.71517 0.030112 0.0303043 0.0299196 0.00359214 0.0041428 0.00304148 0.00680835 0.000192327 0.000550658 0.000157694 0.000127868
0.718561 0.0284899 0.0286731 0.0283068 0.00337701 0.0039018 0.00285223 0.00652878 0.00018311 0.000524782 0.000150275 0.000121935
0.721951 0.0269347 0.0271089 0.0267604 0.00317268 0.00367254 0.00267282 0.00625782 0.000174243 0.000499857 0.000143127 0.000116214
0.725342 0.0254443 0.02561 0.0252786 0.0029787 0.00345456 0.00250284 0.00599527 0.000165715 0.000475857 0.000136244 0.000110697
0.728733 0.0240172 0.0241747 0.0238596 0.00279465 0.0032474 0.00234189 0.00574095 0.000157516 0.000452757 0.000129617 0.000105382
0.732124 0.0226514 0.0228011 0.0225018 0.00262012 0.00305065 0.00218959 0.00549469 0.000149636 0.000430531 0.00012324 0.000100261
0.735515 0.0213454 0.0214875 0.0212033 0.00245471 0.00286387 0.00204556 0.0052563 0.000142067 0.000409157 0.000117107 9.5331e-05
0.738906 0.0200973 0.0202321 0.0199625 0.00229805 0.00268666 0.00190944 0.00502561 0.000134799 0.000388609 0.000111209 9.0586e-05
0.742296 0.0189055 0.0190333 0.0187777 0.00214975 0.00251862 0.00178089 0.00480245 0.000127823 0.000368864 0.000105542 8.60214e-05
0.745687 0.0177683 0.0178894 0.0176471 0.00200946 0.00235937 0.00165956 0.00458665 0.000121131 0.000349901 0.000100098 8.16324e-05
0.749078 0.0166839 0.0167986 0.0165692 0.00187684 0.00220853 0.00154514 0.00437804 0.000114713 0.000331695 9.4871e-05 7.74143e-05
0.752469 0.0156508 0.0157594 0.0155423 0.00175153 0.00206576 0.00143731 0.00417647 0.000108561 0.000314226 8.98548e-05 7.33625e-05
0.75586 0.0146674 0.01477 0.0145647 0.00163323 0.0019307 0.00133576 0.00398176 0.000102667 0.000297471 8.50433e-05 6.94724e-05
0.759251 0.0137319 0.0138289 0.0136349 0.0015216 0.00180301 0.00124019 0.00379377 9.7024e-05 0.00028141 8.04305e-05 6.57396e-05
0.762641 0.0128428 0.0129344 0.0127512 0.00141636 0.00168238 0.00115034 0.00361234 9.16228e-05 0.000266021 7.60106e-05 6.21596e-05
0.766032 0.0119986 0.012085 0.0119121 0.0013172 0.00156849 0.00106592 0.00343731 8.64563e-05 0.000251285 7.17778e-05 5.87282e-05
0.769423 0.0111977 0.0112792 0.0111161 0.00122385 0.00146103 0.00098667 0.00326853 8.15169e-05 0.000237181 6.77265e-05 5.54411e-05
0.772814 0.0104385 0.0105153 0.0103617 0.00113603 0.00135972 0.000912336 0.00310585 7.67974e-05 0.00022369 6.38512e-05 5.22941e-05
0.776205 0.00971957 0.00979186 0.00964728 0.00105347 0.00126426 0.000842675 0.00294914 7.22905e-05 0.000210793 6.01465e-05 4.92832e-05
0.779596 0.00903944 0.00910743 0.00897145 0.000975923 0.00117439 0.000777452 0.00279824 6.79894e-05 0.000198472 5.66071e-05 4.64042e-05
0.782986 0.00839664 0.00846053 0.00833275 0.000903146 0.00108985 0.000716439 0.00265301 6.38872e-05 0.000186706 5.32277e-05 4.36532e-05
0.786377 0.00778974 0.00784972 0.00772976 0.000834901 0.00101038 0.00065942 0.00251331 5.99772e-05 0.00017548 5.00033e-05 4.10263e-05
0.789768 0.00721734 0.00727359 0.00716109 0.000770961 0.000935736 0.000606186 0.00237902 5.6253e-05 0.000164775 4.69289e-05 3.85197e-05
0.793159 0.00667807 0.00673077 0.00662536 0.000711109 0.000865683 0.000556535 0.00224998 5.27081e-05 0.000154574 4.39996e-05 3.61296e-05
0.79655 0.00617056 0.0062199 0.00612123 0.000655134 0.000799994 0.000510274 0.00212607 4.93363e-05 0.00014486 4.12105e-05 3.38524e-05
0.799941 0.00569351 0.00573964 0.00564738 0.000602835 0.000738452 0.000467218 0.00200715 4.61317e-05 0.000135617 3.85571e-05 3.16843e-05
0.803332 0.00524561 0.0052887 0.00520253 0.000554019 0.000680847 0.000427191 0.0018931 4.30882e-05 0.000126828 3.60347e-05 2.96218e-05
0.806722 0.00482561 0.00486581 0.00478541 0.000508499 0.000626977 0.000390021 0.00178379 4.02e-05 0.000118478 3.36388e-05 2.76615e-05
0.810113 0.00443225 0.00446971 0.00439479 0.000466097 0.000576648 0.000355546 0.00167909 3.74616e-05 0.000110551 3.13649e-05 2.57998e-05
0.813504 0.00406434 0.00409921 0.00402947 0.000426642 0.000529674 0.000323609 0.00157888 3.48673e-05 0.000103032 2.92088e-05 2.40334e-05
0.816895 0.00372069 0.0037531 0.00368828 0.000389969 0.000485876 0.000294062 0.00148303 3.24118e-05 9.59071e-05 2.71663e-05 2.2359e-05
0.820286 0.00340016 0.00343025 0.00337007 0.000355922 0.000445083 0.000266762 0.00139143 3.00898e-05 8.91606e-05 2.52331e-05 2.07733e-05
0.823677 0.00310161 0.0031295 0.00307371 0.000324351 0.00040713 0.000241572 0.00130396 2.78962e-05 8.27788e-05 2.34053e-05 1.92732e-05
0.827067 0.00282396 0.00284979 0.00279814 0.000295111 0.000371859 0.000218363 0.0012205 2.5826e-05 7.6748e-05 2.16788e-05 1.78555e-05
0.830458 0.00256616 0.00259003 0.00254228 0.000268065 0.000339119 0.00019701 0.00114093 2.38742e-05 7.10546e-05 2.00498e-05 1.65171e-05
0.833849 0.00232716 0.0023492 0.00230512 0.00024308 0.000308766 0.000177395 0.00106514 2.20361e-05 6.56854e-05 1.85145e-05 1.5255e-05
0.83724 0.00210597 0.00212628 0.00208566 0.000220033 0.000280661 0.000159406 0.000993014 2.03071e-05 6.06276e-05 1.70691e-05 1.40664e-05
0.840631 0.00190162 0.0019203 0.00188294 0.000198803 0.000254672 0.000142934 0.000924449 1.86826e-05 5.58686e-05 1.57101e-05 1.29482e-05
0.844022 0.00171317 0.00173033 0.00169601 0.000179275 0.000230671 0.000127879 0.000859331 1.71582e-05 5.13961e-05 1.44339e-05 1.18977e-05
0.847412 0.00153972 0.00155545 0.00152399 0.000161341 0.000208539 0.000114143 0.000797554 1.57295e-05 4.71981e-05 1.3237e-05 1.09121e-05
0.850803 0.00138038 0.00139477 0.00136598 0.000144898 0.000188161 0.000101635 0.000739011 1.43924e-05 4.32629e-05 1.21161e-05 9.98875e-06
0.854194 0.0012343 0.00124745 0.00122116 0.000129846 0.000169425 9.02668e-05 0.000683596 1.31428e-05 3.95792e-05 1.10678e-05 9.12489e-06
0.857585 0.00110068 0.00111266 0.0010887 0.000116092 0.000152228 7.99564e-05 0.000631207 1.19767e-05 3.61358e-05 1.0089e-05 8.31798e-06
0.860976 0.000978726 0.000989616 0.000967835 0.000103547 0.000136469 7.06255e-05 0.000581743 1.08902e-05 3.29218e-05 9.17637e-06 7.56547e-06
0.864367 0.000867679 0.000877558 0.000857799 9.21272e-05 0.000122054 6.22004e-05 0.000535102 9.87949e-06 2.99268e-05 8.32698e-06 6.86489e-06
0.867757 0.000766816 0.000775757 0.000757875 8.17517e-05 0.000108892 5.46112e-05 0.000491185 8.94098e-06 2.71405e-05 7.5378e-06 6.21383e-06
0.871148 0.00067544 0.000683511 0.000667369 7.2345e-05 9.68978e-05 4.77922e-05 0.000449895 8.07106e-06 2.45528e-05 6.80591e-06 5.6099e-06
0.874539 0.000592885 0.000600151 0.000585619 6.38355e-05 8.59895e-05 4.16815e-05 0.000411136 7.26626e-06 2.2154e-05 6.12847e-06 5.05081e-06
0.87793 0.000518514 0.000525037 0.000511991 5.61555e-05 7.60902e-05 3.62208e-05 0.000374812 6.52322e-06 1.99347e-05 5.50271e-06 4.53432e-06
0.881321 0.000451718 0.000457557 0.00044588 4.92409e-05 6.71264e-05 3.13553e-05 0.000340831 5.83866e-06 1.78856e-05 4.92595e-06 4.05822e-06
0.884712 0.000391919 0.000397128 0.000386709 4.30314e-05 5.90291e-05 2.70337e-05 0.0003091 5.20941e-06 1.59977e-05 4.39557e-06 3.62038e-06
0.888102 0.000338564 0.000343196 0.000333931 3.74704e-05 5.17329e-05 2.32079e-05 0.000279529 4.63238e-06 1.42625e-05 3.90902e-06 3.21872e-06
0.891493 0.000291129 0.000295234 0.000287025 3.25043e-05 4.51757e-05 1.98328e-05 0.000252027 4.10459e-06 1.26714e-05 3.46384e-06 2.85123e-06
0.894884 0.000249119 0.000252742 0.000245496 2.80829e-05 3.92992e-05 1.68666e-05 0.000226507 3.62314e-06 1.12163e-05 3.05763e-06 2.51594e-06
0.898275 0.000212065 0.00021525 0.000208879 2.41593e-05 3.40486e-05 1.427e-05 0.000202882 3.18525e-06 9.88927e-06 2.68806e-06 2.21093e-06
0.901666 0.000179522 0.00018231 0.000176734 2.06893e-05 2.93719e-05 1.20067e-05 0.000181067 2.78819e-06 8.68257e-06 2.35288e-06 1.93436e-06
0.905057 0.000151074 0.000153504 0.000148645 1.76317e-05 2.52205e-05 1.00429e-05 0.000160977 2.42936e-06 7.58879e-06 2.04991e-06 1.68442e-06
0.908447 0.00012633 0.000128436 0.000124224 1.4948e-05 2.15488e-05 8.3473e-06 0.000142531 2.10622e-06 6.60074e-06 1.77704e-06 1.45939e-06
0.911838 0.000104921 0.000106737 0.000103105 1.26024e-05 1.83139e-05 6.89096e-06 0.000125646 1.81633e-06 5.71145e-06 1.53224e-06 1.25758e-06
0.915229 8.65045e-05 8.80619e-05 8.49471e-05 1.05615e-05 1.54757e-05 5.64725e-06 0.000110242 1.55735e-06 4.91422e-06 1.31352e-06 1.07736e-06
0.91862 7.07608e-05 7.20879e-05 6.94338e-05 8.79422e-06 1.29968e-05 4.59166e-06 9.62421e-05 1.32702e-06 4.20256e-06 1.119e-06 9.17156e-07
0.922011 5.73928e-05 5.8516e-05 5.62697e-05 7.27198e-06 1.08422e-05 3.70175e-06 8.35676e-05 1.12315e-06 3.57023e-06 9.46849e-07 7.75464e-07
0.925402 4.61255e-05 4.70691e-05 4.51818e-05 5.96822e-06 8.97944e-06 2.95699e-06 7.21433e-05 9.43663e-07 3.01122e-06 7.95306e-07 6.50824e-07
0.928792 3.67051e-05 3.74917e-05 3.59186e-05 4.85847e-06 7.37823e-06 2.33871e-06 6.18949e-05 7.8655e-07 2.51976e-06 6.62685e-07 5.41835e-07
0.932183 2.88988e-05 2.95487e-05 2.82489e-05 3.92025e-06 6.01055e-06 1.82996e-06 5.27495e-05 6.49895e-07 2.0903e-06 5.47368e-07 4.47155e-07
0.935574 2.24933e-05 2.30252e-05 2.19615e-05 3.13294e-06 4.85045e-06 1.41542e-06 4.4636e-05 5.31863e-07 1.71751e-06 4.47806e-07 3.65496e-07
0.938965 1.72946e-05 1.77254e-05 1.68639e-05 2.47767e-06 3.87399e-06 1.08135e-06 3.74846e-05 4.30707e-07 1.39632e-06 3.6252e-07 2.9563e-07
0.942356 1.31271e-05 1.34719e-05 1.27824e-05 1.93728e-06 3.05914e-06 8.1542e-07 3.12273e-05 3.44759e-07 1.12186e-06 2.90101e-07 2.36385e-07
0.945747 9.83257e-06 1.0105e-05 9.56013e-06 1.49618e-06 2.38568e-06 6.06682e-07 2.57978e-05 2.7244e-07 8.89501e-07 2.29209e-07 1.86647e-07
0.949137 7.2696e-06 7.48185e-06 7.05735e-06 1.14029e-06 1.83512e-06 4.45456e-07 2.11317e-05 2.12251e-07 6.94832e-07 1.78573e-07 1.45357e-07
0.952528 5.31277e-06 5.47554e-06 5.14999e-06 8.56925e-07 1.3906e-06 3.23252e-07 1.71663e-05 1.62775e-07 5.33673e-07 1.36992e-07 1.11517e-07
0.955919 3.85174e-06 3.97443e-06 3.72906e-06 6.34759e-07 1.03683e-06 2.3269e-07 1.38415e-05 1.22683e-07 4.02069e-07 1.03336e-07 8.41864e-08
0.95931 2.79056e-06 2.88128e-06 2.69984e-06 4.63712e-07 7.60005e-07 1.67419e-07 1.10994e-05 9.07232e-08 2.96293e-07 7.65429e-08 6.2482e-08
0.962701 2.04685e-06 2.11258e-06 1.98112e-06 3.3489e-07 5.47732e-07 1.22049e-07 8.88519e-06 6.57307e-08 2.12841e-07 5.56219e-08 4.55803e-08
0.966092 1.55113e-06 1.59775e-06 1.50451e-06 2.40522e-07 3.88964e-07 9.20805e-08 7.14768e-06 4.66222e-08 1.48442e-07 3.96523e-08 3.27164e-08
0.969482 1.24629e-06 1.27869e-06 1.2139e-06 1.73904e-07 2.73954e-07 7.38536e-08 5.84075e-06 3.23974e-08 1.0005e-07 2.77839e-08 2.31848e-08
0.972873 1.08737e-06 1.10951e-06 1.06523e-06 1.29369e-07 1.94225e-07 6.45142e-08 4.92577e-06 2.21394e-08 6.48553e-08 1.92375e-08 1.63396e-08
0.976264 1.04206e-06 1.05708e-06 1.02705e-06 1.02308e-07 1.42587e-07 6.20289e-08 4.37655e-06 1.5014e-08 4.02792e-08 1.33042e-08 1.15936e-08
0.979655 1.09324e-06 1.10351e-06 1.08297e-06 8.93031e-08 1.13285e-07 6.53213e-08 4.19112e-06 1.02687e-08 2.39818e-08 9.34421e-09 8.41763e-09
0.983046 1.24762e-06 1.25485e-06 1.24039e-06 8.86458e-08 1.02509e-07 7.47831e-08 4.42399e-06 7.22843e-09 1.38627e-08 6.78291e-09 6.33556e-09
0.986437 1.56984e-06 1.57512e-06 1.56456e-06 1.02377e-07 1.10436e-07 9.43174e-08 5.3014e-06 5.2804e-09 8.05923e-09 5.09455e-09 4.90758e-09
0.989827 2.39372e-06 2.39751e-06 2.38992e-06 1.48988e-07 1.53905e-07 1.44072e-07 7.88065e-06 3.796e-09 4.91661e-09 3.72139e-09 3.64617e-09
0.993218 1.25778e-05 1.25782e-05 1.25774e-05 7.61473e-07 7.6474e-07 7.58206e-07 4.71577e-05 3.84637e-10 3.26679e-09 1.93217e-10 0
4.2929e-314 inf inf inf inf inf inf 0.00337743 52.9466 1.55049 1.25129 0.892096
