9.72476e-05 34.6328 35.9828 33.2828 20.952 22.012 19.8921 44.191 1.34999 1.05994 0.738052 0.727759
0.0001 34.388 35.7293 33.0468 20.8007 21.8531 19.7482 43.7232 1.34124 1.05241 0.731455 0.721052
0.00010283 34.1457 35.4782 32.8131 20.6508 21.6958 19.6059 43.2595 1.33255 1.04493 0.724911 0.714397
0.000105741 33.9079 35.2319 32.584 20.5039 21.5414 19.4664 42.8 1.32391 1.03751 0.718419 0.707794
0.000108734 33.6638 34.9791 32.3485 20.353 21.3831 19.3229 42.3446 1.31533 1.03014 0.71198 0.701242
0.000111811 33.4212 34.728 32.1144 20.203 21.2258 19.1802 41.8933 1.30681 1.02282 0.705593 0.694741
0.000114976 33.1799 34.4783 31.8816 20.0539 21.0695 19.0384 41.4461 1.29834 1.01555 0.699258 0.68829
0.00011823 32.9401 34.23 31.6502 19.9057 20.9141 18.8974 41.0029 1.28993 1.00834 0.692974 0.68189
0.000121576 32.7017 33.9833 31.4202 19.7585 20.7596 18.7573 40.5637 1.28157 1.00117 0.686741 0.67554
0.000125017 32.4648 33.738 31.1915 19.6121 20.6061 18.618 40.1285 1.27327 0.994059 0.680559 0.669239
0.000128556 32.2292 33.4942 30.9642 19.4666 20.4536 18.4796 39.6972 1.26502 0.986997 0.674427 0.662987
0.000132194 31.995 33.2518 30.7382 19.3219 20.3019 18.342 39.2698 1.25682 0.979986 0.668346 0.656785
0.000135936 31.7623 33.0109 30.5136 19.1782 20.1512 18.2052 38.8463 1.24868 0.973025 0.662314 0.650632
0.000139783 31.5309 32.7715 30.2903 19.0353 20.0015 18.0692 38.4267 1.24059 0.966113 0.656331 0.644526
0.000143739 31.3009 32.5334 30.0683 18.8934 19.8526 17.9341 38.0109 1.23255 0.959252 0.650399 0.638468
0.000147808 31.0722 32.2968 29.8477 18.7522 19.7047 17.7998 37.5989 1.22456 0.952439 0.644514 0.632458
0.000151991 30.845 32.0616 29.6283 18.612 19.5576 17.6663 37.1906 1.21663 0.945675 0.638678 0.626495
0.000156293 30.6191 31.8278 29.4103 18.4726 19.4115 17.5336 36.786 1.20875 0.93896 0.63289 0.620579
0.000160717 30.3945 31.5954 29.1936 18.334 19.2663 17.4017 36.3852 1.20092 0.932292 0.62715 0.61471
0.000165265 30.1713 31.3644 28.9781 18.1963 19.122 17.2706 35.988 1.19313 0.925673 0.621458 0.608887
0.000169943 29.9494 31.1348 28.764 18.0595 18.9786 17.1404 35.5945 1.1854 0.919101 0.615813 0.603111
0.000174753 29.7289 30.9066 28.5512 17.9235 18.836 17.0109 35.2046 1.17772 0.912576 0.610215 0.59738
0.000179699 29.5097 30.6798 28.3396 17.7883 18.6944 16.8822 34.8183 1.17009 0.906098 0.604663 0.591694
0.000184785 29.2918 30.4543 28.1293 17.6539 18.5536 16.7543 34.4355 1.16251 0.899667 0.599158 0.586053
0.000190015 29.0752 30.2302 27.9202 17.5204 18.4137 16.6271 34.0563 1.15497 0.893281 0.593699 0.580457
0.000195393 28.8599 30.0074 27.7124 17.3877 18.2747 16.5008 33.6805 1.14749 0.886941 0.588286 0.574906
0.000200923 28.6459 29.786 27.5059 17.2558 18.1365 16.3752 33.3083 1.14005 0.880647 0.582918 0.569399
0.00020661 28.4333 29.5659 27.3006 17.1248 17.9992 16.2504 32.9394 1.13266 0.874399 0.577595 0.563935
0.000212458 28.2218 29.3472 27.0965 16.9945 17.8627 16.1263 32.5741 1.12532 0.868195 0.572317 0.558515
0.000218471 28.0117 29.1298 26.8937 16.8651 17.7271 16.0031 32.212 1.11802 0.862036 0.567084 0.553139
0.000224655 27.8029 28.9137 26.6921 16.7365 17.5924 15.8805 31.8534 1.11077 0.855921 0.561895 0.547806
0.000231013 27.5953 28.6989 26.4917 16.6086 17.4585 15.7588 31.4981 1.10357 0.849849 0.556749 0.542515
0.000237551 27.389 28.4854 26.2926 16.4816 17.3254 15.6378 31.1461 1.09641 0.843822 0.551649 0.537267
0.000244275 27.1839 28.2732 26.0946 16.3553 17.1932 15.5175 30.7974 1.0893 0.837838 0.54659 0.53206
0.000251189 26.9801 28.0624 25.8979 16.2299 17.0618 15.398 30.452 1.08224 0.831897 0.541576 0.526895
0.000258298 26.7776 27.8528 25.7023 16.1052 16.9312 15.2792 30.1098 1.07521 0.825999 0.536604 0.521772
0.000265609 26.5762 27.6445 25.508 15.9813 16.8014 15.1611 29.7708 1.06824 0.820143 0.531674 0.51669
0.000273126 26.3761 27.4374 25.3148 15.8582 16.6725 15.0438 29.435 1.0613 0.814329 0.526787 0.511649
0.000280857 26.1772 27.2316 25.1228 15.7358 16.5444 14.9273 29.1023 1.05442 0.808557 0.521942 0.50665
0.000288806 25.9796 27.0271 24.932 15.6142 16.417 14.8114 28.7728 1.04757 0.802827 0.517139 0.50169
0.00029698 25.7831 26.8238 24.7423 15.4934 16.2905 14.6962 28.4464 1.04077 0.797138 0.512377 0.49677
0.000305386 25.5878 26.6218 24.5538 15.3733 16.1648 14.5818 28.1231 1.03401 0.79149 0.507657 0.49189
0.000314029 25.3938 26.4211 24.3665 15.254 16.0399 14.4681 27.8028 1.02729 0.785882 0.502977 0.487049
0.000322917 25.2009 26.2215 24.1803 15.1354 15.9158 14.3551 27.4856 1.02061 0.780315 0.498338 0.482248
0.000332057 25.0092 26.0232 23.9952 15.0176 15.7924 14.2428 27.1714 1.01398 0.774787 0.493739 0.477486
0.000341455 24.8187 25.8261 23.8113 14.9006 15.6699 14.1313 26.8601 1.00738 0.7693 0.489181 0.472763
0.000351119 24.6294 25.6302 23.6286 14.7842 15.5481 14.0204 26.5518 1.00083 0.763852 0.484662 0.468078
0.000361057 24.4412 25.4356 23.4469 14.6686 15.4271 13.9102 26.2465 0.99432 0.758443 0.480183 0.463431
0.000371276 24.2543 25.2421 23.2664 14.5538 15.3068 13.8007 25.944 0.987849 0.753073 0.475743 0.458823
0.000381784 24.0684 25.0498 23.087 14.4396 15.1874 13.6919 25.6445 0.981418 0.747742 0.471343 0.454252
0.00039259 23.8837 24.8588 22.9087 14.3262 15.0687 13.5838 25.3478 0.975026 0.742449 0.466981 0.449718
0.000403702 23.7002 24.6688 22.7315 14.2135 14.9507 13.4763 25.054 0.968673 0.737194 0.462657 0.445221
0.000415128 23.5178 24.4801 22.5554 14.1016 14.8335 13.3696 24.763 0.962359 0.731977 0.458372 0.440761
0.000426877 23.3365 24.2926 22.3804 13.9903 14.7171 13.2635 24.4748 0.956084 0.726797 0.454125 0.436338
0.000438959 23.1563 24.1062 22.2065 13.8797 14.6014 13.1581 24.1893 0.949847 0.721655 0.449916 0.431952
0.000451383 22.9773 23.921 22.0337 13.7699 14.4864 13.0533 23.9066 0.943647 0.716549 0.445745 0.427601
0.000464159 22.7994 23.7369 21.8619 13.6607 14.3722 12.9493 23.6267 0.937486 0.71148 0.441611 0.423286
0.000477296 22.6226 23.554 21.6912 13.5523 14.2587 12.8459 23.3494 0.931361 0.706447 0.437513 0.419007
0.000490805 22.4469 23.3722 21.5216 13.4445 14.146 12.7431 23.0749 0.925273 0.701451 0.433453 0.414763
0.000504697 22.2723 23.1915 21.3531 13.3375 14.034 12.641 22.8029 0.919222 0.69649 0.429429 0.410555
0.000518981 22.0988 23.012 21.1856 13.2311 13.9227 12.5395 22.5337 0.913207 0.691565 0.425441 0.406381
0.00053367 21.9264 22.8336 21.0191 13.1254 13.8121 12.4387 22.267 0.907228 0.686675 0.421489 0.402241
0.000548775 21.755 22.6563 20.8537 13.0204 13.7022 12.3386 22.003 0.901284 0.68182 0.417573 0.398136
0.000564307 21.5847 22.4801 20.6894 12.9161 13.5931 12.2391 21.7415 0.895375 0.677 0.413693 0.394066
0.000580278 21.4155 22.305 20.526 12.8124 13.4846 12.1402 21.4826 0.889501 0.672214 0.409848 0.390029
0.000596702 21.2474 22.1311 20.3637 12.7094 13.3769 12.0419 21.2262 0.883662 0.667462 0.406038 0.386026
0.000613591 21.0803 21.9582 20.2025 12.6071 13.2698 11.9443 20.9724 0.877857 0.662745 0.402263 0.382056
0.000630957 20.9143 21.7864 20.0422 12.5054 13.1635 11.8473 20.721 0.872085 0.658061 0.398523 0.378119
0.000648815 20.7493 21.6157 19.883 12.4044 13.0578 11.751 20.4721 0.866347 0.65341 0.394817 0.374215
0.000667179 20.5854 21.446 19.7247 12.304 12.9528 11.6553 20.2257 0.860642 0.648793 0.391144 0.370344
0.000686062 20.4225 21.2775 19.5675 12.2043 12.8486 11.5601 19.9817 0.85497 0.644208 0.387506 0.366505
0.00070548 20.2606 21.1099 19.4113 12.1053 12.7449 11.4656 19.7401 0.84933 0.639656 0.383901 0.362699
0.000725448 20.0998 20.9435 19.2561 12.0069 12.642 11.3717 19.5009 0.843722 0.635136 0.38033 0.358925
0.00074598 19.9399 20.7781 19.1018 11.9091 12.5397 11.2785 19.264 0.838146 0.630648 0.376792 0.355182
0.000767094 19.7811 20.6137 18.9485 11.812 12.4382 11.1858 19.0295 0.832601 0.626193 0.373287 0.351471
0.000788805 19.6233 20.4504 18.7962 11.7155 12.3372 11.0937 18.7974 0.827088 0.621768 0.369815 0.347791
0.000811131 19.4665 20.2881 18.6449 11.6196 12.237 11.0022 18.5676 0.821605 0.617375 0.366375 0.344142
0.000834088 19.3107 20.1269 18.4946 11.5244 12.1374 10.9113 18.34 0.816152 0.613013 0.362967 0.340525
0.000857696 19.1559 19.9667 18.3452 11.4297 12.0384 10.8211 18.1148 0.81073 0.608682 0.359591 0.336937
0.000881971 19.0021 19.8074 18.1968 11.3357 11.9401 10.7314 17.8917 0.805337 0.604382 0.356247 0.33338
0.000906934 18.8493 19.6492 18.0493 11.2423 11.8425 10.6422 17.671 0.799974 0.600111 0.352934 0.329854
0.000932603 18.6974 19.4921 17.9028 11.1496 11.7455 10.5537 17.4524 0.794639 0.595871 0.349653 0.326357
0.000958999 18.5465 19.3358 17.7572 11.0574 11.6491 10.4658 17.2361 0.789334 0.59166 0.346403 0.32289
0.000986142 18.3966 19.1807 17.6125 10.9659 11.5533 10.3784 17.0219 0.784056 0.587479 0.343183 0.319453
0.00101405 18.2476 19.0264 17.4688 10.8749 11.4582 10.2916 16.8099 0.778807 0.583327 0.339995 0.316045
0.00104275 18.0996 18.8732 17.326 10.7846 11.3638 10.2054 16.6 0.773585 0.579204 0.336836 0.312666
0.00107227 17.9526 18.721 17.1842 10.6948 11.2699 10.1197 16.3923 0.768391 0.57511 0.333708 0.309316
0.00110262 17.8065 18.5697 17.0432 10.6056 11.1767 10.0346 16.1867 0.763223 0.571044 0.33061 0.305995
0.00113382 17.6613 18.4194 16.9032 10.5171 11.0841 9.95006 15.9831 0.758083 0.567007 0.327541 0.302702
0.00116591 17.5171 18.27 16.7641 10.4291 10.9921 9.86608 15.7817 0.752968 0.562998 0.324502 0.299437
0.00119891 17.3738 18.1216 16.6259 10.3417 10.9007 9.78266 15.5823 0.747879 0.559016 0.321492 0.296201
0.00123285 17.2314 17.9742 16.4886 10.2549 10.8099 9.69979 15.3849 0.742816 0.555062 0.31851 0.292992
0.00126774 17.0899 17.8277 16.3521 10.1686 10.7197 9.61747 15.1895 0.737779 0.551135 0.315558 0.289812
0.00130362 16.9494 17.6822 16.2166 10.0829 10.6302 9.5357 14.9962 0.732766 0.547235 0.312635 0.286658
0.00134052 16.8098 17.5375 16.082 9.99782 10.5412 9.45446 14.8049 0.727778 0.543362 0.309739 0.283532
0.00137846 16.671 17.3938 15.9482 9.91329 10.4528 9.37377 14.6155 0.722813 0.539515 0.306872 0.280433
0.00141747 16.5332 17.2511 15.8153 9.82931 10.365 9.29362 14.428 0.717873 0.535694 0.304032 0.27736
0.00145759 16.3963 17.1092 15.6833 9.74589 10.2778 9.21399 14.2426 0.712956 0.5319 0.301221 0.274315
0.00149885 16.2602 16.9683 15.5522 9.66303 10.1912 9.1349 14.059 0.708063 0.528131 0.298436 0.271295
0.00154127 16.1251 16.8283 15.4219 9.58073 10.1051 9.05634 13.8773 0.703192 0.524388 0.295679 0.268302
0.00158489 15.9908 16.6891 15.2924 9.49897 10.0196 8.9783 13.6975 0.698344 0.52067 0.292948 0.265336
0.00162975 15.8574 16.5509 15.1639 9.41777 9.93474 8.90079 13.5196 0.693518 0.516977 0.290245 0.262395
0.00167588 15.7249 16.4136 15.0361 9.3371 9.85041 8.82379 13.3436 0.688713 0.513309 0.287568 0.259479
0.00172331 15.5932 16.2771 14.9093 9.25698 9.76664 8.74731 13.1694 0.68393 0.509665 0.284917 0.256589
0.00177209 15.4624 16.1416 14.7832 9.17739 9.68344 8.67135 12.997 0.679168 0.506046 0.282292 0.253725
0.00182224 15.3324 16.0069 14.658 9.09834 9.60079 8.59589 12.8264 0.674427 0.502451 0.279693 0.250885
0.00187382 15.2033 15.873 14.5336 9.01982 9.5187 8.52094 12.6576 0.669706 0.498879 0.277119 0.248071
0.00192685 15.0751 15.7401 14.4101 8.94182 9.43715 8.44649 12.4906 0.665005 0.495331 0.274571 0.245281
0.00198139 14.9477 15.608 14.2873 8.86435 9.35616 8.37255 12.3254 0.660324 0.491807 0.272048 0.242515
0.00203747 14.8211 15.4768 14.1654 8.78741 9.27571 8.2991 12.1619 0.655662 0.488305 0.269549 0.239774
0.00209514 14.6953 15.3464 14.0443 8.71098 9.19581 8.22615 12.0001 0.651018 0.484826 0.267076 0.237057
0.00215443 14.5704 15.2168 13.924 8.63506 9.11643 8.15369 11.8401 0.646394 0.48137 0.264626 0.234365
0.00221541 14.4463 15.0881 13.8045 8.55966 9.0376 8.08173 11.6817 0.641788 0.477936 0.262201 0.231696
0.00227812 14.3231 14.9603 13.6859 8.48477 8.95929 8.01024 11.525 0.637199 0.474524 0.2598 0.22905
0.00234259 14.2006 14.8332 13.568 8.41038 8.88151 7.93924 11.3701 0.632628 0.471134 0.257422 0.226428
0.0024089 14.0789 14.707 13.4508 8.33649 8.80426 7.86873 11.2167 0.628074 0.467766 0.255068 0.223829
0.00247708 13.9581 14.5816 13.3345 8.26311 8.72753 7.79869 11.065 0.623537 0.464419 0.252738 0.221254
0.00254719 13.838 14.457 13.219 8.19022 8.65131 7.72913 10.915 0.619017 0.461093 0.25043 0.218701
0.00261928 13.7187 14.3333 13.1042 8.11782 8.57561 7.66003 10.7665 0.614512 0.457787 0.248144 0.216171
0.00269341 13.6003 14.2103 12.9902 8.04592 8.50042 7.59141 10.6197 0.610024 0.454503 0.245882 0.213663
0.00276965 13.4826 14.0881 12.877 7.97449 8.42573 7.52325 10.4744 0.60555 0.451239 0.243641 0.211178
0.00284804 13.3657 13.9668 12.7646 7.90356 8.35155 7.45556 10.3308 0.601092 0.447995 0.241422 0.208715
0.00292864 13.2495 13.8462 12.6529 7.8331 8.27787 7.38833 10.1886 0.596648 0.44477 0.239226 0.206274
0.00301153 13.1342 13.7264 12.5419 7.76312 8.20469 7.32155 10.0481 0.592218 0.441566 0.23705 0.203855
0.00309677 13.0196 13.6074 12.4318 7.69362 8.132 7.25524 9.90902 0.587803 0.438381 0.234896 0.201457
0.00318442 12.9057 13.4891 12.3223 7.62458 8.0598 7.18937 9.77149 0.583401 0.435215 0.232763 0.199082
0.00327455 12.7926 13.3716 12.2136 7.55602 7.98808 7.12395 9.63547 0.579012 0.432067 0.230651 0.196727
0.00336723 12.6803 13.2549 12.1057 7.48792 7.91686 7.05898 9.50094 0.574636 0.428939 0.228559 0.194393
0.00346253 12.5687 13.139 11.9984 7.42028 7.84611 6.99445 9.36789 0.570272 0.425829 0.226487 0.192081
0.00356053 12.4579 13.0238 11.8919 7.35309 7.77583 6.93036 9.23631 0.565921 0.422737 0.224435 0.189789
0.00366131 12.3478 12.9093 11.7862 7.28637 7.70603 6.86671 9.10618 0.561581 0.419663 0.222403 0.187519
0.00376494 12.2384 12.7956 11.6811 7.2201 7.6367 6.80349 8.97748 0.557253 0.416606 0.220391 0.185268
0.0038715 12.1297 12.6827 11.5768 7.15427 7.56784 6.7407 8.85022 0.552935 0.413567 0.218397 0.183038
0.00398107 12.0218 12.5704 11.4732 7.08889 7.49944 6.67835 8.72437 0.548629 0.410545 0.216423 0.180828
0.00409375 11.9146 12.4589 11.3703 7.02396 7.4315 6.61642 8.59992 0.544333 0.40754 0.214467 0.178638
0.00420962 11.8081 12.3482 11.2681 6.95946 7.36401 6.55491 8.47686 0.540047 0.404552 0.212529 0.176468
0.00432876 11.7024 12.2381 11.1666 6.8954 7.29698 6.49382 8.35517 0.53577 0.40158 0.21061 0.174318
0.00445128 11.5973 12.1288 11.0658 6.83178 7.2304 6.43315 8.23485 0.531503 0.398624 0.208709 0.172187
0.00457727 11.4929 12.0202 10.9657 6.76858 7.16427 6.3729 8.11589 0.527244 0.395684 0.206825 0.170076
0.00470682 11.3892 11.9122 10.8662 6.70581 7.09857 6.31305 7.99826 0.522995 0.392759 0.204958 0.167983
0.00484003 11.2863 11.805 10.7675 6.64347 7.03332 6.25362 7.88196 0.518753 0.389851 0.203108 0.16591
0.00497702 11.184 11.6985 10.6694 6.58154 6.9685 6.19459 7.76698 0.51452 0.386957 0.201275 0.163856
0.00511789 11.0824 11.5927 10.5721 6.52004 6.90412 6.13596 7.6533 0.510294 0.384078 0.199459 0.16182
0.00526274 10.9814 11.4875 10.4754 6.45895 6.84016 6.07774 7.54091 0.506075 0.381214 0.197659 0.159804
0.0054117 10.8812 11.383 10.3793 6.39827 6.77663 6.01991 7.42981 0.501863 0.378364 0.195874 0.157805
0.00556486 10.7816 11.2793 10.2839 6.338 6.71353 5.96247 7.31997 0.497658 0.375528 0.194105 0.155825
0.00572237 10.6827 11.1761 10.1892 6.27813 6.65084 5.90543 7.2114 0.493459 0.372706 0.192352 0.153863
0.00588433 10.5844 11.0737 10.0952 6.21867 6.58856 5.84877 7.10406 0.489266 0.369898 0.190613 0.151919
0.00605088 10.4868 10.9719 10.0017 6.1596 6.5267 5.7925 6.99797 0.485078 0.367103 0.188889 0.149993
0.00622213 10.3899 10.8708 9.90897 6.10093 6.46525 5.73661 6.89309 0.480896 0.364321 0.18718 0.148084
0.00639824 10.2936 10.7703 9.81685 6.04265 6.4042 5.6811 6.78943 0.476719 0.361552 0.185485 0.146193
0.00657933 10.1979 10.6705 9.72536 5.98476 6.34356 5.62597 6.68697 0.472546 0.358795 0.183803 0.144319
0.00676555 10.1029 10.5713 9.63451 5.92726 6.28331 5.57121 6.58571 0.468378 0.356051 0.182135 0.142463
0.00695704 10.0085 10.4727 9.54429 5.87014 6.22346 5.51682 6.48562 0.464213 0.353319 0.18048 0.140624
0.00715394 9.91475 10.3748 9.4547 5.8134 6.164 5.4628 6.3867 0.460053 0.350599 0.178838 0.138801
0.00735642 9.82162 10.2775 9.36572 5.75703 6.10492 5.40914 6.28894 0.455896 0.34789 0.177209 0.136996
0.00756463 9.72911 10.1809 9.27737 5.70104 6.04623 5.35584 6.19232 0.451742 0.345193 0.175592 0.135207
0.00777874 9.63722 10.0848 9.18963 5.64541 5.98792 5.30291 6.09684 0.447591 0.342507 0.173987 0.133435
0.0079989 9.54594 9.98938 9.10249 5.59016 5.92999 5.25032 6.00249 0.443443 0.339831 0.172394 0.131679
0.0082253 9.45527 9.89456 9.01597 5.53526 5.87243 5.1981 5.90926 0.439297 0.337166 0.170811 0.129939
0.0084581 9.3652 9.80035 8.93004 5.48073 5.81524 5.14622 5.81713 0.435153 0.334511 0.16924 0.128216
0.00869749 9.27573 9.70674 8.84472 5.42655 5.75842 5.09468 5.72609 0.431011 0.331866 0.16768 0.126508
0.00894366 9.18685 9.61372 8.75998 5.37273 5.70196 5.04349 5.63614 0.42687 0.329231 0.16613 0.124816
0.00919679 9.09857 9.5213 8.67584 5.31925 5.64586 4.99265 5.54727 0.422731 0.326605 0.16459 0.12314
0.00945709 9.01087 9.42946 8.59227 5.26612 5.59011 4.94213 5.45946 0.418593 0.323989 0.16306 0.121479
0.00972476 8.92375 9.33821 8.50929 5.21334 5.53472 4.89196 5.3727 0.414456 0.321381 0.161539 0.119834
0.01 8.83721 9.24753 8.42689 5.16089 5.47967 4.84211 5.28699 0.41032 0.318782 0.160028 0.118204
0.010283 8.75124 9.15742 8.34505 5.10878 5.42497 4.79259 5.20232 0.406185 0.316192 0.158525 0.11659
0.0105741 8.66584 9.06789 8.26379 5.057 5.37061 4.74339 5.11867 0.402049 0.313609 0.15703 0.11499
0.0108734 8.581 8.97892 8.18309 5.00556 5.31659 4.69452 5.03603 0.397914 0.311035 0.155544 0.113405
0.0111811 8.49672 8.8905 8.10294 4.95444 5.2629 4.64597 4.9544 0.393779 0.308468 0.154065 0.111835
0.0114976 8.413 8.80265 8.02336 4.90364 5.20955 4.59773 4.87377 0.389644 0.305908 0.152594 0.11028
0.011823 8.32983 8.71534 7.94432 4.85316 5.15652 4.5498 4.79412 0.385508 0.303355 0.151131 0.108739
0.0121576 8.2472 8.62857 7.86583 4.80299 5.1038 4.50219 4.71546 0.381373 0.30081 0.149673 0.107212
0.0125017 8.16512 8.54235 7.78788 4.75315 5.05142 4.45487 4.63776 0.377236 0.298271 0.148223 0.1057
0.0128556 8.08357 8.45667 7.71047 4.7036 4.99934 4.40787 4.56102 0.373099 0.295738 0.146778 0.104202
0.0132194 8.00255 8.37151 7.63359 4.65437 4.94758 4.36116 4.48523 0.368961 0.293211 0.14534 0.102717
0.0135936 7.92206 8.28689 7.55724 4.60543 4.89612 4.31474 4.41038 0.364823 0.29069 0.143907 0.101247
0.0139783 7.8421 8.20278 7.48142 4.5568 4.84497 4.26862 4.33646 0.360684 0.288174 0.142479 0.0997903
0.0143739 7.76265 8.1192 7.40611 4.50845 4.79412 4.22279 4.26346 0.356544 0.285664 0.141056 0.0983473
0.0147808 7.68373 8.03613 7.33132 4.4604 4.74356 4.17725 4.19138 0.352403 0.283159 0.139638 0.0969178
0.0151991 7.60531 7.95357 7.25705 4.41264 4.6933 4.13198 4.1202 0.348261 0.280658 0.138224 0.0955016
0.0156293 7.52739 7.87151 7.18327 4.36516 4.64333 4.087 4.04992 0.344118 0.278162 0.136814 0.0940987
0.0160717 7.44998 7.78995 7.11 4.31797 4.59364 4.0423 3.98052 0.339975 0.27567 0.135407 0.0927089
0.0165265 7.37306 7.70889 7.03723 4.27105 4.54423 3.99786 3.912 0.33583 0.273182 0.134004 0.0913322
0.0169943 7.29664 7.62832 6.96495 4.2244 4.4951 3.9537 3.84435 0.331686 0.270698 0.132604 0.0899684
0.0174753 7.2207 7.54824 6.89316 4.17802 4.44624 3.9098 3.77756 0.32754 0.268217 0.131207 0.0886173
0.0179699 7.14525 7.46864 6.82186 4.13191 4.39765 3.86617 3.71163 0.323394 0.265739 0.129813 0.087279
0.0184785 7.07028 7.38953 6.75103 4.08606 4.34932 3.8228 3.64653 0.319247 0.263264 0.12842 0.0859532
0.0190015 6.99578 7.31088 6.68068 4.04047 4.30126 3.77968 3.58227 0.315101 0.260792 0.12703 0.0846398
0.0195393 6.92175 7.23271 6.6108 3.99514 4.25346 3.73681 3.51884 0.310954 0.258323 0.125641 0.0833388
0.0200923 6.84819 7.155 6.54138 3.95005 4.20591 3.6942 3.45623 0.306808 0.255856 0.124254 0.0820501
0.020661 6.77509 7.07775 6.47242 3.90521 4.1586 3.65182 3.39443 0.302661 0.25339 0.122868 0.0807734
0.0212458 6.70244 7.00095 6.40392 3.86062 4.11155 3.60969 3.33343 0.298516 0.250927 0.121482 0.0795088
0.0218471 6.63024 6.92461 6.33587 3.81627 4.06473 3.5678 3.27322 0.294371 0.248465 0.120098 0.0782561
0.0224655 6.5585 6.84872 6.26827 3.77215 4.01816 3.52615 3.2138 0.290228 0.246004 0.118714 0.0770153
0.0231013 6.48719 6.77328 6.2011 3.72827 3.97181 3.48472 3.15516 0.286086 0.243544 0.11733 0.0757861
0.0237551 6.41632 6.69827 6.13438 3.68461 3.9257 3.44353 3.09729 0.281946 0.241085 0.115946 0.0745685
0.0244275 6.34589 6.6237 6.06808 3.64118 3.87981 3.40256 3.04017 0.277808 0.238627 0.114562 0.0733625
0.0251189 6.27588 6.54955 6.00221 3.59798 3.83414 3.36181 2.98381 0.273672 0.236169 0.113178 0.0721678
0.0258298 6.2063 6.47584 5.93676 3.55498 3.7887 3.32127 2.9282 0.26954 0.233711 0.111793 0.0709845
0.0265609 6.13714 6.40255 5.87172 3.51221 3.74346 3.28096 2.87333 0.265411 0.231253 0.110408 0.0698124
0.0273126 6.06839 6.32967 5.8071 3.46964 3.69844 3.24085 2.81918 0.261286 0.228795 0.109022 0.0686514
0.0280857 6.00005 6.25721 5.74288 3.42728 3.65362 3.20094 2.76576 0.257166 0.226337 0.107635 0.0675015
0.0288806 5.93211 6.18516 5.67906 3.38512 3.609 3.16124 2.71306 0.25305 0.223877 0.106246 0.0663625
0.029698 5.86458 6.11352 5.61564 3.34316 3.56458 3.12174 2.66106 0.24894 0.221418 0.104857 0.0652343
0.0305386 5.79744 6.04228 5.5526 3.3014 3.52035 3.08244 2.60976 0.244837 0.218957 0.103466 0.0641169
0.0314029 5.73069 5.97143 5.48995 3.25982 3.47632 3.04333 2.55915 0.240739 0.216495 0.102074 0.0630102
0.0322917 5.66433 5.90098 5.42768 3.21844 3.43247 3.0044 2.50923 0.23665 0.214031 0.100681 0.0619141
0.0332057 5.59835 5.83091 5.36578 3.17723 3.3888 2.96566 2.45999 0.232568 0.211566 0.099286 0.0608285
0.0341455 5.53274 5.76123 5.30424 3.13621 3.34531 2.92711 2.41141 0.228495 0.2091 0.0978896 0.0597533
0.0351119 5.4675 5.69193 5.24307 3.09536 3.30199 2.88873 2.3635 0.224431 0.206631 0.0964918 0.0586885
0.0361057 5.40263 5.62301 5.18225 3.05468 3.25885 2.85052 2.31624 0.220377 0.204161 0.0950924 0.0576339
0.0371276 5.33812 5.55446 5.12179 3.01418 3.21587 2.81249 2.26964 0.216335 0.201689 0.0936916 0.0565896
0.0381784 5.27397 5.48627 5.06166 2.97384 3.17305 2.77462 2.22367 0.212304 0.199215 0.0922894 0.0555553
0.039259 5.21016 5.41845 5.00188 2.93365 3.13039 2.73692 2.17834 0.208286 0.196738 0.0908858 0.0545311
0.0403702 5.14671 5.35099 4.94243 2.89363 3.08789 2.69937 2.13363 0.204281 0.194259 0.0894809 0.0535169
0.0415128 5.08359 5.28388 4.8833 2.85376 3.04554 2.66198 2.08955 0.20029 0.191777 0.0880749 0.0525126
0.0426877 5.02081 5.21712 4.82449 2.81404 3.00334 2.62475 2.04607 0.196315 0.189293 0.0866678 0.0515181
0.0438959 4.95835 5.15071 4.766 2.77447 2.96128 2.58766 2.00321 0.192355 0.186807 0.0852598 0.0505334
0.0451383 4.89622 5.08464 4.70781 2.73504 2.91936 2.55072 1.96094 0.188413 0.184318 0.083851 0.0495584
0.0464159 4.83441 5.0189 4.64993 2.69575 2.87758 2.51392 1.91927 0.184489 0.181826 0.0824416 0.0485931
0.0477296 4.77292 4.9535 4.59234 2.6566 2.83593 2.47727 1.87818 0.180584 0.179331 0.0810318 0.0476373
0.0490805 4.71173 4.88843 4.53503 2.61758 2.79441 2.44075 1.83767 0.176698 0.176834 0.0796218 0.0466912
0.0504697 4.65085 4.82368 4.47801 2.57869 2.75302 2.40436 1.79774 0.172834 0.174334 0.0782119 0.0457544
0.0518981 4.59026 4.75925 4.42127 2.53993 2.71176 2.3681 1.75837 0.168992 0.171831 0.0768024 0.0448272
0.053367 4.52996 4.69513 4.36479 2.50129 2.67061 2.33196 1.71956 0.165173 0.169326 0.0753934 0.0439093
0.0548775 4.46995 4.63133 4.30857 2.46277 2.62959 2.29595 1.6813 0.161378 0.166818 0.0739853 0.0430007
0.0564307 4.41022 4.56783 4.25261 2.42437 2.58868 2.26006 1.64359 0.157608 0.164307 0.0725784 0.0421015
0.0580278 4.35077 4.50463 4.1969 2.38608 2.54788 2.22429 1.60642 0.153865 0.161794 0.0711731 0.0412114
0.0596702 4.29158 4.44173 4.14143 2.34791 2.50719 2.18863 1.56979 0.150149 0.159279 0.0697697 0.0403306
0.0613591 4.23265 4.37911 4.08619 2.30985 2.46661 2.15308 1.53368 0.146461 0.156761 0.0683685 0.039459
0.0630957 4.17398 4.31679 4.03118 2.27189 2.42613 2.11765 1.4981 0.142804 0.154241 0.06697 0.0385965
0.0648815 4.11556 4.25474 3.97639 2.23404 2.38576 2.08232 1.46303 0.139177 0.15172 0.0655745 0.0377431
0.0667179 4.05739 4.19297 3.92181 2.19629 2.34548 2.04709 1.42848 0.135582 0.149196 0.0641825 0.0368988
0.0686062 3.99945 4.13147 3.86743 2.15864 2.30531 2.01197 1.39443 0.13202 0.146671 0.0627944 0.0360636
0.070548 3.94175 4.07024 3.81326 2.12109 2.26523 1.97694 1.36087 0.128493 0.144145 0.0614107 0.0352374
0.0725448 3.88427 4.00927 3.75927 2.08363 2.22525 1.94202 1.32782 0.125 0.141617 0.0600318 0.0344201
0.074598 3.82701 3.94856 3.70547 2.04628 2.18536 1.90719 1.29524 0.121544 0.139089 0.0586583 0.0336119
0.0767094 3.76997 3.88809 3.65184 2.00901 2.14557 1.87245 1.26315 0.118126 0.13656 0.0572905 0.0328126
0.0788805 3.71313 3.82787 3.59838 1.97184 2.10587 1.83781 1.23154 0.114746 0.134031 0.0559291 0.0320223
0.0811131 3.65649 3.7679 3.54508 1.93476 2.06626 1.80326 1.2004 0.111406 0.131502 0.0545744 0.031241
0.0834088 3.60004 3.70815 3.49194 1.89777 2.02674 1.7688 1.16973 0.108107 0.128974 0.0532272 0.0304686
0.0857696 3.54378 3.64863 3.43894 1.86087 1.98732 1.73443 1.13952 0.10485 0.126446 0.0518877 0.0297052
0.0881971 3.48771 3.58934 3.38607 1.82407 1.94799 1.70015 1.10976 0.101635 0.12392 0.0505568 0.0289507
0.0906934 3.4318 3.53026 3.33334 1.78735 1.90875 1.66595 1.08045 0.0984646 0.121396 0.0492347 0.0282051
0.0932603 3.37606 3.4714 3.28072 1.75072 1.8696 1.63185 1.0516 0.0953389 0.118873 0.0479222 0.0274685
0.0958999 3.32048 3.41274 3.22822 1.71419 1.83054 1.59784 1.02318 0.092259 0.116354 0.0466197 0.0267409
0.0986142 3.26506 3.35428 3.17583 1.67775 1.79159 1.56391 0.995204 0.0892259 0.113838 0.0453278 0.0260222
0.101405 3.20978 3.29602 3.12354 1.6414 1.75273 1.53008 0.967661 0.0862405 0.111325 0.0440472 0.0253126
0.104275 3.15464 3.23795 3.07134 1.60516 1.71397 1.49634 0.940546 0.0833037 0.108817 0.0427782 0.0246119
0.107227 3.09964 3.18005 3.01922 1.569 1.67532 1.46269 0.913856 0.0804163 0.106314 0.0415215 0.0239204
0.110262 3.04476 3.12234 2.96718 1.53295 1.63677 1.42914 0.887587 0.0775791 0.103817 0.0402777 0.0232378
0.113382 2.99 3.06479 2.91521 1.49701 1.59834 1.39568 0.861736 0.0747929 0.101326 0.0390473 0.0225644
0.116591 2.93535 3.00741 2.8633 1.46117 1.56001 1.36233 0.836299 0.0720584 0.0988425 0.0378307 0.0219002
0.119891 2.88082 2.95019 2.81144 1.42544 1.52181 1.32908 0.811272 0.0693762 0.0963667 0.0366287 0.0212451
0.123285 2.82638 2.89313 2.75963 1.38984 1.48373 1.29594 0.786652 0.0667472 0.0938996 0.0354416 0.0205992
0.126774 2.77203 2.83621 2.70786 1.35435 1.44579 1.2629 0.762435 0.0641717 0.091442 0.0342701 0.0199626
0.130362 2.71778 2.77943 2.65613 1.31899 1.40798 1.22999 0.738619 0.0616505 0.0889947 0.0331146 0.0193353
0.134052 2.66361 2.72279 2.60442 1.28376 1.37032 1.1972 0.715201 0.0591839 0.0865587 0.0319756 0.0187174
0.137846 2.60951 2.66628 2.55274 1.24867 1.3328 1.16453 0.692178 0.0567724 0.0841348 0.0308536 0.0181089
0.141747 2.55548 2.6099 2.50107 1.21373 1.29545 1.13201 0.669547 0.0544164 0.081724 0.0297491 0.0175099
0.145759 2.50152 2.55364 2.44941 1.17895 1.25827 1.09962 0.647307 0.0521164 0.0793273 0.0286625 0.0169205
0.149885 2.44763 2.4975 2.39775 1.14433 1.22127 1.06738 0.625455 0.0498725 0.0769457 0.0275943 0.0163407
0.154127 2.39379 2.44147 2.3461 1.10988 1.18446 1.0353 0.603989 0.047685 0.0745803 0.026545 0.0157705
0.158489 2.34 2.38555 2.29444 1.07562 1.14785 1.00339 0.582908 0.0455541 0.072232 0.0255148 0.0152102
0.162975 2.28626 2.32974 2.24278 1.04156 1.11146 0.971655 0.562209 0.0434799 0.0699021 0.0245043 0.0146596
0.167588 2.23257 2.27403 2.1911 1.0077 1.07529 0.940109 0.541892 0.0414625 0.0675916 0.0235138 0.014119
0.172331 2.17892 2.21842 2.13942 0.974066 1.03937 0.908764 0.521954 0.039502 0.0653017 0.0225436 0.0135884
0.177209 2.12531 2.16291 2.08772 0.940664 1.0037 0.877631 0.502396 0.0375982 0.0630335 0.021594 0.0130678
0.182224 2.07175 2.1075 2.036 0.907514 0.968302 0.846725 0.483216 0.0357512 0.0607884 0.0206654 0.0125574
0.187382 2.01823 2.05219 1.98427 0.874628 0.933195 0.81606 0.464413 0.0339607 0.0585675 0.0197581 0.0120573
0.192685 1.96475 1.99697 1.93252 0.842024 0.898396 0.785652 0.445988 0.0322266 0.0563721 0.0188724 0.0115675
0.198139 1.91131 1.94186 1.88076 0.809719 0.863923 0.755516 0.427939 0.0305486 0.0542034 0.0180084 0.0110881
0.203747 1.85792 1.88685 1.829 0.777733 0.829796 0.72567 0.410267 0.0289265 0.0520628 0.0171664 0.0106192
0.209514 1.80459 1.83195 1.77723 0.746085 0.796036 0.696133 0.392971 0.0273598 0.0499514 0.0163466 0.0101609
0.215443 1.75131 1.77715 1.72546 0.714795 0.762666 0.666924 0.376053 0.0258481 0.0478708 0.0155491 0.00971335
0.221541 1.69809 1.72248 1.6737 0.683886 0.729708 0.638064 0.359512 0.024391 0.045822 0.0147742 0.00927651
0.227812 1.64495 1.66794 1.62196 0.653381 0.697188 0.609575 0.343348 0.0229879 0.0438065 0.0140218 0.00885051
0.234259 1.59189 1.61353 1.57025 0.623305 0.665131 0.58148 0.327563 0.0216384 0.0418257 0.0132922 0.00843541
0.24089 1.53893 1.55928 1.51859 0.593684 0.633564 0.553803 0.312158 0.0203417 0.0398807 0.0125853 0.00803128
0.247708 1.48609 1.50519 1.46699 0.564544 0.602517 0.526571 0.297133 0.0190972 0.0379729 0.0119011 0.00763816
0.254719 1.43337 1.45128 1.41547 0.535915 0.572018 0.499811 0.282489 0.0179042 0.0361036 0.0112398 0.0072561
0.261928 1.38081 1.39757 1.36404 0.507826 0.5421 0.473552 0.268229 0.0167619 0.0342741 0.0106011 0.0068851
0.269341 1.32842 1.34409 1.31275 0.480313 0.512798 0.447827 0.254353 0.0156694 0.0324856 0.00998508 0.00652517
0.276965 1.27623 1.29085 1.2616 0.453411 0.48415 0.422671 0.240863 0.0146259 0.0307393 0.00939149 0.00617623
0.284804 1.22427 1.23791 1.21064 0.427162 0.456198 0.398125 0.227762 0.0136303 0.0290363 0.00882013 0.00583819
0.292864 1.17259 1.18527 1.15991 0.401621 0.428999 0.374243 0.215051 0.0126816 0.0273776 0.00827065 0.00551081
0.301153 1.12122 1.133 1.10944 0.376872 0.402636 0.351108 0.202736 0.0117784 0.0257642 0.00774247 0.00519367
0.309677 1.0702 1.08112 1.05928 0.353128 0.377325 0.328932 0.190824 0.010919 0.0241965 0.00723433 0.00488554
0.318442 1.03317 1.04377 1.02257 0.338501 0.362113 0.314888 0.186431 0.010602 0.0236124 0.00704399 0.00476793
0.321833 1.01446 1.02475 1.00416 0.329679 0.35272 0.306638 0.182138 0.0102944 0.0230412 0.00685865 0.00465309
0.325224 0.995995 1.00599 0.985999 0.321048 0.343531 0.298566 0.177942 0.00999597 0.0224826 0.00667818 0.00454092
0.328614 0.977778 0.987484 0.968072 0.312606 0.334542 0.290669 0.173843 0.00970638 0.0219363 0.00650242 0.00443137
0.332005 0.959803 0.969228 0.950377 0.304347 0.325749 0.282945 0.169835 0.00942534 0.0214021 0.00633124 0.00432437
0.335396 0.942066 0.951218 0.932913 0.296269 0.317149 0.275389 0.165919 0.00915256 0.0208797 0.00616452 0.00421985
0.338787 0.924563 0.933451 0.915676 0.288368 0.308737 0.267999 0.16209 0.00888777 0.0203688 0.00600211 0.00411774
0.342178 0.907294 0.915924 0.898663 0.280642 0.300511 0.260772 0.158348 0.00863073 0.0198692 0.00584391 0.004018
0.345569 0.890253 0.898634 0.881871 0.273085 0.292466 0.253705 0.154689 0.00838117 0.0193807 0.00568979 0.00392054
0.348959 0.873438 0.881577 0.865299 0.265697 0.2846 0.246794 0.151112 0.00813886 0.018903 0.00553963 0.00382533
0.35235 0.856847 0.86475 0.848943 0.258473 0.276909 0.240037 0.147614 0.00790357 0.0184358 0.00539333 0.0037323
0.355741 0.840477 0.848152 0.832801 0.25141 0.269389 0.233431 0.144194 0.00767508 0.0179789 0.00525078 0.0036414
0.359132 0.824324 0.831778 0.816871 0.244506 0.262038 0.226974 0.14085 0.00745317 0.0175322 0.00511188 0.00355257
0.362523 0.808388 0.815625 0.80115 0.237757 0.254852 0.220661 0.137579 0.00723764 0.0170954 0.00497652 0.00346577
0.365914 0.792665 0.799693 0.785636 0.231161 0.247829 0.214492 0.134381 0.00702828 0.0166682 0.0048446 0.00338095
0.369305 0.777152 0.783977 0.770327 0.224714 0.240965 0.208464 0.131253 0.00682491 0.0162505 0.00471604 0.00329805
0.372695 0.761848 0.768475 0.755221 0.218415 0.234257 0.202572 0.128194 0.00662734 0.0158421 0.00459074 0.00321704
0.376086 0.74675 0.753186 0.740315 0.212259 0.227702 0.196817 0.125202 0.0064354 0.0154428 0.00446862 0.00313786
0.379477 0.731857 0.738106 0.725608 0.206246 0.221298 0.191194 0.122275 0.00624891 0.0150524 0.00434958 0.00306048
0.382868 0.717166 0.723234 0.711098 0.200372 0.215042 0.185701 0.119412 0.0060677 0.0146706 0.00423356 0.00298484
0.386259 0.702676 0.708567 0.696784 0.194634 0.208931 0.180336 0.116612 0.00589161 0.0142974 0.00412045 0.00291092
0.38965 0.688383 0.694103 0.682662 0.18903 0.202962 0.175097 0.113872 0.0057205 0.0139325 0.0040102 0.00283866
0.39304 0.674287 0.679841 0.668733 0.183557 0.197133 0.169982 0.111193 0.00555421 0.0135758 0.00390272 0.00276803
0.396431 0.660385 0.665778 0.654993 0.178214 0.191441 0.164987 0.108571 0.00539259 0.0132271 0.00379793 0.002699
0.399822 0.646677 0.651913 0.641442 0.172997 0.185883 0.160111 0.106006 0.00523551 0.0128862 0.00369578 0.00263151
0.403213 0.63316 0.638242 0.628077 0.167905 0.180458 0.155352 0.103497 0.00508283 0.0125529 0.00359619 0.00256555
0.406604 0.619831 0.624766 0.614897 0.162934 0.175162 0.150707 0.101042 0.00493443 0.0122272 0.00349909 0.00250107
0.409995 0.606691 0.611481 0.601901 0.158084 0.169992 0.146175 0.0986406 0.00479018 0.0119087 0.00340442 0.00243804
0.413385 0.593736 0.598386 0.589086 0.153351 0.164948 0.141753 0.0962907 0.00464995 0.0115975 0.00331212 0.00237643
0.416776 0.580967 0.58548 0.576453 0.148733 0.160026 0.137439 0.0939916 0.00451362 0.0112933 0.00322212 0.0023162
0.420167 0.56838 0.572761 0.563999 0.144228 0.155224 0.133232 0.0917421 0.0043811 0.0109961 0.00313437 0.00225732
0.423558 0.555975 0.560228 0.551723 0.139834 0.150539 0.129128 0.0895411 0.00425226 0.0107055 0.00304881 0.00219977
0.426949 0.54375 0.547877 0.539623 0.135549 0.14597 0.125127 0.0873876 0.00412699 0.0104216 0.00296538 0.00214351
0.43034 0.531704 0.535709 0.527699 0.13137 0.141514 0.121226 0.0852804 0.0040052 0.0101441 0.00288404 0.00208851
0.43373 0.519835 0.523722 0.515948 0.127297 0.13717 0.117424 0.0832186 0.00388679 0.00987303 0.00280472 0.00203476
0.437121 0.508141 0.511913 0.50437 0.123326 0.132934 0.113718 0.0812013 0.00377166 0.00960814 0.00272738 0.00198221
0.440512 0.496623 0.500282 0.492963 0.119456 0.128805 0.110106 0.0792274 0.00365972 0.00934932 0.00265196 0.00193084
0.443903 0.485277 0.488828 0.481726 0.115684 0.124781 0.106588 0.0772959 0.00355087 0.00909646 0.00257843 0.00188063
0.447294 0.474103 0.477548 0.470658 0.11201 0.120859 0.10316 0.0754061 0.00344503 0.00884944 0.00250672 0.00183155
0.450685 0.463099 0.466442 0.459757 0.10843 0.117038 0.0998218 0.0735569 0.00334212 0.00860813 0.00243681 0.00178357
0.454075 0.452265 0.455507 0.449023 0.104943 0.113316 0.0965709 0.0717476 0.00324205 0.00837241 0.00236864 0.00173668
0.457466 0.441599 0.444744 0.438454 0.101548 0.10969 0.0934057 0.0699772 0.00314474 0.00814218 0.00230216 0.00169085
0.460857 0.4311 0.43415 0.42805 0.0982419 0.106159 0.0903246 0.068245 0.00305012 0.00791732 0.00223735 0.00164605
0.464248 0.420766 0.423724 0.417808 0.0950234 0.102721 0.0873257 0.0665501 0.00295811 0.00769771 0.00217415 0.00160227
0.467639 0.410596 0.413465 0.407728 0.0918909 0.0993741 0.0844076 0.0648918 0.00286864 0.00748325 0.00211254 0.00155948
0.47103 0.40059 0.403371 0.397808 0.0888424 0.0961162 0.0815685 0.0632692 0.00278164 0.00727384 0.00205246 0.00151766
0.47442 0.390745 0.393442 0.388048 0.0858762 0.0929456 0.0788069 0.0616817 0.00269705 0.00706937 0.00199389 0.0014768
0.477811 0.381061 0.383676 0.378446 0.0829908 0.0898605 0.0761211 0.0601285 0.00261478 0.00686973 0.00193678 0.00143686
0.481202 0.371537 0.374071 0.369002 0.0801843 0.0868592 0.0735095 0.0586089 0.00253479 0.00667483 0.0018811 0.00139783
0.484593 0.36217 0.364627 0.359713 0.0774552 0.0839398 0.0709706 0.0571222 0.00245702 0.00648458 0.00182682 0.0013597
0.487984 0.352961 0.355343 0.35058 0.0748018 0.0811007 0.068503 0.0556677 0.00238139 0.00629887 0.00177391 0.00132243
0.491375 0.343908 0.346216 0.341601 0.0722226 0.0783402 0.066105 0.0542448 0.00230785 0.00611761 0.00172232 0.00128602
0.494765 0.33501 0.337247 0.332774 0.0697159 0.0756566 0.0637752 0.0528528 0.00223635 0.00594071 0.00167204 0.00125045
0.498156 0.326266 0.328433 0.324099 0.0672803 0.0730484 0.0615122 0.051491 0.00216683 0.00576809 0.00162302 0.0012157
0.501547 0.317674 0.319773 0.315575 0.0649141 0.0705137 0.0593145 0.050159 0.00209923 0.00559964 0.00157524 0.00118175
0.504938 0.309233 0.311267 0.3072 0.0626158 0.0680511 0.0571806 0.0488559 0.00203352 0.00543529 0.00152867 0.00114859
0.508329 0.300943 0.302912 0.298973 0.0603841 0.065659 0.0551092 0.0475814 0.00196963 0.00527495 0.00148329 0.00111619
0.51172 0.292801 0.294709 0.290894 0.0582173 0.0633359 0.0530988 0.0463347 0.00190751 0.00511853 0.00143905 0.00108455
0.51511 0.284808 0.286655 0.282961 0.0561142 0.0610801 0.0511482 0.0451153 0.00184713 0.00496597 0.00139594 0.00105365
0.518501 0.276961 0.278749 0.275173 0.0540731 0.0588903 0.049256 0.0439227 0.00178843 0.00481717 0.00135393 0.00102347
0.521892 0.26926 0.270991 0.267528 0.0520929 0.0567649 0.0474208 0.0427564 0.00173136 0.00467205 0.001313 0.000993995
0.525283 0.261703 0.263379 0.260027 0.0501719 0.0547025 0.0456414 0.0416157 0.0016759 0.00453055 0.00127311 0.000965217
0.528674 0.254289 0.255911 0.252667 0.048309 0.0527016 0.0439165 0.0405003 0.00162199 0.00439258 0.00123425 0.000937118
0.532065 0.247017 0.248587 0.245448 0.0465028 0.0507609 0.0422447 0.0394095 0.00156959 0.00425808 0.00119638 0.000909685
0.535455 0.239886 0.241405 0.238368 0.0447519 0.0488788 0.0406249 0.038343 0.00151866 0.00412697 0.0011595 0.000882905
0.538846 0.232895 0.234364 0.231426 0.043055 0.0470542 0.0390559 0.0373001 0.00146917 0.00399917 0.00112357 0.000856763
0.542237 0.226043 0.227464 0.224621 0.0414109 0.0452855 0.0375363 0.0362805 0.00142107 0.00387462 0.00108857 0.000831247
0.545628 0.219327 0.220701 0.217953 0.0398184 0.0435716 0.0360651 0.0352837 0.00137434 0.00375325 0.00105449 0.000806344
0.549019 0.212748 0.214077 0.211419 0.038276 0.041911 0.034641 0.0343093 0.00132893 0.003635 0.00102129 0.000782043
0.55241 0.206303 0.207588 0.205018 0.0367828 0.0403026 0.033263 0.0333567 0.00128481 0.0035198 0.000988966 0.00075833
0.5558 0.199992 0.201234 0.19875 0.0353374 0.038745 0.0319299 0.0324256 0.00124195 0.00340757 0.00095749 0.000735195
0.559191 0.193813 0.195013 0.192613 0.0339387 0.037237 0.0306404 0.0315156 0.00120031 0.00329827 0.000926845 0.000712624
0.562582 0.187765 0.188925 0.186606 0.0325855 0.0357773 0.0293937 0.0306262 0.00115986 0.00319183 0.00089701 0.000690608
0.565973 0.181848 0.182968 0.180727 0.0312767 0.0343649 0.0281885 0.029757 0.00112058 0.00308818 0.000867968 0.000669134
0.569364 0.176058 0.177141 0.174976 0.0300111 0.0329984 0.0270239 0.0289077 0.00108242 0.00298727 0.000839701 0.000648193
0.572755 0.170396 0.171442 0.169351 0.0287877 0.0316768 0.0258987 0.0280778 0.00104537 0.00288904 0.00081219 0.000627772
0.576146 0.164861 0.16587 0.163851 0.0276054 0.0303988 0.0248119 0.027267 0.0010094 0.00279343 0.000785419 0.000607862
0.579536 0.159449 0.160424 0.158475 0.026463 0.0291634 0.0237626 0.0264749 0.000974466 0.00270039 0.00075937 0.000588453
0.582927 0.154161 0.155102 0.153221 0.0253597 0.0279695 0.0227498 0.0257011 0.000940554 0.00260985 0.000734027 0.000569534
0.586318 0.148996 0.149903 0.148088 0.0242942 0.026816 0.0217724 0.0249453 0.000907634 0.00252178 0.000709374 0.000551096
0.589709 0.143951 0.144826 0.143075 0.0232657 0.0257018 0.0208296 0.0242071 0.000875682 0.0024361 0.000685395 0.000533128
0.5931 0.139025 0.13987 0.13818 0.022273 0.0246258 0.0199203 0.0234862 0.000844672 0.00235277 0.000662075 0.000515622
0.596491 0.134217 0.135032 0.133403 0.0213154 0.0235871 0.0190436 0.0227823 0.00081458 0.00227174 0.000639398 0.000498568
0.599881 0.129526 0.130312 0.128741 0.0203917 0.0225847 0.0181988 0.022095 0.000785383 0.00219296 0.000617351 0.000481956
0.603272 0.124951 0.125708 0.124194 0.0195011 0.0216175 0.0173847 0.021424 0.000757057 0.00211638 0.000595918 0.000465779
0.606663 0.120489 0.121219 0.119759 0.0186426 0.0206846 0.0166007 0.020769 0.000729579 0.00204194 0.000575085 0.000450027
0.610054 0.11614 0.116843 0.115437 0.0178154 0.019785 0.0158458 0.0201297 0.000702929 0.00196961 0.000554839 0.000434691
0.613445 0.111902 0.112579 0.111225 0.0170185 0.0189178 0.0151192 0.0195057 0.000677084 0.00189934 0.000535166 0.000419763
0.616836 0.107773 0.108425 0.107121 0.0162511 0.0180822 0.01442 0.0188969 0.000652024 0.00183107 0.000516053 0.000405236
0.620226 0.103753 0.104381 0.103125 0.0155123 0.0172771 0.0137476 0.0183028 0.000627729 0.00176477 0.000497487 0.000391099
0.623617 0.0998394 0.100444 0.0992352 0.0148013 0.0165017 0.0131009 0.0177233 0.000604179 0.00170039 0.000479455 0.000377347
0.627008 0.0960312 0.0966126 0.0954499 0.0141173 0.0157552 0.0124794 0.0171579 0.000581355 0.00163788 0.000461946 0.00036397
0.630399 0.0923269 0.0928862 0.0917677 0.0134595 0.0150367 0.0118823 0.0166066 0.000559238 0.00157721 0.000444947 0.000350961
0.63379 0.0887251 0.0892629 0.0881873 0.0128271 0.0143454 0.0113087 0.0160689 0.000537809 0.00151834 0.000428447 0.000338313
0.637181 0.0852241 0.0857412 0.0847071 0.0122192 0.0136805 0.010758 0.0155446 0.000517051 0.00146121 0.000412433 0.000326017
0.640571 0.0818225 0.0823195 0.0813256 0.0116353 0.0130411 0.0102295 0.0150335 0.000496947 0.00140579 0.000396894 0.000314067
0.643962 0.0785189 0.0789963 0.0780414 0.0110745 0.0124265 0.00972245 0.0145353 0.000477479 0.00135205 0.00038182 0.000302456
0.647353 0.0753116 0.0757702 0.0748529 0.0105361 0.011836 0.00923617 0.0140497 0.00045863 0.00129994 0.0003672 0.000291176
0.650744 0.0721991 0.0726395 0.0717588 0.0100194 0.0112688 0.00877 0.0135766 0.000440386 0.00124942 0.000353022 0.000280221
0.654135 0.0691801 0.0696028 0.0687574 0.00952376 0.0107242 0.0083233 0.0131156 0.000422729 0.00120046 0.000339276 0.000269583
0.657526 0.0662528 0.0666585 0.0658472 0.00904846 0.0102015 0.00789543 0.0126666 0.000405645 0.00115303 0.000325953 0.000259256
0.660916 0.0634158 0.0638049 0.0630267 0.00859284 0.00969991 0.00748577 0.0122293 0.000389119 0.00110707 0.000313042 0.000249233
0.664307 0.0606676 0.0610407 0.0602944 0.00815627 0.00921884 0.0070937 0.0118034 0.000373135 0.00106257 0.000300534 0.000239508
0.667698 0.0580064 0.0583641 0.0576487 0.00773812 0.00875759 0.00671864 0.0113888 0.000357679 0.00101948 0.000288418 0.000230074
0.671089 0.0554309 0.0557736 0.0550881 0.00733777 0.00831554 0.00636001 0.0109852 0.000342739 0.000977766 0.000276686 0.000220925
0.67448 0.0529394 0.0532677 0.0526111 0.00695464 0.00789204 0.00601724 0.0105925 0.000328299 0.000937402 0.000265328 0.000212056
0.677871 0.0505303 0.0508446 0.0502159 0.00658813 0.00748648 0.00568978 0.0102103 0.000314346 0.000898352 0.000254336 0.000203459
0.681261 0.0482021 0.048503 0.0479013 0.00623767 0.00709826 0.00537709 0.00983853 0.000300868 0.000860584 0.000243699 0.000195128
0.684652 0.0459533 0.0462411 0.0456654 0.00590271 0.00672678 0.00507865 0.00947695 0.000287852 0.000824066 0.000233411 0.000187059
0.688043 0.0437821 0.0440574 0.0435068 0.00558271 0.00637147 0.00479394 0.00912536 0.000275284 0.000788767 0.000223461 0.000179245
0.691434 0.0416871 0.0419503 0.041424 0.00527713 0.00603178 0.00452247 0.00878356 0.000263155 0.000754657 0.000213842 0.00017168
0.694825 0.0396666 0.0399181 0.0394152 0.00498546 0.00570716 0.00426375 0.00845136 0.00025145 0.000721705 0.000204546 0.000164359
0.698216 0.0377192 0.0379593 0.037479 0.00470719 0.00539708 0.00401731 0.00812855 0.000240159 0.000689882 0.000195565 0.000157276
0.701606 0.0358431 0.0360724 0.0356138 0.00444185 0.00510101 0.00378269 0.00781497 0.000229271 0.00065916 0.00018689 0.000150426
0.704997 0.0340369 0.0342556 0.0338181 0.00418895 0.00481846 0.00355944 0.00751041 0.000218773 0.000629509 0.000178514 0.000143803
0.708388 0.0322989 0.0325075 0.0320902 0.00394804 0.00454894 0.00334714 0.00721469 0.000208657 0.000600903 0.00017043 0.000137403
0.711779 0.0306275 0.0308264 0.0304286 0.00371865 0.00429196 0.00314534 0.00692764 0.00019891 0.000573314 0.00016263 0.000131219
0.71517 0.0290212 0.0292107 0.0288317 0.00350036 0.00404707 0.00295364 0.00664909 0.000189523 0.000546716 0.000155106 0.000125248
0.718561 0.0274785 0.0276589 0.027298 0.00329272 0.00381381 0.00277164 0.00637885 0.000180485 0.000521082 0.000147852 0.000119483
0.721951 0.0259976 0.0261694 0.0258258 0.00309534 0.00359173 0.00259896 0.00611676 0.000171786 0.000496386 0.00014086 0.000113919
0.725342 0.0245772 0.0247406 0.0244138 0.00290781 0.00338041 0.00243521 0.00586264 0.000163418 0.000472603 0.000134124 0.000108553
0.728733 0.0232156 0.023371 0.0230603 0.00272973 0.00317944 0.00228002 0.00561633 0.00015537 0.000449709 0.000127637 0.000103379
0.732124 0.0219113 0.022059 0.0217637 0.00256074 0.00298842 0.00213306 0.00537768 0.000147634 0.000427679 0.000121392 9.83921e-05
0.735515 0.0206628 0.020803 0.0205226 0.00240045 0.00280694 0.00199396 0.00514651 0.0001402 0.000406489 0.000115383 9.3588e-05
0.738906 0.0194685 0.0196016 0.0193355 0.00224851 0.00263463 0.0018624 0.00492267 0.000133059 0.000386116 0.000109603 8.89619e-05
0.742296 0.018327 0.0184532 0.0182008 0.00210459 0.00247112 0.00173805 0.004706 0.000126202 0.000366537 0.000104046 8.45094e-05
0.745687 0.0172366 0.0173562 0.017117 0.00196833 0.00231606 0.0016206 0.00449635 0.000119623 0.00034773 9.87065e-05 8.0226e-05
0.749078 0.016196 0.0163093 0.0160827 0.00183941 0.00216908 0.00150974 0.00429357 0.000113311 0.000329672 9.35776e-05 7.61073e-05
0.752469 0.0152036 0.0153108 0.0150963 0.00171752 0.00202987 0.00140518 0.00409751 0.000107259 0.000312342 8.86537e-05 7.21489e-05
0.75586 0.0142579 0.0143594 0.0141565 0.00160236 0.00189808 0.00130664 0.00390801 0.00010146 0.000295719 8.39289e-05 6.83467e-05
0.759251 0.0133576 0.0134535 0.0132617 0.00149363 0.00177341 0.00121385 0.00372495 9.59045e-05 0.000279781 7.93976e-05 6.46964e-05
0.762641 0.0125012 0.0125918 0.0124106 0.00139103 0.00165554 0.00112652 0.00354817 9.05862e-05 0.000264509 7.50542e-05 6.11939e-05
0.766032 0.0116872 0.0117727 0.0116017 0.0012943 0.00154419 0.00104442 0.00337753 8.54974e-05 0.000249882 7.08932e-05 5.78351e-05
0.769423 0.0109142 0.0109948 0.0108336 0.00120317 0.00143905 0.000967293 0.0032129 8.06308e-05 0.000235881 6.69092e-05 5.4616e-05
0.772814 0.0101809 0.0102568 0.0101049 0.00111738 0.00133987 0.000894896 0.00305413 7.59795e-05 0.000222487 6.30968e-05 5.15326e-05
0.776205 0.00948581 0.00955735 0.00941427 0.00103668 0.00124636 0.000827002 0.00290109 7.15364e-05 0.000209681 5.9451e-05 4.85812e-05
0.779596 0.00882768 0.00889497 0.00876038 0.000960832 0.00115828 0.000763388 0.00275365 6.72949e-05 0.000197444 5.59665e-05 4.57578e-05
0.782986 0.00820511 0.00826836 0.00814187 0.000889598 0.00107536 0.000703839 0.00261168 6.32483e-05 0.000185758 5.26385e-05 4.30588e-05
0.786377 0.00761682 0.00767621 0.00755743 0.000822757 0.000997364 0.000648151 0.00247504 5.93902e-05 0.000174607 4.9462e-05 4.04803e-05
0.789768 0.00706149 0.00711721 0.00700578 0.000760094 0.000924065 0.000596123 0.00234362 5.57143e-05 0.000163971 4.64323e-05 3.80188e-05
0.793159 0.00653786 0.00659007 0.00648564 0.0007014 0.000855235 0.000547565 0.00221727 5.22145e-05 0.000153835 4.35445e-05 3.56707e-05
0.79655 0.00604466 0.00609355 0.00599578 0.000646475 0.000790657 0.000502293 0.00209588 4.88846e-05 0.000144182 4.07942e-05 3.34325e-05
0.799941 0.00558068 0.0056264 0.00553496 0.000595126 0.000730121 0.000460131 0.00197933 4.57189e-05 0.000134995 3.81766e-05 3.13007e-05
0.803332 0.0051447 0.00518741 0.00510198 0.000547168 0.000673427 0.000420908 0.00186749 4.27115e-05 0.000126259 3.56875e-05 2.92719e-05
0.806722 0.00473553 0.00477539 0.00469567 0.000502421 0.00062038 0.000384463 0.00176025 3.98567e-05 0.000117958 3.33225e-05 2.73427e-05
0.810113 0.00435203 0.00438917 0.00431488 0.000460716 0.000570793 0.000350639 0.00165748 3.71493e-05 0.000110077 3.10772e-05 2.55098e-05
0.813504 0.00399304 0.00402763 0.00395846 0.000421887 0.000524487 0.000319287 0.00155906 3.45836e-05 0.0001026 2.89475e-05 2.37701e-05
0.816895 0.00365748 0.00368963 0.00362532 0.000385777 0.000481291 0.000290263 0.00146489 3.21545e-05 9.55139e-05 2.69294e-05 2.21203e-05
0.820286 0.00334424 0.00337409 0.00331438 0.000352234 0.000441038 0.000263431 0.00137485 2.98569e-05 8.88035e-05 2.50187e-05 2.05573e-05
0.823677 0.00305227 0.00307995 0.00302458 0.000321113 0.000403568 0.000238658 0.00128883 2.76858e-05 8.24552e-05 2.32115e-05 1.9078e-05
0.827067 0.00278054 0.00280617 0.0027549 0.000292275 0.00036873 0.000215819 0.00120671 2.56362e-05 7.64552e-05 2.15041e-05 1.76795e-05
0.830458 0.00252804 0.00255174 0.00250434 0.000265586 0.000336376 0.000194796 0.00112839 2.37033e-05 7.07901e-05 1.98925e-05 1.63588e-05
0.833849 0.00229379 0.00231568 0.00227191 0.00024092 0.000306367 0.000175473 0.00105375 2.18826e-05 6.54471e-05 1.83732e-05 1.51128e-05
0.83724 0.00207685 0.00209702 0.00205668 0.000218155 0.000278568 0.000157742 0.000982697 2.01695e-05 6.04132e-05 1.69425e-05 1.3939e-05
0.840631 0.00187628 0.00189484 0.00185772 0.000197174 0.00025285 0.000141498 0.000915117 1.85595e-05 5.56762e-05 1.55969e-05 1.28343e-05
0.844022 0.00169119 0.00170824 0.00167414 0.000177867 0.000229091 0.000126643 0.000850907 1.70483e-05 5.12238e-05 1.43329e-05 1.17961e-05
0.847412 0.00152071 0.00153634 0.00150507 0.000160127 0.000207171 0.000113083 0.000789965 1.56317e-05 4.70441e-05 1.31471e-05 1.08217e-05
0.850803 0.00136399 0.0013783 0.00134969 0.000143854 0.00018698 0.000100728 0.000732189 1.43056e-05 4.31257e-05 1.20363e-05 9.90844e-06
0.854194 0.00122024 0.0012333 0.00120717 0.000128952 0.000168409 8.94944e-05 0.000677479 1.30659e-05 3.94572e-05 1.09971e-05 9.05378e-06
0.857585 0.00108865 0.00110056 0.00107674 0.000115328 0.000151356 7.93006e-05 0.000625734 1.19087e-05 3.60277e-05 1.00265e-05 8.25519e-06
0.860976 0.00096847 0.0009793 0.000957639 0.000102897 0.000135723 7.0071e-05 0.000576858 1.08303e-05 3.28263e-05 9.12141e-06 7.51019e-06
0.864367 0.000858975 0.000868802 0.000849148 9.15759e-05 0.000121418 6.17333e-05 0.000530754 9.82691e-06 2.98426e-05 8.27873e-06 6.81637e-06
0.867757 0.00075946 0.000768355 0.000750565 8.12859e-05 0.000108352 5.42194e-05 0.000487326 8.89495e-06 2.70665e-05 7.49558e-06 6.17137e-06
0.871148 0.000669252 0.000677283 0.000661221 7.19531e-05 9.64411e-05 4.74651e-05 0.00044648 8.0309e-06 2.4488e-05 6.76908e-06 5.57288e-06
0.874539 0.000587704 0.000594935 0.000580473 6.35071e-05 8.56045e-05 4.14096e-05 0.000408123 7.23135e-06 2.20975e-05 6.09647e-06 5.01864e-06
0.87793 0.000514198 0.000520691 0.000507705 5.58814e-05 7.57669e-05 3.59959e-05 0.000372163 6.49298e-06 1.98855e-05 5.47501e-06 4.50647e-06
0.881321 0.000448142 0.000453954 0.000442329 4.90133e-05 6.68562e-05 3.11703e-05 0.000338509 5.81258e-06 1.7843e-05 4.90206e-06 4.03421e-06
0.884712 0.000388971 0.000394158 0.000383784 4.28433e-05 5.88043e-05 2.68823e-05 0.000307072 5.187e-06 1.5961e-05 4.37505e-06 3.59976e-06
0.888102 0.000336149 0.000340762 0.000331536 3.73157e-05 5.15466e-05 2.30847e-05 0.000277765 4.61321e-06 1.42309e-05 3.89149e-06 3.2011e-06
0.891493 0.000289164 0.000293252 0.000285076 3.23778e-05 4.50222e-05 1.97333e-05 0.000250499 4.08827e-06 1.26444e-05 3.44892e-06 2.83624e-06
0.894884 0.00024753 0.00025114 0.000243921 2.79801e-05 3.91734e-05 1.67867e-05 0.000225189 3.60932e-06 1.11934e-05 3.045e-06 2.50325e-06
0.898275 0.000210789 0.000213962 0.000207615 2.40762e-05 3.3946e-05 1.42063e-05 0.00020175 3.17361e-06 9.86983e-06 2.67742e-06 2.20025e-06
0.901666 0.000178506 0.000181284 0.000175727 2.06226e-05 2.92888e-05 1.19564e-05 0.0001801 2.77844e-06 8.66622e-06 2.34398e-06 1.92541e-06
0.905057 0.000150271 0.000152693 0.00014785 1.75785e-05 2.51536e-05 1.00034e-05 0.000160156 2.42124e-06 7.57511e-06 2.04251e-06 1.67699e-06
0.908447 0.000125701 0.0001278 0.000123601 1.49059e-05 2.14953e-05 8.31654e-06 0.000141836 2.0995e-06 6.58937e-06 1.77092e-06 1.45325e-06
0.911838 0.000104433 0.000106244 0.000102622 1.25693e-05 1.82714e-05 6.86726e-06 0.000125063 1.81082e-06 5.70207e-06 1.52721e-06 1.25254e-06
0.915229 8.61298e-05 8.76827e-05 8.4577e-05 1.05357e-05 1.54422e-05 5.62917e-06 0.000109756 1.55286e-06 4.90653e-06 1.30943e-06 1.07325e-06
0.91862 7.04763e-05 7.17997e-05 6.91529e-05 8.77434e-06 1.29707e-05 4.57803e-06 9.58389e-05 1.32339e-06 4.19631e-06 1.1157e-06 9.13842e-07
0.922011 5.71794e-05 5.82996e-05 5.60591e-05 7.25679e-06 1.0822e-05 3.69158e-06 8.32362e-05 1.12024e-06 3.5652e-06 9.44208e-07 7.72813e-07
0.925402 4.59674e-05 4.69088e-05 4.50261e-05 5.95673e-06 8.96394e-06 2.94952e-06 7.18731e-05 9.41358e-07 3.00721e-06 7.93214e-07 6.48724e-07
0.928792 3.65898e-05 3.73745e-05 3.5805e-05 4.84988e-06 7.36648e-06 2.33329e-06 6.16766e-05 7.84743e-07 2.5166e-06 6.61046e-07 5.40191e-07
0.932183 2.88159e-05 2.94644e-05 2.81674e-05 3.91392e-06 6.00174e-06 1.82609e-06 5.2575e-05 6.48495e-07 2.08783e-06 5.46099e-07 4.45882e-07
0.935574 2.24348e-05 2.29656e-05 2.1904e-05 3.12832e-06 4.84394e-06 1.41271e-06 4.4498e-05 5.30793e-07 1.71561e-06 4.46837e-07 3.64524e-07
0.938965 1.72542e-05 1.76841e-05 1.68243e-05 2.47437e-06 3.86924e-06 1.07949e-06 3.73768e-05 4.299e-07 1.39488e-06 3.61791e-07 2.94899e-07
0.942356 1.30997e-05 1.34439e-05 1.27556e-05 1.93495e-06 3.05574e-06 8.1417e-07 3.11442e-05 3.44162e-07 1.12078e-06 2.89562e-07 2.35845e-07
0.945747 9.81447e-06 1.00865e-05 9.54246e-06 1.49457e-06 2.38328e-06 6.05863e-07 2.57348e-05 2.72006e-07 8.88711e-07 2.28817e-07 1.86254e-07
0.949137 7.25798e-06 7.46992e-06 7.04604e-06 1.1392e-06 1.83346e-06 4.44934e-07 2.10846e-05 2.11941e-07 6.94264e-07 1.78294e-07 1.45078e-07
0.952528 5.30553e-06 5.46809e-06 5.14297e-06 8.56205e-07 1.38948e-06 3.2293e-07 1.71319e-05 1.6256e-07 5.33274e-07 1.36799e-07 1.11323e-07
0.955919 3.8474e-06 3.96994e-06 3.72487e-06 6.34296e-07 1.03609e-06 2.32499e-07 1.38168e-05 1.22537e-07 4.01797e-07 1.03206e-07 8.40556e-08
0.95931 2.78806e-06 2.87869e-06 2.69744e-06 4.63423e-07 7.59536e-07 1.6731e-07 1.10822e-05 9.06278e-08 2.96113e-07 7.64576e-08 6.23966e-08
0.962701 2.04548e-06 2.11115e-06 1.97981e-06 3.34716e-07 5.47442e-07 1.2199e-07 8.87342e-06 6.56705e-08 2.12726e-07 5.55682e-08 4.55265e-08
0.966092 1.55042e-06 1.597e-06 1.50383e-06 2.40421e-07 3.88793e-07 9.20501e-08 7.13988e-06 4.65857e-08 1.48371e-07 3.96198e-08 3.26839e-08
0.969482 1.24594e-06 1.27832e-06 1.21356e-06 1.73848e-07 2.73858e-07 7.38388e-08 5.83573e-06 3.23764e-08 1.00009e-07 2.77653e-08 2.31661e-08
0.972873 1.0872e-06 1.10933e-06 1.06507e-06 1.2934e-07 1.94173e-07 6.45072e-08 4.9226e-06 2.21279e-08 6.4833e-08 1.92273e-08 1.63293e-08
0.976264 1.04197e-06 1.05698e-06 1.02697e-06 1.02293e-07 1.42561e-07 6.20253e-08 4.37454e-06 1.5008e-08 4.02678e-08 1.32988e-08 1.15882e-08
0.979655 1.09318e-06 1.10345e-06 1.08291e-06 8.92953e-08 1.13272e-07 6.5319e-08 4.18977e-06 1.02657e-08 2.39763e-08 9.34144e-09 8.41486e-09
0.983046 1.24757e-06 1.25479e-06 1.24034e-06 8.86411e-08 1.02501e-07 7.4781e-08 4.42293e-06 7.22679e-09 1.38601e-08 6.78137e-09 6.33403e-09
0.986437 1.56977e-06 1.57505e-06 1.5645e-06 1.02373e-07 1.10431e-07 9.43148e-08 5.30032e-06 5.27938e-09 8.05795e-09 5.09356e-09 4.90659e-09
0.989827 2.39362e-06 2.39742e-06 2.38983e-06 1.48984e-07 1.539e-07 1.44068e-07 7.87913e-06 3.79529e-09 4.91584e-09 3.72069e-09 3.64547e-09
0.993218 1.25773e-05 1.25777e-05 1.25769e-05 7.61453e-07 7.64719e-07 7.58186e-07 4.71487e-05 3.84626e-10 3.26669e-09 1.93217e-10 0
4.2929e-314 inf inf inf inf inf inf 0.00193446 44.191 1.34999 1.05994 0.738052
