9.72476e-05 4.7614 5.18621 4.3366 1.77845 2.06804 1.48887 12.7848 0.424802 0.289587 0.209733 0.201098
0.0001 4.73029 5.15341 4.30716 1.76663 2.05459 1.47867 12.6525 0.423125 0.287958 0.207957 0.19923
0.00010283 4.69946 5.12092 4.278 1.75492 2.04126 1.46857 12.5214 0.421461 0.286344 0.206196 0.197375
0.000105741 4.6692 5.08901 4.24939 1.74341 2.02816 1.45867 12.3915 0.41981 0.284744 0.204449 0.195534
0.000108734 4.63819 5.05636 4.22002 1.73165 2.01481 1.4485 12.2626 0.418172 0.283157 0.202717 0.193706
0.000111811 4.60736 5.02391 4.19082 1.71997 2.00155 1.43838 12.1349 0.416547 0.281585 0.200999 0.191892
0.000114976 4.57671 4.99165 4.16178 1.70835 1.98838 1.42833 12.0082 0.414934 0.280026 0.199296 0.190091
0.00011823 4.54624 4.95958 4.13291 1.69681 1.97529 1.41833 11.8827 0.413334 0.278481 0.197606 0.188304
0.000121576 4.51595 4.92769 4.1042 1.68534 1.96229 1.40839 11.7582 0.411746 0.27695 0.195931 0.186529
0.000125017 4.48583 4.896 4.07566 1.67394 1.94937 1.39851 11.6349 0.410171 0.275432 0.19427 0.184768
0.000128556 4.45588 4.86449 4.04728 1.66261 1.93654 1.38868 11.5126 0.408608 0.273928 0.192622 0.183019
0.000132194 4.42612 4.83317 4.01906 1.65135 1.92379 1.37891 11.3913 0.407057 0.272437 0.190989 0.181284
0.000135936 4.39652 4.80204 3.991 1.64016 1.91112 1.3692 11.2711 0.405518 0.27096 0.18937 0.179561
0.000139783 4.3671 4.77109 3.9631 1.62904 1.89853 1.35954 11.152 0.403991 0.269495 0.187764 0.177851
0.000143739 4.33785 4.74032 3.93537 1.61798 1.88603 1.34994 11.0339 0.402476 0.268044 0.186172 0.176154
0.000147808 4.30876 4.70973 3.90779 1.607 1.8736 1.34039 10.9168 0.400972 0.266606 0.184594 0.174469
0.000151991 4.27985 4.67933 3.88037 1.59608 1.86126 1.3309 10.8008 0.399481 0.265181 0.183029 0.172797
0.000156293 4.25111 4.64911 3.85311 1.58523 1.849 1.32146 10.6858 0.398001 0.263768 0.181478 0.171138
0.000160717 4.22253 4.61906 3.826 1.57445 1.83682 1.31208 10.5718 0.396532 0.262369 0.17994 0.16949
0.000165265 4.19412 4.5892 3.79905 1.56374 1.82472 1.30275 10.4588 0.395074 0.260982 0.178415 0.167855
0.000169943 4.16588 4.55951 3.77226 1.55309 1.8127 1.29348 10.3467 0.393628 0.259608 0.176904 0.166233
0.000174753 4.13781 4.53 3.74562 1.54251 1.80075 1.28426 10.2357 0.392193 0.258246 0.175406 0.164622
0.000179699 4.1099 4.50066 3.71913 1.53199 1.78889 1.27509 10.1256 0.390768 0.256897 0.173922 0.163023
0.000184785 4.08215 4.47151 3.6928 1.52154 1.7771 1.26598 10.0166 0.389355 0.25556 0.17245 0.161437
0.000190015 4.05457 4.44252 3.66661 1.51116 1.76539 1.25692 9.90844 0.387953 0.254236 0.170991 0.159862
0.000195393 4.02714 4.4137 3.64058 1.50084 1.75376 1.24792 9.80127 0.386561 0.252923 0.169545 0.1583
0.000200923 3.99988 4.38506 3.6147 1.49059 1.74221 1.23896 9.69506 0.38518 0.251623 0.168113 0.156749
0.00020661 3.97278 4.35659 3.58898 1.4804 1.73073 1.23006 9.58979 0.383809 0.250335 0.166693 0.155209
0.000212458 3.94584 4.32829 3.56339 1.47027 1.71933 1.22121 9.48546 0.382449 0.249059 0.165285 0.153682
0.000218471 3.91906 4.30016 3.53797 1.46021 1.708 1.21241 9.38204 0.381099 0.247795 0.163891 0.152166
0.000224655 3.89244 4.2722 3.51268 1.45021 1.69675 1.20367 9.27956 0.379759 0.246543 0.162509 0.150661
0.000231013 3.86597 4.2444 3.48754 1.44027 1.68558 1.19497 9.17799 0.378429 0.245303 0.161139 0.149168
0.000237551 3.83967 4.21678 3.46256 1.4304 1.67447 1.18633 9.07732 0.377109 0.244074 0.159783 0.147686
0.000244275 3.81351 4.18931 3.43771 1.42059 1.66345 1.17773 8.97756 0.375799 0.242857 0.158438 0.146215
0.000251189 3.78751 4.16201 3.41301 1.41084 1.65249 1.16919 8.87869 0.374499 0.241651 0.157106 0.144756
0.000258298 3.76167 4.13488 3.38846 1.40116 1.64161 1.1607 8.7807 0.373208 0.240457 0.155786 0.143308
0.000265609 3.73598 4.10791 3.36405 1.39153 1.6308 1.15226 8.6836 0.371927 0.239274 0.154479 0.141871
0.000273126 3.71044 4.08109 3.33978 1.38197 1.62007 1.14386 8.58737 0.370655 0.238102 0.153183 0.140445
0.000280857 3.68505 4.05445 3.31566 1.37246 1.60941 1.13552 8.492 0.369393 0.236942 0.1519 0.13903
0.000288806 3.65982 4.02796 3.29168 1.36302 1.59882 1.12723 8.39749 0.36814 0.235793 0.150629 0.137625
0.00029698 3.63473 4.00162 3.26783 1.35364 1.58829 1.11898 8.30385 0.366895 0.234655 0.14937 0.136232
0.000305386 3.60979 3.97546 3.24413 1.34432 1.57785 1.11079 8.21104 0.36566 0.233528 0.148123 0.134849
0.000314029 3.58501 3.94944 3.22057 1.33505 1.56747 1.10264 8.11908 0.364434 0.232412 0.146888 0.133477
0.000322917 3.56037 3.92358 3.19715 1.32585 1.55716 1.09455 8.02794 0.363217 0.231306 0.145665 0.132116
0.000332057 3.53587 3.89788 3.17386 1.31671 1.54692 1.0865 7.93764 0.362008 0.230212 0.144453 0.130765
0.000341455 3.51153 3.87233 3.15072 1.30762 1.53675 1.07849 7.84816 0.360807 0.229128 0.143253 0.129424
0.000351119 3.48732 3.84694 3.12771 1.29859 1.52665 1.07054 7.75949 0.359616 0.228055 0.142065 0.128094
0.000361057 3.46327 3.8217 3.10484 1.28963 1.51662 1.06263 7.67163 0.358432 0.226992 0.140888 0.126775
0.000371276 3.43936 3.79661 3.0821 1.28071 1.50665 1.05477 7.58457 0.357257 0.22594 0.139723 0.125465
0.000381784 3.41558 3.77167 3.0595 1.27186 1.49676 1.04696 7.49832 0.356089 0.224898 0.13857 0.124166
0.00039259 3.39196 3.74689 3.03703 1.26306 1.48693 1.0392 7.41285 0.35493 0.223866 0.137428 0.122877
0.000403702 3.36847 3.72225 3.01469 1.25432 1.47717 1.03148 7.32816 0.353779 0.222845 0.136297 0.121598
0.000415128 3.34513 3.69776 2.99249 1.24564 1.46747 1.02381 7.24425 0.352635 0.221834 0.135177 0.120329
0.000426877 3.32192 3.67342 2.97042 1.23701 1.45785 1.01618 7.16112 0.351499 0.220833 0.134069 0.11907
0.000438959 3.29886 3.64923 2.94849 1.22844 1.44828 1.0086 7.07874 0.35037 0.219842 0.132972 0.117822
0.000451383 3.27593 3.62518 2.92668 1.21993 1.43879 1.00107 6.99713 0.349249 0.218861 0.131886 0.116583
0.000464159 3.25314 3.60127 2.905 1.21147 1.42936 0.993576 6.91627 0.348135 0.21789 0.130812 0.115353
0.000477296 3.23049 3.57752 2.88346 1.20306 1.41999 0.986133 6.83616 0.347028 0.216929 0.129748 0.114134
0.000490805 3.20797 3.5539 2.86204 1.19471 1.41069 0.978734 6.7568 0.345928 0.215977 0.128695 0.112924
0.000504697 3.18559 3.53043 2.84076 1.18642 1.40145 0.971381 6.67817 0.344835 0.215035 0.127654 0.111724
0.000518981 3.16335 3.50709 2.8196 1.17817 1.39228 0.964071 6.60027 0.343749 0.214103 0.126623 0.110533
0.00053367 3.14124 3.4839 2.79857 1.16999 1.38317 0.956807 6.52309 0.34267 0.21318 0.125603 0.109352
0.000548775 3.11926 3.46085 2.77766 1.16185 1.37412 0.949586 6.44664 0.341597 0.212266 0.124593 0.10818
0.000564307 3.09741 3.43794 2.75688 1.15377 1.36513 0.94241 6.3709 0.34053 0.211362 0.123595 0.107018
0.000580278 3.0757 3.41517 2.73623 1.14574 1.35621 0.935277 6.29587 0.33947 0.210467 0.122607 0.105865
0.000596702 3.05412 3.39253 2.7157 1.13777 1.34735 0.928188 6.22154 0.338416 0.209581 0.121629 0.104722
0.000613591 3.03266 3.37003 2.6953 1.12985 1.33855 0.921142 6.1479 0.337367 0.208705 0.120663 0.103587
0.000630957 3.01134 3.34767 2.67502 1.12198 1.32981 0.914139 6.07496 0.336325 0.207837 0.119706 0.102462
0.000648815 2.99015 3.32544 2.65486 1.11416 1.32114 0.907179 6.00271 0.335289 0.206979 0.11876 0.101346
0.000667179 2.96908 3.30334 2.63483 1.10639 1.31252 0.900262 5.93113 0.334258 0.206129 0.117825 0.100239
0.000686062 2.94815 3.28138 2.61491 1.09868 1.30396 0.893387 5.86024 0.333232 0.205289 0.1169 0.0991411
0.00070548 2.92734 3.25955 2.59512 1.09101 1.29547 0.886555 5.79001 0.332212 0.204457 0.115985 0.0980521
0.000725448 2.90665 3.23785 2.57545 1.0834 1.28703 0.879765 5.72045 0.331197 0.203633 0.11508 0.096972
0.00074598 2.88609 3.21628 2.5559 1.07583 1.27865 0.873016 5.65155 0.330187 0.202818 0.114186 0.0959007
0.000767094 2.86566 3.19484 2.53647 1.06832 1.27033 0.86631 5.5833 0.329182 0.202012 0.113301 0.0948383
0.000788805 2.84535 3.17353 2.51716 1.06086 1.26207 0.859645 5.5157 0.328182 0.201215 0.112427 0.0937846
0.000811131 2.82516 3.15234 2.49797 1.05345 1.25387 0.853021 5.44874 0.327187 0.200425 0.111562 0.0927396
0.000834088 2.80509 3.13129 2.4789 1.04608 1.24573 0.846439 5.38243 0.326196 0.199644 0.110708 0.0917033
0.000857696 2.78515 3.11036 2.45994 1.03877 1.23764 0.839897 5.31675 0.325209 0.198871 0.109864 0.0906756
0.000881971 2.76533 3.08955 2.4411 1.0315 1.22961 0.833395 5.2517 0.324227 0.198106 0.109029 0.0896564
0.000906934 2.74562 3.06887 2.42237 1.02428 1.22163 0.826935 5.18727 0.323248 0.19735 0.108204 0.0886457
0.000932603 2.72604 3.04831 2.40377 1.01712 1.21372 0.820514 5.12346 0.322274 0.196601 0.107389 0.0876435
0.000958999 2.70658 3.02788 2.38527 1.00999 1.20585 0.814134 5.06028 0.321303 0.19586 0.106583 0.0866496
0.000986142 2.68723 3.00757 2.36689 1.00292 1.19805 0.807794 4.99769 0.320336 0.195127 0.105787 0.0856642
0.00101405 2.668 2.98737 2.34863 0.995895 1.1903 0.801493 4.93571 0.319372 0.194402 0.105001 0.084687
0.00104275 2.64889 2.9673 2.33048 0.988916 1.1826 0.795232 4.87434 0.318412 0.193685 0.104224 0.0837181
0.00107227 2.62989 2.94735 2.31244 0.981985 1.17496 0.78901 4.81355 0.317454 0.192975 0.103457 0.0827574
0.00110262 2.61101 2.92751 2.29451 0.9751 1.16737 0.782827 4.75336 0.3165 0.192272 0.102699 0.0818049
0.00113382 2.59225 2.9078 2.2767 0.968261 1.15984 0.776684 4.69376 0.315548 0.191577 0.10195 0.0808604
0.00116591 2.57359 2.88819 2.25899 0.961468 1.15236 0.770578 4.63473 0.314599 0.19089 0.101211 0.079924
0.00119891 2.55506 2.86871 2.2414 0.954721 1.14493 0.764512 4.57629 0.313653 0.190209 0.100481 0.0789957
0.00123285 2.53663 2.84934 2.22392 0.94802 1.13756 0.758484 4.51841 0.312709 0.189536 0.0997594 0.0780753
0.00126774 2.51831 2.83008 2.20655 0.941364 1.13023 0.752494 4.4611 0.311767 0.18887 0.0990475 0.0771629
0.00130362 2.50011 2.81094 2.18928 0.934753 1.12296 0.746542 4.40436 0.310827 0.188211 0.0983446 0.0762583
0.00134052 2.48202 2.7919 2.17213 0.928187 1.11575 0.740628 4.34817 0.309889 0.187559 0.0976505 0.0753616
0.00137846 2.46403 2.77298 2.15508 0.921665 1.10858 0.734752 4.29254 0.308952 0.186914 0.0969655 0.0744727
0.00141747 2.44616 2.75417 2.13814 0.915187 1.10146 0.728912 4.23746 0.308017 0.186275 0.0962893 0.0735915
0.00145759 2.42839 2.73547 2.12131 0.908754 1.0944 0.723111 4.18292 0.307083 0.185643 0.0956218 0.072718
0.00149885 2.41073 2.71688 2.10458 0.902364 1.08738 0.717346 4.12893 0.30615 0.185018 0.0949631 0.0718521
0.00154127 2.39318 2.6984 2.08796 0.896017 1.08042 0.711618 4.07547 0.305218 0.184399 0.094313 0.0709939
0.00158489 2.37573 2.68002 2.07145 0.889714 1.0735 0.705927 4.02255 0.304286 0.183787 0.0936715 0.0701433
0.00162975 2.35839 2.66175 2.05504 0.883454 1.06663 0.700273 3.97015 0.303355 0.183181 0.0930386 0.0693002
0.00167588 2.34115 2.64358 2.03873 0.877236 1.05982 0.694655 3.91828 0.302425 0.182581 0.0924141 0.0684645
0.00172331 2.32402 2.62552 2.02253 0.87106 1.05305 0.689073 3.86692 0.301494 0.181987 0.0917979 0.0676363
0.00177209 2.30699 2.60756 2.00643 0.864927 1.04633 0.683527 3.81608 0.300564 0.1814 0.0911902 0.0668156
0.00182224 2.29007 2.5897 1.99043 0.858835 1.03965 0.678017 3.76576 0.299633 0.180818 0.0905906 0.0660021
0.00187382 2.27324 2.57194 1.97454 0.852785 1.03303 0.672542 3.71594 0.298701 0.180243 0.0899993 0.065196
0.00192685 2.25652 2.55429 1.95875 0.846776 1.02645 0.667103 3.66663 0.297769 0.179673 0.089416 0.0643971
0.00198139 2.2399 2.53673 1.94306 0.840808 1.01992 0.6617 3.61782 0.296836 0.179108 0.0888408 0.0636055
0.00203747 2.22337 2.51928 1.92747 0.834881 1.01343 0.656331 3.5695 0.295902 0.17855 0.0882736 0.0628211
0.00209514 2.20695 2.50192 1.91198 0.828994 1.00699 0.650998 3.52167 0.294967 0.177996 0.0877142 0.0620438
0.00215443 2.19062 2.48465 1.89659 0.823148 1.0006 0.645699 3.47433 0.29403 0.177449 0.0871627 0.0612736
0.00221541 2.1744 2.46749 1.8813 0.817341 0.994247 0.640435 3.42748 0.293091 0.176906 0.0866189 0.0605105
0.00227812 2.15826 2.45041 1.86611 0.811575 0.987943 0.635206 3.3811 0.292151 0.176369 0.0860828 0.0597544
0.00234259 2.14223 2.43344 1.85102 0.805847 0.981683 0.63001 3.3352 0.291208 0.175836 0.0855542 0.0590053
0.0024089 2.12629 2.41655 1.83603 0.800159 0.975468 0.624849 3.28978 0.290263 0.175309 0.0850332 0.0582632
0.00247708 2.11045 2.39976 1.82113 0.794509 0.969296 0.619723 3.24482 0.289315 0.174787 0.0845196 0.057528
0.00254719 2.0947 2.38306 1.80633 0.788898 0.963168 0.614629 3.20033 0.288364 0.174269 0.0840133 0.0567996
0.00261928 2.07904 2.36645 1.79163 0.783326 0.957082 0.60957 3.1563 0.28741 0.173756 0.0835143 0.0560781
0.00269341 2.06348 2.34993 1.77702 0.777791 0.951039 0.604543 3.11273 0.286453 0.173248 0.0830225 0.0553633
0.00276965 2.048 2.33349 1.76251 0.772294 0.945038 0.599551 3.06961 0.285492 0.172744 0.0825377 0.0546553
0.00284804 2.03262 2.31715 1.7481 0.766835 0.93908 0.594591 3.02694 0.284527 0.172244 0.0820599 0.053954
0.00292864 2.01733 2.30089 1.73377 0.761413 0.933162 0.589664 2.98472 0.283559 0.171749 0.0815891 0.0532594
0.00301153 2.00213 2.28472 1.71955 0.756028 0.927286 0.58477 2.94294 0.282586 0.171258 0.081125 0.0525714
0.00309677 1.98702 2.26863 1.70541 0.75068 0.92145 0.579909 2.9016 0.281608 0.170771 0.0806676 0.05189
0.00318442 1.972 2.25263 1.69137 0.745368 0.915655 0.575081 2.8607 0.280625 0.170287 0.0802169 0.0512152
0.00327455 1.95706 2.2367 1.67743 0.740092 0.9099 0.570284 2.82023 0.279638 0.169808 0.0797727 0.0505469
0.00336723 1.94222 2.22086 1.66357 0.734852 0.904184 0.56552 2.78019 0.278645 0.169332 0.0793349 0.0498851
0.00346253 1.92746 2.2051 1.64981 0.729648 0.898507 0.560789 2.74058 0.277647 0.168859 0.0789035 0.0492298
0.00356053 1.91278 2.18942 1.63614 0.724479 0.892869 0.556088 2.70139 0.276643 0.16839 0.0784782 0.0485808
0.00366131 1.89819 2.17382 1.62256 0.719345 0.887269 0.55142 2.66262 0.275632 0.167925 0.0780591 0.0479382
0.00376494 1.88369 2.1583 1.60907 0.714245 0.881707 0.546783 2.62426 0.274616 0.167462 0.0776459 0.0473019
0.0038715 1.86926 2.14285 1.59567 0.70918 0.876183 0.542178 2.58632 0.273592 0.167002 0.0772387 0.046672
0.00398107 1.85492 2.12748 1.58236 0.70415 0.870696 0.537604 2.54879 0.272562 0.166546 0.0768372 0.0460483
0.00409375 1.84067 2.11219 1.56914 0.699153 0.865245 0.533061 2.51166 0.271524 0.166092 0.0764414 0.0454308
0.00420962 1.82649 2.09697 1.55601 0.69419 0.859831 0.528549 2.47493 0.27048 0.165641 0.0760512 0.0448195
0.00432876 1.81239 2.08182 1.54297 0.68926 0.854452 0.524068 2.43861 0.269427 0.165192 0.0756664 0.0442144
0.00445128 1.79838 2.06675 1.53001 0.684363 0.849109 0.519618 2.40268 0.268366 0.164746 0.0752869 0.0436154
0.00457727 1.78444 2.05174 1.51715 0.679499 0.843801 0.515198 2.36715 0.267297 0.164301 0.0749126 0.0430224
0.00470682 1.77059 2.03681 1.50437 0.674668 0.838527 0.510808 2.33201 0.26622 0.163859 0.0745434 0.0424355
0.00484003 1.75681 2.02194 1.49167 0.669868 0.833287 0.506449 2.29725 0.265133 0.163419 0.0741791 0.0418546
0.00497702 1.74311 2.00714 1.47907 0.665101 0.828081 0.50212 2.26288 0.264038 0.162981 0.0738195 0.0412797
0.00511789 1.72948 1.99241 1.46655 0.660365 0.822909 0.497821 2.22889 0.262933 0.162544 0.0734647 0.0407107
0.00526274 1.71593 1.97775 1.45411 0.65566 0.817769 0.493552 2.19528 0.261818 0.162109 0.0731144 0.0401476
0.0054117 1.70246 1.96315 1.44176 0.650987 0.812661 0.489312 2.16204 0.260693 0.161675 0.0727686 0.0395903
0.00556486 1.68906 1.94861 1.4295 0.646344 0.807585 0.485102 2.12918 0.259558 0.161242 0.0724269 0.0390389
0.00572237 1.67573 1.93414 1.41732 0.641731 0.802541 0.480921 2.09669 0.258412 0.16081 0.0720894 0.0384933
0.00588433 1.66248 1.91973 1.40522 0.637149 0.797528 0.47677 2.06456 0.257256 0.160379 0.0717559 0.0379534
0.00605088 1.6493 1.90538 1.39321 0.632596 0.792545 0.472647 2.03279 0.256088 0.159949 0.0714262 0.0374192
0.00622213 1.63619 1.89109 1.38128 0.628073 0.787592 0.468554 2.00139 0.254909 0.159519 0.0711001 0.0368908
0.00639824 1.62315 1.87686 1.36943 0.623579 0.782669 0.464489 1.97035 0.253718 0.15909 0.0707776 0.0363679
0.00657933 1.61018 1.86269 1.35766 0.619114 0.777775 0.460453 1.93966 0.252515 0.158661 0.0704584 0.0358507
0.00676555 1.59728 1.84858 1.34598 0.614677 0.772909 0.456446 1.90932 0.251299 0.158232 0.0701424 0.035339
0.00695704 1.58445 1.83452 1.33438 0.610269 0.768072 0.452467 1.87933 0.250071 0.157802 0.0698294 0.0348329
0.00715394 1.57169 1.82052 1.32286 0.605889 0.763262 0.448516 1.84969 0.24883 0.157373 0.0695193 0.0343323
0.00735642 1.55899 1.80657 1.31142 0.601536 0.758479 0.444593 1.82039 0.247575 0.156943 0.0692119 0.0338371
0.00756463 1.54637 1.79267 1.30006 0.597211 0.753723 0.440699 1.79144 0.246307 0.156512 0.0689071 0.0333474
0.00777874 1.5338 1.77883 1.28878 0.592912 0.748992 0.436832 1.76282 0.245025 0.15608 0.0686046 0.0328631
0.0079989 1.52131 1.76504 1.27758 0.58864 0.744288 0.432993 1.73454 0.243729 0.155648 0.0683042 0.0323841
0.0082253 1.50888 1.7513 1.26646 0.584395 0.739608 0.429181 1.7066 0.242419 0.155214 0.0680059 0.0319104
0.0084581 1.49651 1.7376 1.25542 0.580175 0.734954 0.425397 1.67898 0.241094 0.154778 0.0677093 0.0314421
0.00869749 1.48421 1.72396 1.24445 0.575982 0.730323 0.421641 1.65169 0.239753 0.154341 0.0674144 0.030979
0.00894366 1.47197 1.71036 1.23357 0.571813 0.725715 0.417911 1.62473 0.238398 0.153902 0.067121 0.0305211
0.00919679 1.45979 1.69681 1.22276 0.56767 0.721131 0.414209 1.59809 0.237027 0.153461 0.0668287 0.0300683
0.00945709 1.44767 1.68331 1.21203 0.563551 0.716569 0.410533 1.57178 0.23564 0.153018 0.0665376 0.0296207
0.00972476 1.43561 1.66985 1.20137 0.559456 0.712029 0.406884 1.54578 0.234237 0.152572 0.0662472 0.0291782
0.01 1.42362 1.65643 1.1908 0.555386 0.70751 0.403262 1.5201 0.232818 0.152124 0.0659576 0.0287408
0.010283 1.41168 1.64306 1.1803 0.551339 0.703012 0.399666 1.49473 0.231382 0.151673 0.0656683 0.0283084
0.0105741 1.3998 1.62973 1.16987 0.547315 0.698534 0.396097 1.46967 0.229929 0.151218 0.0653794 0.027881
0.0108734 1.38798 1.61644 1.15952 0.543315 0.694075 0.392554 1.44491 0.228459 0.150761 0.0650904 0.0274586
0.0111811 1.37622 1.60319 1.14925 0.539337 0.689636 0.389037 1.42047 0.226971 0.150299 0.0648013 0.0270411
0.0114976 1.36451 1.58998 1.13905 0.535381 0.685215 0.385546 1.39633 0.225466 0.149834 0.0645119 0.0266285
0.011823 1.35286 1.57681 1.12892 0.531447 0.680812 0.382081 1.37249 0.223944 0.149365 0.0642218 0.0262207
0.0121576 1.34127 1.56367 1.11887 0.527534 0.676426 0.378642 1.34895 0.222403 0.148892 0.0639309 0.0258177
0.0125017 1.32973 1.55058 1.10889 0.523643 0.672057 0.375228 1.3257 0.220843 0.148414 0.0636389 0.0254195
0.0128556 1.31825 1.53752 1.09899 0.519772 0.667704 0.37184 1.30275 0.219266 0.147932 0.0633458 0.0250261
0.0132194 1.30682 1.52449 1.08915 0.515922 0.663366 0.368477 1.28009 0.217669 0.147445 0.0630511 0.0246373
0.0135936 1.29545 1.5115 1.0794 0.512091 0.659044 0.365139 1.25772 0.216054 0.146952 0.0627547 0.0242532
0.0139783 1.28413 1.49855 1.06971 0.508281 0.654735 0.361827 1.23563 0.214419 0.146454 0.0624565 0.0238738
0.0143739 1.27286 1.48562 1.06009 0.504489 0.65044 0.358539 1.21383 0.212766 0.145951 0.062156 0.0234989
0.0147808 1.26164 1.47273 1.05055 0.500717 0.646158 0.355276 1.19232 0.211093 0.145441 0.0618532 0.0231286
0.0151991 1.25048 1.45988 1.04108 0.496963 0.641888 0.352038 1.17108 0.2094 0.144925 0.0615478 0.0227627
0.0156293 1.23936 1.44705 1.03167 0.493227 0.63763 0.348824 1.15012 0.207688 0.144403 0.0612396 0.0224014
0.0160717 1.2283 1.43425 1.02234 0.489508 0.633382 0.345634 1.12944 0.205956 0.143874 0.0609283 0.0220445
0.0165265 1.21728 1.42149 1.01308 0.485807 0.629145 0.342469 1.10903 0.204204 0.143338 0.0606137 0.021692
0.0169943 1.20632 1.40875 1.00389 0.482123 0.624918 0.339328 1.08889 0.202432 0.142795 0.0602956 0.0213438
0.0174753 1.1954 1.39604 0.994763 0.478456 0.6207 0.336211 1.06902 0.20064 0.142244 0.0599737 0.021
0.0179699 1.18454 1.38337 0.985708 0.474804 0.61649 0.333118 1.04942 0.198829 0.141686 0.0596479 0.0206604
0.0184785 1.17372 1.37072 0.976723 0.471168 0.612288 0.330049 1.03008 0.196997 0.14112 0.0593179 0.0203251
0.0190015 1.16295 1.35809 0.967805 0.467548 0.608092 0.327003 1.011 0.195144 0.140545 0.0589834 0.019994
0.0195393 1.15223 1.3455 0.958955 0.463942 0.603903 0.32398 0.992189 0.193272 0.139961 0.0586443 0.019667
0.0200923 1.14155 1.33293 0.950173 0.460351 0.59972 0.320981 0.973632 0.19138 0.139369 0.0583003 0.0193442
0.020661 1.13092 1.32039 0.941458 0.456773 0.595541 0.318005 0.95533 0.189467 0.138768 0.0579511 0.0190255
0.0212458 1.12034 1.30788 0.932809 0.453209 0.591367 0.315052 0.937283 0.187535 0.138157 0.0575967 0.0187108
0.0218471 1.10981 1.29539 0.924227 0.449659 0.587196 0.312122 0.919487 0.185582 0.137537 0.0572368 0.0184002
0.0224655 1.09932 1.28293 0.91571 0.446121 0.583027 0.309215 0.90194 0.18361 0.136906 0.0568711 0.0180935
0.0231013 1.08888 1.2705 0.907259 0.442595 0.578861 0.30633 0.884641 0.181618 0.136266 0.0564994 0.0177907
0.0237551 1.07848 1.25809 0.898874 0.439082 0.574696 0.303467 0.867586 0.179607 0.135614 0.0561216 0.0174918
0.0244275 1.06813 1.2457 0.890553 0.435579 0.570532 0.300627 0.850775 0.177576 0.134952 0.0557374 0.0171968
0.0251189 1.05782 1.23335 0.882297 0.432088 0.566367 0.297809 0.834205 0.175526 0.134279 0.0553467 0.0169056
0.0258298 1.04756 1.22102 0.874104 0.428607 0.562202 0.295013 0.817874 0.173457 0.133594 0.0549492 0.0166181
0.0265609 1.03734 1.20871 0.865975 0.425137 0.558035 0.292239 0.801779 0.171369 0.132898 0.0545449 0.0163344
0.0273126 1.02717 1.19644 0.85791 0.421675 0.553865 0.289486 0.785919 0.169263 0.13219 0.0541334 0.0160544
0.0280857 1.01705 1.18419 0.849907 0.418224 0.549693 0.286754 0.770292 0.167139 0.131469 0.0537146 0.015778
0.0288806 1.00696 1.17196 0.841967 0.41478 0.545517 0.284044 0.754895 0.164997 0.130736 0.0532885 0.0155052
0.029698 0.996926 1.15976 0.834088 0.411346 0.541336 0.281355 0.739726 0.162838 0.12999 0.0528547 0.015236
0.0305386 0.986934 1.1476 0.826271 0.407918 0.53715 0.278687 0.724783 0.160662 0.129231 0.0524132 0.0149704
0.0314029 0.976985 1.13545 0.818516 0.404499 0.532957 0.27604 0.710065 0.158469 0.128459 0.0519639 0.0147082
0.0322917 0.967082 1.12334 0.810821 0.401086 0.528759 0.273413 0.695568 0.156261 0.127673 0.0515066 0.0144495
0.0332057 0.957223 1.11126 0.803187 0.397679 0.524552 0.270807 0.681292 0.154036 0.126873 0.0510411 0.0141942
0.0341455 0.947409 1.09921 0.795612 0.394279 0.520338 0.268221 0.667233 0.151797 0.126058 0.0505675 0.0139422
0.0351119 0.93764 1.08718 0.788097 0.390884 0.516114 0.265654 0.65339 0.149543 0.12523 0.0500856 0.0136936
0.0361057 0.927915 1.07519 0.78064 0.387494 0.511881 0.263108 0.639761 0.147275 0.124386 0.0495953 0.0134483
0.0371276 0.918236 1.06323 0.773242 0.384109 0.507637 0.260581 0.626343 0.144994 0.123528 0.0490965 0.0132062
0.0381784 0.908603 1.0513 0.765902 0.380728 0.503382 0.258073 0.613134 0.1427 0.122654 0.0485892 0.0129674
0.039259 0.899014 1.03941 0.75862 0.37735 0.499115 0.255585 0.600133 0.140395 0.121765 0.0480734 0.0127317
0.0403702 0.889472 1.02755 0.751394 0.373975 0.494836 0.253115 0.587337 0.138078 0.120861 0.047549 0.0124991
0.0415128 0.879976 1.01573 0.744225 0.370604 0.490543 0.250664 0.574744 0.13575 0.11994 0.047016 0.0122696
0.0426877 0.870526 1.00394 0.737112 0.367234 0.486237 0.248231 0.562353 0.133413 0.119003 0.0464745 0.0120432
0.0438959 0.861122 0.992189 0.730055 0.363866 0.481915 0.245817 0.55016 0.131067 0.118049 0.0459243 0.0118198
0.0451383 0.851765 0.980479 0.723052 0.360499 0.477579 0.24342 0.538164 0.128714 0.11708 0.0453657 0.0115994
0.0464159 0.842456 0.968808 0.716103 0.357134 0.473226 0.241041 0.526363 0.126353 0.116093 0.0447985 0.0113819
0.0477296 0.833194 0.957179 0.709208 0.353768 0.468857 0.238679 0.514755 0.123985 0.115089 0.0442229 0.0111673
0.0490805 0.823979 0.945592 0.702367 0.350402 0.46447 0.236334 0.503337 0.121613 0.114068 0.043639 0.0109555
0.0504697 0.814813 0.93405 0.695577 0.347036 0.460066 0.234006 0.492107 0.119236 0.11303 0.0430469 0.0107466
0.0518981 0.805696 0.922552 0.688839 0.343668 0.455643 0.231694 0.481064 0.116856 0.111974 0.0424467 0.0105404
0.053367 0.796627 0.911101 0.682153 0.340299 0.4512 0.229399 0.470205 0.114474 0.110901 0.0418386 0.010337
0.0548775 0.787608 0.899699 0.675517 0.336928 0.446738 0.227119 0.459529 0.112091 0.10981 0.0412226 0.0101363
0.0564307 0.778638 0.888346 0.668931 0.333555 0.442255 0.224854 0.449032 0.109708 0.108701 0.040599 0.00993829
0.0580278 0.769719 0.877044 0.662394 0.330178 0.437752 0.222605 0.438713 0.107325 0.107574 0.0399681 0.00974289
0.0596702 0.76085 0.865795 0.655905 0.326798 0.433227 0.22037 0.42857 0.104945 0.106428 0.0393299 0.00955009
0.0613591 0.752032 0.8546 0.649463 0.323414 0.42868 0.218149 0.4186 0.102569 0.105265 0.0386848 0.00935985
0.0630957 0.743265 0.843461 0.643068 0.320026 0.42411 0.215942 0.408803 0.100197 0.104084 0.0380329 0.00917214
0.0648815 0.734549 0.832379 0.636719 0.316633 0.419517 0.213748 0.399174 0.0978303 0.102885 0.0373747 0.00898692
0.0667179 0.725886 0.821357 0.630415 0.313234 0.414901 0.211567 0.389713 0.095471 0.101667 0.0367104 0.00880416
0.0686062 0.717274 0.810394 0.624154 0.30983 0.410261 0.209399 0.380417 0.0931199 0.100431 0.0360402 0.00862382
0.070548 0.708715 0.799494 0.617937 0.306419 0.405596 0.207242 0.371285 0.0907784 0.0991771 0.0353647 0.00844588
0.0725448 0.700209 0.788657 0.611762 0.303002 0.400907 0.205097 0.362313 0.0884477 0.0979051 0.034684 0.0082703
0.074598 0.691756 0.777885 0.605627 0.299578 0.396193 0.202963 0.353501 0.086129 0.0966152 0.0339987 0.00809705
0.0767094 0.683356 0.76718 0.599533 0.296146 0.391453 0.200839 0.344845 0.0838236 0.0953073 0.033309 0.0079261
0.0788805 0.67501 0.756543 0.593477 0.292706 0.386688 0.198724 0.336344 0.0815328 0.0939819 0.0326154 0.00775742
0.0811131 0.666717 0.745975 0.587459 0.289258 0.381896 0.196619 0.327996 0.079258 0.0926388 0.0319184 0.00759097
0.0834088 0.658477 0.735478 0.581477 0.2858 0.377078 0.194522 0.319799 0.0770003 0.0912785 0.0312184 0.00742675
0.0857696 0.650291 0.725052 0.57553 0.282333 0.372234 0.192432 0.31175 0.0747612 0.089901 0.0305158 0.0072647
0.0881971 0.642158 0.7147 0.569617 0.278856 0.367363 0.19035 0.303848 0.0725419 0.0885068 0.0298112 0.00710482
0.0906934 0.634079 0.704423 0.563736 0.275369 0.362465 0.188273 0.29609 0.0703435 0.0870959 0.0291051 0.00694706
0.0932603 0.626053 0.694221 0.557885 0.271871 0.35754 0.186202 0.288475 0.0681675 0.0856689 0.0283979 0.00679142
0.0958999 0.61808 0.684095 0.552064 0.268362 0.352588 0.184136 0.281001 0.0660151 0.0842261 0.0276902 0.00663786
0.0986142 0.610159 0.674046 0.546271 0.264841 0.347609 0.182073 0.273665 0.0638874 0.0827679 0.0269825 0.00648636
0.101405 0.602289 0.664075 0.540504 0.261308 0.342602 0.180013 0.266466 0.0617858 0.0812946 0.0262755 0.0063369
0.104275 0.594471 0.654183 0.53476 0.257762 0.337569 0.177955 0.259401 0.0597113 0.0798069 0.0255695 0.00618946
0.107227 0.586704 0.644369 0.529039 0.254203 0.332508 0.175898 0.252469 0.0576652 0.0783051 0.0248653 0.00604402
0.110262 0.578986 0.634634 0.523337 0.25063 0.32742 0.17384 0.245667 0.0556485 0.0767899 0.0241634 0.00590056
0.113382 0.571317 0.624979 0.517654 0.247043 0.322305 0.171781 0.238995 0.0536624 0.0752619 0.0234643 0.00575906
0.116591 0.563695 0.615403 0.511987 0.243441 0.317163 0.169719 0.232449 0.0517079 0.0737217 0.0227687 0.00561951
0.119891 0.55612 0.605906 0.506333 0.239824 0.311994 0.167654 0.226028 0.0497861 0.0721699 0.0220771 0.00548189
0.123285 0.548589 0.596487 0.500691 0.236191 0.306799 0.165584 0.219731 0.0478979 0.0706074 0.0213901 0.00534618
0.126774 0.541102 0.587146 0.495057 0.232542 0.301577 0.163507 0.213554 0.0460443 0.0690348 0.0207084 0.00521238
0.130362 0.533655 0.577882 0.489429 0.228876 0.296329 0.161423 0.207498 0.0442262 0.0674531 0.0200324 0.00508046
0.134052 0.526249 0.568693 0.483804 0.225192 0.291055 0.159329 0.201559 0.0424443 0.065863 0.0193628 0.00495041
0.137846 0.518879 0.559579 0.47818 0.221491 0.285756 0.157225 0.195736 0.0406996 0.0642654 0.0187001 0.00482224
0.141747 0.511545 0.550537 0.472552 0.21777 0.280432 0.155109 0.190027 0.0389926 0.0626614 0.0180449 0.00469591
0.145759 0.504242 0.541567 0.466918 0.21403 0.275082 0.152979 0.184431 0.0373243 0.0610519 0.0173978 0.00457144
0.149885 0.496969 0.532664 0.461274 0.210271 0.269708 0.150833 0.178946 0.035695 0.0594378 0.0167593 0.0044488
0.154127 0.489723 0.523828 0.455617 0.20649 0.26431 0.148669 0.17357 0.0341054 0.0578204 0.0161299 0.00432799
0.158489 0.482499 0.515055 0.449943 0.202688 0.258889 0.146487 0.168302 0.032556 0.0562007 0.0155101 0.00420899
0.162975 0.475294 0.506341 0.444247 0.198864 0.253444 0.144284 0.163139 0.0310473 0.0545799 0.0149005 0.00409182
0.167588 0.468105 0.497684 0.438525 0.195017 0.247976 0.142057 0.158081 0.0295796 0.0529593 0.0143015 0.00397645
0.172331 0.460927 0.48908 0.432774 0.191146 0.242486 0.139806 0.153126 0.0281532 0.05134 0.0137135 0.00386288
0.177209 0.453755 0.480524 0.426987 0.187251 0.236974 0.137527 0.148272 0.0267683 0.0497233 0.013137 0.0037511
0.182224 0.446586 0.472011 0.42116 0.18333 0.231441 0.135219 0.143518 0.0254253 0.0481105 0.0125724 0.00364112
0.187382 0.439413 0.463537 0.415289 0.179383 0.225887 0.13288 0.138862 0.0241241 0.0465031 0.0120201 0.00353291
0.192685 0.432231 0.455096 0.409366 0.17541 0.220312 0.130507 0.134302 0.0228647 0.0449025 0.0114804 0.00342648
0.198139 0.425034 0.446682 0.403387 0.171409 0.214719 0.128099 0.129838 0.0216473 0.0433099 0.0109537 0.00332182
0.203747 0.417817 0.438289 0.397345 0.167379 0.209106 0.125652 0.125468 0.0204716 0.041727 0.0104402 0.00321891
0.209514 0.410572 0.42991 0.391234 0.16332 0.203475 0.123165 0.12119 0.0193376 0.0401551 0.00994018 0.00311775
0.215443 0.403292 0.421537 0.385047 0.159231 0.197826 0.120635 0.117003 0.018245 0.0385958 0.00945395 0.00301834
0.221541 0.395971 0.413164 0.378778 0.155111 0.192161 0.11806 0.112906 0.0171935 0.0370505 0.00898166 0.00292065
0.227812 0.3886 0.404782 0.372417 0.15096 0.186481 0.115439 0.108896 0.0161827 0.0355209 0.00852348 0.00282467
0.234259 0.38117 0.396382 0.365958 0.146777 0.180785 0.112768 0.104973 0.0152124 0.0340084 0.00807955 0.00273039
0.24089 0.373674 0.387955 0.359392 0.142561 0.175076 0.110047 0.101135 0.014282 0.0325146 0.00764996 0.00263779
0.247708 0.3661 0.379491 0.352709 0.138313 0.169354 0.107272 0.0973811 0.0133909 0.031041 0.00723477 0.00254685
0.254719 0.358441 0.370979 0.345902 0.134032 0.163621 0.104443 0.0937092 0.0125386 0.0295893 0.00683401 0.00245754
0.261928 0.350684 0.362408 0.338959 0.129718 0.157879 0.101557 0.0901182 0.0117245 0.0281609 0.00644767 0.00236983
0.269341 0.342817 0.353765 0.331869 0.125371 0.152128 0.0986138 0.0866065 0.0109479 0.0267573 0.0060757 0.00228369
0.276965 0.334827 0.345035 0.324619 0.120991 0.146372 0.0956114 0.0831728 0.010208 0.0253801 0.00571801 0.00219906
0.284804 0.326696 0.3362 0.317192 0.116579 0.14061 0.0925485 0.0798158 0.00950407 0.0240307 0.00537448 0.00211588
0.292864 0.318401 0.327236 0.309566 0.112134 0.134844 0.0894229 0.0765343 0.00883529 0.0227107 0.00504495 0.00203406
0.301153 0.309899 0.3181 0.301698 0.107651 0.129073 0.0862297 0.0733274 0.00820079 0.0214215 0.00472916 0.00195347
0.309677 0.301065 0.308665 0.293465 0.103114 0.123279 0.0829494 0.0701957 0.00759968 0.0201646 0.00442676 0.00187378
0.318442 0.292918 0.300298 0.285538 0.100033 0.11973 0.0803358 0.0690323 0.00738016 0.0196971 0.00431499 0.00184292
0.321833 0.28979 0.296957 0.282622 0.098382 0.117621 0.0791428 0.0678905 0.00716745 0.0192392 0.00420624 0.00181255
0.325224 0.286674 0.293636 0.279713 0.0967463 0.115537 0.0779554 0.0667696 0.00696129 0.0187908 0.00410044 0.00178266
0.328614 0.283571 0.290333 0.27681 0.0951256 0.113477 0.0767739 0.0656692 0.00676147 0.0183517 0.00399748 0.00175325
0.332005 0.280479 0.287047 0.273912 0.0935199 0.111442 0.0755982 0.0645885 0.00656775 0.0179217 0.00389728 0.00172428
0.335396 0.277399 0.283779 0.271019 0.0919291 0.10943 0.0744285 0.063527 0.00637992 0.0175007 0.00379975 0.00169576
0.338787 0.274329 0.280527 0.268131 0.0903531 0.107441 0.0732648 0.0624841 0.00619779 0.0170884 0.0037048 0.00166766
0.342178 0.27127 0.277291 0.265249 0.0887918 0.105476 0.0721072 0.0614593 0.00602116 0.0166846 0.00361237 0.00163999
0.345569 0.268221 0.274071 0.262371 0.0872453 0.103535 0.0709559 0.0604521 0.00584984 0.0162894 0.00352236 0.00161273
0.348959 0.265181 0.270865 0.259498 0.0857133 0.101616 0.069811 0.0594619 0.00568365 0.0159023 0.0034347 0.00158586
0.35235 0.262151 0.267674 0.256629 0.0841959 0.0997193 0.0686725 0.0584884 0.00552242 0.0155234 0.00334933 0.00155939
0.355741 0.259131 0.264497 0.253765 0.0826931 0.0978455 0.0675407 0.057531 0.00536597 0.0151524 0.00326617 0.00153329
0.359132 0.256119 0.261333 0.250905 0.0812047 0.0959939 0.0664155 0.0565893 0.00521415 0.0147892 0.00318515 0.00150756
0.362523 0.253115 0.258182 0.248049 0.0797309 0.0941645 0.0652972 0.0556629 0.00506681 0.0144336 0.00310622 0.0014822
0.365914 0.250121 0.255045 0.245197 0.0782714 0.0923569 0.0641858 0.0547513 0.00492379 0.0140856 0.0030293 0.00145719
0.369305 0.247135 0.25192 0.24235 0.0768264 0.0905712 0.0630815 0.0538542 0.00478496 0.0137448 0.00295434 0.00143252
0.372695 0.244157 0.248807 0.239506 0.0753958 0.0888071 0.0619845 0.0529712 0.00465016 0.0134113 0.00288128 0.0014082
0.376086 0.241187 0.245706 0.236667 0.0739796 0.0870644 0.0608948 0.0521019 0.00451928 0.0130848 0.00281006 0.0013842
0.379477 0.238225 0.242617 0.233833 0.0725778 0.0853431 0.0598126 0.051246 0.00439219 0.0127652 0.00274063 0.00136053
0.382868 0.235271 0.23954 0.231002 0.0711905 0.0836429 0.058738 0.050403 0.00426875 0.0124524 0.00267293 0.00133717
0.386259 0.232325 0.236474 0.228176 0.0698175 0.0819638 0.0576712 0.0495728 0.00414886 0.0121463 0.00260692 0.00131413
0.38965 0.229386 0.233419 0.225354 0.068459 0.0803057 0.0566123 0.0487549 0.00403239 0.0118467 0.00254254 0.00129139
0.39304 0.226456 0.230375 0.222537 0.0671149 0.0786684 0.0555614 0.0479491 0.00391924 0.0115535 0.00247974 0.00126895
0.396431 0.223533 0.227342 0.219724 0.0657853 0.0770518 0.0545187 0.0471551 0.00380931 0.0112666 0.00241849 0.0012468
0.399822 0.220618 0.224321 0.216916 0.0644701 0.0754559 0.0534843 0.0463726 0.00370248 0.0109858 0.00235874 0.00122493
0.403213 0.217711 0.22131 0.214113 0.0631694 0.0738804 0.0524583 0.0456013 0.00359867 0.010711 0.00230044 0.00120335
0.406604 0.214812 0.21831 0.211314 0.0618831 0.0723254 0.0514409 0.044841 0.00349777 0.0104422 0.00224355 0.00118204
0.409995 0.211921 0.215321 0.208521 0.0606115 0.0707906 0.0504323 0.0440913 0.0033997 0.0101792 0.00218803 0.00116101
0.413385 0.209038 0.212342 0.205734 0.0593543 0.0692761 0.0494325 0.0433522 0.00330437 0.00992182 0.00213385 0.00114025
0.416776 0.206163 0.209375 0.202951 0.0581117 0.0677818 0.0484417 0.0426232 0.00321168 0.00967005 0.00208096 0.00111974
0.420167 0.203297 0.206418 0.200175 0.0568837 0.0663075 0.04746 0.0419043 0.00312157 0.00942374 0.00202933 0.0010995
0.423558 0.200438 0.203472 0.197405 0.0556703 0.0648531 0.0464876 0.0411951 0.00303395 0.00918279 0.00197893 0.00107951
0.426949 0.197589 0.200538 0.19464 0.0544716 0.0634187 0.0455245 0.0404955 0.00294874 0.0089471 0.00192972 0.00105977
0.43034 0.194748 0.197614 0.191882 0.0532875 0.062004 0.0445709 0.0398053 0.00286588 0.00871655 0.00188167 0.00104028
0.43373 0.191916 0.194702 0.189131 0.0521181 0.0606091 0.043627 0.0391243 0.00278528 0.00849107 0.00183475 0.00102103
0.437121 0.189094 0.191801 0.186387 0.0509634 0.0592339 0.0426928 0.0384522 0.00270689 0.00827053 0.00178893 0.00100202
0.440512 0.18628 0.188911 0.18365 0.0498234 0.0578782 0.0417685 0.037789 0.00263063 0.00805486 0.00174417 0.000983251
0.443903 0.183477 0.186033 0.18092 0.0486981 0.0565421 0.0408542 0.0371345 0.00255644 0.00784394 0.00170045 0.000964715
0.447294 0.180683 0.183167 0.178198 0.0475877 0.0552254 0.03995 0.0364884 0.00248426 0.0076377 0.00165774 0.000946409
0.450685 0.177899 0.180313 0.175485 0.046492 0.053928 0.0390559 0.0358506 0.00241403 0.00743603 0.00161602 0.000928332
0.454075 0.175125 0.177471 0.172779 0.0454111 0.0526499 0.0381722 0.0352211 0.0023457 0.00723886 0.00157526 0.00091048
0.457466 0.172362 0.174641 0.170083 0.044345 0.0513911 0.0372989 0.0345995 0.0022792 0.00704608 0.00153543 0.000892852
0.460857 0.16961 0.171824 0.167395 0.0432937 0.0501513 0.0364361 0.0339858 0.00221448 0.00685762 0.00149652 0.000875444
0.464248 0.166869 0.16902 0.164717 0.0422573 0.0489307 0.0355839 0.0333799 0.0021515 0.00667339 0.00145849 0.000858255
0.467639 0.164139 0.166229 0.162049 0.0412357 0.047729 0.0347424 0.0327816 0.0020902 0.00649331 0.00142133 0.000841282
0.47103 0.161421 0.163452 0.15939 0.0402289 0.0465462 0.0339116 0.0321909 0.00203053 0.00631729 0.001385 0.000824524
0.47442 0.158715 0.160688 0.156743 0.039237 0.0453823 0.0330918 0.0316074 0.00197245 0.00614527 0.00134951 0.000807977
0.477811 0.156022 0.157938 0.154106 0.03826 0.0442371 0.0322828 0.0310313 0.00191591 0.00597715 0.00131481 0.000791641
0.481202 0.153341 0.155202 0.15148 0.0372978 0.0431106 0.0314849 0.0304623 0.00186087 0.00581286 0.00128089 0.000775513
0.484593 0.150673 0.152481 0.148866 0.0363504 0.0420027 0.030698 0.0299004 0.00180728 0.00565233 0.00124774 0.000759592
0.487984 0.148019 0.149774 0.146264 0.0354178 0.0409133 0.0299223 0.0293454 0.00175511 0.00549548 0.00121534 0.000743876
0.491375 0.145379 0.147083 0.143674 0.0345001 0.0398423 0.0291578 0.0287973 0.00170431 0.00534224 0.00118365 0.000728363
0.494765 0.142753 0.144407 0.141098 0.0335971 0.0387897 0.0284046 0.028256 0.00165485 0.00519254 0.00115268 0.000713053
0.498156 0.140141 0.141748 0.138534 0.0327089 0.0377552 0.0276626 0.0277213 0.00160669 0.00504631 0.00112241 0.000697943
0.501547 0.137544 0.139104 0.135984 0.0318355 0.036739 0.026932 0.0271933 0.0015598 0.00490348 0.0010928 0.000683032
0.504938 0.134963 0.136477 0.133449 0.0309768 0.0357408 0.0262128 0.0266717 0.00151413 0.00476399 0.00106386 0.000668318
0.508329 0.132397 0.133867 0.130927 0.0301328 0.0347605 0.025505 0.0261566 0.00146967 0.00462776 0.00103557 0.000653802
0.51172 0.129847 0.131274 0.128421 0.0293034 0.0337982 0.0248087 0.0256479 0.00142637 0.00449474 0.0010079 0.00063948
0.51511 0.127314 0.128698 0.12593 0.0284887 0.0328535 0.0241238 0.0251455 0.0013842 0.00436486 0.000980857 0.000625353
0.518501 0.124798 0.126141 0.123455 0.0276885 0.0319265 0.0234504 0.0246493 0.00134313 0.00423806 0.000954412 0.000611419
0.521892 0.122299 0.123602 0.120996 0.0269028 0.0310171 0.0227885 0.0241592 0.00130314 0.00411427 0.000928557 0.000597677
0.525283 0.119818 0.121082 0.118553 0.0261316 0.0301251 0.0221382 0.0236753 0.00126419 0.00399344 0.000903279 0.000584126
0.528674 0.117355 0.118581 0.116128 0.0253748 0.0292504 0.0214993 0.0231975 0.00122626 0.00387551 0.000878565 0.000570764
0.532065 0.11491 0.116099 0.113721 0.0246324 0.0283928 0.020872 0.0227256 0.00118933 0.00376042 0.000854402 0.000557592
0.535455 0.112484 0.113638 0.111331 0.0239043 0.0275524 0.0202562 0.0222597 0.00115336 0.00364811 0.00083078 0.000544607
0.538846 0.110078 0.111197 0.10896 0.0231904 0.0267289 0.0196519 0.0217997 0.00111833 0.00353853 0.000807686 0.000531809
0.542237 0.107692 0.108776 0.106608 0.0224906 0.0259222 0.019059 0.0213455 0.00108421 0.00343162 0.000785109 0.000519198
0.545628 0.105326 0.106377 0.104275 0.0218049 0.0251323 0.0184776 0.0208971 0.00105099 0.00332734 0.000763039 0.000506771
0.549019 0.10298 0.103999 0.101962 0.0211332 0.0243589 0.0179076 0.0204545 0.00101864 0.00322562 0.000741464 0.000494529
0.55241 0.100656 0.101643 0.0996685 0.0204755 0.0236019 0.017349 0.0200176 0.000987138 0.00312641 0.000720376 0.000482471
0.5558 0.0983527 0.0993091 0.0973962 0.0198315 0.0228612 0.0168018 0.0195864 0.000956463 0.00302968 0.000699763 0.000470595
0.559191 0.0960716 0.0969982 0.095145 0.0192013 0.0221366 0.0162659 0.0191608 0.000926594 0.00293536 0.000679617 0.000458901
0.562582 0.0938128 0.0947103 0.0929152 0.0185847 0.0214281 0.0157413 0.0187408 0.000897511 0.0028434 0.000659927 0.000447387
0.565973 0.0915766 0.0924458 0.0907074 0.0179816 0.0207353 0.0152278 0.0183264 0.000869195 0.00275376 0.000640686 0.000436054
0.569364 0.0893636 0.0902052 0.088522 0.0173919 0.0200583 0.0147255 0.0179175 0.000841626 0.0026664 0.000621883 0.000424901
0.572755 0.0871741 0.0879889 0.0863593 0.0168156 0.0193968 0.0142343 0.0175141 0.000814787 0.00258126 0.000603511 0.000413925
0.576146 0.0850085 0.0857971 0.0842198 0.0162524 0.0187507 0.0137541 0.0171162 0.00078866 0.0024983 0.00058556 0.000403128
0.579536 0.0828671 0.0836303 0.0821039 0.0157024 0.0181198 0.0132849 0.0167237 0.000763227 0.00241747 0.000568023 0.000392507
0.582927 0.0807505 0.0814889 0.080012 0.0151653 0.017504 0.0128265 0.0163367 0.000738471 0.00233874 0.000550892 0.000382062
0.586318 0.0786588 0.0793732 0.0779444 0.014641 0.0169031 0.012379 0.015955 0.000714376 0.00226206 0.000534159 0.000371792
0.589709 0.0765926 0.0772835 0.0759016 0.0141295 0.0163169 0.0119421 0.0155787 0.000690927 0.00218738 0.000517817 0.000361697
0.5931 0.0745521 0.0752202 0.073884 0.0136305 0.0157452 0.0115158 0.0152077 0.000668107 0.00211467 0.000501857 0.000351775
0.596491 0.0725378 0.0731837 0.0718919 0.013144 0.0151879 0.0111001 0.0148421 0.000645903 0.00204388 0.000486274 0.000342026
0.599881 0.07055 0.0711743 0.0699257 0.0126698 0.0146448 0.0106948 0.0144817 0.000624298 0.00197498 0.000471059 0.000332449
0.603272 0.0685889 0.0691922 0.0679856 0.0122078 0.0141157 0.0102998 0.0141266 0.000603279 0.00190792 0.000456206 0.000323042
0.606663 0.066655 0.0672378 0.0660722 0.0117577 0.0136004 0.00991508 0.0137767 0.000582833 0.00184267 0.000441709 0.000313805
0.610054 0.0647485 0.0653114 0.0641856 0.0113196 0.0130988 0.00954043 0.0134321 0.000562945 0.00177919 0.00042756 0.000304737
0.613445 0.0628698 0.0634134 0.0623262 0.0108932 0.0126106 0.00917577 0.0130926 0.000543604 0.00171743 0.000413754 0.000295838
0.616836 0.0610191 0.0615439 0.0604943 0.0104784 0.0121357 0.00882099 0.0127584 0.000524795 0.00165738 0.000400284 0.000287105
0.620226 0.0591967 0.0597032 0.0586902 0.010075 0.0116739 0.00847598 0.0124292 0.000506506 0.00159898 0.000387144 0.000278539
0.623617 0.057403 0.0578917 0.0569142 0.00968281 0.011225 0.0081406 0.0121052 0.000488727 0.00154221 0.000374327 0.000270138
0.627008 0.0556381 0.0561095 0.0551666 0.00930176 0.0107888 0.00781473 0.0117864 0.000471444 0.00148703 0.000361829 0.000261901
0.630399 0.0539023 0.0543569 0.0534476 0.00893165 0.010365 0.00749825 0.0114726 0.000454646 0.0014334 0.000349643 0.000253827
0.63379 0.0521958 0.0526341 0.0517574 0.00857231 0.0099536 0.00719102 0.0111639 0.000438322 0.00138129 0.000337764 0.000245915
0.637181 0.0505188 0.0509413 0.0500963 0.00822358 0.00955425 0.0068929 0.0108602 0.000422462 0.00133067 0.000326186 0.000238163
0.640571 0.0488716 0.0492786 0.0484645 0.00788529 0.0091668 0.00660377 0.0105616 0.000407054 0.00128151 0.000314904 0.000230572
0.643962 0.0472543 0.0476463 0.0468622 0.00755726 0.00879104 0.00632349 0.010268 0.000392088 0.00123378 0.000303912 0.000223139
0.647353 0.045667 0.0460446 0.0452895 0.00723933 0.00842677 0.0060519 0.00997939 0.000377554 0.00118743 0.000293205 0.000215864
0.650744 0.04411 0.0444735 0.0437466 0.00693133 0.00807378 0.00578888 0.00969573 0.000363443 0.00114245 0.000282778 0.000208746
0.654135 0.0425834 0.0429331 0.0422336 0.00663307 0.00773188 0.00553426 0.00941703 0.000349743 0.00109881 0.000272626 0.000201782
0.657526 0.0410872 0.0414237 0.0407508 0.00634438 0.00740085 0.00528792 0.00914324 0.000336447 0.00105646 0.000262745 0.000194972
0.660916 0.0396217 0.0399452 0.0392981 0.00606509 0.00708048 0.00504969 0.00887437 0.000323545 0.00101539 0.000253128 0.000188315
0.664307 0.0381868 0.0384978 0.0378758 0.00579501 0.00677058 0.00481944 0.00861037 0.000311027 0.000975571 0.000243771 0.000181809
0.667698 0.0367827 0.0370815 0.0364838 0.00553396 0.00647093 0.004597 0.00835123 0.000298886 0.000936965 0.00023467 0.000175453
0.671089 0.0354093 0.0356964 0.0351222 0.00528178 0.00618133 0.00438223 0.00809693 0.000287111 0.000899549 0.00022582 0.000169245
0.67448 0.0340667 0.0343424 0.033791 0.00503827 0.00590156 0.00417497 0.00784743 0.000275696 0.000863296 0.000217216 0.000163185
0.677871 0.032755 0.0330196 0.0324904 0.00480325 0.00563143 0.00397507 0.00760273 0.000264631 0.000828179 0.000208853 0.000157271
0.681261 0.0314741 0.031728 0.0312202 0.00457655 0.00537072 0.00378237 0.00736279 0.000253909 0.000794172 0.000200728 0.000151501
0.684652 0.030224 0.0304676 0.0299805 0.00435797 0.00511922 0.00359672 0.00712758 0.000243521 0.00076125 0.000192836 0.000145874
0.688043 0.0290047 0.0292381 0.0287712 0.00414735 0.00487674 0.00341797 0.00689708 0.00023346 0.000729386 0.000185172 0.000140389
0.691434 0.027816 0.0280397 0.0275923 0.00394451 0.00464306 0.00324595 0.00667127 0.000223719 0.000698555 0.000177732 0.000135043
0.694825 0.0266579 0.0268722 0.0264436 0.00374925 0.00441798 0.00308051 0.00645011 0.000214289 0.000668735 0.000170512 0.000129836
0.698216 0.0255303 0.0257355 0.0253251 0.0035614 0.0042013 0.0029215 0.00623358 0.000205164 0.000639899 0.000163508 0.000124766
0.701606 0.0244331 0.0246294 0.0242367 0.00338078 0.0039928 0.00276875 0.00602165 0.000196336 0.000612026 0.000156715 0.000119831
0.704997 0.023366 0.0235538 0.0231782 0.0032072 0.00379229 0.00262211 0.00581429 0.000187799 0.000585091 0.000150129 0.00011503
0.708388 0.0223291 0.0225086 0.0221495 0.0030405 0.00359958 0.00248143 0.00561147 0.000179545 0.000559071 0.000143747 0.000110361
0.711779 0.0213219 0.0214935 0.0211504 0.0028805 0.00341444 0.00234655 0.00541316 0.000171568 0.000533945 0.000137565 0.000105822
0.71517 0.0203445 0.0205084 0.0201806 0.00272701 0.0032367 0.00221732 0.00521932 0.000163861 0.00050969 0.000131577 0.000101412
0.718561 0.0193965 0.0195529 0.0192401 0.00257986 0.00306614 0.00209358 0.00502993 0.000156417 0.000486284 0.000125782 9.71293e-05
0.721951 0.0184777 0.0186269 0.0183284 0.00243888 0.00290259 0.00197517 0.00484495 0.000149231 0.000463706 0.000120173 9.29715e-05
0.725342 0.0175878 0.0177301 0.0174455 0.0023039 0.00274583 0.00186196 0.00466434 0.000142296 0.000441936 0.000114749 8.89373e-05
0.728733 0.0167266 0.0168622 0.016591 0.00217473 0.00259569 0.00175378 0.00448807 0.000135605 0.000420951 0.000109504 8.50248e-05
0.732124 0.0158937 0.0160229 0.0157646 0.00205123 0.00245196 0.00165049 0.00431611 0.000129154 0.000400733 0.000104436 8.12322e-05
0.735515 0.0150889 0.0152119 0.014966 0.0019332 0.00231447 0.00155194 0.00414842 0.000122935 0.000381262 9.95401e-05 7.75578e-05
0.738906 0.0143118 0.0144288 0.0141949 0.0018205 0.00218302 0.00145798 0.00398495 0.000116943 0.000362517 9.48129e-05 7.39997e-05
0.742296 0.0135621 0.0136732 0.0134509 0.00171295 0.00205743 0.00136847 0.00382568 0.000111172 0.00034448 9.02509e-05 7.05561e-05
0.745687 0.0128393 0.0129449 0.0127337 0.00161039 0.00193753 0.00128326 0.00367055 0.000105617 0.000327131 8.58503e-05 6.72251e-05
0.749078 0.0121431 0.0122434 0.0120429 0.00151267 0.00182312 0.00120222 0.00351954 0.000100272 0.000310452 8.16076e-05 6.40047e-05
0.752469 0.0114732 0.0115683 0.011378 0.00141962 0.00171404 0.00112519 0.0033726 9.51313e-05 0.000294426 7.75192e-05 6.08932e-05
0.75586 0.010829 0.0109192 0.0107388 0.00133108 0.00161011 0.00105205 0.00322969 9.019e-05 0.000279033 7.35816e-05 5.78886e-05
0.759251 0.0102102 0.0102956 0.0101247 0.00124691 0.00151116 0.000982653 0.00309076 8.54427e-05 0.000264256 6.97914e-05 5.4989e-05
0.762641 0.00961622 0.00969711 0.00953534 0.00116695 0.00141703 0.00091687 0.00295577 8.08841e-05 0.000250078 6.6145e-05 5.21924e-05
0.766032 0.00904674 0.00912325 0.00897023 0.00109105 0.00132753 0.000854569 0.00282468 7.65091e-05 0.000236482 6.2639e-05 4.94969e-05
0.769423 0.00850122 0.00857354 0.00842891 0.00101907 0.00124252 0.000795618 0.00269743 7.23127e-05 0.000223452 5.92701e-05 4.69006e-05
0.772814 0.00797919 0.00804748 0.0079109 0.000950861 0.00116183 0.000739891 0.002574 6.82901e-05 0.00021097 5.60349e-05 4.44013e-05
0.776205 0.00748014 0.00754458 0.00741571 0.000886283 0.0010853 0.000687262 0.00245432 6.44363e-05 0.000199021 5.293e-05 4.19973e-05
0.779596 0.00700357 0.00706431 0.00694282 0.000825197 0.00101279 0.000637608 0.00233835 6.07465e-05 0.000187589 4.99522e-05 3.96864e-05
0.782986 0.00654895 0.00660617 0.00649174 0.000767468 0.000944127 0.000590809 0.00222604 5.7216e-05 0.000176659 4.70981e-05 3.74667e-05
0.786377 0.00611576 0.0061696 0.00606192 0.000712962 0.000879176 0.000546748 0.00211734 5.38403e-05 0.000166214 4.43646e-05 3.53362e-05
0.789768 0.00570346 0.00575407 0.00565284 0.000661549 0.00081779 0.000505309 0.0020122 5.06147e-05 0.000156241 4.17485e-05 3.32929e-05
0.793159 0.0053115 0.00535904 0.00526397 0.000613102 0.000759825 0.000466378 0.00191057 4.75348e-05 0.000146723 3.92465e-05 3.13347e-05
0.79655 0.00493934 0.00498393 0.00489474 0.000567495 0.000705144 0.000429847 0.00181239 4.45962e-05 0.000137648 3.68555e-05 2.94597e-05
0.799941 0.00458641 0.0046282 0.00454461 0.000524607 0.000653608 0.000395606 0.00171762 4.17945e-05 0.000129001 3.45725e-05 2.76658e-05
0.803332 0.00425214 0.00429127 0.00421302 0.00048432 0.000605088 0.000363552 0.0016262 3.91255e-05 0.000120768 3.23943e-05 2.59511e-05
0.806722 0.00393598 0.00397256 0.00389939 0.000446518 0.000559453 0.000333583 0.00153808 3.65849e-05 0.000112935 3.03179e-05 2.43135e-05
0.810113 0.00363734 0.00367151 0.00360318 0.000411087 0.000516575 0.000305598 0.0014532 3.41688e-05 0.000105489 2.83403e-05 2.27509e-05
0.813504 0.00335567 0.00338754 0.00332379 0.000377918 0.000476334 0.000279502 0.0013715 3.18729e-05 9.84163e-05 2.64586e-05 2.12614e-05
0.816895 0.00309037 0.00312006 0.00306067 0.000346904 0.000438609 0.000255199 0.00129293 2.96933e-05 9.17048e-05 2.46696e-05 1.98431e-05
0.820286 0.00284086 0.00286849 0.00281324 0.000317941 0.000403283 0.0002326 0.00121744 2.76261e-05 8.53416e-05 2.29707e-05 1.84938e-05
0.823677 0.00260659 0.00263226 0.00258093 0.000290929 0.000370243 0.000211615 0.00114496 2.56675e-05 7.93144e-05 2.13588e-05 1.72115e-05
0.827067 0.00238697 0.00241079 0.00236316 0.00026577 0.000339381 0.000192159 0.00107544 2.38136e-05 7.36109e-05 1.98312e-05 1.59944e-05
0.830458 0.00218143 0.00220349 0.00215937 0.000242368 0.000310588 0.000174149 0.00100882 2.20607e-05 6.82194e-05 1.8385e-05 1.48404e-05
0.833849 0.00198939 0.00200979 0.00196898 0.000220633 0.000283761 0.000157504 0.000945037 2.04052e-05 6.31282e-05 1.70175e-05 1.37476e-05
0.83724 0.00181029 0.00182913 0.00179145 0.000200474 0.0002588 0.000142148 0.000884034 1.88434e-05 5.83258e-05 1.57259e-05 1.27139e-05
0.840631 0.00164357 0.00166094 0.0016262 0.000181807 0.000235608 0.000128006 0.00082575 1.73719e-05 5.38012e-05 1.45075e-05 1.17376e-05
0.844022 0.00148868 0.00150466 0.00147269 0.000164548 0.000214092 0.000115005 0.000770124 1.59872e-05 4.95434e-05 1.33597e-05 1.08165e-05
0.847412 0.00134505 0.00135974 0.00133037 0.000148618 0.00019416 0.000103076 0.000717096 1.46859e-05 4.55418e-05 1.22798e-05 9.94881e-06
0.850803 0.00121216 0.00122562 0.0011987 0.000133939 0.000175725 9.21534e-05 0.000666603 1.34647e-05 4.17858e-05 1.12653e-05 9.13264e-06
0.854194 0.00108946 0.00110178 0.00107714 0.000120437 0.000158702 8.2172e-05 0.000618584 1.23202e-05 3.82653e-05 1.03137e-05 8.36608e-06
0.857585 0.000976439 0.000987688 0.00096519 0.000108041 0.000143011 7.30709e-05 0.000572977 1.12493e-05 3.49702e-05 9.42227e-06 7.64727e-06
0.860976 0.000872569 0.000882818 0.000862321 9.66819e-05 0.000128573 6.47912e-05 0.000529717 1.02489e-05 3.18907e-05 8.58873e-06 6.97437e-06
0.864367 0.000777351 0.000786666 0.000768035 8.62941e-05 0.000115312 5.72767e-05 0.000488744 9.3158e-06 2.90174e-05 7.81059e-06 6.34553e-06
0.867757 0.000690288 0.000698735 0.000681841 7.68146e-05 0.000103156 5.04737e-05 0.000449993 8.44708e-06 2.63409e-05 7.08548e-06 5.75896e-06
0.871148 0.0006109 0.000618539 0.00060326 6.8183e-05 9.20351e-05 4.43309e-05 0.0004134 7.63977e-06 2.38521e-05 6.41105e-06 5.21287e-06
0.874539 0.000538715 0.000545606 0.000531824 6.03416e-05 8.18837e-05 3.87995e-05 0.000378902 6.89098e-06 2.15421e-05 5.785e-06 4.7055e-06
0.87793 0.000473278 0.000479476 0.00046708 5.32353e-05 7.26376e-05 3.3833e-05 0.000346435 6.19789e-06 1.94023e-05 5.20507e-06 4.23511e-06
0.881321 0.000414144 0.000419702 0.000408586 4.68116e-05 6.42357e-05 2.93875e-05 0.000315935 5.55775e-06 1.74241e-05 4.66904e-06 3.8e-06
0.884712 0.000360885 0.000365853 0.000355917 4.10204e-05 5.66198e-05 2.5421e-05 0.000287338 4.96787e-06 1.55994e-05 4.17476e-06 3.39847e-06
0.888102 0.000313084 0.00031751 0.000308659 3.58141e-05 4.97343e-05 2.1894e-05 0.000260579 4.42562e-06 1.39202e-05 3.72008e-06 3.02887e-06
0.891493 0.000270343 0.000274272 0.000266415 3.11477e-05 4.35262e-05 1.87691e-05 0.000235594 3.92843e-06 1.23786e-05 3.30294e-06 2.68957e-06
0.894884 0.000232277 0.00023575 0.000228803 2.69782e-05 3.79452e-05 1.60112e-05 0.000212318 3.47382e-06 1.0967e-05 2.9213e-06 2.37898e-06
0.898275 0.000198515 0.000201575 0.000195456 2.32651e-05 3.29433e-05 1.3587e-05 0.000190688 3.05934e-06 9.67816e-06 2.57317e-06 2.09553e-06
0.901666 0.000168706 0.000171389 0.000166023 1.99703e-05 2.84751e-05 1.14655e-05 0.000170639 2.68264e-06 8.50481e-06 2.25662e-06 1.83768e-06
0.905057 0.000142511 0.000144852 0.00014017 1.70576e-05 2.44976e-05 9.61756e-06 0.000152107 2.34142e-06 7.44e-06 1.96976e-06 1.60394e-06
0.908447 0.00011961 0.000121643 0.000117576 1.4493e-05 2.097e-05 8.01595e-06 0.000135028 2.03344e-06 6.47701e-06 1.71075e-06 1.39283e-06
0.911838 9.96976e-05 0.000101454 9.79411e-05 1.22446e-05 1.78538e-05 6.63529e-06 0.000119339 1.75653e-06 5.60927e-06 1.4778e-06 1.20292e-06
0.915229 8.24862e-05 8.39948e-05 8.09776e-05 1.02825e-05 1.51129e-05 5.45198e-06 0.000104975 1.50859e-06 4.83047e-06 1.26916e-06 1.03283e-06
0.91862 6.77039e-05 6.89915e-05 6.64163e-05 8.57867e-06 1.27131e-05 4.44419e-06 9.18746e-05 1.28758e-06 4.13448e-06 1.08316e-06 8.81182e-07
0.922011 5.50953e-05 5.61869e-05 5.40038e-05 7.10709e-06 1.06225e-05 3.59171e-06 7.99742e-05 1.09155e-06 3.51538e-06 9.18155e-07 7.46667e-07
0.925402 4.44214e-05 4.534e-05 4.35028e-05 5.84342e-06 8.81088e-06 2.87597e-06 6.92115e-05 9.18596e-07 2.96745e-06 7.72562e-07 6.28001e-07
0.928792 3.54595e-05 3.62263e-05 3.46926e-05 4.76512e-06 7.25032e-06 2.27992e-06 5.95248e-05 7.6688e-07 2.4852e-06 6.44855e-07 5.23945e-07
0.932183 2.80027e-05 2.86373e-05 2.7368e-05 3.8513e-06 5.91463e-06 1.78797e-06 5.08527e-05 6.34643e-07 2.06333e-06 5.33558e-07 4.333e-07
0.935574 2.18599e-05 2.23801e-05 2.13397e-05 3.08271e-06 4.77945e-06 1.38597e-06 4.31348e-05 5.20195e-07 1.69674e-06 4.37252e-07 3.5491e-07
0.938965 1.68556e-05 1.72776e-05 1.64337e-05 2.44164e-06 3.82219e-06 1.06109e-06 3.63109e-05 4.2191e-07 1.38055e-06 3.54574e-07 2.87661e-07
0.942356 1.28295e-05 1.31677e-05 1.24912e-05 1.91187e-06 3.02195e-06 8.01794e-07 3.03221e-05 3.38237e-07 1.11008e-06 2.84217e-07 2.30485e-07
0.945747 9.6357e-06 9.90339e-06 9.36801e-06 1.4786e-06 2.35945e-06 5.97742e-07 2.51102e-05 2.67693e-07 8.80854e-07 2.24933e-07 1.82359e-07
0.949137 7.14299e-06 7.35185e-06 6.93412e-06 1.12837e-06 1.81699e-06 4.39755e-07 2.06181e-05 2.08868e-07 6.88616e-07 1.75531e-07 1.42307e-07
0.952528 5.23389e-06 5.39431e-06 5.07346e-06 8.49041e-07 1.37835e-06 3.19733e-07 1.67901e-05 1.60422e-07 5.29309e-07 1.3488e-07 1.094e-07
0.955919 3.80436e-06 3.92545e-06 3.68327e-06 6.29683e-07 1.02877e-06 2.30597e-07 1.35717e-05 1.2109e-07 3.99087e-07 1.01909e-07 8.27563e-08
0.95931 2.76327e-06 2.85294e-06 2.67359e-06 4.60544e-07 7.54861e-07 1.66226e-07 1.09105e-05 8.96789e-08 2.94317e-07 7.56095e-08 6.15466e-08
0.962701 2.03185e-06 2.09692e-06 1.96678e-06 3.32982e-07 5.44561e-07 1.21402e-07 8.75638e-06 6.5071e-08 2.1158e-07 5.50335e-08 4.49907e-08
0.966092 1.54331e-06 1.58953e-06 1.49709e-06 2.39418e-07 3.87089e-07 9.17478e-08 7.06233e-06 4.62228e-08 1.4767e-07 3.92968e-08 3.23603e-08
0.969482 1.24241e-06 1.27458e-06 1.21025e-06 1.73294e-07 2.72896e-07 7.36914e-08 5.78576e-06 3.21671e-08 9.96023e-08 2.75793e-08 2.29799e-08
0.972873 1.08549e-06 1.1075e-06 1.06348e-06 1.29047e-07 1.93658e-07 6.44372e-08 4.89106e-06 2.20134e-08 6.46103e-08 1.91256e-08 1.62274e-08
0.976264 1.04109e-06 1.05604e-06 1.02614e-06 1.02144e-07 1.42298e-07 6.19898e-08 4.35456e-06 1.49484e-08 4.01539e-08 1.32455e-08 1.15348e-08
0.979655 1.09261e-06 1.10284e-06 1.08237e-06 8.92176e-08 1.13139e-07 6.52959e-08 4.17631e-06 1.02352e-08 2.39218e-08 9.31379e-09 8.38718e-09
0.983046 1.24704e-06 1.25425e-06 1.23983e-06 8.85943e-08 1.02429e-07 7.47596e-08 4.41231e-06 7.21039e-09 1.38347e-08 6.76603e-09 6.31868e-09
0.986437 1.56916e-06 1.57442e-06 1.56389e-06 1.02334e-07 1.10379e-07 9.42891e-08 5.28955e-06 5.26919e-09 8.04506e-09 5.08369e-09 4.89671e-09
0.989827 2.39269e-06 2.39648e-06 2.3889e-06 1.48937e-07 1.53845e-07 1.44029e-07 7.86401e-06 3.78828e-09 4.90822e-09 3.71375e-09 3.63853e-09
0.993218 1.25725e-05 1.25728e-05 1.25721e-05 7.61246e-07 7.64512e-07 7.57981e-07 4.70589e-05 3.84515e-10 3.26564e-09 1.93218e-10 2.11758e-22
4.2929e-314 inf inf inf inf inf inf 0.000144789 12.7848 0.424802 0.289587 0.209733
