9.72476e-05 8.38856 9.03061 7.74652 3.63974 4.08016 3.19933 18.1137 0.642042 0.440416 0.286737 0.277169
0.0001 8.3336 8.9728 7.6944 3.61554 4.05353 3.17755 17.9301 0.639201 0.437992 0.284339 0.274669
0.00010283 8.27919 8.91557 7.64282 3.59158 4.02717 3.156 17.748 0.636378 0.435585 0.281961 0.272187
0.000105741 8.22596 8.85953 7.59239 3.56813 4.00133 3.13494 17.5675 0.633573 0.433196 0.279601 0.269723
0.000108734 8.17108 8.80186 7.54029 3.54399 3.97482 3.11317 17.3885 0.630784 0.430825 0.277261 0.267277
0.000111811 8.11652 8.74453 7.4885 3.52 3.94847 3.09153 17.211 0.628013 0.428471 0.27494 0.264849
0.000114976 8.06225 8.68751 7.43699 3.49614 3.92228 3.07001 17.0351 0.625258 0.426135 0.272637 0.262438
0.00011823 8.0083 8.63082 7.38578 3.47243 3.89624 3.04861 16.8606 0.62252 0.423817 0.270353 0.260045
0.000121576 7.95466 8.57445 7.33486 3.44885 3.87037 3.02733 16.6876 0.619799 0.421516 0.268087 0.257669
0.000125017 7.90131 8.51841 7.28422 3.42541 3.84464 3.00618 16.5161 0.617094 0.419232 0.265841 0.255311
0.000128556 7.84827 8.46267 7.23386 3.40211 3.81907 2.98514 16.346 0.614406 0.416964 0.263612 0.252971
0.000132194 7.79553 8.40727 7.1838 3.37895 3.79366 2.96423 16.1774 0.611734 0.414715 0.261402 0.250647
0.000135936 7.74309 8.35217 7.13401 3.35592 3.7684 2.94344 16.0102 0.609078 0.412481 0.25921 0.248341
0.000139783 7.69094 8.29738 7.08451 3.33303 3.74329 2.92276 15.8445 0.606438 0.410265 0.257036 0.246051
0.000143739 7.6391 8.24292 7.03529 3.31027 3.71834 2.90221 15.6801 0.603814 0.408065 0.254881 0.243779
0.000147808 7.58755 8.18875 6.98634 3.28765 3.69353 2.88177 15.5172 0.601205 0.405882 0.252743 0.241523
0.000151991 7.53629 8.1349 6.93768 3.26516 3.66887 2.86145 15.3557 0.598612 0.403715 0.250623 0.239284
0.000156293 7.48532 8.08136 6.88929 3.2428 3.64437 2.84124 15.1956 0.596035 0.401564 0.24852 0.237062
0.000160717 7.43465 8.02812 6.84118 3.22058 3.62001 2.82115 15.0368 0.593473 0.39943 0.246436 0.234856
0.000165265 7.38426 7.97519 6.79334 3.19849 3.5958 2.80118 14.8794 0.590925 0.397311 0.244369 0.232666
0.000169943 7.33417 7.92256 6.74577 3.17653 3.57174 2.78132 14.7234 0.588394 0.395209 0.242319 0.230493
0.000174753 7.28436 7.87023 6.69848 3.1547 3.54782 2.76158 14.5687 0.585877 0.393122 0.240287 0.228336
0.000179699 7.23483 7.8182 6.65145 3.133 3.52405 2.74195 14.4154 0.583374 0.391051 0.238272 0.226195
0.000184785 7.18559 7.76648 6.6047 3.11143 3.50042 2.72243 14.2633 0.580887 0.388996 0.236274 0.22407
0.000190015 7.13662 7.71504 6.55821 3.08998 3.47694 2.70303 14.1127 0.578413 0.386956 0.234294 0.221961
0.000195393 7.08794 7.6639 6.51199 3.06867 3.4536 2.68374 13.9633 0.575955 0.384932 0.23233 0.219867
0.000200923 7.03954 7.61305 6.46603 3.04748 3.4304 2.66456 13.8152 0.57351 0.382923 0.230383 0.21779
0.00020661 6.99142 7.5625 6.42034 3.02642 3.40735 2.64549 13.6684 0.57108 0.38093 0.228453 0.215728
0.000212458 6.94357 7.51224 6.37491 3.00548 3.38443 2.62653 13.5229 0.568663 0.378951 0.22654 0.213681
0.000218471 6.89601 7.46227 6.32975 2.98467 3.36166 2.60769 13.3786 0.56626 0.376988 0.224644 0.21165
0.000224655 6.84871 7.41259 6.28484 2.96399 3.33903 2.58895 13.2356 0.563872 0.375039 0.222764 0.209634
0.000231013 6.80169 7.36318 6.24019 2.94342 3.31653 2.57032 13.0939 0.561496 0.373105 0.220901 0.207634
0.000237551 6.75494 7.31407 6.1958 2.92299 3.29417 2.5518 12.9534 0.559134 0.371186 0.219054 0.205648
0.000244275 6.70845 7.26524 6.15167 2.90267 3.27195 2.53339 12.8141 0.556786 0.369281 0.217223 0.203678
0.000251189 6.66224 7.21669 6.10779 2.88248 3.24987 2.51509 12.6761 0.55445 0.367391 0.215409 0.201722
0.000258298 6.61629 7.16842 6.06417 2.86241 3.22792 2.49689 12.5393 0.552128 0.365516 0.213611 0.199782
0.000265609 6.57061 7.12043 6.0208 2.84246 3.20611 2.4788 12.4037 0.549818 0.363654 0.211829 0.197856
0.000273126 6.5252 7.07272 5.97767 2.82262 3.18443 2.46082 12.2693 0.547522 0.361807 0.210062 0.195945
0.000280857 6.48005 7.02529 5.93481 2.80292 3.16289 2.44294 12.136 0.545238 0.359974 0.208312 0.194048
0.000288806 6.43516 6.97812 5.89219 2.78332 3.14148 2.42517 12.004 0.542966 0.358155 0.206578 0.192166
0.00029698 6.39052 6.93123 5.84982 2.76385 3.1202 2.4075 11.8731 0.540707 0.356349 0.204859 0.190298
0.000305386 6.34616 6.88462 5.8077 2.7445 3.09905 2.38994 11.7434 0.53846 0.354558 0.203156 0.188445
0.000314029 6.30204 6.83827 5.76582 2.72526 3.07804 2.37248 11.6148 0.536225 0.35278 0.201469 0.186606
0.000322917 6.25819 6.79219 5.72419 2.70614 3.05715 2.35512 11.4874 0.534001 0.351016 0.199797 0.184781
0.000332057 6.21459 6.74638 5.6828 2.68713 3.0364 2.33787 11.3611 0.53179 0.349265 0.19814 0.18297
0.000341455 6.17124 6.70083 5.64165 2.66824 3.01577 2.32072 11.236 0.529591 0.347527 0.196499 0.181173
0.000351119 6.12815 6.65555 5.60074 2.64947 2.99527 2.30367 11.1119 0.527402 0.345803 0.194873 0.17939
0.000361057 6.08531 6.61053 5.56008 2.63081 2.9749 2.28672 10.989 0.525226 0.344092 0.193263 0.177621
0.000371276 6.04272 6.56578 5.51966 2.61227 2.95466 2.26987 10.8672 0.52306 0.342394 0.191667 0.175865
0.000381784 6.00037 6.52128 5.47947 2.59383 2.93454 2.25312 10.7465 0.520906 0.340709 0.190087 0.174123
0.00039259 5.95828 6.47704 5.43952 2.57551 2.91455 2.23648 10.6268 0.518762 0.339037 0.188521 0.172395
0.000403702 5.91643 6.43306 5.3998 2.55731 2.89468 2.21993 10.5082 0.51663 0.337378 0.18697 0.17068
0.000415128 5.87483 6.38934 5.36032 2.53921 2.87494 2.20348 10.3907 0.514508 0.335731 0.185434 0.168978
0.000426877 5.83347 6.34586 5.32107 2.52122 2.85532 2.18713 10.2743 0.512396 0.334097 0.183913 0.16729
0.000438959 5.79235 6.30265 5.28206 2.50335 2.83583 2.17087 10.1589 0.510295 0.332475 0.182407 0.165615
0.000451383 5.75148 6.25968 5.24327 2.48558 2.81645 2.15472 10.0446 0.508204 0.330866 0.180915 0.163953
0.000464159 5.71084 6.21697 5.20472 2.46793 2.7972 2.13866 9.93129 0.506123 0.329269 0.179437 0.162305
0.000477296 5.67045 6.1745 5.1664 2.45038 2.77807 2.1227 9.81901 0.504052 0.327684 0.177974 0.160669
0.000490805 5.63029 6.13228 5.1283 2.43294 2.75905 2.10683 9.70777 0.501991 0.326112 0.176525 0.159046
0.000504697 5.59037 6.09031 5.09043 2.41561 2.74016 2.09106 9.59753 0.499939 0.324551 0.175091 0.157436
0.000518981 5.55068 6.04858 5.05279 2.39839 2.72139 2.07539 9.4883 0.497897 0.323002 0.17367 0.155839
0.00053367 5.51123 6.0071 5.01537 2.38127 2.70274 2.05981 9.38007 0.495864 0.321465 0.172264 0.154254
0.000548775 5.47201 5.96585 4.97817 2.36426 2.6842 2.04432 9.27283 0.49384 0.31994 0.170872 0.152682
0.000564307 5.43303 5.92485 4.9412 2.34735 2.66578 2.02893 9.16657 0.491826 0.318426 0.169494 0.151122
0.000580278 5.39427 5.88409 4.90445 2.33055 2.64748 2.01363 9.0613 0.48982 0.316923 0.168129 0.149575
0.000596702 5.35574 5.84356 4.86792 2.31386 2.62929 1.99842 8.95698 0.487823 0.315432 0.166779 0.148041
0.000613591 5.31744 5.80327 4.83161 2.29726 2.61122 1.98331 8.85363 0.485834 0.313953 0.165442 0.146518
0.000630957 5.27937 5.76322 4.79551 2.28077 2.59326 1.96829 8.75124 0.483854 0.312484 0.164119 0.145008
0.000648815 5.24152 5.7234 4.75964 2.26439 2.57541 1.95336 8.64979 0.481882 0.311027 0.162809 0.14351
0.000667179 5.2039 5.68381 4.72398 2.2481 2.55768 1.93852 8.54928 0.479918 0.309581 0.161513 0.142024
0.000686062 5.1665 5.64446 4.68854 2.23192 2.54006 1.92377 8.4497 0.477962 0.308145 0.16023 0.14055
0.00070548 5.12932 5.60533 4.6533 2.21583 2.52256 1.90911 8.35105 0.476013 0.30672 0.158961 0.139088
0.000725448 5.09236 5.56643 4.61829 2.19985 2.50516 1.89455 8.25331 0.474072 0.305306 0.157705 0.137637
0.00074598 5.05562 5.52776 4.58348 2.18397 2.48787 1.88007 8.15649 0.472139 0.303903 0.156462 0.136199
0.000767094 5.0191 5.48932 4.54889 2.16819 2.4707 1.86568 8.06056 0.470213 0.30251 0.155233 0.134772
0.000788805 4.9828 5.4511 4.51451 2.15251 2.45363 1.85138 7.96554 0.468294 0.301127 0.154016 0.133357
0.000811131 4.94672 5.4131 4.48034 2.13692 2.43668 1.83717 7.8714 0.466381 0.299755 0.152812 0.131953
0.000834088 4.91085 5.37532 4.44637 2.12144 2.41983 1.82304 7.77815 0.464476 0.298393 0.151622 0.130561
0.000857696 4.87519 5.33777 4.41261 2.10605 2.40309 1.80901 7.68578 0.462577 0.297041 0.150444 0.12918
0.000881971 4.83975 5.30043 4.37906 2.09075 2.38645 1.79506 7.59427 0.460684 0.295699 0.149278 0.127811
0.000906934 4.80451 5.26331 4.34571 2.07556 2.36992 1.78119 7.50363 0.458797 0.294367 0.148126 0.126453
0.000932603 4.76949 5.22641 4.31257 2.06046 2.3535 1.76741 7.41384 0.456917 0.293045 0.146986 0.125106
0.000958999 4.73467 5.18972 4.27963 2.04545 2.33718 1.75372 7.32491 0.455042 0.291732 0.145859 0.12377
0.000986142 4.70007 5.15324 4.2469 2.03054 2.32097 1.74011 7.23681 0.453173 0.290429 0.144744 0.122446
0.00101405 4.66567 5.11698 4.21436 2.01573 2.30486 1.72659 7.14956 0.451309 0.289135 0.143641 0.121132
0.00104275 4.63148 5.08093 4.18203 2.00101 2.28886 1.71316 7.06313 0.449451 0.287851 0.142551 0.119829
0.00107227 4.59749 5.04509 4.14989 1.98638 2.27296 1.6998 6.97753 0.447598 0.286576 0.141473 0.118538
0.00110262 4.56371 5.00946 4.11796 1.97184 2.25715 1.68653 6.89274 0.445749 0.28531 0.140407 0.117257
0.00113382 4.53012 4.97403 4.08622 1.9574 2.24145 1.67335 6.80877 0.443905 0.284054 0.139353 0.115986
0.00116591 4.49674 4.93881 4.05467 1.94305 2.22585 1.66024 6.7256 0.442066 0.282806 0.138311 0.114727
0.00119891 4.46356 4.90379 4.02333 1.92879 2.21036 1.64722 6.64323 0.440231 0.281567 0.137281 0.113478
0.00123285 4.43058 4.86898 3.99218 1.91462 2.19496 1.63428 6.56165 0.438401 0.280337 0.136263 0.112239
0.00126774 4.39779 4.83437 3.96122 1.90054 2.17966 1.62143 6.48086 0.436574 0.279115 0.135256 0.111011
0.00130362 4.36521 4.79996 3.93046 1.88655 2.16446 1.60865 6.40084 0.434751 0.277902 0.134262 0.109794
0.00134052 4.33281 4.76574 3.89988 1.87265 2.14935 1.59596 6.3216 0.432931 0.276698 0.133278 0.108586
0.00137846 4.30062 4.73173 3.8695 1.85884 2.13434 1.58334 6.24313 0.431115 0.275502 0.132307 0.107389
0.00141747 4.26861 4.69791 3.83931 1.84512 2.11943 1.57081 6.16542 0.429302 0.274313 0.131346 0.106203
0.00145759 4.2368 4.66429 3.80931 1.83149 2.10462 1.55835 6.08847 0.427491 0.273134 0.130397 0.105026
0.00149885 4.20518 4.63086 3.77949 1.81794 2.0899 1.54598 6.01227 0.425684 0.271962 0.129459 0.10386
0.00154127 4.17374 4.59762 3.74987 1.80448 2.07528 1.53368 5.93681 0.423879 0.270798 0.128532 0.102703
0.00158489 4.1425 4.56458 3.72042 1.79111 2.06075 1.52146 5.86209 0.422076 0.269641 0.127617 0.101557
0.00162975 4.11145 4.53172 3.69117 1.77782 2.04631 1.50933 5.7881 0.420275 0.268493 0.126712 0.10042
0.00167588 4.08058 4.49905 3.6621 1.76462 2.03197 1.49727 5.71484 0.418476 0.267352 0.125818 0.0992935
0.00172331 4.04989 4.46657 3.63322 1.7515 2.01772 1.48528 5.6423 0.416678 0.266218 0.124935 0.0981765
0.00177209 4.0194 4.43428 3.60451 1.73847 2.00356 1.47338 5.57048 0.414882 0.265092 0.124063 0.0970694
0.00182224 3.98908 4.40217 3.57599 1.72552 1.98949 1.46155 5.49937 0.413088 0.263973 0.123201 0.0959718
0.00187382 3.95895 4.37024 3.54765 1.71265 1.97551 1.44979 5.42896 0.411294 0.262861 0.12235 0.0948839
0.00192685 3.929 4.3385 3.51949 1.69987 1.96163 1.43812 5.35925 0.409501 0.261755 0.121509 0.0938055
0.00198139 3.89922 4.30693 3.49152 1.68717 1.94783 1.42651 5.29024 0.407708 0.260657 0.120678 0.0927366
0.00203747 3.86963 4.27555 3.46372 1.67455 1.93412 1.41499 5.22191 0.405915 0.259566 0.119858 0.0916771
0.00209514 3.84022 4.24434 3.43609 1.66202 1.9205 1.40354 5.15426 0.404123 0.258481 0.119048 0.090627
0.00215443 3.81098 4.21331 3.40865 1.64956 1.90697 1.39216 5.0873 0.40233 0.257403 0.118248 0.0895862
0.00221541 3.78192 4.18245 3.38138 1.63719 1.89352 1.38086 5.021 0.400537 0.256331 0.117457 0.0885547
0.00227812 3.75303 4.15177 3.35429 1.6249 1.88016 1.36963 4.95537 0.398743 0.255265 0.116677 0.0875323
0.00234259 3.72432 4.12126 3.32737 1.61268 1.86689 1.35848 4.89041 0.396948 0.254205 0.115906 0.0865191
0.0024089 3.69577 4.09093 3.30062 1.60055 1.8537 1.3474 4.8261 0.395152 0.253152 0.115145 0.0855149
0.00247708 3.66741 4.06076 3.27405 1.58849 1.8406 1.33639 4.76244 0.393354 0.252104 0.114393 0.0845198
0.00254719 3.63921 4.03076 3.24765 1.57651 1.82758 1.32545 4.69943 0.391555 0.251062 0.113651 0.0835336
0.00261928 3.61118 4.00093 3.22142 1.56461 1.81464 1.31459 4.63706 0.389754 0.250025 0.112918 0.0825563
0.00269341 3.58332 3.97127 3.19537 1.55279 1.80179 1.3038 4.57532 0.38795 0.248995 0.112194 0.0815879
0.00276965 3.55562 3.94177 3.16948 1.54105 1.78901 1.29308 4.51422 0.386144 0.247969 0.111479 0.0806283
0.00284804 3.52809 3.91243 3.14376 1.52938 1.77633 1.28243 4.45374 0.384336 0.246949 0.110773 0.0796774
0.00292864 3.50073 3.88325 3.11821 1.51778 1.76372 1.27185 4.39389 0.382524 0.245933 0.110076 0.0787351
0.00301153 3.47353 3.85424 3.09282 1.50627 1.75119 1.26134 4.33465 0.380709 0.244923 0.109388 0.0778015
0.00309677 3.44649 3.82538 3.0676 1.49482 1.73874 1.25091 4.27602 0.37889 0.243918 0.108708 0.0768764
0.00318442 3.41962 3.79669 3.04255 1.48346 1.72637 1.24054 4.218 0.377068 0.242917 0.108037 0.0759599
0.00327455 3.39291 3.76815 3.01766 1.47216 1.71408 1.23024 4.16058 0.375242 0.241921 0.107374 0.0750518
0.00336723 3.36635 3.73976 2.99294 1.46094 1.70187 1.22001 4.10376 0.373411 0.240929 0.106719 0.0741521
0.00346253 3.33996 3.71153 2.96838 1.44979 1.68974 1.20985 4.04753 0.371576 0.239941 0.106072 0.0732608
0.00356053 3.31372 3.68346 2.94398 1.43872 1.67768 1.19976 3.99189 0.369735 0.238958 0.105433 0.0723777
0.00366131 3.28764 3.65553 2.91975 1.42772 1.6657 1.18974 3.93683 0.36789 0.237978 0.104802 0.0715028
0.00376494 3.26172 3.62775 2.89568 1.41679 1.65379 1.17978 3.88235 0.366039 0.237003 0.104179 0.0706362
0.0038715 3.23595 3.60013 2.87176 1.40593 1.64196 1.1699 3.82844 0.364182 0.236031 0.103563 0.0697776
0.00398107 3.21033 3.57265 2.84801 1.39514 1.6302 1.16008 3.77511 0.36232 0.235062 0.102954 0.0689271
0.00409375 3.18486 3.54532 2.82441 1.38442 1.61852 1.15032 3.72234 0.360451 0.234097 0.102353 0.0680846
0.00420962 3.15955 3.51813 2.80098 1.37377 1.60691 1.14064 3.67012 0.358575 0.233135 0.101759 0.0672501
0.00432876 3.13439 3.49108 2.7777 1.36319 1.59537 1.13102 3.61847 0.356692 0.232177 0.101172 0.0664235
0.00445128 3.10938 3.46418 2.75458 1.35268 1.58391 1.12146 3.56737 0.354803 0.231221 0.100591 0.0656048
0.00457727 3.08451 3.43742 2.73161 1.34224 1.57251 1.11198 3.51682 0.352906 0.230268 0.100017 0.0647938
0.00470682 3.0598 3.4108 2.7088 1.33187 1.56119 1.10255 3.4668 0.351001 0.229317 0.0994497 0.0639906
0.00484003 3.03523 3.38432 2.68614 1.32156 1.54993 1.0932 3.41733 0.349088 0.228369 0.0988886 0.063195
0.00497702 3.0108 3.35797 2.66364 1.31133 1.53875 1.0839 3.3684 0.347167 0.227423 0.0983336 0.0624071
0.00511789 2.98652 3.33176 2.64128 1.30115 1.52763 1.07467 3.31999 0.345237 0.226479 0.0977846 0.0616268
0.00526274 2.96238 3.30568 2.61909 1.29105 1.51658 1.06551 3.27211 0.343298 0.225537 0.0972413 0.060854
0.0054117 2.93839 3.27974 2.59704 1.28101 1.5056 1.05641 3.22475 0.34135 0.224597 0.0967038 0.0600886
0.00556486 2.91454 3.25393 2.57514 1.27103 1.49469 1.04737 3.17791 0.339393 0.223659 0.0961716 0.0593307
0.00572237 2.89082 3.22825 2.5534 1.26112 1.48384 1.0384 3.13158 0.337426 0.222722 0.0956447 0.0585802
0.00588433 2.86725 3.2027 2.5318 1.25127 1.47306 1.02949 3.08576 0.335449 0.221786 0.095123 0.0578369
0.00605088 2.84381 3.17728 2.51035 1.24149 1.46234 1.02064 3.04045 0.333461 0.220851 0.0946061 0.057101
0.00622213 2.82052 3.15198 2.48905 1.23177 1.45169 1.01186 2.99564 0.331463 0.219917 0.094094 0.0563722
0.00639824 2.79735 3.12681 2.4679 1.22212 1.4411 1.00313 2.95133 0.329454 0.218984 0.0935864 0.0556506
0.00657933 2.77433 3.10176 2.4469 1.21252 1.43057 0.994471 2.90751 0.327433 0.218051 0.0930831 0.0549361
0.00676555 2.75144 3.07684 2.42604 1.20299 1.42011 0.985871 2.86418 0.325401 0.217119 0.092584 0.0542286
0.00695704 2.72868 3.05204 2.40532 1.19352 1.40971 0.977332 2.82134 0.323358 0.216187 0.0920888 0.0535281
0.00715394 2.70605 3.02736 2.38475 1.18411 1.39936 0.968854 2.77898 0.321302 0.215255 0.0915973 0.0528346
0.00735642 2.68356 3.00279 2.36433 1.17476 1.38908 0.960437 2.7371 0.319234 0.214322 0.0911094 0.0521479
0.00756463 2.6612 2.97835 2.34404 1.16547 1.37886 0.95208 2.69569 0.317153 0.213389 0.0906248 0.0514681
0.00777874 2.63897 2.95402 2.32391 1.15624 1.36869 0.943783 2.65476 0.315059 0.212455 0.0901433 0.0507951
0.0079989 2.61686 2.92981 2.30391 1.14707 1.35859 0.935545 2.61429 0.312953 0.211521 0.0896647 0.0501288
0.0082253 2.59488 2.90571 2.28405 1.13795 1.34854 0.927367 2.57428 0.310832 0.210585 0.0891888 0.0494692
0.0084581 2.57303 2.88173 2.26433 1.1289 1.33855 0.919248 2.53474 0.308699 0.209649 0.0887153 0.0488162
0.00869749 2.55131 2.85786 2.24476 1.1199 1.32861 0.911189 2.49564 0.306551 0.20871 0.088244 0.0481698
0.00894366 2.52971 2.8341 2.22532 1.11096 1.31873 0.903187 2.45701 0.304389 0.20777 0.0877748 0.0475299
0.00919679 2.50824 2.81045 2.20602 1.10207 1.3089 0.895244 2.41881 0.302212 0.206829 0.0873073 0.0468965
0.00945709 2.48688 2.78691 2.18686 1.09324 1.29913 0.887358 2.38107 0.300021 0.205885 0.0868414 0.0462694
0.00972476 2.46566 2.76347 2.16784 1.08447 1.28941 0.879531 2.34377 0.297815 0.204939 0.0863768 0.0456488
0.01 2.44455 2.74014 2.14895 1.07575 1.27974 0.871761 2.3069 0.295594 0.20399 0.0859132 0.0450344
0.010283 2.42356 2.71692 2.1302 1.06709 1.27012 0.864047 2.27047 0.293358 0.203039 0.0854504 0.0444263
0.0105741 2.40269 2.6938 2.11159 1.05847 1.26056 0.856391 2.23447 0.291105 0.202084 0.0849883 0.0438244
0.0108734 2.38195 2.67078 2.09311 1.04992 1.25104 0.848791 2.19889 0.288838 0.201127 0.0845264 0.0432287
0.0111811 2.36131 2.64787 2.07476 1.04141 1.24158 0.841247 2.16374 0.286554 0.200166 0.0840647 0.0426391
0.0114976 2.3408 2.62506 2.05655 1.03296 1.23216 0.833759 2.12901 0.284254 0.199201 0.0836028 0.0420555
0.011823 2.32041 2.60234 2.03847 1.02456 1.22279 0.826327 2.0947 0.281938 0.198232 0.0831404 0.0414779
0.0121576 2.30013 2.57973 2.02052 1.01621 1.21347 0.818949 2.0608 0.279605 0.19726 0.0826774 0.0409062
0.0125017 2.27996 2.55722 2.0027 1.00791 1.20419 0.811627 2.02731 0.277256 0.196283 0.0822135 0.0403404
0.0128556 2.25991 2.5348 1.98502 0.999661 1.19496 0.804359 1.99423 0.27489 0.195301 0.0817484 0.0397805
0.0132194 2.23997 2.51247 1.96746 0.991461 1.18578 0.797146 1.96155 0.272507 0.194315 0.0812818 0.0392263
0.0135936 2.22014 2.49025 1.95004 0.98331 1.17663 0.789986 1.92927 0.270107 0.193324 0.0808136 0.0386779
0.0139783 2.20043 2.46812 1.93274 0.975208 1.16753 0.782881 1.89738 0.267689 0.192327 0.0803434 0.0381352
0.0143739 2.18082 2.44608 1.91557 0.967153 1.15848 0.775828 1.8659 0.265255 0.191325 0.0798709 0.037598
0.0147808 2.16133 2.42413 1.89853 0.959146 1.14946 0.768829 1.83479 0.262803 0.190316 0.079396 0.0370665
0.0151991 2.14195 2.40228 1.88161 0.951185 1.14049 0.761883 1.80408 0.260334 0.189302 0.0789184 0.0365405
0.0156293 2.12267 2.38052 1.86482 0.94327 1.13155 0.754988 1.77375 0.257848 0.188282 0.0784377 0.0360199
0.0160717 2.1035 2.35885 1.84816 0.935401 1.12266 0.748146 1.7438 0.255344 0.187255 0.0779538 0.0355047
0.0165265 2.08444 2.33727 1.83162 0.927577 1.1138 0.741356 1.71423 0.252823 0.186221 0.0774664 0.0349949
0.0169943 2.06549 2.31577 1.8152 0.919797 1.10498 0.734617 1.68503 0.250284 0.185181 0.0769751 0.0344905
0.0174753 2.04664 2.29437 1.79891 0.912061 1.09619 0.727929 1.65621 0.247728 0.184133 0.0764799 0.0339912
0.0179699 2.0279 2.27305 1.78275 0.904368 1.08745 0.721291 1.62774 0.245155 0.183077 0.0759803 0.0334972
0.0184785 2.00926 2.25183 1.7667 0.896718 1.07873 0.714704 1.59965 0.242564 0.182014 0.0754762 0.0330084
0.0190015 1.99073 2.23069 1.75077 0.889109 1.07005 0.708167 1.57191 0.239956 0.180942 0.0749673 0.0325246
0.0195393 1.9723 2.20963 1.73497 0.881542 1.0614 0.701679 1.54454 0.237331 0.179863 0.0744534 0.0320459
0.0200923 1.95398 2.18866 1.71929 0.874015 1.05279 0.695241 1.51751 0.234689 0.178774 0.0739341 0.0315721
0.020661 1.93575 2.16778 1.70372 0.866528 1.04421 0.688851 1.49084 0.23203 0.177677 0.0734094 0.0311034
0.0212458 1.91763 2.14699 1.68828 0.859081 1.03565 0.68251 1.46452 0.229355 0.176571 0.0728789 0.0306395
0.0218471 1.89961 2.12627 1.67295 0.851672 1.02713 0.676216 1.43854 0.226663 0.175456 0.0723423 0.0301804
0.0224655 1.88169 2.10565 1.65774 0.844301 1.01863 0.669971 1.41291 0.223955 0.17433 0.0717996 0.0297262
0.0231013 1.86387 2.08511 1.64264 0.836968 1.01016 0.663772 1.38761 0.221231 0.173195 0.0712504 0.0292767
0.0237551 1.84616 2.06465 1.62766 0.829671 1.00172 0.65762 1.36265 0.218492 0.17205 0.0706946 0.0288318
0.0244275 1.82854 2.04427 1.6128 0.82241 0.993305 0.651515 1.33803 0.215737 0.170895 0.0701319 0.0283916
0.0251189 1.81102 2.02398 1.59805 0.815184 0.984913 0.645455 1.31373 0.212967 0.169729 0.0695621 0.027956
0.0258298 1.7936 2.00378 1.58341 0.807993 0.976545 0.639441 1.28976 0.210182 0.168552 0.0689851 0.0275249
0.0265609 1.77627 1.98366 1.56889 0.800835 0.9682 0.633471 1.26611 0.207384 0.167364 0.0684007 0.0270983
0.0273126 1.75905 1.96362 1.55448 0.793711 0.959876 0.627546 1.24279 0.204571 0.166165 0.0678086 0.0266762
0.0280857 1.74192 1.94366 1.54017 0.786619 0.951573 0.621665 1.21978 0.201745 0.164954 0.0672088 0.0262584
0.0288806 1.72489 1.9238 1.52598 0.779558 0.94329 0.615827 1.19709 0.198906 0.163731 0.0666011 0.0258449
0.029698 1.70796 1.90401 1.5119 0.772529 0.935025 0.610032 1.17471 0.196055 0.162497 0.0659853 0.0254357
0.0305386 1.69112 1.88431 1.49793 0.765529 0.926778 0.604279 1.15263 0.193192 0.16125 0.0653612 0.0250308
0.0314029 1.67438 1.86469 1.48406 0.758558 0.918548 0.598568 1.13087 0.190317 0.15999 0.0647289 0.02463
0.0322917 1.65773 1.84516 1.4703 0.751616 0.910334 0.592898 1.1094 0.187432 0.158718 0.0640881 0.0242334
0.0332057 1.64118 1.82572 1.45664 0.744701 0.902134 0.587269 1.08824 0.184537 0.157433 0.0634388 0.0238408
0.0341455 1.62473 1.80636 1.44309 0.737813 0.893947 0.581679 1.06737 0.181633 0.156134 0.0627809 0.0234523
0.0351119 1.60837 1.78709 1.42965 0.730951 0.885773 0.576129 1.04679 0.17872 0.154822 0.0621143 0.0230678
0.0361057 1.5921 1.7679 1.4163 0.724114 0.877611 0.570617 1.02651 0.175799 0.153497 0.0614391 0.0226872
0.0371276 1.57593 1.7488 1.40306 0.717301 0.869459 0.565143 1.00651 0.172871 0.152158 0.060755 0.0223105
0.0381784 1.55985 1.72979 1.38992 0.710511 0.861316 0.559706 0.986795 0.169937 0.150805 0.0600622 0.0219377
0.039259 1.54387 1.71087 1.37687 0.703743 0.853181 0.554306 0.967363 0.166997 0.149437 0.0593606 0.0215686
0.0403702 1.52798 1.69203 1.36393 0.696997 0.845053 0.548941 0.948208 0.164053 0.148056 0.0586502 0.0212033
0.0415128 1.51218 1.67329 1.35108 0.690271 0.836931 0.543612 0.92933 0.161105 0.14666 0.0579311 0.0208418
0.0426877 1.49648 1.65463 1.33832 0.683565 0.828814 0.538316 0.910724 0.158154 0.145249 0.0572034 0.0204838
0.0438959 1.48087 1.63607 1.32567 0.676877 0.820701 0.533053 0.892387 0.155201 0.143824 0.056467 0.0201295
0.0451383 1.46535 1.6176 1.3131 0.670206 0.812589 0.527823 0.874316 0.152248 0.142383 0.0557221 0.0197788
0.0464159 1.44992 1.59921 1.30063 0.663552 0.80448 0.522624 0.856509 0.149294 0.140928 0.0549689 0.0194316
0.0477296 1.43458 1.58093 1.28824 0.656913 0.79637 0.517455 0.838962 0.146342 0.139458 0.0542073 0.0190879
0.0490805 1.41934 1.56273 1.27595 0.650288 0.78826 0.512316 0.821672 0.143393 0.137972 0.0534376 0.0187477
0.0504697 1.40418 1.54463 1.26374 0.643676 0.780147 0.507205 0.804636 0.140446 0.136471 0.05266 0.0184109
0.0518981 1.38912 1.52663 1.25162 0.637076 0.772031 0.502122 0.787852 0.137505 0.134955 0.0518746 0.0180774
0.053367 1.37415 1.50871 1.23958 0.630487 0.76391 0.497065 0.771317 0.134568 0.133423 0.0510816 0.0177473
0.0548775 1.35926 1.4909 1.22762 0.623908 0.755784 0.492032 0.755026 0.131639 0.131876 0.0502813 0.0174204
0.0564307 1.34447 1.47318 1.21575 0.617337 0.74765 0.487024 0.738979 0.128718 0.130313 0.049474 0.0170969
0.0580278 1.32976 1.45556 1.20395 0.610773 0.739508 0.482038 0.72317 0.125806 0.128735 0.0486599 0.0167765
0.0596702 1.31514 1.43804 1.19223 0.604215 0.731357 0.477074 0.707598 0.122905 0.127141 0.0478393 0.0164593
0.0613591 1.3006 1.42062 1.18059 0.597662 0.723194 0.47213 0.69226 0.120016 0.125532 0.0470125 0.0161452
0.0630957 1.28616 1.40329 1.16902 0.591112 0.71502 0.467204 0.677152 0.117139 0.123908 0.0461799 0.0158343
0.0648815 1.27179 1.38607 1.15752 0.584564 0.706832 0.462295 0.662272 0.114277 0.122269 0.0453418 0.0155265
0.0667179 1.25751 1.36895 1.14608 0.578016 0.69863 0.457402 0.647617 0.111431 0.120614 0.0444987 0.0152217
0.0686062 1.24332 1.35192 1.13472 0.571467 0.690411 0.452523 0.633184 0.108602 0.118944 0.0436509 0.0149199
0.070548 1.22921 1.335 1.12342 0.564916 0.682175 0.447657 0.618969 0.105791 0.117259 0.0427988 0.0146211
0.0725448 1.21517 1.31817 1.11218 0.558361 0.673921 0.442801 0.604971 0.102999 0.11556 0.0419429 0.0143253
0.074598 1.20122 1.30145 1.10099 0.551801 0.665647 0.437954 0.591186 0.100228 0.113846 0.0410837 0.0140324
0.0767094 1.18735 1.28483 1.08987 0.545233 0.657351 0.433115 0.577611 0.0974799 0.112118 0.0402216 0.0137424
0.0788805 1.17355 1.2683 1.07879 0.538657 0.649032 0.428281 0.564244 0.094755 0.110376 0.0393572 0.0134553
0.0811131 1.15983 1.25188 1.06777 0.53207 0.64069 0.42345 0.551082 0.0920548 0.10862 0.0384908 0.013171
0.0834088 1.14618 1.23556 1.0568 0.525472 0.632322 0.418622 0.538121 0.0893807 0.10685 0.0376232 0.0128896
0.0857696 1.1326 1.21933 1.04586 0.51886 0.623928 0.413792 0.52536 0.0867341 0.105068 0.0367547 0.012611
0.0881971 1.11909 1.20321 1.03497 0.512232 0.615505 0.40896 0.512795 0.0841162 0.103273 0.0358861 0.0123352
0.0906934 1.10565 1.18717 1.02412 0.505588 0.607053 0.404123 0.500423 0.0815281 0.101465 0.0350177 0.0120622
0.0932603 1.09227 1.17124 1.0133 0.498924 0.59857 0.399278 0.488243 0.0789712 0.0996457 0.0341503 0.011792
0.0958999 1.07895 1.1554 1.00251 0.492239 0.590054 0.394424 0.476251 0.0764466 0.0978149 0.0332844 0.0115245
0.0986142 1.06569 1.13965 0.991738 0.485532 0.581505 0.389558 0.464445 0.0739556 0.0959732 0.0324206 0.0112598
0.101405 1.05249 1.12399 0.980993 0.478799 0.57292 0.384678 0.452822 0.0714993 0.0941212 0.0315596 0.0109978
0.104275 1.03934 1.10842 0.970264 0.47204 0.564299 0.379781 0.44138 0.0690788 0.0922594 0.0307018 0.0107386
0.107227 1.02624 1.09294 0.959548 0.465252 0.555641 0.374864 0.430115 0.0666951 0.0903885 0.029848 0.010482
0.110262 1.01319 1.07754 0.948839 0.458434 0.546943 0.369924 0.419027 0.0643495 0.0885091 0.0289988 0.0102282
0.113382 1.00018 1.06222 0.938132 0.451582 0.538204 0.36496 0.408111 0.0620428 0.0866219 0.0281547 0.00997711
0.116591 0.9872 1.04698 0.927424 0.444696 0.529423 0.359968 0.397366 0.059776 0.0847276 0.0273165 0.00972871
0.119891 0.974257 1.03181 0.916707 0.437772 0.520599 0.354945 0.38679 0.0575501 0.0828271 0.0264846 0.00948303
0.123285 0.961342 1.01671 0.905976 0.43081 0.511731 0.349888 0.37638 0.0553659 0.0809211 0.0256598 0.00924007
0.126774 0.94845 1.00167 0.895226 0.423806 0.502816 0.344795 0.366134 0.0532242 0.0790106 0.0248426 0.00899983
0.130362 0.935576 0.986702 0.88445 0.416759 0.493855 0.339662 0.35605 0.0511259 0.0770963 0.0240336 0.00876232
0.134052 0.922714 0.971786 0.873642 0.409666 0.484845 0.334487 0.346125 0.0490717 0.0751792 0.0232335 0.00852755
0.137846 0.909859 0.956921 0.862796 0.402526 0.475787 0.329266 0.336358 0.0470621 0.0732604 0.0224427 0.00829553
0.141747 0.897003 0.942101 0.851905 0.395337 0.466678 0.323996 0.326747 0.0450979 0.0713407 0.021662 0.00806627
0.145759 0.884141 0.927321 0.840961 0.388096 0.457517 0.318674 0.31729 0.0431796 0.0694214 0.0208917 0.00783979
0.149885 0.871266 0.912573 0.829958 0.380801 0.448304 0.313298 0.307984 0.0413076 0.0675034 0.0201325 0.0076161
0.154127 0.85837 0.897852 0.818887 0.373451 0.439039 0.307863 0.298829 0.0394823 0.065588 0.0193848 0.00739523
0.158489 0.845445 0.88315 0.807741 0.366044 0.42972 0.302368 0.289822 0.0377042 0.0636762 0.0186492 0.00717718
0.162975 0.832485 0.868459 0.796512 0.358578 0.420347 0.296808 0.280961 0.0359736 0.0617693 0.0179261 0.00696199
0.167588 0.819481 0.853772 0.78519 0.351051 0.410919 0.291182 0.272246 0.0342906 0.0598686 0.017216 0.00674968
0.172331 0.806424 0.839079 0.773768 0.343462 0.401438 0.285487 0.263675 0.0326555 0.0579752 0.0165193 0.00654028
0.177209 0.793305 0.824373 0.762237 0.335811 0.391901 0.27972 0.255246 0.0310683 0.0560906 0.0158365 0.0063338
0.182224 0.780115 0.809644 0.750586 0.328095 0.382311 0.273878 0.246958 0.0295291 0.0542161 0.0151678 0.00613028
0.187382 0.766845 0.794882 0.738807 0.320313 0.372667 0.26796 0.23881 0.0280378 0.0523531 0.0145138 0.00592974
0.192685 0.753484 0.780078 0.72689 0.312467 0.362969 0.261964 0.2308 0.0265944 0.0505029 0.0138746 0.00573223
0.198139 0.740023 0.765222 0.714824 0.304554 0.353221 0.255887 0.222928 0.0251987 0.0486669 0.0132506 0.00553776
0.203747 0.726451 0.750301 0.7026 0.296575 0.343422 0.249729 0.215192 0.0238505 0.0468467 0.012642 0.00534637
0.209514 0.712757 0.735307 0.690208 0.288531 0.333575 0.243488 0.207592 0.0225495 0.0450437 0.0120492 0.00515809
0.215443 0.698931 0.720226 0.677635 0.280423 0.323682 0.237163 0.200127 0.0212954 0.0432594 0.0114722 0.00497296
0.221541 0.684961 0.705049 0.664873 0.272251 0.313746 0.230756 0.192796 0.0200877 0.0414953 0.0109113 0.004791
0.227812 0.670836 0.689762 0.651909 0.264018 0.303771 0.224265 0.185598 0.0189261 0.0397528 0.0103666 0.00461225
0.234259 0.656544 0.674354 0.638734 0.255727 0.29376 0.217693 0.178533 0.0178099 0.0380336 0.0098382 0.00443673
0.24089 0.642073 0.658812 0.625335 0.247379 0.283718 0.21104 0.171601 0.0167386 0.036339 0.00932622 0.00426447
0.247708 0.627413 0.643124 0.611701 0.23898 0.273651 0.20431 0.1648 0.0157117 0.0346707 0.00883068 0.0040955
0.254719 0.612549 0.627278 0.597821 0.230534 0.263564 0.197504 0.158131 0.0147283 0.0330301 0.0083516 0.00392983
0.261928 0.597471 0.611258 0.583683 0.222047 0.253465 0.190628 0.151594 0.0137878 0.0314187 0.00788895 0.00376747
0.269341 0.582163 0.595053 0.569274 0.213524 0.243362 0.183686 0.145188 0.0128894 0.0298379 0.00744266 0.00360842
0.276965 0.566612 0.578645 0.55458 0.204975 0.233264 0.176685 0.138913 0.0120324 0.0282893 0.00701263 0.00345267
0.284804 0.550799 0.562015 0.539584 0.196406 0.22318 0.169632 0.132771 0.0112156 0.0267742 0.00659871 0.00330018
0.292864 0.534696 0.545135 0.524258 0.187829 0.213123 0.162535 0.126761 0.0104384 0.0252939 0.00620069 0.00315086
0.301153 0.518248 0.527948 0.508548 0.179254 0.203104 0.155404 0.120885 0.00969963 0.02385 0.00581825 0.00300452
0.309677 0.501256 0.510254 0.492258 0.17069 0.193133 0.148246 0.115147 0.0089981 0.0224435 0.00545078 0.00286064
0.318442 0.486744 0.495485 0.478003 0.164972 0.186892 0.143052 0.113016 0.00874085 0.0219199 0.00531405 0.00280516
0.321833 0.48066 0.489151 0.472168 0.161821 0.183228 0.140413 0.110925 0.00849137 0.0214074 0.00518089 0.00275071
0.325224 0.474607 0.482856 0.466357 0.158706 0.179612 0.137801 0.108874 0.00824941 0.0209056 0.00505119 0.00269726
0.328614 0.468585 0.476599 0.46057 0.155629 0.176044 0.135215 0.106861 0.00801469 0.0204144 0.00492485 0.00264479
0.332005 0.462593 0.47038 0.454806 0.152589 0.172522 0.132655 0.104885 0.00778697 0.0199336 0.00480177 0.00259328
0.335396 0.456631 0.464197 0.449065 0.149585 0.169048 0.130122 0.102946 0.00756602 0.0194629 0.00468185 0.0025427
0.338787 0.450699 0.45805 0.443347 0.146618 0.16562 0.127616 0.101042 0.00735161 0.0190021 0.00456499 0.00249303
0.342178 0.444796 0.45194 0.437653 0.143687 0.162238 0.125136 0.0991733 0.00714352 0.0185511 0.00445111 0.00244425
0.345569 0.438923 0.445864 0.431981 0.140793 0.158903 0.122684 0.0973382 0.00694154 0.0181095 0.00434012 0.00239634
0.348959 0.433078 0.439824 0.426333 0.137935 0.155613 0.120258 0.095536 0.00674546 0.0176773 0.00423194 0.00234928
0.35235 0.427263 0.433818 0.420708 0.135113 0.152368 0.117859 0.0937661 0.0065551 0.0172543 0.00412647 0.00230306
0.355741 0.421476 0.427847 0.415106 0.132327 0.149168 0.115487 0.0920277 0.00637026 0.0168402 0.00402365 0.00225765
0.359132 0.415718 0.421909 0.409528 0.129577 0.146012 0.113142 0.0903199 0.00619077 0.016435 0.0039234 0.00221304
0.362523 0.409989 0.416006 0.403973 0.126863 0.142901 0.110825 0.0886422 0.00601645 0.0160383 0.00382564 0.0021692
0.365914 0.404289 0.410136 0.398441 0.124185 0.139835 0.108535 0.0869939 0.00584713 0.01565 0.00373031 0.00212613
0.369305 0.398617 0.404299 0.392934 0.121542 0.136812 0.106272 0.0853741 0.00568266 0.01527 0.00363733 0.00208381
0.372695 0.392973 0.398496 0.387451 0.118934 0.133832 0.104036 0.0837824 0.00552287 0.0148981 0.00354663 0.00204222
0.376086 0.387359 0.392727 0.381991 0.116362 0.130896 0.101828 0.0822181 0.00536763 0.0145342 0.00345816 0.00200134
0.379477 0.381774 0.38699 0.376557 0.113825 0.128003 0.0996471 0.0806806 0.00521678 0.014178 0.00337186 0.00196117
0.382868 0.376217 0.381287 0.371147 0.111323 0.125153 0.0974938 0.0791693 0.00507019 0.0138295 0.00328765 0.00192168
0.386259 0.37069 0.375617 0.365762 0.108857 0.122345 0.0953682 0.0776836 0.00492773 0.0134884 0.00320549 0.00188287
0.38965 0.365191 0.369981 0.360402 0.106425 0.119579 0.0932702 0.076223 0.00478926 0.0131546 0.00312532 0.00184472
0.39304 0.359723 0.364377 0.355068 0.104028 0.116856 0.0911997 0.074787 0.00465466 0.012828 0.00304708 0.00180722
0.396431 0.354284 0.358808 0.34976 0.101665 0.114174 0.089157 0.073375 0.00452382 0.0125084 0.00297072 0.00177035
0.399822 0.348875 0.353271 0.344478 0.0993377 0.111533 0.0871419 0.0719865 0.00439661 0.0121958 0.00289619 0.0017341
0.403213 0.343496 0.347769 0.339223 0.0970443 0.108934 0.0851545 0.0706211 0.00427293 0.0118899 0.00282344 0.00169847
0.406604 0.338147 0.3423 0.333994 0.0947853 0.106376 0.0831947 0.0692782 0.00415267 0.0115906 0.00275243 0.00166344
0.409995 0.332829 0.336865 0.328793 0.0925605 0.103858 0.0812627 0.0679575 0.00403572 0.0112978 0.0026831 0.001629
0.413385 0.327542 0.331464 0.32362 0.0903697 0.101381 0.0793584 0.0666585 0.00392199 0.0110113 0.00261542 0.00159513
0.416776 0.322286 0.326098 0.318475 0.0882128 0.098944 0.0774817 0.0653807 0.00381138 0.0107311 0.00254933 0.00156184
0.420167 0.317062 0.320766 0.313358 0.0860898 0.0965468 0.0756327 0.0641238 0.00370379 0.0104571 0.00248481 0.0015291
0.423558 0.31187 0.315469 0.308271 0.0840004 0.0941893 0.0738114 0.0628872 0.00359914 0.010189 0.0024218 0.00149691
0.426949 0.30671 0.310207 0.303213 0.0819444 0.0918712 0.0720177 0.0616708 0.00349734 0.00992674 0.00236027 0.00146526
0.43034 0.301583 0.304981 0.298184 0.0799219 0.0895921 0.0702516 0.060474 0.0033983 0.00967028 0.00230019 0.00143414
0.43373 0.296488 0.29979 0.293186 0.0779325 0.0873519 0.068513 0.0592964 0.00330195 0.00941946 0.0022415 0.00140354
0.437121 0.291427 0.294635 0.288219 0.0759761 0.0851503 0.0668019 0.0581378 0.00320821 0.00917417 0.00218419 0.00137345
0.440512 0.2864 0.289517 0.283283 0.0740525 0.0829868 0.0651182 0.0569978 0.00311699 0.0089343 0.00212821 0.00134387
0.443903 0.281407 0.284435 0.278379 0.0721616 0.0808613 0.0634618 0.0558761 0.00302823 0.00869976 0.00207353 0.00131478
0.447294 0.276448 0.27939 0.273506 0.0703032 0.0787736 0.0618328 0.0547722 0.00294186 0.00847042 0.00202012 0.00128617
0.450685 0.271525 0.274383 0.268667 0.0684771 0.0767233 0.0602309 0.053686 0.00285781 0.0082462 0.00196795 0.00125805
0.454075 0.266637 0.269413 0.263861 0.0666831 0.0747101 0.0586562 0.052617 0.00277601 0.00802698 0.00191698 0.0012304
0.457466 0.261784 0.264481 0.259088 0.0649211 0.0727338 0.0571084 0.051565 0.0026964 0.00781267 0.00186719 0.00120321
0.460857 0.256968 0.259587 0.254349 0.0631908 0.070794 0.0555876 0.0505297 0.00261892 0.00760318 0.00181855 0.00117648
0.464248 0.252189 0.254732 0.249645 0.061492 0.0688904 0.0540936 0.0495109 0.0025435 0.00739841 0.00177103 0.0011502
0.467639 0.247447 0.249917 0.244976 0.0598246 0.0670228 0.0526263 0.0485081 0.00247009 0.00719826 0.0017246 0.00112436
0.47103 0.242742 0.245141 0.240343 0.0581882 0.0651908 0.0511855 0.0475213 0.00239864 0.00700264 0.00167925 0.00109897
0.47442 0.238075 0.240405 0.235746 0.0565827 0.0633941 0.0497712 0.04655 0.00232908 0.00681147 0.00163493 0.001074
0.477811 0.233447 0.235709 0.231186 0.0550078 0.0616325 0.0483832 0.0455941 0.00226138 0.00662466 0.00159163 0.00104945
0.481202 0.228858 0.231054 0.226663 0.0534634 0.0599055 0.0470213 0.0446533 0.00219547 0.00644212 0.00154933 0.00102532
0.484593 0.224309 0.22644 0.222177 0.0519492 0.0582129 0.0456854 0.0437273 0.0021313 0.00626376 0.001508 0.00100161
0.487984 0.219799 0.221868 0.21773 0.0504649 0.0565544 0.0443754 0.042816 0.00206884 0.00608951 0.00146762 0.000978299
0.491375 0.215329 0.217337 0.213321 0.0490103 0.0549296 0.043091 0.0419191 0.00200803 0.00591929 0.00142816 0.000955391
0.494765 0.210901 0.21285 0.208952 0.0475852 0.0533382 0.0418322 0.0410363 0.00194883 0.005753 0.00138961 0.000932877
0.498156 0.206513 0.208405 0.204622 0.0461892 0.0517798 0.0405986 0.0401676 0.0018912 0.00559059 0.00135195 0.000910753
0.501547 0.202168 0.204003 0.200333 0.0448222 0.0502542 0.0393903 0.0393125 0.00183509 0.00543196 0.00131515 0.000889013
0.504938 0.197864 0.199645 0.196084 0.0434839 0.0487609 0.0382068 0.0384711 0.00178046 0.00527705 0.00127919 0.000867652
0.508329 0.193603 0.195331 0.191876 0.0421739 0.0472997 0.0370481 0.037643 0.00172728 0.00512578 0.00124407 0.000846665
0.51172 0.189385 0.191061 0.18771 0.040892 0.0458701 0.035914 0.0368281 0.00167551 0.00497808 0.00120975 0.000826047
0.51511 0.185211 0.186836 0.183586 0.039638 0.0444719 0.0348041 0.0360261 0.0016251 0.00483387 0.00117622 0.000805793
0.518501 0.181081 0.182657 0.179505 0.0384115 0.0431046 0.0337184 0.0352369 0.00157603 0.0046931 0.00114347 0.000785899
0.521892 0.176995 0.178523 0.175466 0.0372123 0.041768 0.0326566 0.0344604 0.00152826 0.00455568 0.00111147 0.000766359
0.525283 0.172953 0.174435 0.171472 0.0360401 0.0404616 0.0316185 0.0336963 0.00148175 0.00442156 0.00108021 0.00074717
0.528674 0.168957 0.170394 0.167521 0.0348945 0.0391851 0.0306038 0.0329444 0.00143648 0.00429066 0.00104968 0.000728327
0.532065 0.165007 0.166399 0.163615 0.0337753 0.0379382 0.0296123 0.0322047 0.00139241 0.00416293 0.00101986 0.000709825
0.535455 0.161103 0.162452 0.159753 0.0326821 0.0367204 0.0286438 0.0314769 0.0013495 0.0040383 0.000990729 0.00069166
0.538846 0.157245 0.158552 0.155937 0.0316147 0.0355314 0.027698 0.0307609 0.00130774 0.00391671 0.000962278 0.000673828
0.542237 0.153434 0.154701 0.152167 0.0305727 0.0343708 0.0267746 0.0300566 0.00126709 0.00379809 0.000934492 0.000656324
0.545628 0.14967 0.150897 0.148442 0.0295558 0.0332382 0.0258734 0.0293637 0.00122752 0.00368239 0.000907357 0.000639146
0.549019 0.145953 0.147142 0.144764 0.0285637 0.0321333 0.0249942 0.0286822 0.00118901 0.00356955 0.000880859 0.000622288
0.55241 0.142285 0.143436 0.141133 0.0275962 0.0310557 0.0241366 0.0280119 0.00115153 0.00345951 0.000854984 0.000605747
0.5558 0.138664 0.13978 0.137549 0.0266527 0.0300049 0.0233005 0.0273526 0.00111505 0.00335221 0.000829721 0.000589519
0.559191 0.135093 0.136172 0.134013 0.0257331 0.0289807 0.0224855 0.0267042 0.00107955 0.0032476 0.000805056 0.000573599
0.562582 0.13157 0.132615 0.130525 0.024837 0.0279826 0.0216913 0.0260667 0.00104501 0.00314563 0.000780977 0.000557986
0.565973 0.128096 0.129108 0.127085 0.023964 0.0270102 0.0209177 0.0254398 0.00101139 0.00304624 0.000757473 0.000542673
0.569364 0.124672 0.125651 0.123694 0.0231138 0.0260632 0.0201644 0.0248234 0.000978689 0.00294937 0.000734531 0.000527659
0.572755 0.121298 0.122245 0.120351 0.0222861 0.0251411 0.0194311 0.0242174 0.000946868 0.00285499 0.00071214 0.000512939
0.576146 0.117974 0.118889 0.117058 0.0214806 0.0242436 0.0187175 0.0236217 0.000915912 0.00276302 0.000690288 0.00049851
0.579536 0.114699 0.115585 0.113814 0.0206968 0.0233703 0.0180234 0.0230362 0.000885798 0.00267344 0.000668966 0.000484368
0.582927 0.111476 0.112332 0.110619 0.0199345 0.0225207 0.0173483 0.0224608 0.000856506 0.00258618 0.000648163 0.00047051
0.586318 0.108303 0.109131 0.107475 0.0191933 0.0216945 0.0166921 0.0218952 0.000828016 0.0025012 0.000627867 0.000456933
0.589709 0.105181 0.105981 0.104381 0.0184729 0.0208914 0.0160545 0.0213395 0.000800308 0.00241846 0.00060807 0.000443632
0.5931 0.10211 0.102884 0.101337 0.0177729 0.0201108 0.015435 0.0207935 0.000773365 0.0023379 0.000588761 0.000430605
0.596491 0.0990907 0.0998379 0.0983436 0.017093 0.0193524 0.0148335 0.0202571 0.000747166 0.00225948 0.00056993 0.000417848
0.599881 0.0961226 0.0968443 0.0954009 0.0164327 0.0186159 0.0142496 0.0197302 0.000721695 0.00218315 0.000551568 0.000405358
0.603272 0.0932059 0.0939029 0.092509 0.0157919 0.0179008 0.013683 0.0192127 0.000696934 0.00210888 0.000533665 0.000393132
0.606663 0.0903409 0.0910138 0.0896681 0.01517 0.0172067 0.0131334 0.0187045 0.000672866 0.00203662 0.000516213 0.000381167
0.610054 0.0875276 0.0881771 0.0868781 0.0145669 0.0165332 0.0126006 0.0182054 0.000649473 0.00196632 0.000499203 0.000369458
0.613445 0.0847661 0.0853929 0.0841394 0.013982 0.01588 0.0120841 0.0177155 0.000626741 0.00189795 0.000482626 0.000358004
0.616836 0.0820564 0.0826611 0.0814518 0.0134151 0.0152466 0.0115837 0.0172345 0.000604653 0.00183146 0.000466474 0.0003468
0.620226 0.0793986 0.0799818 0.0788154 0.0128659 0.0146327 0.0110991 0.0167624 0.000583194 0.00176682 0.000450737 0.000335844
0.623617 0.0767926 0.077355 0.0762303 0.0123339 0.0140379 0.0106299 0.0162991 0.000562348 0.00170398 0.000435409 0.000325133
0.627008 0.0742385 0.0747806 0.0736964 0.0118188 0.0134617 0.0101759 0.0158445 0.000542102 0.00164291 0.000420481 0.000314663
0.630399 0.0717362 0.0722587 0.0712138 0.0113203 0.0129039 0.00973678 0.0153985 0.000522441 0.00158356 0.000405944 0.000304432
0.63379 0.0692857 0.069789 0.0687823 0.0108381 0.012364 0.00931218 0.0149611 0.000503351 0.00152591 0.000391792 0.000294435
0.637181 0.0668868 0.0673716 0.066402 0.0103717 0.0118416 0.00890182 0.014532 0.000484818 0.00146991 0.000378017 0.000284671
0.640571 0.0645395 0.0650063 0.0640727 0.0099209 0.0113364 0.00850538 0.0141113 0.00046683 0.00141552 0.000364612 0.000275136
0.643962 0.0622436 0.062693 0.0617942 0.00948528 0.010848 0.00812256 0.0136988 0.000449373 0.00136272 0.000351569 0.000265828
0.647353 0.059999 0.0604314 0.0595666 0.00906453 0.010376 0.00775306 0.0132945 0.000432434 0.00131147 0.00033888 0.000256742
0.650744 0.0578055 0.0582215 0.0573895 0.0086583 0.00992003 0.00739657 0.0128983 0.000416002 0.00126173 0.00032654 0.000247876
0.654135 0.055663 0.056063 0.0552629 0.00826627 0.00947974 0.0070528 0.01251 0.000400064 0.00121347 0.000314541 0.000239228
0.657526 0.0535712 0.0539558 0.0531865 0.00788809 0.00905474 0.00672143 0.0121297 0.000384609 0.00116665 0.000302875 0.000230793
0.660916 0.0515298 0.0518994 0.0511602 0.00752343 0.00864469 0.00640218 0.0117571 0.000369624 0.00112125 0.000291538 0.00022257
0.664307 0.0495386 0.0498937 0.0491835 0.00717198 0.00824921 0.00609474 0.0113923 0.0003551 0.00107724 0.000280522 0.000214555
0.667698 0.0475974 0.0479384 0.0472563 0.0068334 0.00786797 0.00579883 0.0110351 0.000341024 0.00103457 0.00026982 0.000206745
0.671089 0.0457057 0.0460331 0.0453784 0.00650737 0.00750058 0.00551415 0.0106855 0.000327385 0.000993219 0.000259427 0.000199137
0.67448 0.0438634 0.0441775 0.0435492 0.00619357 0.00714673 0.00524041 0.0103434 0.000314175 0.00095316 0.000249335 0.000191728
0.677871 0.0420699 0.0423713 0.0417685 0.00589168 0.00680604 0.00497732 0.0100086 0.000301381 0.000914361 0.00023954 0.000184515
0.681261 0.040325 0.040614 0.040036 0.00560139 0.00647818 0.0047246 0.00968121 0.000288995 0.000876792 0.000230034 0.000177496
0.684652 0.0386282 0.0389052 0.0383512 0.00532239 0.00616282 0.00448197 0.00936101 0.000277005 0.000840424 0.000220813 0.000170668
0.688043 0.0369792 0.0372446 0.0367138 0.00505438 0.00585961 0.00424915 0.00904797 0.000265403 0.00080523 0.000211869 0.000164027
0.691434 0.0353774 0.0356316 0.0351233 0.00479704 0.00556822 0.00402586 0.008742 0.000254179 0.00077118 0.000203198 0.00015757
0.694825 0.0338225 0.0340658 0.0335792 0.00455008 0.00528833 0.00381183 0.00844301 0.000243324 0.000738249 0.000194793 0.000151295
0.698216 0.0323139 0.0325468 0.0320811 0.00431321 0.00501962 0.0036068 0.00815093 0.000232829 0.00070641 0.000186649 0.000145199
0.701606 0.0308512 0.0310739 0.0306285 0.00408614 0.00476177 0.0034105 0.00786569 0.000222684 0.000675635 0.000178761 0.000139279
0.704997 0.0294337 0.0296466 0.0292208 0.00386856 0.00451446 0.00322266 0.00758719 0.000212882 0.000645899 0.000171123 0.000133532
0.708388 0.0280609 0.0282643 0.0278575 0.00366021 0.00427738 0.00304303 0.00731536 0.000203413 0.000617176 0.000163729 0.000127954
0.711779 0.0267323 0.0269266 0.026538 0.00346079 0.00405023 0.00287135 0.00705012 0.00019427 0.000589442 0.000156575 0.000122544
0.71517 0.0254473 0.0256328 0.0252619 0.00327004 0.00383271 0.00270737 0.00679138 0.000185444 0.000562671 0.000149654 0.000117299
0.718561 0.0242053 0.0243822 0.0240284 0.00308769 0.00362453 0.00255085 0.00653908 0.000176926 0.00053684 0.000142963 0.000112214
0.721951 0.0230056 0.0231743 0.0228369 0.00291346 0.00342539 0.00240154 0.00629312 0.00016871 0.000511925 0.000136496 0.000107289
0.725342 0.0218477 0.0220084 0.0216869 0.0027471 0.003235 0.0022592 0.00605344 0.000160788 0.000487902 0.000130247 0.000102519
0.728733 0.0207307 0.0208839 0.0205776 0.00258834 0.00305309 0.0021236 0.00581994 0.000153151 0.000464748 0.000124213 9.79016e-05
0.732124 0.0196542 0.0198 0.0195084 0.00243694 0.00287938 0.0019945 0.00559256 0.000145793 0.000442442 0.000118388 9.34345e-05
0.735515 0.0186173 0.0187561 0.0184786 0.00229265 0.00271361 0.00187169 0.00537121 0.000138706 0.00042096 0.000112767 8.91146e-05
0.738906 0.0176195 0.0177514 0.0174876 0.00215521 0.00255549 0.00175493 0.0051558 0.000131883 0.000400281 0.000107345 8.49391e-05
0.742296 0.0166598 0.0167852 0.0165345 0.00202439 0.00240478 0.00164401 0.00494627 0.000125317 0.000380383 0.000102118 8.0905e-05
0.745687 0.0157377 0.0158567 0.0156187 0.00189997 0.00226121 0.00153872 0.00474253 0.000119001 0.000361246 9.70814e-05 7.70097e-05
0.749078 0.0148524 0.0149653 0.0147395 0.00178169 0.00212454 0.00143884 0.00454451 0.000112929 0.000342849 9.22304e-05 7.32504e-05
0.752469 0.0140031 0.0141102 0.013896 0.00166935 0.00199452 0.00134418 0.00435211 0.000107094 0.000325172 8.75605e-05 6.96241e-05
0.75586 0.013189 0.0132905 0.0130875 0.00156272 0.00187092 0.00125453 0.00416526 0.000101488 0.000308194 8.30672e-05 6.61282e-05
0.759251 0.0124093 0.0125054 0.0123132 0.00146159 0.00175349 0.00116969 0.00398389 9.61072e-05 0.000291897 7.87462e-05 6.27598e-05
0.762641 0.0116634 0.0117543 0.0115724 0.00136574 0.001642 0.00108948 0.0038079 9.09436e-05 0.00027626 7.45931e-05 5.95162e-05
0.766032 0.0109503 0.0110363 0.0108643 0.00127497 0.00153623 0.0010137 0.00363722 8.59914e-05 0.000261265 7.06037e-05 5.63947e-05
0.769423 0.0102692 0.0103505 0.010188 0.00118908 0.00143597 0.000942184 0.00347178 8.12448e-05 0.000246894 6.67736e-05 5.33925e-05
0.772814 0.00961944 0.00969614 0.00954274 0.00110787 0.001341 0.000874739 0.00331148 7.66977e-05 0.000233128 6.30988e-05 5.05068e-05
0.776205 0.00900008 0.00907243 0.00892774 0.00103115 0.0012511 0.000811198 0.00315625 7.23443e-05 0.00021995 5.95751e-05 4.7735e-05
0.779596 0.00841033 0.00847851 0.00834215 0.000958733 0.00116607 0.000751392 0.003006 6.8179e-05 0.000207341 5.61985e-05 4.50743e-05
0.782986 0.00784935 0.00791355 0.00778515 0.000890441 0.00108573 0.000695156 0.00286066 6.4196e-05 0.000195285 5.29648e-05 4.25221e-05
0.786377 0.00731632 0.00737671 0.00725593 0.000826094 0.00100986 0.000642329 0.00272014 6.039e-05 0.000183765 4.98703e-05 4.00757e-05
0.789768 0.00681041 0.00686716 0.00675365 0.000765522 0.000938286 0.000592758 0.00258436 5.67554e-05 0.000172764 4.69109e-05 3.77324e-05
0.793159 0.00633078 0.00638407 0.00627749 0.000708556 0.000870822 0.00054629 0.00245324 5.3287e-05 0.000162266 4.40829e-05 3.54895e-05
0.79655 0.0058766 0.00592658 0.00582662 0.000655034 0.000807289 0.000502779 0.0023267 4.99796e-05 0.000152255 4.13823e-05 3.33446e-05
0.799941 0.00544703 0.00549386 0.00540021 0.000604799 0.000747514 0.000462084 0.00220465 4.68281e-05 0.000142715 3.88055e-05 3.12949e-05
0.803332 0.00504126 0.00508509 0.00499744 0.000557697 0.000691328 0.000424066 0.00208702 4.38274e-05 0.000133631 3.63488e-05 2.93378e-05
0.806722 0.00465845 0.00469943 0.00461748 0.00051358 0.000638568 0.000388591 0.00197371 4.09726e-05 0.000124988 3.40085e-05 2.74708e-05
0.810113 0.00429779 0.00433605 0.00425953 0.000472304 0.000589075 0.000355532 0.00186466 3.82589e-05 0.000116772 3.17809e-05 2.56914e-05
0.813504 0.00395845 0.00399413 0.00392277 0.000433729 0.000542696 0.000324763 0.00175977 3.56816e-05 0.000108966 2.96626e-05 2.3997e-05
0.816895 0.00363962 0.00367286 0.00360639 0.000397722 0.00049928 0.000296163 0.00165896 3.32359e-05 0.000101559 2.76501e-05 2.2385e-05
0.820286 0.00334051 0.00337143 0.00330959 0.000364151 0.000458685 0.000269616 0.00156215 3.09174e-05 9.45344e-05 2.57399e-05 2.0853e-05
0.823677 0.00306031 0.00308903 0.00303159 0.00033289 0.00042077 0.00024501 0.00146926 2.87216e-05 8.788e-05 2.39286e-05 1.93986e-05
0.827067 0.00279824 0.00282489 0.0027716 0.000303819 0.000385401 0.000222237 0.0013802 2.6644e-05 8.15822e-05 2.22129e-05 1.80193e-05
0.830458 0.00255353 0.00257821 0.00252885 0.000276819 0.000352446 0.000201191 0.00129489 2.46803e-05 7.56277e-05 2.05894e-05 1.67126e-05
0.833849 0.00232541 0.00234823 0.00230258 0.000251778 0.000321781 0.000181774 0.00121325 2.28264e-05 7.00039e-05 1.9055e-05 1.54762e-05
0.83724 0.00211311 0.00213419 0.00209203 0.000228586 0.000293284 0.000163888 0.00113519 2.10781e-05 6.46982e-05 1.76065e-05 1.43076e-05
0.840631 0.00191591 0.00193534 0.00189647 0.000207139 0.000266837 0.000147441 0.00106063 1.94313e-05 5.96982e-05 1.62406e-05 1.32047e-05
0.844022 0.00173307 0.00175095 0.00171519 0.000187336 0.000242328 0.000132344 0.000989486 1.78821e-05 5.4992e-05 1.49544e-05 1.2165e-05
0.847412 0.00156387 0.0015803 0.00154745 0.000169081 0.000219649 0.000118513 0.000921675 1.64266e-05 5.05679e-05 1.37448e-05 1.11862e-05
0.850803 0.00140763 0.00142269 0.00139257 0.00015228 0.000198694 0.000105865 0.000857113 1.50609e-05 4.64143e-05 1.26087e-05 1.02661e-05
0.854194 0.00126364 0.00127743 0.00124986 0.000136843 0.000179363 9.43234e-05 0.000795717 1.37813e-05 4.252e-05 1.15433e-05 9.40244e-06
0.857585 0.00113125 0.00114384 0.00111867 0.000122687 0.000161561 8.38131e-05 0.000737402 1.25843e-05 3.8874e-05 1.05457e-05 8.59305e-06
0.860976 0.00100981 0.00102127 0.000998339 0.000109729 0.000145194 7.42633e-05 0.000682087 1.14661e-05 3.54655e-05 9.61309e-06 7.83574e-06
0.864367 0.000898664 0.000909087 0.000888241 9.78905e-05 0.000130175 6.56063e-05 0.000629686 1.04234e-05 3.22842e-05 8.74263e-06 7.12837e-06
0.867757 0.000797212 0.000806665 0.000787759 8.70975e-05 0.000116417 5.77779e-05 0.000580118 9.4527e-06 2.93197e-05 7.93164e-06 6.46884e-06
0.871148 0.000704851 0.000713401 0.0006963 7.72787e-05 0.000103841 5.07167e-05 0.000533297 8.55065e-06 2.6562e-05 7.17744e-06 5.85507e-06
0.874539 0.000621 0.000628714 0.000613286 6.83663e-05 9.23677e-05 4.43648e-05 0.000489143 7.71403e-06 2.40015e-05 6.47742e-06 5.28502e-06
0.87793 0.000545099 0.000552038 0.000538159 6.02956e-05 8.19241e-05 3.86671e-05 0.00044757 6.93964e-06 2.16285e-05 5.82902e-06 4.75669e-06
0.881321 0.000476606 0.000482831 0.000470382 5.30054e-05 7.24393e-05 3.35716e-05 0.000408498 6.22438e-06 1.94339e-05 5.22973e-06 4.2681e-06
0.884712 0.000415 0.000420566 0.000409435 4.64375e-05 6.3846e-05 2.90289e-05 0.000371842 5.56523e-06 1.74086e-05 4.67711e-06 3.81734e-06
0.888102 0.000359779 0.000364738 0.00035482 4.05365e-05 5.60802e-05 2.49927e-05 0.00033752 4.95924e-06 1.55437e-05 4.16875e-06 3.40249e-06
0.891493 0.000310462 0.000314865 0.000306058 3.52501e-05 4.9081e-05 2.14193e-05 0.000305451 4.40353e-06 1.38309e-05 3.70232e-06 3.02171e-06
0.894884 0.000266588 0.000270483 0.000262692 3.0529e-05 4.27906e-05 1.82674e-05 0.000275552 3.89531e-06 1.22616e-05 3.27553e-06 2.67317e-06
0.898275 0.000227716 0.000231148 0.000224284 2.63265e-05 3.71544e-05 1.54986e-05 0.000247742 3.43186e-06 1.08279e-05 2.88615e-06 2.35509e-06
0.901666 0.000193428 0.000196438 0.000190417 2.25986e-05 3.21204e-05 1.30767e-05 0.000221939 3.01053e-06 9.52185e-06 2.53202e-06 2.06574e-06
0.905057 0.000163324 0.000165953 0.000160695 1.93039e-05 2.76397e-05 1.09681e-05 0.000198062 2.62876e-06 8.33584e-06 2.21102e-06 1.80342e-06
0.908447 0.000137026 0.00013931 0.000134742 1.64036e-05 2.36661e-05 9.14112e-06 0.000176032 2.28405e-06 7.26247e-06 1.92109e-06 1.56648e-06
0.911838 0.000114177 0.000116151 0.000112203 1.38612e-05 2.01557e-05 7.56663e-06 0.000155767 1.97399e-06 6.29455e-06 1.66023e-06 1.35329e-06
0.915229 9.44394e-05 9.61357e-05 9.27432e-05 1.16426e-05 1.70678e-05 6.21748e-06 0.000137188 1.69624e-06 5.42515e-06 1.42651e-06 1.16229e-06
0.91862 7.74961e-05 7.89447e-05 7.60476e-05 9.71609e-06 1.43636e-05 5.06855e-06 0.000120216 1.44854e-06 4.64754e-06 1.21804e-06 9.91956e-07
0.922011 6.30504e-05 6.42791e-05 6.18217e-05 8.05194e-06 1.20072e-05 4.09671e-06 0.000104772 1.2287e-06 3.95522e-06 1.033e-06 8.40808e-07
0.925402 5.08252e-05 5.18598e-05 4.97906e-05 6.62262e-06 9.96454e-06 3.28069e-06 9.07792e-05 1.03461e-06 3.34192e-06 8.69641e-07 7.0741e-07
0.928792 4.05627e-05 4.14269e-05 3.96985e-05 5.40259e-06 8.20419e-06 2.601e-06 7.81591e-05 8.64235e-07 2.80159e-06 7.26249e-07 5.90376e-07
0.932183 3.20244e-05 3.274e-05 3.13088e-05 4.36827e-06 6.69668e-06 2.03986e-06 6.68357e-05 7.1562e-07 2.32841e-06 6.0119e-07 4.88366e-07
0.935574 2.49902e-05 2.55771e-05 2.44034e-05 3.49789e-06 5.41465e-06 1.58113e-06 5.67329e-05 5.86887e-07 1.91676e-06 4.92889e-07 4.00088e-07
0.938965 1.92585e-05 1.97348e-05 1.87823e-05 2.77147e-06 4.33276e-06 1.21019e-06 4.77761e-05 4.76233e-07 1.56128e-06 3.9983e-07 3.24302e-07
0.942356 1.46453e-05 1.50273e-05 1.42634e-05 2.17073e-06 3.42754e-06 9.13918e-07 3.98911e-05 3.81935e-07 1.25681e-06 3.20562e-07 2.59814e-07
0.945747 1.09836e-05 1.1286e-05 1.06813e-05 1.67898e-06 2.6774e-06 6.80557e-07 3.30052e-05 3.02346e-07 9.9842e-07 2.537e-07 2.05485e-07
0.949137 8.12325e-06 8.35915e-06 7.88735e-06 1.28107e-06 2.06247e-06 4.99667e-07 2.70466e-05 2.35901e-07 7.81401e-07 1.9792e-07 1.60227e-07
0.952528 5.92992e-06 6.11103e-06 5.7488e-06 9.63314e-07 1.56459e-06 3.6204e-07 2.19451e-05 1.81112e-07 6.01275e-07 1.51966e-07 1.23003e-07
0.955919 4.28474e-06 4.42131e-06 4.14817e-06 7.13413e-07 1.1672e-06 2.59626e-07 1.7632e-05 1.36571e-07 4.53788e-07 1.14647e-07 9.28334e-08
0.95931 3.08357e-06 3.18452e-06 2.98262e-06 5.20376e-07 8.5529e-07 1.85462e-07 1.40404e-05 1.00951e-07 3.34914e-07 8.48412e-08 6.87904e-08
0.962701 2.23639e-06 2.30939e-06 2.16338e-06 3.7446e-07 6.1532e-07 1.33601e-07 1.11061e-05 7.30077e-08 2.40859e-07 6.14922e-08 5.00041e-08
0.966092 1.66667e-06 1.71825e-06 1.6151e-06 2.67109e-07 4.3517e-07 9.90489e-08 8.76784e-06 5.15768e-08 1.6806e-07 4.36146e-08 3.56608e-08
0.969482 1.31098e-06 1.34656e-06 1.2754e-06 1.90902e-07 3.04093e-07 7.77119e-08 6.96884e-06 3.55784e-08 1.1319e-07 3.02925e-08 2.50053e-08
0.972873 1.11878e-06 1.14279e-06 1.09476e-06 1.39525e-07 2.12687e-07 6.63636e-08 5.65918e-06 2.40164e-08 7.31615e-08 2.06815e-08 1.73413e-08
0.976264 1.05299e-06 1.06897e-06 1.03701e-06 1.07789e-07 1.52919e-07 6.26594e-08 4.80059e-06 1.59793e-08 4.51299e-08 1.40084e-08 1.20317e-08
0.979655 1.09257e-06 1.10321e-06 1.08193e-06 9.17716e-08 1.18271e-07 6.52717e-08 4.37773e-06 1.06403e-08 2.64999e-08 9.57185e-09 8.49887e-09
0.983046 1.24121e-06 1.24846e-06 1.23395e-06 8.93326e-08 1.04262e-07 7.44028e-08 4.42905e-06 7.25409e-09 1.49298e-08 6.73892e-09 6.22083e-09
0.986437 1.56196e-06 1.5671e-06 1.55681e-06 1.02191e-07 1.10524e-07 9.38582e-08 5.15699e-06 5.14445e-09 8.33269e-09 4.9313e-09 4.71662e-09
0.989827 2.39725e-06 2.40089e-06 2.39362e-06 1.4916e-07 1.54014e-07 1.44306e-07 7.55797e-06 3.63141e-09 4.8536e-09 3.55005e-09 3.46797e-09
0.993218 1.22864e-05 1.22868e-05 1.22861e-05 7.43892e-07 7.47083e-07 7.40701e-07 4.50513e-05 3.75752e-10 3.19126e-09 1.88791e-10 2.11758e-22
4.01075e-314 inf inf inf inf inf inf 0.000311127 18.1137 0.642042 0.440416 0.286737
