9.72476e-05 4.33949 4.72464 3.95434 1.59711 1.85142 1.34281 11.2368 0.385148 0.254306 0.17875 0.170327
0.0001 4.31172 4.69555 3.9279 1.58676 1.83977 1.33376 11.1239 0.383823 0.253009 0.177301 0.168787
0.00010283 4.28424 4.66675 3.90174 1.57652 1.82824 1.3248 11.0119 0.382509 0.251723 0.175864 0.167258
0.000105741 4.25736 4.63856 3.87615 1.56649 1.81693 1.31604 10.9008 0.381205 0.250449 0.174438 0.16574
0.000108734 4.22964 4.60955 3.84973 1.55617 1.80536 1.30699 10.7906 0.379911 0.249185 0.173024 0.164232
0.000111811 4.20209 4.58072 3.82346 1.54593 1.79386 1.29799 10.6814 0.378628 0.247934 0.171621 0.162735
0.000114976 4.17469 4.55204 3.79733 1.53574 1.78243 1.28905 10.5731 0.377354 0.246692 0.17023 0.161249
0.00011823 4.14745 4.52354 3.77136 1.52561 1.77108 1.28015 10.4656 0.37609 0.245463 0.16885 0.159773
0.000121576 4.12036 4.4952 3.74552 1.51555 1.75979 1.27131 10.3591 0.374836 0.244244 0.167482 0.158308
0.000125017 4.09343 4.46702 3.71984 1.50555 1.74858 1.26251 10.2535 0.373592 0.243036 0.166125 0.156853
0.000128556 4.06665 4.43901 3.69429 1.4956 1.73744 1.25376 10.1487 0.372358 0.241838 0.164779 0.155408
0.000132194 4.04003 4.41116 3.66889 1.48572 1.72637 1.24507 10.0448 0.371133 0.240652 0.163445 0.153973
0.000135936 4.01355 4.38347 3.64364 1.4759 1.71537 1.23642 9.94182 0.369917 0.239476 0.162122 0.152549
0.000139783 3.98723 4.35594 3.61852 1.46613 1.70445 1.22782 9.83968 0.368711 0.238311 0.160809 0.151134
0.000143739 3.96106 4.32858 3.59355 1.45643 1.69359 1.21928 9.73839 0.367514 0.237156 0.159508 0.14973
0.000147808 3.93504 4.30137 3.56872 1.44679 1.6828 1.21077 9.63796 0.366327 0.236012 0.158218 0.148336
0.000151991 3.90917 4.27432 3.54402 1.4372 1.67208 1.20232 9.53837 0.365149 0.234879 0.156939 0.146952
0.000156293 3.88345 4.24743 3.51947 1.42767 1.66143 1.19392 9.43963 0.363979 0.233755 0.155671 0.145577
0.000160717 3.85788 4.2207 3.49506 1.41821 1.65085 1.18556 9.34171 0.362819 0.232642 0.154413 0.144213
0.000165265 3.83245 4.19412 3.47078 1.40879 1.64033 1.17725 9.24463 0.361668 0.23154 0.153167 0.142858
0.000169943 3.80717 4.1677 3.44665 1.39944 1.62989 1.16899 9.14837 0.360525 0.230447 0.151931 0.141513
0.000174753 3.78204 4.14143 3.42265 1.39015 1.61951 1.16078 9.05292 0.359392 0.229365 0.150706 0.140177
0.000179699 3.75705 4.11531 3.39878 1.38091 1.6092 1.15261 8.95829 0.358266 0.228293 0.149492 0.138851
0.000184785 3.73221 4.08936 3.37506 1.37173 1.59896 1.14449 8.86446 0.35715 0.227231 0.148288 0.137535
0.000190015 3.7075 4.06354 3.35146 1.3626 1.58878 1.13642 8.77143 0.356042 0.226178 0.147095 0.136228
0.000195393 3.68294 4.03789 3.328 1.35353 1.57867 1.12839 8.67919 0.354942 0.225136 0.145912 0.134931
0.000200923 3.65853 4.01238 3.30468 1.34452 1.56862 1.12041 8.58774 0.353851 0.224104 0.14474 0.133643
0.00020661 3.63426 3.98702 3.28149 1.33556 1.55864 1.11248 8.49708 0.352768 0.223081 0.143578 0.132364
0.000212458 3.61012 3.96181 3.25843 1.32666 1.54872 1.10459 8.40719 0.351693 0.222068 0.142426 0.131095
0.000218471 3.58613 3.93676 3.2355 1.31781 1.53888 1.09675 8.31806 0.350627 0.221065 0.141286 0.129835
0.000224655 3.56227 3.91184 3.21271 1.30902 1.52909 1.08895 8.2297 0.349568 0.220071 0.140155 0.128583
0.000231013 3.53856 3.88707 3.19004 1.30028 1.51937 1.08119 8.14211 0.348517 0.219087 0.139034 0.127341
0.000237551 3.51498 3.86246 3.16751 1.2916 1.50971 1.07349 8.05526 0.347474 0.218112 0.137924 0.126109
0.000244275 3.49154 3.83798 3.1451 1.28297 1.50012 1.06582 7.96916 0.346439 0.217147 0.136824 0.124885
0.000251189 3.46824 3.81365 3.12283 1.27439 1.49058 1.0582 7.88381 0.345411 0.216191 0.135734 0.12367
0.000258298 3.44507 3.78946 3.10068 1.26587 1.48112 1.05063 7.79919 0.344391 0.215244 0.134654 0.122464
0.000265609 3.42204 3.76541 3.07866 1.2574 1.47171 1.0431 7.71531 0.343378 0.214306 0.133584 0.121266
0.000273126 3.39914 3.74151 3.05676 1.24899 1.46237 1.03561 7.63215 0.342373 0.213378 0.132524 0.120078
0.000280857 3.37637 3.71775 3.035 1.24063 1.45308 1.02817 7.54971 0.341375 0.212459 0.131474 0.118898
0.000288806 3.35374 3.69413 3.01336 1.23231 1.44386 1.02077 7.46798 0.340384 0.211549 0.130433 0.117727
0.00029698 3.33124 3.67064 2.99184 1.22406 1.4347 1.01341 7.38698 0.3394 0.210648 0.129403 0.116565
0.000305386 3.30888 3.6473 2.97045 1.21585 1.42561 1.00609 7.30667 0.338423 0.209756 0.128383 0.115411
0.000314029 3.28664 3.62409 2.94919 1.2077 1.41657 0.998823 7.22706 0.337454 0.208873 0.127372 0.114266
0.000322917 3.26453 3.60102 2.92804 1.19959 1.40759 0.991594 7.14815 0.336491 0.207998 0.126371 0.113129
0.000332057 3.24256 3.57809 2.90702 1.19154 1.39867 0.984408 7.06993 0.335534 0.207132 0.125379 0.112001
0.000341455 3.22071 3.5553 2.88613 1.18354 1.38982 0.977264 6.99239 0.334585 0.206276 0.124397 0.110881
0.000351119 3.19899 3.53263 2.86535 1.17559 1.38102 0.970162 6.91554 0.333642 0.205427 0.123425 0.109769
0.000361057 3.1774 3.51011 2.8447 1.16769 1.37228 0.963101 6.83936 0.332705 0.204588 0.122463 0.108666
0.000371276 3.15594 3.48771 2.82416 1.15984 1.3636 0.956083 6.76384 0.331775 0.203756 0.12151 0.107571
0.000381784 3.1346 3.46545 2.80375 1.15204 1.35497 0.949105 6.689 0.330851 0.202934 0.120566 0.106484
0.00039259 3.11339 3.44332 2.78346 1.14429 1.34641 0.942169 6.61481 0.329933 0.202119 0.119632 0.105406
0.000403702 3.0923 3.42132 2.76328 1.13659 1.3379 0.935273 6.54128 0.329021 0.201314 0.118707 0.104335
0.000415128 3.07134 3.39946 2.74323 1.12894 1.32945 0.928419 6.46839 0.328115 0.200516 0.117791 0.103273
0.000426877 3.0505 3.37772 2.72329 1.12133 1.32106 0.921605 6.39616 0.327215 0.199727 0.116885 0.102218
0.000438959 3.02979 3.35611 2.70347 1.11378 1.31272 0.914832 6.32456 0.326321 0.198945 0.115988 0.101172
0.000451383 3.00919 3.33462 2.68376 1.10627 1.30444 0.908099 6.2536 0.325432 0.198172 0.1151 0.100134
0.000464159 2.98872 3.31327 2.66417 1.09881 1.29622 0.901405 6.18327 0.324549 0.197407 0.114222 0.0991029
0.000477296 2.96837 3.29204 2.6447 1.0914 1.28805 0.894753 6.11357 0.323671 0.19665 0.113352 0.0980802
0.000490805 2.94814 3.27094 2.62534 1.08404 1.27994 0.888138 6.04449 0.322799 0.195901 0.112492 0.0970651
0.000504697 2.92803 3.24996 2.6061 1.07672 1.27189 0.881564 5.97602 0.321932 0.19516 0.111641 0.096058
0.000518981 2.90804 3.22911 2.58697 1.06946 1.26388 0.875029 5.90817 0.32107 0.194427 0.110799 0.0950584
0.00053367 2.88817 3.20838 2.56795 1.06223 1.25594 0.868533 5.84093 0.320213 0.193701 0.109965 0.0940666
0.000548775 2.86841 3.18777 2.54905 1.05506 1.24804 0.862076 5.77429 0.319361 0.192984 0.109141 0.0930824
0.000564307 2.84877 3.16729 2.53026 1.04793 1.24021 0.855659 5.70824 0.318514 0.192274 0.108326 0.0921058
0.000580278 2.82925 3.14692 2.51158 1.04085 1.23242 0.849279 5.6428 0.317671 0.191571 0.107519 0.0911367
0.000596702 2.80985 3.12668 2.49301 1.03381 1.22469 0.842937 5.57794 0.316834 0.190876 0.106721 0.0901751
0.000613591 2.79056 3.10656 2.47456 1.02682 1.21701 0.836634 5.51366 0.316 0.190188 0.105932 0.0892209
0.000630957 2.77138 3.08655 2.45621 1.01988 1.20939 0.830369 5.44998 0.315171 0.189508 0.105152 0.0882742
0.000648815 2.75232 3.06667 2.43798 1.01298 1.20181 0.824142 5.38686 0.314346 0.188836 0.10438 0.0873349
0.000667179 2.73337 3.0469 2.41985 1.00612 1.19429 0.817952 5.32432 0.313525 0.18817 0.103617 0.0864029
0.000686062 2.71454 3.02725 2.40183 0.999311 1.18682 0.8118 5.26234 0.312709 0.187512 0.102863 0.0854782
0.00070548 2.69581 3.00771 2.38392 0.992545 1.17941 0.805684 5.20094 0.311896 0.186861 0.102117 0.0845607
0.000725448 2.6772 2.98829 2.36612 0.985824 1.17204 0.799607 5.14008 0.311086 0.186217 0.10138 0.0836505
0.00074598 2.6587 2.96898 2.34842 0.979145 1.16473 0.793565 5.07979 0.310281 0.18558 0.100652 0.0827473
0.000767094 2.64031 2.94979 2.33083 0.972512 1.15746 0.787561 5.02005 0.309479 0.18495 0.0999314 0.0818514
0.000788805 2.62203 2.93071 2.31335 0.965921 1.15025 0.781594 4.96085 0.30868 0.184327 0.0992196 0.0809626
0.000811131 2.60386 2.91174 2.29597 0.959373 1.14308 0.775662 4.9022 0.307885 0.183711 0.0985161 0.0800808
0.000834088 2.58579 2.89288 2.2787 0.952869 1.13597 0.769767 4.84408 0.307093 0.183102 0.0978211 0.0792061
0.000857696 2.56783 2.87414 2.26153 0.946407 1.12891 0.763908 4.78651 0.306303 0.182499 0.0971342 0.0783382
0.000881971 2.54999 2.8555 2.24447 0.939988 1.12189 0.758085 4.72946 0.305517 0.181903 0.0964557 0.0774774
0.000906934 2.53224 2.83697 2.22751 0.933611 1.11493 0.752297 4.67294 0.304733 0.181314 0.0957853 0.0766234
0.000932603 2.5146 2.81856 2.21065 0.927277 1.10801 0.746546 4.61694 0.303952 0.180732 0.0951231 0.0757764
0.000958999 2.49707 2.80024 2.1939 0.920984 1.10114 0.740829 4.56146 0.303174 0.180155 0.094469 0.0749361
0.000986142 2.47964 2.78204 2.17725 0.914733 1.09432 0.735147 4.50649 0.302397 0.179586 0.093823 0.0741027
0.00101405 2.46232 2.76394 2.1607 0.908523 1.08755 0.729501 4.45204 0.301623 0.179022 0.093185 0.073276
0.00104275 2.4451 2.74595 2.14425 0.902354 1.08082 0.723889 4.39809 0.300851 0.178465 0.092555 0.072456
0.00107227 2.42798 2.72806 2.1279 0.896227 1.07414 0.718313 4.34465 0.300081 0.177914 0.091933 0.0716428
0.00110262 2.41096 2.71028 2.11165 0.89014 1.06751 0.71277 4.29171 0.299312 0.177369 0.0913189 0.0708361
0.00113382 2.39405 2.69259 2.0955 0.884093 1.06092 0.707262 4.23926 0.298546 0.176831 0.0907126 0.0700361
0.00116591 2.37723 2.67501 2.07945 0.878087 1.05438 0.701789 4.18731 0.29778 0.176298 0.0901141 0.0692426
0.00119891 2.36052 2.65753 2.0635 0.87212 1.04789 0.696349 4.13584 0.297016 0.175772 0.0895234 0.0684557
0.00123285 2.3439 2.64016 2.04765 0.866194 1.04144 0.690943 4.08486 0.296253 0.175251 0.0889404 0.0676753
0.00126774 2.32739 2.62288 2.0319 0.860307 1.03504 0.685571 4.03436 0.295491 0.174736 0.0883651 0.0669014
0.00130362 2.31097 2.6057 2.01624 0.854459 1.02869 0.680233 3.98434 0.29473 0.174227 0.0877974 0.0661339
0.00134052 2.29465 2.58862 2.00068 0.848651 1.02237 0.674928 3.93479 0.293969 0.173723 0.0872373 0.0653728
0.00137846 2.27843 2.57164 1.98522 0.842881 1.01611 0.669656 3.88571 0.293209 0.173225 0.0866848 0.0646182
0.00141747 2.2623 2.55475 1.96985 0.83715 1.00988 0.664417 3.8371 0.292449 0.172733 0.0861397 0.0638698
0.00145759 2.24627 2.53796 1.95458 0.831457 1.0037 0.659211 3.78895 0.29169 0.172246 0.085602 0.0631277
0.00149885 2.23033 2.52126 1.9394 0.825802 0.997566 0.654038 3.74126 0.29093 0.171764 0.0850717 0.0623919
0.00154127 2.21449 2.50466 1.92432 0.820185 0.991473 0.648897 3.69403 0.290171 0.171288 0.0845487 0.0616624
0.00158489 2.19874 2.48815 1.90933 0.814606 0.985423 0.643789 3.64725 0.28941 0.170817 0.084033 0.060939
0.00162975 2.18309 2.47174 1.89444 0.809065 0.979416 0.638713 3.60091 0.28865 0.170351 0.0835246 0.0602218
0.00167588 2.16753 2.45542 1.87964 0.80356 0.973451 0.63367 3.55503 0.287888 0.169891 0.0830233 0.0595108
0.00172331 2.15206 2.43918 1.86493 0.798093 0.967528 0.628658 3.50959 0.287126 0.169435 0.0825291 0.0588059
0.00177209 2.13668 2.42304 1.85032 0.792662 0.961647 0.623678 3.46458 0.286363 0.168984 0.082042 0.058107
0.00182224 2.12139 2.40699 1.83579 0.787268 0.955806 0.61873 3.42002 0.285598 0.168538 0.0815619 0.0574142
0.00187382 2.10619 2.39102 1.82136 0.781911 0.950008 0.613813 3.37588 0.284832 0.168097 0.0810887 0.0567274
0.00192685 2.09108 2.37515 1.80702 0.776589 0.944249 0.608928 3.33218 0.284065 0.167661 0.0806224 0.0560466
0.00198139 2.07606 2.35936 1.79277 0.771303 0.938532 0.604074 3.2889 0.283295 0.167229 0.0801629 0.0553717
0.00203747 2.06113 2.34366 1.77861 0.766053 0.932854 0.599251 3.24604 0.282524 0.166801 0.0797102 0.0547028
0.00209514 2.04629 2.32804 1.76454 0.760838 0.927216 0.59446 3.20361 0.28175 0.166378 0.0792642 0.0540397
0.00215443 2.03153 2.3125 1.75056 0.755658 0.921618 0.589698 3.16159 0.280974 0.16596 0.0788249 0.0533825
0.00221541 2.01686 2.29706 1.73667 0.750513 0.916059 0.584968 3.11998 0.280195 0.165546 0.0783921 0.0527311
0.00227812 2.00228 2.28169 1.72286 0.745403 0.910539 0.580268 3.07879 0.279413 0.165135 0.0779658 0.0520856
0.00234259 1.98778 2.2664 1.70915 0.740328 0.905057 0.575598 3.038 0.278628 0.164729 0.077546 0.0514457
0.0024089 1.97336 2.2512 1.69552 0.735286 0.899614 0.570959 2.99761 0.27784 0.164327 0.0771325 0.0508117
0.00247708 1.95903 2.23608 1.68198 0.730279 0.894208 0.56635 2.95763 0.277049 0.163929 0.0767254 0.0501833
0.00254719 1.94478 2.22103 1.66853 0.725305 0.88884 0.56177 2.91804 0.276254 0.163535 0.0763244 0.0495606
0.00261928 1.93061 2.20607 1.65516 0.720365 0.883509 0.557221 2.87885 0.275454 0.163144 0.0759297 0.0489436
0.00269341 1.91653 2.19118 1.64188 0.715458 0.878215 0.552701 2.84005 0.274651 0.162757 0.075541 0.0483321
0.00276965 1.90253 2.17637 1.62868 0.710584 0.872958 0.548211 2.80165 0.273843 0.162374 0.0751583 0.0477263
0.00284804 1.88861 2.16164 1.61557 0.705743 0.867737 0.543749 2.76362 0.273031 0.161994 0.0747816 0.047126
0.00292864 1.87476 2.14698 1.60255 0.700935 0.862552 0.539318 2.72598 0.272214 0.161617 0.0744107 0.0465313
0.00301153 1.861 2.13239 1.58961 0.696158 0.857402 0.534915 2.68873 0.271392 0.161243 0.0740456 0.045942
0.00309677 1.84732 2.11788 1.57675 0.691414 0.852287 0.530541 2.65184 0.270564 0.160873 0.0736862 0.0453582
0.00318442 1.83371 2.10344 1.56398 0.686702 0.847208 0.526197 2.61534 0.269731 0.160506 0.0733324 0.0447799
0.00327455 1.82018 2.08907 1.55129 0.682022 0.842163 0.52188 2.5792 0.268892 0.160141 0.0729841 0.044207
0.00336723 1.80673 2.07478 1.53868 0.677372 0.837152 0.517593 2.54344 0.268047 0.15978 0.0726413 0.0436395
0.00346253 1.79335 2.06055 1.52616 0.672754 0.832175 0.513334 2.50804 0.267196 0.159421 0.0723038 0.0430773
0.00356053 1.78005 2.04639 1.51372 0.668167 0.827231 0.509103 2.47301 0.266338 0.159064 0.0719715 0.0425204
0.00366131 1.76683 2.0323 1.50136 0.66361 0.82232 0.5049 2.43833 0.265473 0.15871 0.0716445 0.0419689
0.00376494 1.75368 2.01828 1.48908 0.659084 0.817442 0.500725 2.40402 0.264601 0.158359 0.0713224 0.0414226
0.0038715 1.7406 2.00432 1.47688 0.654587 0.812597 0.496578 2.37006 0.263722 0.158009 0.0710054 0.0408816
0.00398107 1.7276 1.99043 1.46476 0.650121 0.807783 0.492459 2.33645 0.262836 0.157662 0.0706932 0.0403458
0.00409375 1.71466 1.9766 1.45272 0.645685 0.803001 0.488368 2.3032 0.261941 0.157317 0.0703858 0.0398151
0.00420962 1.7018 1.96284 1.44076 0.641277 0.798251 0.484304 2.27029 0.261038 0.156973 0.070083 0.0392897
0.00432876 1.68901 1.94914 1.42889 0.636899 0.793531 0.480267 2.23772 0.260127 0.156632 0.0697848 0.0387693
0.00445128 1.67629 1.9355 1.41709 0.63255 0.788842 0.476258 2.2055 0.259207 0.156292 0.069491 0.0382541
0.00457727 1.66364 1.92192 1.40537 0.628229 0.784182 0.472276 2.17362 0.258279 0.155953 0.0692015 0.037744
0.00470682 1.65106 1.90841 1.39372 0.623937 0.779553 0.468321 2.14208 0.257341 0.155616 0.0689163 0.0372389
0.00484003 1.63855 1.89495 1.38216 0.619672 0.774953 0.464392 2.11087 0.256393 0.15528 0.0686352 0.0367388
0.00497702 1.62611 1.88154 1.37067 0.615436 0.770381 0.46049 2.08 0.255436 0.154945 0.068358 0.0362437
0.00511789 1.61373 1.8682 1.35926 0.611227 0.765839 0.456616 2.04945 0.254469 0.154612 0.0680847 0.0357536
0.00526274 1.60142 1.85491 1.34793 0.607046 0.761324 0.452767 2.01924 0.253491 0.154278 0.0678152 0.0352684
0.0054117 1.58918 1.84168 1.33667 0.602891 0.756837 0.448945 1.98935 0.252503 0.153946 0.0675492 0.0347881
0.00556486 1.577 1.8285 1.32549 0.598764 0.752378 0.445149 1.95978 0.251503 0.153614 0.0672867 0.0343127
0.00572237 1.56488 1.81537 1.31439 0.594662 0.747945 0.441379 1.93053 0.250493 0.153283 0.0670276 0.0338422
0.00588433 1.55283 1.8023 1.30336 0.590587 0.743539 0.437636 1.9016 0.249471 0.152952 0.0667717 0.0333765
0.00605088 1.54084 1.78928 1.29241 0.586538 0.739159 0.433918 1.87299 0.248437 0.15262 0.0665188 0.0329156
0.00622213 1.52892 1.77631 1.28153 0.582515 0.734804 0.430226 1.84469 0.247391 0.152289 0.0662689 0.0324594
0.00639824 1.51705 1.76339 1.27072 0.578517 0.730475 0.426559 1.8167 0.246332 0.151958 0.0660217 0.032008
0.00657933 1.50525 1.75051 1.25999 0.574544 0.72617 0.422919 1.78902 0.245261 0.151626 0.0657772 0.0315613
0.00676555 1.49351 1.73769 1.24933 0.570596 0.72189 0.419303 1.76165 0.244177 0.151293 0.0655352 0.0311194
0.00695704 1.48183 1.72491 1.23875 0.566673 0.717633 0.415713 1.73458 0.24308 0.15096 0.0652955 0.030682
0.00715394 1.47021 1.71218 1.22824 0.562774 0.7134 0.412148 1.70781 0.241969 0.150626 0.065058 0.0302493
0.00735642 1.45865 1.69949 1.2178 0.558899 0.70919 0.408608 1.68135 0.240844 0.150291 0.0648225 0.0298212
0.00756463 1.44714 1.68685 1.20744 0.555047 0.705002 0.405093 1.65518 0.239705 0.149955 0.0645889 0.0293977
0.00777874 1.43569 1.67425 1.19714 0.551219 0.700836 0.401602 1.6293 0.238551 0.149617 0.0643569 0.0289788
0.0079989 1.4243 1.66169 1.18692 0.547414 0.696692 0.398137 1.60373 0.237383 0.149278 0.0641265 0.0285643
0.0082253 1.41297 1.64917 1.17677 0.543632 0.692569 0.394696 1.57844 0.2362 0.148937 0.0638975 0.0281544
0.0084581 1.40169 1.63669 1.16669 0.539873 0.688467 0.39128 1.55344 0.235001 0.148594 0.0636696 0.0277489
0.00869749 1.39047 1.62425 1.15668 0.536136 0.684384 0.387888 1.52873 0.233787 0.148248 0.0634428 0.0273478
0.00894366 1.3793 1.61186 1.14674 0.532421 0.680321 0.38452 1.5043 0.232556 0.147901 0.0632167 0.0269512
0.00919679 1.36818 1.59949 1.13687 0.528727 0.676278 0.381176 1.48016 0.23131 0.147551 0.0629913 0.0265589
0.00945709 1.35712 1.58717 1.12708 0.525054 0.672252 0.377856 1.4563 0.230047 0.147198 0.0627664 0.026171
0.00972476 1.34611 1.57488 1.11735 0.521403 0.668245 0.37456 1.43272 0.228767 0.146842 0.0625417 0.0257874
0.01 1.33516 1.56263 1.10769 0.517772 0.664255 0.371288 1.40941 0.22747 0.146483 0.0623171 0.0254081
0.010283 1.32425 1.5504 1.09809 0.514161 0.660283 0.36804 1.38638 0.226156 0.146121 0.0620924 0.0250331
0.0105741 1.31339 1.53822 1.08857 0.510571 0.656327 0.364815 1.36362 0.224824 0.145756 0.0618674 0.0246623
0.0108734 1.30259 1.52606 1.07911 0.507 0.652386 0.361614 1.34113 0.223474 0.145386 0.0616419 0.0242957
0.0111811 1.29183 1.51394 1.06973 0.503449 0.648462 0.358436 1.31892 0.222107 0.145013 0.0614156 0.0239333
0.0114976 1.28113 1.50185 1.06041 0.499917 0.644552 0.355282 1.29696 0.22072 0.144635 0.0611884 0.023575
0.011823 1.27047 1.48979 1.05115 0.496403 0.640656 0.35215 1.27528 0.219316 0.144253 0.0609601 0.0232209
0.0121576 1.25986 1.47775 1.04197 0.492908 0.636774 0.349041 1.25385 0.217892 0.143866 0.0607305 0.0228708
0.0125017 1.2493 1.46575 1.03285 0.489431 0.632905 0.345956 1.23269 0.21645 0.143475 0.0604993 0.0225248
0.0128556 1.23878 1.45377 1.0238 0.485971 0.629049 0.342893 1.21179 0.214988 0.143078 0.0602664 0.0221828
0.0132194 1.22831 1.44182 1.01481 0.482529 0.625205 0.339853 1.19114 0.213506 0.142676 0.0600314 0.0218448
0.0135936 1.21789 1.4299 1.00589 0.479104 0.621372 0.336835 1.17075 0.212005 0.142269 0.0597943 0.0215108
0.0139783 1.20751 1.418 0.997029 0.475695 0.61755 0.33384 1.15061 0.210484 0.141855 0.0595548 0.0211808
0.0143739 1.19718 1.40612 0.988237 0.472303 0.613739 0.330867 1.13073 0.208943 0.141436 0.0593126 0.0208546
0.0147808 1.18689 1.39427 0.979511 0.468926 0.609937 0.327916 1.11109 0.207382 0.14101 0.0590675 0.0205323
0.0151991 1.17665 1.38245 0.970848 0.465566 0.606144 0.324988 1.0917 0.2058 0.140578 0.0588194 0.0202139
0.0156293 1.16645 1.37064 0.962249 0.46222 0.602359 0.322081 1.07256 0.204198 0.140139 0.058568 0.0198992
0.0160717 1.15629 1.35886 0.953714 0.458889 0.598582 0.319197 1.05366 0.202575 0.139693 0.058313 0.0195884
0.0165265 1.14617 1.3471 0.945243 0.455573 0.594812 0.316334 1.03501 0.200931 0.139239 0.0580543 0.0192813
0.0169943 1.1361 1.33537 0.936834 0.452271 0.591049 0.313493 1.01659 0.199266 0.138778 0.0577916 0.018978
0.0174753 1.12607 1.32365 0.928489 0.448982 0.587292 0.310673 0.998418 0.19758 0.138309 0.0575247 0.0186783
0.0179699 1.11608 1.31195 0.920206 0.445707 0.58354 0.307875 0.980479 0.195873 0.137832 0.0572533 0.0183823
0.0184785 1.10613 1.30028 0.911985 0.442445 0.579792 0.305098 0.962774 0.194145 0.137347 0.0569773 0.0180899
0.0190015 1.09622 1.28862 0.903826 0.439195 0.576048 0.302342 0.945303 0.192396 0.136853 0.0566964 0.0178011
0.0195393 1.08635 1.27698 0.895728 0.435958 0.572308 0.299607 0.928064 0.190626 0.13635 0.0564103 0.0175159
0.0200923 1.07653 1.26536 0.887692 0.432732 0.56857 0.296894 0.911055 0.188834 0.135838 0.056119 0.0172342
0.020661 1.06674 1.25376 0.879716 0.429518 0.564834 0.294201 0.894273 0.187021 0.135316 0.055822 0.016956
0.0212458 1.05699 1.24218 0.871801 0.426314 0.561099 0.291529 0.877718 0.185187 0.134785 0.0555193 0.0166812
0.0218471 1.04728 1.23061 0.863947 0.423121 0.557365 0.288878 0.861387 0.183332 0.134244 0.0552107 0.0164099
0.0224655 1.03761 1.21906 0.856152 0.419938 0.55363 0.286247 0.845278 0.181456 0.133692 0.0548958 0.016142
0.0231013 1.02798 1.20753 0.848417 0.416765 0.549895 0.283636 0.829391 0.179559 0.133129 0.0545745 0.0158775
0.0237551 1.01838 1.19602 0.840742 0.413602 0.546158 0.281045 0.813722 0.177641 0.132556 0.0542466 0.0156163
0.0244275 1.00883 1.18453 0.833125 0.410447 0.542419 0.278475 0.798271 0.175702 0.131972 0.0539118 0.0153584
0.0251189 0.99931 1.17305 0.825567 0.407301 0.538676 0.275925 0.783035 0.173743 0.131376 0.05357 0.0151038
0.0258298 0.989831 1.16159 0.818067 0.404162 0.53493 0.273394 0.768013 0.171764 0.130768 0.0532211 0.0148524
0.0265609 0.98039 1.15015 0.810626 0.401032 0.53118 0.270883 0.753203 0.169764 0.130148 0.0528647 0.0146042
0.0273126 0.970987 1.13873 0.803242 0.397908 0.527424 0.268392 0.738604 0.167745 0.129516 0.0525008 0.0143592
0.0280857 0.961621 1.12733 0.795915 0.394792 0.523663 0.26592 0.724213 0.165706 0.128871 0.0521291 0.0141173
0.0288806 0.952294 1.11594 0.788646 0.391681 0.519895 0.263468 0.710028 0.163648 0.128214 0.0517494 0.0138785
0.029698 0.943004 1.10458 0.781433 0.388577 0.51612 0.261034 0.696049 0.161571 0.127543 0.0513617 0.0136428
0.0305386 0.933752 1.09323 0.774276 0.385478 0.512337 0.258619 0.682272 0.159476 0.126859 0.0509658 0.0134101
0.0314029 0.924537 1.0819 0.767175 0.382384 0.508545 0.256224 0.668697 0.157362 0.12616 0.0505615 0.0131804
0.0322917 0.915361 1.07059 0.76013 0.379295 0.504743 0.253847 0.655322 0.155231 0.125448 0.0501487 0.0129537
0.0332057 0.906223 1.05931 0.753139 0.37621 0.500932 0.251488 0.642145 0.153083 0.124722 0.0497273 0.0127299
0.0341455 0.897122 1.04804 0.746204 0.373129 0.497109 0.249148 0.629164 0.150918 0.12398 0.0492971 0.012509
0.0351119 0.88806 1.0368 0.739323 0.370051 0.493275 0.246826 0.616377 0.148737 0.123224 0.0488581 0.012291
0.0361057 0.879036 1.02558 0.732496 0.366975 0.489428 0.244522 0.603782 0.14654 0.122453 0.0484101 0.0120758
0.0371276 0.870051 1.01438 0.725723 0.363902 0.485568 0.242236 0.591379 0.144328 0.121666 0.0479531 0.0118634
0.0381784 0.861105 1.00321 0.719003 0.360831 0.481695 0.239967 0.579164 0.142102 0.120864 0.0474871 0.0116537
0.039259 0.852198 0.99206 0.712335 0.357762 0.477807 0.237716 0.567137 0.139863 0.120045 0.0470119 0.0114468
0.0403702 0.84333 0.980939 0.70572 0.354693 0.473904 0.235482 0.555295 0.13761 0.119211 0.0465276 0.0112425
0.0415128 0.834502 0.969846 0.699157 0.351625 0.469985 0.233265 0.543636 0.135345 0.11836 0.046034 0.0110409
0.0426877 0.825713 0.958781 0.692645 0.348557 0.466049 0.231065 0.53216 0.133068 0.117492 0.0455313 0.010842
0.0438959 0.816965 0.947746 0.686185 0.345489 0.462096 0.228882 0.520863 0.130781 0.116607 0.0450194 0.0106456
0.0451383 0.808258 0.936741 0.679774 0.34242 0.458125 0.226715 0.509745 0.128483 0.115705 0.0444983 0.0104518
0.0464159 0.799592 0.925769 0.673414 0.339349 0.454135 0.224564 0.498803 0.126177 0.114785 0.043968 0.0102605
0.0477296 0.790967 0.91483 0.667104 0.336278 0.450126 0.222429 0.488036 0.123863 0.113848 0.0434287 0.0100717
0.0490805 0.782384 0.903925 0.660842 0.333203 0.446097 0.22031 0.477441 0.121542 0.112894 0.0428804 0.00988536
0.0504697 0.773843 0.893057 0.654629 0.330127 0.442047 0.218206 0.467018 0.119214 0.111921 0.0423232 0.00970144
0.0518981 0.765345 0.882226 0.648463 0.327047 0.437977 0.216117 0.456763 0.116881 0.11093 0.0417572 0.00951991
0.053367 0.75689 0.871434 0.642346 0.323964 0.433884 0.214043 0.446676 0.114544 0.109921 0.0411826 0.00934073
0.0548775 0.748479 0.860683 0.636274 0.320876 0.429769 0.211984 0.436754 0.112204 0.108893 0.0405994 0.00916389
0.0564307 0.740111 0.849974 0.630249 0.317785 0.425631 0.209938 0.426996 0.109862 0.107846 0.0400079 0.00898933
0.0580278 0.731789 0.839309 0.624269 0.314688 0.421469 0.207907 0.417399 0.10752 0.106781 0.0394082 0.00881704
0.0596702 0.723511 0.828688 0.618335 0.311587 0.417284 0.205889 0.407963 0.105177 0.105697 0.0388006 0.00864698
0.0613591 0.71528 0.818115 0.612444 0.308479 0.413073 0.203885 0.398684 0.102836 0.104594 0.0381853 0.00847912
0.0630957 0.707094 0.807591 0.606597 0.305365 0.408838 0.201893 0.389562 0.100497 0.103472 0.0375625 0.00831343
0.0648815 0.698954 0.797117 0.600792 0.302245 0.404576 0.199914 0.380594 0.0981624 0.102331 0.0369326 0.00814988
0.0667179 0.690862 0.786695 0.595029 0.299118 0.400289 0.197947 0.371778 0.0958328 0.101171 0.0362957 0.00798845
0.0686062 0.682817 0.776326 0.589307 0.295983 0.395975 0.195991 0.363113 0.0935095 0.0999919 0.0356523 0.00782909
0.070548 0.67482 0.766014 0.583626 0.292841 0.391634 0.194047 0.354597 0.0911937 0.0987936 0.0350025 0.00767179
0.0725448 0.666871 0.755758 0.577984 0.28969 0.387266 0.192114 0.346228 0.0888869 0.0975763 0.0343469 0.00751652
0.074598 0.658971 0.745561 0.57238 0.28653 0.38287 0.19019 0.338005 0.0865902 0.09634 0.0336858 0.00736324
0.0767094 0.651119 0.735424 0.566814 0.283362 0.378446 0.188277 0.329924 0.084305 0.0950848 0.0330195 0.00721194
0.0788805 0.643317 0.72535 0.561285 0.280183 0.373994 0.186372 0.321985 0.0820327 0.0938108 0.0323486 0.00706258
0.0811131 0.635565 0.715339 0.55579 0.276995 0.369513 0.184477 0.314185 0.0797744 0.0925182 0.0316733 0.00691515
0.0834088 0.627862 0.705394 0.550331 0.273796 0.365003 0.182589 0.306523 0.0775315 0.091207 0.0309942 0.00676961
0.0857696 0.620209 0.695515 0.544904 0.270587 0.360464 0.180709 0.298997 0.0753055 0.0898777 0.0303117 0.00662595
0.0881971 0.612606 0.685704 0.539509 0.267366 0.355896 0.178836 0.291605 0.0730975 0.0885302 0.0296263 0.00648413
0.0906934 0.605054 0.675963 0.534145 0.264133 0.351298 0.176968 0.284345 0.0709089 0.087165 0.0289386 0.00634415
0.0932603 0.597551 0.666292 0.52881 0.260889 0.346671 0.175106 0.277216 0.0687409 0.0857824 0.0282489 0.00620598
0.0958999 0.590098 0.656693 0.523503 0.257632 0.342014 0.173249 0.270215 0.066595 0.0843826 0.027558 0.00606959
0.0986142 0.582695 0.647168 0.518223 0.254362 0.337328 0.171396 0.263341 0.0644722 0.082966 0.0268662 0.00593497
0.101405 0.575342 0.637716 0.512968 0.251078 0.332611 0.169545 0.256593 0.0623741 0.0815331 0.0261742 0.00580209
0.104275 0.568037 0.628339 0.507736 0.247781 0.327865 0.167697 0.249968 0.0603016 0.0800842 0.0254825 0.00567096
0.107227 0.560781 0.619037 0.502525 0.24447 0.32309 0.16585 0.243464 0.0582561 0.0786199 0.0247917 0.00554153
0.110262 0.553573 0.609812 0.497335 0.241144 0.318284 0.164003 0.23708 0.0562387 0.0771408 0.0241025 0.00541381
0.113382 0.546412 0.600663 0.492162 0.237802 0.31345 0.162155 0.230815 0.0542506 0.0756473 0.0234152 0.00528777
0.116591 0.539298 0.591591 0.487005 0.234446 0.308586 0.160305 0.224665 0.0522929 0.0741401 0.0227307 0.0051634
0.119891 0.532229 0.582595 0.481862 0.231073 0.303693 0.158453 0.218631 0.0503666 0.0726199 0.0220494 0.00504068
0.123285 0.525203 0.573676 0.47673 0.227683 0.298771 0.156596 0.21271 0.0484729 0.0710873 0.0213721 0.00491962
0.126774 0.518221 0.564833 0.471608 0.224277 0.29382 0.154734 0.2069 0.0466128 0.0695431 0.0206991 0.00480019
0.130362 0.511279 0.556066 0.466492 0.220853 0.288841 0.152865 0.2012 0.0447871 0.0679881 0.0200313 0.00468238
0.134052 0.504377 0.547374 0.46138 0.217411 0.283834 0.150987 0.195609 0.0429967 0.0664231 0.0193692 0.00456619
0.137846 0.497513 0.538755 0.45627 0.21395 0.278799 0.149101 0.190124 0.0412426 0.0648491 0.0187133 0.0044516
0.141747 0.490684 0.530209 0.451158 0.21047 0.273736 0.147203 0.184744 0.0395256 0.0632668 0.0180642 0.00433861
0.145759 0.483888 0.521734 0.446041 0.20697 0.268647 0.145292 0.179468 0.0378463 0.0616774 0.0174226 0.00422722
0.149885 0.477122 0.513328 0.440917 0.203449 0.263531 0.143367 0.174295 0.0362054 0.0600818 0.016789 0.00411741
0.154127 0.470384 0.504988 0.435781 0.199908 0.258389 0.141427 0.169221 0.0346037 0.0584812 0.0161639 0.00400918
0.158489 0.463671 0.496712 0.430629 0.196345 0.253221 0.139468 0.164247 0.0330416 0.0568765 0.0155479 0.00390253
0.162975 0.456979 0.488498 0.425459 0.192759 0.248028 0.13749 0.159371 0.0315197 0.0552691 0.0149416 0.00379744
0.167588 0.450304 0.480343 0.420266 0.18915 0.24281 0.13549 0.154591 0.0300384 0.0536601 0.0143453 0.00369392
0.172331 0.443643 0.472241 0.415045 0.185517 0.237568 0.133466 0.149906 0.028598 0.0520507 0.0137596 0.00359196
0.177209 0.436992 0.46419 0.409793 0.18186 0.232302 0.131417 0.145315 0.0271989 0.0504422 0.0131849 0.00349156
0.182224 0.430345 0.456186 0.404503 0.178176 0.227012 0.12934 0.140816 0.0258413 0.048836 0.0126218 0.00339271
0.187382 0.423698 0.448223 0.399172 0.174467 0.2217 0.127233 0.136407 0.0245254 0.0472335 0.0120705 0.0032954
0.192685 0.417045 0.440296 0.393794 0.17073 0.216366 0.125094 0.132089 0.0232513 0.045636 0.0115315 0.00319964
0.198139 0.410381 0.4324 0.388363 0.166965 0.21101 0.12292 0.127858 0.022019 0.044045 0.0110052 0.00310542
0.203747 0.4037 0.424529 0.382872 0.16317 0.205632 0.120708 0.123715 0.0208284 0.042462 0.0104917 0.00301272
0.209514 0.396996 0.416675 0.377316 0.159346 0.200235 0.118458 0.119656 0.0196795 0.0408885 0.00999159 0.00292155
0.215443 0.390261 0.408833 0.371689 0.155491 0.194817 0.116165 0.115683 0.0185721 0.0393259 0.00950494 0.00283189
0.221541 0.383487 0.400993 0.365981 0.151605 0.189381 0.113829 0.111792 0.017506 0.037776 0.00903203 0.00274373
0.227812 0.376668 0.393149 0.360187 0.147685 0.183926 0.111445 0.107983 0.0164808 0.0362401 0.00857305 0.00265707
0.234259 0.369795 0.385291 0.354298 0.143733 0.178453 0.109013 0.104254 0.0154961 0.0347199 0.00812816 0.00257188
0.24089 0.362858 0.377409 0.348306 0.139746 0.172963 0.106529 0.100604 0.0145517 0.0332171 0.00769748 0.00248814
0.247708 0.355848 0.369495 0.342201 0.135725 0.167458 0.103991 0.0970316 0.0136469 0.0317332 0.0072811 0.00240585
0.254719 0.348754 0.361536 0.335973 0.131668 0.161937 0.101398 0.0935356 0.0127811 0.0302697 0.00687908 0.00232497
0.261928 0.341566 0.35352 0.329612 0.127575 0.156403 0.0987466 0.0901143 0.0119539 0.0288284 0.00649141 0.00224547
0.269341 0.334271 0.345435 0.323106 0.123446 0.150857 0.0960354 0.0867665 0.0111646 0.0274107 0.00611807 0.00216731
0.276965 0.326853 0.337265 0.31644 0.11928 0.145298 0.0932619 0.0834908 0.0104124 0.0260183 0.00575901 0.00209046
0.284804 0.319294 0.32899 0.309597 0.115077 0.13973 0.0904242 0.0802858 0.0096965 0.0246527 0.00541411 0.00201484
0.292864 0.311568 0.320584 0.302551 0.110834 0.13415 0.0875189 0.0771504 0.00901622 0.0233155 0.00508322 0.00194038
0.301153 0.303625 0.311996 0.295255 0.106547 0.128556 0.0845392 0.0740834 0.00837067 0.0220082 0.00476612 0.00186695
0.309677 0.295309 0.303068 0.28755 0.10219 0.122923 0.0814577 0.0710854 0.00775899 0.0207325 0.00446249 0.00179422
0.318442 0.287476 0.295011 0.27994 0.0992056 0.119463 0.078948 0.0699709 0.00753563 0.0202576 0.00435031 0.00176599
0.321833 0.284558 0.291877 0.277239 0.097624 0.117416 0.0778316 0.0688766 0.00731918 0.0197924 0.00424116 0.00173818
0.325224 0.281651 0.28876 0.274542 0.096056 0.115393 0.0767193 0.067802 0.00710939 0.0193367 0.00413497 0.0017108
0.328614 0.278753 0.285659 0.271847 0.0945013 0.113392 0.0756111 0.0667464 0.00690603 0.0188902 0.00403164 0.00168383
0.332005 0.275865 0.282574 0.269156 0.09296 0.111413 0.0745072 0.0657093 0.00670887 0.0184528 0.00393107 0.00165726
0.335396 0.272985 0.279502 0.266467 0.091432 0.109456 0.0734075 0.06469 0.00651771 0.0180244 0.00383318 0.00163107
0.338787 0.270113 0.276445 0.263781 0.089917 0.107522 0.0723122 0.0636881 0.00633233 0.0176048 0.00373789 0.00160526
0.342178 0.267249 0.273402 0.261097 0.0884152 0.105609 0.0712215 0.0627031 0.00615254 0.0171937 0.00364512 0.00157981
0.345569 0.264393 0.270371 0.258415 0.0869263 0.103717 0.0701353 0.0617344 0.00597815 0.0167911 0.00355479 0.00155472
0.348959 0.261543 0.267352 0.255734 0.0854506 0.101847 0.0690538 0.0607816 0.00580898 0.0163967 0.00346682 0.00152998
0.35235 0.258701 0.264346 0.253056 0.0839877 0.0999982 0.0679772 0.0598443 0.00564484 0.0160105 0.00338114 0.00150558
0.355741 0.255865 0.26135 0.250379 0.0825378 0.09817 0.0669055 0.0589219 0.00548557 0.0156323 0.00329769 0.0014815
0.359132 0.253035 0.258366 0.247704 0.0811008 0.0963626 0.0658389 0.058014 0.00533101 0.0152618 0.00321639 0.00145775
0.362523 0.250211 0.255392 0.24503 0.0796766 0.0945757 0.0647776 0.0571203 0.005181 0.0148991 0.00313718 0.00143432
0.365914 0.247394 0.252429 0.242358 0.0782654 0.0928092 0.0637216 0.0562404 0.00503538 0.0145438 0.00305999 0.00141119
0.369305 0.244581 0.249475 0.239687 0.076867 0.091063 0.0626711 0.0553738 0.00489402 0.0141959 0.00298477 0.00138836
0.372695 0.241775 0.246531 0.237018 0.0754815 0.0893368 0.0616262 0.0545202 0.00475677 0.0138553 0.00291146 0.00136583
0.376086 0.238973 0.243597 0.23435 0.0741089 0.0876306 0.0605871 0.0536792 0.0046235 0.0135218 0.00283999 0.00134358
0.379477 0.236177 0.240671 0.231683 0.0727491 0.0859443 0.0595539 0.0528506 0.00449408 0.0131952 0.00277032 0.00132161
0.382868 0.233386 0.237754 0.229018 0.0714023 0.0842777 0.0585268 0.0520339 0.00436838 0.0128755 0.00270239 0.00129992
0.386259 0.2306 0.234846 0.226354 0.0700683 0.0826308 0.0575059 0.0512289 0.00424629 0.0125624 0.00263615 0.00127849
0.38965 0.227819 0.231947 0.223691 0.0687473 0.0810033 0.0564914 0.0504353 0.00412768 0.012256 0.00257155 0.00125733
0.39304 0.225043 0.229056 0.221031 0.0674393 0.0793953 0.0554834 0.0496527 0.00401244 0.011956 0.00250854 0.00123642
0.396431 0.222272 0.226173 0.218372 0.0661443 0.0778065 0.054482 0.0488808 0.00390048 0.0116623 0.00244708 0.00121577
0.399822 0.219506 0.223298 0.215714 0.0648623 0.076237 0.0534875 0.0481195 0.00379168 0.0113748 0.00238712 0.00119537
0.403213 0.216745 0.220431 0.213059 0.0635933 0.0746867 0.0524999 0.0473684 0.00368594 0.0110934 0.00232862 0.00117521
0.406604 0.213989 0.217572 0.210405 0.0623374 0.0731554 0.0515195 0.0466273 0.00358316 0.010818 0.00227153 0.00115529
0.409995 0.211238 0.214721 0.207754 0.0610947 0.0716431 0.0505463 0.045896 0.00348326 0.0105484 0.00221582 0.0011356
0.413385 0.208492 0.211878 0.205106 0.0598651 0.0701498 0.0495805 0.0451741 0.00338615 0.0102846 0.00216144 0.00111614
0.416776 0.205751 0.209043 0.202459 0.0586488 0.0686752 0.0486224 0.0444616 0.00329173 0.0100264 0.00210837 0.00109691
0.420167 0.203016 0.206216 0.199816 0.0574457 0.0672195 0.0476719 0.0437581 0.00319993 0.00977378 0.00205656 0.00107791
0.423558 0.200286 0.203396 0.197175 0.0562559 0.0657824 0.0467293 0.0430635 0.00311066 0.00952655 0.00200597 0.00105912
0.426949 0.197562 0.200585 0.194538 0.0550794 0.0643641 0.0457948 0.0423775 0.00302384 0.00928464 0.00195658 0.00104055
0.43034 0.194843 0.197782 0.191904 0.0539163 0.0629643 0.0448684 0.0417 0.00293941 0.00904795 0.00190835 0.00102219
0.43373 0.19213 0.194988 0.189273 0.0527667 0.0615831 0.0439503 0.0410308 0.00285728 0.00881637 0.00186125 0.00100405
0.437121 0.189424 0.192201 0.186647 0.0516305 0.0602203 0.0430407 0.0403697 0.00277739 0.00858982 0.00181524 0.000986112
0.440512 0.186724 0.189424 0.184024 0.0505078 0.058876 0.0421396 0.0397165 0.00269967 0.00836819 0.00177031 0.000968379
0.443903 0.18403 0.186654 0.181406 0.0493987 0.0575501 0.0412473 0.0390711 0.00262406 0.00815138 0.00172641 0.000950849
0.447294 0.181343 0.183894 0.178793 0.0483032 0.0562425 0.0403639 0.0384334 0.00255049 0.00793931 0.00168352 0.000933519
0.450685 0.178663 0.181142 0.176185 0.0472213 0.0549532 0.0394894 0.0378031 0.00247891 0.00773189 0.00164162 0.000916388
0.454075 0.175991 0.1784 0.173582 0.0461531 0.0536821 0.038624 0.0371801 0.00240924 0.00752902 0.00160068 0.000899451
0.457466 0.173326 0.175667 0.170984 0.0450985 0.0524292 0.0377679 0.0365643 0.00234145 0.00733062 0.00156068 0.000882709
0.460857 0.170668 0.172944 0.168393 0.0440578 0.0511944 0.0369212 0.0359556 0.00227547 0.00713661 0.00152158 0.000866159
0.464248 0.168019 0.17023 0.165808 0.0430308 0.0499777 0.0360839 0.0353538 0.00221124 0.00694689 0.00148337 0.000849798
0.467639 0.165378 0.167527 0.16323 0.0420176 0.048779 0.0352562 0.0347588 0.00214873 0.00676138 0.00144602 0.000833626
0.47103 0.162746 0.164834 0.160658 0.0410183 0.0475983 0.0344383 0.0341705 0.00208787 0.00658001 0.00140952 0.000817641
0.47442 0.160123 0.162152 0.158094 0.0400328 0.0464355 0.0336301 0.0335888 0.00202863 0.0064027 0.00137383 0.000801841
0.477811 0.157509 0.15948 0.155538 0.0390612 0.0452906 0.0328318 0.0330136 0.00197095 0.00622936 0.00133895 0.000786224
0.481202 0.154905 0.15682 0.15299 0.0381035 0.0441634 0.0320436 0.0324448 0.0019148 0.00605992 0.00130485 0.000770791
0.484593 0.152311 0.154171 0.150451 0.0371598 0.0430541 0.0312655 0.0318822 0.00186012 0.0058943 0.0012715 0.000755538
0.487984 0.149727 0.151534 0.14792 0.03623 0.0419624 0.0304975 0.0313259 0.00180688 0.00573244 0.0012389 0.000740465
0.491375 0.147154 0.148909 0.145399 0.0353141 0.0408884 0.0297399 0.0307757 0.00175504 0.00557425 0.00120703 0.000725571
0.494765 0.144593 0.146297 0.142888 0.0344122 0.0398319 0.0289925 0.0302315 0.00170455 0.00541967 0.00117586 0.000710855
0.498156 0.142042 0.143698 0.140387 0.0335243 0.0387929 0.0282557 0.0296933 0.00165538 0.00526862 0.00114538 0.000696316
0.501547 0.139504 0.141112 0.137897 0.0326503 0.0377714 0.0275293 0.0291609 0.0016075 0.00512104 0.00111558 0.000681953
0.504938 0.136978 0.138539 0.135417 0.0317903 0.0367672 0.0268135 0.0286344 0.00156087 0.00497686 0.00108643 0.000667765
0.508329 0.134465 0.13598 0.132949 0.0309443 0.0357803 0.0261083 0.0281136 0.00151546 0.00483602 0.00105793 0.000653751
0.51172 0.131965 0.133436 0.130494 0.0301122 0.0348107 0.0254138 0.0275985 0.00147122 0.00469845 0.00103005 0.000639911
0.51511 0.129478 0.130906 0.12805 0.0292941 0.0338582 0.02473 0.0270891 0.00142814 0.00456408 0.00100279 0.000626243
0.518501 0.127006 0.128392 0.12562 0.0284899 0.0329227 0.024057 0.0265852 0.00138617 0.00443285 0.000976133 0.000612748
0.521892 0.124548 0.125893 0.123203 0.0276995 0.0320042 0.0233948 0.0260868 0.0013453 0.00430471 0.00095006 0.000599424
0.525283 0.122105 0.12341 0.120799 0.0269231 0.0311027 0.0227435 0.0255939 0.00130548 0.00417958 0.000924561 0.00058627
0.528674 0.119677 0.120944 0.11841 0.0261605 0.0302179 0.022103 0.0251064 0.0012667 0.00405742 0.000899624 0.000573287
0.532065 0.117265 0.118494 0.116036 0.0254116 0.0293498 0.0214735 0.0246244 0.00122893 0.00393817 0.000875235 0.000560474
0.535455 0.114869 0.116061 0.113677 0.0246766 0.0284984 0.0208548 0.0241476 0.00119213 0.00382176 0.000851384 0.00054783
0.538846 0.11249 0.113646 0.111333 0.0239553 0.0276634 0.0202471 0.0236762 0.00115629 0.00370814 0.000828058 0.000535354
0.542237 0.110128 0.111249 0.109006 0.0232476 0.0268449 0.0196504 0.02321 0.00112138 0.00359726 0.000805247 0.000523047
0.545628 0.107783 0.10887 0.106696 0.0225536 0.0260427 0.0190645 0.0227491 0.00108738 0.00348906 0.000782941 0.000510907
0.549019 0.105456 0.106511 0.104402 0.0218731 0.0252566 0.0184897 0.0222934 0.00105426 0.00338349 0.000761127 0.000498935
0.55241 0.103148 0.10417 0.102126 0.0212062 0.0244867 0.0179257 0.0218429 0.001022 0.00328049 0.000739797 0.000487129
0.5558 0.100859 0.10185 0.0998685 0.0205527 0.0237327 0.0173726 0.0213975 0.000990574 0.00318003 0.000718941 0.00047549
0.559191 0.0985893 0.0995493 0.0976293 0.0199125 0.0229946 0.0168305 0.0209572 0.000959971 0.00308204 0.000698548 0.000464016
0.562582 0.0963393 0.0972694 0.0954091 0.0192857 0.0222722 0.0162992 0.0205221 0.000930164 0.00298647 0.000678611 0.000452709
0.565973 0.0941095 0.0950107 0.0932084 0.0186721 0.0215653 0.0157788 0.020092 0.000901136 0.00289329 0.000659118 0.000441566
0.569364 0.0919005 0.0927733 0.0910276 0.0180716 0.020874 0.0152691 0.019667 0.000872867 0.00280243 0.000640063 0.000430588
0.572755 0.0897126 0.0905579 0.0888672 0.0174841 0.020198 0.0147703 0.0192471 0.000845337 0.00271386 0.000621436 0.000419774
0.576146 0.0875463 0.0883649 0.0867278 0.0169096 0.0195372 0.0142821 0.0188322 0.00081853 0.00262753 0.000603228 0.000409125
0.579536 0.0854021 0.0861945 0.0846097 0.016348 0.0188914 0.0138046 0.0184223 0.000792427 0.00254339 0.000585433 0.000398639
0.582927 0.0832804 0.0840474 0.0825133 0.0157992 0.0182605 0.0133378 0.0180174 0.000767011 0.0024614 0.000568042 0.000388315
0.586318 0.0811815 0.0819238 0.0804392 0.015263 0.0176445 0.0128814 0.0176175 0.000742267 0.00238151 0.000551047 0.000378155
0.589709 0.079106 0.0798241 0.0783878 0.0147393 0.017043 0.0124356 0.0172226 0.000718177 0.00230369 0.000534441 0.000368156
0.5931 0.0770542 0.0777489 0.0763594 0.0142281 0.016456 0.0120002 0.0168326 0.000694727 0.00222789 0.000518217 0.000358319
0.596491 0.0750265 0.0756984 0.0743546 0.0137292 0.0158833 0.0115752 0.0164476 0.000671901 0.00215407 0.000502368 0.000348644
0.599881 0.0730234 0.0736731 0.0723737 0.0132425 0.0153247 0.0111604 0.0160676 0.000649684 0.00208219 0.000486886 0.000339129
0.603272 0.0710452 0.0716733 0.0704172 0.012768 0.0147802 0.0107558 0.0156924 0.000628062 0.0020122 0.000471765 0.000329774
0.606663 0.0690924 0.0696994 0.0684854 0.0123053 0.0142494 0.0103612 0.0153223 0.000607022 0.00194408 0.000456999 0.000320579
0.610054 0.0671652 0.0677518 0.0665787 0.0118545 0.0137323 0.00997674 0.014957 0.000586549 0.00187778 0.00044258 0.000311543
0.613445 0.0652642 0.0658308 0.0646975 0.0114154 0.0132287 0.00960215 0.0145967 0.00056663 0.00181327 0.000428504 0.000302665
0.616836 0.0633895 0.0639368 0.0628422 0.0109879 0.0127384 0.00923736 0.0142413 0.000547254 0.0017505 0.000414763 0.000293945
0.620226 0.0615416 0.06207 0.0610132 0.0105717 0.0122612 0.00888229 0.0138908 0.000528406 0.00168945 0.000401351 0.000285383
0.623617 0.0597208 0.0602309 0.0592107 0.0101669 0.011797 0.00853682 0.0135452 0.000510075 0.00163007 0.000388263 0.000276977
0.627008 0.0579274 0.0584196 0.0574351 0.00977316 0.0113455 0.00820083 0.0132044 0.000492249 0.00157233 0.000375493 0.000268727
0.630399 0.0561617 0.0566366 0.0556868 0.00939042 0.0109066 0.00787423 0.0128686 0.000474916 0.00151619 0.000363036 0.000260632
0.63379 0.0544241 0.0548822 0.053966 0.00901851 0.0104801 0.00755688 0.0125377 0.000458066 0.00146163 0.000350885 0.000252692
0.637181 0.0527147 0.0531564 0.052273 0.00865727 0.0100659 0.00724867 0.0122116 0.000441687 0.00140861 0.000339036 0.000244906
0.640571 0.0510339 0.0514597 0.0506081 0.00830656 0.00966365 0.00694947 0.0118905 0.000425769 0.00135709 0.000327483 0.000237273
0.643962 0.0493819 0.0497922 0.0489716 0.00796621 0.00927325 0.00665916 0.0115741 0.000410301 0.00130704 0.000316221 0.000229792
0.647353 0.0477589 0.0481542 0.0473637 0.00763606 0.0088945 0.00637762 0.0112627 0.000395273 0.00125844 0.000305245 0.000222462
0.650744 0.0461653 0.0465459 0.0457846 0.00731595 0.00852719 0.0061047 0.0109561 0.000380674 0.00121125 0.000294549 0.000215282
0.654135 0.044601 0.0449675 0.0442345 0.00700571 0.00817114 0.00584027 0.0106544 0.000366496 0.00116544 0.00028413 0.000208253
0.657526 0.0430665 0.0434192 0.0427138 0.00670518 0.00782615 0.0055842 0.0103575 0.000352729 0.00112097 0.000273981 0.000201371
0.660916 0.0415617 0.0419011 0.0412224 0.00641419 0.00749202 0.00533636 0.0100654 0.000339363 0.00107783 0.000264099 0.000194638
0.664307 0.040087 0.0404134 0.0397606 0.00613257 0.00716855 0.00509659 0.00977819 0.00032639 0.00103598 0.000254479 0.000188051
0.667698 0.0386423 0.0389561 0.0383285 0.00586014 0.00685553 0.00486475 0.00949578 0.000313801 0.00099539 0.000245115 0.00018161
0.671089 0.0372278 0.0375294 0.0369262 0.00559675 0.00655279 0.00464071 0.00921819 0.000301586 0.000956036 0.000236004 0.000175313
0.67448 0.0358436 0.0361334 0.0355539 0.00534221 0.0062601 0.00442432 0.00894539 0.000289738 0.000917888 0.000227141 0.000169159
0.677871 0.0344899 0.0347681 0.0342116 0.00509635 0.00597727 0.00421543 0.00867739 0.000278248 0.00088092 0.000218521 0.000163148
0.681261 0.0331666 0.0334337 0.0328995 0.00485899 0.00570409 0.00401388 0.00841417 0.000267108 0.000845105 0.000210141 0.000157279
0.684652 0.0318737 0.03213 0.0316174 0.00462996 0.00544038 0.00381955 0.00815572 0.00025631 0.000810417 0.000201995 0.000151549
0.688043 0.0306113 0.0308572 0.0303655 0.00440909 0.00518592 0.00363226 0.00790202 0.000245846 0.000776829 0.000194081 0.000145957
0.691434 0.0293795 0.0296152 0.0291438 0.00419619 0.0049405 0.00345187 0.00765307 0.000235709 0.000744316 0.000186392 0.000140504
0.694825 0.0281781 0.028404 0.0279522 0.00399109 0.00470394 0.00327823 0.00740885 0.000225892 0.000712854 0.000178926 0.000135186
0.698216 0.0270071 0.0272235 0.0267907 0.00379361 0.00447603 0.0031112 0.00716935 0.000216386 0.000682418 0.000171678 0.000130004
0.701606 0.0258665 0.0260737 0.0256593 0.00360359 0.00425657 0.0029506 0.00693454 0.000207186 0.000652983 0.000164645 0.000124954
0.704997 0.0247562 0.0249545 0.0245579 0.00342083 0.00404535 0.0027963 0.00670442 0.000198283 0.000624527 0.000157822 0.000120037
0.708388 0.023676 0.0238657 0.0234863 0.00324516 0.00384219 0.00264814 0.00647896 0.00018967 0.000597024 0.000151204 0.000115251
0.711779 0.0226259 0.0228072 0.0224445 0.00307642 0.00364687 0.00250596 0.00625814 0.000181342 0.000570454 0.00014479 0.000110594
0.71517 0.0216056 0.0217789 0.0214323 0.00291441 0.0034592 0.00236962 0.00604195 0.000173291 0.000544792 0.000138573 0.000106064
0.718561 0.0206151 0.0207806 0.0204496 0.00275898 0.00327899 0.00223896 0.00583037 0.000165512 0.000520017 0.000132552 0.000101661
0.721951 0.0196541 0.0198121 0.0194961 0.00260994 0.00310605 0.00211383 0.00562337 0.000157996 0.000496107 0.000126721 9.7383e-05
0.725342 0.0187224 0.0188731 0.0185716 0.00246712 0.00294016 0.00199408 0.00542093 0.000150739 0.00047304 0.000121077 9.32279e-05
0.728733 0.0178198 0.0179635 0.017676 0.00233036 0.00278116 0.00187956 0.00522302 0.000143734 0.000450796 0.000115617 8.91943e-05
0.732124 0.016946 0.0170829 0.016809 0.00219948 0.00262883 0.00177013 0.00502962 0.000136974 0.000429353 0.000110336 8.52807e-05
0.735515 0.0161007 0.0162312 0.0159703 0.00207431 0.002483 0.00166562 0.00484071 0.000130455 0.000408691 0.000105231 8.14854e-05
0.738906 0.0152838 0.0154079 0.0151596 0.00195469 0.00234348 0.0015659 0.00465625 0.000124169 0.000388791 0.000100299 7.78068e-05
0.742296 0.0144948 0.0146129 0.0143766 0.00184045 0.00221008 0.00147081 0.00447622 0.000118112 0.000369631 9.55356e-05 7.42432e-05
0.745687 0.0137334 0.0138456 0.0136211 0.00173142 0.00208261 0.00138022 0.00430058 0.000112278 0.000351193 9.09373e-05 7.07928e-05
0.749078 0.0129992 0.0131059 0.0128926 0.00162744 0.0019609 0.00129399 0.00412931 0.00010666 0.000333459 8.65007e-05 6.74539e-05
0.752469 0.012292 0.0123933 0.0121908 0.00152836 0.00184477 0.00121196 0.00396238 0.000101254 0.000316408 8.22223e-05 6.42248e-05
0.75586 0.0116113 0.0117074 0.0115153 0.00143402 0.00173404 0.001134 0.00379975 9.6054e-05 0.000300022 7.80986e-05 6.11037e-05
0.759251 0.0109568 0.0110478 0.0108657 0.00134425 0.00162853 0.00105996 0.00364138 9.10548e-05 0.000284284 7.41262e-05 5.80887e-05
0.762641 0.0103279 0.0104141 0.0102416 0.0012589 0.00152808 0.000989729 0.00348724 8.62512e-05 0.000269176 7.03017e-05 5.51782e-05
0.766032 0.00972425 0.00980589 0.00964262 0.00117783 0.00143251 0.000923153 0.00333729 8.16379e-05 0.00025468 6.66216e-05 5.23701e-05
0.769423 0.00914545 0.00922266 0.00906824 0.00110088 0.00134166 0.000860103 0.0031915 7.721e-05 0.000240778 6.30826e-05 4.96627e-05
0.772814 0.00859099 0.00866395 0.00851802 0.0010279 0.00125536 0.00080045 0.00304982 7.29625e-05 0.000227455 5.96813e-05 4.70542e-05
0.776205 0.0080604 0.00812929 0.00799151 0.000958757 0.00117345 0.000744065 0.00291222 6.88903e-05 0.000214692 5.64146e-05 4.45425e-05
0.779596 0.00755318 0.00761817 0.00748819 0.000893297 0.00109577 0.000690822 0.00277865 6.49887e-05 0.000202475 5.3279e-05 4.21259e-05
0.782986 0.00706883 0.00713009 0.00700758 0.000831383 0.00102217 0.000640597 0.00264907 6.1253e-05 0.000190786 5.02713e-05 3.98023e-05
0.786377 0.00660684 0.00666452 0.00654916 0.00077288 0.000952491 0.000593269 0.00252344 5.76783e-05 0.000179611 4.73884e-05 3.757e-05
0.789768 0.00616667 0.00622093 0.00611241 0.000717651 0.000886585 0.000548718 0.0024017 5.42602e-05 0.000168933 4.46269e-05 3.54269e-05
0.793159 0.00574779 0.00579878 0.00569679 0.000665567 0.000824304 0.000506829 0.00228382 5.0994e-05 0.000158738 4.19838e-05 3.33711e-05
0.79655 0.00534964 0.00539752 0.00530177 0.000616496 0.000765506 0.000467486 0.00216975 4.78752e-05 0.00014901 3.94559e-05 3.14007e-05
0.799941 0.00497168 0.00501658 0.00492678 0.000570313 0.000710047 0.000430578 0.00205944 4.48996e-05 0.000139735 3.704e-05 2.95137e-05
0.803332 0.00461334 0.0046554 0.00457128 0.000526895 0.000657793 0.000395998 0.00195283 4.20627e-05 0.000130898 3.47331e-05 2.77081e-05
0.806722 0.00427405 0.00431341 0.00423469 0.000486122 0.000608606 0.000363637 0.00184988 3.93602e-05 0.000122485 3.25322e-05 2.5982e-05
0.810113 0.00395324 0.00399003 0.00391645 0.000447875 0.000562357 0.000333393 0.00175054 3.6788e-05 0.000114482 3.04342e-05 2.43334e-05
0.813504 0.00365032 0.00368466 0.00361598 0.00041204 0.000518916 0.000305164 0.00165475 3.43419e-05 0.000106876 2.8436e-05 2.27603e-05
0.816895 0.00336472 0.00339673 0.0033327 0.000378505 0.000478159 0.000278852 0.00156246 3.20178e-05 9.96533e-05 2.65348e-05 2.12607e-05
0.820286 0.00309584 0.00312565 0.00306603 0.000347163 0.000439964 0.000254362 0.00147361 2.98117e-05 9.28006e-05 2.47276e-05 1.98328e-05
0.823677 0.0028431 0.00287082 0.00281538 0.000317907 0.000404212 0.000231602 0.00138816 2.77198e-05 8.63051e-05 2.30115e-05 1.84744e-05
0.827067 0.00260592 0.00263166 0.00258018 0.000290634 0.000370789 0.00021048 0.00130603 2.5738e-05 8.01543e-05 2.13835e-05 1.71836e-05
0.830458 0.0023837 0.00240756 0.00235984 0.000265246 0.000339581 0.00019091 0.00122718 2.38626e-05 7.43356e-05 1.98409e-05 1.59585e-05
0.833849 0.00217586 0.00219795 0.00215377 0.000241645 0.000310482 0.000172808 0.00115154 2.20899e-05 6.88369e-05 1.83809e-05 1.47971e-05
0.83724 0.00198182 0.00200224 0.0019614 0.000219737 0.000283384 0.000156091 0.00107905 2.04161e-05 6.36464e-05 1.70006e-05 1.36974e-05
0.840631 0.00180099 0.00181983 0.00178215 0.000199433 0.000258185 0.000140681 0.00100966 1.88376e-05 5.87523e-05 1.56973e-05 1.26576e-05
0.844022 0.0016328 0.00165016 0.00161545 0.000180644 0.000234788 0.000126501 0.000943306 1.73508e-05 5.41433e-05 1.44683e-05 1.16755e-05
0.847412 0.00147669 0.00149264 0.00146073 0.000163287 0.000213095 0.000113479 0.00087992 1.59523e-05 4.98081e-05 1.33109e-05 1.07494e-05
0.850803 0.00133207 0.00134671 0.00131743 0.000147278 0.000193014 0.000101542 0.000819442 1.46386e-05 4.57358e-05 1.22224e-05 9.87731e-06
0.854194 0.0011984 0.00121181 0.001185 0.00013254 0.000174456 9.06246e-05 0.000761808 1.34064e-05 4.19156e-05 1.12004e-05 9.05729e-06
0.857585 0.00107514 0.00108739 0.00106288 0.000118997 0.000157334 8.06599e-05 0.000706954 1.22522e-05 3.83371e-05 1.0242e-05 8.28748e-06
0.860976 0.000961724 0.000972897 0.000950551 0.000106576 0.000141566 7.15855e-05 0.000654813 1.11729e-05 3.499e-05 9.34497e-06 7.566e-06
0.864367 0.000857639 0.000867805 0.000847474 9.52058e-05 0.00012707 6.33416e-05 0.000605321 1.01652e-05 3.18642e-05 8.50664e-06 6.89098e-06
0.867757 0.000762361 0.000771587 0.000753135 8.48205e-05 0.00011377 5.58706e-05 0.000558411 9.22614e-06 2.89499e-05 7.72458e-06 6.26058e-06
0.871148 0.000675379 0.000683732 0.000667027 7.53552e-05 0.000101593 4.91177e-05 0.000514016 8.3525e-06 2.62375e-05 6.99639e-06 5.67299e-06
0.874539 0.000596198 0.000603739 0.000588657 6.67483e-05 9.0466e-05 4.30305e-05 0.000472067 7.54133e-06 2.37177e-05 6.31967e-06 5.1264e-06
0.87793 0.000524332 0.000531122 0.000517542 5.89406e-05 8.03219e-05 3.75594e-05 0.000432498 6.78968e-06 2.13813e-05 5.69208e-06 4.61902e-06
0.881321 0.000459311 0.000465406 0.000453217 5.18759e-05 7.10952e-05 3.26567e-05 0.000395238 6.09469e-06 1.92193e-05 5.11134e-06 4.14909e-06
0.884712 0.000400678 0.000406132 0.000395225 4.55005e-05 6.27236e-05 2.82775e-05 0.000360219 5.45353e-06 1.7223e-05 4.57517e-06 3.71488e-06
0.888102 0.00034799 0.000352854 0.000343127 3.97633e-05 5.51474e-05 2.43792e-05 0.000327372 4.86346e-06 1.53841e-05 4.08138e-06 3.31469e-06
0.891493 0.00030082 0.000305142 0.000296498 3.46156e-05 4.83097e-05 2.09215e-05 0.000296625 4.3218e-06 1.36941e-05 3.62779e-06 2.94681e-06
0.894884 0.000258755 0.00026258 0.000254929 3.00113e-05 4.21563e-05 1.78663e-05 0.00026791 3.82591e-06 1.2145e-05 3.21227e-06 2.60961e-06
0.898275 0.000221399 0.000224772 0.000218026 2.59067e-05 3.66357e-05 1.51777e-05 0.000241155 3.37324e-06 1.0729e-05 2.83275e-06 2.30144e-06
0.901666 0.000188372 0.000191333 0.00018541 2.22603e-05 3.16988e-05 1.28219e-05 0.000216289 2.96131e-06 9.43844e-06 2.4872e-06 2.02072e-06
0.905057 0.000159311 0.000161899 0.000156724 1.90333e-05 2.72992e-05 1.07674e-05 0.000193242 2.58767e-06 8.26592e-06 2.17363e-06 1.76587e-06
0.908447 0.000133869 0.000136119 0.000131619 1.61887e-05 2.33929e-05 8.98444e-06 0.000171942 2.24999e-06 7.20423e-06 1.89011e-06 1.53536e-06
0.911838 0.000111717 0.000113663 0.000109771 1.36919e-05 1.99382e-05 7.44548e-06 0.000152318 1.94595e-06 6.24638e-06 1.63474e-06 1.32769e-06
0.915229 9.25422e-05 9.42155e-05 9.08688e-05 1.15104e-05 1.6896e-05 6.12476e-06 0.000134299 1.67334e-06 5.38561e-06 1.4057e-06 1.1414e-06
0.91862 7.60492e-05 7.74792e-05 7.46192e-05 9.61372e-06 1.42291e-05 4.99838e-06 0.000117813 1.42998e-06 4.61534e-06 1.2012e-06 9.75047e-07
0.922011 6.19602e-05 6.3174e-05 6.07464e-05 7.97348e-06 1.19027e-05 4.04424e-06 0.000102788 1.2138e-06 3.92923e-06 1.01949e-06 8.27246e-07
0.925402 5.00146e-05 5.10373e-05 4.89918e-05 6.56312e-06 9.88427e-06 3.24198e-06 8.91551e-05 1.02277e-06 3.32115e-06 8.58909e-07 6.96641e-07
0.928792 3.99687e-05 4.08236e-05 3.91137e-05 5.358e-06 8.14316e-06 2.57284e-06 7.68417e-05 8.54924e-07 2.78516e-06 7.17819e-07 5.81918e-07
0.932183 3.1596e-05 3.23043e-05 3.08876e-05 4.33527e-06 6.65083e-06 2.01971e-06 6.57776e-05 7.08387e-07 2.31556e-06 5.94648e-07 4.81802e-07
0.935574 2.46866e-05 2.5268e-05 2.41053e-05 3.47381e-06 5.38065e-06 1.56696e-06 5.58924e-05 5.81342e-07 1.90685e-06 4.87879e-07 3.95063e-07
0.938965 1.90476e-05 1.95197e-05 1.85756e-05 2.75417e-06 4.30791e-06 1.20043e-06 4.71165e-05 4.72044e-07 1.55374e-06 3.9605e-07 3.2051e-07
0.942356 1.45019e-05 1.48808e-05 1.41231e-05 2.1585e-06 3.40967e-06 9.07335e-07 3.93805e-05 3.78822e-07 1.25117e-06 3.17757e-07 2.57001e-07
0.945747 1.08886e-05 1.11886e-05 1.05885e-05 1.6705e-06 2.66477e-06 6.76229e-07 3.26158e-05 3.00076e-07 9.94268e-07 2.51657e-07 2.03437e-07
0.949137 8.06196e-06 8.29624e-06 7.82768e-06 1.27531e-06 2.05372e-06 4.969e-07 2.67547e-05 2.3428e-07 7.78411e-07 1.96464e-07 1.58767e-07
0.952528 5.89164e-06 6.07162e-06 5.71165e-06 9.59498e-07 1.55867e-06 3.60328e-07 2.17305e-05 1.79981e-07 5.99171e-07 1.50952e-07 1.21987e-07
0.955919 4.26169e-06 4.39749e-06 4.12588e-06 7.10952e-07 1.1633e-06 2.58606e-07 1.74775e-05 1.35804e-07 4.52347e-07 1.13961e-07 9.21458e-08
0.95931 3.07027e-06 3.17072e-06 2.96982e-06 5.18837e-07 8.52795e-07 1.84879e-07 1.3932e-05 1.00448e-07 3.33958e-07 8.43917e-08 6.83399e-08
0.962701 2.22907e-06 2.30176e-06 2.15638e-06 3.73532e-07 6.1378e-07 1.33285e-07 1.10321e-05 7.26892e-08 2.40248e-07 6.12085e-08 4.97198e-08
0.966092 1.66286e-06 1.71424e-06 1.61147e-06 2.66572e-07 4.34258e-07 9.88862e-08 8.71883e-06 5.13839e-08 1.67686e-07 4.34432e-08 3.54891e-08
0.969482 1.3091e-06 1.34456e-06 1.27363e-06 1.90606e-07 3.03578e-07 7.76329e-08 6.93745e-06 3.54674e-08 1.12973e-07 3.01941e-08 2.49067e-08
0.972873 1.11788e-06 1.14183e-06 1.09392e-06 1.39369e-07 2.12412e-07 6.63266e-08 5.63967e-06 2.3956e-08 7.30427e-08 2.06279e-08 1.72876e-08
0.976264 1.05254e-06 1.06849e-06 1.0366e-06 1.07711e-07 1.5278e-07 6.26413e-08 4.78866e-06 1.59483e-08 4.50695e-08 1.39808e-08 1.2004e-08
0.979655 1.09229e-06 1.10291e-06 1.08167e-06 9.17319e-08 1.18203e-07 6.52605e-08 4.3702e-06 1.06248e-08 2.64714e-08 9.55797e-09 8.48498e-09
0.983046 1.24096e-06 1.24821e-06 1.23372e-06 8.93097e-08 1.04227e-07 7.43928e-08 4.42364e-06 7.24619e-09 1.49169e-08 6.7316e-09 6.2135e-09
0.986437 1.56167e-06 1.56681e-06 1.55653e-06 1.02173e-07 1.10499e-07 9.38463e-08 5.15195e-06 5.1398e-09 8.32657e-09 4.92681e-09 4.71214e-09
0.989827 2.39682e-06 2.40045e-06 2.39319e-06 1.49138e-07 1.53988e-07 1.44288e-07 7.55117e-06 3.62829e-09 4.85016e-09 3.54697e-09 3.46489e-09
0.993218 1.22842e-05 1.22846e-05 1.22839e-05 7.43798e-07 7.46989e-07 7.40607e-07 4.50112e-05 3.75702e-10 3.19079e-09 1.88791e-10 0
4.01075e-314 inf inf inf inf inf inf 0.000130585 11.2368 0.385148 0.254306 0.17875
