9.72476e-05 2.94268 3.19305 2.69231 1.03156 1.15543 0.907688 5.17278 0.250374 0.12387 0.053461 0.0459121
0.0001 2.92639 3.17667 2.6761 1.02596 1.14974 0.902183 5.13131 0.250281 0.123776 0.053208 0.0455765
0.00010283 2.91039 3.16058 2.6602 1.02046 1.14415 0.896781 5.09009 0.25019 0.123684 0.0529575 0.0452426
0.000105741 2.89566 3.14576 2.64556 1.0154 1.139 0.89181 5.04912 0.2501 0.123594 0.0527096 0.0449103
0.000108734 2.87916 3.12917 2.62915 1.00974 1.13325 0.886233 5.0084 0.250012 0.123507 0.0524641 0.0445796
0.000111811 2.86274 3.11267 2.61282 1.00411 1.12753 0.880685 4.96792 0.249925 0.123422 0.0522213 0.0442507
0.000114976 2.84641 3.09625 2.59657 0.998502 1.12184 0.875163 4.92769 0.24984 0.123339 0.0519809 0.0439233
0.00011823 2.83016 3.07992 2.58041 0.99293 1.11619 0.869671 4.88771 0.249756 0.123258 0.0517431 0.0435976
0.000121576 2.814 3.06367 2.56432 0.987387 1.11057 0.864207 4.84797 0.249673 0.12318 0.0515079 0.0432735
0.000125017 2.79792 3.04751 2.54832 0.981874 1.10498 0.85877 4.80848 0.249592 0.123104 0.0512752 0.0429511
0.000128556 2.78191 3.03143 2.5324 0.976391 1.09942 0.853361 4.76922 0.249512 0.12303 0.051045 0.0426302
0.000132194 2.766 3.01543 2.51657 0.970939 1.0939 0.84798 4.73021 0.249433 0.122959 0.0508174 0.042311
0.000135936 2.75016 2.99952 2.50081 0.965516 1.08841 0.842627 4.69143 0.249356 0.12289 0.0505923 0.0419933
0.000139783 2.73441 2.98368 2.48513 0.960123 1.08295 0.8373 4.65289 0.249279 0.122823 0.0503698 0.0416772
0.000143739 2.71873 2.96794 2.46953 0.95476 1.07752 0.832001 4.61459 0.249205 0.122758 0.0501499 0.0413628
0.000147808 2.70314 2.95227 2.45401 0.949425 1.07212 0.826729 4.57653 0.249131 0.122696 0.0499325 0.0410499
0.000151991 2.68763 2.93668 2.43857 0.94412 1.06675 0.821484 4.5387 0.249058 0.122635 0.0497177 0.0407386
0.000156293 2.67219 2.92118 2.42321 0.938844 1.06142 0.816266 4.5011 0.248987 0.122577 0.0495054 0.0404289
0.000160717 2.65684 2.90575 2.40792 0.933597 1.05612 0.811075 4.46373 0.248916 0.122521 0.0492957 0.0401208
0.000165265 2.64156 2.89041 2.39271 0.928378 1.05085 0.805911 4.42659 0.248847 0.122468 0.0490886 0.0398142
0.000169943 2.62637 2.87515 2.37759 0.92319 1.04561 0.800773 4.38968 0.248779 0.122416 0.0488841 0.0395092
0.000174753 2.61125 2.85996 2.36254 0.918029 1.0404 0.795662 4.35301 0.248712 0.122367 0.0486822 0.0392057
0.000179699 2.59621 2.84486 2.34757 0.912896 1.03522 0.790577 4.31656 0.248646 0.12232 0.0484828 0.0389037
0.000184785 2.58125 2.82983 2.33267 0.907793 1.03007 0.785518 4.28033 0.248581 0.122275 0.0482861 0.0386034
0.000190015 2.56637 2.81488 2.31785 0.902717 1.02495 0.780485 4.24433 0.248517 0.122232 0.0480919 0.0383045
0.000195393 2.55156 2.80001 2.30311 0.89767 1.01986 0.775479 4.20855 0.248454 0.122191 0.0479003 0.0380072
0.000200923 2.53683 2.78522 2.28844 0.892651 1.0148 0.770499 4.17299 0.248392 0.122153 0.0477113 0.0377114
0.00020661 2.52218 2.77051 2.27385 0.88766 1.00978 0.765544 4.13766 0.248331 0.122116 0.0475249 0.0374171
0.000212458 2.5076 2.75587 2.25933 0.882697 1.00478 0.760614 4.10255 0.24827 0.122082 0.0473411 0.0371244
0.000218471 2.4931 2.74131 2.24489 0.877762 0.999812 0.755712 4.06765 0.248211 0.12205 0.04716 0.0368331
0.000224655 2.47867 2.72682 2.23052 0.872854 0.994874 0.750834 4.03297 0.248152 0.12202 0.0469815 0.0365434
0.000231013 2.46432 2.71241 2.21623 0.867973 0.989966 0.745981 3.99852 0.248094 0.121992 0.0468055 0.0362552
0.000237551 2.45005 2.69808 2.20201 0.863121 0.985087 0.741154 3.96427 0.248037 0.121966 0.0466323 0.0359685
0.000244275 2.43584 2.68382 2.18786 0.858295 0.980237 0.736352 3.93024 0.24798 0.121943 0.0464616 0.0356832
0.000251189 2.42172 2.66964 2.17379 0.853496 0.975417 0.731575 3.89642 0.247925 0.121921 0.0462935 0.0353994
0.000258298 2.40766 2.65553 2.15979 0.848725 0.970626 0.726823 3.86282 0.24787 0.121902 0.0461281 0.0351171
0.000265609 2.39368 2.6415 2.14587 0.84398 0.965864 0.722096 3.82943 0.247815 0.121884 0.0459654 0.0348363
0.000273126 2.37977 2.62753 2.13201 0.839262 0.961131 0.717394 3.79624 0.247761 0.121869 0.0458052 0.034557
0.000280857 2.36594 2.61365 2.11823 0.834572 0.956427 0.712717 3.76327 0.247708 0.121855 0.0456478 0.0342792
0.000288806 2.35218 2.59983 2.10452 0.829908 0.951751 0.708064 3.7305 0.247655 0.121844 0.045493 0.0340028
0.00029698 2.33848 2.58609 2.09088 0.825269 0.947104 0.703435 3.69795 0.247602 0.121834 0.0453408 0.0337278
0.000305386 2.32487 2.57242 2.07732 0.820658 0.942485 0.698831 3.66559 0.24755 0.121827 0.0451913 0.0334544
0.000314029 2.31132 2.55882 2.06382 0.816073 0.937894 0.694251 3.63344 0.247499 0.121822 0.0450445 0.0331823
0.000322917 2.29784 2.54529 2.0504 0.811514 0.933332 0.689695 3.6015 0.247448 0.121818 0.0449003 0.0329117
0.000332057 2.28444 2.53183 2.03704 0.80698 0.928797 0.685164 3.56976 0.247397 0.121817 0.0447588 0.0326426
0.000341455 2.2711 2.51845 2.02376 0.802474 0.924291 0.680656 3.53822 0.247346 0.121817 0.04462 0.0323749
0.000351119 2.25784 2.50513 2.01054 0.797992 0.919812 0.676172 3.50688 0.247296 0.12182 0.0444838 0.0321086
0.000361057 2.24464 2.49189 1.99739 0.793537 0.915361 0.671712 3.47574 0.247246 0.121825 0.0443504 0.0318438
0.000371276 2.23152 2.47871 1.98432 0.789107 0.910938 0.667276 3.4448 0.247196 0.121831 0.0442197 0.0315804
0.000381784 2.21846 2.4656 1.97131 0.784702 0.906542 0.662863 3.41405 0.247146 0.121839 0.0440916 0.0313184
0.00039259 2.20547 2.45256 1.95837 0.780323 0.902173 0.658474 3.38351 0.247096 0.12185 0.0439662 0.0310578
0.000403702 2.19255 2.43959 1.9455 0.775969 0.897831 0.654107 3.35316 0.247046 0.121862 0.0438435 0.0307986
0.000415128 2.1797 2.42669 1.9327 0.771641 0.893517 0.649765 3.323 0.246996 0.121876 0.0437236 0.0305408
0.000426877 2.16691 2.41386 1.91996 0.767337 0.889229 0.645445 3.29304 0.246946 0.121892 0.0436063 0.0302845
0.000438959 2.15419 2.40109 1.9073 0.763058 0.884968 0.641149 3.26327 0.246896 0.12191 0.0434918 0.0300295
0.000451383 2.14154 2.38839 1.8947 0.758804 0.880734 0.636875 3.23369 0.246846 0.121929 0.04338 0.029776
0.000464159 2.12896 2.37576 1.88216 0.754575 0.876526 0.632624 3.2043 0.246796 0.121951 0.0432709 0.0295238
0.000477296 2.11644 2.36319 1.8697 0.750371 0.872345 0.628397 3.1751 0.246745 0.121974 0.0431646 0.0292731
0.000490805 2.10399 2.35069 1.8573 0.746191 0.86819 0.624191 3.14609 0.246694 0.121999 0.0430609 0.0290237
0.000504697 2.09161 2.33825 1.84496 0.742036 0.864062 0.620009 3.11727 0.246642 0.122026 0.04296 0.0287757
0.000518981 2.07929 2.32588 1.8327 0.737904 0.859959 0.615849 3.08863 0.246591 0.122055 0.0428618 0.028529
0.00053367 2.06703 2.31357 1.82049 0.733797 0.855883 0.611711 3.06018 0.246538 0.122086 0.0427664 0.0282838
0.000548775 2.05484 2.30133 1.80836 0.729714 0.851832 0.607596 3.03192 0.246485 0.122118 0.0426737 0.0280399
0.000564307 2.04272 2.28915 1.79628 0.725655 0.847807 0.603503 3.00384 0.246432 0.122152 0.0425838 0.0277974
0.000580278 2.03065 2.27703 1.78428 0.72162 0.843808 0.599432 2.97594 0.246378 0.122188 0.0424966 0.0275562
0.000596702 2.01866 2.26498 1.77233 0.717609 0.839834 0.595383 2.94822 0.246323 0.122225 0.0424122 0.0273165
0.000613591 2.00672 2.25299 1.76046 0.713621 0.835885 0.591356 2.92069 0.246267 0.122265 0.0423305 0.027078
0.000630957 1.99485 2.24106 1.74864 0.709657 0.831962 0.587351 2.89333 0.24621 0.122305 0.0422515 0.0268409
0.000648815 1.98304 2.22919 1.73689 0.705716 0.828064 0.583368 2.86616 0.246153 0.122348 0.0421754 0.0266052
0.000667179 1.9713 2.21739 1.7252 0.701799 0.824191 0.579407 2.83916 0.246094 0.122392 0.042102 0.0263709
0.000686062 1.95961 2.20565 1.71358 0.697904 0.820342 0.575466 2.81234 0.246035 0.122438 0.0420313 0.0261378
0.00070548 1.94799 2.19396 1.70201 0.694033 0.816519 0.571548 2.7857 0.245974 0.122485 0.0419634 0.0259061
0.000725448 1.93643 2.18234 1.69052 0.690186 0.81272 0.567651 2.75923 0.245912 0.122534 0.0418983 0.0256758
0.00074598 1.92493 2.17078 1.67908 0.68636 0.808945 0.563775 2.73294 0.245849 0.122585 0.0418359 0.0254468
0.000767094 1.91349 2.15927 1.6677 0.682558 0.805195 0.559921 2.70682 0.245784 0.122637 0.0417764 0.0252191
0.000788805 1.90211 2.14783 1.65639 0.678778 0.801469 0.556087 2.68088 0.245718 0.122691 0.0417196 0.0249927
0.000811131 1.89079 2.13644 1.64514 0.675021 0.797768 0.552275 2.6551 0.245651 0.122746 0.0416655 0.0247677
0.000834088 1.87953 2.12511 1.63395 0.671287 0.79409 0.548484 2.6295 0.245582 0.122803 0.0416142 0.024544
0.000857696 1.86833 2.11384 1.62282 0.667575 0.790436 0.544713 2.60407 0.245511 0.122861 0.0415657 0.0243216
0.000881971 1.85719 2.10263 1.61175 0.663885 0.786806 0.540964 2.57881 0.245439 0.122921 0.0415199 0.0241006
0.000906934 1.84611 2.09147 1.60074 0.660217 0.783199 0.537234 2.55372 0.245364 0.122982 0.0414769 0.0238808
0.000932603 1.83509 2.08037 1.5898 0.656571 0.779616 0.533526 2.52879 0.245288 0.123045 0.0414367 0.0236624
0.000958999 1.82412 2.06933 1.57891 0.652947 0.776056 0.529838 2.50404 0.24521 0.123109 0.0413992 0.0234452
0.000986142 1.81321 2.05834 1.56808 0.649345 0.772519 0.526171 2.47944 0.245129 0.123174 0.0413645 0.0232294
0.00101405 1.80236 2.04741 1.55731 0.645765 0.769006 0.522524 2.45502 0.245047 0.123241 0.0413326 0.0230149
0.00104275 1.79157 2.03653 1.54661 0.642207 0.765515 0.518898 2.43076 0.244962 0.123309 0.0413034 0.0228017
0.00107227 1.78083 2.02571 1.53596 0.63867 0.762048 0.515292 2.40666 0.244874 0.123378 0.041277 0.0225898
0.00110262 1.77015 2.01494 1.52537 0.635154 0.758602 0.511705 2.38273 0.244785 0.123449 0.0412532 0.0223791
0.00113382 1.75953 2.00422 1.51483 0.631659 0.75518 0.508139 2.35896 0.244692 0.12352 0.0412323 0.0221698
0.00116591 1.74896 1.99355 1.50436 0.628186 0.75178 0.504592 2.33535 0.244597 0.123594 0.0412141 0.0219618
0.00119891 1.73844 1.98294 1.49394 0.624734 0.748402 0.501066 2.3119 0.244499 0.123668 0.0411986 0.021755
0.00123285 1.72799 1.97238 1.48359 0.621303 0.745046 0.49756 2.28861 0.244399 0.123743 0.0411858 0.0215495
0.00126774 1.71758 1.96188 1.47329 0.617893 0.741713 0.494073 2.26548 0.244295 0.12382 0.0411757 0.0213454
0.00130362 1.70723 1.95142 1.46305 0.614503 0.738401 0.490606 2.24251 0.244188 0.123897 0.0411684 0.0211425
0.00134052 1.69694 1.94101 1.45286 0.611134 0.735111 0.487158 2.21969 0.244078 0.123976 0.0411637 0.0209408
0.00137846 1.6867 1.93066 1.44273 0.607786 0.731842 0.48373 2.19703 0.243964 0.124056 0.0411618 0.0207405
0.00141747 1.67651 1.92035 1.43266 0.604458 0.728595 0.480322 2.17453 0.243847 0.124137 0.0411625 0.0205414
0.00145759 1.66637 1.9101 1.42264 0.601151 0.725369 0.476933 2.15219 0.243726 0.124218 0.0411659 0.0203436
0.00149885 1.65629 1.89989 1.41269 0.597863 0.722165 0.473562 2.13 0.243602 0.124301 0.041172 0.0201471
0.00154127 1.64626 1.88973 1.40278 0.594596 0.718981 0.470211 2.10796 0.243474 0.124385 0.0411807 0.0199518
0.00158489 1.63628 1.87962 1.39294 0.591349 0.715818 0.46688 2.08608 0.243342 0.124469 0.041192 0.0197578
0.00162975 1.62635 1.86955 1.38314 0.588122 0.712676 0.463567 2.06435 0.243205 0.124555 0.041206 0.0195651
0.00167588 1.61647 1.85954 1.37341 0.584914 0.709555 0.460273 2.04277 0.243064 0.124641 0.0412226 0.0193736
0.00172331 1.60665 1.84957 1.36373 0.581726 0.706454 0.456998 2.02134 0.242919 0.124728 0.0412418 0.0191834
0.00177209 1.59687 1.83964 1.3541 0.578558 0.703373 0.453742 2.00006 0.24277 0.124816 0.0412636 0.0189944
0.00182224 1.58715 1.82976 1.34453 0.575409 0.700312 0.450505 1.97894 0.242615 0.124904 0.0412879 0.0188067
0.00187382 1.57747 1.81993 1.33501 0.572279 0.697272 0.447286 1.95796 0.242456 0.124993 0.0413147 0.0186202
0.00192685 1.56784 1.81013 1.32555 0.569168 0.694251 0.444086 1.93713 0.242292 0.125082 0.0413441 0.018435
0.00198139 1.55826 1.80039 1.31614 0.566077 0.691249 0.440904 1.91645 0.242123 0.125173 0.041376 0.0182511
0.00203747 1.54873 1.79068 1.30679 0.563004 0.688268 0.437741 1.89591 0.241948 0.125263 0.0414104 0.0180683
0.00209514 1.53925 1.78102 1.29749 0.559951 0.685305 0.434596 1.87552 0.241768 0.125355 0.0414472 0.0178869
0.00215443 1.52982 1.7714 1.28824 0.556916 0.682362 0.431469 1.85528 0.241583 0.125446 0.0414865 0.0177066
0.00221541 1.52043 1.76183 1.27904 0.553899 0.679437 0.428361 1.83518 0.241391 0.125538 0.0415281 0.0175276
0.00227812 1.5111 1.75229 1.2699 0.550901 0.676532 0.425271 1.81523 0.241194 0.12563 0.0415722 0.0173498
0.00234259 1.5018 1.74279 1.26081 0.547922 0.673645 0.422199 1.79542 0.24099 0.125723 0.0416186 0.0171733
0.0024089 1.49256 1.73334 1.25178 0.544961 0.670776 0.419145 1.77575 0.24078 0.125816 0.0416674 0.016998
0.00247708 1.48336 1.72392 1.24279 0.542017 0.667926 0.416109 1.75623 0.240564 0.125909 0.0417184 0.0168239
0.00254719 1.4742 1.71454 1.23386 0.539092 0.665094 0.41309 1.73684 0.240341 0.126002 0.0417717 0.0166511
0.00261928 1.46509 1.7052 1.22498 0.536185 0.66228 0.41009 1.7176 0.240111 0.126095 0.0418273 0.0164795
0.00269341 1.45603 1.6959 1.21615 0.533295 0.659484 0.407107 1.6985 0.239874 0.126188 0.041885 0.0163091
0.00276965 1.44701 1.68664 1.20738 0.530423 0.656705 0.404142 1.67954 0.23963 0.126282 0.0419449 0.0161399
0.00284804 1.43803 1.67741 1.19865 0.527569 0.653944 0.401194 1.66072 0.239378 0.126375 0.042007 0.015972
0.00292864 1.4291 1.66821 1.18998 0.524732 0.651199 0.398264 1.64204 0.239119 0.126468 0.0420711 0.0158052
0.00301153 1.4202 1.65906 1.18135 0.521912 0.648472 0.395352 1.6235 0.238852 0.12656 0.0421372 0.0156397
0.00309677 1.41136 1.64993 1.17278 0.519109 0.645762 0.392456 1.6051 0.238577 0.126653 0.0422054 0.0154754
0.00318442 1.40255 1.64085 1.16426 0.516324 0.643068 0.389579 1.58683 0.238293 0.126745 0.0422755 0.0153123
0.00327455 1.39379 1.63179 1.15579 0.513555 0.640391 0.386718 1.5687 0.238001 0.126836 0.0423475 0.0151504
0.00336723 1.38507 1.62277 1.14737 0.510803 0.63773 0.383875 1.5507 0.237701 0.126927 0.0424214 0.0149897
0.00346253 1.37639 1.61378 1.139 0.508067 0.635085 0.381049 1.53284 0.237391 0.127018 0.0424971 0.0148302
0.00356053 1.36775 1.60482 1.13067 0.505348 0.632456 0.37824 1.51512 0.237072 0.127108 0.0425746 0.0146719
0.00366131 1.35915 1.59589 1.1224 0.502645 0.629842 0.375448 1.49753 0.236744 0.127197 0.0426537 0.0145148
0.00376494 1.35059 1.58699 1.11418 0.499959 0.627244 0.372673 1.48008 0.236406 0.127286 0.0427345 0.0143589
0.0038715 1.34206 1.57812 1.10601 0.497288 0.624661 0.369915 1.46275 0.236059 0.127373 0.0428169 0.0142042
0.00398107 1.33358 1.56928 1.09788 0.494633 0.622093 0.367173 1.44557 0.235701 0.12746 0.0429008 0.0140507
0.00409375 1.32514 1.56047 1.08981 0.491994 0.619539 0.364449 1.42851 0.235333 0.127545 0.0429861 0.0138984
0.00420962 1.31673 1.55169 1.08178 0.489371 0.617001 0.361741 1.41159 0.234954 0.12763 0.0430729 0.0137473
0.00432876 1.30837 1.54293 1.0738 0.486763 0.614476 0.35905 1.39479 0.234564 0.127713 0.043161 0.0135973
0.00445128 1.30004 1.5342 1.06587 0.48417 0.611965 0.356375 1.37813 0.234164 0.127795 0.0432503 0.0134486
0.00457727 1.29174 1.52549 1.05799 0.481593 0.609468 0.353717 1.3616 0.233751 0.127875 0.0433408 0.013301
0.00470682 1.28348 1.51681 1.05016 0.47903 0.606985 0.351076 1.3452 0.233328 0.127955 0.0434325 0.0131545
0.00484003 1.27526 1.50815 1.04237 0.476483 0.604515 0.34845 1.32893 0.232892 0.128032 0.0435251 0.0130093
0.00497702 1.26708 1.49952 1.03463 0.47395 0.602058 0.345842 1.31278 0.232444 0.128108 0.0436187 0.0128652
0.00511789 1.25893 1.49091 1.02694 0.471431 0.599613 0.343249 1.29677 0.231984 0.128182 0.0437131 0.0127223
0.00526274 1.25081 1.48232 1.0193 0.468927 0.597182 0.340673 1.28088 0.231511 0.128254 0.0438083 0.0125806
0.0054117 1.24273 1.47375 1.0117 0.466438 0.594762 0.338113 1.26513 0.231025 0.128325 0.0439042 0.01244
0.00556486 1.23468 1.4652 1.00415 0.463962 0.592355 0.335569 1.2495 0.230525 0.128393 0.0440007 0.0123006
0.00572237 1.22666 1.45667 0.99665 0.4615 0.589959 0.333041 1.23399 0.230012 0.128459 0.0440977 0.0121623
0.00588433 1.21868 1.44817 0.989194 0.459052 0.587575 0.33053 1.21861 0.229485 0.128523 0.044195 0.0120252
0.00605088 1.21073 1.43967 0.981785 0.456618 0.585201 0.328034 1.20336 0.228944 0.128584 0.0442927 0.0118892
0.00622213 1.20281 1.4312 0.974422 0.454196 0.582839 0.325554 1.18824 0.228389 0.128643 0.0443905 0.0117544
0.00639824 1.19492 1.42274 0.967105 0.451788 0.580487 0.32309 1.17324 0.227818 0.128699 0.0444884 0.0116207
0.00657933 1.18707 1.4143 0.959834 0.449394 0.578146 0.320642 1.15836 0.227233 0.128752 0.0445863 0.0114881
0.00676555 1.17924 1.40587 0.952609 0.447012 0.575814 0.318209 1.14361 0.226632 0.128802 0.044684 0.0113567
0.00695704 1.17144 1.39746 0.94543 0.444643 0.573492 0.315793 1.12898 0.226015 0.12885 0.0447814 0.0112264
0.00715394 1.16368 1.38906 0.938296 0.442286 0.57118 0.313392 1.11447 0.225382 0.128894 0.0448785 0.0110973
0.00735642 1.15594 1.38067 0.931207 0.439941 0.568876 0.311006 1.10009 0.224733 0.128935 0.044975 0.0109693
0.00756463 1.14823 1.3723 0.924164 0.437609 0.566581 0.308637 1.08583 0.224068 0.128972 0.0450708 0.0108423
0.00777874 1.14055 1.36394 0.917166 0.435289 0.564295 0.306282 1.0717 0.223385 0.129006 0.0451659 0.0107166
0.0079989 1.1329 1.35558 0.910212 0.43298 0.562016 0.303943 1.05768 0.222685 0.129036 0.0452601 0.0105919
0.0082253 1.12527 1.34724 0.903304 0.430682 0.559745 0.30162 1.04379 0.221967 0.129063 0.0453531 0.0104683
0.0084581 1.11767 1.3389 0.89644 0.428397 0.557482 0.299312 1.03001 0.221232 0.129085 0.045445 0.0103458
0.00869749 1.1101 1.33058 0.889621 0.426122 0.555225 0.29702 1.01636 0.220478 0.129103 0.0455355 0.0102244
0.00894366 1.10255 1.32226 0.882846 0.423859 0.552975 0.294742 1.00283 0.219706 0.129117 0.0456246 0.0101042
0.00919679 1.09503 1.31394 0.876116 0.421606 0.550731 0.29248 0.989419 0.218914 0.129126 0.0457119 0.00998497
0.00945709 1.08753 1.30564 0.869429 0.419363 0.548493 0.290233 0.976128 0.218104 0.12913 0.0457974 0.00986687
0.00972476 1.08006 1.29733 0.862786 0.417131 0.546261 0.288001 0.962955 0.217274 0.12913 0.045881 0.00974984
0.01 1.07261 1.28903 0.856188 0.414909 0.544034 0.285784 0.949901 0.216423 0.129125 0.0459623 0.0096339
0.010283 1.06519 1.28074 0.849632 0.412697 0.541811 0.283583 0.936966 0.215553 0.129114 0.0460414 0.00951901
0.0105741 1.05778 1.27245 0.843121 0.410494 0.539592 0.281396 0.924149 0.214662 0.129098 0.046118 0.0094052
0.0108734 1.0504 1.26415 0.836653 0.408301 0.537378 0.279225 0.91145 0.213751 0.129077 0.0461918 0.00929245
0.0111811 1.04305 1.25586 0.830228 0.406117 0.535167 0.277068 0.898868 0.212818 0.12905 0.0462629 0.00918075
0.0114976 1.03571 1.24757 0.823846 0.403943 0.532959 0.274926 0.886403 0.211864 0.129016 0.0463308 0.00907011
0.011823 1.0284 1.23928 0.817508 0.401776 0.530753 0.272799 0.874055 0.210887 0.128977 0.0463956 0.00896051
0.0121576 1.0211 1.23099 0.811212 0.399619 0.52855 0.270687 0.861823 0.209889 0.128932 0.0464569 0.00885195
0.0125017 1.01383 1.2227 0.804959 0.397469 0.526349 0.26859 0.849707 0.208869 0.12888 0.0465146 0.00874442
0.0128556 1.00657 1.2144 0.798748 0.395328 0.524148 0.266507 0.837707 0.207825 0.128821 0.0465684 0.00863792
0.0132194 0.999339 1.2061 0.79258 0.393194 0.521949 0.264439 0.825823 0.206759 0.128755 0.0466183 0.00853243
0.0135936 0.992124 1.19779 0.786455 0.391068 0.519749 0.262386 0.814053 0.205669 0.128682 0.0466639 0.00842796
0.0139783 0.984928 1.18948 0.780372 0.388948 0.51755 0.260347 0.802397 0.204556 0.128602 0.046705 0.00832451
0.0143739 0.97775 1.18117 0.774331 0.386836 0.51535 0.258323 0.790856 0.203419 0.128514 0.0467415 0.00822205
0.0147808 0.97059 1.17285 0.768332 0.384731 0.513148 0.256313 0.779429 0.202258 0.128418 0.0467731 0.00812059
0.0151991 0.963448 1.16452 0.762375 0.382632 0.510946 0.254318 0.768115 0.201073 0.128314 0.0467996 0.00802012
0.0156293 0.956323 1.15619 0.75646 0.380539 0.508741 0.252337 0.756915 0.199863 0.128202 0.0468208 0.00792063
0.0160717 0.949215 1.14784 0.750587 0.378452 0.506533 0.250371 0.745827 0.198628 0.128081 0.0468365 0.00782211
0.0165265 0.942123 1.13949 0.744755 0.37637 0.504322 0.248419 0.734852 0.197368 0.127951 0.0468464 0.00772457
0.0169943 0.935047 1.13113 0.738965 0.374294 0.502107 0.246481 0.723989 0.196083 0.127813 0.0468503 0.00762798
0.0174753 0.927988 1.12276 0.733216 0.372223 0.499888 0.244558 0.713237 0.194772 0.127665 0.046848 0.00753235
0.0179699 0.920944 1.11438 0.727508 0.370156 0.497664 0.242649 0.702597 0.193435 0.127508 0.0468392 0.00743766
0.0184785 0.913915 1.10599 0.721842 0.368094 0.495435 0.240754 0.692067 0.192073 0.12734 0.0468237 0.00734391
0.0190015 0.906902 1.09759 0.716217 0.366037 0.493199 0.238874 0.681648 0.190685 0.127163 0.0468012 0.0072511
0.0195393 0.899903 1.08917 0.710633 0.363982 0.490958 0.237007 0.67134 0.18927 0.126975 0.0467717 0.0071592
0.0200923 0.892919 1.08075 0.705089 0.361932 0.488709 0.235155 0.661141 0.18783 0.126777 0.0467347 0.00706822
0.020661 0.885949 1.07231 0.699586 0.359884 0.486452 0.233316 0.651052 0.186362 0.126568 0.04669 0.00697815
0.0212458 0.878993 1.06386 0.694124 0.357839 0.484187 0.231492 0.641071 0.184869 0.126347 0.0466375 0.00688897
0.0218471 0.872051 1.0554 0.688703 0.355797 0.481913 0.229682 0.631199 0.183348 0.126115 0.0465768 0.00680068
0.0224655 0.865123 1.04692 0.683322 0.353757 0.479629 0.227885 0.621435 0.181802 0.125872 0.0465078 0.00671328
0.0231013 0.858209 1.03844 0.677981 0.351719 0.477335 0.226103 0.611779 0.180228 0.125616 0.0464302 0.00662675
0.0237551 0.851308 1.02994 0.67268 0.349683 0.475031 0.224334 0.60223 0.178628 0.125348 0.0463438 0.00654108
0.0244275 0.844421 1.02142 0.66742 0.347647 0.472714 0.22258 0.592788 0.177001 0.125067 0.0462483 0.00645627
0.0251189 0.837547 1.01289 0.6622 0.345613 0.470386 0.220839 0.583453 0.175347 0.124774 0.0461435 0.0063723
0.0258298 0.830686 1.00435 0.657019 0.343578 0.468045 0.219112 0.574223 0.173667 0.124467 0.0460292 0.00628916
0.0265609 0.823839 0.9958 0.651879 0.341544 0.465691 0.217398 0.565099 0.171961 0.124146 0.0459052 0.00620686
0.0273126 0.817005 0.987233 0.646778 0.33951 0.463322 0.215698 0.55608 0.170228 0.123812 0.0457712 0.00612537
0.0280857 0.810185 0.978653 0.641716 0.337475 0.460939 0.214012 0.547165 0.168468 0.123463 0.045627 0.00604469
0.0288806 0.803378 0.970061 0.636695 0.33544 0.45854 0.212339 0.538354 0.166683 0.1231 0.0454724 0.00596481
0.029698 0.796584 0.961456 0.631712 0.333403 0.456125 0.21068 0.529647 0.164872 0.122722 0.0453072 0.00588571
0.0305386 0.789804 0.95284 0.626769 0.331364 0.453694 0.209035 0.521043 0.163035 0.122329 0.0451312 0.00580739
0.0314029 0.783038 0.944211 0.621865 0.329323 0.451244 0.207402 0.512541 0.161173 0.121921 0.0449443 0.00572985
0.0322917 0.776286 0.935572 0.617001 0.32728 0.448777 0.205784 0.504141 0.159286 0.121497 0.0447461 0.00565306
0.0332057 0.769548 0.926922 0.612174 0.325234 0.44629 0.204178 0.495843 0.157374 0.121056 0.0445366 0.00557701
0.0341455 0.762825 0.918263 0.607387 0.323185 0.443784 0.202586 0.487645 0.155438 0.120599 0.0443156 0.00550171
0.0351119 0.756116 0.909594 0.602639 0.321132 0.441258 0.201007 0.479547 0.153477 0.120126 0.0440829 0.00542713
0.0361057 0.749423 0.900916 0.597929 0.319076 0.43871 0.199441 0.47155 0.151494 0.119635 0.0438384 0.00535327
0.0371276 0.742745 0.892231 0.593258 0.317014 0.436141 0.197888 0.463651 0.149487 0.119126 0.0435818 0.00528011
0.0381784 0.736082 0.88354 0.588625 0.314948 0.433549 0.196348 0.45585 0.147457 0.118601 0.0433132 0.00520765
0.039259 0.729436 0.874842 0.58403 0.312878 0.430934 0.194821 0.448148 0.145406 0.118056 0.0430324 0.00513588
0.0403702 0.722807 0.86614 0.579474 0.310801 0.428295 0.193307 0.440542 0.143333 0.117494 0.0427392 0.00506478
0.0415128 0.716195 0.857435 0.574955 0.308719 0.425631 0.191806 0.433033 0.14124 0.116913 0.0424336 0.00499434
0.0426877 0.7096 0.848727 0.570474 0.30663 0.422942 0.190317 0.425619 0.139126 0.116312 0.0421156 0.00492455
0.0438959 0.703024 0.840017 0.566031 0.304535 0.420227 0.188842 0.418301 0.136993 0.115693 0.0417849 0.00485541
0.0451383 0.696466 0.831308 0.561625 0.302432 0.417485 0.187378 0.411077 0.134842 0.115054 0.0414417 0.00478689
0.0464159 0.689928 0.822601 0.557256 0.300322 0.414716 0.185927 0.403946 0.132672 0.114394 0.0410859 0.004719
0.0477296 0.683411 0.813897 0.552925 0.298204 0.411918 0.184489 0.396909 0.130486 0.113715 0.0407174 0.00465171
0.0490805 0.676914 0.805197 0.54863 0.296077 0.409092 0.183062 0.389963 0.128284 0.113015 0.0403363 0.00458503
0.0504697 0.670438 0.796504 0.544372 0.293942 0.406235 0.181648 0.383109 0.126066 0.112294 0.0399427 0.00451892
0.0518981 0.663985 0.787819 0.540151 0.291797 0.403349 0.180246 0.376345 0.123834 0.111552 0.0395364 0.0044534
0.053367 0.657555 0.779144 0.535966 0.289643 0.400431 0.178855 0.369671 0.121589 0.110788 0.0391177 0.00438844
0.0548775 0.651149 0.770481 0.531817 0.287479 0.397482 0.177477 0.363086 0.119332 0.110003 0.0386865 0.00432404
0.0564307 0.644768 0.761831 0.527705 0.285305 0.394501 0.17611 0.356589 0.117063 0.109196 0.0382431 0.00426018
0.0580278 0.638412 0.753197 0.523627 0.28312 0.391486 0.174754 0.35018 0.114785 0.108366 0.0377874 0.00419686
0.0596702 0.632082 0.74458 0.519585 0.280924 0.388439 0.173409 0.343856 0.112498 0.107515 0.0373198 0.00413406
0.0613591 0.625781 0.735983 0.515578 0.278716 0.385356 0.172076 0.337618 0.110203 0.10664 0.0368403 0.00407178
0.0630957 0.619507 0.727409 0.511606 0.276496 0.38224 0.170753 0.331465 0.107901 0.105743 0.0363492 0.00401
0.0648815 0.613263 0.718858 0.507668 0.274264 0.379087 0.169441 0.325395 0.105595 0.104823 0.0358466 0.00394871
0.0667179 0.607049 0.710334 0.503764 0.272019 0.375899 0.16814 0.319408 0.103285 0.10388 0.0353328 0.00388791
0.0686062 0.600866 0.701838 0.499894 0.269761 0.372674 0.166849 0.313503 0.100972 0.102913 0.0348082 0.00382759
0.070548 0.594715 0.693373 0.496057 0.26749 0.369412 0.165567 0.307678 0.0986579 0.101923 0.0342729 0.00376773
0.0725448 0.588598 0.684942 0.492253 0.265204 0.366113 0.164296 0.301934 0.0963442 0.100909 0.0337272 0.00370833
0.074598 0.582514 0.676546 0.488482 0.262905 0.362776 0.163033 0.296268 0.094032 0.0998713 0.0331717 0.00364939
0.0767094 0.576466 0.668189 0.484743 0.26059 0.3594 0.16178 0.29068 0.091723 0.0988101 0.0326065 0.00359088
0.0788805 0.570453 0.659872 0.481035 0.258261 0.355986 0.160536 0.285169 0.0894185 0.097725 0.0320321 0.0035328
0.0811131 0.564478 0.651598 0.477358 0.255916 0.352532 0.1593 0.279734 0.08712 0.0966162 0.0314489 0.00347516
0.0834088 0.558541 0.643369 0.473712 0.253555 0.349039 0.158072 0.274374 0.0848289 0.0954834 0.0308573 0.00341793
0.0857696 0.552642 0.635188 0.470095 0.251178 0.345505 0.156851 0.269088 0.0825469 0.094327 0.0302579 0.00336111
0.0881971 0.546782 0.627058 0.466507 0.248785 0.341932 0.155638 0.263875 0.0802754 0.0931467 0.0296511 0.00330471
0.0906934 0.540964 0.618979 0.462948 0.246374 0.338317 0.154432 0.258733 0.0780159 0.0919429 0.0290374 0.0032487
0.0932603 0.535186 0.610956 0.459416 0.243947 0.334662 0.153231 0.253663 0.07577 0.0907155 0.0284173 0.00319309
0.0958999 0.52945 0.602989 0.455911 0.241501 0.330966 0.152036 0.248662 0.0735392 0.0894648 0.0277914 0.00313787
0.0986142 0.523757 0.595082 0.452432 0.239038 0.327229 0.150847 0.243731 0.071325 0.088191 0.0271602 0.00308304
0.101405 0.518107 0.587236 0.448978 0.236556 0.32345 0.149661 0.238867 0.0691289 0.0868943 0.0265244 0.00302859
0.104275 0.5125 0.579453 0.445548 0.234055 0.31963 0.14848 0.23407 0.0669524 0.085575 0.0258846 0.00297452
0.107227 0.506938 0.571735 0.442141 0.231535 0.315768 0.147302 0.229339 0.0647971 0.0842333 0.0252414 0.00292083
0.110262 0.50142 0.564084 0.438755 0.228995 0.311865 0.146126 0.224673 0.0626644 0.0828697 0.0245954 0.00286752
0.113382 0.495946 0.556502 0.43539 0.226436 0.30792 0.144951 0.220072 0.0605557 0.0814846 0.0239474 0.00281459
0.116591 0.490517 0.54899 0.432044 0.223855 0.303934 0.143777 0.215533 0.0584726 0.0800784 0.0232978 0.00276203
0.119891 0.485132 0.541549 0.428716 0.221254 0.299906 0.142602 0.211057 0.0564163 0.0786517 0.0226476 0.00270985
0.123285 0.479792 0.534181 0.425404 0.218632 0.295837 0.141427 0.206642 0.0543883 0.0772049 0.0219973 0.00265804
0.126774 0.474496 0.526886 0.422107 0.215987 0.291726 0.140249 0.202288 0.0523899 0.0757387 0.0213476 0.00260662
0.130362 0.469244 0.519666 0.418821 0.21332 0.287574 0.139067 0.197993 0.0504224 0.0742538 0.0206993 0.00255557
0.134052 0.464034 0.512521 0.415547 0.21063 0.283381 0.13788 0.193757 0.048487 0.0727508 0.020053 0.00250491
0.137846 0.458865 0.50545 0.412281 0.207917 0.279148 0.136687 0.18958 0.046585 0.0712305 0.0194096 0.00245464
0.141747 0.453738 0.498456 0.409021 0.20518 0.274873 0.135486 0.185459 0.0447174 0.0696938 0.0187696 0.00240477
0.145759 0.448651 0.491536 0.405765 0.202417 0.270559 0.134276 0.181396 0.0428855 0.0681415 0.0181338 0.00235529
0.149885 0.4436 0.484691 0.40251 0.19963 0.266204 0.133055 0.177389 0.0410902 0.0665745 0.0175029 0.00230622
0.154127 0.438586 0.477919 0.399254 0.196815 0.261809 0.131821 0.173437 0.0393325 0.0649939 0.0168776 0.00225755
0.158489 0.433606 0.47122 0.395993 0.193974 0.257375 0.130573 0.169541 0.0376134 0.0634006 0.0162585 0.00220931
0.162975 0.428658 0.464591 0.392724 0.191105 0.252901 0.129309 0.165699 0.0359336 0.0617959 0.0156465 0.00216149
0.167588 0.423737 0.458031 0.389443 0.188207 0.248388 0.128026 0.161911 0.034294 0.0601809 0.015042 0.0021141
0.172331 0.418843 0.451538 0.386147 0.185279 0.243836 0.126722 0.158176 0.0326953 0.0585569 0.0144459 0.00206716
0.177209 0.41397 0.445108 0.382832 0.18232 0.239245 0.125395 0.154495 0.0311381 0.056925 0.0138586 0.00202066
0.182224 0.409115 0.438738 0.379492 0.179328 0.234615 0.124042 0.150867 0.029623 0.0552867 0.0132808 0.00197462
0.187382 0.404274 0.432424 0.376123 0.176304 0.229947 0.12266 0.147291 0.0281505 0.0536434 0.0127131 0.00192905
0.192685 0.399441 0.426162 0.37272 0.173244 0.22524 0.121247 0.143768 0.0267209 0.0519966 0.012156 0.00188395
0.198139 0.394612 0.419947 0.369278 0.170148 0.220495 0.1198 0.140297 0.0253347 0.0503477 0.0116101 0.00183934
0.203747 0.389781 0.413773 0.365789 0.167013 0.215712 0.118315 0.136878 0.0239921 0.0486984 0.0110758 0.00179521
0.209514 0.38494 0.407633 0.362247 0.16384 0.21089 0.116789 0.133511 0.0226932 0.0470503 0.0105537 0.00175158
0.215443 0.380084 0.401522 0.358646 0.160624 0.206029 0.115219 0.130195 0.0214381 0.045405 0.0100441 0.00170846
0.221541 0.375203 0.39543 0.354976 0.157365 0.201129 0.113601 0.126932 0.0202269 0.0437644 0.00954751 0.00166584
0.227812 0.37029 0.38935 0.35123 0.154061 0.196191 0.111931 0.123719 0.0190595 0.0421301 0.00906423 0.00162373
0.234259 0.365335 0.383271 0.347399 0.150708 0.191212 0.110204 0.120558 0.0179358 0.0405039 0.0085946 0.00158214
0.24089 0.360327 0.377183 0.343472 0.147306 0.186194 0.108418 0.117449 0.0168555 0.0388878 0.0081389 0.00154106
0.247708 0.355255 0.371074 0.339437 0.143852 0.181135 0.106568 0.11439 0.0158183 0.0372836 0.00769737 0.00150048
0.254719 0.350107 0.364931 0.335283 0.140342 0.176036 0.104649 0.111382 0.0148239 0.0356931 0.00727022 0.00146042
0.261928 0.344866 0.358738 0.330994 0.136776 0.170894 0.102657 0.108424 0.0138719 0.0341183 0.0068576 0.00142084
0.269341 0.339516 0.352478 0.326554 0.133148 0.165709 0.100587 0.105517 0.0129616 0.0325612 0.00645963 0.00138175
0.276965 0.334035 0.346128 0.321943 0.129457 0.16048 0.0984331 0.102659 0.0120926 0.0310236 0.00607639 0.00134312
0.284804 0.328395 0.33966 0.317131 0.125697 0.155205 0.0961892 0.0998499 0.0112642 0.0295076 0.00570789 0.00130493
0.292864 0.322549 0.333025 0.312074 0.121861 0.149876 0.093846 0.0970894 0.0104757 0.0280151 0.00535413 0.00126713
0.301153 0.316392 0.326118 0.306665 0.117931 0.144479 0.0913825 0.094377 0.0097264 0.0265481 0.00501503 0.00122965
0.309677 0.309299 0.318314 0.300283 0.113782 0.138891 0.0886735 0.0917138 0.00901548 0.0251087 0.00469045 0.00119232
0.318442 0.301947 0.310703 0.293191 0.110798 0.135369 0.0862269 0.0907215 0.00875591 0.024571 0.00457083 0.00117758
0.321833 0.299717 0.308222 0.291213 0.109333 0.133376 0.0852897 0.0897454 0.00850428 0.024043 0.00445447 0.00116302
0.325224 0.297487 0.305747 0.289226 0.107875 0.1314 0.0843499 0.088785 0.00826031 0.0235248 0.00434129 0.00114864
0.328614 0.295254 0.303278 0.287231 0.106424 0.12944 0.0834074 0.0878398 0.00802376 0.0230162 0.00423119 0.00113443
0.332005 0.29302 0.300814 0.285226 0.104979 0.127496 0.0824622 0.0869093 0.00779437 0.022517 0.00412407 0.00112038
0.335396 0.290783 0.298355 0.283211 0.103542 0.125568 0.0815146 0.085993 0.0075719 0.022027 0.00401984 0.00110649
0.338787 0.288543 0.295899 0.281187 0.102111 0.123657 0.0805645 0.0850905 0.00735612 0.0215461 0.00391842 0.00109276
0.342178 0.2863 0.293447 0.279153 0.100686 0.12176 0.0796122 0.0842013 0.00714681 0.0210741 0.00381973 0.00107917
0.345569 0.284052 0.290996 0.277108 0.0992688 0.11988 0.0786578 0.0833249 0.00694376 0.020611 0.00372368 0.00106572
0.348959 0.2818 0.288547 0.275053 0.0978579 0.118014 0.0777014 0.0824609 0.00674676 0.0201566 0.00363019 0.00105242
0.35235 0.279542 0.286098 0.272987 0.0964537 0.116164 0.0767431 0.0816089 0.0065556 0.0197106 0.00353918 0.00103925
0.355741 0.27728 0.28365 0.270909 0.0950563 0.114329 0.0757832 0.0807685 0.00637011 0.0192731 0.00345059 0.00102621
0.359132 0.275011 0.281201 0.268821 0.0936655 0.112509 0.0748217 0.0799393 0.00619009 0.0188438 0.00336434 0.0010133
0.362523 0.272736 0.278751 0.266721 0.0922816 0.110704 0.0738589 0.0791208 0.00601536 0.0184227 0.00328036 0.00100051
0.365914 0.270455 0.2763 0.264609 0.0909044 0.108914 0.0728949 0.0783127 0.00584576 0.0180095 0.00319859 0.000987845
0.369305 0.268167 0.273848 0.262485 0.0895342 0.107138 0.0719299 0.0775147 0.00568112 0.0176042 0.00311895 0.000975291
0.372695 0.265871 0.271393 0.26035 0.0881708 0.105377 0.0709642 0.0767263 0.00552127 0.0172067 0.00304139 0.00096285
0.376086 0.263569 0.268935 0.258203 0.0868144 0.103631 0.0699978 0.0759472 0.00536607 0.0168167 0.00296584 0.000950517
0.379477 0.261258 0.266474 0.256043 0.0854651 0.101899 0.069031 0.0751771 0.00521537 0.0164342 0.00289225 0.00093829
0.382868 0.25894 0.264009 0.253871 0.084123 0.100182 0.0680639 0.0744157 0.00506902 0.016059 0.00282055 0.000926166
0.386259 0.256614 0.261541 0.251687 0.082788 0.0984792 0.0670969 0.0736625 0.00492689 0.0156911 0.0027507 0.000914142
0.38965 0.25428 0.259069 0.249491 0.0814605 0.0967908 0.0661302 0.0729173 0.00478884 0.0153303 0.00268263 0.000902215
0.39304 0.251937 0.256592 0.247283 0.0801403 0.0951168 0.0651638 0.0721798 0.00465474 0.0149765 0.0026163 0.000890382
0.396431 0.249586 0.254111 0.245062 0.0788276 0.0934572 0.0641981 0.0714496 0.00452446 0.0146295 0.00255165 0.000878642
0.399822 0.247227 0.251624 0.242829 0.0775226 0.091812 0.0632333 0.0707266 0.0043979 0.0142893 0.00248864 0.000866991
0.403213 0.244858 0.249133 0.240583 0.0762254 0.0901812 0.0622696 0.0700103 0.00427493 0.0139558 0.00242722 0.000855428
0.406604 0.242481 0.246637 0.238326 0.074936 0.0885648 0.0613072 0.0693005 0.00415544 0.0136288 0.00236734 0.00084395
0.409995 0.240095 0.244135 0.236056 0.0736546 0.0869629 0.0603464 0.068597 0.00403932 0.0133082 0.00230896 0.000832555
0.413385 0.237701 0.241627 0.233774 0.0723814 0.0853753 0.0593875 0.0678995 0.00392647 0.0129939 0.00225204 0.000821242
0.416776 0.235297 0.239114 0.23148 0.0711164 0.0838023 0.0584305 0.0672076 0.00381679 0.0126859 0.00219652 0.000810008
0.420167 0.232885 0.236595 0.229175 0.0698598 0.0822437 0.0574759 0.0665213 0.00371018 0.0123839 0.00214238 0.000798853
0.423558 0.230464 0.234071 0.226857 0.0686117 0.0806997 0.0565238 0.0658402 0.00360654 0.012088 0.00208958 0.000787775
0.426949 0.228034 0.23154 0.224528 0.0673723 0.0791702 0.0555744 0.0651641 0.00350579 0.0117979 0.00203807 0.000776771
0.43034 0.225596 0.229004 0.222188 0.0661417 0.0776554 0.0546281 0.0644928 0.00340784 0.0115137 0.00198782 0.000765841
0.43373 0.223149 0.226462 0.219837 0.0649201 0.0761552 0.053685 0.0638261 0.00331259 0.0112351 0.00193879 0.000754984
0.437121 0.220694 0.223914 0.217474 0.0637076 0.0746697 0.0527455 0.0631638 0.00321998 0.0109621 0.00189095 0.000744198
0.440512 0.218231 0.221361 0.215101 0.0625043 0.073199 0.0518096 0.0625055 0.00312993 0.0106947 0.00184427 0.000733483
0.443903 0.215759 0.218802 0.212717 0.0613104 0.071743 0.0508778 0.0618513 0.00304234 0.0104326 0.00179871 0.000722837
0.447294 0.21328 0.216237 0.210323 0.0601261 0.070302 0.0499502 0.0612008 0.00295716 0.0101759 0.00175425 0.000712259
0.450685 0.210793 0.213667 0.207919 0.0589515 0.0688759 0.0490271 0.060554 0.0028743 0.00992437 0.00171084 0.00070175
0.454075 0.208298 0.211092 0.205505 0.0577867 0.0674647 0.0481087 0.0599105 0.00279371 0.009678 0.00166847 0.000691307
0.457466 0.205796 0.208512 0.203081 0.056632 0.0660687 0.0471953 0.0592703 0.00271531 0.00943667 0.0016271 0.000680931
0.460857 0.203288 0.205927 0.200649 0.0554874 0.0646877 0.0462871 0.0586332 0.00263904 0.00920031 0.00158671 0.000670621
0.464248 0.200772 0.203337 0.198207 0.0543531 0.0633219 0.0453843 0.057999 0.00256483 0.00896881 0.00154728 0.000660377
0.467639 0.19825 0.200743 0.195758 0.0532293 0.0619714 0.0444872 0.0573677 0.00249263 0.00874211 0.00150876 0.000650198
0.47103 0.195722 0.198145 0.1933 0.0521161 0.0606362 0.043596 0.0567389 0.00242237 0.0085201 0.00147115 0.000640084
0.47442 0.193188 0.195542 0.190834 0.0510136 0.0593164 0.0427109 0.0561128 0.00235401 0.00830273 0.00143441 0.000630035
0.477811 0.190649 0.192936 0.188362 0.0499221 0.058012 0.0418322 0.055489 0.00228748 0.00808989 0.00139852 0.00062005
0.481202 0.188105 0.190327 0.185882 0.0488416 0.0567231 0.0409601 0.0548674 0.00222274 0.00788152 0.00136347 0.000610129
0.484593 0.185555 0.187715 0.183396 0.0477723 0.0554498 0.0400947 0.0542481 0.00215972 0.00767753 0.00132922 0.000600274
0.487984 0.183002 0.185101 0.180904 0.0467143 0.0541921 0.0392364 0.0536308 0.00209839 0.00747784 0.00129576 0.000590482
0.491375 0.180445 0.182484 0.178406 0.0456678 0.0529502 0.0383854 0.0530154 0.00203869 0.00728239 0.00126307 0.000580755
0.494765 0.177884 0.179865 0.175904 0.0446328 0.0517239 0.0375417 0.052402 0.00198058 0.0070911 0.00123112 0.000571093
0.498156 0.175321 0.177245 0.173397 0.0436096 0.0505135 0.0367058 0.0517903 0.00192401 0.00690389 0.0011999 0.000561496
0.501547 0.172754 0.174623 0.170886 0.0425983 0.049319 0.0358776 0.0511803 0.00186894 0.00672069 0.00116939 0.000551965
0.504938 0.170186 0.172002 0.168371 0.0415989 0.0481404 0.0350575 0.0505719 0.00181533 0.00654144 0.00113957 0.000542498
0.508329 0.167617 0.16938 0.165853 0.0406117 0.0469777 0.0342456 0.0499651 0.00176314 0.00636605 0.00111042 0.000533098
0.51172 0.165046 0.166758 0.163334 0.0396366 0.0458311 0.0334422 0.0493598 0.00171232 0.00619446 0.00108193 0.000523764
0.51511 0.162475 0.164137 0.160812 0.0386739 0.0447005 0.0326473 0.0487559 0.00166284 0.00602661 0.00105408 0.000514496
0.518501 0.159903 0.161518 0.158289 0.0377236 0.0435861 0.0318612 0.0481534 0.00161466 0.00586243 0.00102685 0.000505296
0.521892 0.157333 0.158901 0.155765 0.0367859 0.0424878 0.0310841 0.0475522 0.00156775 0.00570185 0.00100023 0.000496164
0.525283 0.154763 0.156286 0.153241 0.0358608 0.0414056 0.030316 0.0469524 0.00152207 0.00554481 0.000974211 0.000487099
0.528674 0.152196 0.153673 0.150718 0.0349484 0.0403397 0.0295572 0.0463538 0.00147759 0.00539124 0.000948769 0.000478104
0.532065 0.149631 0.151065 0.148196 0.0340489 0.03929 0.0288078 0.0457565 0.00143427 0.00524108 0.000923893 0.000469178
0.535455 0.147068 0.14846 0.145676 0.0331622 0.0382565 0.0280679 0.0451604 0.00139209 0.00509428 0.000899569 0.000460322
0.538846 0.14451 0.145861 0.143159 0.0322885 0.0372393 0.0273378 0.0445655 0.00135101 0.00495076 0.000875785 0.000451537
0.542237 0.141955 0.143266 0.140644 0.0314279 0.0362384 0.0266174 0.0439718 0.001311 0.00481048 0.000852528 0.000442824
0.545628 0.139406 0.140678 0.138134 0.0305804 0.0352538 0.025907 0.0433793 0.00127204 0.00467337 0.000829787 0.000434182
0.549019 0.136862 0.138096 0.135628 0.0297461 0.0342854 0.0252067 0.0427879 0.0012341 0.00453937 0.000807548 0.000425614
0.55241 0.134324 0.135521 0.133127 0.028925 0.0333334 0.0245165 0.0421978 0.00119715 0.00440843 0.000785801 0.000417119
0.5558 0.131793 0.132954 0.130632 0.0281171 0.0323976 0.0238366 0.0416089 0.00116116 0.00428049 0.000764535 0.000408699
0.559191 0.12927 0.130396 0.128144 0.0273226 0.0314781 0.0231671 0.0410212 0.00112612 0.0041555 0.000743739 0.000400354
0.562582 0.126755 0.127847 0.125663 0.0265415 0.0305749 0.0225081 0.0404348 0.00109199 0.00403341 0.000723402 0.000392084
0.565973 0.124249 0.125308 0.12319 0.0257738 0.0296879 0.0218596 0.0398496 0.00105875 0.00391415 0.000703515 0.000383892
0.569364 0.121753 0.122779 0.120726 0.0250194 0.0288171 0.0212217 0.0392657 0.00102638 0.00379769 0.000684068 0.000375777
0.572755 0.119267 0.120262 0.118272 0.0242785 0.0279625 0.0205945 0.0386832 0.000994852 0.00368396 0.000665051 0.00036774
0.576146 0.116792 0.117756 0.115828 0.023551 0.0271239 0.0199781 0.038102 0.000964152 0.00357292 0.000646455 0.000359783
0.579536 0.114329 0.115263 0.113395 0.022837 0.0263015 0.0193725 0.0375222 0.000934257 0.00346452 0.000628271 0.000351906
0.582927 0.111879 0.112784 0.110974 0.0221364 0.0254951 0.0187777 0.0369439 0.000905145 0.0033587 0.00061049 0.000344109
0.586318 0.109442 0.110319 0.108565 0.0214493 0.0247047 0.0181939 0.0363671 0.000876796 0.00325543 0.000593105 0.000336394
0.589709 0.107019 0.107868 0.10617 0.0207756 0.0239302 0.0176209 0.0357919 0.000849193 0.00315464 0.000576107 0.000328762
0.5931 0.104611 0.105433 0.103789 0.0201153 0.0231716 0.017059 0.0352183 0.000822316 0.00305631 0.000559489 0.000321212
0.596491 0.102218 0.103014 0.101422 0.0194683 0.0224287 0.016508 0.0346463 0.000796147 0.00296037 0.000543242 0.000313747
0.599881 0.0998419 0.100613 0.0990712 0.0188347 0.0217015 0.0159679 0.0340762 0.000770669 0.00286679 0.000527359 0.000306366
0.603272 0.0974826 0.0982285 0.0967368 0.0182144 0.02099 0.0154389 0.0335078 0.000745865 0.00277552 0.000511833 0.000299071
0.606663 0.0951411 0.0958628 0.0944194 0.0176074 0.0202939 0.0149209 0.0329413 0.000721718 0.00268652 0.000496657 0.000291862
0.610054 0.092818 0.0935162 0.0921198 0.0170136 0.0196133 0.0144138 0.0323768 0.000698213 0.00259975 0.000481825 0.00028474
0.613445 0.0905141 0.0911894 0.0898388 0.0164329 0.018948 0.0139177 0.0318144 0.000675334 0.00251515 0.000467329 0.000277706
0.616836 0.0882301 0.0888831 0.087577 0.0158653 0.018298 0.0134326 0.031254 0.000653065 0.0024327 0.000453163 0.00027076
0.620226 0.0859669 0.0865983 0.0853355 0.0153107 0.017663 0.0129583 0.0306959 0.000631393 0.00235234 0.000439321 0.000263903
0.623617 0.0837249 0.0843352 0.0831146 0.014769 0.017043 0.0124949 0.0301401 0.000610303 0.00227404 0.000425797 0.000257136
0.627008 0.0815051 0.0820949 0.0809154 0.0142402 0.0164379 0.0120424 0.0295866 0.00058978 0.00219777 0.000412585 0.000250459
0.630399 0.0793081 0.0798779 0.0787383 0.0137241 0.0158475 0.0116006 0.0290357 0.000569813 0.00212347 0.000399679 0.000243873
0.63379 0.0771345 0.0776848 0.0765841 0.0132207 0.0152718 0.0111695 0.0284873 0.000550387 0.00205112 0.000387074 0.000237379
0.637181 0.074985 0.0755165 0.0744535 0.0127298 0.0147105 0.0107492 0.0279416 0.00053149 0.00198067 0.000374764 0.000230977
0.640571 0.0728603 0.0733734 0.0723472 0.0122514 0.0141635 0.0103393 0.0273986 0.000513109 0.00191208 0.000362744 0.000224668
0.643962 0.0707612 0.0712564 0.0702659 0.0117854 0.0136307 0.00994006 0.0268585 0.000495233 0.00184533 0.000351008 0.000218451
0.647353 0.0686882 0.0691661 0.0682104 0.0113316 0.0131119 0.0095512 0.0263213 0.000477849 0.00178037 0.000339552 0.000212329
0.650744 0.0666418 0.0671027 0.0661809 0.0108899 0.012607 0.0091727 0.0257873 0.000460947 0.00171717 0.00032837 0.0002063
0.654135 0.0646229 0.0650674 0.0641783 0.0104601 0.0121158 0.00880445 0.0252564 0.000444515 0.00165569 0.000317458 0.000200366
0.657526 0.0626318 0.0630603 0.0622032 0.0100423 0.0116382 0.00844637 0.0247287 0.000428543 0.0015959 0.000306811 0.000194527
0.660916 0.0606693 0.0610823 0.0602563 0.00963612 0.0111739 0.00809835 0.0242045 0.000413019 0.00153777 0.000296425 0.000188783
0.664307 0.0587359 0.0591339 0.058338 0.00924154 0.0107228 0.00776028 0.0236837 0.000397934 0.00148126 0.000286294 0.000183134
0.667698 0.0568322 0.0572154 0.0564489 0.00885838 0.0102847 0.00743204 0.0231665 0.000383277 0.00142634 0.000276415 0.000177581
0.671089 0.0549584 0.0553274 0.0545894 0.00848651 0.00985949 0.00711354 0.022653 0.000369039 0.00137297 0.000266783 0.000172125
0.67448 0.0531154 0.0534707 0.0527602 0.00812576 0.00944689 0.00680462 0.0221433 0.000355211 0.00132113 0.000257394 0.000166764
0.677871 0.0513036 0.0516454 0.0509619 0.00777599 0.00904678 0.0065052 0.0216376 0.000341782 0.00127079 0.000248243 0.0001615
0.681261 0.0495234 0.0498521 0.0491946 0.00743702 0.00865893 0.00621512 0.0211358 0.000328745 0.0012219 0.000239327 0.000156333
0.684652 0.047775 0.0480911 0.0474589 0.00710872 0.00828317 0.00593426 0.0206382 0.000316089 0.00117445 0.000230642 0.000151262
0.688043 0.0460592 0.046363 0.0457554 0.00679088 0.00791928 0.00566248 0.0201448 0.000303807 0.0011284 0.000222183 0.000146288
0.691434 0.0443761 0.044668 0.0440842 0.00648336 0.00756709 0.00539964 0.0196558 0.00029189 0.00108372 0.000213948 0.000141411
0.694825 0.0427262 0.0430065 0.0424459 0.00618598 0.00722637 0.00514559 0.0191712 0.00028033 0.00104039 0.000205931 0.00013663
0.698216 0.0411098 0.0413789 0.0408407 0.00589856 0.00689693 0.00490019 0.0186912 0.000269118 0.00099837 0.000198129 0.000131946
0.701606 0.0395271 0.0397854 0.0392689 0.00562092 0.00657856 0.00466328 0.0182159 0.000258247 0.000957638 0.000190539 0.000127359
0.704997 0.0379786 0.0382263 0.0377309 0.00535288 0.00627105 0.00443472 0.0177453 0.000247709 0.000918165 0.000183157 0.000122868
0.708388 0.0364643 0.0367018 0.0362268 0.00509427 0.0059742 0.00421435 0.0172796 0.000237497 0.000879923 0.000175979 0.000118473
0.711779 0.0349846 0.0352122 0.034757 0.0048449 0.00568779 0.00400201 0.0168189 0.000227603 0.000842886 0.000169002 0.000114174
0.71517 0.0335395 0.0337575 0.0333215 0.00460458 0.0054116 0.00379755 0.0163632 0.00021802 0.000807027 0.000162222 0.000109971
0.718561 0.0321293 0.0323381 0.0319206 0.00437312 0.00514544 0.0036008 0.0159128 0.000208741 0.00077232 0.000155636 0.000105863
0.721951 0.0307541 0.0309539 0.0305544 0.00415033 0.00488907 0.00341159 0.0154676 0.000199759 0.000738739 0.000149241 0.000101851
0.725342 0.029414 0.0296051 0.0292229 0.00393603 0.00464229 0.00322977 0.0150278 0.000191066 0.00070626 0.000143033 9.7933e-05
0.728733 0.028109 0.0282916 0.0279263 0.00373002 0.00440488 0.00305517 0.0145935 0.000182658 0.000674856 0.000137008 9.41094e-05
0.732124 0.0268391 0.0270137 0.0266646 0.00353212 0.00417662 0.00288762 0.0141648 0.000174526 0.000644503 0.000131164 9.03795e-05
0.735515 0.0256044 0.0257711 0.0254378 0.00334212 0.0039573 0.00272695 0.0137417 0.000166665 0.000615178 0.000125498 8.6743e-05
0.738906 0.0244048 0.0245639 0.0242458 0.00315985 0.0037467 0.00257299 0.0133243 0.000159068 0.000586856 0.000120006 8.31992e-05
0.742296 0.0232403 0.023392 0.0230886 0.0029851 0.00354461 0.00242558 0.0129128 0.00015173 0.000559513 0.000114684 7.97476e-05
0.745687 0.0221107 0.0222553 0.021966 0.00281768 0.00335081 0.00228455 0.0125072 0.000144643 0.000533127 0.00010953 7.63875e-05
0.749078 0.0210159 0.0211537 0.0208781 0.0026574 0.00316508 0.00214973 0.0121076 0.000137803 0.000507675 0.000104541 7.31183e-05
0.752469 0.0199557 0.0200869 0.0198245 0.00250407 0.00298721 0.00202094 0.0117141 0.000131203 0.000483133 9.97141e-05 6.99392e-05
0.75586 0.01893 0.0190549 0.0188052 0.0023575 0.00281698 0.00189802 0.0113268 0.000124838 0.000459481 9.50452e-05 6.68496e-05
0.759251 0.0179385 0.0180572 0.0178198 0.0022175 0.00265419 0.0017808 0.0109457 0.000118701 0.000436696 9.05318e-05 6.38486e-05
0.762641 0.0169809 0.0170937 0.0168682 0.00208387 0.00249863 0.00166911 0.0105709 0.000112788 0.000414757 8.61708e-05 6.09354e-05
0.766032 0.016057 0.0161641 0.0159499 0.00195643 0.00235007 0.00156279 0.0102025 0.000107093 0.000393642 8.19593e-05 5.81092e-05
0.769423 0.0151664 0.0152681 0.0150648 0.00183499 0.00220832 0.00146166 0.00984047 0.000101611 0.000373331 7.78942e-05 5.53691e-05
0.772814 0.0143088 0.0144052 0.0142125 0.00171937 0.00207317 0.00136557 0.00948499 9.6336e-05 0.000353803 7.39727e-05 5.27141e-05
0.776205 0.0134838 0.013575 0.0133925 0.00160938 0.00194441 0.00127434 0.00913607 9.12633e-05 0.000335037 7.01917e-05 5.01433e-05
0.779596 0.0126909 0.0127773 0.0126045 0.00150483 0.00182185 0.00118782 0.00879377 8.63876e-05 0.000317015 6.65484e-05 4.76557e-05
0.782986 0.0119298 0.0120115 0.0118481 0.00140556 0.00170527 0.00110584 0.00845814 8.17041e-05 0.000299716 6.30398e-05 4.52503e-05
0.786377 0.0111999 0.0112771 0.0111227 0.00131137 0.00159449 0.00102825 0.00812922 7.72077e-05 0.000283121 5.96631e-05 4.29259e-05
0.789768 0.0105007 0.0105736 0.0104279 0.00122209 0.0014893 0.000954884 0.00780707 7.28937e-05 0.00026721 5.64154e-05 4.06816e-05
0.793159 0.00983185 0.00990061 0.0097631 0.00113756 0.00138952 0.000885592 0.00749173 6.8757e-05 0.000251966 5.32939e-05 3.85161e-05
0.79655 0.00919264 0.00925743 0.00912784 0.00105759 0.00129496 0.000820217 0.00718323 6.47932e-05 0.000237369 5.02956e-05 3.64284e-05
0.799941 0.00858255 0.00864354 0.00852155 0.000982012 0.00120541 0.00075861 0.0068816 6.09975e-05 0.000223402 4.74179e-05 3.44172e-05
0.803332 0.00800097 0.00805833 0.0079436 0.000910665 0.00112071 0.000700619 0.00658688 5.73652e-05 0.000210046 4.46578e-05 3.24813e-05
0.806722 0.00744729 0.00750119 0.0073934 0.000843386 0.00104067 0.000646101 0.0062991 5.3892e-05 0.000197284 4.20127e-05 3.06195e-05
0.810113 0.00692089 0.00697146 0.00687032 0.000780009 0.000965107 0.00059491 0.00601826 5.05734e-05 0.000185099 3.94797e-05 2.88305e-05
0.813504 0.0064211 0.00646851 0.0063737 0.000720378 0.00089385 0.000546906 0.0057444 4.74049e-05 0.000173472 3.7056e-05 2.7113e-05
0.816895 0.00594725 0.00599163 0.00590287 0.000664337 0.000826726 0.000501948 0.00547753 4.43823e-05 0.000162389 3.4739e-05 2.54657e-05
0.820286 0.00549865 0.00554015 0.00545715 0.000611733 0.000763564 0.000459902 0.00521766 4.15012e-05 0.000151831 3.25259e-05 2.38872e-05
0.823677 0.00507461 0.00511336 0.00503585 0.000562419 0.000704202 0.000420636 0.00496478 3.87575e-05 0.000141783 3.0414e-05 2.23763e-05
0.827067 0.00467439 0.00471054 0.00463824 0.000516247 0.000648475 0.000384019 0.00471891 3.6147e-05 0.000132228 2.84006e-05 2.09314e-05
0.830458 0.00429728 0.00433095 0.00426361 0.000473075 0.000596226 0.000349923 0.00448003 3.36657e-05 0.000123151 2.6483e-05 1.95512e-05
0.833849 0.00394254 0.00397385 0.00391123 0.000432763 0.0005473 0.000318226 0.00424815 3.13094e-05 0.000114537 2.46586e-05 1.82343e-05
0.83724 0.00360941 0.00363849 0.00358034 0.000395176 0.000501545 0.000288807 0.00402325 2.90743e-05 0.000106369 2.29247e-05 1.69791e-05
0.840631 0.00329716 0.00332411 0.0032702 0.000360181 0.000458815 0.000261548 0.00380531 2.69563e-05 9.86334e-05 2.12786e-05 1.57843e-05
0.844022 0.00300501 0.00302996 0.00298005 0.00032765 0.000418964 0.000236335 0.00359431 2.49517e-05 9.13146e-05 1.97178e-05 1.46484e-05
0.847412 0.0027322 0.00275525 0.00270914 0.000297456 0.000381854 0.000213058 0.00339022 2.30566e-05 8.43984e-05 1.82396e-05 1.35699e-05
0.850803 0.00247797 0.00249923 0.0024567 0.000269478 0.000347349 0.000191608 0.00319302 2.12673e-05 7.78705e-05 1.68415e-05 1.25472e-05
0.854194 0.00224154 0.00226112 0.00222196 0.000243599 0.000315315 0.000171882 0.00300268 1.958e-05 7.17166e-05 1.55209e-05 1.15789e-05
0.857585 0.00202216 0.00204015 0.00200417 0.000219702 0.000285625 0.000153779 0.00281914 1.79912e-05 6.59231e-05 1.42753e-05 1.06633e-05
0.860976 0.00181907 0.00183556 0.00180257 0.000197678 0.000258154 0.000137202 0.00264236 1.64971e-05 6.04764e-05 1.31022e-05 9.7991e-06
0.864367 0.00163149 0.00164659 0.0016164 0.000177419 0.000232782 0.000122056 0.00247231 1.50944e-05 5.53631e-05 1.19989e-05 8.98459e-06
0.867757 0.00145868 0.00147246 0.00144491 0.00015882 0.00020939 0.00010825 0.00230892 1.37794e-05 5.05701e-05 1.09632e-05 8.21825e-06
0.871148 0.0012999 0.00131245 0.00128735 0.000141783 0.000187867 9.56984e-05 0.00215213 1.25488e-05 4.60845e-05 9.99243e-06 7.49852e-06
0.874539 0.0011544 0.0011658 0.001143 0.00012621 0.000168104 8.43163e-05 0.00200188 1.13991e-05 4.18937e-05 9.08423e-06 6.82383e-06
0.87793 0.00102146 0.00103179 0.00101113 0.000112009 0.000149994 7.40235e-05 0.00185811 1.03271e-05 3.79854e-05 8.23618e-06 6.19263e-06
0.881321 0.000900364 0.000909694 0.000891035 9.90901e-05 0.000133437 6.47429e-05 0.00172073 9.3294e-06 3.43472e-05 7.44588e-06 5.60334e-06
0.884712 0.000790407 0.00079881 0.000782005 8.73678e-05 0.000118335 5.64005e-05 0.00158968 8.40284e-06 3.09673e-05 6.71096e-06 5.05439e-06
0.888102 0.000690903 0.000698447 0.000683359 7.676e-05 0.000104594 4.89259e-05 0.00146487 7.54423e-06 2.78341e-05 6.02909e-06 4.54422e-06
0.891493 0.000601179 0.00060793 0.000594429 6.71879e-05 9.21238e-05 4.2252e-05 0.00134621 6.75045e-06 2.49359e-05 5.39796e-06 4.07126e-06
0.894884 0.00052058 0.000526599 0.000514562 5.85765e-05 8.08381e-05 3.63149e-05 0.0012336 6.01843e-06 2.22616e-05 4.81526e-06 3.63395e-06
0.898275 0.00044847 0.000453815 0.000443125 5.08539e-05 7.06541e-05 3.10537e-05 0.00112696 5.34518e-06 1.98002e-05 4.27875e-06 3.23074e-06
0.901666 0.000384229 0.000388957 0.000379501 4.39517e-05 6.14925e-05 2.64109e-05 0.00102618 4.72772e-06 1.75408e-05 3.78619e-06 2.86008e-06
0.905057 0.00032726 0.000331423 0.000323097 3.7805e-05 5.32779e-05 2.2332e-05 0.000931144 4.16316e-06 1.5473e-05 3.3354e-06 2.52043e-06
0.908447 0.000276986 0.000280634 0.000273337 3.23519e-05 4.59382e-05 1.87655e-05 0.00084175 3.64866e-06 1.35863e-05 2.9242e-06 2.21027e-06
0.911838 0.000232852 0.000236033 0.00022967 2.75339e-05 3.94047e-05 1.56631e-05 0.000757876 3.18143e-06 1.18708e-05 2.55045e-06 1.92808e-06
0.915229 0.000194327 0.000197086 0.000191568 2.32957e-05 3.36123e-05 1.29792e-05 0.000679401 2.75873e-06 1.03165e-05 2.21207e-06 1.67236e-06
0.91862 0.000160902 0.00016328 0.000158524 1.95851e-05 2.8499e-05 1.06712e-05 0.000606196 2.3779e-06 8.91392e-06 1.90699e-06 1.44163e-06
0.922011 0.000132092 0.000134129 0.000130056 1.63528e-05 2.40064e-05 8.69931e-06 0.000538129 2.03632e-06 7.65353e-06 1.63318e-06 1.23442e-06
0.925402 0.000107439 0.00010917 0.000105708 1.35527e-05 2.00789e-05 7.02648e-06 0.000475063 1.73145e-06 6.52622e-06 1.38865e-06 1.04927e-06
0.928792 8.65069e-05 8.79677e-05 8.50461e-05 1.11413e-05 1.66644e-05 5.61826e-06 0.000416853 1.46078e-06 5.52307e-06 1.17147e-06 8.84762e-07
0.932183 6.88865e-05 7.01084e-05 6.76646e-05 9.07827e-06 1.37137e-05 4.44288e-06 0.000363352 1.22189e-06 4.63539e-06 9.7971e-07 7.39489e-07
0.935574 5.4194e-05 5.52064e-05 5.31816e-05 7.32574e-06 1.11805e-05 3.471e-06 0.000314407 1.01241e-06 3.85473e-06 8.1152e-07 6.12067e-07
0.938965 4.20713e-05 4.29014e-05 4.12413e-05 5.84867e-06 9.02156e-06 2.67577e-06 0.000269858 8.30039e-07 3.1729e-06 6.65079e-07 5.01141e-07
0.942356 3.21861e-05 3.28587e-05 3.15136e-05 4.61457e-06 7.19648e-06 2.03266e-06 0.000229542 6.72546e-07 2.58191e-06 5.38614e-07 4.05385e-07
0.945747 2.42314e-05 2.47692e-05 2.36937e-05 3.59345e-06 5.66752e-06 1.51939e-06 0.000193289 5.3776e-07 2.07406e-06 4.30401e-07 3.23502e-07
0.949137 1.79261e-05 1.83497e-05 1.75025e-05 2.75776e-06 4.39964e-06 1.11587e-06 0.000160925 4.23584e-07 1.64189e-06 3.38764e-07 2.54227e-07
0.952528 1.3014e-05 1.3342e-05 1.2686e-05 2.08226e-06 3.36043e-06 8.04097e-07 0.000132269 3.27989e-07 1.27816e-06 2.62083e-07 1.96333e-07
0.955919 9.26406e-06 9.51308e-06 9.01503e-06 1.54399e-06 2.51993e-06 5.68043e-07 0.000107135 2.49024e-07 9.75943e-07 1.9879e-07 1.48626e-07
0.95931 6.4694e-06 6.65421e-06 6.28459e-06 1.12213e-06 1.85066e-06 3.93597e-07 8.53324e-05 1.84811e-07 7.2853e-07 1.47375e-07 1.09955e-07
0.962701 4.44726e-06 4.58081e-06 4.31371e-06 7.97953e-07 1.32745e-06 2.68452e-07 6.6664e-05 1.3355e-07 5.29501e-07 1.06388e-07 7.92109e-08
0.966092 3.03827e-06 3.13179e-06 2.94475e-06 5.54742e-07 9.27454e-07 1.82029e-07 5.09281e-05 9.35236e-08 3.72712e-07 7.44414e-08 5.53295e-08
0.969482 2.10606e-06 2.16916e-06 2.04296e-06 3.77702e-07 6.30005e-07 1.254e-07 3.7918e-05 6.30983e-08 2.52303e-07 5.02135e-08 3.72957e-08
0.972873 1.53713e-06 1.57786e-06 1.4964e-06 2.53928e-07 4.16637e-07 9.12198e-08 2.74238e-05 4.07294e-08 1.62709e-07 3.24528e-08 2.41465e-08
0.976264 1.24138e-06 1.26634e-06 1.21641e-06 1.72407e-07 2.71083e-07 7.37316e-08 1.92355e-05 2.49646e-08 9.86755e-08 1.99812e-08 1.49748e-08
0.979655 1.15508e-06 1.16953e-06 1.14064e-06 1.24171e-07 1.79445e-07 6.88974e-08 1.31504e-05 1.44488e-08 5.52739e-08 1.16986e-08 8.93298e-09
0.983046 1.25165e-06 1.25958e-06 1.24372e-06 1.02935e-07 1.30854e-07 7.5016e-08 8.99636e-06 7.9287e-09 2.79192e-08 6.58694e-09 5.23618e-09
0.986437 1.58926e-06 1.59351e-06 1.58501e-06 1.07962e-07 1.20359e-07 9.55661e-08 6.71608e-06 4.2538e-09 1.23963e-08 3.70928e-09 3.1605e-09
0.989827 2.75227e-06 2.75461e-06 2.74992e-06 1.70684e-07 1.75572e-07 1.65796e-07 6.85714e-06 2.34891e-09 4.88797e-09 2.17976e-09 2.00909e-09
0.993218 1.05847e-05 1.0585e-05 1.05844e-05 6.40895e-07 6.43645e-07 6.38146e-07 3.54151e-05 3.23724e-10 2.74935e-09 1.62674e-10 0
4.01075e-314 inf inf inf inf inf inf 8.82705e-05 5.17278 0.250374 0.12387 0.053461
