9.72476e-05 3.33293 3.61419 3.05167 1.20678 1.3479 1.06565 5.68068 0.281261 0.141122 0.0582593 0.0504899
0.0001 3.31436 3.59543 3.03329 1.20017 1.34115 1.05918 5.63499 0.28107 0.140986 0.0579751 0.0501207
0.00010283 3.29613 3.57701 3.01525 1.19368 1.33454 1.05283 5.58957 0.280881 0.140853 0.0576936 0.0497534
0.000105741 3.27933 3.56002 2.99864 1.18771 1.32843 1.04699 5.54444 0.280693 0.140721 0.0574149 0.0493879
0.000108734 3.26052 3.54103 2.98002 1.18102 1.32161 1.04043 5.49958 0.280506 0.140592 0.0571389 0.0490243
0.000111811 3.24181 3.52213 2.96149 1.17437 1.31484 1.03391 5.45499 0.280321 0.140466 0.0568658 0.0486626
0.000114976 3.2232 3.50333 2.94306 1.16776 1.3081 1.02742 5.41069 0.280137 0.140341 0.0565953 0.0483026
0.00011823 3.20468 3.48463 2.92472 1.16118 1.3014 1.02096 5.36665 0.279954 0.140219 0.0563277 0.0479445
0.000121576 3.18625 3.46602 2.90648 1.15463 1.29473 1.01453 5.32288 0.279773 0.1401 0.0560628 0.0475882
0.000125017 3.16791 3.44751 2.88832 1.14812 1.28811 1.00814 5.27938 0.279593 0.139982 0.0558007 0.0472338
0.000128556 3.14967 3.42909 2.87026 1.14165 1.28152 1.00178 5.23616 0.279415 0.139867 0.0555413 0.0468811
0.000132194 3.13153 3.41077 2.85229 1.13521 1.27497 0.995457 5.19319 0.279237 0.139755 0.0552847 0.0465303
0.000135936 3.11347 3.39254 2.83441 1.12881 1.26845 0.989163 5.1505 0.279061 0.139644 0.055031 0.0461812
0.000139783 3.09551 3.3744 2.81662 1.12244 1.26197 0.982901 5.10807 0.278887 0.139536 0.0547799 0.0458339
0.000143739 3.07764 3.35635 2.79893 1.1161 1.25553 0.976672 5.06589 0.278713 0.13943 0.0545317 0.0454885
0.000147808 3.05986 3.3384 2.78132 1.1098 1.24913 0.970473 5.02399 0.278541 0.139326 0.0542862 0.0451448
0.000151991 3.04217 3.32054 2.7638 1.10353 1.24276 0.964307 4.98234 0.278369 0.139225 0.0540435 0.0448029
0.000156293 3.02457 3.30277 2.74637 1.0973 1.23642 0.958173 4.94095 0.278199 0.139125 0.0538036 0.0444627
0.000160717 3.00707 3.2851 2.72904 1.0911 1.23013 0.95207 4.89982 0.27803 0.139028 0.0535665 0.0441243
0.000165265 2.98965 3.26751 2.71178 1.08493 1.22387 0.945999 4.85895 0.277862 0.138934 0.0533322 0.0437876
0.000169943 2.97232 3.25002 2.69462 1.0788 1.21764 0.93996 4.81832 0.277695 0.138841 0.0531007 0.0434528
0.000174753 2.95508 3.23261 2.67755 1.0727 1.21145 0.933951 4.77796 0.27753 0.138751 0.052872 0.0431196
0.000179699 2.93793 3.21529 2.66056 1.06663 1.2053 0.927972 4.73784 0.277365 0.138662 0.0526461 0.0427882
0.000184785 2.92087 3.19807 2.64367 1.0606 1.19918 0.922026 4.69798 0.277201 0.138576 0.052423 0.0424585
0.000190015 2.90389 3.18093 2.62685 1.0546 1.19309 0.91611 4.65837 0.277038 0.138492 0.0522027 0.0421305
0.000195393 2.887 3.16388 2.61013 1.04864 1.18705 0.910224 4.619 0.276876 0.138411 0.0519852 0.0418043
0.000200923 2.8702 3.14692 2.59349 1.0427 1.18103 0.90437 4.57988 0.276715 0.138331 0.0517706 0.0414797
0.00020661 2.85349 3.13004 2.57693 1.0368 1.17505 0.898545 4.54101 0.276554 0.138254 0.0515587 0.0411569
0.000212458 2.83686 3.11325 2.56047 1.03093 1.16911 0.892751 4.50238 0.276395 0.138178 0.0513496 0.0408357
0.000218471 2.82032 3.09655 2.54408 1.02509 1.1632 0.886987 4.46399 0.276236 0.138105 0.0511435 0.0405163
0.000224655 2.80386 3.07994 2.52778 1.01929 1.15732 0.881254 4.42585 0.276078 0.138034 0.0509401 0.0401986
0.000231013 2.78749 3.06341 2.51157 1.01351 1.15148 0.875549 4.38795 0.275921 0.137965 0.0507395 0.0398825
0.000237551 2.7712 3.04697 2.49544 1.00777 1.14567 0.869875 4.35028 0.275764 0.137898 0.0505418 0.0395681
0.000244275 2.755 3.03061 2.47939 1.00206 1.1399 0.86423 4.31286 0.275608 0.137833 0.0503469 0.0392554
0.000251189 2.73888 3.01433 2.46343 0.996386 1.13416 0.858615 4.27567 0.275453 0.13777 0.0501549 0.0389443
0.000258298 2.72285 2.99814 2.44755 0.990739 1.12845 0.85303 4.23872 0.275298 0.13771 0.0499657 0.0386349
0.000265609 2.70689 2.98204 2.43175 0.985124 1.12278 0.847473 4.202 0.275144 0.137651 0.0497793 0.0383272
0.000273126 2.69102 2.96601 2.41603 0.97954 1.11713 0.841946 4.16552 0.27499 0.137594 0.0495958 0.0380211
0.000280857 2.67524 2.95008 2.4004 0.973988 1.11153 0.836448 4.12927 0.274837 0.13754 0.0494152 0.0377167
0.000288806 2.65954 2.93422 2.38485 0.968466 1.10595 0.830979 4.09325 0.274684 0.137487 0.0492374 0.0374139
0.00029698 2.64391 2.91844 2.36938 0.962974 1.10041 0.825538 4.05746 0.274532 0.137436 0.0490625 0.0371127
0.000305386 2.62837 2.90275 2.35399 0.957514 1.0949 0.820126 4.02189 0.274379 0.137388 0.0488905 0.0368132
0.000314029 2.61291 2.88714 2.33868 0.952084 1.08942 0.814743 3.98656 0.274228 0.137341 0.0487212 0.0365152
0.000322917 2.59753 2.8716 2.32345 0.946684 1.08398 0.809388 3.95145 0.274076 0.137296 0.0485549 0.0362189
0.000332057 2.58223 2.85615 2.3083 0.941315 1.07857 0.804062 3.91657 0.273925 0.137254 0.0483915 0.0359242
0.000341455 2.56701 2.84078 2.29323 0.935976 1.07319 0.798764 3.88191 0.273774 0.137213 0.048231 0.0356311
0.000351119 2.55187 2.82549 2.27824 0.930667 1.06784 0.793493 3.84747 0.273623 0.137174 0.0480733 0.0353397
0.000361057 2.5368 2.81028 2.26333 0.925388 1.06252 0.788251 3.81326 0.273472 0.137137 0.0479185 0.0350498
0.000371276 2.52182 2.79514 2.2485 0.920139 1.05724 0.783037 3.77926 0.273321 0.137102 0.0477666 0.0347615
0.000381784 2.50692 2.78009 2.23375 0.914919 1.05199 0.77785 3.74549 0.27317 0.137068 0.0476176 0.0344748
0.00039259 2.49209 2.76511 2.21907 0.909728 1.04677 0.772691 3.71193 0.273019 0.137037 0.0474716 0.0341897
0.000403702 2.47734 2.75021 2.20447 0.904567 1.04157 0.767559 3.67859 0.272869 0.137008 0.0473284 0.0339062
0.000415128 2.46266 2.73538 2.18995 0.899435 1.03642 0.762455 3.64547 0.272717 0.13698 0.0471881 0.0336242
0.000426877 2.44807 2.72063 2.1755 0.894332 1.03129 0.757378 3.61256 0.272566 0.136954 0.0470507 0.0333438
0.000438959 2.43355 2.70596 2.16114 0.889259 1.02619 0.752329 3.57986 0.272415 0.13693 0.0469162 0.033065
0.000451383 2.41911 2.69137 2.14684 0.884214 1.02112 0.747306 3.54738 0.272263 0.136908 0.0467847 0.0327877
0.000464159 2.40474 2.67685 2.13263 0.879198 1.01609 0.742311 3.51511 0.27211 0.136887 0.0466561 0.032512
0.000477296 2.39045 2.6624 2.11849 0.874211 1.01108 0.737342 3.48305 0.271958 0.136869 0.0465304 0.0322379
0.000490805 2.37623 2.64803 2.10442 0.869251 1.0061 0.7324 3.4512 0.271805 0.136852 0.0464076 0.0319652
0.000504697 2.36208 2.63374 2.09043 0.864321 1.00116 0.727484 3.41956 0.271651 0.136837 0.0462877 0.0316942
0.000518981 2.34802 2.61951 2.07652 0.859418 0.996241 0.722595 3.38812 0.271497 0.136823 0.0461708 0.0314247
0.00053367 2.33402 2.60536 2.06268 0.854544 0.991355 0.717732 3.35689 0.271342 0.136811 0.0460568 0.0311567
0.000548775 2.3201 2.59128 2.04891 0.849697 0.986498 0.712896 3.32587 0.271186 0.136801 0.0459457 0.0308902
0.000564307 2.30625 2.57728 2.03522 0.844879 0.981672 0.708086 3.29505 0.27103 0.136793 0.0458376 0.0306253
0.000580278 2.29247 2.56334 2.0216 0.840088 0.976874 0.703302 3.26443 0.270873 0.136786 0.0457325 0.0303619
0.000596702 2.27877 2.54948 2.00805 0.835325 0.972105 0.698544 3.23401 0.270715 0.136781 0.0456302 0.0301
0.000613591 2.26514 2.53569 1.99458 0.830589 0.967366 0.693811 3.2038 0.270556 0.136777 0.0455309 0.0298396
0.000630957 2.25157 2.52197 1.98118 0.82588 0.962655 0.689105 3.17379 0.270396 0.136775 0.0454346 0.0295807
0.000648815 2.23809 2.50832 1.96785 0.821199 0.957974 0.684424 3.14397 0.270235 0.136775 0.0453412 0.0293234
0.000667179 2.22466 2.49474 1.95459 0.816545 0.953321 0.679768 3.11435 0.270072 0.136776 0.0452507 0.0290675
0.000686062 2.21132 2.48123 1.94141 0.811917 0.948696 0.675138 3.08493 0.269909 0.136779 0.0451632 0.0288131
0.00070548 2.19804 2.46778 1.9283 0.807317 0.9441 0.670533 3.05571 0.269744 0.136783 0.0450786 0.0285603
0.000725448 2.18483 2.45441 1.91525 0.802743 0.939532 0.665954 3.02668 0.269577 0.136789 0.0449971 0.0283089
0.00074598 2.17169 2.4411 1.90228 0.798196 0.934992 0.661399 2.99785 0.26941 0.136796 0.0449184 0.028059
0.000767094 2.15862 2.42786 1.88938 0.793675 0.93048 0.65687 2.9692 0.26924 0.136805 0.0448427 0.0278106
0.000788805 2.14562 2.41469 1.87655 0.789181 0.925996 0.652366 2.94075 0.269069 0.136815 0.0447699 0.0275637
0.000811131 2.13269 2.40158 1.86379 0.784713 0.921539 0.647886 2.91249 0.268897 0.136827 0.0447001 0.0273182
0.000834088 2.11982 2.38854 1.8511 0.780271 0.91711 0.643431 2.88442 0.268722 0.13684 0.0446332 0.0270742
0.000857696 2.10702 2.37557 1.83848 0.775855 0.912709 0.639001 2.85654 0.268546 0.136854 0.0445693 0.0268317
0.000881971 2.09429 2.36266 1.82592 0.771464 0.908334 0.634595 2.82885 0.268367 0.13687 0.0445084 0.0265906
0.000906934 2.08163 2.34981 1.81344 0.7671 0.903986 0.630213 2.80134 0.268187 0.136887 0.0444503 0.026351
0.000932603 2.06903 2.33703 1.80103 0.762761 0.899666 0.625856 2.77402 0.268004 0.136905 0.0443952 0.0261129
0.000958999 2.0565 2.32432 1.78868 0.758447 0.895371 0.621522 2.74689 0.26782 0.136924 0.0443431 0.0258762
0.000986142 2.04403 2.31166 1.7764 0.754159 0.891104 0.617214 2.71994 0.267633 0.136945 0.0442939 0.025641
0.00101405 2.03163 2.29907 1.76419 0.749896 0.886863 0.612929 2.69318 0.267443 0.136967 0.0442476 0.0254072
0.00104275 2.01929 2.28654 1.75204 0.745658 0.882648 0.608668 2.66659 0.267251 0.13699 0.0442042 0.0251749
0.00107227 2.00702 2.27408 1.73997 0.741445 0.87846 0.60443 2.64019 0.267056 0.137015 0.0441638 0.024944
0.00110262 1.99481 2.26167 1.72796 0.737257 0.874297 0.600217 2.61397 0.266859 0.13704 0.0441262 0.0247145
0.00113382 1.98267 2.24933 1.71601 0.733094 0.870161 0.596027 2.58793 0.266658 0.137067 0.0440916 0.0244865
0.00116591 1.97059 2.23704 1.70413 0.728955 0.866049 0.59186 2.56207 0.266455 0.137095 0.0440599 0.0242599
0.00119891 1.95857 2.22482 1.69232 0.724841 0.861964 0.587717 2.53639 0.266248 0.137123 0.0440311 0.0240347
0.00123285 1.94661 2.21265 1.68058 0.72075 0.857903 0.583597 2.51088 0.266039 0.137153 0.0440051 0.023811
0.00126774 1.93472 2.20055 1.6689 0.716685 0.853869 0.579501 2.48555 0.265826 0.137184 0.0439821 0.0235887
0.00130362 1.92289 2.1885 1.65728 0.712643 0.849859 0.575428 2.4604 0.26561 0.137215 0.0439619 0.0233678
0.00134052 1.91112 2.17651 1.64573 0.708625 0.845873 0.571377 2.43542 0.26539 0.137248 0.0439446 0.0231483
0.00137846 1.89941 2.16458 1.63425 0.704632 0.841913 0.56735 2.41061 0.265166 0.137281 0.0439301 0.0229302
0.00141747 1.88776 2.1527 1.62282 0.700661 0.837977 0.563345 2.38598 0.264939 0.137316 0.0439185 0.0227135
0.00145759 1.87617 2.14088 1.61147 0.696714 0.834065 0.559364 2.36152 0.264708 0.137351 0.0439097 0.0224982
0.00149885 1.86465 2.12912 1.60017 0.692791 0.830178 0.555405 2.33723 0.264473 0.137387 0.0439037 0.0222844
0.00154127 1.85318 2.11741 1.58894 0.688891 0.826315 0.551468 2.31311 0.264233 0.137423 0.0439005 0.0220719
0.00158489 1.84177 2.10576 1.57778 0.685015 0.822475 0.547554 2.28916 0.26399 0.137461 0.0439001 0.0218608
0.00162975 1.83042 2.09416 1.56667 0.681161 0.81866 0.543662 2.26538 0.263741 0.137499 0.0439025 0.0216512
0.00167588 1.81912 2.08261 1.55563 0.677331 0.814868 0.539793 2.24177 0.263489 0.137537 0.0439077 0.0214429
0.00172331 1.80789 2.07112 1.54466 0.673523 0.811099 0.535946 2.21833 0.263231 0.137577 0.0439156 0.021236
0.00177209 1.79671 2.05968 1.53374 0.669738 0.807354 0.532121 2.19505 0.262969 0.137616 0.0439262 0.0210305
0.00182224 1.78559 2.04829 1.52289 0.665975 0.803632 0.528318 2.17194 0.262701 0.137657 0.0439395 0.0208263
0.00187382 1.77453 2.03696 1.5121 0.662235 0.799932 0.524537 2.14899 0.262429 0.137697 0.0439555 0.0206236
0.00192685 1.76352 2.02567 1.50137 0.658516 0.796255 0.520778 2.12621 0.262151 0.137738 0.0439741 0.0204222
0.00198139 1.75257 2.01443 1.4907 0.654821 0.792601 0.517041 2.10359 0.261867 0.13778 0.0439954 0.0202222
0.00203747 1.74167 2.00325 1.48009 0.651147 0.788969 0.513326 2.08113 0.261578 0.137822 0.0440194 0.0200235
0.00209514 1.73083 1.99211 1.46955 0.647495 0.785359 0.509632 2.05884 0.261283 0.137864 0.0440459 0.0198262
0.00215443 1.72004 1.98103 1.45906 0.643865 0.781771 0.505959 2.0367 0.260983 0.137906 0.0440749 0.0196303
0.00221541 1.70931 1.96999 1.44864 0.640257 0.778205 0.502308 2.01473 0.260676 0.137948 0.0441066 0.0194358
0.00227812 1.69863 1.95899 1.43827 0.636669 0.77466 0.498679 1.99292 0.260362 0.137991 0.0441407 0.0192426
0.00234259 1.68801 1.94805 1.42796 0.633104 0.771137 0.49507 1.97126 0.260042 0.138033 0.0441773 0.0190507
0.0024089 1.67743 1.93715 1.41772 0.629559 0.767635 0.491483 1.94977 0.259716 0.138076 0.0442164 0.0188602
0.00247708 1.66692 1.9263 1.40753 0.626036 0.764154 0.487917 1.92843 0.259382 0.138118 0.0442578 0.0186711
0.00254719 1.65645 1.91549 1.39741 0.622533 0.760694 0.484373 1.90725 0.259041 0.138161 0.0443017 0.0184833
0.00261928 1.64603 1.90473 1.38734 0.619052 0.757255 0.480849 1.88622 0.258693 0.138203 0.0443479 0.0182969
0.00269341 1.63567 1.89401 1.37733 0.615591 0.753836 0.477346 1.86535 0.258338 0.138245 0.0443964 0.0181117
0.00276965 1.62535 1.88333 1.36738 0.61215 0.750437 0.473863 1.84464 0.257975 0.138287 0.0444472 0.017928
0.00284804 1.61509 1.8727 1.35749 0.60873 0.747058 0.470402 1.82408 0.257604 0.138328 0.0445002 0.0177455
0.00292864 1.60488 1.8621 1.34765 0.60533 0.7437 0.466961 1.80367 0.257225 0.138369 0.0445554 0.0175644
0.00301153 1.59472 1.85155 1.33788 0.60195 0.74036 0.463541 1.78342 0.256838 0.13841 0.0446128 0.0173846
0.00309677 1.5846 1.84104 1.32816 0.59859 0.73704 0.460141 1.76332 0.256442 0.13845 0.0446722 0.0172061
0.00318442 1.57454 1.83057 1.3185 0.595251 0.733739 0.456762 1.74337 0.256038 0.138489 0.0447337 0.017029
0.00327455 1.56452 1.82014 1.30889 0.59193 0.730457 0.453403 1.72357 0.255625 0.138527 0.0447972 0.0168532
0.00336723 1.55455 1.80975 1.29935 0.588629 0.727194 0.450064 1.70392 0.255202 0.138565 0.0448626 0.0166786
0.00346253 1.54463 1.7994 1.28986 0.585347 0.72395 0.446745 1.68442 0.25477 0.138602 0.04493 0.0165054
0.00356053 1.53475 1.78908 1.28042 0.582085 0.720723 0.443447 1.66508 0.254329 0.138638 0.0449991 0.0163335
0.00366131 1.52492 1.7788 1.27105 0.578842 0.717515 0.440169 1.64587 0.253877 0.138673 0.0450701 0.016163
0.00376494 1.51514 1.76856 1.26172 0.575617 0.714325 0.43691 1.62682 0.253416 0.138707 0.0451427 0.0159937
0.0038715 1.5054 1.75835 1.25246 0.572412 0.711152 0.433672 1.60792 0.252944 0.13874 0.045217 0.0158257
0.00398107 1.49571 1.74817 1.24325 0.569225 0.707996 0.430453 1.58916 0.252462 0.138772 0.0452929 0.015659
0.00409375 1.48606 1.73803 1.2341 0.566056 0.704858 0.427254 1.57054 0.251968 0.138802 0.0453704 0.0154936
0.00420962 1.47646 1.72793 1.225 0.562906 0.701736 0.424075 1.55208 0.251464 0.138831 0.0454492 0.0153295
0.00432876 1.4669 1.71785 1.21595 0.559774 0.698632 0.420916 1.53375 0.250948 0.138858 0.0455295 0.0151666
0.00445128 1.45739 1.70781 1.20696 0.556659 0.695543 0.417775 1.51557 0.250421 0.138884 0.045611 0.0150051
0.00457727 1.44791 1.69779 1.19803 0.553562 0.69247 0.414655 1.49754 0.249882 0.138908 0.0456938 0.0148448
0.00470682 1.43848 1.68781 1.18915 0.550484 0.689414 0.411554 1.47965 0.249331 0.13893 0.0457777 0.0146858
0.00484003 1.42909 1.67786 1.18033 0.547422 0.686373 0.408472 1.4619 0.248767 0.13895 0.0458627 0.014528
0.00497702 1.41975 1.66794 1.17155 0.544378 0.683347 0.405409 1.4443 0.248191 0.138969 0.0459486 0.0143716
0.00511789 1.41044 1.65804 1.16284 0.541351 0.680336 0.402366 1.42683 0.247601 0.138985 0.0460355 0.0142164
0.00526274 1.40117 1.64817 1.15417 0.538341 0.67734 0.399342 1.40951 0.246999 0.138999 0.0461231 0.0140624
0.0054117 1.39195 1.63833 1.14556 0.535348 0.674358 0.396337 1.39232 0.246383 0.139011 0.0462114 0.0139097
0.00556486 1.38276 1.62851 1.13701 0.532371 0.671391 0.393351 1.37528 0.245753 0.13902 0.0463003 0.0137583
0.00572237 1.37361 1.61872 1.1285 0.529411 0.668437 0.390384 1.35838 0.245109 0.139027 0.0463897 0.0136081
0.00588433 1.36451 1.60896 1.12005 0.526466 0.665497 0.387436 1.34161 0.24445 0.139031 0.0464795 0.0134591
0.00605088 1.35543 1.59921 1.11166 0.523538 0.66257 0.384506 1.32499 0.243777 0.139032 0.0465696 0.0133114
0.00622213 1.3464 1.58949 1.10331 0.520626 0.659657 0.381596 1.3085 0.243089 0.139031 0.0466599 0.0131649
0.00639824 1.33741 1.57979 1.09502 0.51773 0.656756 0.378704 1.29215 0.242386 0.139026 0.0467502 0.0130196
0.00657933 1.32845 1.57011 1.08678 0.514849 0.653867 0.375831 1.27593 0.241667 0.139018 0.0468404 0.0128756
0.00676555 1.31952 1.56045 1.07859 0.511983 0.65099 0.372976 1.25986 0.240932 0.139007 0.0469305 0.0127327
0.00695704 1.31064 1.55082 1.07046 0.509133 0.648126 0.37014 1.24392 0.24018 0.138993 0.0470202 0.0125911
0.00715394 1.30178 1.5412 1.06237 0.506297 0.645272 0.367322 1.22811 0.239413 0.138975 0.0471096 0.0124507
0.00735642 1.29297 1.53159 1.05434 0.503476 0.642429 0.364523 1.21244 0.238628 0.138953 0.0471983 0.0123115
0.00756463 1.28418 1.52201 1.04636 0.50067 0.639598 0.361742 1.1969 0.237826 0.138928 0.0472863 0.0121735
0.00777874 1.27543 1.51244 1.03843 0.497878 0.636776 0.35898 1.1815 0.237007 0.138898 0.0473735 0.0120367
0.0079989 1.26672 1.50289 1.03055 0.4951 0.633964 0.356235 1.16623 0.23617 0.138865 0.0474597 0.0119011
0.0082253 1.25803 1.49335 1.02272 0.492336 0.631163 0.353509 1.1511 0.235315 0.138827 0.0475448 0.0117667
0.0084581 1.24938 1.48382 1.01494 0.489586 0.62837 0.350801 1.1361 0.234441 0.138784 0.0476286 0.0116334
0.00869749 1.24076 1.47431 1.00721 0.486849 0.625586 0.348111 1.12123 0.233549 0.138738 0.0477109 0.0115013
0.00894366 1.23218 1.46481 0.999539 0.484125 0.622811 0.345439 1.10649 0.232637 0.138686 0.0477916 0.0113704
0.00919679 1.22362 1.45533 0.991912 0.481415 0.620044 0.342785 1.09188 0.231706 0.138629 0.0478706 0.0112407
0.00945709 1.21509 1.44585 0.984336 0.478717 0.617284 0.340149 1.0774 0.230756 0.138568 0.0479476 0.0111121
0.00972476 1.20659 1.43638 0.97681 0.476032 0.614532 0.337531 1.06306 0.229785 0.138501 0.0480226 0.0109846
0.01 1.19813 1.42692 0.969333 0.473359 0.611787 0.334931 1.04884 0.228794 0.138428 0.0480952 0.0108583
0.010283 1.18969 1.41747 0.961906 0.470698 0.609049 0.332348 1.03476 0.227783 0.138351 0.0481654 0.0107331
0.0105741 1.18128 1.40803 0.954529 0.46805 0.606316 0.329783 1.0208 0.22675 0.138267 0.048233 0.0106091
0.0108734 1.1729 1.39859 0.947201 0.465413 0.60359 0.327236 1.00697 0.225696 0.138177 0.0482978 0.0104862
0.0111811 1.16454 1.38916 0.939922 0.462787 0.600868 0.324706 0.993274 0.224621 0.138081 0.0483595 0.0103644
0.0114976 1.15622 1.37974 0.932693 0.460173 0.598152 0.322194 0.979701 0.223524 0.137979 0.048418 0.0102437
0.011823 1.14792 1.37032 0.925512 0.457569 0.59544 0.319699 0.966257 0.222404 0.13787 0.0484732 0.0101241
0.0121576 1.13964 1.3609 0.91838 0.454977 0.592731 0.317222 0.95294 0.221262 0.137754 0.0485247 0.0100057
0.0125017 1.13139 1.35149 0.911297 0.452394 0.590026 0.314762 0.939749 0.220097 0.137632 0.0485724 0.00988827
0.0128556 1.12317 1.34208 0.904262 0.449822 0.587324 0.31232 0.926684 0.21891 0.137502 0.0486162 0.00977197
0.0132194 1.11497 1.33267 0.897275 0.44726 0.584625 0.309895 0.913745 0.217699 0.137365 0.0486557 0.00965674
0.0135936 1.1068 1.32326 0.890337 0.444707 0.581927 0.307487 0.900931 0.216464 0.13722 0.0486907 0.00954258
0.0139783 1.09865 1.31386 0.883446 0.442164 0.579232 0.305096 0.888242 0.215205 0.137068 0.0487211 0.00942948
0.0143739 1.09053 1.30445 0.876604 0.43963 0.576537 0.302723 0.875678 0.213923 0.136907 0.0487466 0.00931743
0.0147808 1.08243 1.29504 0.86981 0.437105 0.573843 0.300367 0.863237 0.212616 0.136738 0.0487671 0.00920644
0.0151991 1.07435 1.28563 0.863063 0.434588 0.571148 0.298028 0.85092 0.211284 0.13656 0.0487822 0.00909648
0.0156293 1.06629 1.27622 0.856364 0.432079 0.568454 0.295705 0.838726 0.209927 0.136374 0.0487917 0.00898754
0.0160717 1.05826 1.2668 0.849712 0.429579 0.565758 0.2934 0.826654 0.208546 0.136179 0.0487955 0.00887963
0.0165265 1.05025 1.25739 0.843107 0.427086 0.563061 0.291112 0.814705 0.207139 0.135974 0.0487932 0.00877274
0.0169943 1.04226 1.24796 0.83655 0.424601 0.560361 0.28884 0.802878 0.205707 0.135761 0.0487847 0.00866684
0.0174753 1.03429 1.23854 0.83004 0.422123 0.557659 0.286586 0.791171 0.204249 0.135537 0.0487697 0.00856194
0.0179699 1.02634 1.22911 0.823576 0.419651 0.554954 0.284348 0.779586 0.202766 0.135303 0.0487479 0.00845803
0.0184785 1.01842 1.21967 0.81716 0.417186 0.552245 0.282127 0.768121 0.201256 0.135059 0.0487192 0.0083551
0.0190015 1.01051 1.21023 0.81079 0.414727 0.549532 0.279923 0.756776 0.19972 0.134804 0.0486833 0.00825314
0.0195393 1.00263 1.20078 0.804467 0.412274 0.546813 0.277735 0.74555 0.198159 0.134539 0.0486399 0.00815214
0.0200923 0.99476 1.19133 0.79819 0.409827 0.54409 0.275564 0.734443 0.19657 0.134263 0.0485888 0.00805209
0.020661 0.986915 1.18187 0.791959 0.407385 0.54136 0.27341 0.723455 0.194956 0.133975 0.0485297 0.00795298
0.0212458 0.97909 1.17241 0.785775 0.404947 0.538623 0.271272 0.712585 0.193315 0.133676 0.0484625 0.0078548
0.0218471 0.971284 1.16293 0.779637 0.402515 0.535879 0.26915 0.701832 0.191648 0.133364 0.0483868 0.00775754
0.0224655 0.963498 1.15345 0.773544 0.400086 0.533127 0.267045 0.691196 0.189954 0.133041 0.0483025 0.00766119
0.0231013 0.955731 1.14396 0.767498 0.397662 0.530367 0.264957 0.680676 0.188234 0.132705 0.0482092 0.00756575
0.0237551 0.947984 1.13447 0.761497 0.395241 0.527597 0.262885 0.670273 0.186487 0.132356 0.0481068 0.0074712
0.0244275 0.940256 1.12497 0.755542 0.392823 0.524817 0.260829 0.659984 0.184713 0.131994 0.0479951 0.00737753
0.0251189 0.932547 1.11546 0.749633 0.390408 0.522027 0.258789 0.649811 0.182914 0.131619 0.0478737 0.00728473
0.0258298 0.924856 1.10594 0.743768 0.387996 0.519226 0.256765 0.639752 0.181088 0.13123 0.0477424 0.00719279
0.0265609 0.917185 1.09642 0.737949 0.385585 0.516413 0.254758 0.629807 0.179236 0.130828 0.0476011 0.00710171
0.0273126 0.909533 1.08689 0.732175 0.383177 0.513587 0.252766 0.619975 0.177358 0.130411 0.0474495 0.00701146
0.0280857 0.901901 1.07736 0.726446 0.38077 0.510749 0.250791 0.610255 0.175455 0.129979 0.0472874 0.00692204
0.0288806 0.894288 1.06781 0.720762 0.378364 0.507896 0.248831 0.600648 0.173525 0.129532 0.0471145 0.00683343
0.029698 0.886694 1.05826 0.715123 0.375958 0.505029 0.246888 0.591152 0.171571 0.129071 0.0469307 0.00674564
0.0305386 0.87912 1.04871 0.709528 0.373553 0.502147 0.24496 0.581767 0.169591 0.128593 0.0467358 0.00665864
0.0314029 0.871565 1.03915 0.703978 0.371148 0.499248 0.243048 0.572492 0.167587 0.1281 0.0465296 0.00657242
0.0322917 0.864031 1.02959 0.698472 0.368743 0.496334 0.241152 0.563326 0.165558 0.127591 0.0463119 0.00648698
0.0332057 0.856516 1.02002 0.693011 0.366336 0.493402 0.239271 0.554269 0.163506 0.127065 0.0460825 0.0064023
0.0341455 0.849022 1.01045 0.687593 0.363929 0.490451 0.237406 0.545321 0.16143 0.126523 0.0458413 0.00631837
0.0351119 0.84155 1.00088 0.68222 0.361519 0.487482 0.235556 0.53648 0.15933 0.125963 0.045588 0.00623517
0.0361057 0.834098 0.991306 0.676889 0.359108 0.484494 0.233722 0.527746 0.157208 0.125386 0.0453226 0.00615271
0.0371276 0.826667 0.981731 0.671603 0.356694 0.481486 0.231903 0.519118 0.155064 0.124791 0.045045 0.00607096
0.0381784 0.819259 0.972157 0.666361 0.354278 0.478457 0.230099 0.510596 0.152898 0.124179 0.0447549 0.00598991
0.039259 0.811873 0.962585 0.661161 0.351858 0.475406 0.22831 0.502178 0.150712 0.123548 0.0444524 0.00590955
0.0403702 0.80451 0.953015 0.656005 0.349435 0.472333 0.226537 0.493864 0.148505 0.122898 0.0441372 0.00582988
0.0415128 0.797171 0.943449 0.650892 0.347007 0.469237 0.224778 0.485653 0.146278 0.122229 0.0438094 0.00575087
0.0426877 0.789854 0.933888 0.645821 0.344575 0.466117 0.223034 0.477544 0.144033 0.121542 0.0434688 0.00567252
0.0438959 0.782563 0.924333 0.640794 0.342139 0.462973 0.221305 0.469537 0.14177 0.120834 0.0431155 0.00559482
0.0451383 0.775297 0.914786 0.635808 0.339697 0.459804 0.21959 0.461631 0.139489 0.120107 0.0427493 0.00551775
0.0464159 0.768056 0.905248 0.630865 0.337249 0.456609 0.21789 0.453825 0.137191 0.119359 0.0423702 0.0054413
0.0477296 0.760842 0.895721 0.625964 0.334795 0.453387 0.216203 0.446117 0.134879 0.118592 0.0419784 0.00536545
0.0490805 0.753655 0.886206 0.621104 0.332335 0.450138 0.214532 0.438508 0.132551 0.117803 0.0415737 0.00529021
0.0504697 0.746496 0.876706 0.616286 0.329867 0.446861 0.212874 0.430996 0.13021 0.116994 0.0411562 0.00521556
0.0518981 0.739365 0.867221 0.61151 0.327393 0.443556 0.21123 0.423581 0.127856 0.116163 0.040726 0.00514148
0.053367 0.732264 0.857755 0.606774 0.32491 0.440221 0.209599 0.41626 0.12549 0.115311 0.0402832 0.00506796
0.0548775 0.725193 0.848307 0.602079 0.322419 0.436857 0.207982 0.409035 0.123114 0.114437 0.0398279 0.004995
0.0564307 0.718153 0.838882 0.597424 0.31992 0.433462 0.206378 0.401903 0.120729 0.113542 0.0393601 0.00492257
0.0580278 0.711145 0.82948 0.592809 0.317411 0.430035 0.204787 0.394863 0.118335 0.112624 0.0388801 0.00485068
0.0596702 0.704169 0.820104 0.588235 0.314893 0.426577 0.203209 0.387915 0.115935 0.111684 0.0383881 0.00477931
0.0613591 0.697227 0.810755 0.583699 0.312365 0.423087 0.201644 0.381058 0.113528 0.110721 0.0378841 0.00470844
0.0630957 0.69032 0.801437 0.579203 0.309827 0.419563 0.200091 0.37429 0.111117 0.109736 0.0373685 0.00463808
0.0648815 0.683448 0.79215 0.574745 0.307277 0.416005 0.19855 0.367611 0.108703 0.108728 0.0368414 0.0045682
0.0667179 0.676612 0.782898 0.570325 0.304717 0.412414 0.19702 0.361019 0.106286 0.107697 0.0363031 0.00449881
0.0686062 0.669813 0.773683 0.565944 0.302145 0.408787 0.195502 0.354513 0.10387 0.106642 0.035754 0.00442988
0.070548 0.663053 0.764506 0.561599 0.29956 0.405125 0.193995 0.348093 0.101454 0.105565 0.0351944 0.00436141
0.0725448 0.656331 0.755371 0.557291 0.296963 0.401427 0.192499 0.341757 0.0990402 0.104464 0.0346245 0.00429339
0.074598 0.649649 0.74628 0.553019 0.294353 0.397693 0.191013 0.335505 0.0966304 0.10334 0.0340448 0.00422581
0.0767094 0.643008 0.737234 0.548783 0.291729 0.393921 0.189536 0.329334 0.0942257 0.102193 0.0334556 0.00415867
0.0788805 0.636409 0.728237 0.544581 0.289091 0.390113 0.188069 0.323244 0.0918277 0.101022 0.0328573 0.00409196
0.0811131 0.629852 0.71929 0.540414 0.286439 0.386266 0.186611 0.317235 0.0894378 0.0998274 0.0322505 0.00402566
0.0834088 0.623338 0.710396 0.53628 0.283772 0.382381 0.185162 0.311303 0.0870576 0.0986097 0.0316355 0.00395977
0.0857696 0.616868 0.701557 0.53218 0.281089 0.378458 0.18372 0.30545 0.0846886 0.0973688 0.0310129 0.00389429
0.0881971 0.610443 0.692775 0.52811 0.27839 0.374495 0.182286 0.299673 0.0823324 0.0961047 0.0303831 0.00382921
0.0906934 0.604063 0.684053 0.524072 0.275675 0.370493 0.180858 0.293971 0.0799904 0.0948176 0.0297467 0.00376452
0.0932603 0.597728 0.675392 0.520064 0.272943 0.366451 0.179436 0.288343 0.0776642 0.0935076 0.0291042 0.00370022
0.0958999 0.59144 0.666795 0.516085 0.270194 0.362369 0.178019 0.282789 0.0753553 0.092175 0.0284563 0.0036363
0.0986142 0.585199 0.658264 0.512134 0.267427 0.358247 0.176607 0.277306 0.0730652 0.09082 0.0278035 0.00357277
0.101405 0.579004 0.6498 0.508209 0.264641 0.354084 0.175198 0.271894 0.0707955 0.0894428 0.0271464 0.00350961
0.104275 0.572857 0.641405 0.50431 0.261836 0.34988 0.173792 0.266552 0.0685477 0.0880438 0.0264856 0.00344683
0.107227 0.566757 0.633081 0.500434 0.259011 0.345635 0.172388 0.261279 0.0663231 0.0866233 0.0258219 0.00338442
0.110262 0.560705 0.624829 0.496582 0.256166 0.341348 0.170985 0.256073 0.0641235 0.0851818 0.0251558 0.00332238
0.113382 0.5547 0.61665 0.49275 0.253301 0.33702 0.169581 0.250933 0.06195 0.0837197 0.024488 0.00326071
0.116591 0.548742 0.608546 0.488938 0.250413 0.332651 0.168176 0.245859 0.0598042 0.0822375 0.0238192 0.00319942
0.119891 0.54283 0.600518 0.485143 0.247503 0.328239 0.166767 0.240849 0.0576875 0.0807358 0.0231502 0.0031385
0.123285 0.536964 0.592565 0.481363 0.244571 0.323786 0.165355 0.235903 0.0556011 0.0792151 0.0224816 0.00307796
0.126774 0.531143 0.58469 0.477597 0.241614 0.31929 0.163938 0.231019 0.0535465 0.077676 0.0218141 0.0030178
0.130362 0.525367 0.576892 0.473842 0.238633 0.314752 0.162513 0.226197 0.0515248 0.0761194 0.0211485 0.00295801
0.134052 0.519633 0.56917 0.470096 0.235626 0.310172 0.16108 0.221435 0.0495372 0.0745458 0.0204854 0.00289862
0.137846 0.513941 0.561526 0.466356 0.232593 0.305549 0.159637 0.216733 0.047585 0.0729562 0.0198256 0.00283961
0.141747 0.508288 0.553957 0.462618 0.229533 0.300884 0.158181 0.212089 0.0456692 0.0713514 0.0191697 0.00278101
0.145759 0.502673 0.546464 0.458882 0.226444 0.296176 0.156711 0.207504 0.043791 0.0697323 0.0185186 0.0027228
0.149885 0.497093 0.539044 0.455142 0.223325 0.291425 0.155225 0.202976 0.0419513 0.0680999 0.0178729 0.00266501
0.154127 0.491546 0.531697 0.451395 0.220176 0.286631 0.153721 0.198505 0.040151 0.0664551 0.0172332 0.00260764
0.158489 0.48603 0.524421 0.447639 0.216995 0.281795 0.152196 0.194089 0.038391 0.0647992 0.0166004 0.0025507
0.162975 0.48054 0.517212 0.443868 0.213781 0.276914 0.150648 0.189729 0.0366721 0.0631332 0.015975 0.00249419
0.167588 0.475073 0.510068 0.440078 0.210532 0.271991 0.149074 0.185424 0.0349951 0.0614583 0.0153576 0.00243813
0.172331 0.469625 0.502985 0.436264 0.207248 0.267023 0.147472 0.181173 0.0333606 0.0597758 0.0147491 0.00238253
0.177209 0.464191 0.495961 0.432422 0.203925 0.262012 0.145838 0.176975 0.0317691 0.058087 0.0141499 0.0023274
0.182224 0.458767 0.488989 0.428546 0.200563 0.256957 0.14417 0.172831 0.0302213 0.0563934 0.0135606 0.00227274
0.187382 0.453348 0.482066 0.424631 0.19716 0.251856 0.142464 0.16874 0.0287175 0.0546962 0.0129818 0.00221858
0.192685 0.447926 0.475185 0.420668 0.193714 0.246711 0.140717 0.164701 0.0272582 0.052997 0.0124141 0.00216492
0.198139 0.442497 0.46834 0.416653 0.190222 0.24152 0.138925 0.160715 0.0258435 0.0512974 0.011858 0.00211177
0.203747 0.437051 0.461525 0.412578 0.186684 0.236283 0.137085 0.156781 0.0244737 0.0495989 0.0113139 0.00205914
0.209514 0.431583 0.454732 0.408434 0.183096 0.230999 0.135193 0.152898 0.0231489 0.0479032 0.0107823 0.00200704
0.215443 0.426082 0.447952 0.404213 0.179457 0.225669 0.133245 0.149067 0.0218691 0.0462119 0.0102636 0.00195549
0.221541 0.420541 0.441175 0.399907 0.175763 0.22029 0.131237 0.145288 0.0206344 0.0445268 0.00975826 0.00190449
0.227812 0.414949 0.434393 0.395504 0.172014 0.214863 0.129164 0.141559 0.0194445 0.0428496 0.00926653 0.00185405
0.234259 0.409294 0.427593 0.390995 0.168205 0.209387 0.127023 0.137882 0.0182994 0.0411822 0.00878873 0.00180417
0.24089 0.403565 0.420763 0.386366 0.164335 0.203861 0.124809 0.134256 0.0171986 0.0395264 0.00832514 0.00175486
0.247708 0.397749 0.413891 0.381607 0.160401 0.198285 0.122517 0.130681 0.016142 0.0378839 0.00787599 0.00170613
0.254719 0.39183 0.406959 0.376701 0.1564 0.192657 0.120143 0.127156 0.015129 0.0362569 0.00744145 0.00165796
0.261928 0.385792 0.399952 0.371633 0.15233 0.186977 0.117683 0.123681 0.0141593 0.034647 0.00702167 0.00161037
0.269341 0.379617 0.392849 0.366385 0.148187 0.181244 0.115131 0.120256 0.0132321 0.0330563 0.00661674 0.00156333
0.276965 0.37328 0.385627 0.360933 0.143969 0.175456 0.112483 0.11688 0.012347 0.0314867 0.00622673 0.00151684
0.284804 0.366749 0.378253 0.355246 0.139672 0.169612 0.109732 0.113554 0.0115032 0.02994 0.00585164 0.00147088
0.292864 0.359975 0.370676 0.349275 0.135288 0.163706 0.10687 0.110276 0.0107001 0.0284183 0.00549144 0.00142539
0.301153 0.352843 0.36278 0.342907 0.1308 0.157723 0.103877 0.107047 0.0099367 0.0269235 0.00514604 0.00138032
0.309677 0.344679 0.353891 0.335467 0.126088 0.151546 0.100631 0.103868 0.00921236 0.0254576 0.00481525 0.00133546
0.318442 0.336359 0.345306 0.327411 0.122687 0.147597 0.0977768 0.102681 0.00894775 0.02491 0.00469319 0.00131778
0.321833 0.33376 0.342451 0.325068 0.12101 0.145383 0.0966375 0.101513 0.00869121 0.0243726 0.00457444 0.00130033
0.325224 0.331159 0.339601 0.322716 0.119342 0.143187 0.0954964 0.100362 0.00844247 0.0238451 0.0044589 0.0012831
0.328614 0.328556 0.336757 0.320354 0.117681 0.141008 0.0943534 0.099229 0.00820127 0.0233275 0.00434647 0.00126607
0.332005 0.325949 0.333917 0.317982 0.116028 0.138848 0.0932087 0.0981124 0.00796735 0.0228196 0.00423707 0.00124926
0.335396 0.32334 0.33108 0.315599 0.114384 0.136705 0.0920626 0.0970121 0.00774047 0.0223211 0.0041306 0.00123265
0.338787 0.320726 0.328247 0.313206 0.112747 0.134579 0.090915 0.0959276 0.00752039 0.021832 0.00402696 0.00121623
0.342178 0.318108 0.325415 0.310801 0.111119 0.132471 0.0897664 0.0948583 0.00730688 0.0213521 0.00392609 0.00120001
0.345569 0.315485 0.322585 0.308386 0.109498 0.130379 0.0886167 0.0938038 0.00709974 0.0208812 0.00382789 0.00118397
0.348959 0.312857 0.319756 0.305958 0.107886 0.128305 0.0874663 0.0927637 0.00689875 0.0204192 0.00373229 0.00116811
0.35235 0.310223 0.316927 0.30352 0.106281 0.126247 0.0863154 0.0917375 0.0067037 0.019966 0.0036392 0.00115242
0.355741 0.307583 0.314098 0.301069 0.104685 0.124207 0.085164 0.0907247 0.00651441 0.0195213 0.00354856 0.00113691
0.359132 0.304937 0.311267 0.298606 0.103098 0.122183 0.0840124 0.0897249 0.00633069 0.0190851 0.00346029 0.00112156
0.362523 0.302283 0.308436 0.296131 0.101518 0.120176 0.0828611 0.0887378 0.00615235 0.0186573 0.00337431 0.00110637
0.365914 0.299623 0.305602 0.293644 0.0999474 0.118185 0.0817098 0.087763 0.00597922 0.0182375 0.00329058 0.00109134
0.369305 0.296955 0.302767 0.291144 0.0983851 0.116211 0.0805592 0.0868 0.00581113 0.0178259 0.003209 0.00107646
0.372695 0.294281 0.299928 0.288633 0.0968315 0.114254 0.0794094 0.0858484 0.00564792 0.0174221 0.00312954 0.00106173
0.376086 0.291598 0.297087 0.286108 0.0952866 0.112313 0.0782605 0.0849079 0.00548944 0.0170261 0.00305211 0.00104715
0.379477 0.288907 0.294243 0.283572 0.0937505 0.110388 0.0771128 0.0839782 0.00533552 0.0166377 0.00297667 0.00103271
0.382868 0.286209 0.291395 0.281023 0.0922235 0.10848 0.0759666 0.0830589 0.00518604 0.0162568 0.00290315 0.00101842
0.386259 0.283502 0.288543 0.278461 0.0907056 0.106589 0.0748223 0.0821496 0.00504085 0.0158834 0.0028315 0.00100425
0.38965 0.280787 0.285687 0.275887 0.0891969 0.104714 0.0736797 0.08125 0.0048998 0.0155172 0.00276166 0.00099022
0.39304 0.278064 0.282826 0.273301 0.0876976 0.102856 0.0725395 0.0803598 0.00476278 0.0151581 0.00269358 0.000976319
0.396431 0.275332 0.279961 0.270702 0.0862078 0.101014 0.0714018 0.0794787 0.00462965 0.014806 0.00262722 0.000962544
0.399822 0.272592 0.277092 0.268091 0.0847277 0.0991886 0.0702669 0.0786064 0.0045003 0.0144608 0.00256252 0.000948893
0.403213 0.269843 0.274217 0.265468 0.0832575 0.0973799 0.069135 0.0777426 0.0043746 0.0141224 0.00249943 0.000935364
0.406604 0.267086 0.271338 0.262833 0.0817972 0.0955878 0.0680065 0.076887 0.00425245 0.0137907 0.0024379 0.000921954
0.409995 0.26432 0.268454 0.260186 0.080347 0.0938125 0.0668815 0.0760392 0.00413372 0.0134655 0.0023779 0.00090866
0.413385 0.261546 0.265565 0.257528 0.0789071 0.0920538 0.0657604 0.0751992 0.00401833 0.0131467 0.00231938 0.000895481
0.416776 0.258764 0.262671 0.254858 0.0774776 0.0903119 0.0646433 0.0743665 0.00390616 0.0128343 0.0022623 0.000882415
0.420167 0.255974 0.259771 0.252177 0.0760588 0.0885868 0.0635307 0.0735409 0.00379712 0.0125281 0.00220662 0.000869459
0.423558 0.253176 0.256867 0.249485 0.0746507 0.0868787 0.0624227 0.0727223 0.00369111 0.012228 0.00215229 0.000856611
0.426949 0.25037 0.253958 0.246782 0.0732535 0.0851874 0.0613196 0.0719103 0.00358803 0.0119339 0.00209928 0.00084387
0.43034 0.247556 0.251043 0.244068 0.0718674 0.0835131 0.0602217 0.0711046 0.00348781 0.0116457 0.00204756 0.000831235
0.43373 0.244734 0.248124 0.241344 0.0704926 0.0818559 0.0591293 0.0703052 0.00339035 0.0113633 0.00199708 0.000818703
0.437121 0.241905 0.245201 0.23861 0.0691292 0.0802158 0.0580426 0.0695118 0.00329557 0.0110866 0.00194782 0.000806273
0.440512 0.239069 0.242273 0.235866 0.0677774 0.0785929 0.0569619 0.0687241 0.0032034 0.0108155 0.00189973 0.000793944
0.443903 0.236227 0.23934 0.233113 0.0664374 0.0769873 0.0558875 0.067942 0.00311374 0.0105499 0.00185279 0.000781714
0.447294 0.233377 0.236404 0.230351 0.0651093 0.075399 0.0548195 0.0671653 0.00302654 0.0102897 0.00180697 0.000769583
0.450685 0.230522 0.233463 0.22758 0.0637932 0.0738281 0.0537584 0.0663937 0.00294171 0.0100349 0.00176223 0.000757549
0.454075 0.22766 0.230519 0.224801 0.0624894 0.0722746 0.0527042 0.0656272 0.00285918 0.00978521 0.00171854 0.000745611
0.457466 0.224793 0.227572 0.222014 0.0611981 0.0707388 0.0516574 0.0648655 0.0027789 0.00954069 0.00167589 0.000733769
0.460857 0.22192 0.224621 0.219219 0.0599193 0.0692205 0.0506181 0.0641085 0.00270078 0.00930121 0.00163423 0.000722021
0.464248 0.219043 0.221667 0.216418 0.0586532 0.0677199 0.0495865 0.063356 0.00262478 0.00906669 0.00159355 0.000710367
0.467639 0.216161 0.218711 0.21361 0.0574 0.0662371 0.048563 0.0626078 0.00255082 0.00883703 0.00155381 0.000698806
0.47103 0.213274 0.215753 0.210795 0.0561599 0.064772 0.0475477 0.0618639 0.00247885 0.00861215 0.00151499 0.000687338
0.47442 0.210384 0.212793 0.207975 0.0549329 0.0633249 0.0465409 0.061124 0.00240881 0.00839197 0.00147708 0.000675962
0.477811 0.207491 0.209832 0.20515 0.0537193 0.0618957 0.0455429 0.0603881 0.00234064 0.00817641 0.00144003 0.000664677
0.481202 0.204595 0.206869 0.20232 0.0525191 0.0604845 0.0445537 0.059656 0.0022743 0.00796538 0.00140384 0.000653483
0.484593 0.201696 0.203906 0.199487 0.0513326 0.0590914 0.0435738 0.0589277 0.00220972 0.0077588 0.00136847 0.00064238
0.487984 0.198796 0.200943 0.196649 0.0501598 0.0577164 0.0426032 0.0582029 0.00214687 0.00755659 0.00133392 0.000631368
0.491375 0.195894 0.19798 0.193809 0.0490009 0.0563596 0.0416422 0.0574816 0.00208568 0.00735868 0.00130015 0.000620446
0.494765 0.192992 0.195018 0.190966 0.047856 0.055021 0.040691 0.0567637 0.00202612 0.007165 0.00126715 0.000609614
0.498156 0.190089 0.192057 0.188121 0.0467253 0.0537007 0.0397498 0.0560491 0.00196813 0.00697545 0.0012349 0.000598873
0.501547 0.187186 0.189098 0.185275 0.0456088 0.0523987 0.0388188 0.0553378 0.00191168 0.00678999 0.00120337 0.000588221
0.504938 0.184284 0.186141 0.182428 0.0445066 0.0511151 0.0378981 0.0546295 0.00185672 0.00660852 0.00117256 0.00057766
0.508329 0.181384 0.183187 0.179581 0.0434189 0.0498499 0.036988 0.0539244 0.00180322 0.00643098 0.00114244 0.000567188
0.51172 0.178486 0.180237 0.176735 0.0423459 0.0486032 0.0360886 0.0532222 0.00175111 0.0062573 0.001113 0.000556807
0.51511 0.17559 0.17729 0.173889 0.0412874 0.0473748 0.0352 0.052523 0.00170039 0.00608741 0.00108422 0.000546516
0.518501 0.172697 0.174348 0.171046 0.0402438 0.046165 0.0343225 0.0518266 0.00165099 0.00592124 0.00105608 0.000536316
0.521892 0.169809 0.171412 0.168206 0.0392149 0.0449737 0.0334562 0.0511331 0.00160289 0.00575873 0.00102857 0.000526206
0.525283 0.166925 0.168481 0.165369 0.038201 0.0438009 0.0326012 0.0504424 0.00155605 0.0055998 0.00100167 0.000516188
0.528674 0.164046 0.165556 0.162535 0.0372022 0.0426466 0.0317578 0.0497544 0.00151044 0.0054444 0.000975378 0.00050626
0.532065 0.161173 0.162639 0.159707 0.0362183 0.0415108 0.0309259 0.0490691 0.00146603 0.00529247 0.000949666 0.000496425
0.535455 0.158306 0.159729 0.156884 0.0352496 0.0403936 0.0301057 0.0483865 0.00142277 0.00514393 0.000924525 0.000486681
0.538846 0.155447 0.156828 0.154067 0.0342961 0.0392949 0.0292974 0.0477066 0.00138065 0.00499873 0.000899943 0.000477029
0.542237 0.152596 0.153936 0.151257 0.0333578 0.0382146 0.028501 0.0470293 0.00133963 0.0048568 0.000875906 0.00046747
0.545628 0.149754 0.151053 0.148454 0.0324348 0.0371529 0.0277167 0.0463547 0.00129969 0.00471809 0.000852402 0.000458004
0.549019 0.146921 0.148181 0.14566 0.0315271 0.0361097 0.0269446 0.0456827 0.00126078 0.00458255 0.000829419 0.000448631
0.55241 0.144098 0.145321 0.142875 0.0306348 0.0350849 0.0261847 0.0450133 0.0012229 0.0044501 0.000806946 0.000439353
0.5558 0.141286 0.142472 0.1401 0.0297577 0.0340784 0.025437 0.0443466 0.001186 0.0043207 0.000784971 0.000430168
0.559191 0.138485 0.139635 0.137335 0.0288961 0.0330904 0.0247018 0.0436824 0.00115007 0.00419429 0.000763483 0.000421079
0.562582 0.135697 0.136812 0.134582 0.0280498 0.0321206 0.023979 0.043021 0.00111508 0.00407081 0.000742471 0.000412085
0.565973 0.132922 0.134004 0.131841 0.0272189 0.0311691 0.0232687 0.0423622 0.00108101 0.00395021 0.000721926 0.000403186
0.569364 0.130162 0.131209 0.129114 0.0264034 0.0302358 0.0225709 0.0417061 0.00104782 0.00383244 0.000701837 0.000394384
0.572755 0.127415 0.128431 0.1264 0.0256032 0.0293206 0.0218857 0.0410527 0.00101551 0.00371744 0.000682195 0.000385679
0.576146 0.124684 0.125669 0.1237 0.0248184 0.0284235 0.0212132 0.040402 0.000984044 0.00360517 0.000662989 0.000377071
0.579536 0.12197 0.122923 0.121016 0.0240488 0.0275444 0.0205532 0.0397541 0.000953403 0.00349557 0.000644212 0.000368561
0.582927 0.119272 0.120196 0.118349 0.0232946 0.0266832 0.019906 0.039109 0.000923569 0.0033886 0.000625855 0.000360149
0.586318 0.116592 0.117487 0.115698 0.0225555 0.0258397 0.0192713 0.0384668 0.000894519 0.0032842 0.000607908 0.000351836
0.589709 0.113931 0.114797 0.113065 0.0218317 0.025014 0.0186494 0.0378275 0.000866235 0.00318232 0.000590363 0.000343622
0.5931 0.111289 0.112127 0.11045 0.021123 0.0242059 0.01804 0.0371911 0.000838698 0.00308293 0.000573212 0.000335508
0.596491 0.108667 0.109479 0.107855 0.0204293 0.0234153 0.0174433 0.0365577 0.000811888 0.00298597 0.000556448 0.000327495
0.599881 0.106066 0.106851 0.10528 0.0197506 0.022642 0.0168592 0.0359273 0.00078579 0.00289139 0.000540063 0.000319582
0.603272 0.103486 0.104246 0.102726 0.0190869 0.021886 0.0162877 0.0353001 0.000760384 0.00279916 0.000524049 0.00031177
0.606663 0.100929 0.101664 0.100193 0.018438 0.0211472 0.0157288 0.0346761 0.000735654 0.00270922 0.000508399 0.00030406
0.610054 0.0983945 0.0991061 0.0976829 0.0178039 0.0204254 0.0151823 0.0340552 0.000711584 0.00262154 0.000493106 0.000296452
0.613445 0.0958841 0.0965722 0.0951959 0.0171844 0.0197204 0.0146483 0.0334377 0.000688158 0.00253607 0.000478163 0.000288946
0.616836 0.0933983 0.0940637 0.0927329 0.0165794 0.0190322 0.0141267 0.0328236 0.00066536 0.00245276 0.000463563 0.000281544
0.620226 0.0909378 0.091581 0.0902946 0.0159889 0.0183605 0.0136173 0.0322129 0.000643176 0.00237158 0.000449301 0.000274245
0.623617 0.0885033 0.0891249 0.0878817 0.0154128 0.0177053 0.0131203 0.0316057 0.00062159 0.00229249 0.000435369 0.000267049
0.627008 0.0860954 0.086696 0.0854949 0.0148509 0.0170663 0.0126354 0.0310021 0.000600589 0.00221545 0.000421762 0.000259957
0.630399 0.083715 0.0842952 0.0831349 0.014303 0.0164434 0.0121626 0.0304021 0.000580158 0.00214041 0.000408474 0.00025297
0.63379 0.0813627 0.081923 0.0808025 0.0137692 0.0158365 0.0117018 0.029806 0.000560284 0.00206733 0.000395498 0.000246088
0.637181 0.0790392 0.0795801 0.0784982 0.0132491 0.0152453 0.0112529 0.0292136 0.000540955 0.00199619 0.000382829 0.00023931
0.640571 0.076745 0.0772671 0.0762228 0.0127428 0.0146697 0.0108158 0.0286252 0.000522157 0.00192693 0.000370462 0.000232637
0.643962 0.0744809 0.0749848 0.073977 0.0122499 0.0141095 0.0103904 0.0280408 0.000503877 0.00185953 0.000358391 0.00022607
0.647353 0.0722476 0.0727337 0.0717614 0.0117705 0.0135645 0.00997657 0.0274605 0.000486105 0.00179395 0.00034661 0.000219609
0.650744 0.0700453 0.0705141 0.0695765 0.0113043 0.0130345 0.00957418 0.0268844 0.000468828 0.00173014 0.000335115 0.000213253
0.654135 0.0678749 0.068327 0.0674229 0.0108512 0.0125193 0.00918311 0.0263125 0.000452034 0.00166808 0.0003239 0.000207003
0.657526 0.0657371 0.0661728 0.0653014 0.010411 0.0120187 0.00880324 0.025745 0.000435713 0.00160773 0.000312961 0.000200859
0.660916 0.0636321 0.064052 0.0632123 0.00998351 0.0115326 0.00843445 0.0251819 0.000419853 0.00154906 0.000302292 0.000194822
0.664307 0.0615608 0.0619652 0.0611563 0.0095686 0.0110606 0.00807657 0.0246234 0.000404445 0.00149202 0.00029189 0.00018889
0.667698 0.0595232 0.0599127 0.0591337 0.00916608 0.0106027 0.00772948 0.0240695 0.000389477 0.0014366 0.000281748 0.000183065
0.671089 0.0575202 0.0578951 0.0571452 0.00877576 0.0101585 0.00739301 0.0235203 0.000374939 0.00138275 0.000271863 0.000177345
0.67448 0.0555522 0.055913 0.0551913 0.00839747 0.00972791 0.00706703 0.022976 0.000360823 0.00133044 0.00026223 0.000171732
0.677871 0.0536194 0.0539665 0.0532723 0.00803101 0.00931066 0.00675137 0.0224365 0.000347117 0.00127964 0.000252845 0.000166225
0.681261 0.0517223 0.0520561 0.0513885 0.00767619 0.00890652 0.00644586 0.0219021 0.000333813 0.00123033 0.000243703 0.000160824
0.684652 0.0498614 0.0501823 0.0495405 0.00733283 0.00851529 0.00615037 0.0213728 0.000320902 0.00118246 0.000234801 0.000155528
0.688043 0.048037 0.0483454 0.0477287 0.00700071 0.00813673 0.0058647 0.0208486 0.000308375 0.00113601 0.000226134 0.000150338
0.691434 0.0462493 0.0465455 0.0459531 0.00667967 0.00777062 0.00558872 0.0203298 0.000296222 0.00109095 0.000217697 0.000145254
0.694825 0.0444987 0.0447832 0.0442143 0.00636946 0.00741671 0.00532221 0.0198163 0.000284436 0.00104725 0.000209488 0.000140274
0.698216 0.0427855 0.0430585 0.0425125 0.0060699 0.00707478 0.00506502 0.0193083 0.000273008 0.00100488 0.000201501 0.000135399
0.701606 0.0411099 0.0413718 0.0408479 0.00578079 0.00674459 0.00481698 0.0188058 0.000261929 0.000963806 0.000193733 0.000130629
0.704997 0.039472 0.0397232 0.0392208 0.00550191 0.00642592 0.0045779 0.018309 0.000251193 0.000924008 0.000186181 0.000125962
0.708388 0.0378721 0.0381129 0.0376313 0.00523306 0.00611851 0.0043476 0.0178179 0.000240791 0.000885455 0.00017884 0.0001214
0.711779 0.0363103 0.036541 0.0360796 0.00497403 0.00582215 0.00412591 0.0173326 0.000230715 0.00084812 0.000171707 0.00011694
0.71517 0.0347867 0.0350076 0.0345657 0.0047246 0.00553657 0.00391262 0.0168533 0.000220958 0.000811976 0.000164778 0.000112583
0.718561 0.0333013 0.0335128 0.0330898 0.00448457 0.00526156 0.00370757 0.0163799 0.000211513 0.000776996 0.000158049 0.000108329
0.721951 0.0318543 0.0320567 0.0316519 0.00425372 0.00499687 0.00351056 0.0159126 0.000202372 0.000743154 0.000151517 0.000104176
0.725342 0.0304456 0.0306391 0.0302521 0.00403184 0.00474226 0.00332141 0.0154514 0.000193528 0.000710425 0.000145179 0.000100124
0.728733 0.0290752 0.0292602 0.0288903 0.00381871 0.0044975 0.00313993 0.0149965 0.000184975 0.000678783 0.00013903 9.6172e-05
0.732124 0.0277431 0.0279198 0.0275664 0.00361413 0.00426234 0.00296593 0.0145479 0.000176706 0.000648203 0.000133067 9.23202e-05
0.735515 0.0264492 0.0266179 0.0262805 0.00341788 0.00403654 0.00279922 0.0141057 0.000168714 0.000618661 0.000127287 8.85674e-05
0.738906 0.0251932 0.0253542 0.0250322 0.00322975 0.00381988 0.00263961 0.0136699 0.000160992 0.000590132 0.000121687 8.49129e-05
0.742296 0.0239752 0.0241287 0.0238217 0.00304951 0.00361211 0.00248692 0.0132407 0.000153535 0.000562592 0.000116263 8.13559e-05
0.745687 0.0227949 0.0229412 0.0226485 0.00287698 0.00341299 0.00234096 0.0128181 0.000146336 0.000536018 0.000111011 7.78957e-05
0.749078 0.021652 0.0217914 0.0215127 0.00271192 0.0032223 0.00220153 0.0124021 0.000139388 0.000510388 0.000105929 7.45312e-05
0.752469 0.0205464 0.0206791 0.0204137 0.00255413 0.00303981 0.00206846 0.0119929 0.000132687 0.000485677 0.000101014 7.12617e-05
0.75586 0.0194777 0.019604 0.0193515 0.00240341 0.00286527 0.00194155 0.0115904 0.000126225 0.000461863 9.62608e-05 6.80863e-05
0.759251 0.0184457 0.0185657 0.0183257 0.00225954 0.00269847 0.00182062 0.0111948 0.000119997 0.000438925 9.16677e-05 6.50039e-05
0.762641 0.0174499 0.0175639 0.0173359 0.00212233 0.00253917 0.00170549 0.0108061 0.000113997 0.000416841 8.72313e-05 6.20137e-05
0.766032 0.01649 0.0165982 0.0163818 0.00199156 0.00238715 0.00159597 0.0104244 0.00010822 0.000395588 8.29484e-05 5.91145e-05
0.769423 0.0155656 0.0156682 0.0154629 0.00186704 0.00224218 0.00149189 0.0100497 0.000102661 0.000375146 7.88157e-05 5.63054e-05
0.772814 0.0146762 0.0147735 0.0145789 0.00174856 0.00210405 0.00139306 0.00968199 9.73124e-05 0.000355495 7.48303e-05 5.35852e-05
0.776205 0.0138213 0.0139135 0.0137292 0.00163592 0.00197254 0.00129931 0.00932141 9.21706e-05 0.000336613 7.09889e-05 5.09529e-05
0.779596 0.0130006 0.0130878 0.0129134 0.00152894 0.00184742 0.00121046 0.00896798 8.72299e-05 0.00031848 6.72886e-05 4.84072e-05
0.782986 0.0122134 0.0122959 0.0121309 0.00142742 0.00172849 0.00112634 0.00862172 8.24849e-05 0.000301077 6.37264e-05 4.5947e-05
0.786377 0.0114592 0.0115371 0.0113813 0.00133116 0.00161554 0.00104677 0.00828266 7.79308e-05 0.000284384 6.02991e-05 4.35712e-05
0.789768 0.0107374 0.010811 0.0106638 0.00123998 0.00150836 0.000971597 0.00795085 7.35623e-05 0.000268381 5.70038e-05 4.12783e-05
0.793159 0.0100474 0.0101168 0.00997803 0.00115369 0.00140674 0.000900643 0.00762631 6.93747e-05 0.000253049 5.38375e-05 3.90674e-05
0.79655 0.00938862 0.00945398 0.00932325 0.00107212 0.00131049 0.000833748 0.00730906 6.53629e-05 0.000238371 5.07972e-05 3.69369e-05
0.799941 0.00876037 0.00882189 0.00869884 0.000995075 0.0012194 0.000770749 0.00699911 6.15223e-05 0.000224327 4.78801e-05 3.48856e-05
0.803332 0.00816199 0.00821984 0.00810414 0.00092239 0.00113329 0.000711491 0.00669649 5.7848e-05 0.000210899 4.50831e-05 3.29122e-05
0.806722 0.00759279 0.00764713 0.00753846 0.000853885 0.00105195 0.000655817 0.00640121 5.43355e-05 0.000198069 4.24035e-05 3.10153e-05
0.810113 0.00705208 0.00710306 0.0070011 0.000789395 0.000975215 0.000603575 0.00611328 5.09801e-05 0.00018582 3.98382e-05 2.91935e-05
0.813504 0.00653912 0.0065869 0.00649134 0.00072875 0.000902885 0.000554616 0.00583269 4.77774e-05 0.000174135 3.73844e-05 2.74454e-05
0.816895 0.00605318 0.0060979 0.00600846 0.00067179 0.000834785 0.000508794 0.00555946 4.47228e-05 0.000162995 3.50393e-05 2.57696e-05
0.820286 0.0055935 0.00563531 0.00555168 0.000618353 0.00077074 0.000465967 0.00529357 4.1812e-05 0.000152386 3.28e-05 2.41646e-05
0.823677 0.00515931 0.00519835 0.00512027 0.000568286 0.000710576 0.000425996 0.00503502 3.90407e-05 0.00014229 3.06638e-05 2.26289e-05
0.827067 0.00474986 0.00478626 0.00471345 0.000521434 0.000654125 0.000388744 0.0047838 3.64046e-05 0.000132691 2.86278e-05 2.11612e-05
0.830458 0.00436432 0.00439822 0.00433042 0.00047765 0.000601222 0.000354077 0.00453989 3.38994e-05 0.000123572 2.66893e-05 1.97597e-05
0.833849 0.00400194 0.00403346 0.00397042 0.000436788 0.000551707 0.000321869 0.00430327 3.15212e-05 0.000114919 2.48455e-05 1.84232e-05
0.83724 0.00366189 0.00369115 0.00363262 0.000398708 0.000505423 0.000291992 0.00407392 2.92657e-05 0.000106716 2.30937e-05 1.71499e-05
0.840631 0.00334337 0.0033705 0.00331625 0.000363272 0.000462219 0.000264325 0.0038518 2.71291e-05 9.89467e-05 2.14311e-05 1.59384e-05
0.844022 0.00304559 0.00307069 0.00302048 0.000330347 0.000421944 0.000238749 0.0036369 2.51072e-05 9.15975e-05 1.9855e-05 1.47871e-05
0.847412 0.00276771 0.00279091 0.00274451 0.000299803 0.000384456 0.00021515 0.00342916 2.31963e-05 8.46532e-05 1.83629e-05 1.36944e-05
0.850803 0.00250894 0.00253033 0.00248754 0.000271514 0.000349613 0.000193415 0.00322855 2.13924e-05 7.80993e-05 1.6952e-05 1.26587e-05
0.854194 0.00226846 0.00228815 0.00224876 0.000245359 0.000317281 0.000173437 0.00303501 1.96919e-05 7.19218e-05 1.56197e-05 1.16785e-05
0.857585 0.00204547 0.00206356 0.00202738 0.000221219 0.000287326 0.000155113 0.00284851 1.80909e-05 6.61065e-05 1.43633e-05 1.07521e-05
0.860976 0.00183916 0.00185575 0.00182258 0.000198981 0.00025962 0.000138341 0.00266899 1.65858e-05 6.06399e-05 1.31804e-05 9.87801e-06
0.864367 0.00164875 0.00166392 0.00163358 0.000178533 0.000234042 0.000123025 0.00249638 1.51729e-05 5.55084e-05 1.20683e-05 9.0545e-06
0.867757 0.00147345 0.00148729 0.0014596 0.00015977 0.000210469 0.000109071 0.00233062 1.38488e-05 5.06989e-05 1.10244e-05 8.28e-06
0.871148 0.00131247 0.00132508 0.00129986 0.00014259 0.000188788 9.63913e-05 0.00217165 1.26099e-05 4.61983e-05 1.00464e-05 7.55288e-06
0.874539 0.00116505 0.0011765 0.0011536 0.000126892 0.000168886 8.48981e-05 0.00201939 1.14528e-05 4.1994e-05 9.13155e-06 6.87153e-06
0.87793 0.00103044 0.00104081 0.00102007 0.000112583 0.000150656 7.45097e-05 0.00187376 1.0374e-05 3.80733e-05 8.27756e-06 6.23433e-06
0.881321 0.000907894 0.000917264 0.000898524 9.9571e-05 0.000133995 6.51469e-05 0.00173469 9.37027e-06 3.44241e-05 7.48192e-06 5.63966e-06
0.884712 0.000796687 0.000805126 0.000788249 8.77689e-05 0.000118803 5.67345e-05 0.00160208 8.4383e-06 3.10343e-05 6.74223e-06 5.08589e-06
0.888102 0.00069611 0.000703685 0.000688535 7.70926e-05 0.000104985 4.92005e-05 0.00147584 7.57487e-06 2.78921e-05 6.0561e-06 4.57142e-06
0.891493 0.000605469 0.000612246 0.000598692 6.74624e-05 9.24485e-05 4.24764e-05 0.00135589 6.7768e-06 2.4986e-05 5.42118e-06 4.09464e-06
0.894884 0.000524092 0.000530133 0.000518051 5.88017e-05 8.11064e-05 3.6497e-05 0.00124211 6.04099e-06 2.23047e-05 4.83513e-06 3.65396e-06
0.898275 0.000451324 0.000456688 0.000445959 5.10374e-05 7.08744e-05 3.12004e-05 0.0011344 5.36439e-06 1.9837e-05 4.29566e-06 3.24776e-06
0.901666 0.00038653 0.000391274 0.000381786 4.41004e-05 6.16725e-05 2.65283e-05 0.00103266 4.74399e-06 1.75721e-05 3.80051e-06 2.87449e-06
0.905057 0.0003291 0.000333277 0.000324923 3.79246e-05 5.3424e-05 2.24251e-05 0.000936758 4.17686e-06 1.54995e-05 3.34745e-06 2.53255e-06
0.908447 0.000278446 0.000282106 0.000274785 3.24474e-05 4.6056e-05 1.88388e-05 0.00084659 3.66012e-06 1.36086e-05 2.93427e-06 2.2204e-06
0.911838 0.000233999 0.00023719 0.000230808 2.76096e-05 3.9499e-05 1.57202e-05 0.000762026 3.19094e-06 1.18894e-05 2.55882e-06 1.93649e-06
0.915229 0.000195219 0.000197985 0.000192452 2.33552e-05 3.36871e-05 1.30232e-05 0.000682937 2.76658e-06 1.03319e-05 2.21896e-06 1.67929e-06
0.91862 0.000161588 0.000163972 0.000159204 1.96314e-05 2.8558e-05 1.07048e-05 0.00060919 2.38432e-06 8.92658e-06 1.91262e-06 1.44729e-06
0.922011 0.000132614 0.000134655 0.000130572 1.63885e-05 2.40524e-05 8.72466e-06 0.000540646 2.04153e-06 7.66385e-06 1.63774e-06 1.239e-06
0.925402 0.00010783 0.000109566 0.000106095 1.35799e-05 2.01144e-05 7.04533e-06 0.000477162 1.73563e-06 6.53456e-06 1.39232e-06 1.05295e-06
0.928792 8.67962e-05 8.82603e-05 8.53321e-05 1.11618e-05 1.66916e-05 5.63211e-06 0.00041859 1.4641e-06 5.52973e-06 1.17437e-06 8.87684e-07
0.932183 6.90971e-05 7.03216e-05 6.78726e-05 9.09353e-06 1.37342e-05 4.45288e-06 0.000364775 1.2245e-06 4.64066e-06 9.81991e-07 7.4178e-07
0.935574 5.43447e-05 5.53591e-05 5.33303e-05 7.33694e-06 1.11958e-05 3.47809e-06 0.000315561 1.01443e-06 3.85885e-06 8.13287e-07 6.13841e-07
0.938965 4.21771e-05 4.30087e-05 4.13455e-05 5.85677e-06 9.03283e-06 2.68071e-06 0.000270784 8.31586e-07 3.17606e-06 6.66428e-07 5.02496e-07
0.942356 3.22586e-05 3.29324e-05 3.15849e-05 4.62033e-06 7.20464e-06 2.03602e-06 0.000230275 6.7371e-07 2.58431e-06 5.39627e-07 4.06402e-07
0.945747 2.428e-05 2.48187e-05 2.37414e-05 3.59748e-06 5.67333e-06 1.52162e-06 0.000193862 5.3862e-07 2.07585e-06 4.31148e-07 3.24252e-07
0.949137 1.79578e-05 1.8382e-05 1.75336e-05 2.76051e-06 4.4037e-06 1.11732e-06 0.000161364 4.24205e-07 1.64319e-06 3.39304e-07 2.54769e-07
0.952528 1.3034e-05 1.33625e-05 1.27056e-05 2.0841e-06 3.36319e-06 8.05001e-07 0.0001326 3.28429e-07 1.2791e-06 2.62463e-07 1.96714e-07
0.955919 9.27623e-06 9.52556e-06 9.0269e-06 1.54518e-06 2.52177e-06 5.68588e-07 0.00010738 2.49327e-07 9.7659e-07 1.99051e-07 1.48887e-07
0.95931 6.47649e-06 6.66151e-06 6.29148e-06 1.12288e-06 1.85184e-06 3.9391e-07 8.55085e-05 1.85012e-07 7.28966e-07 1.47548e-07 1.10129e-07
0.962701 4.4512e-06 4.58487e-06 4.31752e-06 7.98408e-07 1.32819e-06 2.68623e-07 6.67872e-05 1.33679e-07 5.29784e-07 1.06499e-07 7.93217e-08
0.966092 3.04031e-06 3.13392e-06 2.94671e-06 5.55006e-07 9.27895e-07 1.82118e-07 5.10113e-05 9.36023e-08 3.72888e-07 7.45087e-08 5.5397e-08
0.969482 2.10706e-06 2.17021e-06 2.04392e-06 3.77848e-07 6.30254e-07 1.25442e-07 3.79718e-05 6.31438e-08 2.52406e-07 5.02522e-08 3.73345e-08
0.972873 1.53758e-06 1.57833e-06 1.49683e-06 2.54004e-07 4.16769e-07 9.12387e-08 2.74569e-05 4.0754e-08 1.62765e-07 3.24735e-08 2.41673e-08
0.976264 1.24157e-06 1.26655e-06 1.2166e-06 1.72444e-07 2.71148e-07 7.37397e-08 1.92546e-05 2.49767e-08 9.87041e-08 1.99914e-08 1.4985e-08
0.979655 1.15517e-06 1.16963e-06 1.14072e-06 1.24188e-07 1.79475e-07 6.8901e-08 1.31605e-05 1.44542e-08 5.52868e-08 1.17032e-08 8.93751e-09
0.983046 1.25171e-06 1.25964e-06 1.24378e-06 1.02943e-07 1.30867e-07 7.50184e-08 9.00134e-06 7.93085e-09 2.79242e-08 6.58876e-09 5.238e-09
0.986437 1.58932e-06 1.59358e-06 1.58507e-06 1.07967e-07 1.20365e-07 9.55687e-08 6.71844e-06 4.25464e-09 1.2398e-08 3.71002e-09 3.16124e-09
0.989827 2.75237e-06 2.75472e-06 2.75002e-06 1.70689e-07 1.75578e-07 1.658e-07 6.85866e-06 2.34931e-09 4.88854e-09 2.18015e-09 2.00948e-09
0.993218 1.05851e-05 1.05854e-05 1.05848e-05 6.40913e-07 6.43662e-07 6.38163e-07 3.54219e-05 3.23734e-10 2.74944e-09 1.62674e-10 -1.05879e-22
4.01075e-314 inf inf inf inf inf inf 0.000103632 5.68068 0.281261 0.141122 0.0582593
