9.72476e-05 8.59558 9.15148 8.03969 4.05805 4.37391 3.74219 11.1926 0.555898 0.315864 0.111172 0.102123
0.0001 8.54515 9.09953 7.99076 4.03413 4.34914 3.71911 11.1015 0.554388 0.315017 0.110543 0.101395
0.00010283 8.49563 9.04851 7.94274 4.01064 4.32482 3.69647 11.011 0.552881 0.314174 0.109919 0.100672
0.000105741 8.44996 9.00134 7.89858 3.989 4.30234 3.67567 10.9211 0.551379 0.313335 0.1093 0.0999519
0.000108734 8.39889 8.94877 7.849 3.96479 4.27728 3.65229 10.8317 0.549882 0.312499 0.108686 0.0992362
0.000111811 8.34808 8.89647 7.79969 3.94069 4.25236 3.62903 10.743 0.548389 0.311668 0.108078 0.0985246
0.000114976 8.29752 8.84442 7.75062 3.91672 4.22756 3.60588 10.6548 0.5469 0.31084 0.107474 0.0978168
0.00011823 8.24722 8.79264 7.70181 3.89288 4.20289 3.58286 10.5672 0.545415 0.310017 0.106875 0.0971131
0.000121576 8.19718 8.74111 7.65324 3.86915 4.17835 3.55996 10.4801 0.543935 0.309197 0.106282 0.0964133
0.000125017 8.14738 8.68984 7.60492 3.84555 4.15393 3.53717 10.3937 0.542459 0.30838 0.105693 0.0957175
0.000128556 8.09784 8.63882 7.55685 3.82207 4.12964 3.5145 10.3077 0.540987 0.307568 0.105109 0.0950254
0.000132194 8.04855 8.58807 7.50903 3.79871 4.10547 3.49195 10.2224 0.539519 0.306759 0.104531 0.0943374
0.000135936 7.99951 8.53756 7.46145 3.77548 4.08143 3.46952 10.1375 0.538055 0.305954 0.103957 0.0936532
0.000139783 7.95071 8.4873 7.41411 3.75236 4.05751 3.44721 10.0533 0.536596 0.305153 0.103389 0.0929728
0.000143739 7.90216 8.4373 7.36702 3.72936 4.03372 3.42501 9.96958 0.53514 0.304355 0.102825 0.0922964
0.000147808 7.85386 8.38754 7.32017 3.70648 4.01004 3.40292 9.88642 0.533688 0.303561 0.102266 0.0916236
0.000151991 7.8058 8.33804 7.27356 3.68372 3.98649 3.38095 9.8038 0.53224 0.302771 0.101713 0.0909548
0.000156293 7.75799 8.28878 7.22719 3.66108 3.96306 3.35909 9.72171 0.530796 0.301984 0.101164 0.0902897
0.000160717 7.71042 8.23977 7.18106 3.63856 3.93976 3.33735 9.64017 0.529356 0.3012 0.10062 0.0896284
0.000165265 7.66309 8.191 7.13517 3.61615 3.91657 3.31572 9.55917 0.527919 0.300421 0.100081 0.0889707
0.000169943 7.616 8.14249 7.08952 3.59386 3.8935 3.29421 9.47868 0.526486 0.299644 0.0995476 0.088317
0.000174753 7.56916 8.09421 7.0441 3.57168 3.87055 3.27281 9.39873 0.525057 0.298872 0.0990187 0.0876669
0.000179699 7.52255 8.04618 6.99891 3.54962 3.84772 3.25152 9.31931 0.523632 0.298102 0.0984946 0.0870204
0.000184785 7.47618 7.99839 6.95397 3.52768 3.82502 3.23034 9.24041 0.52221 0.297337 0.0979756 0.0863778
0.000190015 7.43004 7.95083 6.90925 3.50585 3.80243 3.20928 9.16203 0.520791 0.296574 0.0974614 0.0857387
0.000195393 7.38414 7.90352 6.86477 3.48414 3.77995 3.18832 9.08417 0.519376 0.295815 0.0969523 0.0851034
0.000200923 7.33848 7.85645 6.82052 3.46253 3.75759 3.16747 9.00682 0.517965 0.29506 0.096448 0.0844717
0.00020661 7.29305 7.80961 6.7765 3.44105 3.73535 3.14674 8.92998 0.516557 0.294308 0.0959486 0.0838436
0.000212458 7.24785 7.763 6.7327 3.41967 3.71323 3.12611 8.85366 0.515152 0.293559 0.095454 0.0832191
0.000218471 7.20289 7.71664 6.68914 3.39841 3.69122 3.1056 8.77783 0.51375 0.292813 0.0949645 0.0825983
0.000224655 7.15816 7.67051 6.64581 3.37726 3.66933 3.08519 8.70251 0.512352 0.292071 0.0944798 0.081981
0.000231013 7.11365 7.6246 6.60269 3.35622 3.64755 3.06488 8.6277 0.510957 0.291332 0.0939999 0.0813672
0.000237551 7.06938 7.57894 6.55981 3.33529 3.62589 3.04469 8.55338 0.509565 0.290596 0.0935251 0.0807571
0.000244275 7.02532 7.5335 6.51715 3.31447 3.60433 3.02461 8.47956 0.508176 0.289864 0.0930549 0.0801504
0.000251189 6.9815 7.48829 6.47471 3.29376 3.5829 3.00463 8.40623 0.50679 0.289134 0.0925897 0.0795473
0.000258298 6.93791 7.44331 6.4325 3.27317 3.56157 2.98476 8.33338 0.505407 0.288408 0.0921294 0.0789477
0.000265609 6.89454 7.39856 6.39051 3.25268 3.54036 2.96499 8.26103 0.504027 0.287685 0.0916739 0.0783516
0.000273126 6.85139 7.35404 6.34874 3.23229 3.51926 2.94533 8.18916 0.502649 0.286965 0.0912232 0.0777589
0.000280857 6.80847 7.30974 6.30719 3.21202 3.49827 2.92577 8.11777 0.501275 0.286248 0.0907775 0.0771699
0.000288806 6.76576 7.26567 6.26586 3.19185 3.47739 2.90632 8.04686 0.499903 0.285534 0.0903366 0.0765841
0.00029698 6.72328 7.22181 6.22474 3.17179 3.45662 2.88697 7.97644 0.498534 0.284824 0.0899004 0.0760018
0.000305386 6.68102 7.17819 6.18385 3.15184 3.43596 2.86773 7.90648 0.497167 0.284116 0.0894692 0.075423
0.000314029 6.63897 7.13477 6.14317 3.13199 3.41541 2.84858 7.83699 0.495803 0.283411 0.0890427 0.0748475
0.000322917 6.59715 7.09159 6.10271 3.11225 3.39496 2.82955 7.76798 0.494442 0.28271 0.0886211 0.0742754
0.000332057 6.55554 7.04862 6.06246 3.09262 3.37463 2.81061 7.69943 0.493083 0.282011 0.0882042 0.0737067
0.000341455 6.51415 7.00588 6.02242 3.07309 3.35441 2.79178 7.63134 0.491726 0.281315 0.0877922 0.0731413
0.000351119 6.47297 6.96334 5.9826 3.05367 3.33429 2.77304 7.56372 0.490372 0.280622 0.087385 0.0725793
0.000361057 6.43201 6.92103 5.94299 3.03435 3.31428 2.75441 7.49655 0.489019 0.279932 0.0869826 0.0720207
0.000371276 6.39126 6.87893 5.90359 3.01513 3.29437 2.73588 7.42984 0.487669 0.279244 0.086585 0.0714654
0.000381784 6.35072 6.83704 5.8644 2.99601 3.27457 2.71745 7.36359 0.486321 0.27856 0.0861922 0.0709133
0.00039259 6.31039 6.79537 5.82542 2.977 3.25488 2.69912 7.29779 0.484975 0.277878 0.0858042 0.0703645
0.000403702 6.27028 6.75391 5.78665 2.95809 3.23529 2.68089 7.23243 0.483631 0.277199 0.0854209 0.069819
0.000415128 6.23037 6.71266 5.74808 2.93928 3.2158 2.66276 7.16752 0.482289 0.276523 0.0850424 0.0692768
0.000426877 6.19067 6.67162 5.70972 2.92057 3.19642 2.64472 7.10306 0.480949 0.275849 0.0846686 0.0687378
0.000438959 6.15118 6.63079 5.67157 2.90197 3.17715 2.62679 7.03904 0.47961 0.275178 0.0842997 0.0682021
0.000451383 6.1119 6.59017 5.63363 2.88346 3.15797 2.60895 6.97546 0.478273 0.27451 0.0839354 0.0676695
0.000464159 6.07282 6.54976 5.59588 2.86506 3.1389 2.59121 6.91231 0.476938 0.273845 0.083576 0.0671402
0.000477296 6.03395 6.50956 5.55835 2.84675 3.11993 2.57357 6.84959 0.475604 0.273181 0.0832213 0.0666141
0.000490805 5.99528 6.46955 5.52101 2.82854 3.10106 2.55602 6.78732 0.474271 0.272521 0.0828712 0.0660911
0.000504697 5.95681 6.42975 5.48387 2.81044 3.0823 2.53857 6.72547 0.47294 0.271863 0.082526 0.0655713
0.000518981 5.91855 6.39016 5.44694 2.79243 3.06363 2.52122 6.66404 0.47161 0.271207 0.0821854 0.0650547
0.00053367 5.88048 6.35077 5.4102 2.77452 3.04507 2.50396 6.60305 0.470281 0.270554 0.0818496 0.0645412
0.000548775 5.84262 6.31157 5.37366 2.7567 3.0266 2.4868 6.54247 0.468954 0.269904 0.0815184 0.0640308
0.000564307 5.80496 6.27258 5.33733 2.73898 3.00824 2.46973 6.48232 0.467627 0.269256 0.081192 0.0635235
0.000580278 5.76749 6.23379 5.30119 2.72136 2.98997 2.45275 6.42258 0.466301 0.26861 0.0808702 0.0630194
0.000596702 5.73022 6.1952 5.26525 2.70384 2.9718 2.43587 6.36326 0.464976 0.267966 0.0805532 0.0625183
0.000613591 5.69315 6.1568 5.2295 2.68641 2.95373 2.41908 6.30435 0.463652 0.267325 0.0802408 0.0620203
0.000630957 5.65627 6.1186 5.19394 2.66907 2.93576 2.40239 6.24586 0.462329 0.266686 0.079933 0.0615253
0.000648815 5.61959 6.0806 5.15859 2.65184 2.91789 2.38579 6.18777 0.461005 0.266049 0.07963 0.0610334
0.000667179 5.58311 6.04279 5.12342 2.63469 2.90011 2.36928 6.13009 0.459683 0.265415 0.0793315 0.0605445
0.000686062 5.54681 6.00517 5.08845 2.61764 2.88243 2.35286 6.07281 0.458361 0.264782 0.0790378 0.0600586
0.00070548 5.51071 5.96775 5.05367 2.60068 2.86484 2.33653 6.01594 0.457039 0.264152 0.0787486 0.0595757
0.000725448 5.4748 5.93052 5.01908 2.58382 2.84735 2.3203 5.95947 0.455717 0.263524 0.0784641 0.0590959
0.00074598 5.43908 5.89347 4.98468 2.56705 2.82995 2.30415 5.9034 0.454395 0.262898 0.0781841 0.0586189
0.000767094 5.40355 5.85662 4.95047 2.55038 2.81265 2.2881 5.84771 0.453073 0.262274 0.0779088 0.058145
0.000788805 5.3682 5.81996 4.91645 2.53379 2.79544 2.27214 5.79243 0.451752 0.261651 0.077638 0.0576741
0.000811131 5.33305 5.78348 4.88262 2.5173 2.77833 2.25626 5.73753 0.450429 0.261031 0.0773718 0.057206
0.000834088 5.29808 5.74719 4.84897 2.5009 2.76131 2.24048 5.68303 0.449107 0.260413 0.0771102 0.0567409
0.000857696 5.2633 5.71108 4.81551 2.48458 2.74438 2.22479 5.62891 0.447784 0.259797 0.0768531 0.0562787
0.000881971 5.2287 5.67516 4.78224 2.46836 2.72755 2.20918 5.57518 0.44646 0.259182 0.0766006 0.0558194
0.000906934 5.19429 5.63942 4.74915 2.45223 2.7108 2.19366 5.52183 0.445136 0.258569 0.0763526 0.055363
0.000932603 5.16006 5.60387 4.71625 2.43619 2.69415 2.17823 5.46886 0.443811 0.257958 0.0761091 0.0549095
0.000958999 5.12601 5.56849 4.68352 2.42024 2.67759 2.16289 5.41627 0.442485 0.257349 0.07587 0.0544587
0.000986142 5.09214 5.5333 4.65099 2.40438 2.66112 2.14764 5.36405 0.441157 0.256741 0.0756355 0.054011
0.00101405 5.05846 5.49829 4.61863 2.3886 2.64474 2.13247 5.31221 0.439829 0.256135 0.0754054 0.053566
0.00104275 5.02495 5.46345 4.58645 2.37292 2.62845 2.11739 5.26075 0.438499 0.255531 0.0751798 0.0531238
0.00107227 4.99163 5.42879 4.55446 2.35732 2.61225 2.10239 5.20965 0.437168 0.254928 0.0749586 0.0526845
0.00110262 4.95848 5.39431 4.52264 2.34181 2.59613 2.08748 5.15893 0.435836 0.254327 0.0747418 0.0522479
0.00113382 4.92551 5.36001 4.49101 2.32639 2.58011 2.07266 5.10856 0.434501 0.253727 0.0745293 0.0518142
0.00116591 4.89271 5.32588 4.45955 2.31105 2.56418 2.05792 5.05857 0.433165 0.253128 0.0743213 0.0513831
0.00119891 4.86009 5.29192 4.42826 2.2958 2.54833 2.04327 5.00894 0.431827 0.252531 0.0741176 0.0509549
0.00123285 4.82765 5.25813 4.39716 2.28063 2.53257 2.0287 4.95966 0.430487 0.251935 0.0739182 0.0505294
0.00126774 4.79538 5.22452 4.36623 2.26555 2.5169 2.01421 4.91075 0.429144 0.251341 0.0737231 0.0501067
0.00130362 4.76328 5.19108 4.33548 2.25056 2.50131 1.99981 4.86219 0.427799 0.250747 0.0735324 0.0496867
0.00134052 4.73135 5.15781 4.3049 2.23565 2.4858 1.98549 4.81399 0.426452 0.250155 0.0733458 0.0492694
0.00137846 4.6996 5.12471 4.2745 2.22083 2.47039 1.97126 4.76614 0.425102 0.249564 0.0731635 0.0488548
0.00141747 4.66802 5.09177 4.24427 2.20608 2.45506 1.95711 4.71864 0.423749 0.248974 0.0729854 0.0484429
0.00145759 4.6366 5.059 4.21421 2.19142 2.43981 1.94304 4.67149 0.422393 0.248385 0.0728115 0.0480337
0.00149885 4.60536 5.02639 4.18432 2.17685 2.42465 1.92905 4.62469 0.421034 0.247797 0.0726418 0.0476271
0.00154127 4.57428 4.99395 4.15461 2.16236 2.40957 1.91515 4.57823 0.419672 0.24721 0.0724761 0.0472231
0.00158489 4.54337 4.96168 4.12506 2.14795 2.39457 1.90133 4.53211 0.418306 0.246624 0.0723146 0.0468218
0.00162975 4.51263 4.92956 4.09569 2.13362 2.37966 1.88758 4.48634 0.416937 0.246038 0.0721571 0.0464232
0.00167588 4.48205 4.89762 4.06649 2.11938 2.36483 1.87392 4.44091 0.415563 0.245453 0.0720037 0.0460271
0.00172331 4.45164 4.86582 4.03745 2.10521 2.35008 1.86034 4.39581 0.414186 0.244869 0.0718542 0.0456337
0.00177209 4.42139 4.83419 4.00858 2.09113 2.33542 1.84684 4.35105 0.412805 0.244286 0.0717087 0.0452428
0.00182224 4.3913 4.80272 3.97988 2.07713 2.32083 1.83343 4.30663 0.41142 0.243703 0.0715672 0.0448545
0.00187382 4.36137 4.7714 3.95134 2.06321 2.30633 1.82009 4.26253 0.410029 0.243121 0.0714295 0.0444688
0.00192685 4.33161 4.74025 3.92298 2.04936 2.2919 1.80682 4.21877 0.408635 0.242539 0.0712956 0.0440856
0.00198139 4.30201 4.70924 3.89477 2.0356 2.27756 1.79364 4.17534 0.407235 0.241957 0.0711656 0.043705
0.00203747 4.27256 4.67839 3.86673 2.02192 2.26329 1.78054 4.13223 0.405831 0.241376 0.0710394 0.0433268
0.00209514 4.24328 4.6477 3.83886 2.00831 2.24911 1.76752 4.08945 0.404421 0.240795 0.0709168 0.0429512
0.00215443 4.21415 4.61715 3.81114 1.99479 2.235 1.75457 4.047 0.403006 0.240214 0.0707979 0.0425781
0.00221541 4.18518 4.58677 3.7836 1.98134 2.22097 1.7417 4.00486 0.401585 0.239634 0.0706827 0.0422075
0.00227812 4.15637 4.55653 3.75621 1.96797 2.20702 1.72891 3.96305 0.400159 0.239053 0.070571 0.0418393
0.00234259 4.12771 4.52643 3.72898 1.95467 2.19315 1.7162 3.92155 0.398726 0.238472 0.0704629 0.0414736
0.0024089 4.09921 4.49649 3.70192 1.94146 2.17935 1.70357 3.88037 0.397288 0.237892 0.0703582 0.0411104
0.00247708 4.07086 4.4667 3.67501 1.92832 2.16563 1.69101 3.8395 0.395843 0.237311 0.070257 0.0407496
0.00254719 4.04266 4.43705 3.64827 1.91526 2.15199 1.67853 3.79895 0.394391 0.23673 0.0701591 0.0403912
0.00261928 4.01462 4.40755 3.62168 1.90227 2.13842 1.66612 3.75871 0.392933 0.236148 0.0700645 0.0400353
0.00269341 3.98672 4.37819 3.59526 1.88936 2.12492 1.65379 3.71879 0.391467 0.235566 0.0699732 0.0396817
0.00276965 3.95898 4.34897 3.56899 1.87652 2.11151 1.64154 3.67916 0.389994 0.234984 0.0698851 0.0393305
0.00284804 3.93139 4.3199 3.54287 1.86376 2.09816 1.62936 3.63985 0.388514 0.234401 0.0698001 0.0389817
0.00292864 3.90394 4.29097 3.51692 1.85107 2.08489 1.61726 3.60084 0.387026 0.233818 0.0697181 0.0386352
0.00301153 3.87665 4.26218 3.49112 1.83846 2.07169 1.60523 3.56214 0.385531 0.233233 0.0696391 0.0382911
0.00309677 3.8495 4.23353 3.46548 1.82592 2.05857 1.59327 3.52373 0.384027 0.232648 0.069563 0.0379493
0.00318442 3.8225 4.20501 3.43999 1.81346 2.04552 1.58139 3.48563 0.382514 0.232062 0.0694898 0.0376099
0.00327455 3.79565 4.17664 3.41465 1.80106 2.03254 1.56959 3.44782 0.380993 0.231476 0.0694193 0.0372727
0.00336723 3.76893 4.1484 3.38947 1.78874 2.01963 1.55786 3.41032 0.379464 0.230888 0.0693515 0.0369378
0.00346253 3.74237 4.12029 3.36444 1.7765 2.0068 1.5462 3.37311 0.377925 0.230299 0.0692863 0.0366052
0.00356053 3.71595 4.09232 3.33957 1.76432 1.99403 1.53461 3.33619 0.376377 0.229708 0.0692236 0.0362749
0.00366131 3.68967 4.06448 3.31485 1.75222 1.98134 1.5231 3.29956 0.374819 0.229117 0.0691634 0.0359468
0.00376494 3.66353 4.03678 3.29027 1.74019 1.96871 1.51166 3.26323 0.373252 0.228523 0.0691055 0.035621
0.0038715 3.63753 4.0092 3.26585 1.72823 1.95615 1.5003 3.22719 0.371674 0.227929 0.0690498 0.0352974
0.00398107 3.61167 3.98175 3.24158 1.71634 1.94367 1.489 3.19143 0.370086 0.227332 0.0689963 0.034976
0.00409375 3.58595 3.95444 3.21746 1.70451 1.93125 1.47778 3.15596 0.368488 0.226734 0.0689448 0.0346568
0.00420962 3.56037 3.92725 3.19349 1.69276 1.9189 1.46663 3.12078 0.366878 0.226135 0.0688953 0.0343398
0.00432876 3.53493 3.90019 3.16967 1.68108 1.90662 1.45555 3.08587 0.365258 0.225533 0.0688476 0.0340249
0.00445128 3.50963 3.87325 3.146 1.66947 1.8944 1.44454 3.05125 0.363626 0.224929 0.0688017 0.0337122
0.00457727 3.48445 3.84644 3.12247 1.65793 1.88225 1.43361 3.01692 0.361983 0.224323 0.0687574 0.0334017
0.00470682 3.45942 3.81975 3.09909 1.64645 1.87017 1.42274 2.98286 0.360328 0.223715 0.0687146 0.0330932
0.00484003 3.43452 3.79318 3.07586 1.63505 1.85815 1.41194 2.94907 0.358661 0.223104 0.0686732 0.0327869
0.00497702 3.40976 3.76674 3.05278 1.62371 1.8462 1.40122 2.91557 0.356981 0.222491 0.0686331 0.0324827
0.00511789 3.38513 3.74042 3.02984 1.61244 1.83431 1.39056 2.88234 0.355288 0.221875 0.0685941 0.0321806
0.00526274 3.36063 3.71421 3.00704 1.60123 1.82249 1.37998 2.84938 0.353583 0.221256 0.0685562 0.0318805
0.0054117 3.33626 3.68812 2.98439 1.5901 1.81073 1.36946 2.81669 0.351864 0.220635 0.0685191 0.0315825
0.00556486 3.31202 3.66215 2.96189 1.57903 1.79904 1.35902 2.78428 0.350132 0.220011 0.0684828 0.0312866
0.00572237 3.28791 3.6363 2.93953 1.56802 1.7874 1.34864 2.75213 0.348386 0.219383 0.0684471 0.0309926
0.00588433 3.26393 3.61056 2.91731 1.55708 1.77583 1.33833 2.72025 0.346626 0.218753 0.0684119 0.0307007
0.00605088 3.24008 3.58493 2.89523 1.54621 1.76433 1.32809 2.68864 0.344852 0.218119 0.068377 0.0304108
0.00622213 3.21636 3.55942 2.8733 1.5354 1.75288 1.31792 2.65729 0.343063 0.217481 0.0683423 0.0301228
0.00639824 3.19277 3.53403 2.85151 1.52465 1.74149 1.30781 2.62621 0.341259 0.21684 0.0683076 0.0298369
0.00657933 3.1693 3.50874 2.82986 1.51397 1.73016 1.29778 2.59539 0.33944 0.216195 0.0682727 0.0295528
0.00676555 3.14595 3.48356 2.80835 1.50335 1.7189 1.28781 2.56483 0.337606 0.215546 0.0682376 0.0292707
0.00695704 3.12273 3.45849 2.78698 1.4928 1.70769 1.27791 2.53453 0.335756 0.214893 0.068202 0.0289906
0.00715394 3.09964 3.43353 2.76575 1.48231 1.69654 1.26807 2.50448 0.333889 0.214236 0.0681658 0.0287123
0.00735642 3.07666 3.40867 2.74466 1.47188 1.68545 1.2583 2.4747 0.332007 0.213574 0.0681287 0.0284359
0.00756463 3.05381 3.38392 2.72371 1.46151 1.67442 1.2486 2.44517 0.330108 0.212908 0.0680907 0.0281614
0.00777874 3.03109 3.35928 2.70289 1.45121 1.66344 1.23897 2.41589 0.328192 0.212238 0.0680514 0.0278888
0.0079989 3.00848 3.33474 2.68222 1.44096 1.65252 1.2294 2.38686 0.326259 0.211562 0.0680109 0.027618
0.0082253 2.98599 3.3103 2.66168 1.43078 1.64166 1.2199 2.35809 0.324309 0.210882 0.0679687 0.027349
0.0084581 2.96362 3.28596 2.64128 1.42066 1.63085 1.21046 2.32957 0.322341 0.210196 0.0679249 0.0270818
0.00869749 2.94137 3.26173 2.62102 1.41059 1.6201 1.20109 2.30129 0.320355 0.209505 0.067879 0.0268164
0.00894366 2.91924 3.23759 2.60089 1.40059 1.6094 1.19178 2.27327 0.318351 0.208809 0.0678311 0.0265528
0.00919679 2.89723 3.21356 2.5809 1.39065 1.59876 1.18254 2.24549 0.316329 0.208107 0.0677808 0.026291
0.00945709 2.87533 3.18962 2.56105 1.38076 1.58816 1.17336 2.21795 0.314288 0.2074 0.0677279 0.0260309
0.00972476 2.85355 3.16578 2.54132 1.37094 1.57762 1.16425 2.19066 0.312228 0.206686 0.0676722 0.0257725
0.01 2.83189 3.14203 2.52174 1.36117 1.56714 1.1552 2.16361 0.310148 0.205966 0.0676135 0.0255159
0.010283 2.81034 3.11839 2.50229 1.35146 1.5567 1.14622 2.1368 0.30805 0.20524 0.0675516 0.0252609
0.0105741 2.7889 3.09483 2.48297 1.34181 1.54631 1.1373 2.11023 0.305932 0.204508 0.0674863 0.0250076
0.0108734 2.76757 3.07137 2.46378 1.33221 1.53598 1.12844 2.0839 0.303794 0.203768 0.0674173 0.024756
0.0111811 2.74636 3.048 2.44473 1.32267 1.52569 1.11965 2.0578 0.301636 0.203022 0.0673443 0.024506
0.0114976 2.72526 3.02472 2.42581 1.31319 1.51545 1.11092 2.03194 0.299457 0.202269 0.0672672 0.0242577
0.011823 2.70428 3.00154 2.40702 1.30376 1.50526 1.10225 2.00632 0.297259 0.201508 0.0671858 0.024011
0.0121576 2.6834 2.97844 2.38836 1.29438 1.49512 1.09364 1.98093 0.295039 0.200741 0.0670996 0.0237658
0.0125017 2.66263 2.95543 2.36983 1.28506 1.48503 1.0851 1.95577 0.292799 0.199965 0.0670086 0.0235222
0.0128556 2.64197 2.93251 2.35143 1.27579 1.47498 1.07661 1.93084 0.290538 0.199182 0.0669125 0.0232802
0.0132194 2.62142 2.90968 2.33317 1.26658 1.46497 1.06819 1.90614 0.288255 0.19839 0.066811 0.0230397
0.0135936 2.60098 2.88693 2.31503 1.25742 1.45501 1.05983 1.88167 0.285952 0.197591 0.0667038 0.0228007
0.0139783 2.58065 2.86427 2.29702 1.24831 1.4451 1.05153 1.85742 0.283626 0.196783 0.0665908 0.0225633
0.0143739 2.56042 2.8417 2.27914 1.23926 1.43522 1.04329 1.8334 0.281279 0.195966 0.0664715 0.0223273
0.0147808 2.5403 2.81922 2.26139 1.23025 1.42539 1.03511 1.80961 0.278911 0.19514 0.0663459 0.0220928
0.0151991 2.52029 2.79681 2.24377 1.2213 1.4156 1.02699 1.78603 0.276521 0.194306 0.0662136 0.0218598
0.0156293 2.50038 2.77449 2.22627 1.21239 1.40585 1.01893 1.76268 0.274108 0.193462 0.0660743 0.0216281
0.0160717 2.48058 2.75225 2.2089 1.20354 1.39615 1.01093 1.73955 0.271674 0.192608 0.0659278 0.0213979
0.0165265 2.46088 2.7301 2.19166 1.19473 1.38648 1.00299 1.71663 0.269218 0.191745 0.0657739 0.0211691
0.0169943 2.44128 2.70802 2.17454 1.18597 1.37685 0.995102 1.69394 0.26674 0.190872 0.0656121 0.0209417
0.0174753 2.42179 2.68603 2.15755 1.17726 1.36725 0.987276 1.67146 0.26424 0.189988 0.0654424 0.0207156
0.0179699 2.4024 2.66412 2.14068 1.1686 1.3577 0.979507 1.64919 0.261718 0.189095 0.0652644 0.0204909
0.0184785 2.38311 2.64229 2.12394 1.15999 1.34818 0.971796 1.62714 0.259173 0.18819 0.0650778 0.0202675
0.0190015 2.36393 2.62053 2.10732 1.15142 1.33869 0.964141 1.6053 0.256607 0.187275 0.0648825 0.0200454
0.0195393 2.34484 2.59886 2.09082 1.14289 1.32924 0.956542 1.58367 0.254019 0.186349 0.064678 0.0198245
0.0200923 2.32586 2.57727 2.07445 1.13441 1.31982 0.948999 1.56225 0.251409 0.185411 0.0644643 0.019605
0.020661 2.30698 2.55575 2.0582 1.12597 1.31043 0.941511 1.54103 0.248777 0.184462 0.0642409 0.0193867
0.0212458 2.28819 2.53432 2.04207 1.11758 1.30108 0.934079 1.52003 0.246124 0.1835 0.0640076 0.0191696
0.0218471 2.26951 2.51296 2.02606 1.10923 1.29175 0.9267 1.49923 0.243449 0.182527 0.0637643 0.0189538
0.0224655 2.25093 2.49168 2.01017 1.10092 1.28246 0.919376 1.47863 0.240753 0.181542 0.0635106 0.0187391
0.0231013 2.23244 2.47048 1.99441 1.09265 1.27319 0.912104 1.45823 0.238036 0.180544 0.0632464 0.0185256
0.0237551 2.21406 2.44935 1.97876 1.08442 1.26395 0.904886 1.43804 0.235298 0.179533 0.0629713 0.0183133
0.0244275 2.19577 2.42831 1.96323 1.07623 1.25474 0.897719 1.41804 0.23254 0.17851 0.0626851 0.0181021
0.0251189 2.17757 2.40734 1.94781 1.06808 1.24555 0.890604 1.39824 0.229761 0.177473 0.0623876 0.017892
0.0258298 2.15948 2.38644 1.93252 1.05996 1.23639 0.88354 1.37864 0.226963 0.176423 0.0620786 0.0176831
0.0265609 2.14149 2.36563 1.91734 1.05188 1.22724 0.876526 1.35923 0.224145 0.175359 0.0617579 0.0174752
0.0273126 2.12359 2.34489 1.90228 1.04384 1.21812 0.869562 1.34002 0.221308 0.174281 0.0614253 0.0172684
0.0280857 2.10578 2.32423 1.88733 1.03583 1.20902 0.862646 1.321 0.218452 0.173189 0.0610806 0.0170627
0.0288806 2.08807 2.30365 1.8725 1.02786 1.19994 0.855779 1.30217 0.215578 0.172082 0.0607235 0.0168579
0.029698 2.07046 2.28315 1.85778 1.01992 1.19088 0.848958 1.28352 0.212686 0.170961 0.060354 0.0166542
0.0305386 2.05294 2.26272 1.84317 1.01201 1.18183 0.842185 1.26507 0.209776 0.169825 0.0599719 0.0164515
0.0314029 2.03552 2.24237 1.82867 1.00413 1.1728 0.835457 1.2468 0.20685 0.168674 0.0595769 0.0162498
0.0322917 2.0182 2.2221 1.81429 0.996281 1.16379 0.828773 1.22871 0.203908 0.167507 0.059169 0.0160491
0.0332057 2.00096 2.20191 1.80001 0.988459 1.15478 0.822133 1.21081 0.20095 0.166325 0.0587481 0.0158492
0.0341455 1.98382 2.1818 1.78585 0.980665 1.14579 0.815537 1.19308 0.197978 0.165128 0.058314 0.0156504
0.0351119 1.96678 2.16177 1.77179 0.972896 1.13681 0.808982 1.17554 0.194991 0.163914 0.0578667 0.0154524
0.0361057 1.94983 2.14182 1.75784 0.965152 1.12784 0.802468 1.15817 0.19199 0.162684 0.057406 0.0152553
0.0371276 1.93297 2.12195 1.74399 0.957431 1.11887 0.795994 1.14098 0.188977 0.161438 0.0569319 0.0150592
0.0381784 1.9162 2.10215 1.73025 0.949733 1.10991 0.789558 1.12396 0.185952 0.160175 0.0564444 0.0148638
0.039259 1.89953 2.08244 1.71661 0.942055 1.10095 0.783159 1.10712 0.182916 0.158895 0.0559435 0.0146694
0.0403702 1.88295 2.06282 1.70308 0.934396 1.09199 0.776798 1.09044 0.17987 0.157598 0.055429 0.0144758
0.0415128 1.86646 2.04327 1.68964 0.926755 1.08304 0.77047 1.07394 0.176815 0.156284 0.0549011 0.014283
0.0426877 1.85006 2.02381 1.67631 0.91913 1.07408 0.764176 1.0576 0.173751 0.154953 0.0543597 0.014091
0.0438959 1.83375 2.00443 1.66307 0.911519 1.06512 0.757915 1.04143 0.17068 0.153604 0.0538049 0.0138998
0.0451383 1.81753 1.98513 1.64992 0.903922 1.05616 0.751684 1.02542 0.167603 0.152238 0.0532369 0.0137093
0.0464159 1.8014 1.96592 1.63688 0.896335 1.04719 0.745482 1.00957 0.164521 0.150854 0.0526556 0.0135197
0.0477296 1.78536 1.94679 1.62392 0.888759 1.03821 0.739308 0.993877 0.161434 0.149451 0.0520612 0.0133308
0.0490805 1.76941 1.92775 1.61106 0.88119 1.02922 0.733159 0.978346 0.158344 0.148031 0.0514538 0.0131426
0.0504697 1.75354 1.90879 1.59829 0.873627 1.02022 0.727035 0.96297 0.155253 0.146593 0.0508337 0.0129552
0.0518981 1.73776 1.88992 1.5856 0.866068 1.0112 0.720933 0.947749 0.152161 0.145136 0.0502009 0.0127685
0.053367 1.72207 1.87114 1.573 0.858512 1.00217 0.714851 0.932679 0.149069 0.14366 0.0495557 0.0125824
0.0548775 1.70646 1.85244 1.56048 0.850955 0.993121 0.708788 0.917759 0.14598 0.142167 0.0488984 0.0123971
0.0564307 1.69094 1.83383 1.54805 0.843396 0.98405 0.702742 0.902988 0.142893 0.140654 0.0482291 0.0122125
0.0580278 1.6755 1.81531 1.53569 0.835833 0.974956 0.696709 0.888362 0.139811 0.139123 0.0475482 0.0120286
0.0596702 1.66014 1.79688 1.52341 0.828263 0.965836 0.690689 0.87388 0.136735 0.137573 0.046856 0.0118453
0.0613591 1.64486 1.77853 1.5112 0.820684 0.956689 0.684679 0.859541 0.133666 0.136005 0.0461529 0.0116627
0.0630957 1.62967 1.76027 1.49906 0.813094 0.947512 0.678676 0.845341 0.130605 0.134418 0.0454391 0.0114807
0.0648815 1.61454 1.7421 1.48699 0.80549 0.938302 0.672677 0.83128 0.127554 0.132812 0.0447151 0.0112994
0.0667179 1.5995 1.72402 1.47499 0.797869 0.929058 0.666681 0.817354 0.124515 0.131188 0.0439812 0.0111187
0.0686062 1.58453 1.70602 1.46305 0.79023 0.919776 0.660685 0.803562 0.121488 0.129545 0.043238 0.0109386
0.070548 1.56964 1.68811 1.45116 0.78257 0.910453 0.654686 0.789902 0.118476 0.127884 0.0424858 0.0107592
0.0725448 1.55481 1.67029 1.43933 0.774884 0.901088 0.64868 0.776371 0.115479 0.126204 0.0417252 0.0105805
0.074598 1.54006 1.65256 1.42756 0.767172 0.891678 0.642666 0.762968 0.1125 0.124506 0.0409566 0.0104023
0.0767094 1.52537 1.63491 1.41583 0.759429 0.882219 0.636639 0.74969 0.109539 0.12279 0.0401806 0.0102248
0.0788805 1.51074 1.61734 1.40414 0.751652 0.872708 0.630596 0.736536 0.106599 0.121056 0.0393978 0.0100479
0.0811131 1.49618 1.59986 1.39249 0.74384 0.863144 0.624536 0.723503 0.10368 0.119304 0.0386086 0.0098716
0.0834088 1.48167 1.58245 1.38088 0.735987 0.853523 0.618452 0.710589 0.100784 0.117535 0.0378137 0.00969595
0.0857696 1.46722 1.56513 1.3693 0.728092 0.843841 0.612343 0.697792 0.0979134 0.115749 0.0370137 0.00952093
0.0881971 1.45281 1.54788 1.35775 0.72015 0.834096 0.606205 0.685111 0.0950685 0.113945 0.0362093 0.00934655
0.0906934 1.43846 1.53071 1.34621 0.712159 0.824284 0.600033 0.672541 0.092251 0.112125 0.0354009 0.00917281
0.0932603 1.42415 1.51361 1.33469 0.704114 0.814403 0.593825 0.660083 0.0894626 0.110289 0.0345894 0.00899971
0.0958999 1.40988 1.49659 1.32318 0.696012 0.804449 0.587575 0.647734 0.0867047 0.108437 0.0337754 0.00882727
0.0986142 1.39565 1.47963 1.31167 0.687849 0.794419 0.58128 0.635492 0.0839785 0.10657 0.0329595 0.0086555
0.101405 1.38144 1.46273 1.30016 0.679622 0.78431 0.574935 0.623354 0.0812855 0.104687 0.0321425 0.0084844
0.104275 1.36727 1.44589 1.28864 0.671327 0.774117 0.568536 0.611319 0.0786272 0.10279 0.0313251 0.00831398
0.107227 1.35311 1.42911 1.2771 0.66296 0.763839 0.56208 0.599385 0.0760046 0.10088 0.0305079 0.00814427
0.110262 1.33897 1.41238 1.26555 0.654516 0.753471 0.55556 0.587551 0.0734193 0.0989555 0.0296917 0.00797527
0.113382 1.32483 1.3957 1.25396 0.645992 0.74301 0.548973 0.575814 0.0708724 0.0970187 0.0288771 0.00780701
0.116591 1.31069 1.37906 1.24233 0.637384 0.732453 0.542314 0.564172 0.0683651 0.0950698 0.028065 0.00763949
0.119891 1.29655 1.36245 1.23065 0.628687 0.721797 0.535578 0.552623 0.0658986 0.0931095 0.0272561 0.00747275
0.123285 1.2824 1.34587 1.21892 0.619898 0.711037 0.528759 0.541167 0.0634741 0.0911387 0.026451 0.0073068
0.126774 1.26823 1.32932 1.20713 0.611013 0.700171 0.521855 0.529802 0.0610925 0.089158 0.0256504 0.00714166
0.130362 1.25402 1.31278 1.19527 0.602026 0.689195 0.514858 0.518525 0.058755 0.0871684 0.0248551 0.00697737
0.134052 1.23978 1.29624 1.18332 0.592935 0.678106 0.507765 0.507336 0.0564623 0.0851706 0.0240658 0.00681395
0.137846 1.22549 1.27971 1.17128 0.583735 0.666901 0.500569 0.496233 0.0542156 0.0831657 0.0232832 0.00665142
0.141747 1.21115 1.26316 1.15913 0.574422 0.655576 0.493267 0.485214 0.0520156 0.0811545 0.0225079 0.00648983
0.145759 1.19674 1.2466 1.14688 0.564992 0.64413 0.485854 0.47428 0.0498631 0.0791382 0.0217406 0.0063292
0.149885 1.18225 1.23001 1.13449 0.555441 0.632559 0.478323 0.463428 0.0477588 0.0771178 0.020982 0.00616957
0.154127 1.16768 1.21338 1.12197 0.545766 0.62086 0.470671 0.452657 0.0457033 0.0750943 0.0202327 0.00601097
0.158489 1.153 1.1967 1.1093 0.535962 0.609031 0.462893 0.441967 0.0436974 0.073069 0.0194933 0.00585345
0.162975 1.13821 1.17996 1.09647 0.526027 0.59707 0.454984 0.431357 0.0417414 0.071043 0.0187643 0.00569705
0.167588 1.1233 1.16314 1.08347 0.515958 0.584976 0.44694 0.420827 0.0398358 0.0690177 0.0180465 0.0055418
0.172331 1.10825 1.14624 1.07027 0.505751 0.572745 0.438757 0.410376 0.0379811 0.0669942 0.0173403 0.00538776
0.177209 1.09305 1.12923 1.05688 0.495404 0.560378 0.43043 0.400003 0.0361774 0.064974 0.0166462 0.00523498
0.182224 1.07769 1.11211 1.04326 0.484915 0.547873 0.421957 0.389708 0.0344251 0.0629584 0.0159647 0.0050835
0.187382 1.06214 1.09486 1.02941 0.474282 0.53523 0.413333 0.379492 0.0327243 0.0609488 0.0152964 0.00493337
0.192685 1.04639 1.07747 1.01532 0.463503 0.52245 0.404556 0.369354 0.0310751 0.0589468 0.0146416 0.00478465
0.198139 1.03044 1.05992 1.00096 0.452578 0.509532 0.395624 0.359295 0.0294775 0.0569538 0.0140008 0.00463739
0.203747 1.01425 1.04219 0.986322 0.441506 0.496478 0.386535 0.349315 0.0279315 0.0549714 0.0133743 0.00449165
0.209514 0.997824 1.02426 0.971387 0.430289 0.48329 0.377288 0.339415 0.0264369 0.0530011 0.0127625 0.00434749
0.215443 0.981133 1.00613 0.956139 0.418927 0.469971 0.367882 0.329596 0.0249936 0.0510446 0.0121658 0.00420497
0.221541 0.964161 0.987762 0.94056 0.407422 0.456525 0.358318 0.319859 0.0236012 0.0491034 0.0115843 0.00406415
0.227812 0.946892 0.969151 0.924632 0.395777 0.442956 0.348598 0.310204 0.0222594 0.0471794 0.0110183 0.00392508
0.234259 0.929305 0.950273 0.908337 0.383997 0.429271 0.338723 0.300634 0.0209679 0.0452741 0.0104682 0.00378784
0.24089 0.911384 0.93111 0.891658 0.372086 0.415475 0.328697 0.291149 0.0197262 0.0433893 0.00993398 0.00365249
0.247708 0.893108 0.911642 0.874574 0.360052 0.401578 0.318525 0.281752 0.0185338 0.0415267 0.00941587 0.00351908
0.254719 0.874458 0.891848 0.857068 0.347902 0.38759 0.308213 0.272445 0.01739 0.0396881 0.00891398 0.00338767
0.261928 0.855413 0.871707 0.839118 0.335645 0.37352 0.29777 0.263229 0.0162942 0.0378752 0.00842838 0.00325832
0.269341 0.83595 0.851196 0.820704 0.323295 0.359385 0.287205 0.254107 0.0152458 0.0360897 0.00795913 0.00313108
0.276965 0.816045 0.830289 0.801801 0.310865 0.345198 0.276532 0.245082 0.0142439 0.0343334 0.00750622 0.00300599
0.284804 0.795664 0.808952 0.782376 0.298374 0.330982 0.265766 0.236158 0.0132877 0.032608 0.00706961 0.00288306
0.292864 0.774755 0.787131 0.762378 0.285846 0.316761 0.25493 0.227337 0.0123764 0.0309153 0.00664921 0.0027623
0.301153 0.753188 0.764697 0.741679 0.273322 0.302579 0.244065 0.218624 0.011509 0.0292569 0.00624481 0.00264359
0.309677 0.730137 0.740822 0.719453 0.260958 0.288592 0.233323 0.21003 0.0106842 0.0276345 0.00585595 0.00252654
0.318442 0.7098 0.720181 0.699418 0.252266 0.279294 0.225237 0.206815 0.0103815 0.0270285 0.00571106 0.00248083
0.321833 0.701757 0.711845 0.691669 0.247603 0.274037 0.221169 0.20365 0.0100878 0.0264342 0.00556988 0.00243589
0.325224 0.693737 0.703539 0.683934 0.24299 0.268842 0.217139 0.200533 0.00980279 0.0258514 0.00543232 0.00239171
0.328614 0.685738 0.695265 0.676212 0.238427 0.263707 0.213147 0.197463 0.00952619 0.0252799 0.00529825 0.00234827
0.332005 0.677762 0.68702 0.668505 0.233914 0.258633 0.209194 0.194438 0.00925774 0.0247196 0.00516759 0.00230555
0.335396 0.669808 0.678805 0.660811 0.22945 0.25362 0.20528 0.191459 0.00899716 0.0241701 0.00504023 0.00226353
0.338787 0.661876 0.67062 0.653131 0.225036 0.248667 0.201405 0.188524 0.00874419 0.0236313 0.00491609 0.00222221
0.342178 0.653965 0.662464 0.645466 0.220672 0.243775 0.197569 0.185632 0.00849859 0.023103 0.00479506 0.00218157
0.345569 0.646076 0.654336 0.637816 0.216357 0.238942 0.193772 0.182783 0.00826011 0.0225851 0.00467705 0.0021416
0.348959 0.638209 0.646238 0.630181 0.212092 0.23417 0.190015 0.179975 0.00802852 0.0220772 0.004562 0.00210227
0.35235 0.630364 0.638168 0.622561 0.207877 0.229457 0.186298 0.177207 0.00780361 0.0215793 0.0044498 0.00206359
0.355741 0.622541 0.630126 0.614956 0.203712 0.224803 0.182621 0.17448 0.00758516 0.0210911 0.00434038 0.00202553
0.359132 0.614741 0.622114 0.607368 0.199597 0.220209 0.178984 0.171791 0.00737296 0.0206126 0.00423366 0.00198809
0.362523 0.606963 0.61413 0.599796 0.195531 0.215675 0.175388 0.169141 0.00716682 0.0201434 0.00412957 0.00195125
0.365914 0.599208 0.606174 0.592241 0.191516 0.211199 0.171832 0.166528 0.00696654 0.0196834 0.00402803 0.001915
0.369305 0.591476 0.598248 0.584704 0.18755 0.206782 0.168317 0.163953 0.00677194 0.0192325 0.00392897 0.00187933
0.372695 0.583767 0.59035 0.577184 0.183633 0.202424 0.164843 0.161413 0.00658284 0.0187905 0.00383233 0.00184423
0.376086 0.576082 0.582481 0.569683 0.179767 0.198124 0.16141 0.158908 0.00639907 0.0183572 0.00373804 0.00180969
0.379477 0.568422 0.574642 0.562201 0.17595 0.193883 0.158018 0.156439 0.00622047 0.0179325 0.00364603 0.00177569
0.382868 0.560786 0.566832 0.554739 0.172183 0.1897 0.154667 0.154003 0.00604687 0.0175163 0.00355624 0.00174223
0.386259 0.553175 0.559053 0.547296 0.168466 0.185574 0.151358 0.151601 0.00587813 0.0171083 0.00346862 0.0017093
0.38965 0.545589 0.551303 0.539875 0.164799 0.181507 0.14809 0.149232 0.00571408 0.0167084 0.0033831 0.00167689
0.39304 0.538029 0.543584 0.532475 0.161181 0.177497 0.144864 0.146895 0.0055546 0.0163165 0.00329963 0.00164499
0.396431 0.530497 0.535896 0.525097 0.157612 0.173545 0.14168 0.14459 0.00539954 0.0159324 0.00321816 0.00161358
0.399822 0.522991 0.528239 0.517742 0.154093 0.169649 0.138537 0.142315 0.00524877 0.015556 0.00313862 0.00158267
0.403213 0.515512 0.520614 0.51041 0.150624 0.165811 0.135437 0.140072 0.00510216 0.0151871 0.00306097 0.00155224
0.406604 0.508062 0.513022 0.503103 0.147204 0.16203 0.132378 0.137858 0.00495958 0.0148257 0.00298517 0.00152229
0.409995 0.500641 0.505462 0.49582 0.143833 0.158305 0.129361 0.135674 0.00482091 0.0144716 0.00291115 0.0014928
0.413385 0.493249 0.497935 0.488563 0.140511 0.154636 0.126387 0.133518 0.00468605 0.0141246 0.00283888 0.00146377
0.416776 0.485888 0.490443 0.481333 0.137239 0.151023 0.123454 0.131391 0.00455487 0.0137846 0.00276831 0.00143519
0.420167 0.478557 0.482984 0.47413 0.134015 0.147466 0.120563 0.129292 0.00442726 0.0134515 0.0026994 0.00140705
0.423558 0.471258 0.475561 0.466955 0.13084 0.143965 0.117715 0.127221 0.00430313 0.0131252 0.0026321 0.00137935
0.426949 0.463991 0.468173 0.459809 0.127714 0.140519 0.114908 0.125176 0.00418237 0.0128055 0.00256637 0.00135208
0.43034 0.456757 0.460822 0.452692 0.124636 0.137129 0.112144 0.123158 0.00406489 0.0124924 0.00250218 0.00132523
0.43373 0.449556 0.453507 0.445606 0.121607 0.133792 0.109421 0.121166 0.00395058 0.0121856 0.00243947 0.00129879
0.437121 0.442391 0.44623 0.438551 0.118626 0.130511 0.10674 0.1192 0.00383935 0.0118852 0.00237823 0.00127276
0.440512 0.43526 0.438991 0.431529 0.115692 0.127283 0.104101 0.117258 0.00373113 0.011591 0.0023184 0.00124714
0.443903 0.428165 0.431791 0.424539 0.112807 0.12411 0.101504 0.115342 0.00362581 0.0113028 0.00225996 0.00122191
0.447294 0.421107 0.42463 0.417584 0.10997 0.12099 0.098949 0.11345 0.00352333 0.0110206 0.00220287 0.00119707
0.450685 0.414087 0.41751 0.410663 0.107179 0.117924 0.0964351 0.111582 0.00342359 0.0107443 0.00214709 0.00117262
0.454075 0.407105 0.410431 0.403778 0.104436 0.11491 0.0939628 0.109738 0.00332653 0.0104737 0.0020926 0.00114855
0.457466 0.400162 0.403394 0.39693 0.101741 0.111949 0.0915318 0.107917 0.00323205 0.0102087 0.00203936 0.00112484
0.460857 0.393259 0.396399 0.390119 0.0990915 0.109041 0.0891421 0.106119 0.00314011 0.00994934 0.00198734 0.00110151
0.464248 0.386397 0.389447 0.383346 0.0964887 0.106184 0.0867933 0.104344 0.00305061 0.0096954 0.00193652 0.00107854
0.467639 0.379576 0.38254 0.376613 0.0939324 0.103379 0.0844856 0.102591 0.0029635 0.0094468 0.00188685 0.00105592
0.47103 0.372799 0.375678 0.36992 0.091422 0.100625 0.0822185 0.100859 0.0028787 0.00920346 0.00183833 0.00103366
0.47442 0.366065 0.368861 0.363268 0.0889573 0.0979226 0.079992 0.0991496 0.00279616 0.00896527 0.00179091 0.00101174
0.477811 0.359374 0.36209 0.356659 0.0865381 0.0952703 0.077806 0.097461 0.00271581 0.00873216 0.00174458 0.000990168
0.481202 0.35273 0.355367 0.350092 0.0841642 0.0926682 0.0756602 0.0957934 0.00263759 0.00850402 0.00169931 0.000968932
0.484593 0.346131 0.348692 0.343569 0.081835 0.0901158 0.0735543 0.0941465 0.00256144 0.00828076 0.00165506 0.000948028
0.487984 0.339579 0.342066 0.337091 0.0795503 0.0876126 0.071488 0.0925198 0.00248731 0.0080623 0.00161183 0.000927453
0.491375 0.333074 0.335489 0.330659 0.0773098 0.0851583 0.0694612 0.0909132 0.00241514 0.00784855 0.00156958 0.000907203
0.494765 0.326619 0.328964 0.324274 0.0751132 0.0827526 0.0674737 0.0893264 0.00234488 0.00763943 0.00152829 0.000887272
0.498156 0.320212 0.322489 0.317936 0.0729602 0.0803951 0.0655254 0.0877591 0.00227648 0.00743485 0.00148794 0.000867658
0.501547 0.313857 0.316066 0.311647 0.0708505 0.0780852 0.0636157 0.0862111 0.00220988 0.00723473 0.00144851 0.000848355
0.504938 0.307552 0.309697 0.305407 0.0687834 0.0758224 0.0617444 0.084682 0.00214505 0.00703899 0.00140998 0.00082936
0.508329 0.301299 0.303381 0.299217 0.0667589 0.0736064 0.0599113 0.0831717 0.00208192 0.00684755 0.00137232 0.000810669
0.51172 0.2951 0.29712 0.293079 0.0647765 0.0714368 0.0581162 0.0816799 0.00202047 0.00666033 0.00133552 0.000792279
0.51511 0.288954 0.290914 0.286993 0.0628357 0.069313 0.0563585 0.0802064 0.00196063 0.00647726 0.00129956 0.000774185
0.518501 0.282863 0.284765 0.28096 0.0609363 0.0672346 0.0546381 0.0787509 0.00190238 0.00629825 0.00126442 0.000756384
0.521892 0.276827 0.278672 0.274981 0.0590778 0.0652011 0.0529546 0.0773132 0.00184567 0.00612324 0.00123009 0.000738873
0.525283 0.270847 0.272638 0.269057 0.0572599 0.063212 0.0513077 0.0758931 0.00179045 0.00595216 0.00119653 0.000721648
0.528674 0.264925 0.266662 0.263188 0.055482 0.0612669 0.0496971 0.0744904 0.0017367 0.00578492 0.00116374 0.000704706
0.532065 0.25906 0.260745 0.257376 0.0537438 0.0593653 0.0481223 0.073105 0.00168436 0.00562147 0.0011317 0.000688043
0.535455 0.253255 0.254888 0.251621 0.0520448 0.0575066 0.0465831 0.0717365 0.00163341 0.00546172 0.0011004 0.000671656
0.538846 0.247509 0.249093 0.245925 0.0503847 0.0556903 0.0450791 0.0703848 0.00158381 0.00530562 0.00106981 0.000655542
0.542237 0.241823 0.243359 0.240288 0.0487629 0.053916 0.0436098 0.0690498 0.00153552 0.0051531 0.00103993 0.000639698
0.545628 0.236198 0.237687 0.23471 0.0471791 0.0521832 0.042175 0.0677312 0.00148852 0.00500408 0.00101073 0.000624121
0.549019 0.230635 0.232078 0.229193 0.0456328 0.0504913 0.0407743 0.0664288 0.00144276 0.00485851 0.000982204 0.000608808
0.55241 0.225135 0.226534 0.223737 0.0441234 0.0488398 0.0394071 0.0651426 0.00139822 0.00471632 0.000954337 0.000593756
0.5558 0.219698 0.221053 0.218344 0.0426507 0.0472281 0.0380732 0.0638723 0.00135486 0.00457746 0.000927115 0.000578962
0.559191 0.214326 0.215638 0.213013 0.041214 0.0456558 0.0367721 0.0626178 0.00131266 0.00444184 0.000900523 0.000564423
0.562582 0.209017 0.210289 0.207746 0.0398129 0.0441223 0.0355035 0.0613789 0.00127158 0.00430943 0.000874549 0.000550137
0.565973 0.203775 0.205006 0.202543 0.0384469 0.0426271 0.0342668 0.0601555 0.0012316 0.00418015 0.00084918 0.0005361
0.569364 0.198598 0.199791 0.197405 0.0371156 0.0411696 0.0330617 0.0589474 0.0011927 0.00405395 0.000824403 0.000522311
0.572755 0.193488 0.194643 0.192333 0.0358185 0.0397493 0.0318877 0.0577546 0.00115483 0.00393077 0.000800206 0.000508765
0.576146 0.188445 0.189563 0.187327 0.034555 0.0383656 0.0307445 0.0565767 0.00111799 0.00381056 0.000776577 0.000495462
0.579536 0.183471 0.184553 0.182389 0.0333248 0.037018 0.0296315 0.0554139 0.00108213 0.00369325 0.000753505 0.000482398
0.582927 0.178564 0.179612 0.177517 0.0321272 0.035706 0.0285484 0.0542658 0.00104725 0.0035788 0.000730978 0.00046957
0.586318 0.173727 0.174741 0.172714 0.0309618 0.0344289 0.0274946 0.0531324 0.00101331 0.00346715 0.000708985 0.000456976
0.589709 0.16896 0.16994 0.167979 0.0298281 0.0331863 0.0264698 0.0520136 0.000980286 0.00335824 0.000687515 0.000444615
0.5931 0.164262 0.16521 0.163314 0.0287255 0.0319775 0.0254735 0.0509092 0.000948163 0.00325203 0.000666558 0.000432482
0.596491 0.159635 0.160552 0.158718 0.0276536 0.0308021 0.0245052 0.0498191 0.000916916 0.00314846 0.000646104 0.000420576
0.599881 0.155079 0.155965 0.154192 0.0266119 0.0296594 0.0235644 0.0487433 0.000886523 0.00304748 0.000626142 0.000408895
0.603272 0.150594 0.151451 0.149737 0.0255999 0.0285489 0.0226508 0.0476816 0.000856964 0.00294904 0.000606663 0.000397436
0.606663 0.146181 0.147009 0.145353 0.024617 0.02747 0.0217639 0.0466339 0.000828218 0.0028531 0.000587656 0.000386196
0.610054 0.14184 0.14264 0.14104 0.0236627 0.0264223 0.0209031 0.0456002 0.000800266 0.0027596 0.000569114 0.000375174
0.613445 0.137572 0.138345 0.136799 0.0227365 0.025405 0.020068 0.0445803 0.000773088 0.00266849 0.000551025 0.000364367
0.616836 0.133376 0.134123 0.13263 0.0218379 0.0244177 0.0192582 0.0435741 0.000746666 0.00257974 0.000533382 0.000353773
0.620226 0.129254 0.129975 0.128533 0.0209665 0.0234598 0.0184732 0.0425815 0.000720982 0.0024933 0.000516176 0.000343389
0.623617 0.125205 0.125901 0.124509 0.0201216 0.0225307 0.0177125 0.0416026 0.000696017 0.00240911 0.000499398 0.000333214
0.627008 0.121229 0.121901 0.120557 0.0193028 0.0216299 0.0169756 0.0406371 0.000671754 0.00232713 0.00048304 0.000323245
0.630399 0.117327 0.117975 0.116679 0.0185095 0.0207568 0.0162622 0.039685 0.000648176 0.00224733 0.000467093 0.00031348
0.63379 0.113499 0.114124 0.112874 0.0177413 0.0199109 0.0155716 0.0387462 0.000625268 0.00216966 0.00045155 0.000303916
0.637181 0.109745 0.110348 0.109142 0.0169976 0.0190917 0.0149035 0.0378207 0.000603012 0.00209407 0.000436402 0.000294552
0.640571 0.106065 0.106646 0.105484 0.016278 0.0182985 0.0142574 0.0369083 0.000581393 0.00202052 0.000421642 0.000285386
0.643962 0.102459 0.103019 0.101898 0.0155818 0.0175308 0.0136329 0.036009 0.000560397 0.00194898 0.000407262 0.000276414
0.647353 0.0989269 0.0994669 0.0983869 0.0149088 0.0167882 0.0130294 0.0351228 0.000540007 0.0018794 0.000393256 0.000267636
0.650744 0.0954691 0.0959893 0.0949489 0.0142582 0.0160699 0.0124464 0.0342495 0.00052021 0.00181174 0.000379615 0.000259048
0.654135 0.0920851 0.0925861 0.0915841 0.0136296 0.0153756 0.0118837 0.0333891 0.000500992 0.00174597 0.000366332 0.000250649
0.657526 0.0887752 0.0892575 0.0882929 0.0130226 0.0147047 0.0113406 0.0325415 0.000482338 0.00168204 0.000353401 0.000242437
0.660916 0.0855389 0.0860032 0.0850747 0.0124366 0.0140565 0.0108167 0.0317066 0.000464235 0.00161991 0.000340815 0.000234409
0.664307 0.0823762 0.0828229 0.0819296 0.0118712 0.0134307 0.0103116 0.0308845 0.00044667 0.00155956 0.000328566 0.000226564
0.667698 0.0792871 0.0797167 0.0788575 0.0113258 0.0128267 0.00982487 0.030075 0.000429629 0.00150093 0.000316649 0.000218898
0.671089 0.0762709 0.076684 0.0758578 0.0108 0.012244 0.00935599 0.029278 0.000413102 0.00144401 0.000305057 0.000211411
0.67448 0.0733277 0.0737248 0.0729306 0.0102933 0.011682 0.00890455 0.0284936 0.000397074 0.00138874 0.000293784 0.0002041
0.677871 0.0704569 0.0708385 0.0700754 0.00980521 0.0111403 0.00847012 0.0277216 0.000381535 0.00133509 0.000282822 0.000196962
0.681261 0.0676584 0.0680248 0.0672919 0.00933529 0.0106183 0.00805224 0.026962 0.000366473 0.00128304 0.000272167 0.000189996
0.684652 0.0649316 0.0652835 0.0645798 0.00888305 0.0101156 0.00765051 0.0262147 0.000351875 0.00123255 0.000261812 0.0001832
0.688043 0.0622763 0.0626141 0.0619386 0.00844804 0.00963162 0.00726447 0.0254797 0.000337731 0.00118357 0.00025175 0.000176572
0.691434 0.0596918 0.0600158 0.0593678 0.0080298 0.00916589 0.00689371 0.024757 0.000324031 0.00113609 0.000241978 0.000170108
0.694825 0.0571777 0.0574885 0.0568669 0.00762789 0.00871795 0.00653783 0.0240464 0.000310762 0.00109006 0.000232487 0.000163808
0.698216 0.0547336 0.0550315 0.0544357 0.00724186 0.00828733 0.0061964 0.0233479 0.000297916 0.00104546 0.000223274 0.000157669
0.701606 0.0523587 0.0526441 0.0520732 0.00687126 0.00787351 0.005869 0.0226614 0.000285481 0.00100225 0.000214332 0.000151689
0.704997 0.0500523 0.0503258 0.0497789 0.00651565 0.00747606 0.00555524 0.021987 0.000273447 0.00096041 0.000205656 0.000145866
0.708388 0.0478141 0.0480759 0.0475523 0.00617463 0.00709453 0.00525474 0.0213245 0.000261805 0.000919898 0.00019724 0.000140198
0.711779 0.0456433 0.0458938 0.0453927 0.00584775 0.00672844 0.00496706 0.0206739 0.000250546 0.000880687 0.00018908 0.000134682
0.71517 0.0435391 0.0437787 0.0432994 0.00553459 0.00637734 0.00469185 0.0200351 0.000239659 0.000842749 0.000181169 0.000129317
0.718561 0.0415008 0.0417299 0.0412717 0.00523477 0.00604082 0.00442871 0.0194081 0.000229136 0.000806055 0.000173504 0.0001241
0.721951 0.0395276 0.0397466 0.0393087 0.00494785 0.00571842 0.00417727 0.0187928 0.000218968 0.000770575 0.000166078 0.00011903
0.725342 0.0376188 0.037828 0.0374097 0.00467344 0.00540972 0.00393715 0.0181892 0.000209146 0.000736281 0.000158887 0.000114103
0.728733 0.0357735 0.0359731 0.0355738 0.00441115 0.0051143 0.00370801 0.0175972 0.00019966 0.000703146 0.000151925 0.000109318
0.732124 0.0339907 0.0341812 0.0338002 0.0041606 0.00483174 0.00348946 0.0170167 0.000190504 0.000671142 0.000145189 0.000104673
0.735515 0.0322697 0.0324514 0.0320881 0.0039214 0.00456165 0.00328116 0.0164478 0.000181668 0.000640242 0.000138673 0.000100166
0.738906 0.0306095 0.0307826 0.0304364 0.00369319 0.00430361 0.00308277 0.0158902 0.000173144 0.00061042 0.000132372 9.57946e-05
0.742296 0.0290091 0.029174 0.0288442 0.00347559 0.00405724 0.00289394 0.0153441 0.000164925 0.000581649 0.000126282 9.15562e-05
0.745687 0.0274676 0.0276246 0.0273106 0.00326824 0.00382215 0.00271434 0.0148092 0.000157003 0.000553904 0.000120398 8.74489e-05
0.749078 0.0259839 0.0261333 0.0258345 0.0030708 0.00359796 0.00254364 0.0142856 0.00014937 0.000527159 0.000114716 8.34707e-05
0.752469 0.024557 0.024699 0.024415 0.00288291 0.0033843 0.00238152 0.0137732 0.000142018 0.00050139 0.000109231 7.96193e-05
0.75586 0.0231859 0.0233209 0.023051 0.00270423 0.0031808 0.00222766 0.0132719 0.00013494 0.000476572 0.000103938 7.58926e-05
0.759251 0.0218695 0.0219976 0.0217414 0.00253444 0.00298712 0.00208176 0.0127817 0.000128129 0.000452681 9.88342e-05 7.22885e-05
0.762641 0.0206067 0.0207283 0.0204851 0.00237321 0.0028029 0.00194351 0.0123025 0.000121579 0.000429693 9.39142e-05 6.88046e-05
0.766032 0.0193963 0.0195116 0.0192811 0.00222021 0.0026278 0.00181263 0.0118341 0.000115281 0.000407585 8.9174e-05 6.54389e-05
0.769423 0.0182373 0.0183466 0.0181281 0.00207514 0.00246148 0.00168881 0.0113767 0.000109229 0.000386333 8.46093e-05 6.21892e-05
0.772814 0.0171285 0.017232 0.0170251 0.0019377 0.00230361 0.00157178 0.01093 0.000103417 0.000365915 8.02161e-05 5.90533e-05
0.776205 0.0160688 0.0161666 0.0159709 0.00180758 0.00215389 0.00146127 0.0104941 9.78376e-05 0.000346309 7.59901e-05 5.6029e-05
0.779596 0.0150568 0.0151493 0.0149644 0.0016845 0.00201199 0.001357 0.0100688 9.24849e-05 0.000327493 7.19275e-05 5.31142e-05
0.782986 0.0140916 0.0141789 0.0140042 0.00156817 0.00187761 0.00125872 0.00965407 8.73523e-05 0.000309445 6.8024e-05 5.03066e-05
0.786377 0.0131718 0.0132542 0.0130893 0.00145831 0.00175045 0.00116617 0.00924983 8.24337e-05 0.000292144 6.42759e-05 4.76042e-05
0.789768 0.0122962 0.0123739 0.0122185 0.00135466 0.00163023 0.00107909 0.00885601 7.7723e-05 0.000275568 6.06791e-05 4.50046e-05
0.793159 0.0114637 0.0115369 0.0113905 0.00125695 0.00151665 0.000997256 0.00847252 7.32142e-05 0.000259699 5.72299e-05 4.25058e-05
0.79655 0.0106729 0.0107418 0.010604 0.00116494 0.00140945 0.000920424 0.00809929 6.89015e-05 0.000244514 5.39243e-05 4.01056e-05
0.799941 0.00992275 0.00998753 0.00985797 0.00107836 0.00130836 0.000848366 0.00773622 6.47791e-05 0.000229995 5.07587e-05 3.78017e-05
0.803332 0.00921191 0.00927275 0.00915107 0.000996984 0.00121311 0.000780862 0.00738325 6.08413e-05 0.000216122 4.77292e-05 3.55921e-05
0.806722 0.00853918 0.00859626 0.00848209 0.000920569 0.00112344 0.000717694 0.00704027 5.70825e-05 0.000202875 4.48322e-05 3.34745e-05
0.810113 0.00790329 0.00795679 0.00784979 0.00084889 0.00103913 0.000658655 0.0067072 5.34974e-05 0.000190235 4.20641e-05 3.14467e-05
0.813504 0.00730303 0.00735311 0.00725295 0.000781726 0.000959911 0.000603541 0.00638394 5.00806e-05 0.000178185 3.94213e-05 2.95067e-05
0.816895 0.00673718 0.00678401 0.00669035 0.000718862 0.000885567 0.000552156 0.00607041 4.68267e-05 0.000166706 3.69002e-05 2.76523e-05
0.820286 0.00620448 0.00624821 0.00616075 0.00066009 0.000815869 0.000504311 0.00576651 4.37307e-05 0.000155779 3.44972e-05 2.58813e-05
0.823677 0.00570374 0.00574452 0.00566295 0.000605208 0.000750595 0.000459821 0.00547214 4.07874e-05 0.000145387 3.2209e-05 2.41915e-05
0.827067 0.00523373 0.00527172 0.00519573 0.000554022 0.000689535 0.000418509 0.0051872 3.79919e-05 0.000135513 3.00321e-05 2.25809e-05
0.830458 0.00479324 0.00482858 0.0047579 0.000506344 0.000632483 0.000380204 0.00491159 3.53392e-05 0.000126139 2.79631e-05 2.10472e-05
0.833849 0.0043811 0.00441392 0.00434827 0.00046199 0.000579239 0.00034474 0.0046452 3.28246e-05 0.00011725 2.59986e-05 1.95885e-05
0.83724 0.00399611 0.00402655 0.00396566 0.000420786 0.000529613 0.000311958 0.00438793 3.04433e-05 0.000108827 2.41354e-05 1.82024e-05
0.840631 0.00363708 0.00366527 0.00360889 0.000382561 0.000483417 0.000281705 0.00413967 2.81906e-05 0.000100856 2.23703e-05 1.68871e-05
0.844022 0.00330291 0.00332897 0.00327684 0.000347153 0.000440473 0.000253832 0.00390031 2.60621e-05 9.33204e-05 2.06999e-05 1.56402e-05
0.847412 0.00299242 0.00301648 0.00296837 0.000314402 0.000400607 0.000228198 0.00366973 2.40533e-05 8.62041e-05 1.91211e-05 1.44599e-05
0.850803 0.00270451 0.00272667 0.00268235 0.000284159 0.000363651 0.000204667 0.00344781 2.21597e-05 7.94923e-05 1.76307e-05 1.33439e-05
0.854194 0.00243807 0.00245844 0.00241769 0.000256276 0.000329446 0.000183106 0.00323445 2.03771e-05 7.31697e-05 1.62258e-05 1.22902e-05
0.857585 0.00219202 0.00221072 0.00217332 0.000230614 0.000297835 0.000163392 0.00302951 1.87012e-05 6.72216e-05 1.49031e-05 1.12968e-05
0.860976 0.0019653 0.00198243 0.00194818 0.000207037 0.00026867 0.000145403 0.00283287 1.71279e-05 6.16336e-05 1.36598e-05 1.03616e-05
0.864367 0.00175689 0.00177254 0.00174123 0.000185417 0.000241809 0.000129026 0.00264441 1.5653e-05 5.63915e-05 1.24928e-05 9.48265e-06
0.867757 0.00156575 0.00158002 0.00155148 0.00016563 0.000217111 0.000114149 0.002464 1.42727e-05 5.14813e-05 1.13992e-05 8.65788e-06
0.871148 0.00139091 0.00140389 0.00137792 0.000147558 0.000194447 0.000100669 0.0022915 1.2983e-05 4.68893e-05 1.03761e-05 7.88532e-06
0.874539 0.00123139 0.00124317 0.00121961 0.000131087 0.00017369 8.84852e-05 0.00212678 1.178e-05 4.26022e-05 9.42074e-06 7.163e-06
0.87793 0.00108627 0.00109693 0.00107561 0.00011611 0.000154717 7.75031e-05 0.00196971 1.066e-05 3.86068e-05 8.53024e-06 6.48895e-06
0.881321 0.000954639 0.000964258 0.000945019 0.000102522 0.000137413 6.76321e-05 0.00182014 9.61929e-06 3.48904e-05 7.70186e-06 5.86124e-06
0.884712 0.000835606 0.00084426 0.000826952 9.02267e-05 0.000121667 5.87865e-05 0.00167793 8.65425e-06 3.14402e-05 6.9329e-06 5.27795e-06
0.888102 0.000728324 0.000736085 0.000720562 7.91291e-05 0.000107373 5.08851e-05 0.00154294 7.76133e-06 2.8244e-05 6.22069e-06 4.73717e-06
0.891493 0.000631967 0.000638904 0.00062503 6.91406e-05 9.44303e-05 4.38509e-05 0.00141502 6.93708e-06 2.52897e-05 5.5626e-06 4.23704e-06
0.894884 0.000545744 0.000551922 0.000539566 6.01766e-05 8.27422e-05 3.76111e-05 0.00129401 6.1781e-06 2.25655e-05 4.95606e-06 3.77569e-06
0.898275 0.00046889 0.000474372 0.000463409 5.21572e-05 7.22172e-05 3.20973e-05 0.00117977 5.48107e-06 2.00599e-05 4.39853e-06 3.3513e-06
0.901666 0.000400676 0.000405519 0.000395834 4.50064e-05 6.27681e-05 2.72448e-05 0.00107214 4.84275e-06 1.77616e-05 3.88753e-06 2.96205e-06
0.905057 0.000340401 0.000344661 0.000336141 3.86527e-05 5.43123e-05 2.29931e-05 0.000970947 4.25995e-06 1.56596e-05 3.42062e-06 2.60617e-06
0.908447 0.000287394 0.000291124 0.000283664 3.30282e-05 4.67713e-05 1.92851e-05 0.000876044 3.72958e-06 1.37431e-05 2.99541e-06 2.2819e-06
0.911838 0.000241019 0.000244267 0.00023777 2.80693e-05 4.00709e-05 1.60676e-05 0.000787259 3.24862e-06 1.20017e-05 2.60955e-06 1.98751e-06
0.915229 0.00020067 0.000203485 0.000197856 2.3716e-05 3.41409e-05 1.3291e-05 0.000704425 2.81412e-06 1.04249e-05 2.26075e-06 1.72131e-06
0.91862 0.000165776 0.000168199 0.000163352 1.9912e-05 2.8915e-05 1.0909e-05 0.000627369 2.42319e-06 9.00301e-06 1.94676e-06 1.48161e-06
0.922011 0.000135793 0.000137866 0.00013372 1.66046e-05 2.43308e-05 8.87848e-06 0.000555918 2.07303e-06 7.72614e-06 1.66538e-06 1.26679e-06
0.925402 0.000110212 0.000111973 0.000108451 1.37446e-05 2.03294e-05 7.15974e-06 0.000489893 1.76091e-06 6.58484e-06 1.41448e-06 1.07522e-06
0.928792 8.85556e-05 9.00397e-05 8.70714e-05 1.12859e-05 1.68558e-05 5.71598e-06 0.000429113 1.48418e-06 5.56992e-06 1.19196e-06 9.05355e-07
0.932183 7.03765e-05 7.16167e-05 6.91362e-05 9.18583e-06 1.38582e-05 4.51341e-06 0.000373394 1.24026e-06 4.67241e-06 9.95784e-07 7.55636e-07
0.935574 5.5259e-05 5.62856e-05 5.42323e-05 7.40467e-06 1.12883e-05 3.52104e-06 0.000322547 1.02665e-06 3.88363e-06 8.23965e-07 6.24565e-07
0.938965 4.2818e-05 4.36589e-05 4.19771e-05 5.90572e-06 9.10085e-06 2.71058e-06 0.000276383 8.40924e-07 3.19513e-06 6.74575e-07 5.10676e-07
0.942356 3.26983e-05 3.33791e-05 3.20176e-05 4.65512e-06 7.25388e-06 2.05635e-06 0.000234706 6.8073e-07 2.59876e-06 5.45743e-07 4.12542e-07
0.945747 2.45743e-05 2.51181e-05 2.40305e-05 3.62174e-06 5.70835e-06 1.53513e-06 0.000197318 5.43803e-07 2.08661e-06 4.35655e-07 3.28776e-07
0.949137 1.81494e-05 1.85774e-05 1.77214e-05 2.77708e-06 4.42813e-06 1.12604e-06 0.000164018 4.27954e-07 1.65105e-06 3.42557e-07 2.58034e-07
0.952528 1.31549e-05 1.3486e-05 1.28238e-05 2.09515e-06 3.37985e-06 8.10454e-07 0.0001346 3.31077e-07 1.2847e-06 2.64756e-07 1.99015e-07
0.955919 9.3497e-06 9.60085e-06 9.09855e-06 1.55236e-06 2.53284e-06 5.71873e-07 0.000108855 2.51146e-07 9.80483e-07 2.00622e-07 1.50464e-07
0.95931 6.51929e-06 6.70551e-06 6.33306e-06 1.12739e-06 1.85898e-06 3.95806e-07 8.657e-05 1.86223e-07 7.31587e-07 1.48591e-07 1.11174e-07
0.962701 4.47489e-06 4.60935e-06 4.34044e-06 8.01147e-07 1.33263e-06 2.69661e-07 6.75292e-05 1.34454e-07 5.31486e-07 1.07164e-07 7.99886e-08
0.966092 3.05269e-06 3.14676e-06 2.95861e-06 5.56598e-07 9.30542e-07 1.82653e-07 5.15122e-05 9.40762e-08 3.73945e-07 7.49136e-08 5.5803e-08
0.969482 2.11308e-06 2.1765e-06 2.04967e-06 3.78726e-07 6.31754e-07 1.25699e-07 3.82961e-05 6.34177e-08 2.53027e-07 5.04851e-08 3.75679e-08
0.972873 1.5403e-06 1.5812e-06 1.4994e-06 2.54459e-07 4.17566e-07 9.13528e-08 2.76563e-05 4.09015e-08 1.63107e-07 3.25983e-08 2.42924e-08
0.976264 1.24274e-06 1.26779e-06 1.21769e-06 1.72664e-07 2.7154e-07 7.37878e-08 1.93695e-05 2.50496e-08 9.8876e-08 2.00526e-08 1.50464e-08
0.979655 1.15571e-06 1.1702e-06 1.14123e-06 1.24287e-07 1.79651e-07 6.89229e-08 1.32218e-05 1.44865e-08 5.53642e-08 1.17303e-08 8.96467e-09
0.983046 1.25207e-06 1.26001e-06 1.24412e-06 1.02987e-07 1.30942e-07 7.50329e-08 9.03128e-06 7.94378e-09 2.79544e-08 6.59967e-09 5.24892e-09
0.986437 1.5897e-06 1.59396e-06 1.58545e-06 1.07993e-07 1.20401e-07 9.55846e-08 6.73261e-06 4.25968e-09 1.24082e-08 3.71446e-09 3.16569e-09
0.989827 2.75302e-06 2.75537e-06 2.75066e-06 1.70719e-07 1.75611e-07 1.65828e-07 6.86779e-06 2.35172e-09 4.89195e-09 2.18244e-09 2.01178e-09
0.993218 1.05876e-05 1.05879e-05 1.05873e-05 6.41017e-07 6.43767e-07 6.38267e-07 3.54624e-05 3.2379e-10 2.74996e-09 1.62673e-10 -1.05879e-22
4.01075e-314 inf inf inf inf inf inf 0.000363919 11.1926 0.555898 0.315864 0.111172
