9.72476e-05 17.1719 18.1287 16.215 9.07985 9.77283 8.38687 27.9562 0.956878 0.692983 0.439448 0.4293
0.0001 17.057 18.0088 16.1052 9.01798 9.70679 8.32917 27.6743 0.951796 0.688812 0.435766 0.425509
0.00010283 16.9435 17.8902 15.9967 8.95678 9.64145 8.27211 27.3947 0.946743 0.684669 0.432113 0.421746
0.000105741 16.8326 17.7743 15.8908 8.89704 9.57759 8.21648 27.1175 0.94172 0.680554 0.428488 0.41801
0.000108734 16.7178 17.6545 15.7811 8.83523 9.51169 8.15876 26.8426 0.936725 0.676466 0.424892 0.414302
0.000111811 16.6037 17.5355 15.672 8.77378 9.44619 8.10138 26.5701 0.931759 0.672406 0.421324 0.410621
0.000114976 16.4902 17.4171 15.5634 8.71268 9.38106 8.04431 26.2998 0.926822 0.668372 0.417784 0.406967
0.00011823 16.3774 17.2993 15.4555 8.65195 9.31631 7.98758 26.0319 0.921914 0.664366 0.414272 0.403339
0.000121576 16.2653 17.1823 15.3482 8.59156 9.25195 7.93117 25.7662 0.917033 0.660387 0.410788 0.399738
0.000125017 16.1537 17.0659 15.2415 8.53152 9.18796 7.87509 25.5028 0.912181 0.656435 0.407331 0.396164
0.000128556 16.0428 16.9502 15.1354 8.47183 9.12434 7.81932 25.2417 0.907356 0.652508 0.403902 0.392616
0.000132194 15.9325 16.8351 15.03 8.4125 9.06111 7.76389 24.9827 0.90256 0.648609 0.400501 0.389095
0.000135936 15.8229 16.7207 14.9251 8.35351 8.99824 7.70877 24.726 0.89779 0.644736 0.397126 0.385599
0.000139783 15.7138 16.6069 14.8208 8.29485 8.93574 7.65396 24.4715 0.893048 0.640888 0.393779 0.382129
0.000143739 15.6054 16.4938 14.7171 8.23655 8.87362 7.59948 24.2191 0.888333 0.637066 0.390458 0.378685
0.000147808 15.4976 16.3813 14.614 8.17858 8.81185 7.54531 23.969 0.883644 0.63327 0.387164 0.375266
0.000151991 15.3905 16.2695 14.5115 8.12095 8.75045 7.49145 23.7209 0.878983 0.6295 0.383897 0.371873
0.000156293 15.2839 16.1583 14.4096 8.06366 8.68942 7.43791 23.475 0.874348 0.625754 0.380656 0.368504
0.000160717 15.178 16.0477 14.3082 8.00671 8.62875 7.38468 23.2313 0.869739 0.622034 0.377441 0.365161
0.000165265 15.0726 15.9378 14.2074 7.95009 8.56843 7.33175 22.9896 0.865156 0.618339 0.374253 0.361843
0.000169943 14.9679 15.8285 14.1073 7.89381 8.50847 7.27914 22.75 0.860599 0.614669 0.371091 0.35855
0.000174753 14.8637 15.7198 14.0077 7.83785 8.44887 7.22683 22.5124 0.856067 0.611024 0.367954 0.355281
0.000179699 14.7602 15.6117 13.9086 7.78222 8.38962 7.17482 22.277 0.851561 0.607402 0.364843 0.352036
0.000184785 14.6572 15.5043 13.8102 7.72693 8.33073 7.12312 22.0435 0.847081 0.603806 0.361758 0.348816
0.000190015 14.5549 15.3975 13.7122 7.67195 8.27218 7.07172 21.8122 0.842625 0.600233 0.358697 0.34562
0.000195393 14.4531 15.2913 13.6149 7.6173 8.21399 7.02062 21.5828 0.838194 0.596684 0.355662 0.342447
0.000200923 14.3519 15.1857 13.5181 7.56298 8.15614 6.96982 21.3554 0.833788 0.59316 0.352653 0.339299
0.00020661 14.2513 15.0807 13.4219 7.50898 8.09864 6.91932 21.1299 0.829407 0.589659 0.349668 0.336174
0.000212458 14.1513 14.9763 13.3262 7.45529 8.04147 6.86911 20.9065 0.82505 0.586181 0.346708 0.333073
0.000218471 14.0519 14.8726 13.2311 7.40193 7.98466 6.81921 20.685 0.820716 0.582727 0.343773 0.329996
0.000224655 13.953 14.7694 13.1366 7.34889 7.92818 6.76959 20.4654 0.816407 0.579296 0.340862 0.326941
0.000231013 13.8547 14.6668 13.0426 7.29615 7.87204 6.72026 20.2478 0.812122 0.575888 0.337976 0.323909
0.000237551 13.757 14.5648 12.9491 7.24374 7.81624 6.67123 20.0321 0.80786 0.572503 0.335114 0.320901
0.000244275 13.6598 14.4634 12.8562 7.19163 7.76077 6.62249 19.8182 0.803621 0.569141 0.332276 0.317915
0.000251189 13.5632 14.3626 12.7638 7.13983 7.70563 6.57403 19.6063 0.799405 0.565801 0.329462 0.314952
0.000258298 13.4672 14.2624 12.672 7.08835 7.65083 6.52586 19.3962 0.795212 0.562484 0.326672 0.312011
0.000265609 13.3717 14.1627 12.5806 7.03717 7.59636 6.47798 19.188 0.791042 0.559189 0.323906 0.309093
0.000273126 13.2768 14.0637 12.4899 6.9863 7.54221 6.43038 18.9816 0.786895 0.555916 0.321163 0.306196
0.000280857 13.1824 13.9652 12.3996 6.93573 7.4884 6.38307 18.777 0.78277 0.552665 0.318444 0.303322
0.000288806 13.0886 13.8673 12.3099 6.88547 7.43491 6.33603 18.5742 0.778667 0.549436 0.315748 0.30047
0.00029698 12.9953 13.7699 12.2207 6.8355 7.38173 6.28928 18.3733 0.774585 0.546228 0.313075 0.29764
0.000305386 12.9026 13.6731 12.1321 6.78585 7.32889 6.2428 18.1741 0.770526 0.543042 0.310426 0.294831
0.000314029 12.8104 13.5769 12.0439 6.73648 7.27636 6.1966 17.9767 0.766488 0.539877 0.307799 0.292044
0.000322917 12.7188 13.4812 11.9563 6.68742 7.22415 6.15068 17.781 0.762472 0.536734 0.305195 0.289278
0.000332057 12.6277 13.3861 11.8692 6.63865 7.17226 6.10503 17.5871 0.758476 0.533612 0.302614 0.286534
0.000341455 12.5371 13.2916 11.7826 6.59017 7.12068 6.05966 17.395 0.754502 0.53051 0.300056 0.28381
0.000351119 12.447 13.1976 11.6965 6.54199 7.06942 6.01456 17.2045 0.750548 0.527429 0.297519 0.281108
0.000361057 12.3575 13.1042 11.6109 6.4941 7.01847 5.96973 17.0158 0.746615 0.524369 0.295005 0.278426
0.000371276 12.2686 13.0113 11.5259 6.4465 6.96783 5.92518 16.8287 0.742702 0.521329 0.292514 0.275765
0.000381784 12.1801 12.9189 11.4413 6.39919 6.9175 5.88088 16.6433 0.73881 0.51831 0.290044 0.273125
0.00039259 12.0922 12.8271 11.3572 6.35217 6.86748 5.83686 16.4596 0.734937 0.51531 0.287596 0.270505
0.000403702 12.0047 12.7358 11.2737 6.30543 6.81776 5.7931 16.2776 0.731084 0.512331 0.28517 0.267905
0.000415128 11.9178 12.6451 11.1906 6.25898 6.76835 5.7496 16.0972 0.727251 0.509371 0.282765 0.265326
0.000426877 11.8314 12.5549 11.108 6.21281 6.71924 5.70637 15.9184 0.723436 0.506431 0.280382 0.262766
0.000438959 11.7456 12.4652 11.0259 6.16692 6.67043 5.66341 15.7412 0.719642 0.503511 0.278021 0.260227
0.000451383 11.6602 12.3761 10.9443 6.12131 6.62192 5.6207 15.5657 0.715866 0.50061 0.275681 0.257707
0.000464159 11.5753 12.2874 10.8632 6.07598 6.57371 5.57825 15.3917 0.712108 0.497729 0.273362 0.255207
0.000477296 11.491 12.1994 10.7826 6.03093 6.5258 5.53607 15.2193 0.70837 0.494866 0.271064 0.252727
0.000490805 11.4071 12.1118 10.7025 5.98615 6.47818 5.49413 15.0485 0.704649 0.492022 0.268787 0.250266
0.000504697 11.3238 12.0247 10.6228 5.94166 6.43085 5.45246 14.8793 0.700947 0.489198 0.26653 0.247824
0.000518981 11.2409 11.9382 10.5436 5.89743 6.38382 5.41104 14.7116 0.697262 0.486392 0.264295 0.245402
0.00053367 11.1585 11.8521 10.4649 5.85347 6.33708 5.36987 14.5454 0.693596 0.483604 0.26208 0.242998
0.000548775 11.0766 11.7666 10.3867 5.80979 6.29062 5.32895 14.3807 0.689947 0.480835 0.259885 0.240614
0.000564307 10.9953 11.6816 10.3089 5.76638 6.24446 5.28829 14.2176 0.686315 0.478084 0.257711 0.238248
0.000580278 10.9144 11.5971 10.2317 5.72323 6.19858 5.24788 14.0559 0.6827 0.475351 0.255556 0.235901
0.000596702 10.8339 11.513 10.1548 5.68035 6.15299 5.20771 13.8958 0.679102 0.472636 0.253422 0.233572
0.000613591 10.754 11.4295 10.0785 5.63774 6.10767 5.1678 13.7371 0.675521 0.469939 0.251308 0.231262
0.000630957 10.6745 11.3465 10.0026 5.59538 6.06264 5.12812 13.5799 0.671956 0.467259 0.249214 0.228971
0.000648815 10.5956 11.264 9.92716 5.5533 6.0179 5.0887 13.4241 0.668407 0.464597 0.247139 0.226697
0.000667179 10.5171 11.1819 9.85219 5.51147 5.97343 5.04952 13.2698 0.664875 0.461952 0.245084 0.224442
0.000686062 10.439 11.1004 9.77767 5.46991 5.92923 5.01058 13.1169 0.661358 0.459325 0.243048 0.222204
0.00070548 10.3615 11.0193 9.7036 5.4286 5.88532 4.97189 12.9655 0.657857 0.456715 0.241032 0.219984
0.000725448 10.2844 10.9387 9.62999 5.38755 5.84168 4.93343 12.8154 0.654371 0.454121 0.239035 0.217783
0.00074598 10.2077 10.8586 9.55683 5.34676 5.7983 4.89521 12.6668 0.6509 0.451544 0.237057 0.215598
0.000767094 10.1316 10.779 9.48412 5.30622 5.75521 4.85724 12.5195 0.647445 0.448985 0.235098 0.213432
0.000788805 10.0559 10.6999 9.41185 5.26594 5.71238 4.8195 12.3736 0.644004 0.446441 0.233157 0.211282
0.000811131 9.9806 10.6212 9.34002 5.22591 5.66982 4.78199 12.2291 0.640577 0.443914 0.231236 0.20915
0.000834088 9.90581 10.543 9.26864 5.18613 5.62753 4.74473 12.0859 0.637165 0.441403 0.229333 0.207035
0.000857696 9.83146 10.4652 9.19769 5.1466 5.58551 4.70769 11.9441 0.633767 0.438908 0.227449 0.204937
0.000881971 9.75757 10.388 9.12719 5.10732 5.54375 4.67089 11.8036 0.630383 0.436429 0.225583 0.202856
0.000906934 9.68413 10.3111 9.05711 5.06828 5.50225 4.63432 11.6644 0.627012 0.433966 0.223735 0.200792
0.000932603 9.61113 10.2348 8.98748 5.0295 5.46102 4.59798 11.5265 0.623655 0.431518 0.221906 0.198745
0.000958999 9.53857 10.1589 8.91826 4.99095 5.42004 4.56187 11.39 0.620311 0.429086 0.220094 0.196714
0.000986142 9.46647 10.0834 8.84949 4.95265 5.37932 4.52599 11.2547 0.61698 0.426669 0.2183 0.1947
0.00101405 9.3948 10.0085 8.78114 4.9146 5.33887 4.49033 11.1208 0.613661 0.424268 0.216525 0.192702
0.00104275 9.32356 9.93392 8.71321 4.87678 5.29866 4.4549 10.9881 0.610355 0.421881 0.214766 0.19072
0.00107227 9.25276 9.85983 8.6457 4.83921 5.25872 4.4197 10.8566 0.607061 0.41951 0.213026 0.188755
0.00110262 9.1824 9.78618 8.57862 4.80187 5.21903 4.38472 10.7265 0.603779 0.417153 0.211302 0.186805
0.00113382 9.11246 9.71297 8.51195 4.76477 5.17958 4.34996 10.5975 0.600509 0.414811 0.209596 0.184872
0.00116591 9.04295 9.6402 8.4457 4.72791 5.14039 4.31543 10.4698 0.597251 0.412483 0.207908 0.182954
0.00119891 8.97387 9.56788 8.37987 4.69128 5.10145 4.28111 10.3434 0.594004 0.41017 0.206236 0.181052
0.00123285 8.90521 9.49598 8.31445 4.65489 5.06276 4.24702 10.2181 0.590767 0.407871 0.204581 0.179166
0.00126774 8.83698 9.42452 8.24944 4.61873 5.02432 4.21315 10.094 0.587542 0.405586 0.202943 0.177295
0.00130362 8.76917 9.35349 8.18484 4.5828 4.98612 4.17949 9.97119 0.584327 0.403314 0.201321 0.17544
0.00134052 8.70177 9.28289 8.12064 4.5471 4.94816 4.14605 9.84953 0.581123 0.401057 0.199716 0.1736
0.00137846 8.63479 9.21271 8.05686 4.51163 4.91045 4.11282 9.72903 0.577928 0.398813 0.198128 0.171776
0.00141747 8.56822 9.14296 7.99347 4.47639 4.87297 4.07981 9.60971 0.574744 0.396582 0.196556 0.169966
0.00145759 8.50206 9.07362 7.93049 4.44138 4.83574 4.04701 9.49155 0.571569 0.394365 0.195 0.168172
0.00149885 8.4363 9.00471 7.8679 4.40659 4.79875 4.01443 9.37454 0.568403 0.392161 0.19346 0.166392
0.00154127 8.37096 8.93621 7.80571 4.37203 4.762 3.98205 9.25867 0.565246 0.38997 0.191936 0.164627
0.00158489 8.30602 8.86812 7.74392 4.33768 4.72548 3.94989 9.14393 0.562098 0.387792 0.190427 0.162877
0.00162975 8.24148 8.80044 7.68253 4.30357 4.68919 3.91794 9.03032 0.558959 0.385627 0.188935 0.161142
0.00167588 8.17735 8.73318 7.62152 4.26967 4.65314 3.8862 8.91781 0.555828 0.383474 0.187458 0.159421
0.00172331 8.11361 8.66631 7.5609 4.23599 4.61732 3.85466 8.80642 0.552705 0.381333 0.185996 0.157714
0.00177209 8.05027 8.59986 7.50068 4.20253 4.58174 3.82333 8.69612 0.54959 0.379205 0.184549 0.156022
0.00182224 7.98731 8.5338 7.44083 4.16929 4.54638 3.7922 8.58691 0.546482 0.377089 0.183118 0.154344
0.00187382 7.92476 8.46814 7.38137 4.13626 4.51125 3.76128 8.47878 0.543382 0.374985 0.181701 0.15268
0.00192685 7.86259 8.40287 7.3223 4.10345 4.47634 3.73056 8.37173 0.540289 0.372892 0.1803 0.151031
0.00198139 7.80081 8.33801 7.2636 4.07086 4.44167 3.70004 8.26573 0.537202 0.370812 0.178913 0.149395
0.00203747 7.73941 8.27353 7.20529 4.03847 4.40721 3.66973 8.16079 0.534122 0.368742 0.17754 0.147773
0.00209514 7.6784 8.20945 7.14735 4.0063 4.37299 3.63962 8.05689 0.531048 0.366685 0.176182 0.146165
0.00215443 7.61777 8.14575 7.08979 3.97434 4.33898 3.6097 7.95404 0.52798 0.364638 0.174838 0.14457
0.00221541 7.55751 8.08243 7.0326 3.94259 4.30519 3.57999 7.85221 0.524917 0.362602 0.173509 0.142989
0.00227812 7.49764 8.0195 6.97578 3.91105 4.27162 3.55047 7.7514 0.52186 0.360577 0.172193 0.141421
0.00234259 7.43814 7.95695 6.91933 3.87971 4.23827 3.52115 7.6516 0.518808 0.358563 0.170891 0.139867
0.0024089 7.37901 7.89477 6.86325 3.84858 4.20514 3.49202 7.55281 0.515761 0.35656 0.169603 0.138326
0.00247708 7.32026 7.83298 6.80754 3.81765 4.17222 3.46309 7.45502 0.512718 0.354566 0.168329 0.136798
0.00254719 7.26187 7.77155 6.75219 3.78693 4.13952 3.43435 7.35821 0.50968 0.352583 0.167068 0.135283
0.00261928 7.20385 7.7105 6.69721 3.75641 4.10702 3.4058 7.26239 0.506645 0.35061 0.16582 0.133782
0.00269341 7.1462 7.64981 6.64258 3.7261 4.07474 3.37745 7.16754 0.503614 0.348647 0.164585 0.132293
0.00276965 7.0889 7.58949 6.58832 3.69598 4.04267 3.34928 7.07366 0.500587 0.346694 0.163363 0.130817
0.00284804 7.03197 7.52953 6.53441 3.66606 4.01081 3.32131 6.98073 0.497563 0.34475 0.162153 0.129354
0.00292864 6.9754 7.46994 6.48086 3.63634 3.97916 3.29353 6.88875 0.494541 0.342816 0.160957 0.127903
0.00301153 6.91918 7.4107 6.42766 3.60682 3.94771 3.26593 6.79772 0.491522 0.340891 0.159773 0.126465
0.00309677 6.86332 7.35183 6.37482 3.57749 3.91647 3.23852 6.70762 0.488505 0.338975 0.158601 0.125039
0.00318442 6.80782 7.29331 6.32232 3.54836 3.88543 3.2113 6.61844 0.48549 0.337068 0.157441 0.123626
0.00327455 6.75266 7.23513 6.27018 3.51943 3.8546 3.18426 6.53019 0.482477 0.33517 0.156293 0.122225
0.00336723 6.69785 7.17731 6.21838 3.49068 3.82396 3.1574 6.44285 0.479466 0.33328 0.155157 0.120836
0.00346253 6.64339 7.11984 6.16693 3.46213 3.79353 3.13073 6.35641 0.476455 0.331399 0.154032 0.119459
0.00356053 6.58927 7.06271 6.11582 3.43376 3.76329 3.10424 6.27087 0.473445 0.329526 0.152919 0.118094
0.00366131 6.53549 7.00593 6.06506 3.40559 3.73325 3.07793 6.18623 0.470435 0.327661 0.151817 0.116741
0.00376494 6.48206 6.94949 6.01464 3.3776 3.70341 3.0518 6.10246 0.467426 0.325804 0.150726 0.1154
0.0038715 6.42897 6.89338 5.96455 3.3498 3.67376 3.02585 6.01957 0.464417 0.323954 0.149646 0.11407
0.00398107 6.37621 6.83762 5.9148 3.32219 3.6443 3.00008 5.93755 0.461407 0.322112 0.148577 0.112753
0.00409375 6.32379 6.78218 5.86539 3.29476 3.61504 2.97449 5.85639 0.458396 0.320277 0.147518 0.111447
0.00420962 6.2717 6.72708 5.81632 3.26752 3.58597 2.94907 5.77609 0.455384 0.31845 0.14647 0.110152
0.00432876 6.21994 6.67231 5.76757 3.24046 3.55709 2.92383 5.69664 0.452371 0.31663 0.145431 0.108868
0.00445128 6.16851 6.61787 5.71916 3.21357 3.52839 2.89876 5.61802 0.449357 0.314816 0.144403 0.107596
0.00457727 6.11741 6.56375 5.67107 3.18687 3.49988 2.87387 5.54024 0.44634 0.313009 0.143384 0.106335
0.00470682 6.06664 6.50996 5.62331 3.16035 3.47156 2.84914 5.46329 0.443322 0.311208 0.142374 0.105086
0.00484003 6.01618 6.45648 5.57588 3.13401 3.44342 2.82459 5.38716 0.440301 0.309414 0.141375 0.103847
0.00497702 5.96605 6.40333 5.52877 3.10784 3.41547 2.80021 5.31184 0.437277 0.307626 0.140384 0.102619
0.00511789 5.91624 6.35049 5.48199 3.08185 3.38769 2.776 5.23733 0.434249 0.305843 0.139402 0.101402
0.00526274 5.86675 6.29796 5.43553 3.05603 3.3601 2.75196 5.16362 0.431219 0.304067 0.138428 0.100196
0.0054117 5.81757 6.24575 5.38938 3.03039 3.33268 2.72809 5.09071 0.428185 0.302295 0.137463 0.099001
0.00556486 5.7687 6.19385 5.34356 3.00491 3.30544 2.70438 5.01858 0.425146 0.300529 0.136507 0.0978162
0.00572237 5.72015 6.14225 5.29804 2.97961 3.27838 2.68084 4.94724 0.422104 0.298769 0.135558 0.0966419
0.00588433 5.67191 6.09096 5.25285 2.95448 3.25149 2.65747 4.87667 0.419057 0.297013 0.134617 0.0954781
0.00605088 5.62397 6.03998 5.20797 2.92952 3.22478 2.63426 4.80686 0.416005 0.295261 0.133684 0.0943247
0.00622213 5.57634 5.98929 5.16339 2.90472 3.19824 2.61121 4.73782 0.412948 0.293515 0.132758 0.0931815
0.00639824 5.52902 5.9389 5.11913 2.88009 3.17186 2.58832 4.66954 0.409886 0.291772 0.131839 0.0920486
0.00657933 5.482 5.88881 5.07518 2.85563 3.14566 2.56559 4.602 0.406818 0.290034 0.130928 0.0909257
0.00676555 5.43528 5.83902 5.03153 2.83133 3.11963 2.54303 4.53521 0.403744 0.2883 0.130022 0.0898129
0.00695704 5.38885 5.78952 4.98819 2.80719 3.09376 2.52062 4.46915 0.400663 0.286569 0.129123 0.08871
0.00715394 5.34273 5.7403 4.94515 2.78321 3.06805 2.49837 4.40383 0.397576 0.284842 0.128231 0.0876171
0.00735642 5.2969 5.69138 4.90241 2.7594 3.04251 2.47628 4.33923 0.394483 0.283118 0.127344 0.0865338
0.00756463 5.25136 5.64274 4.85998 2.73574 3.01714 2.45434 4.27535 0.391382 0.281397 0.126463 0.0854603
0.00777874 5.20611 5.59438 4.81784 2.71224 2.99192 2.43256 4.21218 0.388274 0.279679 0.125587 0.0843965
0.0079989 5.16115 5.54631 4.77599 2.6889 2.96686 2.41093 4.14972 0.385159 0.277963 0.124716 0.0833421
0.0082253 5.11648 5.49852 4.73445 2.66571 2.94196 2.38946 4.08796 0.382035 0.276251 0.12385 0.0822972
0.0084581 5.0721 5.451 4.69319 2.64267 2.91721 2.36813 4.0269 0.378904 0.27454 0.122989 0.0812618
0.00869749 5.02799 5.40376 4.65223 2.61979 2.89262 2.34696 3.96652 0.375765 0.272831 0.122132 0.0802356
0.00894366 4.98418 5.35679 4.61156 2.59706 2.86819 2.32594 3.90683 0.372617 0.271124 0.121279 0.0792186
0.00919679 4.94063 5.31009 4.57117 2.57448 2.8439 2.30506 3.84782 0.36946 0.269419 0.12043 0.0782108
0.00945709 4.89737 5.26367 4.53108 2.55205 2.81976 2.28433 3.78948 0.366294 0.267715 0.119585 0.0772121
0.00972476 4.85439 5.21751 4.49127 2.52976 2.79578 2.26375 3.7318 0.36312 0.266012 0.118743 0.0762223
0.01 4.81167 5.17161 4.45174 2.50763 2.77194 2.24332 3.67479 0.359936 0.26431 0.117903 0.0752415
0.010283 4.76923 5.12598 4.41249 2.48563 2.74824 2.22302 3.61843 0.356742 0.262609 0.117067 0.0742694
0.0105741 4.72707 5.0806 4.37353 2.46378 2.72469 2.20287 3.56272 0.353539 0.260908 0.116233 0.0733062
0.0108734 4.68517 5.03549 4.33484 2.44207 2.70128 2.18286 3.50765 0.350326 0.259207 0.115401 0.0723516
0.0111811 4.64353 4.99064 4.29643 2.4205 2.67801 2.163 3.45322 0.347103 0.257507 0.114571 0.0714056
0.0114976 4.60217 4.94604 4.2583 2.39907 2.65488 2.14327 3.39943 0.34387 0.255806 0.113743 0.0704681
0.011823 4.56106 4.90169 4.22043 2.37778 2.63189 2.12368 3.34626 0.340627 0.254105 0.112915 0.0695391
0.0121576 4.52022 4.85759 4.18284 2.35663 2.60903 2.10422 3.29371 0.337373 0.252403 0.112089 0.0686184
0.0125017 4.47963 4.81374 4.14552 2.33561 2.58631 2.08491 3.24178 0.334109 0.2507 0.111264 0.067706
0.0128556 4.4393 4.77014 4.10847 2.31472 2.56372 2.06572 3.19046 0.330834 0.248996 0.110439 0.0668019
0.0132194 4.39923 4.72678 4.07168 2.29396 2.54125 2.04667 3.13975 0.327549 0.24729 0.109614 0.0659058
0.0135936 4.35941 4.68367 4.03516 2.27334 2.51892 2.02775 3.08964 0.324252 0.245583 0.108789 0.0650179
0.0139783 4.31985 4.64079 3.9989 2.25284 2.49671 2.00897 3.04012 0.320945 0.243874 0.107964 0.0641379
0.0143739 4.28053 4.59816 3.96291 2.23247 2.47463 1.99031 2.99119 0.317628 0.242163 0.107138 0.0632658
0.0147808 4.24147 4.55576 3.92717 2.21223 2.45268 1.97178 2.94285 0.314299 0.24045 0.106311 0.0624016
0.0151991 4.20264 4.5136 3.89169 2.19211 2.43084 1.95337 2.89509 0.310959 0.238734 0.105482 0.0615452
0.0156293 4.16407 4.47168 3.85646 2.17211 2.40912 1.93509 2.8479 0.307609 0.237015 0.104653 0.0606964
0.0160717 4.12573 4.42998 3.82148 2.15223 2.38752 1.91694 2.80128 0.304248 0.235293 0.103821 0.0598553
0.0165265 4.08764 4.38851 3.78676 2.13247 2.36604 1.8989 2.75522 0.300876 0.233568 0.102987 0.0590217
0.0169943 4.04978 4.34728 3.75229 2.11283 2.34467 1.88099 2.70973 0.297493 0.231839 0.102151 0.0581956
0.0174753 4.01216 4.30626 3.71806 2.0933 2.32341 1.8632 2.66479 0.2941 0.230107 0.101312 0.0573768
0.0179699 3.97478 4.26548 3.68408 2.07389 2.30226 1.84552 2.62039 0.290696 0.228371 0.10047 0.0565655
0.0184785 3.93763 4.22491 3.65035 2.05459 2.28122 1.82796 2.57654 0.287282 0.22663 0.099625 0.0557614
0.0190015 3.90071 4.18457 3.61685 2.0354 2.26029 1.81052 2.53323 0.283858 0.224885 0.0987766 0.0549644
0.0195393 3.86402 4.14444 3.5836 2.01632 2.23946 1.79318 2.49045 0.280424 0.223135 0.0979244 0.0541746
0.0200923 3.82756 4.10454 3.55058 1.99735 2.21873 1.77596 2.4482 0.27698 0.221381 0.0970682 0.0533919
0.020661 3.79132 4.06485 3.51779 1.97848 2.1981 1.75885 2.40648 0.273526 0.219621 0.0962079 0.0526161
0.0212458 3.7553 4.02537 3.48524 1.95971 2.17756 1.74185 2.36528 0.270063 0.217856 0.0953431 0.0518473
0.0218471 3.71951 3.9861 3.45292 1.94104 2.15712 1.72496 2.32458 0.266591 0.216085 0.0944736 0.0510852
0.0224655 3.68394 3.94705 3.42083 1.92247 2.13678 1.70816 2.2844 0.26311 0.214308 0.0935992 0.05033
0.0231013 3.64858 3.9082 3.38896 1.904 2.11652 1.69147 2.24473 0.25962 0.212525 0.0927197 0.0495815
0.0237551 3.61344 3.86956 3.35732 1.88562 2.09636 1.67489 2.20555 0.256122 0.210736 0.0918349 0.0488397
0.0244275 3.57851 3.83113 3.3259 1.86734 2.07628 1.6584 2.16686 0.252617 0.208941 0.0909446 0.0481044
0.0251189 3.5438 3.7929 3.29469 1.84914 2.05628 1.642 2.12867 0.249104 0.207138 0.0900486 0.0473756
0.0258298 3.50929 3.75487 3.2637 1.83104 2.03637 1.62571 2.09096 0.245585 0.205329 0.0891467 0.0466533
0.0265609 3.47499 3.71705 3.23293 1.81302 2.01653 1.6095 2.05374 0.242058 0.203513 0.0882387 0.0459374
0.0273126 3.44089 3.67942 3.20237 1.79508 1.99677 1.59339 2.01698 0.238526 0.201689 0.0873246 0.0452278
0.0280857 3.407 3.64199 3.17201 1.77722 1.97708 1.57737 1.9807 0.234989 0.199858 0.0864041 0.0445245
0.0288806 3.37331 3.60476 3.14186 1.75945 1.95747 1.56143 1.94489 0.231446 0.198019 0.0854771 0.0438274
0.029698 3.33982 3.56772 3.11192 1.74175 1.93792 1.54558 1.90954 0.2279 0.196172 0.0845435 0.0431364
0.0305386 3.30652 3.53087 3.08217 1.72412 1.91844 1.52981 1.87464 0.224349 0.194317 0.0836032 0.0424515
0.0314029 3.27342 3.49421 3.05262 1.70657 1.89903 1.51412 1.8402 0.220796 0.192453 0.0826561 0.0417727
0.0322917 3.2405 3.45774 3.02326 1.68909 1.87967 1.49851 1.8062 0.217239 0.190581 0.0817022 0.0410998
0.0332057 3.20778 3.42146 2.9941 1.67167 1.86037 1.48297 1.77265 0.213682 0.188701 0.0807414 0.0404328
0.0341455 3.17525 3.38537 2.96512 1.65432 1.84113 1.46751 1.73953 0.210123 0.186811 0.0797736 0.0397717
0.0351119 3.1429 3.34946 2.93633 1.63703 1.82195 1.45212 1.70685 0.206564 0.184913 0.0787988 0.0391164
0.0361057 3.11073 3.31373 2.90772 1.6198 1.80281 1.4368 1.6746 0.203006 0.183006 0.077817 0.0384668
0.0371276 3.07874 3.27819 2.87929 1.60263 1.78372 1.42154 1.64277 0.199449 0.181089 0.0768282 0.037823
0.0381784 3.04693 3.24282 2.85103 1.58551 1.76467 1.40634 1.61136 0.195894 0.179163 0.0758324 0.0371848
0.039259 3.01529 3.20763 2.82295 1.56844 1.74567 1.39121 1.58037 0.192342 0.177227 0.0748298 0.0365521
0.0403702 2.98383 3.17262 2.79503 1.55142 1.7267 1.37614 1.54978 0.188794 0.175282 0.0738203 0.0359251
0.0415128 2.95253 3.13778 2.76728 1.53444 1.70777 1.36112 1.51961 0.185251 0.173327 0.072804 0.0353035
0.0426877 2.9214 3.10311 2.73969 1.51751 1.68887 1.34615 1.48984 0.181714 0.171362 0.0717811 0.0346873
0.0438959 2.89043 3.06862 2.71225 1.50062 1.67 1.33123 1.46046 0.178184 0.169387 0.0707517 0.0340766
0.0451383 2.85962 3.03429 2.68496 1.48376 1.65116 1.31636 1.43148 0.174662 0.167402 0.0697159 0.0334712
0.0464159 2.82898 3.00012 2.65783 1.46694 1.63235 1.30153 1.40288 0.171149 0.165407 0.0686738 0.0328711
0.0477296 2.79848 2.96612 2.63083 1.45015 1.61355 1.28674 1.37467 0.167645 0.163402 0.0676258 0.0322763
0.0490805 2.76814 2.93229 2.60398 1.43338 1.59477 1.272 1.34684 0.164153 0.161387 0.0665719 0.0316868
0.0504697 2.73794 2.89861 2.57727 1.41664 1.576 1.25728 1.31939 0.160673 0.159362 0.0655124 0.0311024
0.0518981 2.70789 2.86509 2.55068 1.39992 1.55725 1.2426 1.2923 0.157206 0.157326 0.0644476 0.0305232
0.053367 2.67798 2.83173 2.52422 1.38322 1.5385 1.22794 1.26558 0.153754 0.155281 0.0633778 0.0299491
0.0548775 2.6482 2.79852 2.49789 1.36654 1.51976 1.21331 1.23923 0.150317 0.153225 0.0623032 0.02938
0.0564307 2.61856 2.76546 2.47166 1.34986 1.50102 1.19871 1.21323 0.146898 0.151159 0.0612241 0.0288161
0.0580278 2.58905 2.73255 2.44556 1.3332 1.48228 1.18412 1.18759 0.143496 0.149084 0.0601409 0.0282571
0.0596702 2.55967 2.69978 2.41955 1.31654 1.46354 1.16954 1.1623 0.140113 0.146998 0.059054 0.0277031
0.0613591 2.5304 2.66716 2.39365 1.29988 1.44478 1.15498 1.13735 0.136751 0.144903 0.0579637 0.0271541
0.0630957 2.50126 2.63467 2.36785 1.28322 1.42602 1.14042 1.11274 0.133411 0.142798 0.0568705 0.02661
0.0648815 2.47223 2.60232 2.34213 1.26656 1.40724 1.12587 1.08847 0.130094 0.140683 0.0557746 0.0260709
0.0667179 2.44331 2.57011 2.3165 1.24988 1.38844 1.11132 1.06454 0.1268 0.138559 0.0546767 0.0255366
0.0686062 2.41449 2.53802 2.29095 1.2332 1.36963 1.09677 1.04093 0.123532 0.136426 0.0535771 0.0250072
0.070548 2.38577 2.50606 2.26548 1.2165 1.35078 1.08222 1.01765 0.120291 0.134284 0.0524763 0.0244826
0.0725448 2.35714 2.47422 2.24007 1.19978 1.33192 1.06765 0.994683 0.117078 0.132133 0.0513748 0.0239629
0.074598 2.32861 2.4425 2.21471 1.18305 1.31302 1.05307 0.972039 0.113894 0.129973 0.0502731 0.0234479
0.0767094 2.30016 2.4109 2.18942 1.16628 1.29409 1.03848 0.949708 0.110741 0.127806 0.0491718 0.0229378
0.0788805 2.27179 2.3794 2.16417 1.14949 1.27512 1.02386 0.927686 0.107619 0.12563 0.0480713 0.0224325
0.0811131 2.24349 2.34802 2.13896 1.13267 1.25612 1.00922 0.90597 0.10453 0.123447 0.0469723 0.021932
0.0834088 2.21526 2.31673 2.11378 1.11581 1.23707 0.994555 0.884555 0.101475 0.121257 0.0458752 0.0214362
0.0857696 2.18709 2.28554 2.08863 1.09892 1.21798 0.979858 0.863439 0.0984555 0.119059 0.0447807 0.0209452
0.0881971 2.15897 2.25445 2.0635 1.08198 1.19884 0.965127 0.842618 0.0954725 0.116856 0.0436893 0.020459
0.0906934 2.13091 2.22344 2.03838 1.065 1.17965 0.950358 0.822087 0.092527 0.114646 0.0426017 0.0199776
0.0932603 2.10289 2.19251 2.01327 1.04798 1.16041 0.935548 0.801844 0.0896203 0.112432 0.0415184 0.019501
0.0958999 2.0749 2.16165 1.98815 1.03091 1.14112 0.920694 0.781885 0.0867536 0.110212 0.04044 0.0190292
0.0986142 2.04694 2.13087 1.96302 1.01378 1.12177 0.905793 0.762207 0.0839278 0.107987 0.0393671 0.0185621
0.101405 2.01901 2.10015 1.93786 0.9966 1.10236 0.89084 0.742807 0.081144 0.105759 0.0383005 0.0180999
0.104275 1.99109 2.06949 1.91268 0.979363 1.08289 0.875834 0.723681 0.0784032 0.103528 0.0372406 0.0176425
0.107227 1.96317 2.03888 1.88747 0.962066 1.06336 0.860772 0.704826 0.0757063 0.101294 0.0361881 0.01719
0.110262 1.93526 2.00831 1.8622 0.944709 1.04377 0.84565 0.68624 0.0730545 0.0990587 0.0351436 0.0167423
0.113382 1.90734 1.97778 1.83689 0.927289 1.02411 0.830467 0.66792 0.0704484 0.0968219 0.0341077 0.0162996
0.116591 1.8794 1.94728 1.81151 0.909803 1.00439 0.815219 0.649862 0.0678891 0.0945847 0.033081 0.0158617
0.119891 1.85143 1.91681 1.78605 0.892252 0.9846 0.799904 0.632063 0.0653772 0.0923478 0.0320642 0.0154288
0.123285 1.82343 1.88635 1.76052 0.874634 0.964746 0.784521 0.614523 0.0629136 0.0901122 0.0310577 0.0150009
0.126774 1.79539 1.85589 1.73489 0.856947 0.944825 0.769068 0.597237 0.060499 0.0878786 0.0300623 0.0145781
0.130362 1.7673 1.82543 1.70917 0.839191 0.92484 0.753543 0.580204 0.058134 0.085648 0.0290785 0.0141603
0.134052 1.73915 1.79497 1.68333 0.821367 0.904789 0.737946 0.563422 0.0558193 0.0834214 0.0281068 0.0137476
0.137846 1.71093 1.76448 1.65737 0.803474 0.884674 0.722275 0.546888 0.0535554 0.0811995 0.0271478 0.01334
0.141747 1.68263 1.73397 1.63129 0.785513 0.864496 0.706529 0.5306 0.0513428 0.0789836 0.026202 0.0129377
0.145759 1.65425 1.70343 1.60506 0.767484 0.844259 0.69071 0.514556 0.0491819 0.0767745 0.02527 0.0125406
0.149885 1.62576 1.67283 1.57869 0.74939 0.823964 0.674817 0.498756 0.0470732 0.0745735 0.0243522 0.0121488
0.154127 1.59717 1.64219 1.55216 0.731232 0.803614 0.658851 0.483196 0.045017 0.0723815 0.0234492 0.0117624
0.158489 1.56847 1.61148 1.52545 0.713013 0.783213 0.642813 0.467877 0.0430135 0.0701998 0.0225614 0.0113815
0.162975 1.53964 1.5807 1.49857 0.694736 0.762765 0.626706 0.452796 0.041063 0.0680295 0.0216892 0.011006
0.167588 1.51067 1.54984 1.47151 0.676404 0.742276 0.610532 0.437952 0.0391655 0.0658718 0.0208331 0.0106361
0.172331 1.48156 1.51889 1.44424 0.658022 0.72175 0.594294 0.423346 0.0373213 0.063728 0.0199935 0.0102718
0.177209 1.4523 1.48783 1.41677 0.639595 0.701194 0.577996 0.408974 0.0355303 0.0615994 0.0191708 0.00991322
0.182224 1.42288 1.45667 1.38908 0.621129 0.680616 0.561642 0.394839 0.0337925 0.0594872 0.0183653 0.00956043
0.187382 1.39328 1.42539 1.36117 0.60263 0.660023 0.545237 0.380937 0.0321079 0.0573927 0.0175773 0.0092135
0.192685 1.36351 1.39398 1.33303 0.584106 0.639424 0.528789 0.36727 0.0304761 0.0553173 0.0168072 0.0088725
0.198139 1.33354 1.36244 1.30465 0.565566 0.618828 0.512303 0.353838 0.0288972 0.0532625 0.0160552 0.00853752
0.203747 1.30338 1.33075 1.27601 0.547018 0.598247 0.495789 0.34064 0.0273707 0.0512295 0.0153216 0.00820863
0.209514 1.27302 1.29892 1.24713 0.528473 0.577693 0.479254 0.327676 0.0258964 0.0492197 0.0146066 0.00788593
0.215443 1.24245 1.26693 1.21798 0.509943 0.557178 0.462709 0.314947 0.0244739 0.0472347 0.0139104 0.00756949
0.221541 1.21167 1.23477 1.18857 0.49144 0.536716 0.446165 0.302454 0.0231028 0.0452758 0.0132332 0.00725939
0.227812 1.18066 1.20245 1.15888 0.472978 0.516323 0.429634 0.290197 0.0217825 0.0433445 0.0125752 0.00695571
0.234259 1.14944 1.16995 1.12892 0.454573 0.496015 0.413131 0.278177 0.0205126 0.0414422 0.0119364 0.00665854
0.24089 1.11798 1.13727 1.09869 0.43624 0.47581 0.396669 0.266395 0.0192923 0.0395703 0.0113169 0.00636794
0.247708 1.0863 1.10442 1.06818 0.417997 0.455728 0.380267 0.254853 0.0181212 0.0377304 0.0107168 0.00608398
0.254719 1.05438 1.07138 1.03738 0.399865 0.435789 0.363941 0.243552 0.0169985 0.0359238 0.0101361 0.00580671
0.261928 1.02224 1.03816 1.00632 0.381865 0.416017 0.347713 0.232493 0.0159234 0.0341519 0.00957477 0.0055362
0.269341 0.989871 1.00477 0.974976 0.36402 0.396436 0.331604 0.221679 0.0148951 0.0324162 0.00903277 0.00527245
0.276965 0.957278 0.971191 0.943365 0.346357 0.377075 0.315639 0.211111 0.0139128 0.0307179 0.00850999 0.00501548
0.284804 0.924461 0.937436 0.911485 0.328906 0.357964 0.299848 0.200792 0.0129756 0.0290584 0.00800627 0.00476524
0.292864 0.891419 0.903502 0.879337 0.311706 0.339145 0.284267 0.190725 0.0120824 0.027439 0.00752134 0.00452161
0.301153 0.858128 0.86936 0.846896 0.294812 0.320673 0.268951 0.180915 0.0112321 0.0258607 0.00705478 0.00428431
0.309677 0.824444 0.834867 0.814021 0.278364 0.302689 0.25404 0.171369 0.0104231 0.0243246 0.00660565 0.00405246
0.318442 0.798185 0.808311 0.78806 0.2678 0.291552 0.244047 0.167833 0.0101253 0.0237521 0.00643762 0.00396345
0.321833 0.785925 0.795762 0.776089 0.261674 0.284866 0.238483 0.164369 0.00983621 0.0231918 0.00627391 0.00387632
0.325224 0.773778 0.783334 0.764223 0.255654 0.278298 0.233011 0.160977 0.00955573 0.0226435 0.0061144 0.00379102
0.328614 0.761741 0.771025 0.752458 0.249738 0.271845 0.227631 0.157653 0.00928351 0.022107 0.00595897 0.00370751
0.332005 0.749814 0.758833 0.740795 0.243924 0.265506 0.222342 0.154397 0.00901927 0.0215818 0.0058075 0.00362575
0.335396 0.737996 0.746759 0.729233 0.238212 0.25928 0.217144 0.151206 0.00876277 0.021068 0.00565988 0.00354569
0.338787 0.726286 0.7348 0.717772 0.232599 0.253164 0.212034 0.148079 0.00851374 0.0205651 0.00551599 0.0034673
0.342178 0.714683 0.722955 0.706411 0.227086 0.247159 0.207013 0.145016 0.00827194 0.0200729 0.00537574 0.00339053
0.345569 0.703186 0.711224 0.695149 0.22167 0.241261 0.202078 0.142013 0.00803714 0.0195913 0.00523901 0.00331535
0.348959 0.691795 0.699605 0.683986 0.21635 0.23547 0.19723 0.13907 0.00780911 0.01912 0.00510571 0.00324172
0.35235 0.680509 0.688097 0.672922 0.211126 0.229785 0.192467 0.136185 0.00758763 0.0186588 0.00497575 0.00316961
0.355741 0.669328 0.6767 0.661955 0.205996 0.224204 0.187789 0.133357 0.00737251 0.0182075 0.00484903 0.00309897
0.359132 0.658249 0.665413 0.651086 0.20096 0.218726 0.183194 0.130585 0.00716352 0.0177659 0.00472546 0.00302978
0.362523 0.647274 0.654235 0.640314 0.196015 0.213349 0.178681 0.127867 0.00696049 0.0173337 0.00460496 0.002962
0.365914 0.636402 0.643165 0.629639 0.191162 0.208072 0.174251 0.125203 0.00676322 0.0169109 0.00448744 0.00289561
0.369305 0.625632 0.632203 0.61906 0.186398 0.202895 0.169901 0.12259 0.00657153 0.0164971 0.00437281 0.00283057
0.372695 0.614963 0.621349 0.608578 0.181723 0.197815 0.165631 0.120028 0.00638526 0.0160923 0.00426101 0.00276685
0.376086 0.604396 0.6106 0.598192 0.177136 0.192832 0.16144 0.117516 0.00620423 0.0156962 0.00415196 0.00270441
0.379477 0.59393 0.599958 0.587902 0.172636 0.187944 0.157327 0.115052 0.00602828 0.0153086 0.00404557 0.00264325
0.382868 0.583564 0.589422 0.577707 0.168221 0.18315 0.153291 0.112636 0.00585726 0.0149294 0.00394179 0.00258332
0.386259 0.573299 0.57899 0.567608 0.163891 0.178449 0.149332 0.110267 0.00569101 0.0145584 0.00384054 0.0025246
0.38965 0.563134 0.568663 0.557604 0.159644 0.17384 0.145449 0.107943 0.0055294 0.0141955 0.00374176 0.00246706
0.39304 0.553068 0.55844 0.547696 0.15548 0.169321 0.14164 0.105664 0.00537228 0.0138404 0.00364538 0.00241068
0.396431 0.543102 0.548321 0.537882 0.151398 0.164891 0.137905 0.103428 0.00521952 0.0134931 0.00355133 0.00235544
0.399822 0.533235 0.538306 0.528164 0.147396 0.16055 0.134243 0.101235 0.00507098 0.0131533 0.00345956 0.0023013
0.403213 0.523467 0.528394 0.518541 0.143474 0.156295 0.130653 0.0990835 0.00492655 0.012821 0.00337001 0.00224825
0.406604 0.513799 0.518585 0.509012 0.139631 0.152127 0.127135 0.0969732 0.00478609 0.0124958 0.00328262 0.00219627
0.409995 0.504229 0.508878 0.499579 0.135865 0.148043 0.123687 0.094903 0.0046495 0.0121779 0.00319734 0.00214533
0.413385 0.494757 0.499274 0.490241 0.132175 0.144042 0.120309 0.092872 0.00451666 0.0118668 0.00311411 0.00209541
0.416776 0.485384 0.489772 0.480997 0.128562 0.140124 0.116999 0.0908795 0.00438746 0.0115627 0.00303288 0.00204649
0.420167 0.47611 0.480372 0.471848 0.125023 0.136288 0.113757 0.0889247 0.00426179 0.0112652 0.0029536 0.00199855
0.423558 0.466934 0.471074 0.462794 0.121557 0.132531 0.110583 0.0870068 0.00413955 0.0109742 0.00287622 0.00195157
0.426949 0.457856 0.461877 0.453836 0.118164 0.128854 0.107475 0.0851251 0.00402065 0.0106898 0.00280069 0.00190553
0.43034 0.448877 0.452782 0.444972 0.114844 0.125255 0.104432 0.0832789 0.00390498 0.0104116 0.00272697 0.00186041
0.43373 0.439995 0.443788 0.436203 0.111593 0.121733 0.101454 0.0814675 0.00379246 0.0101395 0.00265501 0.0018162
0.437121 0.431212 0.434895 0.427529 0.108413 0.118287 0.0985396 0.0796901 0.00368299 0.00987358 0.00258477 0.00177287
0.440512 0.422527 0.426103 0.41895 0.105302 0.114915 0.0956883 0.0779462 0.00357649 0.00961356 0.00251621 0.00173041
0.443903 0.413939 0.417412 0.410466 0.102258 0.111618 0.092899 0.076235 0.00347288 0.00935934 0.00244928 0.0016888
0.447294 0.40545 0.408822 0.402078 0.099282 0.108393 0.0901711 0.074556 0.00337207 0.00911083 0.00238395 0.00164802
0.450685 0.397058 0.400332 0.393785 0.0963716 0.10524 0.0875037 0.0729085 0.00327398 0.0088679 0.00232018 0.00160807
0.454075 0.388765 0.391944 0.385586 0.0935264 0.102157 0.084896 0.071292 0.00317855 0.00863044 0.00225792 0.00156892
0.457466 0.380569 0.383655 0.377484 0.0907454 0.0991438 0.0823471 0.0697057 0.00308568 0.00839835 0.00219715 0.00153056
0.460857 0.372472 0.375467 0.369476 0.0880277 0.0961992 0.0798562 0.0681493 0.00299533 0.00817152 0.00213783 0.00149297
0.464248 0.364472 0.367379 0.361565 0.0853723 0.0933222 0.0774225 0.066622 0.0029074 0.00794984 0.00207992 0.00145613
0.467639 0.35657 0.359392 0.353748 0.0827783 0.0905116 0.0750451 0.0651234 0.00282185 0.00773322 0.00202338 0.00142005
0.47103 0.348766 0.351505 0.346027 0.0802449 0.0877664 0.0727233 0.0636529 0.0027386 0.00752154 0.0019682 0.00138469
0.47442 0.34106 0.343717 0.338402 0.077771 0.0850857 0.0704563 0.06221 0.00265759 0.00731472 0.00191433 0.00135005
0.477811 0.333451 0.33603 0.330873 0.0753558 0.0824685 0.0682432 0.0607943 0.00257875 0.00711266 0.00186175 0.00131611
0.481202 0.325941 0.328443 0.323439 0.0729984 0.0799137 0.0660832 0.0594051 0.00250204 0.00691526 0.00181042 0.00128287
0.484593 0.318528 0.320955 0.316101 0.0706979 0.0774203 0.0639755 0.058042 0.0024274 0.00672242 0.00176032 0.0012503
0.487984 0.311213 0.313568 0.308858 0.0684534 0.0749875 0.0619193 0.0567046 0.00235476 0.00653406 0.00171141 0.0012184
0.491375 0.303995 0.306279 0.301711 0.066264 0.0726141 0.0599139 0.0553924 0.00228407 0.0063501 0.00166367 0.00118715
0.494765 0.296876 0.299091 0.29466 0.0641287 0.0702992 0.0579583 0.0541049 0.00221529 0.00617043 0.00161708 0.00115654
0.498156 0.289853 0.292002 0.287705 0.0620468 0.0680418 0.0560518 0.0528417 0.00214836 0.00599498 0.0015716 0.00112656
0.501547 0.282929 0.285012 0.280846 0.0600173 0.065841 0.0541936 0.0516024 0.00208323 0.00582366 0.00152722 0.0010972
0.504938 0.276102 0.278122 0.274082 0.0580394 0.0636958 0.052383 0.0503865 0.00201986 0.00565639 0.0014839 0.00106845
0.508329 0.269372 0.27133 0.267414 0.0561121 0.0616052 0.0506191 0.0491937 0.0019582 0.00549309 0.00144162 0.0010403
0.51172 0.262739 0.264638 0.260841 0.0542347 0.0595684 0.0489011 0.0480235 0.0018982 0.00533367 0.00140037 0.00101273
0.51511 0.256204 0.258044 0.254364 0.0524062 0.0575843 0.0472282 0.0468755 0.00183982 0.00517807 0.0013601 0.000985739
0.518501 0.249766 0.251549 0.247983 0.0506259 0.0556521 0.0455997 0.0457493 0.00178302 0.0050262 0.00132082 0.000959314
0.521892 0.243425 0.245153 0.241697 0.0488927 0.0537707 0.0440148 0.0446447 0.00172775 0.00487799 0.00128248 0.000933445
0.525283 0.237181 0.238855 0.235507 0.047206 0.0519394 0.0424727 0.0435611 0.00167398 0.00473336 0.00124508 0.000908123
0.528674 0.231033 0.232655 0.229412 0.0455648 0.0501571 0.0409726 0.0424983 0.00162168 0.00459225 0.00120859 0.000883337
0.532065 0.224982 0.226553 0.223411 0.0439684 0.048423 0.0395138 0.041456 0.00157079 0.00445458 0.00117298 0.000859079
0.535455 0.219028 0.220549 0.217506 0.0424158 0.0467361 0.0380955 0.0404336 0.00152128 0.00432028 0.00113825 0.000835339
0.538846 0.213169 0.214642 0.211696 0.0409063 0.0450956 0.036717 0.039431 0.00147313 0.00418929 0.00110437 0.000812109
0.542237 0.207407 0.208833 0.205981 0.039439 0.0435006 0.0353775 0.0384477 0.00142629 0.00406154 0.00107132 0.00078938
0.545628 0.20174 0.203121 0.200359 0.0380132 0.0419501 0.0340762 0.0374836 0.00138073 0.00393696 0.00103909 0.000767143
0.549019 0.196169 0.197506 0.194833 0.036628 0.0404434 0.0328125 0.0365381 0.00133642 0.00381548 0.00100765 0.000745389
0.55241 0.190693 0.191987 0.1894 0.0352826 0.0389796 0.0315855 0.0356111 0.00129333 0.00369705 0.000976997 0.000724111
0.5558 0.185313 0.186564 0.184061 0.0339762 0.0375578 0.0303946 0.0347023 0.00125142 0.00358161 0.000947103 0.000703301
0.559191 0.180026 0.181237 0.178816 0.0327081 0.0361772 0.029239 0.0338113 0.00121067 0.00346908 0.000917956 0.00068295
0.562582 0.174835 0.176006 0.173664 0.0314774 0.0348368 0.028118 0.0329378 0.00117105 0.00335942 0.000889539 0.00066305
0.565973 0.169737 0.17087 0.168605 0.0302834 0.033536 0.0270309 0.0320816 0.00113252 0.00325256 0.000861837 0.000643594
0.569364 0.164734 0.165829 0.163639 0.0291253 0.0322738 0.0259769 0.0312424 0.00109506 0.00314844 0.000834834 0.000624575
0.572755 0.159823 0.160882 0.158765 0.0280024 0.0310494 0.0249554 0.0304198 0.00105865 0.00304701 0.000808515 0.000605984
0.576146 0.155006 0.156029 0.153983 0.0269139 0.0298621 0.0239657 0.0296137 0.00102326 0.00294822 0.000782865 0.000587816
0.579536 0.150281 0.15127 0.149293 0.025859 0.028711 0.023007 0.0288238 0.000988858 0.002852 0.000757871 0.000570062
0.582927 0.145649 0.146604 0.144693 0.0248371 0.0275954 0.0220788 0.0280498 0.000955424 0.00275831 0.000733518 0.000552715
0.586318 0.141108 0.142031 0.140185 0.0238473 0.0265144 0.0211802 0.0272915 0.000922934 0.00266708 0.000709792 0.000535769
0.589709 0.136659 0.13755 0.135767 0.022889 0.0254673 0.0203107 0.0265486 0.000891365 0.00257828 0.00068668 0.000519216
0.5931 0.1323 0.133161 0.131439 0.0219614 0.0244533 0.0194696 0.0258209 0.000860692 0.00249185 0.000664169 0.000503051
0.596491 0.128032 0.128863 0.127201 0.0210639 0.0234716 0.0186562 0.0251081 0.000830895 0.00240773 0.000642247 0.000487266
0.599881 0.123853 0.124655 0.123051 0.0201957 0.0225216 0.0178698 0.0244099 0.000801951 0.00232589 0.0006209 0.000471856
0.603272 0.119764 0.120538 0.11899 0.0193562 0.0216025 0.0171099 0.0237263 0.000773839 0.00224627 0.000600116 0.000456813
0.606663 0.115763 0.11651 0.115017 0.0185446 0.0207134 0.0163758 0.0230569 0.000746539 0.00216882 0.000579884 0.000442131
0.610054 0.111851 0.112571 0.111131 0.0177603 0.0198539 0.0156668 0.0224015 0.00072003 0.0020935 0.000560192 0.000427805
0.613445 0.108026 0.10872 0.107332 0.0170027 0.019023 0.0149824 0.0217599 0.000694293 0.00202027 0.000541027 0.000413827
0.616836 0.104288 0.104957 0.103618 0.016271 0.0182201 0.0143219 0.0211319 0.000669309 0.00194907 0.00052238 0.000400193
0.620226 0.100636 0.101281 0.0999905 0.0155646 0.0174445 0.0136848 0.0205172 0.000645059 0.00187987 0.000504239 0.000386896
0.623617 0.097069 0.0976905 0.0964474 0.0148829 0.0166956 0.0130703 0.0199158 0.000621525 0.00181262 0.000486592 0.00037393
0.627008 0.0935872 0.0941859 0.0929885 0.0142253 0.0159726 0.012478 0.0193272 0.000598689 0.00174727 0.00046943 0.00036129
0.630399 0.0901894 0.0907659 0.0896129 0.0135911 0.0152749 0.0119073 0.0187515 0.000576535 0.00168379 0.000452743 0.00034897
0.63379 0.086875 0.08743 0.0863199 0.0129796 0.0146018 0.0113575 0.0181883 0.000555044 0.00162214 0.000436519 0.000336964
0.637181 0.083643 0.0841773 0.0831088 0.0123904 0.0139527 0.0108282 0.0176375 0.000534202 0.00156227 0.00042075 0.000325267
0.640571 0.0804929 0.0810069 0.0799789 0.0118228 0.013327 0.0103187 0.0170988 0.000513991 0.00150415 0.000405425 0.000313873
0.643962 0.0774237 0.0779181 0.0769294 0.0112762 0.012724 0.0098285 0.0165721 0.000494396 0.00144774 0.000390534 0.000302778
0.647353 0.0744347 0.0749101 0.0739593 0.0107501 0.0121431 0.0093571 0.0160573 0.000475402 0.00139299 0.000376069 0.000291975
0.650744 0.0715249 0.0719819 0.0710679 0.0102438 0.0115837 0.00890395 0.015554 0.000456993 0.00133988 0.00036202 0.00028146
0.654135 0.0686935 0.0691326 0.0682543 0.00975687 0.0110452 0.00846851 0.0150622 0.000439156 0.00128836 0.000348379 0.000271227
0.657526 0.0659395 0.0663614 0.0655177 0.00928868 0.0105271 0.00805029 0.0145817 0.000421876 0.00123839 0.000335135 0.000261271
0.660916 0.0632622 0.0636673 0.062857 0.00883872 0.0100287 0.00764876 0.0141122 0.000405139 0.00118996 0.000322282 0.000251587
0.664307 0.0606604 0.0610494 0.0602715 0.00840645 0.00954946 0.00726345 0.0136537 0.000388931 0.001143 0.000309809 0.000242171
0.667698 0.0581334 0.0585067 0.0577602 0.00799136 0.00908887 0.00689386 0.0132059 0.000373239 0.00109751 0.000297709 0.000233016
0.671089 0.0556802 0.0560382 0.0553221 0.00759292 0.00864635 0.0065395 0.0127686 0.000358051 0.00105343 0.000285973 0.00022412
0.67448 0.0532996 0.053643 0.0529563 0.00721064 0.00822138 0.00619991 0.0123418 0.000343353 0.00101074 0.000274594 0.000215475
0.677871 0.0509907 0.0513199 0.0506616 0.00684402 0.00781342 0.00587463 0.0119253 0.000329133 0.000969399 0.000263563 0.000207079
0.681261 0.0487526 0.049068 0.0484372 0.00649258 0.00742196 0.0055632 0.0115188 0.000315379 0.000929383 0.000252873 0.000198926
0.684652 0.0465841 0.0468862 0.046282 0.00615584 0.0070465 0.00526519 0.0111223 0.000302079 0.000890658 0.000242516 0.000191011
0.688043 0.0444842 0.0447734 0.044195 0.00583334 0.00668653 0.00498015 0.0107355 0.000289221 0.000853193 0.000232484 0.00018333
0.691434 0.0424518 0.0427286 0.042175 0.00552462 0.00634158 0.00470766 0.0103584 0.000276794 0.000816957 0.000222771 0.000175879
0.694825 0.0404858 0.0407506 0.040221 0.00522922 0.00601115 0.0044473 0.00999073 0.000264788 0.000781921 0.000213368 0.000168652
0.698216 0.0385852 0.0388384 0.038332 0.00494672 0.00569478 0.00419867 0.00963238 0.000253191 0.000748056 0.000204269 0.000161646
0.701606 0.0367487 0.0369907 0.0365067 0.00467669 0.00539203 0.00396136 0.0092832 0.000241992 0.000715332 0.000195467 0.000154856
0.704997 0.0349753 0.0352065 0.0347442 0.00441871 0.00510243 0.00373499 0.00894304 0.000231181 0.000683722 0.000186955 0.000148278
0.708388 0.0332639 0.0334847 0.0330432 0.00417235 0.00482555 0.00351916 0.00861175 0.000220748 0.000653197 0.000178726 0.000141907
0.711779 0.0316133 0.031824 0.0314026 0.00393724 0.00456097 0.00331351 0.0082892 0.000210684 0.00062373 0.000170773 0.00013574
0.71517 0.0300222 0.0302232 0.0298212 0.00371296 0.00430826 0.00311767 0.00797523 0.000200977 0.000595296 0.00016309 0.000129771
0.718561 0.0284896 0.0286812 0.028298 0.00349914 0.00406701 0.00293128 0.00766971 0.00019162 0.000567866 0.00015567 0.000123997
0.721951 0.0270142 0.0271968 0.0268316 0.00329541 0.00383682 0.00275399 0.00737249 0.000182601 0.000541416 0.000148507 0.000118413
0.725342 0.0255949 0.0257688 0.025421 0.00310139 0.00361731 0.00258547 0.00708345 0.000173914 0.000515921 0.000141595 0.000113017
0.728733 0.0242304 0.0243959 0.0240648 0.00291673 0.00340809 0.00242538 0.00680244 0.000165547 0.000491354 0.000134928 0.000107803
0.732124 0.0229196 0.0230771 0.0227621 0.00274109 0.00320878 0.0022734 0.00652933 0.000157493 0.000467693 0.000128499 0.000102767
0.735515 0.0216612 0.0218109 0.0215114 0.00257412 0.00301903 0.00212921 0.00626398 0.000149743 0.000444912 0.000122303 9.79059e-05
0.738906 0.020454 0.0205963 0.0203117 0.0024155 0.00283849 0.00199251 0.00600626 0.000142288 0.000422988 0.000116334 9.32156e-05
0.742296 0.0192969 0.019432 0.0191617 0.0022649 0.00266679 0.001863 0.00575604 0.000135121 0.000401898 0.000110586 8.86921e-05
0.745687 0.0181885 0.0183167 0.0180602 0.002122 0.00250362 0.00174038 0.00551319 0.000128233 0.00038162 0.000105054 8.43316e-05
0.749078 0.0171276 0.0172492 0.017006 0.00198651 0.00234864 0.00162438 0.00527758 0.000121616 0.000362131 9.97309e-05 8.01304e-05
0.752469 0.0161131 0.0162284 0.0159978 0.00185812 0.00220153 0.00151472 0.00504908 0.000115263 0.000343408 9.46126e-05 7.60846e-05
0.75586 0.0151437 0.0152528 0.0150345 0.00173655 0.00206198 0.00141112 0.00482757 0.000109167 0.000325431 8.96933e-05 7.21906e-05
0.759251 0.0142181 0.0143215 0.0141148 0.00162152 0.0019297 0.00131334 0.00461292 0.000103318 0.000308178 8.49678e-05 6.84447e-05
0.762641 0.0133352 0.0134329 0.0132375 0.00151275 0.00180438 0.00122112 0.004405 9.77114e-05 0.000291629 8.04308e-05 6.48432e-05
0.766032 0.0124938 0.0125861 0.0124014 0.00140998 0.00168574 0.00113422 0.00420369 9.23387e-05 0.000275763 7.60771e-05 6.13827e-05
0.769423 0.0116925 0.0117797 0.0116053 0.00131295 0.00157351 0.00105239 0.00400887 8.71932e-05 0.00026056 7.19018e-05 5.80594e-05
0.772814 0.0109303 0.0110126 0.010848 0.00122141 0.00146741 0.000975411 0.00382041 8.22682e-05 0.000246001 6.78998e-05 5.487e-05
0.776205 0.0102059 0.0102834 0.0101283 0.00113512 0.00136719 0.000903057 0.0036382 7.75568e-05 0.000232067 6.40663e-05 5.1811e-05
0.779596 0.00951804 0.0095911 0.00944499 0.00105385 0.00127259 0.000835113 0.00346212 7.30526e-05 0.000218737 6.03965e-05 4.88788e-05
0.782986 0.00886564 0.00893439 0.00879689 0.000977366 0.00118336 0.00077137 0.00329204 6.8749e-05 0.000205995 5.68855e-05 4.60702e-05
0.786377 0.00824748 0.00831212 0.00818284 0.000905449 0.00109927 0.000711627 0.00312784 6.46399e-05 0.000193822 5.35289e-05 4.33818e-05
0.789768 0.00766239 0.00772311 0.00760167 0.000837888 0.00102009 0.000655689 0.00296942 6.07189e-05 0.0001822 5.03219e-05 4.08102e-05
0.793159 0.00710922 0.0071662 0.00705224 0.000774478 0.000945589 0.000603366 0.00281665 5.69802e-05 0.000171111 4.72601e-05 3.83523e-05
0.79655 0.00658682 0.00664023 0.0065334 0.000715018 0.000875557 0.000554478 0.00266942 5.34176e-05 0.000160539 4.4339e-05 3.60046e-05
0.799941 0.00609405 0.00614407 0.00604402 0.000659316 0.000809782 0.000508849 0.00252761 5.00255e-05 0.000150467 4.15544e-05 3.37642e-05
0.803332 0.00562979 0.00567659 0.00558299 0.000607187 0.000748065 0.00046631 0.0023911 4.67981e-05 0.000140877 3.89019e-05 3.16277e-05
0.806722 0.00519294 0.00523667 0.00514921 0.000558453 0.000690208 0.000426697 0.00225979 4.37299e-05 0.000131755 3.63772e-05 2.95921e-05
0.810113 0.00478241 0.00482323 0.0047416 0.000512939 0.000636024 0.000389855 0.00213356 4.08153e-05 0.000123084 3.39763e-05 2.76543e-05
0.813504 0.00439713 0.00443518 0.00435908 0.000470481 0.00058533 0.000355631 0.00201231 3.80492e-05 0.000114849 3.16951e-05 2.58113e-05
0.816895 0.00403604 0.00407147 0.00400061 0.000430916 0.000537951 0.000323882 0.0018959 3.54262e-05 0.000107035 2.95296e-05 2.40601e-05
0.820286 0.0036981 0.00373104 0.00366516 0.000394092 0.000493718 0.000294466 0.00178425 3.29412e-05 9.9626e-05 2.74759e-05 2.23977e-05
0.823677 0.00338229 0.00341288 0.0033517 0.00035986 0.000452468 0.000267251 0.00167723 3.05893e-05 9.26084e-05 2.553e-05 2.08212e-05
0.827067 0.00308761 0.00311598 0.00305925 0.000328077 0.000414044 0.000242109 0.00157474 2.83654e-05 8.59678e-05 2.36883e-05 1.93277e-05
0.830458 0.00281309 0.00283935 0.00278683 0.000298605 0.000378295 0.000218915 0.00147666 2.62649e-05 7.96902e-05 2.1947e-05 1.79144e-05
0.833849 0.00255776 0.00258204 0.00253348 0.000271314 0.000345076 0.000197552 0.0013829 2.42829e-05 7.3762e-05 2.03023e-05 1.65785e-05
0.83724 0.00232068 0.00234309 0.00229826 0.000246078 0.000314248 0.000177908 0.00129334 2.2415e-05 6.81697e-05 1.87508e-05 1.53172e-05
0.840631 0.00210094 0.00212159 0.00208028 0.000222774 0.000285675 0.000159874 0.00120788 2.06566e-05 6.29004e-05 1.7289e-05 1.41279e-05
0.844022 0.00189764 0.00191664 0.00187863 0.000201288 0.000259229 0.000143347 0.0011264 1.90033e-05 5.79412e-05 1.59133e-05 1.30079e-05
0.847412 0.00170991 0.00172736 0.00169246 0.000181509 0.000234788 0.000128229 0.00104881 1.74509e-05 5.32797e-05 1.46203e-05 1.19545e-05
0.850803 0.0015369 0.0015529 0.00152091 0.000163329 0.000212233 0.000114426 0.000975002 1.59951e-05 4.89036e-05 1.34069e-05 1.09652e-05
0.854194 0.0013778 0.00139243 0.00136317 0.000146649 0.00019145 0.000101848 0.000904866 1.46318e-05 4.48011e-05 1.22696e-05 1.00374e-05
0.857585 0.0012318 0.00124515 0.00121844 0.000131372 0.000172332 9.04112e-05 0.000838302 1.33571e-05 4.09604e-05 1.12053e-05 9.1686e-06
0.860976 0.00109812 0.00111028 0.00108595 0.000117404 0.000154775 8.00341e-05 0.000775206 1.2167e-05 3.73703e-05 1.0211e-05 8.35643e-06
0.864367 0.000976013 0.000987071 0.000964955 0.000104659 0.000138679 7.064e-05 0.000715476 1.10577e-05 3.40194e-05 9.28343e-06 7.59843e-06
0.867757 0.000864759 0.000874784 0.000854733 9.30535e-05 0.000123951 6.21563e-05 0.000659011 1.00254e-05 3.08972e-05 8.41973e-06 6.89224e-06
0.871148 0.000763655 0.000772722 0.000754588 8.25068e-05 0.0001105 5.45139e-05 0.000605708 9.06667e-06 2.79929e-05 7.61694e-06 6.23555e-06
0.874539 0.000672027 0.000680205 0.000663849 7.29439e-05 9.82401e-05 4.76477e-05 0.000555469 8.1778e-06 2.52962e-05 6.8722e-06 5.62609e-06
0.87793 0.000589226 0.000596581 0.000581871 6.42932e-05 8.70903e-05 4.1496e-05 0.000508192 7.35539e-06 2.27971e-05 6.18271e-06 5.06163e-06
0.881321 0.000514629 0.000521225 0.000508033 5.64867e-05 7.69725e-05 3.60008e-05 0.000463779 6.59607e-06 2.04859e-05 5.54575e-06 4.53999e-06
0.884712 0.000447639 0.000453535 0.000441742 4.94601e-05 6.7813e-05 3.11073e-05 0.000422132 5.89656e-06 1.83528e-05 4.95864e-06 4.05903e-06
0.888102 0.000387683 0.000392937 0.000382429 4.31528e-05 5.95416e-05 2.6764e-05 0.000383152 5.25369e-06 1.63888e-05 4.41878e-06 3.61667e-06
0.891493 0.000334217 0.000338882 0.000329553 3.75073e-05 5.2092e-05 2.29225e-05 0.000346742 4.66435e-06 1.45847e-05 3.92365e-06 3.21088e-06
0.894884 0.000286719 0.000290845 0.000282594 3.24694e-05 4.54012e-05 1.95376e-05 0.000312807 4.12554e-06 1.29318e-05 3.47076e-06 2.83965e-06
0.898275 0.000244695 0.000248329 0.000241061 2.79884e-05 3.941e-05 1.65668e-05 0.00028125 3.63432e-06 1.14216e-05 3.05771e-06 2.50105e-06
0.901666 0.000207674 0.000210862 0.000204486 2.40162e-05 3.40619e-05 1.39705e-05 0.000251976 3.18786e-06 1.00457e-05 2.68217e-06 2.19318e-06
0.905057 0.000175212 0.000177995 0.000172428 2.05079e-05 2.9304e-05 1.17118e-05 0.000224891 2.78341e-06 8.79608e-06 2.34186e-06 1.9142e-06
0.908447 0.000146888 0.000149306 0.000144469 1.74215e-05 2.50865e-05 9.75643e-06 0.000199903 2.41829e-06 7.66503e-06 2.03457e-06 1.66232e-06
0.911838 0.000122305 0.000124395 0.000120215 1.47174e-05 2.13624e-05 8.07246e-06 0.000176917 2.08994e-06 6.64494e-06 1.75816e-06 1.43578e-06
0.915229 0.000101093 0.000102889 9.9297e-05 1.2359e-05 1.80875e-05 6.63046e-06 0.000155844 1.79584e-06 5.72853e-06 1.51055e-06 1.23289e-06
0.91862 8.29018e-05 8.44354e-05 8.13682e-05 1.03119e-05 1.52206e-05 5.40321e-06 0.00013659 1.53359e-06 4.90871e-06 1.28973e-06 1.05202e-06
0.922011 6.74066e-05 6.87075e-05 6.61058e-05 8.54434e-06 1.2723e-05 4.3657e-06 0.000119068 1.30085e-06 4.17864e-06 1.09376e-06 8.91563e-07
0.925402 5.43044e-05 5.53998e-05 5.3209e-05 7.02671e-06 1.05585e-05 3.49496e-06 0.000103187 1.09538e-06 3.53175e-06 9.2076e-07 7.49987e-07
0.928792 4.33143e-05 4.42293e-05 4.23992e-05 5.73167e-06 8.69334e-06 2.77e-06 8.8859e-05 9.15028e-07 2.96167e-06 7.68919e-07 6.25803e-07
0.932183 3.4177e-05 3.49347e-05 3.34193e-05 4.63398e-06 7.09626e-06 2.17171e-06 7.59976e-05 7.57704e-07 2.46228e-06 6.36495e-07 5.1758e-07
0.935574 2.6654e-05 2.72754e-05 2.60326e-05 3.71043e-06 5.73812e-06 1.68274e-06 6.45165e-05 6.21417e-07 2.02769e-06 5.21813e-07 4.23937e-07
0.938965 2.05271e-05 2.10314e-05 2.00229e-05 2.9397e-06 4.59195e-06 1.28744e-06 5.43307e-05 5.04259e-07 1.65226e-06 4.23266e-07 3.43552e-07
0.942356 1.55979e-05 1.60023e-05 1.51935e-05 2.30231e-06 3.63287e-06 9.71744e-07 4.53566e-05 4.04404e-07 1.33056e-06 3.39316e-07 2.75154e-07
0.945747 1.16866e-05 1.20067e-05 1.13665e-05 1.78052e-06 2.83795e-06 7.23086e-07 3.75118e-05 3.20111e-07 1.05743e-06 2.68494e-07 2.17531e-07
0.949137 8.63172e-06 8.88144e-06 8.382e-06 1.35824e-06 2.18616e-06 5.30317e-07 3.07153e-05 2.49721e-07 8.27921e-07 2.094e-07 1.69526e-07
0.952528 6.2892e-06 6.48087e-06 6.09754e-06 1.02093e-06 1.65826e-06 3.83612e-07 2.48879e-05 1.91663e-07 6.37322e-07 1.60704e-07 1.3004e-07
0.955919 4.53169e-06 4.67614e-06 4.38724e-06 7.55556e-07 1.23672e-06 2.74389e-07 1.9952e-05 1.44451e-07 4.81167e-07 1.21149e-07 9.8032e-08
0.95931 3.24772e-06 3.3544e-06 3.14103e-06 5.50451e-07 9.05676e-07 1.95227e-07 1.58321e-05 1.06681e-07 3.55225e-07 8.95464e-08 7.25211e-08
0.962701 2.34103e-06 2.41807e-06 2.26399e-06 3.95297e-07 6.50802e-07 1.39791e-07 1.24554e-05 7.70402e-08 2.55506e-07 6.47831e-08 5.25852e-08
0.966092 1.72984e-06 1.78414e-06 1.67555e-06 2.81024e-07 4.59287e-07 1.02761e-07 9.75232e-06 5.42994e-08 1.78263e-07 4.58176e-08 3.73634e-08
0.969482 1.34632e-06 1.38364e-06 1.309e-06 1.99767e-07 3.19763e-07 7.9771e-08 7.65788e-06 3.73185e-08 1.19996e-07 3.16828e-08 2.60565e-08
0.972873 1.1363e-06 1.16134e-06 1.11125e-06 1.44825e-07 2.22277e-07 6.73719e-08 6.11396e-06 2.50457e-08 7.74526e-08 2.14867e-08 1.79281e-08
0.976264 1.05979e-06 1.07631e-06 1.04327e-06 1.10677e-07 1.58313e-07 6.30409e-08 5.0741e-06 1.65185e-08 4.76361e-08 1.44132e-08 1.23048e-08
0.979655 1.09347e-06 1.10433e-06 1.0826e-06 9.31204e-08 1.20929e-07 6.5312e-08 4.51449e-06 1.08636e-08 2.78083e-08 9.72151e-09 8.57585e-09
0.983046 1.23939e-06 1.24668e-06 1.23209e-06 8.97841e-08 1.0528e-07 7.42882e-08 4.46429e-06 7.29424e-09 1.54959e-08 6.74353e-09 6.19021e-09
0.986437 1.55986e-06 1.56496e-06 1.55476e-06 1.02224e-07 1.10717e-07 9.37308e-08 5.11372e-06 5.09764e-09 8.49288e-09 4.87057e-09 4.64203e-09
0.989827 2.40269e-06 2.40625e-06 2.39912e-06 1.49471e-07 1.5431e-07 1.44632e-07 7.43215e-06 3.56489e-09 4.83916e-09 3.48004e-09 3.39448e-09
0.993218 1.21617e-05 1.21621e-05 1.21614e-05 7.36309e-07 7.39468e-07 7.33151e-07 4.41977e-05 3.71924e-10 3.15879e-09 1.86847e-10 -2.11758e-22
4.01075e-314 inf inf inf inf inf inf 0.000815603 27.9562 0.956878 0.692983 0.439448
