9.72476e-05 4.41754 4.80592 4.02915 1.63773 1.89083 1.38462 11.0728 0.388383 0.253103 0.173505 0.165058
0.0001 4.38949 4.77659 4.00239 1.62721 1.87908 1.37535 10.9628 0.387102 0.251868 0.172122 0.163585
0.00010283 4.36174 4.74757 3.97591 1.61681 1.86746 1.36617 10.8538 0.385832 0.250644 0.17075 0.162121
0.000105741 4.33464 4.71921 3.95007 1.60665 1.85608 1.35722 10.7457 0.384571 0.249431 0.169389 0.160667
0.000108734 4.30662 4.68994 3.9233 1.59617 1.84439 1.34794 10.6384 0.383319 0.248228 0.168039 0.159223
0.000111811 4.27876 4.66084 3.89668 1.58575 1.83278 1.33871 10.532 0.382077 0.247036 0.1667 0.15779
0.000114976 4.25105 4.6319 3.87021 1.57539 1.82125 1.32954 10.4265 0.380844 0.245854 0.165372 0.156366
0.00011823 4.22351 4.60313 3.84389 1.5651 1.80978 1.32041 10.3218 0.379621 0.244683 0.164055 0.154952
0.000121576 4.19612 4.57452 3.81771 1.55486 1.79839 1.31134 10.218 0.378407 0.243522 0.162749 0.153548
0.000125017 4.16888 4.54608 3.79168 1.54469 1.78706 1.30232 10.1151 0.377201 0.242371 0.161453 0.152154
0.000128556 4.1418 4.5178 3.76579 1.53458 1.77581 1.29335 10.013 0.376005 0.24123 0.160168 0.15077
0.000132194 4.11487 4.48969 3.74006 1.52453 1.76463 1.28443 9.91177 0.374818 0.2401 0.158894 0.149395
0.000135936 4.0881 4.46174 3.71446 1.51454 1.75352 1.27556 9.81136 0.373639 0.238979 0.15763 0.14803
0.000139783 4.06147 4.43394 3.689 1.50461 1.74248 1.26674 9.71179 0.37247 0.237869 0.156377 0.146674
0.000143739 4.035 4.40631 3.66369 1.49474 1.73151 1.25797 9.61303 0.371309 0.236768 0.155134 0.145328
0.000147808 4.00868 4.37884 3.63852 1.48493 1.72061 1.24925 9.51509 0.370157 0.235678 0.153902 0.143991
0.000151991 3.98251 4.35152 3.61349 1.47518 1.70977 1.24058 9.41797 0.369013 0.234597 0.15268 0.142664
0.000156293 3.95649 4.32436 3.58861 1.46549 1.69901 1.23196 9.32165 0.367878 0.233526 0.151469 0.141346
0.000160717 3.93061 4.29736 3.56386 1.45585 1.68832 1.22339 9.22614 0.366751 0.232465 0.150268 0.140037
0.000165265 3.90488 4.27052 3.53925 1.44627 1.67769 1.21486 9.13142 0.365632 0.231413 0.149077 0.138737
0.000169943 3.87931 4.24383 3.51478 1.43676 1.66713 1.20639 9.03748 0.364522 0.230371 0.147897 0.137447
0.000174753 3.85387 4.21729 3.49045 1.4273 1.65664 1.19796 8.94434 0.36342 0.229339 0.146726 0.136166
0.000179699 3.82858 4.19091 3.46626 1.41789 1.64621 1.18958 8.85198 0.362326 0.228316 0.145566 0.134894
0.000184785 3.80344 4.16468 3.4422 1.40855 1.63585 1.18125 8.76038 0.36124 0.227302 0.144416 0.133631
0.000190015 3.77844 4.1386 3.41828 1.39926 1.62556 1.17296 8.66956 0.360162 0.226298 0.143276 0.132376
0.000195393 3.75359 4.11268 3.39449 1.39003 1.61533 1.16472 8.57949 0.359091 0.225303 0.142146 0.131131
0.000200923 3.72887 4.0869 3.37084 1.38085 1.60517 1.15653 8.49018 0.358029 0.224318 0.141026 0.129895
0.00020661 3.7043 4.06128 3.34733 1.37173 1.59507 1.14839 8.40163 0.356974 0.223341 0.139916 0.128667
0.000212458 3.67987 4.0358 3.32394 1.36267 1.58504 1.14029 8.31382 0.355927 0.222374 0.138815 0.127448
0.000218471 3.65558 4.01047 3.3007 1.35366 1.57507 1.13224 8.22675 0.354887 0.221416 0.137725 0.126238
0.000224655 3.63143 3.98529 3.27758 1.3447 1.56517 1.12424 8.14042 0.353855 0.220467 0.136644 0.125037
0.000231013 3.60742 3.96025 3.25459 1.33581 1.55533 1.11628 8.05482 0.35283 0.219527 0.135574 0.123844
0.000237551 3.58355 3.93536 3.23174 1.32696 1.54556 1.10837 7.96994 0.351812 0.218596 0.134513 0.12266
0.000244275 3.55981 3.91062 3.20901 1.31817 1.53585 1.1005 7.88578 0.350802 0.217674 0.133461 0.121484
0.000251189 3.53622 3.88601 3.18642 1.30944 1.5262 1.09268 7.80234 0.349798 0.21676 0.132419 0.120316
0.000258298 3.51276 3.86156 3.16395 1.30076 1.51661 1.0849 7.71961 0.348802 0.215856 0.131387 0.119157
0.000265609 3.48943 3.83724 3.14162 1.29213 1.50709 1.07717 7.63758 0.347812 0.21496 0.130364 0.118007
0.000273126 3.46624 3.81307 3.11941 1.28355 1.49763 1.06948 7.55625 0.34683 0.214072 0.129351 0.116865
0.000280857 3.44318 3.78904 3.09733 1.27503 1.48823 1.06184 7.47561 0.345854 0.213194 0.128348 0.115731
0.000288806 3.42026 3.76515 3.07538 1.26656 1.47889 1.05424 7.39566 0.344885 0.212324 0.127353 0.114605
0.00029698 3.39747 3.74139 3.05355 1.25815 1.46961 1.04669 7.31641 0.343922 0.211462 0.126369 0.113488
0.000305386 3.37481 3.71778 3.03185 1.24978 1.46039 1.03918 7.23782 0.342966 0.210609 0.125393 0.112378
0.000314029 3.35229 3.6943 3.01027 1.24147 1.45124 1.03171 7.15992 0.342016 0.209764 0.124427 0.111277
0.000322917 3.32989 3.67096 2.98882 1.23321 1.44214 1.02429 7.08268 0.341073 0.208927 0.12347 0.110184
0.000332057 3.30763 3.64776 2.96749 1.225 1.4331 1.01691 7.00611 0.340136 0.208099 0.122522 0.109099
0.000341455 3.28549 3.6247 2.94629 1.21685 1.42413 1.00957 6.93019 0.339205 0.207279 0.121584 0.108021
0.000351119 3.26348 3.60176 2.9252 1.20874 1.41521 1.00227 6.85493 0.33828 0.206467 0.120655 0.106952
0.000361057 3.24161 3.57897 2.90424 1.20069 1.40635 0.995023 6.78033 0.337361 0.205663 0.119735 0.10589
0.000371276 3.21986 3.5563 2.88341 1.19268 1.39755 0.987814 6.70636 0.336448 0.204867 0.118824 0.104837
0.000381784 3.19823 3.53377 2.86269 1.18473 1.38881 0.980647 6.63304 0.33554 0.204079 0.117922 0.103791
0.00039259 3.17673 3.51137 2.84209 1.17682 1.38012 0.973522 6.56036 0.334639 0.2033 0.117029 0.102753
0.000403702 3.15536 3.4891 2.82162 1.16897 1.37149 0.966439 6.48831 0.333743 0.202528 0.116145 0.101722
0.000415128 3.13411 3.46696 2.80126 1.16116 1.36292 0.959397 6.41688 0.332852 0.201763 0.11527 0.1007
0.000426877 3.11299 3.44495 2.78102 1.1534 1.35441 0.952397 6.34608 0.331967 0.201007 0.114404 0.0996843
0.000438959 3.09199 3.42308 2.7609 1.1457 1.34596 0.945439 6.27589 0.331087 0.200258 0.113546 0.0986768
0.000451383 3.07111 3.40132 2.7409 1.13804 1.33756 0.938521 6.20632 0.330212 0.199517 0.112698 0.0976767
0.000464159 3.05036 3.3797 2.72102 1.13043 1.32921 0.931644 6.13736 0.329342 0.198784 0.111858 0.0966841
0.000477296 3.02973 3.3582 2.70125 1.12287 1.32092 0.924809 6.069 0.328478 0.198058 0.111027 0.095699
0.000490805 3.00921 3.33683 2.68159 1.11535 1.31269 0.918012 6.00125 0.327618 0.19734 0.110205 0.0947212
0.000504697 2.98882 3.31558 2.66206 1.10789 1.30451 0.911258 5.93408 0.326763 0.196629 0.109392 0.0937508
0.000518981 2.96855 3.29446 2.64264 1.10047 1.29639 0.904542 5.86751 0.325912 0.195925 0.108587 0.0927877
0.00053367 2.9484 3.27346 2.62333 1.0931 1.28832 0.897867 5.80153 0.325067 0.195229 0.107791 0.0918319
0.000548775 2.92836 3.25259 2.60414 1.08577 1.28031 0.891231 5.73613 0.324225 0.19454 0.107003 0.0908834
0.000564307 2.90844 3.23183 2.58506 1.07849 1.27235 0.884636 5.67131 0.323388 0.193858 0.106224 0.0899421
0.000580278 2.88864 3.2112 2.56609 1.07126 1.26445 0.878079 5.60706 0.322556 0.193183 0.105453 0.0890079
0.000596702 2.86896 3.19069 2.54723 1.06408 1.25659 0.871561 5.54339 0.321727 0.192516 0.104691 0.0880809
0.000613591 2.84939 3.1703 2.52849 1.05694 1.24879 0.865083 5.48028 0.320902 0.191855 0.103937 0.0871609
0.000630957 2.82994 3.15002 2.50986 1.04984 1.24105 0.858643 5.41773 0.320082 0.191202 0.103192 0.086248
0.000648815 2.8106 3.12987 2.49134 1.0428 1.23335 0.852242 5.35573 0.319265 0.190555 0.102455 0.0853421
0.000667179 2.79138 3.10983 2.47293 1.0358 1.22571 0.845879 5.2943 0.318452 0.189916 0.101726 0.0844432
0.000686062 2.77227 3.08991 2.45463 1.02884 1.21812 0.839555 5.23341 0.317642 0.189283 0.101005 0.0835512
0.00070548 2.75327 3.07011 2.43643 1.02193 1.21058 0.833268 5.17307 0.316836 0.188657 0.100293 0.0826661
0.000725448 2.73438 3.05042 2.41835 1.01506 1.2031 0.82702 5.11326 0.316034 0.188037 0.0995893 0.0817879
0.00074598 2.71561 3.03084 2.40037 1.00823 1.19566 0.820809 5.054 0.315234 0.187425 0.0988934 0.0809164
0.000767094 2.69695 3.01138 2.38251 1.00145 1.18827 0.814636 4.99527 0.314438 0.186818 0.0982057 0.0800518
0.000788805 2.67839 2.99204 2.36475 0.994719 1.18094 0.808501 4.93707 0.313644 0.186219 0.0975261 0.079194
0.000811131 2.65995 2.9728 2.34709 0.988027 1.17365 0.802402 4.87939 0.312854 0.185625 0.0968545 0.0783428
0.000834088 2.64161 2.95368 2.32955 0.981379 1.16642 0.79634 4.82224 0.312066 0.185039 0.096191 0.0774984
0.000857696 2.62338 2.93466 2.3121 0.974773 1.15923 0.790315 4.7656 0.31128 0.184458 0.0955354 0.0766605
0.000881971 2.60526 2.91576 2.29477 0.968211 1.15209 0.784327 4.70948 0.310498 0.183884 0.0948877 0.0758293
0.000906934 2.58725 2.89697 2.27753 0.961691 1.14501 0.778375 4.65387 0.309717 0.183316 0.0942479 0.0750047
0.000932603 2.56934 2.87828 2.26041 0.955214 1.13797 0.77246 4.59876 0.308939 0.182754 0.093616 0.0741866
0.000958999 2.55154 2.8597 2.24338 0.948779 1.13098 0.766581 4.54416 0.308163 0.182198 0.0929919 0.0733749
0.000986142 2.53385 2.84124 2.22646 0.942386 1.12403 0.760738 4.49006 0.307388 0.181649 0.0923756 0.0725699
0.00101405 2.51626 2.82287 2.20964 0.936035 1.11714 0.75493 4.43645 0.306616 0.181105 0.0917671 0.0717712
0.00104275 2.49877 2.80461 2.19292 0.929725 1.11029 0.749158 4.38333 0.305845 0.180567 0.0911662 0.0709789
0.00107227 2.48138 2.78646 2.17631 0.923457 1.10349 0.743422 4.3307 0.305076 0.180035 0.090573 0.070193
0.00110262 2.4641 2.76841 2.15979 0.91723 1.09674 0.737721 4.27856 0.304308 0.179509 0.0899873 0.0694134
0.00113382 2.44692 2.75046 2.14338 0.911044 1.09003 0.732055 4.2269 0.303541 0.178988 0.0894093 0.0686401
0.00116591 2.42984 2.73262 2.12707 0.904898 1.08337 0.726424 4.17571 0.302775 0.178473 0.0888388 0.0678731
0.00119891 2.41286 2.71487 2.11085 0.898792 1.07676 0.720828 4.125 0.30201 0.177964 0.0882757 0.0671124
0.00123285 2.39599 2.69723 2.09474 0.892727 1.07019 0.715266 4.07476 0.301246 0.17746 0.0877201 0.0663578
0.00126774 2.37921 2.67969 2.07873 0.886702 1.06366 0.70974 4.02499 0.300483 0.176962 0.087172 0.0656094
0.00130362 2.36253 2.66225 2.06281 0.880716 1.05719 0.704247 3.97567 0.29972 0.176469 0.0866311 0.0648672
0.00134052 2.34595 2.6449 2.04699 0.87477 1.05075 0.698788 3.92682 0.298957 0.175982 0.0860976 0.064131
0.00137846 2.32946 2.62766 2.03127 0.868863 1.04436 0.693364 3.87843 0.298195 0.175499 0.0855713 0.063401
0.00141747 2.31308 2.61051 2.01565 0.862995 1.03802 0.687973 3.83049 0.297432 0.175022 0.0850523 0.062677
0.00145759 2.29679 2.59346 2.00012 0.857166 1.03172 0.682616 3.78299 0.296669 0.17455 0.0845404 0.061959
0.00149885 2.28059 2.5765 1.98469 0.851375 1.02546 0.677292 3.73595 0.295906 0.174083 0.0840356 0.061247
0.00154127 2.26449 2.55963 1.96935 0.845623 1.01924 0.672002 3.68935 0.295143 0.173621 0.0835379 0.0605409
0.00158489 2.24849 2.54286 1.95411 0.839908 1.01307 0.666745 3.64318 0.294378 0.173163 0.0830472 0.0598408
0.00162975 2.23258 2.52619 1.93896 0.834232 1.00694 0.661521 3.59746 0.293613 0.172711 0.0825635 0.0591466
0.00167588 2.21676 2.5096 1.92391 0.828593 1.00086 0.65633 3.55216 0.292847 0.172263 0.0820867 0.0584582
0.00172331 2.20103 2.49311 1.90895 0.822992 0.994812 0.651172 3.5073 0.292079 0.17182 0.0816168 0.0577757
0.00177209 2.1854 2.47671 1.89409 0.817428 0.98881 0.646046 3.46286 0.29131 0.171382 0.0811537 0.057099
0.00182224 2.16986 2.4604 1.87932 0.8119 0.982848 0.640952 3.41885 0.29054 0.170948 0.0806973 0.056428
0.00187382 2.1544 2.44417 1.86464 0.80641 0.976928 0.635891 3.37526 0.289767 0.170518 0.0802477 0.0557628
0.00192685 2.13904 2.42804 1.85005 0.800955 0.971049 0.630862 3.33209 0.288993 0.170093 0.0798046 0.0551033
0.00198139 2.12377 2.41199 1.83555 0.795538 0.96521 0.625865 3.28933 0.288216 0.169672 0.0793682 0.0544495
0.00203747 2.10859 2.39603 1.82115 0.790156 0.959411 0.6209 3.24698 0.287437 0.169256 0.0789383 0.0538013
0.00209514 2.09349 2.38015 1.80684 0.78481 0.953653 0.615967 3.20504 0.286656 0.168843 0.0785149 0.0531588
0.00215443 2.07849 2.36436 1.79261 0.779499 0.947933 0.611065 3.16351 0.285872 0.168434 0.0780979 0.0525219
0.00221541 2.06357 2.34865 1.77848 0.774224 0.942254 0.606194 3.12238 0.285084 0.16803 0.0776872 0.0518905
0.00227812 2.04873 2.33303 1.76444 0.768984 0.936613 0.601355 3.08164 0.284294 0.167629 0.0772829 0.0512647
0.00234259 2.03398 2.31748 1.75048 0.763778 0.93101 0.596546 3.04131 0.2835 0.167232 0.0768847 0.0506444
0.0024089 2.01932 2.30202 1.73662 0.758607 0.925446 0.591769 3.00137 0.282703 0.166839 0.0764927 0.0500296
0.00247708 2.00474 2.28664 1.72284 0.753471 0.91992 0.587022 2.96181 0.281902 0.166449 0.0761068 0.0494203
0.00254719 1.99025 2.27134 1.70915 0.748369 0.914431 0.582306 2.92265 0.281096 0.166062 0.0757269 0.0488164
0.00261928 1.97583 2.25612 1.69555 0.743301 0.90898 0.577621 2.88387 0.280287 0.16568 0.0753529 0.0482178
0.00269341 1.96151 2.24098 1.68203 0.738266 0.903566 0.572966 2.84548 0.279473 0.1653 0.0749848 0.0476247
0.00276965 1.94726 2.22591 1.6686 0.733265 0.898188 0.568341 2.80746 0.278654 0.164923 0.0746225 0.0470369
0.00284804 1.93309 2.21092 1.65526 0.728297 0.892847 0.563746 2.76982 0.27783 0.16455 0.074266 0.0464544
0.00292864 1.91901 2.19601 1.642 0.723361 0.887541 0.559182 2.73255 0.277002 0.16418 0.0739151 0.0458772
0.00301153 1.905 2.18117 1.62883 0.718459 0.882272 0.554646 2.69566 0.276167 0.163813 0.0735697 0.0453053
0.00309677 1.89107 2.1664 1.61575 0.713589 0.877037 0.550141 2.65913 0.275328 0.163448 0.0732298 0.0447386
0.00318442 1.87723 2.15171 1.60275 0.708752 0.871838 0.545666 2.62296 0.274482 0.163086 0.0728954 0.0441772
0.00327455 1.86346 2.13709 1.58983 0.703946 0.866673 0.541219 2.58717 0.27363 0.162727 0.0725663 0.0436209
0.00336723 1.84977 2.12254 1.577 0.699172 0.861542 0.536802 2.55173 0.272772 0.16237 0.0722424 0.0430698
0.00346253 1.83615 2.10806 1.56425 0.69443 0.856446 0.532414 2.51664 0.271907 0.162016 0.0719236 0.0425238
0.00356053 1.82261 2.09365 1.55158 0.689719 0.851382 0.528055 2.48192 0.271035 0.161664 0.0716099 0.0419829
0.00366131 1.80915 2.07931 1.53899 0.685038 0.846352 0.523725 2.44755 0.270156 0.161314 0.0713012 0.0414471
0.00376494 1.79576 2.06503 1.52649 0.680389 0.841355 0.519423 2.41352 0.26927 0.160966 0.0709974 0.0409163
0.0038715 1.78245 2.05082 1.51407 0.67577 0.83639 0.51515 2.37985 0.268376 0.16062 0.0706983 0.0403906
0.00398107 1.76921 2.03668 1.50173 0.671182 0.831457 0.510906 2.34651 0.267474 0.160276 0.0704038 0.0398699
0.00409375 1.75604 2.0226 1.48948 0.666623 0.826556 0.50669 2.31352 0.266564 0.159933 0.070114 0.0393541
0.00420962 1.74295 2.00859 1.4773 0.662094 0.821687 0.502502 2.28087 0.265646 0.159593 0.0698287 0.0388433
0.00432876 1.72992 1.99464 1.4652 0.657595 0.816848 0.498342 2.24856 0.264718 0.159253 0.0695477 0.0383374
0.00445128 1.71697 1.98075 1.45319 0.653125 0.81204 0.49421 2.21659 0.263782 0.158915 0.0692709 0.0378364
0.00457727 1.70409 1.96692 1.44125 0.648684 0.807263 0.490106 2.18494 0.262837 0.158578 0.0689983 0.0373403
0.00470682 1.69128 1.95316 1.42939 0.644272 0.802515 0.48603 2.15363 0.261882 0.158243 0.0687297 0.036849
0.00484003 1.67853 1.93945 1.41762 0.639888 0.797796 0.481981 2.12264 0.260917 0.157908 0.0684651 0.0363625
0.00497702 1.66586 1.9258 1.40592 0.635533 0.793107 0.477959 2.09198 0.259942 0.157574 0.0682042 0.0358808
0.00511789 1.65325 1.91221 1.39429 0.631205 0.788446 0.473965 2.06164 0.258957 0.15724 0.067947 0.0354038
0.00526274 1.64071 1.89867 1.38275 0.626906 0.783813 0.469998 2.03162 0.257961 0.156908 0.0676934 0.0349317
0.0054117 1.62824 1.88519 1.37128 0.622633 0.779208 0.466058 2.00192 0.256954 0.156575 0.0674432 0.0344642
0.00556486 1.61583 1.87177 1.3599 0.618388 0.774631 0.462145 1.97254 0.255936 0.156243 0.0671963 0.0340014
0.00572237 1.60349 1.85839 1.34858 0.61417 0.770081 0.458259 1.94347 0.254906 0.155911 0.0669526 0.0335432
0.00588433 1.59121 1.84508 1.33735 0.609978 0.765557 0.454399 1.91472 0.253864 0.155579 0.0667119 0.0330897
0.00605088 1.579 1.83181 1.32619 0.605813 0.761059 0.450566 1.88627 0.252811 0.155247 0.066474 0.0326408
0.00622213 1.56685 1.81859 1.3151 0.601674 0.756588 0.44676 1.85813 0.251745 0.154914 0.066239 0.0321965
0.00639824 1.55476 1.80543 1.30409 0.59756 0.752141 0.44298 1.83029 0.250666 0.154581 0.0660065 0.0317567
0.00657933 1.54273 1.79231 1.29316 0.593473 0.74772 0.439226 1.80276 0.249574 0.154247 0.0657765 0.0313214
0.00676555 1.53077 1.77924 1.2823 0.58941 0.743322 0.435498 1.77552 0.248469 0.153912 0.0655489 0.0308907
0.00695704 1.51887 1.76622 1.27152 0.585373 0.738949 0.431796 1.74859 0.24735 0.153577 0.0653233 0.0304644
0.00715394 1.50702 1.75324 1.26081 0.58136 0.7346 0.42812 1.72195 0.246217 0.15324 0.0650998 0.0300425
0.00735642 1.49524 1.74031 1.25017 0.577371 0.730273 0.424469 1.69561 0.245071 0.152902 0.0648781 0.0296251
0.00756463 1.48352 1.72743 1.23961 0.573407 0.725969 0.420844 1.66956 0.243909 0.152562 0.0646582 0.0292121
0.00777874 1.47185 1.71458 1.22912 0.569466 0.721687 0.417245 1.6438 0.242733 0.152221 0.0644397 0.0288034
0.0079989 1.46024 1.70178 1.2187 0.565549 0.717427 0.413671 1.61832 0.241542 0.151878 0.0642226 0.0283991
0.0082253 1.44869 1.68902 1.20835 0.561655 0.713188 0.410122 1.59314 0.240335 0.151533 0.0640066 0.0279991
0.0084581 1.43719 1.67631 1.19808 0.557784 0.70897 0.406599 1.56823 0.239113 0.151185 0.0637917 0.0276034
0.00869749 1.42575 1.66363 1.18788 0.553936 0.704772 0.4031 1.54361 0.237875 0.150836 0.0635776 0.0272119
0.00894366 1.41437 1.65099 1.17775 0.55011 0.700594 0.399627 1.51927 0.236621 0.150483 0.0633642 0.0268247
0.00919679 1.40304 1.63839 1.16769 0.546306 0.696435 0.396178 1.49521 0.23535 0.150128 0.0631512 0.0264416
0.00945709 1.39176 1.62582 1.1577 0.542524 0.692294 0.392754 1.47142 0.234062 0.14977 0.0629385 0.0260628
0.00972476 1.38054 1.6133 1.14778 0.538763 0.688172 0.389354 1.44791 0.232757 0.149409 0.0627258 0.0256881
0.01 1.36937 1.6008 1.13793 0.535024 0.684068 0.385979 1.42466 0.231435 0.149044 0.0625131 0.0253175
0.010283 1.35825 1.58834 1.12815 0.531304 0.679981 0.382628 1.40169 0.230095 0.148676 0.0623001 0.024951
0.0105741 1.34718 1.57592 1.11845 0.527606 0.67591 0.379302 1.37899 0.228737 0.148304 0.0620866 0.0245885
0.0108734 1.33617 1.56353 1.10881 0.523928 0.671856 0.375999 1.35655 0.227361 0.147928 0.0618723 0.0242302
0.0111811 1.3252 1.55117 1.09923 0.520269 0.667817 0.372721 1.33438 0.225967 0.147548 0.0616572 0.0238758
0.0114976 1.31429 1.53884 1.08973 0.51663 0.663793 0.369466 1.31247 0.224554 0.147163 0.061441 0.0235254
0.011823 1.30342 1.52654 1.0803 0.51301 0.659784 0.366235 1.29082 0.223122 0.146774 0.0612235 0.0231789
0.0121576 1.2926 1.51427 1.07093 0.509408 0.655788 0.363028 1.26943 0.221671 0.14638 0.0610044 0.0228364
0.0125017 1.28183 1.50203 1.06163 0.505825 0.651806 0.359845 1.2483 0.220201 0.145981 0.0607836 0.0224978
0.0128556 1.27111 1.48982 1.0524 0.502261 0.647837 0.356685 1.22742 0.218711 0.145576 0.0605609 0.022163
0.0132194 1.26044 1.47764 1.04324 0.498714 0.643879 0.353548 1.20679 0.217201 0.145166 0.0603359 0.0218321
0.0135936 1.24981 1.46548 1.03414 0.495184 0.639934 0.350434 1.18642 0.215672 0.14475 0.0601086 0.021505
0.0139783 1.23923 1.45335 1.02511 0.491672 0.635999 0.347344 1.16629 0.214122 0.144328 0.0598787 0.0211817
0.0143739 1.22869 1.44124 1.01614 0.488176 0.632075 0.344276 1.14642 0.212551 0.1439 0.0596459 0.0208621
0.0147808 1.2182 1.42916 1.00724 0.484696 0.628161 0.341232 1.12679 0.210961 0.143465 0.0594101 0.0205463
0.0151991 1.20775 1.4171 0.998405 0.481233 0.624256 0.33821 1.1074 0.209349 0.143023 0.059171 0.0202341
0.0156293 1.19735 1.40507 0.989635 0.477785 0.620359 0.33521 1.08825 0.207717 0.142574 0.0589283 0.0199256
0.0160717 1.18699 1.39306 0.98093 0.474352 0.616471 0.332234 1.06935 0.206063 0.142118 0.058682 0.0196207
0.0165265 1.17668 1.38107 0.97229 0.470934 0.612589 0.32928 1.05069 0.204389 0.141655 0.0584316 0.0193195
0.0169943 1.16641 1.3691 0.963713 0.467531 0.608715 0.326348 1.03226 0.202693 0.141184 0.0581771 0.0190218
0.0174753 1.15618 1.35715 0.955201 0.464142 0.604846 0.323438 1.01407 0.200976 0.140704 0.0579182 0.0187276
0.0179699 1.14599 1.34523 0.946752 0.460767 0.600983 0.32055 0.996109 0.199237 0.140217 0.0576545 0.018437
0.0184785 1.13584 1.33332 0.938367 0.457405 0.597125 0.317684 0.978382 0.197478 0.13972 0.057386 0.0181498
0.0190015 1.12574 1.32144 0.930044 0.454056 0.593271 0.314841 0.960886 0.195696 0.139215 0.0571124 0.0178661
0.0195393 1.11568 1.30957 0.921784 0.450719 0.58942 0.312018 0.943618 0.193894 0.138701 0.0568335 0.0175859
0.0200923 1.10566 1.29772 0.913586 0.447395 0.585572 0.309218 0.926577 0.192069 0.138177 0.056549 0.017309
0.020661 1.09567 1.2859 0.90545 0.444082 0.581726 0.306439 0.90976 0.190223 0.137644 0.0562587 0.0170354
0.0212458 1.08573 1.27409 0.897376 0.440781 0.577881 0.303681 0.893167 0.188356 0.1371 0.0559624 0.0167652
0.0218471 1.07583 1.2623 0.889363 0.437491 0.574037 0.300944 0.876796 0.186468 0.136546 0.0556599 0.0164983
0.0224655 1.06597 1.25053 0.881412 0.434211 0.570194 0.298229 0.860644 0.184558 0.135982 0.0553509 0.0162346
0.0231013 1.05615 1.23877 0.873521 0.430942 0.566349 0.295535 0.84471 0.182627 0.135407 0.0550353 0.0159742
0.0237551 1.04636 1.22704 0.86569 0.427682 0.562503 0.292861 0.828993 0.180675 0.134821 0.0547129 0.015717
0.0244275 1.03662 1.21532 0.85792 0.424432 0.558655 0.290208 0.81349 0.178701 0.134224 0.0543833 0.0154629
0.0251189 1.02692 1.20362 0.850209 0.42119 0.554805 0.287576 0.7982 0.176708 0.133614 0.0540465 0.015212
0.0258298 1.01725 1.19194 0.842558 0.417957 0.55095 0.284964 0.783122 0.174693 0.132993 0.0537023 0.0149642
0.0265609 1.00762 1.18028 0.834966 0.414732 0.547092 0.282373 0.768253 0.172659 0.13236 0.0533504 0.0147194
0.0273126 0.998036 1.16864 0.827432 0.411515 0.543229 0.279801 0.753592 0.170604 0.131714 0.0529906 0.0144777
0.0280857 0.988487 1.15702 0.819957 0.408305 0.53936 0.27725 0.739137 0.16853 0.131055 0.0526229 0.014239
0.0288806 0.978976 1.14541 0.81254 0.405102 0.535484 0.274719 0.724886 0.166436 0.130383 0.052247 0.0140032
0.029698 0.969504 1.13383 0.805181 0.401905 0.531602 0.272207 0.710838 0.164323 0.129697 0.0518627 0.0137704
0.0305386 0.960071 1.12226 0.797879 0.398713 0.527712 0.269715 0.696991 0.162192 0.128998 0.0514699 0.0135405
0.0314029 0.950676 1.11072 0.790634 0.395528 0.523813 0.267242 0.683343 0.160042 0.128285 0.0510685 0.0133135
0.0322917 0.94132 1.09919 0.783446 0.392347 0.519905 0.264789 0.669893 0.157874 0.127558 0.0506584 0.0130893
0.0332057 0.932003 1.08769 0.776314 0.389171 0.515987 0.262354 0.656638 0.155689 0.126816 0.0502393 0.0128679
0.0341455 0.922725 1.07621 0.769238 0.385999 0.512058 0.259939 0.643578 0.153487 0.126059 0.0498112 0.0126493
0.0351119 0.913487 1.06476 0.762218 0.38283 0.508118 0.257542 0.63071 0.151269 0.125288 0.049374 0.0124335
0.0361057 0.904287 1.05332 0.755252 0.379665 0.504165 0.255164 0.618032 0.149035 0.124501 0.0489276 0.0122203
0.0371276 0.895127 1.04191 0.748342 0.376502 0.5002 0.252805 0.605543 0.146786 0.123698 0.0484719 0.0120098
0.0381784 0.886007 1.03053 0.741485 0.373342 0.496221 0.250463 0.593242 0.144522 0.122879 0.0480069 0.011802
0.039259 0.876927 1.01917 0.734683 0.370184 0.492228 0.248139 0.581125 0.142245 0.122044 0.0475325 0.0115968
0.0403702 0.867888 1.00784 0.727934 0.367026 0.488219 0.245834 0.569193 0.139954 0.121193 0.0470486 0.0113941
0.0415128 0.858889 0.99654 0.721238 0.36387 0.484195 0.243546 0.557442 0.137651 0.120325 0.0465552 0.011194
0.0426877 0.849931 0.985267 0.714594 0.360715 0.480155 0.241275 0.545871 0.135337 0.11944 0.0460524 0.0109964
0.0438959 0.841014 0.974025 0.708002 0.357559 0.476097 0.239021 0.534478 0.133011 0.118538 0.0455401 0.0108013
0.0451383 0.832139 0.962815 0.701463 0.354403 0.472022 0.236784 0.523262 0.130676 0.117619 0.0450183 0.0106086
0.0464159 0.823306 0.951638 0.694974 0.351246 0.467928 0.234564 0.512221 0.128332 0.116682 0.0444872 0.0104184
0.0477296 0.814515 0.940495 0.688535 0.348088 0.463815 0.232361 0.501353 0.12598 0.115727 0.0439466 0.0102305
0.0490805 0.805767 0.929387 0.682148 0.344927 0.459682 0.230173 0.490655 0.12362 0.114754 0.0433969 0.010045
0.0504697 0.797063 0.918317 0.675809 0.341765 0.455528 0.228001 0.480127 0.121254 0.113763 0.0428379 0.00986177
0.0518981 0.788402 0.907285 0.669519 0.338599 0.451354 0.225845 0.469767 0.118883 0.112754 0.0422699 0.00968084
0.053367 0.779786 0.896294 0.663278 0.335431 0.447157 0.223704 0.459573 0.116508 0.111726 0.041693 0.00950218
0.0548775 0.771214 0.885344 0.657084 0.332258 0.442939 0.221578 0.449542 0.11413 0.11068 0.0411072 0.00932573
0.0564307 0.762688 0.874437 0.650938 0.329082 0.438697 0.219467 0.439674 0.11175 0.109615 0.0405129 0.00915148
0.0580278 0.754207 0.863575 0.644838 0.325901 0.434432 0.21737 0.429965 0.109369 0.108531 0.0399102 0.00897939
0.0596702 0.745772 0.85276 0.638784 0.322715 0.430143 0.215287 0.420416 0.106988 0.107428 0.0392992 0.00880944
0.0613591 0.737384 0.841993 0.632775 0.319523 0.425829 0.213218 0.411023 0.104609 0.106306 0.0386803 0.00864159
0.0630957 0.729043 0.831275 0.62681 0.316326 0.42149 0.211162 0.401785 0.102233 0.105164 0.0380537 0.00847582
0.0648815 0.720749 0.820609 0.620889 0.313122 0.417125 0.209118 0.3927 0.0998601 0.104004 0.0374196 0.00831209
0.0667179 0.712504 0.809996 0.615011 0.309911 0.412734 0.207087 0.383766 0.0974928 0.102824 0.0367784 0.00815038
0.0686062 0.704306 0.799438 0.609174 0.306692 0.408317 0.205068 0.374981 0.0951321 0.101625 0.0361304 0.00799066
0.070548 0.696158 0.788937 0.603379 0.303466 0.403872 0.20306 0.366344 0.0927791 0.100406 0.0354759 0.0078329
0.0725448 0.688059 0.778494 0.597624 0.300232 0.399401 0.201063 0.357853 0.0904351 0.0991688 0.0348153 0.00767708
0.074598 0.68001 0.768111 0.591908 0.296989 0.394901 0.199076 0.349505 0.0881015 0.0979122 0.034149 0.00752318
0.0767094 0.67201 0.75779 0.586231 0.293736 0.390373 0.1971 0.3413 0.0857796 0.0966365 0.0334773 0.00737116
0.0788805 0.664061 0.747532 0.580591 0.290474 0.385816 0.195133 0.333234 0.0834707 0.0953418 0.0328006 0.007221
0.0811131 0.656163 0.737339 0.574986 0.287202 0.381231 0.193174 0.325307 0.0811762 0.0940284 0.0321195 0.00707268
0.0834088 0.648315 0.727212 0.569417 0.28392 0.376616 0.191223 0.317517 0.0788974 0.0926963 0.0314344 0.00692618
0.0857696 0.640517 0.717153 0.563882 0.280626 0.371972 0.18928 0.309861 0.0766356 0.0913459 0.0307457 0.00678146
0.0881971 0.632771 0.707163 0.558379 0.277321 0.367298 0.187344 0.302339 0.0743922 0.0899773 0.0300539 0.00663853
0.0906934 0.625076 0.697244 0.552907 0.274004 0.362595 0.185414 0.294947 0.0721684 0.0885907 0.0293596 0.00649734
0.0932603 0.617431 0.687397 0.547466 0.270675 0.357861 0.183488 0.287685 0.0699656 0.0871865 0.0286633 0.00635788
0.0958999 0.609837 0.677623 0.542052 0.267333 0.353098 0.181567 0.28055 0.0677852 0.0857651 0.0279654 0.00622014
0.0986142 0.602294 0.667922 0.536666 0.263977 0.348304 0.17965 0.273541 0.0656284 0.0843268 0.0272667 0.00608409
0.101405 0.594801 0.658297 0.531304 0.260608 0.34348 0.177736 0.266657 0.0634964 0.082872 0.0265675 0.00594972
0.104275 0.587357 0.648747 0.525966 0.257224 0.338625 0.175823 0.259894 0.0613906 0.0814011 0.0258686 0.00581701
0.107227 0.579962 0.639274 0.52065 0.253825 0.33374 0.17391 0.253252 0.059312 0.0799147 0.0251704 0.00568595
0.110262 0.572616 0.629878 0.515354 0.250411 0.328824 0.171998 0.246729 0.057262 0.0784134 0.0244737 0.00555652
0.113382 0.565317 0.620559 0.510075 0.246981 0.323879 0.170084 0.240323 0.0552418 0.0768975 0.0237789 0.00542871
0.116591 0.558064 0.611317 0.504812 0.243535 0.318903 0.168167 0.234033 0.0532523 0.0753679 0.0230867 0.00530251
0.119891 0.550858 0.602152 0.499563 0.240071 0.313897 0.166246 0.227856 0.0512948 0.0738251 0.0223977 0.0051779
0.123285 0.543695 0.593065 0.494324 0.236591 0.30886 0.164321 0.221792 0.0493703 0.0722698 0.0217125 0.00505488
0.126774 0.536574 0.584054 0.489095 0.233092 0.303794 0.162389 0.215838 0.0474797 0.0707029 0.0210317 0.00493344
0.130362 0.529495 0.575119 0.483871 0.229574 0.298699 0.160449 0.209994 0.0456241 0.069125 0.0203559 0.00481356
0.134052 0.522455 0.56626 0.478651 0.226037 0.293574 0.158499 0.204256 0.0438044 0.0675371 0.0196858 0.00469525
0.137846 0.515452 0.557474 0.473431 0.222479 0.288419 0.156539 0.198625 0.0420214 0.06594 0.019022 0.00457849
0.141747 0.508484 0.54876 0.468208 0.218901 0.283236 0.154567 0.193098 0.0402759 0.0643347 0.0183649 0.00446328
0.145759 0.501548 0.540117 0.462979 0.215302 0.278024 0.15258 0.187674 0.0385688 0.0627221 0.0177153 0.00434962
0.149885 0.494642 0.531543 0.457741 0.21168 0.272784 0.150577 0.182351 0.0369006 0.0611033 0.0170737 0.0042375
0.154127 0.487762 0.523034 0.45249 0.208036 0.267515 0.148556 0.177128 0.035272 0.0594793 0.0164406 0.00412691
0.158489 0.480905 0.514589 0.447222 0.204368 0.262219 0.146516 0.172003 0.0336837 0.0578513 0.0158166 0.00401786
0.162975 0.474068 0.506204 0.441932 0.200675 0.256895 0.144454 0.166976 0.032136 0.0562205 0.0152022 0.00391034
0.167588 0.467247 0.497877 0.436618 0.196956 0.251544 0.142368 0.162045 0.0306295 0.054588 0.014598 0.00380435
0.172331 0.460438 0.489602 0.431273 0.193212 0.246167 0.140256 0.157207 0.0291646 0.0529552 0.0140044 0.00369989
0.177209 0.453635 0.481376 0.425893 0.18944 0.240763 0.138116 0.152463 0.0277414 0.0513232 0.0134219 0.00359695
0.182224 0.446834 0.473195 0.420474 0.18564 0.235333 0.135946 0.147811 0.0263604 0.0496936 0.0128509 0.00349554
0.187382 0.440031 0.465052 0.415009 0.18181 0.229878 0.133743 0.143249 0.0250216 0.0480675 0.0122919 0.00339565
0.192685 0.433218 0.456943 0.409493 0.177951 0.224397 0.131504 0.138777 0.0237251 0.0464466 0.0117452 0.00329729
0.198139 0.426391 0.448862 0.40392 0.17406 0.218892 0.129228 0.134392 0.022471 0.0448321 0.0112112 0.00320044
0.203747 0.419543 0.440802 0.398284 0.170137 0.213362 0.126911 0.130094 0.0212593 0.0432257 0.0106903 0.00310511
0.209514 0.412667 0.432756 0.392577 0.16618 0.207809 0.124552 0.125882 0.0200898 0.0416287 0.0101827 0.00301129
0.215443 0.405755 0.424717 0.386792 0.16219 0.202233 0.122147 0.121753 0.0189624 0.0400429 0.00968874 0.00291897
0.221541 0.3988 0.416677 0.380923 0.158164 0.196633 0.119694 0.117708 0.0178769 0.0384696 0.00920859 0.00282815
0.227812 0.391793 0.408626 0.374961 0.154102 0.191012 0.117191 0.113744 0.0168328 0.0369105 0.00874249 0.00273882
0.234259 0.384727 0.400556 0.368897 0.150002 0.18537 0.114635 0.109861 0.0158299 0.0353673 0.00829059 0.00265097
0.24089 0.37759 0.392458 0.362722 0.145865 0.179707 0.112024 0.106057 0.0148678 0.0338414 0.00785302 0.00256459
0.247708 0.370373 0.384319 0.356427 0.141689 0.174024 0.109355 0.102331 0.0139459 0.0323346 0.00742987 0.00247965
0.254719 0.363064 0.376128 0.350001 0.137474 0.168322 0.106626 0.0986817 0.0130636 0.0308484 0.0070212 0.00239614
0.261928 0.355653 0.367874 0.343433 0.133219 0.162603 0.103834 0.0951077 0.0122205 0.0293845 0.00662703 0.00231403
0.269341 0.348125 0.359541 0.336709 0.128923 0.156868 0.100979 0.0916078 0.0114157 0.0279444 0.00624733 0.00223328
0.276965 0.340465 0.351113 0.329816 0.124587 0.151117 0.0980574 0.0881807 0.0106487 0.0265298 0.00588204 0.00215387
0.284804 0.332652 0.342571 0.322733 0.120209 0.145352 0.0950673 0.0848251 0.00991858 0.0251422 0.00553106 0.00207572
0.292864 0.324659 0.333883 0.315434 0.115789 0.139572 0.0920055 0.08154 0.0092246 0.0237832 0.00519424 0.00199875
0.301153 0.316432 0.324998 0.307866 0.111319 0.133773 0.0888646 0.0783245 0.00856587 0.0224543 0.00487137 0.00192285
0.309677 0.30779 0.315731 0.299848 0.106772 0.127929 0.0856144 0.0751793 0.00794155 0.0211573 0.00456209 0.00184767
0.318442 0.299641 0.307355 0.291928 0.103647 0.124321 0.0829724 0.0740096 0.0077135 0.0206744 0.00444776 0.00181847
0.321833 0.296618 0.304111 0.289126 0.101996 0.122197 0.081795 0.0728609 0.00749248 0.0202012 0.00433652 0.00178972
0.325224 0.293605 0.300883 0.286327 0.100359 0.120097 0.0806218 0.0717325 0.00727824 0.0197377 0.00422828 0.00176141
0.328614 0.290601 0.297671 0.28353 0.0987364 0.11802 0.0794529 0.0706239 0.00707054 0.0192835 0.00412293 0.00173352
0.332005 0.287605 0.294474 0.280736 0.0971271 0.115966 0.0782884 0.0695344 0.00686917 0.0188386 0.00402039 0.00170604
0.335396 0.284618 0.291292 0.277944 0.0955312 0.113934 0.0771285 0.0684635 0.00667389 0.0184028 0.00392057 0.00167896
0.338787 0.281638 0.288123 0.275154 0.0939489 0.111925 0.0759731 0.0674107 0.00648452 0.0179758 0.00382339 0.00165227
0.342178 0.278666 0.284967 0.272365 0.0923801 0.109938 0.0748225 0.0663754 0.00630083 0.0175575 0.00372876 0.00162596
0.345569 0.275701 0.281824 0.269578 0.0908247 0.107973 0.0736769 0.0653571 0.00612264 0.0171478 0.00363662 0.00160002
0.348959 0.272743 0.278692 0.266793 0.0892827 0.106029 0.0725362 0.0643553 0.00594977 0.0167465 0.00354687 0.00157445
0.35235 0.269791 0.275573 0.264009 0.087754 0.104107 0.0714006 0.0633696 0.00578203 0.0163534 0.00345945 0.00154922
0.355741 0.266845 0.272464 0.261226 0.0862388 0.102207 0.0702703 0.0623995 0.00561925 0.0159684 0.0033743 0.00152434
0.359132 0.263905 0.269366 0.258444 0.0847368 0.100328 0.0691455 0.0614445 0.00546127 0.0155913 0.00329133 0.00149979
0.362523 0.260971 0.266279 0.255663 0.0832482 0.0984702 0.0680262 0.0605043 0.00530792 0.015222 0.00321048 0.00147558
0.365914 0.258042 0.263201 0.252883 0.0817729 0.0966332 0.0669126 0.0595784 0.00515906 0.0148603 0.00313169 0.00145168
0.369305 0.255119 0.260133 0.250104 0.0803109 0.094817 0.0658048 0.0586664 0.00501453 0.0145061 0.0030549 0.00142809
0.372695 0.2522 0.257075 0.247326 0.0788623 0.0930215 0.064703 0.057768 0.0048742 0.0141592 0.00298005 0.00140481
0.376086 0.249287 0.254025 0.244549 0.077427 0.0912466 0.0636074 0.0568828 0.00473792 0.0138196 0.00290708 0.00138183
0.379477 0.246379 0.250985 0.241773 0.0760051 0.0894921 0.0625181 0.0560104 0.00460557 0.013487 0.00283593 0.00135914
0.382868 0.243475 0.247952 0.238998 0.0745966 0.0877579 0.0614353 0.0551506 0.00447701 0.0131613 0.00276656 0.00133673
0.386259 0.240577 0.244929 0.236225 0.0732016 0.086044 0.0603591 0.0543029 0.00435213 0.0128424 0.0026989 0.00131461
0.38965 0.237683 0.241914 0.233452 0.07182 0.0843502 0.0592897 0.0534671 0.00423081 0.0125302 0.00263292 0.00129276
0.39304 0.234794 0.238907 0.230681 0.0704519 0.0826764 0.0582273 0.0526429 0.00411293 0.0122246 0.00256855 0.00127118
0.396431 0.231909 0.235907 0.227911 0.0690973 0.0810226 0.057172 0.0518299 0.00399838 0.0119253 0.00250576 0.00124986
0.399822 0.229029 0.232916 0.225142 0.0677563 0.0793887 0.056124 0.0510279 0.00388707 0.0116324 0.00244449 0.00122881
0.403213 0.226154 0.229933 0.222375 0.066429 0.0777746 0.0550834 0.0502366 0.00377887 0.0113456 0.00238471 0.001208
0.406604 0.223284 0.226958 0.21961 0.0651153 0.0761802 0.0540504 0.0494558 0.00367371 0.0110649 0.00232637 0.00118745
0.409995 0.220419 0.22399 0.216847 0.0638153 0.0746054 0.0530251 0.0486851 0.00357148 0.0107901 0.00226943 0.00116714
0.413385 0.217558 0.221031 0.214086 0.0625291 0.0730503 0.0520078 0.0479245 0.00347209 0.0105212 0.00221386 0.00114707
0.416776 0.214703 0.218079 0.211328 0.0612566 0.0715146 0.0509986 0.0471735 0.00337545 0.010258 0.00215961 0.00112724
0.420167 0.211853 0.215135 0.208572 0.0599981 0.0699985 0.0499977 0.0464321 0.00328148 0.0100004 0.00210664 0.00110764
0.423558 0.209009 0.212199 0.205819 0.0587534 0.0685017 0.0490051 0.0456999 0.0031901 0.00974832 0.00205493 0.00108827
0.426949 0.20617 0.209271 0.203068 0.0575227 0.0670244 0.0480211 0.0449768 0.00310123 0.00950163 0.00200443 0.00106913
0.43034 0.203336 0.206351 0.200321 0.056306 0.0655663 0.0470458 0.0442626 0.00301479 0.00926024 0.00195511 0.00105021
0.43373 0.200509 0.203439 0.197578 0.0551034 0.0641274 0.0460793 0.0435571 0.0029307 0.00902405 0.00190695 0.00103151
0.437121 0.197687 0.200536 0.194838 0.0539149 0.0627078 0.0451219 0.0428601 0.00284891 0.00879295 0.0018599 0.00101303
0.440512 0.194872 0.197642 0.192103 0.0527405 0.0613073 0.0441736 0.0421714 0.00276933 0.00856685 0.00181395 0.000994764
0.443903 0.192064 0.194756 0.189372 0.0515803 0.059926 0.0432346 0.0414908 0.0026919 0.00834566 0.00176905 0.000976708
0.447294 0.189262 0.191879 0.186646 0.0504344 0.0585637 0.0423051 0.0408183 0.00261656 0.00812928 0.00172519 0.00095886
0.450685 0.186468 0.189011 0.183924 0.0493027 0.0572204 0.0413851 0.0401535 0.00254324 0.00791762 0.00168233 0.000941219
0.454075 0.18368 0.186152 0.181208 0.0481854 0.055896 0.0404749 0.0394965 0.00247189 0.00771059 0.00164045 0.000923782
0.457466 0.180901 0.183303 0.178498 0.0470825 0.0545906 0.0395744 0.038847 0.00240245 0.0075081 0.00159952 0.000906548
0.460857 0.178129 0.180464 0.175794 0.045994 0.0533041 0.038684 0.0382049 0.00233486 0.00731006 0.00155952 0.000889513
0.464248 0.175366 0.177635 0.173097 0.04492 0.0520364 0.0378036 0.03757 0.00226907 0.00711639 0.00152043 0.000872676
0.467639 0.172611 0.174816 0.170406 0.0438604 0.0507874 0.0369334 0.0369424 0.00220503 0.00692701 0.00148222 0.000856036
0.47103 0.169865 0.172007 0.167722 0.0428153 0.0495572 0.0360735 0.0363217 0.00214268 0.00674183 0.00144487 0.00083959
0.47442 0.167128 0.16921 0.165046 0.0417848 0.0483456 0.0352241 0.0357079 0.00208199 0.00656077 0.00140835 0.000823337
0.477811 0.164401 0.166424 0.162378 0.0407689 0.0471527 0.0343852 0.035101 0.00202289 0.00638375 0.00137265 0.000807276
0.481202 0.161684 0.163649 0.159718 0.0397676 0.0459783 0.0335569 0.0345007 0.00196535 0.0062107 0.00133775 0.000791404
0.484593 0.158977 0.160886 0.157068 0.0387809 0.0448224 0.0327393 0.0339071 0.00190932 0.00604154 0.00130363 0.000775721
0.487984 0.156281 0.158136 0.154426 0.0378088 0.043685 0.0319326 0.0333199 0.00185476 0.00587619 0.00127026 0.000760225
0.491375 0.153596 0.155398 0.151794 0.0368513 0.0425659 0.0311367 0.0327392 0.00180163 0.00571459 0.00123764 0.000744915
0.494765 0.150923 0.152673 0.149173 0.0359085 0.0414652 0.0303519 0.0321648 0.00174989 0.00555665 0.00120573 0.000729789
0.498156 0.148261 0.149961 0.146562 0.0349804 0.0403827 0.0295781 0.0315966 0.0016995 0.00540231 0.00117454 0.000714848
0.501547 0.145612 0.147263 0.143962 0.0340669 0.0393184 0.0288154 0.0310346 0.00165043 0.00525149 0.00114403 0.000700089
0.504938 0.142976 0.144579 0.141373 0.0331681 0.0382722 0.028064 0.0304787 0.00160263 0.00510414 0.00111419 0.000685511
0.508329 0.140353 0.141909 0.138797 0.0322839 0.0372441 0.0273237 0.0299288 0.00155608 0.00496018 0.00108501 0.000671115
0.51172 0.137744 0.139255 0.136233 0.0314144 0.0362339 0.0265948 0.0293848 0.00151073 0.00481955 0.00105647 0.000656898
0.51511 0.135149 0.136615 0.133682 0.0305595 0.0352417 0.0258773 0.0288468 0.00146657 0.00468218 0.00102857 0.00064286
0.518501 0.132568 0.133991 0.131144 0.0297192 0.0342672 0.0251711 0.0283146 0.00142355 0.00454801 0.00100127 0.000629001
0.521892 0.130002 0.131384 0.128621 0.0288934 0.0333104 0.0244764 0.0277882 0.00138164 0.00441698 0.000974574 0.000615319
0.525283 0.127452 0.128793 0.126111 0.0280822 0.0323713 0.0237932 0.0272675 0.00134082 0.00428903 0.000948465 0.000601814
0.528674 0.124918 0.126219 0.123617 0.0272856 0.0314497 0.0231215 0.0267525 0.00130106 0.00416409 0.000922929 0.000588485
0.532065 0.1224 0.123663 0.121138 0.0265034 0.0305455 0.0224613 0.0262431 0.00126233 0.00404211 0.000897955 0.000575331
0.535455 0.119899 0.121124 0.118675 0.0257356 0.0296586 0.0218126 0.0257393 0.0012246 0.00392303 0.000873531 0.000562353
0.538846 0.117416 0.118604 0.116228 0.0249823 0.028789 0.0211755 0.0252411 0.00118785 0.00380679 0.000849643 0.000549548
0.542237 0.11495 0.116102 0.113798 0.0242432 0.0279366 0.0205499 0.0247484 0.00115205 0.00369334 0.000826283 0.000536917
0.545628 0.112503 0.11362 0.111386 0.0235185 0.0271011 0.0199358 0.0242612 0.00111717 0.00358262 0.000803437 0.00052446
0.549019 0.110074 0.111157 0.108991 0.0228079 0.0262825 0.0193333 0.0237794 0.00108321 0.00347458 0.000781096 0.000512175
0.55241 0.107665 0.108715 0.106615 0.0221116 0.0254807 0.0187424 0.023303 0.00105012 0.00336917 0.000759249 0.000500062
0.5558 0.105275 0.106293 0.104257 0.0214293 0.0246956 0.0181629 0.022832 0.00101789 0.00326634 0.000737887 0.000488121
0.559191 0.102906 0.103893 0.10192 0.020761 0.023927 0.017595 0.0223664 0.000986501 0.00316602 0.000716999 0.000476351
0.562582 0.100557 0.101513 0.0996015 0.0201066 0.0231748 0.0170385 0.0219061 0.000955928 0.00306818 0.000696576 0.000464751
0.565973 0.0982299 0.099156 0.0973037 0.0194661 0.0224389 0.0164934 0.0214512 0.000926152 0.00297277 0.000676608 0.000453322
0.569364 0.095924 0.0968212 0.0950269 0.0188394 0.0217191 0.0159597 0.0210015 0.000897152 0.00287973 0.000657087 0.000442062
0.572755 0.0936403 0.0945092 0.0927714 0.0182263 0.0210153 0.0154373 0.0205571 0.000868911 0.00278902 0.000638005 0.000430972
0.576146 0.0913791 0.0922206 0.0905377 0.0176268 0.0203274 0.0149262 0.020118 0.000841409 0.00270059 0.000619351 0.00042005
0.579536 0.089141 0.0899556 0.0883263 0.0170408 0.0196552 0.0144264 0.0196841 0.000814629 0.0026144 0.00060112 0.000409296
0.582927 0.0869263 0.0877148 0.0861377 0.0164681 0.0189985 0.0139377 0.0192554 0.000788552 0.0025304 0.000583301 0.00039871
0.586318 0.0847355 0.0854987 0.0839723 0.0159086 0.0183572 0.0134601 0.018832 0.000763164 0.00244855 0.000565888 0.000388291
0.589709 0.0825691 0.0833075 0.0818306 0.0153623 0.0177311 0.0129935 0.0184137 0.000738446 0.00236881 0.000548872 0.000378038
0.5931 0.0804275 0.0811419 0.0797131 0.0148291 0.0171202 0.0125379 0.0180006 0.000714382 0.00229112 0.000532247 0.000367952
0.596491 0.0783111 0.0790021 0.0776202 0.0143087 0.0165241 0.0120932 0.0175927 0.000690959 0.00221546 0.000516006 0.000358031
0.599881 0.0762204 0.0768886 0.0755523 0.0138011 0.0159428 0.0116593 0.01719 0.000668159 0.00214178 0.00050014 0.000348276
0.603272 0.0741558 0.0748018 0.0735098 0.0133061 0.0153761 0.011236 0.0167925 0.000645969 0.00207004 0.000484643 0.000338684
0.606663 0.0721176 0.0727419 0.0714932 0.0128236 0.0148238 0.0108234 0.0164001 0.000624375 0.00200019 0.000469509 0.000329257
0.610054 0.0701062 0.0707096 0.0695028 0.0123535 0.0142857 0.0104213 0.0160128 0.000603362 0.00193221 0.000454731 0.000319993
0.613445 0.0681221 0.068705 0.0675392 0.0118956 0.0137617 0.0100296 0.0156307 0.000582917 0.00186605 0.000440303 0.000310891
0.616836 0.0661655 0.0667285 0.0656025 0.0114498 0.0132515 0.00964815 0.0152537 0.000563026 0.00180167 0.000426217 0.000301951
0.620226 0.064237 0.0647806 0.0636933 0.011016 0.012755 0.00927692 0.0148819 0.000543678 0.00173904 0.000412469 0.000293173
0.623617 0.0623367 0.0628616 0.0618118 0.0105939 0.012272 0.00891576 0.0145151 0.00052486 0.00167812 0.000399052 0.000284555
0.627008 0.0604651 0.0609717 0.0599585 0.0101834 0.0118023 0.00856455 0.0141535 0.000506559 0.00161888 0.00038596 0.000276097
0.630399 0.0586224 0.0591112 0.0581337 0.00978445 0.0113457 0.00822317 0.013797 0.000488763 0.00156128 0.000373188 0.000267798
0.63379 0.0568091 0.0572805 0.0563376 0.00939678 0.0109021 0.0078915 0.0134456 0.000471462 0.00150528 0.000360729 0.000259658
0.637181 0.0550252 0.0554798 0.0545706 0.00902027 0.0104711 0.00756941 0.0130993 0.000454643 0.00145086 0.000348579 0.000251675
0.640571 0.0532712 0.0537095 0.0528329 0.00865474 0.0100527 0.00725677 0.0127581 0.000438297 0.00139797 0.000336732 0.000243849
0.643962 0.0515473 0.0519697 0.0511249 0.00830004 0.00964663 0.00695345 0.012422 0.000422411 0.00134659 0.000325182 0.000236178
0.647353 0.0498537 0.0502607 0.0494467 0.00795598 0.00925266 0.00665929 0.012091 0.000406977 0.00129669 0.000313925 0.000228663
0.650744 0.0481906 0.0485826 0.0477987 0.0076224 0.00887062 0.00637418 0.011765 0.000391983 0.00124822 0.000302955 0.000221301
0.654135 0.0465583 0.0469357 0.0461809 0.00729913 0.0085003 0.00609796 0.0114441 0.00037742 0.00120117 0.000292267 0.000214093
0.657526 0.044957 0.0453203 0.0445937 0.00698598 0.00814148 0.00583049 0.0111283 0.000363277 0.0011555 0.000281856 0.000207037
0.660916 0.0433869 0.0437364 0.0430373 0.00668279 0.00779397 0.00557162 0.0108176 0.000349547 0.00111118 0.000271718 0.000200132
0.664307 0.041848 0.0421842 0.0415117 0.00638938 0.00745756 0.00532121 0.0105119 0.000336218 0.00106818 0.000261848 0.000193377
0.667698 0.0403405 0.0406638 0.0400172 0.00610557 0.00713203 0.0050791 0.0102113 0.000323282 0.00102647 0.00025224 0.00018677
0.671089 0.0388646 0.0391753 0.0385538 0.00583116 0.00681719 0.00484514 0.00991567 0.000310731 0.000986021 0.000242891 0.000180312
0.67448 0.0374203 0.0377188 0.0371217 0.005566 0.00651281 0.00461919 0.0096251 0.000298555 0.000946809 0.000233795 0.000174001
0.677871 0.0360077 0.0362944 0.0357209 0.00530988 0.00621869 0.00440107 0.00933956 0.000286747 0.000908805 0.000224949 0.000167835
0.681261 0.0346269 0.0349022 0.0343516 0.00506263 0.00593461 0.00419065 0.00905902 0.000275297 0.000871982 0.000216347 0.000161814
0.684652 0.0332779 0.0335421 0.0330137 0.00482406 0.00566037 0.00398775 0.00878348 0.000264198 0.000836311 0.000207986 0.000155936
0.688043 0.0319608 0.0322142 0.0317073 0.004594 0.00539576 0.00379223 0.00851294 0.000253442 0.000801767 0.00019986 0.000150199
0.691434 0.0306754 0.0309184 0.0304324 0.00437224 0.00514057 0.00360392 0.00824736 0.00024302 0.000768325 0.000191967 0.000144604
0.694825 0.0294219 0.0296548 0.0291889 0.00415862 0.00489458 0.00342266 0.00798676 0.000232926 0.000735958 0.0001843 0.000139147
0.698216 0.0282001 0.0284232 0.0279769 0.00395295 0.00465759 0.0032483 0.0077311 0.000223152 0.000704642 0.000176858 0.000133829
0.701606 0.0270099 0.0272236 0.0267962 0.00375503 0.00442938 0.00308067 0.00748037 0.00021369 0.000674352 0.000169634 0.000128647
0.704997 0.0258514 0.0260559 0.0256469 0.00356468 0.00420974 0.00291962 0.00723456 0.000204534 0.000645064 0.000162625 0.0001236
0.708388 0.0247243 0.02492 0.0245286 0.00338173 0.00399848 0.00276497 0.00699366 0.000195675 0.000616754 0.000155828 0.000118687
0.711779 0.0236286 0.0238157 0.0234415 0.00320598 0.00379538 0.00261658 0.00675763 0.000187108 0.000589399 0.000149238 0.000113906
0.71517 0.022564 0.0227428 0.0223852 0.00303726 0.00360023 0.00247428 0.00652647 0.000178825 0.000562975 0.000142851 0.000109256
0.718561 0.0215304 0.0217012 0.0213596 0.00287538 0.00341284 0.00233792 0.00630015 0.00017082 0.000537461 0.000136663 0.000104735
0.721951 0.0205276 0.0206907 0.0203645 0.00272016 0.003233 0.00220733 0.00607865 0.000163087 0.000512833 0.00013067 0.000100341
0.725342 0.0195554 0.019711 0.0193998 0.00257143 0.0030605 0.00208236 0.00586196 0.000155618 0.00048907 0.000124869 9.60736e-05
0.728733 0.0186135 0.0187619 0.0184651 0.00242899 0.00289514 0.00196284 0.00565004 0.000148407 0.000466151 0.000119256 9.19304e-05
0.732124 0.0177017 0.0178432 0.0175603 0.00229268 0.00273674 0.00184863 0.00544286 0.000141449 0.000444053 0.000113827 8.791e-05
0.735515 0.0168197 0.0169544 0.016685 0.00216232 0.00258508 0.00173957 0.00524042 0.000134737 0.000422757 0.000108577 8.40107e-05
0.738906 0.0159671 0.0160954 0.0158389 0.00203774 0.00243998 0.00163549 0.00504267 0.000128265 0.000402242 0.000103505 8.02307e-05
0.742296 0.0151437 0.0152658 0.0150217 0.00191875 0.00230124 0.00153626 0.00484959 0.000122027 0.000382487 9.86054e-05 7.65684e-05
0.745687 0.0143491 0.0144651 0.0142331 0.0018052 0.00216867 0.00144172 0.00466115 0.000116018 0.000363474 9.3875e-05 7.3022e-05
0.749078 0.0135829 0.0136932 0.0134727 0.0016969 0.00204208 0.00135172 0.00447732 0.000110231 0.000345182 8.93103e-05 6.95897e-05
0.752469 0.0128448 0.0129495 0.0127402 0.0015937 0.00192129 0.00126611 0.00429807 0.000104661 0.000327592 8.49077e-05 6.62697e-05
0.75586 0.0121344 0.0122337 0.0120351 0.00149543 0.00180611 0.00118474 0.00412336 9.93034e-05 0.000310686 8.06636e-05 6.30603e-05
0.759251 0.0114511 0.0115453 0.011357 0.00140192 0.00169636 0.00110747 0.00395316 9.41514e-05 0.000294445 7.65746e-05 5.99595e-05
0.762641 0.0107947 0.0108839 0.0107055 0.00131302 0.00159187 0.00103417 0.00378744 8.92002e-05 0.00027885 7.26371e-05 5.69656e-05
0.766032 0.0101646 0.010249 0.0100802 0.00122856 0.00149244 0.000964676 0.00362615 8.44444e-05 0.000263885 6.88476e-05 5.40767e-05
0.769423 0.00956038 0.00964026 0.0094805 0.00114839 0.00139792 0.000898863 0.00346926 7.9879e-05 0.00024953 6.52029e-05 5.12909e-05
0.772814 0.00898154 0.00905704 0.00890604 0.00107236 0.00130813 0.000836593 0.00331673 7.54988e-05 0.00023577 6.16994e-05 4.86063e-05
0.776205 0.00842758 0.00849888 0.00835628 0.00100032 0.00122291 0.000777732 0.00316852 7.12987e-05 0.000222587 5.83337e-05 4.60209e-05
0.779596 0.007898 0.00796527 0.00783072 0.000932111 0.00114207 0.000722147 0.00302458 6.72738e-05 0.000209964 5.51027e-05 4.35329e-05
0.782986 0.00739226 0.00745568 0.00732884 0.000867596 0.00106548 0.000669711 0.00288487 6.34193e-05 0.000197885 5.20028e-05 4.11403e-05
0.786377 0.00690982 0.00696956 0.00685009 0.00080663 0.000992963 0.000620296 0.00274936 5.97304e-05 0.000186334 4.90309e-05 3.88411e-05
0.789768 0.00645015 0.00650635 0.00639395 0.000749072 0.000924366 0.000573777 0.00261798 5.62023e-05 0.000175294 4.61837e-05 3.66334e-05
0.793159 0.00601267 0.0060655 0.00595984 0.000694786 0.000859538 0.000530034 0.00249071 5.28303e-05 0.000164752 4.34579e-05 3.45153e-05
0.79655 0.00559681 0.00564642 0.0055472 0.000643638 0.000798328 0.000488948 0.00236747 4.961e-05 0.00015469 4.08503e-05 3.24846e-05
0.799941 0.005202 0.00524854 0.00515547 0.000595495 0.000740589 0.000450401 0.00224824 4.65368e-05 0.000145094 3.83579e-05 3.05395e-05
0.803332 0.00482766 0.00487126 0.00478405 0.000550231 0.000686181 0.000414281 0.00213296 4.36063e-05 0.00013595 3.59773e-05 2.86779e-05
0.806722 0.00447317 0.00451399 0.00443236 0.000507719 0.000634962 0.000380477 0.00202157 4.0814e-05 0.000127243 3.37056e-05 2.68978e-05
0.810113 0.00413796 0.00417612 0.00409981 0.000467838 0.000586796 0.00034888 0.00191402 3.81557e-05 0.000118958 3.15395e-05 2.51973e-05
0.813504 0.00382142 0.00385704 0.00378579 0.000430467 0.000541549 0.000319386 0.00181026 3.56272e-05 0.000111082 2.94761e-05 2.35742e-05
0.816895 0.00352293 0.00355615 0.0034897 0.000395492 0.000499093 0.000291891 0.00171024 3.32243e-05 0.000103601 2.75123e-05 2.20267e-05
0.820286 0.00324189 0.00327283 0.00321094 0.000362799 0.0004593 0.000266298 0.00161389 3.09429e-05 9.65012e-05 2.56452e-05 2.05526e-05
0.823677 0.00297769 0.00300647 0.00294891 0.000332278 0.000422048 0.000242508 0.00152116 2.87789e-05 8.97701e-05 2.38717e-05 1.915e-05
0.827067 0.00272971 0.00275644 0.00270298 0.000303823 0.000387218 0.000220429 0.00143199 2.67284e-05 8.33943e-05 2.21889e-05 1.78169e-05
0.830458 0.00249735 0.00252214 0.00247256 0.00027733 0.000354691 0.000199969 0.00134633 2.47875e-05 7.73613e-05 2.05939e-05 1.65513e-05
0.833849 0.00227999 0.00230295 0.00225704 0.000252698 0.000324357 0.00018104 0.0012641 2.29523e-05 7.16585e-05 1.90838e-05 1.53511e-05
0.83724 0.00207704 0.00209826 0.00205582 0.000229831 0.000296105 0.000163557 0.00118526 2.12191e-05 6.62739e-05 1.76558e-05 1.42144e-05
0.840631 0.00188787 0.00190746 0.00186829 0.000208634 0.000269829 0.000147438 0.00110973 1.95841e-05 6.11953e-05 1.63071e-05 1.31392e-05
0.844022 0.0017119 0.00172994 0.00169386 0.000189016 0.000245427 0.000132604 0.00103746 1.80437e-05 5.64111e-05 1.50348e-05 1.21235e-05
0.847412 0.00154853 0.00156512 0.00153193 0.000170888 0.000222798 0.000118978 0.000968375 1.65944e-05 5.19099e-05 1.38364e-05 1.11653e-05
0.850803 0.00139717 0.0014124 0.00138193 0.000154167 0.000201847 0.000106487 0.000902414 1.52325e-05 4.76803e-05 1.2709e-05 1.02627e-05
0.854194 0.00125724 0.00127119 0.00124328 0.00013877 0.000182481 9.50586e-05 0.000839512 1.39546e-05 4.37114e-05 1.165e-05 9.41378e-06
0.857585 0.00112817 0.00114092 0.00111541 0.000124618 0.000164611 8.4626e-05 0.000779599 1.27573e-05 3.99923e-05 1.06567e-05 8.61655e-06
0.860976 0.00100939 0.00102103 0.000997757 0.000111636 0.000148149 7.51235e-05 0.000722609 1.16373e-05 3.65126e-05 9.72658e-06 7.8691e-06
0.864367 0.000900365 0.000910956 0.000889773 9.97506e-05 0.000133012 6.64887e-05 0.000668474 1.05914e-05 3.32619e-05 8.85707e-06 7.16954e-06
0.867757 0.000800538 0.000810154 0.000790922 8.88917e-05 0.000119122 5.86616e-05 0.000617123 9.61623e-06 3.02301e-05 8.04565e-06 6.516e-06
0.871148 0.000709383 0.000718091 0.000700674 7.89926e-05 0.0001064 5.15852e-05 0.000568486 8.70874e-06 2.74074e-05 7.28983e-06 5.9066e-06
0.874539 0.000626381 0.000634247 0.000618516 6.99889e-05 9.4773e-05 4.52048e-05 0.000522493 7.86583e-06 2.47841e-05 6.58717e-06 5.33949e-06
0.87793 0.00055103 0.000558114 0.000543945 6.18193e-05 8.41702e-05 3.94684e-05 0.000479072 7.08448e-06 2.23509e-05 5.93528e-06 4.81287e-06
0.881321 0.000482836 0.000489198 0.000476475 5.44252e-05 7.45237e-05 3.43268e-05 0.000438151 6.36175e-06 2.00984e-05 5.3318e-06 4.32492e-06
0.884712 0.000421325 0.00042702 0.000415631 4.77507e-05 6.57686e-05 2.97328e-05 0.000399657 5.69473e-06 1.80179e-05 4.77442e-06 3.87387e-06
0.888102 0.000366035 0.000371115 0.000360954 4.17426e-05 5.78431e-05 2.56421e-05 0.000363517 5.08061e-06 1.61005e-05 4.26087e-06 3.45797e-06
0.891493 0.000316519 0.000321035 0.000312002 3.63502e-05 5.06879e-05 2.20126e-05 0.000329658 4.51662e-06 1.43376e-05 3.78892e-06 3.0755e-06
0.894884 0.000272348 0.000276348 0.000268348 3.15256e-05 4.42467e-05 1.88045e-05 0.000298006 4.00007e-06 1.27211e-05 3.35639e-06 2.72474e-06
0.898275 0.000233109 0.000236638 0.000229581 2.72231e-05 3.84659e-05 1.59803e-05 0.000268485 3.52833e-06 1.12428e-05 2.96115e-06 2.40404e-06
0.901666 0.000198406 0.000201504 0.000195307 2.33997e-05 3.32946e-05 1.35049e-05 0.000241021 3.09884e-06 9.89488e-06 2.60111e-06 2.11176e-06
0.905057 0.000167857 0.000170567 0.000165148 2.00148e-05 2.86844e-05 1.13452e-05 0.000215538 2.70909e-06 8.66964e-06 2.27423e-06 1.84628e-06
0.908447 0.000141104 0.00014346 0.000138747 1.70299e-05 2.45896e-05 9.47022e-06 0.000191962 2.35666e-06 7.55968e-06 1.97851e-06 1.60603e-06
0.911838 0.000117799 0.000119839 0.00011576 1.44089e-05 2.09667e-05 7.85116e-06 0.000170217 2.03919e-06 6.55778e-06 1.71203e-06 1.38946e-06
0.915229 9.76187e-05 9.93731e-05 9.58643e-05 1.2118e-05 1.7775e-05 6.4611e-06 0.000150226 1.75437e-06 5.65694e-06 1.47288e-06 1.19508e-06
0.91862 8.02527e-05 8.17527e-05 7.87528e-05 1.01254e-05 1.49758e-05 5.27503e-06 0.000131913 1.49998e-06 4.85039e-06 1.25923e-06 1.0214e-06
0.922011 6.5411e-05 6.66849e-05 6.41372e-05 8.40141e-06 1.2533e-05 4.26985e-06 0.000115203 1.27386e-06 4.13156e-06 1.06928e-06 8.66997e-07
0.925402 5.28207e-05 5.38947e-05 5.17468e-05 6.91833e-06 1.04124e-05 3.42423e-06 0.00010002 1.07393e-06 3.4941e-06 9.01315e-07 7.30472e-07
0.928792 4.22271e-05 4.31252e-05 4.13289e-05 5.65044e-06 8.58231e-06 2.71856e-06 8.62878e-05 8.9815e-07 2.93187e-06 7.53638e-07 6.1047e-07
0.932183 3.33929e-05 3.41375e-05 3.26483e-05 4.57386e-06 7.01284e-06 2.13489e-06 7.39305e-05 7.44585e-07 2.43897e-06 6.24631e-07 5.05677e-07
0.935574 2.60984e-05 2.67097e-05 2.5487e-05 3.66655e-06 5.67624e-06 1.65685e-06 6.28727e-05 6.11356e-07 2.00969e-06 5.12723e-07 4.14819e-07
0.938965 2.01411e-05 2.06377e-05 1.96444e-05 2.90815e-06 4.54671e-06 1.26959e-06 5.30394e-05 4.96655e-07 1.63856e-06 4.16405e-07 3.3667e-07
0.942356 1.53355e-05 1.57342e-05 1.49367e-05 2.28001e-06 3.60031e-06 9.59707e-07 4.43558e-05 3.98751e-07 1.3203e-06 3.34222e-07 2.70046e-07
0.945747 1.15126e-05 1.18286e-05 1.11966e-05 1.76505e-06 2.81494e-06 7.15169e-07 3.67477e-05 3.15985e-07 1.04989e-06 2.64782e-07 2.13809e-07
0.949137 8.51949e-06 8.76626e-06 8.27272e-06 1.34774e-06 2.17022e-06 5.25256e-07 3.01419e-05 2.46773e-07 8.22482e-07 2.06752e-07 1.66871e-07
0.952528 6.2191e-06 6.40871e-06 6.02949e-06 1.01397e-06 1.64746e-06 3.80479e-07 2.44657e-05 1.89607e-07 6.33493e-07 1.58861e-07 1.28192e-07
0.955919 4.48947e-06 4.63253e-06 4.34642e-06 7.51063e-07 1.22961e-06 2.72521e-07 1.96478e-05 1.43055e-07 4.78542e-07 1.199e-07 9.67809e-08
0.95931 3.22335e-06 3.32911e-06 3.11758e-06 5.47641e-07 9.01123e-07 1.9416e-07 1.56183e-05 1.05765e-07 3.53481e-07 8.87282e-08 7.17011e-08
0.962701 2.32763e-06 2.40409e-06 2.25117e-06 3.93601e-07 6.47991e-07 1.39212e-07 1.23093e-05 7.64601e-08 2.5439e-07 6.42666e-08 5.20676e-08
0.966092 1.72286e-06 1.77681e-06 1.66891e-06 2.80043e-07 4.57622e-07 1.02463e-07 9.65567e-06 5.39481e-08 1.7758e-07 4.55056e-08 3.70508e-08
0.969482 1.34288e-06 1.37999e-06 1.30576e-06 1.99225e-07 3.18824e-07 7.96267e-08 7.5961e-06 3.71164e-08 1.19599e-07 3.15037e-08 2.58771e-08
0.972873 1.13466e-06 1.1596e-06 1.10973e-06 1.44541e-07 2.21776e-07 6.73048e-08 6.07579e-06 2.4936e-08 7.72358e-08 2.13896e-08 1.78309e-08
0.976264 1.05899e-06 1.07545e-06 1.04252e-06 1.10535e-07 1.58061e-07 6.30085e-08 5.05105e-06 1.64624e-08 4.75262e-08 1.43635e-08 1.22549e-08
0.979655 1.09298e-06 1.10382e-06 1.08215e-06 9.30492e-08 1.20806e-07 6.52924e-08 4.50032e-06 1.08361e-08 2.77568e-08 9.69684e-09 8.55116e-09
0.983046 1.23897e-06 1.24625e-06 1.23169e-06 8.9744e-08 1.05217e-07 7.42709e-08 4.45453e-06 7.28045e-09 1.54731e-08 6.73081e-09 6.17748e-09
0.986437 1.55937e-06 1.56446e-06 1.55428e-06 1.02193e-07 1.10675e-07 9.37104e-08 5.10501e-06 5.08972e-09 8.48226e-09 4.86296e-09 4.63442e-09
0.989827 2.40194e-06 2.4055e-06 2.39838e-06 1.49434e-07 1.54267e-07 1.446e-07 7.42066e-06 3.55965e-09 4.83334e-09 3.47487e-09 3.38931e-09
0.993218 1.2158e-05 1.21583e-05 1.21576e-05 7.36149e-07 7.39307e-07 7.32991e-07 4.41303e-05 3.71839e-10 3.15798e-09 1.86848e-10 0
4.01075e-314 inf inf inf inf inf inf 0.000134651 11.0728 0.388383 0.253103 0.173505
