9.72476e-05 37.3597 38.6435 36.0758 23.0268 24.0153 22.0383 40.894 1.28382 0.9885 0.652882 0.642885
0.0001 37.0988 38.3748 35.8228 22.8629 23.8448 21.8809 40.4774 1.27596 0.981907 0.647312 0.637209
0.00010283 36.8408 38.109 35.5727 22.7008 23.6762 21.7254 40.0644 1.26814 0.975357 0.641786 0.631574
0.000105741 36.5894 37.8497 35.329 22.5429 23.5117 21.574 39.655 1.26037 0.968852 0.636303 0.625982
0.000108734 36.3285 37.5811 35.0758 22.379 23.3414 21.4166 39.2491 1.25265 0.96239 0.630862 0.62043
0.000111811 36.0692 37.3142 34.8242 22.2161 23.1721 21.2601 38.8466 1.24498 0.955971 0.625463 0.61492
0.000114976 35.8113 37.0487 34.574 22.0541 23.0037 21.1045 38.4477 1.23735 0.949595 0.620106 0.609451
0.00011823 35.555 36.7848 34.3252 21.8931 22.8364 20.9499 38.0521 1.22977 0.943262 0.614791 0.604022
0.000121576 35.3002 36.5224 34.0779 21.7331 22.6701 20.7962 37.66 1.22223 0.936971 0.609517 0.598634
0.000125017 35.0468 36.2616 33.8321 21.5741 22.5048 20.6433 37.2713 1.21474 0.930722 0.604285 0.593285
0.000128556 34.795 36.0023 33.5877 21.4159 22.3404 20.4914 36.8859 1.2073 0.924514 0.599093 0.587976
0.000132194 34.5446 35.7445 33.3447 21.2588 22.1771 20.3404 36.5039 1.1999 0.918349 0.593943 0.582708
0.000135936 34.2957 35.4882 33.1031 21.1025 22.0147 20.1903 36.1252 1.19255 0.912225 0.588832 0.577478
0.000139783 34.0482 35.2334 32.863 20.9472 21.8533 20.0411 35.7497 1.18524 0.906141 0.583762 0.572287
0.000143739 33.8022 34.9802 32.6242 20.7928 21.6929 19.8927 35.3775 1.17797 0.900099 0.578732 0.567136
0.000147808 33.5576 34.7284 32.3869 20.6394 21.5335 19.7453 35.0086 1.17075 0.894096 0.573741 0.562022
0.000151991 33.3145 34.4781 32.1509 20.4868 21.375 19.5987 34.6429 1.16357 0.888134 0.56879 0.556947
0.000156293 33.0728 34.2292 31.9164 20.3352 21.2174 19.453 34.2804 1.15643 0.882212 0.563878 0.551911
0.000160717 32.8325 33.9819 31.6832 20.1845 21.0609 19.3082 33.9211 1.14934 0.87633 0.559006 0.546911
0.000165265 32.5937 33.736 31.4514 20.0347 20.9052 19.1642 33.5649 1.14229 0.870486 0.554171 0.54195
0.000169943 32.3562 33.4915 31.221 19.8858 20.7505 19.0211 33.2118 1.13528 0.864683 0.549376 0.537026
0.000174753 32.1202 33.2485 30.9919 19.7378 20.5968 18.8789 32.8618 1.12832 0.858918 0.544619 0.532139
0.000179699 31.8855 33.0069 30.7642 19.5907 20.4439 18.7375 32.5149 1.12139 0.853191 0.5399 0.527288
0.000184785 31.6523 32.7668 30.5378 19.4445 20.292 18.597 32.171 1.11451 0.847504 0.535219 0.522475
0.000190015 31.4204 32.5281 30.3127 19.2992 20.141 18.4573 31.8302 1.10767 0.841854 0.530575 0.517697
0.000195393 31.1899 32.2908 30.0891 19.1547 19.991 18.3185 31.4924 1.10087 0.836242 0.525969 0.512956
0.000200923 30.9608 32.0549 29.8667 19.0111 19.8418 18.1805 31.1575 1.09411 0.830668 0.5214 0.508251
0.00020661 30.733 31.8204 29.6456 18.8684 19.6936 18.0433 30.8257 1.08739 0.825131 0.516868 0.503581
0.000212458 30.5066 31.5873 29.4259 18.7266 19.5462 17.9069 30.4968 1.08071 0.819631 0.512372 0.498946
0.000218471 30.2816 31.3556 29.2075 18.5856 19.3998 17.7714 30.1707 1.07407 0.814169 0.507914 0.494348
0.000224655 30.0578 31.1253 28.9904 18.4455 19.2542 17.6368 29.8476 1.06747 0.808743 0.503491 0.489784
0.000231013 29.8355 30.8964 28.7745 18.3062 19.1096 17.5029 29.5274 1.0609 0.803353 0.499104 0.485254
0.000237551 29.6144 30.6688 28.56 18.1678 18.9658 17.3698 29.2099 1.05438 0.797999 0.494754 0.48076
0.000244275 29.3947 30.4426 28.3468 18.0302 18.8229 17.2376 28.8954 1.0479 0.792681 0.490438 0.476299
0.000251189 29.1762 30.2177 28.1348 17.8935 18.6809 17.1061 28.5836 1.04145 0.787399 0.486159 0.471872
0.000258298 28.9592 29.9942 27.9241 17.7576 18.5398 16.9755 28.2747 1.03504 0.782153 0.481914 0.46748
0.000265609 28.7434 29.772 27.7147 17.6226 18.3995 16.8456 27.9685 1.02867 0.776942 0.477704 0.46312
0.000273126 28.5288 29.5512 27.5065 17.4883 18.2601 16.7165 27.665 1.02233 0.771765 0.473529 0.458795
0.000280857 28.3156 29.3317 27.2996 17.3549 18.1215 16.5883 27.3643 1.01604 0.766623 0.469389 0.454502
0.000288806 28.1037 29.1135 27.0939 17.2223 17.9838 16.4608 27.0663 1.00978 0.761516 0.465283 0.450243
0.00029698 27.893 28.8966 26.8895 17.0905 17.847 16.3341 26.7709 1.00355 0.756443 0.461211 0.446016
0.000305386 27.6837 28.681 26.6863 16.9596 17.711 16.2082 26.4782 0.997366 0.751404 0.457173 0.441822
0.000314029 27.4755 28.4667 26.4843 16.8294 17.5758 16.083 26.1882 0.991214 0.746399 0.453169 0.43766
0.000322917 27.2687 28.2538 26.2836 16.7001 17.4415 15.9587 25.9008 0.985098 0.741427 0.449198 0.43353
0.000332057 27.063 28.0421 26.084 16.5715 17.308 15.835 25.616 0.979017 0.736489 0.44526 0.429432
0.000341455 26.8587 27.8317 25.8857 16.4438 17.1754 15.7122 25.3337 0.972971 0.731584 0.441356 0.425366
0.000351119 26.6556 27.6225 25.6886 16.3168 17.0435 15.5901 25.0541 0.96696 0.726711 0.437484 0.421331
0.000361057 26.4537 27.4146 25.4927 16.1906 16.9125 15.4688 24.777 0.960983 0.721872 0.433645 0.417327
0.000371276 26.253 27.208 25.298 16.0653 16.7823 15.3482 24.5024 0.95504 0.717064 0.429839 0.413355
0.000381784 26.0536 27.0027 25.1044 15.9406 16.6529 15.2284 24.2303 0.949131 0.712289 0.426064 0.409413
0.00039259 25.8553 26.7986 24.9121 15.8168 16.5243 15.1093 23.9607 0.943256 0.707546 0.422322 0.405502
0.000403702 25.6583 26.5957 24.7209 15.6937 16.3966 14.9909 23.6935 0.937414 0.702834 0.418612 0.401621
0.000415128 25.4625 26.3941 24.5309 15.5714 16.2696 14.8733 23.4288 0.931605 0.698154 0.414933 0.397771
0.000426877 25.2678 26.1937 24.342 15.4499 16.1434 14.7564 23.1666 0.925829 0.693505 0.411286 0.39395
0.000438959 25.0744 25.9945 24.1543 15.3291 16.018 14.6402 22.9067 0.920085 0.688887 0.40767 0.39016
0.000451383 24.8822 25.7965 23.9678 15.2091 15.8934 14.5248 22.6493 0.914373 0.6843 0.404085 0.386399
0.000464159 24.6911 25.5998 23.7824 15.0898 15.7696 14.4101 22.3942 0.908693 0.679743 0.400531 0.382667
0.000477296 24.5012 25.4042 23.5982 14.9713 15.6465 14.2961 22.1414 0.903045 0.675217 0.397008 0.378965
0.000490805 24.3124 25.2099 23.415 14.8535 15.5242 14.1828 21.891 0.897428 0.670721 0.393515 0.375292
0.000504697 24.1249 25.0167 23.233 14.7365 15.4027 14.0702 21.6429 0.891842 0.666255 0.390052 0.371648
0.000518981 23.9385 24.8247 23.0522 14.6202 15.282 13.9584 21.3972 0.886286 0.661819 0.38662 0.368032
0.00053367 23.7532 24.6339 22.8724 14.5046 15.162 13.8472 21.1537 0.880761 0.657412 0.383217 0.364445
0.000548775 23.569 24.4443 22.6938 14.3898 15.0428 13.7367 20.9124 0.875266 0.653035 0.379844 0.360885
0.000564307 23.3861 24.2559 22.5163 14.2757 14.9243 13.627 20.6734 0.869801 0.648686 0.376501 0.357355
0.000580278 23.2042 24.0686 22.3398 14.1623 14.8066 13.5179 20.4367 0.864366 0.644366 0.373187 0.353852
0.000596702 23.0235 23.8824 22.1645 14.0496 14.6896 13.4095 20.2021 0.85896 0.640075 0.369902 0.350376
0.000613591 22.8438 23.6974 21.9903 13.9376 14.5734 13.3018 19.9698 0.853582 0.635813 0.366646 0.346928
0.000630957 22.6653 23.5136 21.8171 13.8263 14.4579 13.1948 19.7396 0.848234 0.631578 0.363419 0.343508
0.000648815 22.4879 23.3309 21.645 13.7158 14.3432 13.0884 19.5116 0.842914 0.627372 0.360221 0.340115
0.000667179 22.3116 23.1493 21.474 13.6059 14.2291 12.9828 19.2857 0.837622 0.623193 0.357051 0.336748
0.000686062 22.1364 22.9688 21.3041 13.4968 14.1158 12.8778 19.062 0.832358 0.619042 0.353909 0.333408
0.00070548 21.9623 22.7894 21.1352 13.3883 14.0032 12.7734 18.8404 0.827121 0.614918 0.350795 0.330095
0.000725448 21.7893 22.6112 20.9674 13.2806 13.8914 12.6697 18.6208 0.821912 0.610821 0.347709 0.326809
0.00074598 21.6173 22.4341 20.8006 13.1735 13.7802 12.5667 18.4034 0.816729 0.606751 0.34465 0.323548
0.000767094 21.4465 22.258 20.6349 13.0671 13.6698 12.4644 18.1879 0.811574 0.602708 0.341619 0.320314
0.000788805 21.2767 22.0831 20.4702 12.9614 13.5601 12.3627 17.9746 0.806444 0.598691 0.338615 0.317105
0.000811131 21.1079 21.9093 20.3066 12.8563 13.451 12.2616 17.7633 0.801341 0.594701 0.335639 0.313922
0.000834088 20.9402 21.7365 20.144 12.752 13.3427 12.1612 17.5539 0.796264 0.590737 0.332689 0.310765
0.000857696 20.7736 21.5648 19.9824 12.6483 13.2351 12.0615 17.3466 0.791212 0.586798 0.329766 0.307633
0.000881971 20.608 21.3942 19.8218 12.5452 13.1281 11.9623 17.1413 0.786185 0.582885 0.326869 0.304526
0.000906934 20.4435 21.2246 19.6623 12.4429 13.0218 11.8639 16.9379 0.781183 0.578998 0.323999 0.301444
0.000932603 20.2799 21.0562 19.5037 12.3411 12.9163 11.766 16.7365 0.776206 0.575136 0.321155 0.298387
0.000958999 20.1174 20.8887 19.3462 12.2401 12.8114 11.6688 16.537 0.771253 0.571298 0.318337 0.295355
0.000986142 19.956 20.7223 19.1897 12.1397 12.7071 11.5722 16.3394 0.766324 0.567486 0.315545 0.292347
0.00101405 19.7955 20.557 19.0341 12.0399 12.6036 11.4762 16.1437 0.761419 0.563698 0.312779 0.289363
0.00104275 19.6361 20.3926 18.8796 11.9408 12.5007 11.3808 15.95 0.756537 0.559935 0.310038 0.286404
0.00107227 19.4777 20.2294 18.726 11.8423 12.3985 11.2861 15.758 0.751678 0.556196 0.307322 0.283468
0.00110262 19.3203 20.0671 18.5734 11.7445 12.2969 11.192 15.568 0.746842 0.55248 0.304631 0.280557
0.00113382 19.1638 19.9059 18.4218 11.6472 12.196 11.0985 15.3798 0.742029 0.548789 0.301965 0.277669
0.00116591 19.0084 19.7456 18.2712 11.5507 12.0958 11.0055 15.1934 0.737238 0.545121 0.299324 0.274804
0.00119891 18.8539 19.5864 18.1215 11.4547 11.9962 10.9132 15.0088 0.732469 0.541476 0.296707 0.271963
0.00123285 18.7005 19.4282 17.9728 11.3594 11.8972 10.8215 14.8261 0.727721 0.537855 0.294115 0.269144
0.00126774 18.548 19.271 17.825 11.2647 11.7989 10.7304 14.6451 0.722995 0.534257 0.291547 0.266349
0.00130362 18.3965 19.1148 17.6782 11.1706 11.7012 10.6399 14.4659 0.71829 0.530681 0.289003 0.263577
0.00134052 18.2459 18.9595 17.5323 11.0771 11.6042 10.5499 14.2884 0.713606 0.527128 0.286482 0.260827
0.00137846 18.0963 18.8052 17.3874 10.9842 11.5078 10.4606 14.1127 0.708942 0.523597 0.283986 0.2581
0.00141747 17.9477 18.652 17.2434 10.8919 11.412 10.3718 13.9387 0.704298 0.520088 0.281512 0.255395
0.00145759 17.8 18.4996 17.1003 10.8002 11.3168 10.2836 13.7664 0.699674 0.516602 0.279062 0.252712
0.00149885 17.6532 18.3483 16.9581 10.7092 11.2223 10.196 13.5958 0.695069 0.513136 0.276635 0.250052
0.00154127 17.5074 18.1979 16.8169 10.6187 11.1284 10.109 13.427 0.690484 0.509693 0.274231 0.247413
0.00158489 17.3625 18.0484 16.6766 10.5288 11.0351 10.0225 13.2597 0.685917 0.506271 0.271849 0.244796
0.00162975 17.2186 17.8999 16.5372 10.4395 10.9424 9.93663 13.0942 0.681369 0.502869 0.26949 0.2422
0.00167588 17.0755 17.7524 16.3987 10.3508 10.8503 9.85129 12.9303 0.676839 0.499489 0.267153 0.239626
0.00172331 16.9334 17.6057 16.2611 10.2626 10.7588 9.76652 12.768 0.672327 0.49613 0.264838 0.237073
0.00177209 16.7922 17.4601 16.1244 10.1751 10.6679 9.6823 12.6073 0.667833 0.49279 0.262546 0.234541
0.00182224 16.6519 17.3153 15.9886 10.0881 10.5776 9.59863 12.4483 0.663356 0.489472 0.260275 0.23203
0.00187382 16.5125 17.1714 15.8536 10.0017 10.4879 9.51551 12.2908 0.658896 0.486173 0.258025 0.22954
0.00192685 16.374 17.0285 15.7196 9.91584 10.3987 9.43294 12.1349 0.654453 0.482894 0.255797 0.227071
0.00198139 16.2365 16.8865 15.5864 9.83056 10.3102 9.35092 11.9806 0.650026 0.479635 0.25359 0.224622
0.00203747 16.0997 16.7454 15.4541 9.74583 10.2222 9.26944 11.8279 0.645615 0.476395 0.251404 0.222193
0.00209514 15.9639 16.6051 15.3227 9.66167 10.1348 9.18849 11.6766 0.64122 0.473174 0.249239 0.219785
0.00215443 15.829 16.4658 15.1921 9.57805 10.048 9.10808 11.527 0.63684 0.469973 0.247094 0.217396
0.00221541 15.6949 16.3274 15.0624 9.49499 9.96178 9.0282 11.3788 0.632475 0.46679 0.24497 0.215028
0.00227812 15.5617 16.1898 14.9336 9.41248 9.8761 8.94885 11.2321 0.628125 0.463626 0.242865 0.212679
0.00234259 15.4293 16.0531 14.8055 9.3305 9.79098 8.87002 11.0869 0.62379 0.46048 0.240781 0.21035
0.0024089 15.2978 15.9173 14.6784 9.24907 9.70643 8.79172 10.9432 0.619468 0.457353 0.238717 0.20804
0.00247708 15.1672 15.7824 14.5521 9.16818 9.62242 8.71394 10.801 0.61516 0.454243 0.236672 0.20575
0.00254719 15.0374 15.6483 14.4266 9.08782 9.53897 8.63667 10.6602 0.610866 0.451151 0.234646 0.203479
0.00261928 14.9085 15.5151 14.3019 9.00799 9.45607 8.55991 10.5209 0.606585 0.448077 0.23264 0.201226
0.00269341 14.7804 15.3827 14.1781 8.92869 9.37371 8.48366 10.383 0.602316 0.44502 0.230653 0.198993
0.00276965 14.6531 15.2512 14.055 8.8499 9.29188 8.40792 10.2465 0.598061 0.441981 0.228684 0.196779
0.00284804 14.5267 15.1205 13.9328 8.77164 9.2106 8.33268 10.1114 0.593817 0.438958 0.226734 0.194583
0.00292864 14.401 14.9906 13.8114 8.6939 9.12985 8.25795 9.97773 0.589585 0.435952 0.224802 0.192405
0.00301153 14.2762 14.8616 13.6909 8.61667 9.04963 8.1837 9.84544 0.585364 0.432963 0.222889 0.190246
0.00309677 14.1522 14.7334 13.5711 8.53995 8.96994 8.10996 9.71451 0.581155 0.429989 0.220993 0.188105
0.00318442 14.0291 14.606 13.4521 8.46374 8.89077 8.0367 9.58494 0.576957 0.427032 0.219115 0.185982
0.00327455 13.9067 14.4794 13.3339 8.38802 8.81211 7.96393 9.45673 0.572769 0.424091 0.217254 0.183877
0.00336723 13.7851 14.3537 13.2165 8.31281 8.73398 7.89165 9.32985 0.568591 0.421166 0.215411 0.18179
0.00346253 13.6643 14.2287 13.0999 8.2381 8.65636 7.81985 9.2043 0.564423 0.418256 0.213585 0.179721
0.00356053 13.5443 14.1046 12.9841 8.16388 8.57924 7.74852 9.08006 0.560265 0.415361 0.211775 0.177669
0.00366131 13.4251 13.9812 12.869 8.09015 8.50263 7.67767 8.95713 0.556115 0.412481 0.209982 0.175634
0.00376494 13.3067 13.8587 12.7547 8.01691 8.42652 7.60729 8.8355 0.551975 0.409616 0.208206 0.173617
0.0038715 13.189 13.7369 12.6412 7.94414 8.35091 7.53738 8.71515 0.547843 0.406766 0.206445 0.171616
0.00398107 13.0722 13.6159 12.5284 7.87187 8.2758 7.46794 8.59607 0.543719 0.40393 0.204701 0.169633
0.00409375 12.956 13.4956 12.4164 7.80006 8.20117 7.39896 8.47825 0.539604 0.401108 0.202972 0.167667
0.00420962 12.8407 13.3762 12.3052 7.72873 8.12703 7.33043 8.36168 0.535495 0.3983 0.201259 0.165717
0.00432876 12.7261 13.2575 12.1947 7.65787 8.05338 7.26237 8.24635 0.531394 0.395506 0.19956 0.163784
0.00445128 12.6122 13.1395 12.0849 7.58748 7.98021 7.19475 8.13225 0.5273 0.392726 0.197877 0.161867
0.00457727 12.4991 13.0223 11.9759 7.51755 7.90751 7.12759 8.01938 0.523212 0.389958 0.196208 0.159967
0.00470682 12.3868 12.9059 11.8676 7.44808 7.83528 7.06088 7.90771 0.519131 0.387204 0.194554 0.158082
0.00484003 12.2752 12.7902 11.7601 7.37907 7.76353 6.9946 7.79724 0.515056 0.384463 0.192914 0.156214
0.00497702 12.1643 12.6752 11.6533 7.31051 7.69224 6.92877 7.68796 0.510986 0.381734 0.191288 0.154362
0.00511789 12.0541 12.561 11.5472 7.2424 7.62141 6.86338 7.57986 0.506921 0.379017 0.189676 0.152526
0.00526274 11.9447 12.4475 11.4418 7.17473 7.55105 6.79842 7.47292 0.502862 0.376313 0.188077 0.150705
0.0054117 11.8359 12.3348 11.3371 7.10751 7.48113 6.73389 7.36715 0.498807 0.373621 0.186492 0.1489
0.00556486 11.7279 12.2227 11.2332 7.04073 7.41167 6.66979 7.26252 0.494756 0.37094 0.184919 0.147111
0.00572237 11.6206 12.1114 11.1299 6.97439 7.34266 6.60612 7.15904 0.49071 0.368271 0.183359 0.145336
0.00588433 11.5141 12.0007 11.0274 6.90848 7.27409 6.54286 7.05668 0.486667 0.365613 0.181812 0.143577
0.00605088 11.4082 11.8908 10.9255 6.843 7.20596 6.48003 6.95544 0.482627 0.362967 0.180277 0.141833
0.00622213 11.303 11.7816 10.8244 6.77794 7.13827 6.41761 6.85531 0.478591 0.360331 0.178753 0.140104
0.00639824 11.1985 11.673 10.7239 6.71331 7.07101 6.3556 6.75628 0.474558 0.357705 0.177241 0.13839
0.00657933 11.0946 11.5652 10.6241 6.64909 7.00418 6.294 6.65834 0.470527 0.35509 0.175741 0.13669
0.00676555 10.9915 11.458 10.525 6.5853 6.93778 6.23281 6.56148 0.466498 0.352486 0.174251 0.135005
0.00695704 10.8891 11.3515 10.4266 6.52191 6.8718 6.17202 6.4657 0.462471 0.349891 0.172773 0.133335
0.00715394 10.7873 11.2457 10.3288 6.45894 6.80624 6.11163 6.37097 0.458446 0.347305 0.171305 0.131679
0.00735642 10.6861 11.1406 10.2317 6.39637 6.74109 6.05164 6.27731 0.454423 0.344729 0.169847 0.130037
0.00756463 10.5857 11.0361 10.1353 6.3342 6.67636 5.99204 6.18468 0.4504 0.342163 0.168399 0.128409
0.00777874 10.4859 10.9323 10.0395 6.27243 6.61203 5.93282 6.09309 0.446379 0.339605 0.166961 0.126795
0.0079989 10.3867 10.8291 9.94438 6.21105 6.54811 5.874 6.00253 0.442358 0.337056 0.165532 0.125195
0.0082253 10.2882 10.7266 9.8499 6.15007 6.48459 5.81556 5.91298 0.438337 0.334515 0.164112 0.123609
0.0084581 10.1904 10.6247 9.75607 6.08948 6.42146 5.7575 5.82444 0.434317 0.331983 0.162701 0.122037
0.00869749 10.0932 10.5235 9.66288 6.02927 6.35873 5.69981 5.7369 0.430296 0.329459 0.161299 0.120478
0.00894366 9.9966 10.4229 9.57032 5.96944 6.29639 5.6425 5.65035 0.426275 0.326942 0.159904 0.118933
0.00919679 9.90065 10.3229 9.4784 5.90999 6.23443 5.58556 5.56478 0.422253 0.324433 0.158518 0.1174
0.00945709 9.80533 10.2236 9.3871 5.85092 6.17285 5.52899 5.48018 0.418231 0.321932 0.157139 0.115881
0.00972476 9.71063 10.1248 9.29642 5.79221 6.11165 5.47278 5.39655 0.414208 0.319437 0.155768 0.114376
0.01 9.61655 10.0267 9.20637 5.73388 6.05083 5.41693 5.31388 0.410183 0.316949 0.154403 0.112883
0.010283 9.52308 9.92924 9.11692 5.6759 5.99037 5.36144 5.23215 0.406157 0.314468 0.153045 0.111403
0.0105741 9.43022 9.83235 9.02809 5.61829 5.93028 5.3063 5.15136 0.40213 0.311993 0.151694 0.109935
0.0108734 9.33796 9.73606 8.93986 5.56103 5.87056 5.25151 5.0715 0.398101 0.309525 0.150349 0.108481
0.0111811 9.24629 9.64036 8.85222 5.50413 5.81119 5.19707 4.99256 0.39407 0.307062 0.149009 0.107039
0.0114976 9.15523 9.54526 8.76519 5.44757 5.75218 5.14297 4.91454 0.390037 0.304605 0.147675 0.105609
0.011823 9.06475 9.45075 8.67875 5.39137 5.69352 5.08921 4.83742 0.386001 0.302153 0.146346 0.104192
0.0121576 8.97485 9.35682 8.59289 5.3355 5.6352 5.03579 4.7612 0.381964 0.299706 0.145022 0.102787
0.0125017 8.88554 9.26346 8.50761 5.27997 5.57723 4.98271 4.68587 0.377924 0.297264 0.143703 0.101394
0.0128556 8.7968 9.17068 8.42292 5.22478 5.5196 4.92995 4.61142 0.373881 0.294827 0.142388 0.100013
0.0132194 8.70863 9.07846 8.33879 5.16991 5.46231 4.87752 4.53784 0.369837 0.292394 0.141077 0.098644
0.0135936 8.62103 8.98681 8.25524 5.11538 5.40535 4.82541 4.46513 0.365789 0.289966 0.139769 0.0972869
0.0139783 8.53398 8.89572 8.17225 5.06117 5.34871 4.77363 4.39327 0.361739 0.287541 0.138465 0.0959414
0.0143739 8.4475 8.80518 8.08981 5.00728 5.2924 4.72216 4.32227 0.357686 0.28512 0.137164 0.0946076
0.0147808 8.36157 8.7152 8.00794 4.9537 5.23641 4.671 4.2521 0.35363 0.282703 0.135866 0.0932853
0.0151991 8.27618 8.62576 7.92661 4.90044 5.18073 4.62015 4.18277 0.349571 0.280288 0.13457 0.0919745
0.0156293 8.19134 8.53685 7.84583 4.84749 5.12537 4.56961 4.11427 0.34551 0.277877 0.133276 0.0906749
0.0160717 8.10704 8.44848 7.76559 4.79484 5.07031 4.51937 4.04658 0.341446 0.275468 0.131984 0.0893865
0.0165265 8.02327 8.36064 7.68589 4.7425 5.01556 4.46943 3.9797 0.337379 0.273062 0.130694 0.0881093
0.0169943 7.94002 8.27333 7.60671 4.69045 4.9611 4.41979 3.91363 0.33331 0.270658 0.129405 0.0868431
0.0174753 7.8573 8.18654 7.52807 4.63869 4.90695 4.37043 3.84835 0.329238 0.268257 0.128118 0.0855879
0.0179699 7.77511 8.10027 7.44994 4.58722 4.85308 4.32137 3.78386 0.325164 0.265857 0.126831 0.0843435
0.0184785 7.69342 8.01451 7.37234 4.53605 4.7995 4.27259 3.72015 0.321087 0.263458 0.125544 0.0831099
0.0190015 7.61225 7.92926 7.29524 4.48515 4.74621 4.22409 3.65722 0.317009 0.261061 0.124258 0.0818869
0.0195393 7.53158 7.84451 7.21866 4.43453 4.6932 4.17587 3.59505 0.312928 0.258665 0.122971 0.0806745
0.0200923 7.45142 7.76026 7.14257 4.38419 4.64046 4.12792 3.53363 0.308846 0.25627 0.121685 0.0794726
0.020661 7.37174 7.67651 7.06698 4.33412 4.58799 4.08024 3.47297 0.304762 0.253875 0.120398 0.0782811
0.0212458 7.29256 7.59324 6.99189 4.28431 4.53579 4.03283 3.41306 0.300677 0.251481 0.11911 0.0770998
0.0218471 7.21387 7.51046 6.91728 4.23477 4.48386 3.98568 3.35388 0.29659 0.249087 0.117821 0.0759289
0.0224655 7.13566 7.42816 6.84315 4.18549 4.43218 3.9388 3.29543 0.292503 0.246693 0.116531 0.074768
0.0231013 7.05792 7.34634 6.76951 4.13646 4.38076 3.89216 3.2377 0.288416 0.244299 0.11524 0.0736172
0.0237551 6.98066 7.26499 6.69633 4.08769 4.32959 3.84578 3.18069 0.284328 0.241905 0.113947 0.0724764
0.0244275 6.90386 7.1841 6.62362 4.03916 4.27867 3.79965 3.12438 0.280241 0.239509 0.112652 0.0713455
0.0251189 6.82753 7.10368 6.55137 3.99088 4.22799 3.75376 3.06878 0.276154 0.237113 0.111355 0.0702244
0.0258298 6.75165 7.02372 6.47958 3.94283 4.17755 3.70812 3.01387 0.272068 0.234716 0.110056 0.069113
0.0265609 6.67623 6.94421 6.40824 3.89503 4.12734 3.66271 2.95965 0.267984 0.232318 0.108755 0.0680113
0.0273126 6.60125 6.86515 6.33735 3.84745 4.07737 3.61753 2.90611 0.263902 0.229918 0.107452 0.0669192
0.0280857 6.52672 6.78654 6.2669 3.8001 4.02762 3.57259 2.85324 0.259822 0.227516 0.106146 0.0658366
0.0288806 6.45262 6.70837 6.19688 3.75298 3.97809 3.52787 2.80104 0.255745 0.225113 0.104837 0.0647634
0.029698 6.37896 6.63063 6.12729 3.70608 3.92879 3.48337 2.7495 0.251671 0.222708 0.103525 0.0636996
0.0305386 6.30573 6.55333 6.05813 3.65939 3.87969 3.43909 2.69861 0.247602 0.2203 0.102211 0.0626451
0.0314029 6.23292 6.47646 5.98938 3.61292 3.83081 3.39503 2.64837 0.243537 0.21789 0.100893 0.0615998
0.0322917 6.16053 6.40001 5.92105 3.56666 3.78213 3.35118 2.59877 0.239478 0.215478 0.0995728 0.0605637
0.0332057 6.08855 6.32397 5.85312 3.5206 3.73366 3.30754 2.54981 0.235424 0.213063 0.0982494 0.0595366
0.0341455 6.01697 6.24835 5.7856 3.47474 3.68539 3.2641 2.50147 0.231378 0.210645 0.0969228 0.0585186
0.0351119 5.94581 6.17314 5.71847 3.42908 3.6373 3.22086 2.45375 0.227338 0.208224 0.0955932 0.0575096
0.0361057 5.87503 6.09834 5.65173 3.38361 3.58941 3.17781 2.40665 0.223307 0.205801 0.0942605 0.0565094
0.0371276 5.80466 6.02394 5.58537 3.33834 3.54171 3.13496 2.36015 0.219285 0.203374 0.0929247 0.0555181
0.0381784 5.73466 5.94994 5.51939 3.29325 3.49419 3.0923 2.31426 0.215272 0.200943 0.091586 0.0545356
0.039259 5.66505 5.87632 5.45378 3.24834 3.44685 3.04983 2.26896 0.21127 0.19851 0.0902443 0.0535618
0.0403702 5.59582 5.8031 5.38854 3.20361 3.39968 3.00754 2.22424 0.207279 0.196072 0.0888997 0.0525968
0.0415128 5.52696 5.73026 5.32366 3.15906 3.35269 2.96543 2.18011 0.2033 0.193631 0.0875524 0.0516403
0.0426877 5.45846 5.6578 5.25913 3.11467 3.30586 2.92349 2.13656 0.199335 0.191187 0.0862024 0.0506924
0.0438959 5.39033 5.58571 5.19494 3.07046 3.2592 2.88172 2.09358 0.195384 0.188739 0.08485 0.049753
0.0451383 5.32255 5.51399 5.1311 3.02641 3.2127 2.84012 2.05116 0.191447 0.186287 0.0834952 0.0488221
0.0464159 5.25511 5.44264 5.06759 2.98252 3.16635 2.79869 2.00929 0.187527 0.183831 0.0821382 0.0478997
0.0477296 5.18802 5.37165 5.0044 2.93879 3.12016 2.75742 1.96798 0.183624 0.181371 0.0807793 0.0469856
0.0490805 5.12128 5.30101 4.94154 2.89521 3.07412 2.71631 1.92722 0.179738 0.178907 0.0794187 0.0460799
0.0504697 5.05486 5.23073 4.87899 2.85179 3.02823 2.67535 1.88699 0.175872 0.17644 0.0780565 0.0451825
0.0518981 4.98877 5.16079 4.81674 2.80851 2.98248 2.63454 1.8473 0.172025 0.173968 0.0766932 0.0442933
0.053367 4.923 5.0912 4.7548 2.76538 2.93687 2.59389 1.80814 0.1682 0.171493 0.0753288 0.0434125
0.0548775 4.85754 5.02194 4.69315 2.72239 2.8914 2.55338 1.76949 0.164397 0.169014 0.0739638 0.0425398
0.0564307 4.7924 4.95302 4.63178 2.67954 2.84607 2.51301 1.73137 0.160618 0.166531 0.0725985 0.0416753
0.0580278 4.72756 4.88442 4.57069 2.63683 2.80087 2.47278 1.69375 0.156863 0.164045 0.0712331 0.0408189
0.0596702 4.66301 4.81615 4.50988 2.59424 2.7558 2.43269 1.65664 0.153133 0.161555 0.0698682 0.0399707
0.0613591 4.59876 4.74819 4.44933 2.55179 2.71085 2.39273 1.62003 0.14943 0.159061 0.0685039 0.0391306
0.0630957 4.53479 4.68055 4.38904 2.50947 2.66604 2.35291 1.58392 0.145755 0.156564 0.0671408 0.0382986
0.0648815 4.4711 4.61321 4.32899 2.46728 2.62134 2.31321 1.54829 0.142109 0.154064 0.0657793 0.0374746
0.0667179 4.40768 4.54618 4.26919 2.42521 2.57677 2.27365 1.51315 0.138493 0.151561 0.0644197 0.0366587
0.0686062 4.34453 4.47944 4.20962 2.38326 2.53231 2.2342 1.47848 0.134909 0.149055 0.0630625 0.0358508
0.070548 4.28164 4.413 4.15028 2.34143 2.48798 2.19489 1.44429 0.131357 0.146546 0.0617082 0.035051
0.0725448 4.219 4.34684 4.09116 2.29972 2.44376 2.15569 1.41056 0.127838 0.144035 0.0603573 0.0342592
0.074598 4.15661 4.28096 4.03225 2.25813 2.39965 2.11661 1.3773 0.124355 0.141522 0.0590102 0.0334754
0.0767094 4.09446 4.21536 3.97355 2.21666 2.35566 2.07765 1.3445 0.120907 0.139007 0.0576674 0.0326996
0.0788805 4.03254 4.15003 3.91504 2.1753 2.31179 2.03881 1.31214 0.117497 0.13649 0.0563296 0.0319318
0.0811131 3.97085 4.08497 3.85672 2.13405 2.26802 2.00008 1.28024 0.114124 0.133972 0.0549971 0.0311721
0.0834088 3.90937 4.02017 3.79858 2.09292 2.22437 1.96147 1.24878 0.110791 0.131453 0.0536705 0.0304204
0.0857696 3.84811 3.95561 3.74061 2.0519 2.18084 1.92297 1.21776 0.107499 0.128934 0.0523505 0.0296767
0.0881971 3.78706 3.89131 3.68281 2.011 2.13741 1.88459 1.18717 0.104248 0.126414 0.0510374 0.0289411
0.0906934 3.72621 3.82725 3.62517 1.97021 2.09411 1.84632 1.15702 0.101039 0.123895 0.049732 0.0282135
0.0932603 3.66554 3.76342 3.56767 1.92954 2.05091 1.80816 1.12729 0.0978745 0.121377 0.0484347 0.0274941
0.0958999 3.60507 3.69982 3.51031 1.88898 2.00784 1.77012 1.09798 0.0947543 0.11886 0.0471461 0.0267828
0.0986142 3.54477 3.63645 3.45309 1.84854 1.96488 1.73219 1.06909 0.0916798 0.116344 0.0458669 0.0260796
0.101405 3.48464 3.57329 3.39599 1.80822 1.92205 1.69439 1.04061 0.0886518 0.113831 0.0445975 0.0253846
0.104275 3.42468 3.51035 3.339 1.76802 1.87934 1.65669 1.01254 0.0856715 0.111321 0.0433386 0.0246978
0.107227 3.36487 3.44761 3.28213 1.72794 1.83675 1.61913 0.984881 0.0827395 0.108815 0.0420907 0.0240193
0.110262 3.30521 3.38507 3.22535 1.68799 1.7943 1.58168 0.957624 0.0798569 0.106312 0.0408545 0.023349
0.113382 3.2457 3.32272 3.16867 1.64817 1.75198 1.54435 0.930766 0.0770244 0.103815 0.0396305 0.0226871
0.116591 3.18632 3.26056 3.11208 1.60848 1.7098 1.50716 0.904305 0.0742428 0.101323 0.0384192 0.0220336
0.119891 3.12707 3.19858 3.05556 1.56893 1.66777 1.4701 0.878237 0.071513 0.0988373 0.0372212 0.0213885
0.123285 3.06794 3.13678 2.99911 1.52953 1.62589 1.43317 0.852561 0.0688355 0.0963588 0.0360371 0.0207519
0.126774 3.00893 3.07515 2.94272 1.49027 1.58416 1.39638 0.827272 0.066211 0.0938882 0.0348674 0.0201238
0.130362 2.95003 3.01367 2.88639 1.45117 1.5426 1.35975 0.802369 0.0636403 0.0914263 0.0337128 0.0195044
0.134052 2.89124 2.95236 2.83011 1.41223 1.50121 1.32326 0.777849 0.0611237 0.088974 0.0325736 0.0188937
0.137846 2.83254 2.8912 2.77387 1.37346 1.45999 1.28693 0.75371 0.0586619 0.0865323 0.0314504 0.0182917
0.141747 2.77393 2.83018 2.71767 1.33487 1.41897 1.25077 0.72995 0.0562554 0.084102 0.0303437 0.0176985
0.145759 2.7154 2.76931 2.6615 1.29646 1.37815 1.21478 0.706568 0.0539044 0.0816842 0.0292541 0.0171143
0.149885 2.65696 2.70857 2.60535 1.25825 1.33753 1.17897 0.683561 0.0516095 0.0792799 0.0281819 0.0165391
0.154127 2.59859 2.64796 2.54922 1.22025 1.29714 1.14336 0.660929 0.0493709 0.07689 0.0271277 0.0159729
0.158489 2.54029 2.58748 2.4931 1.18246 1.25698 1.10794 0.63867 0.0471888 0.0745158 0.0260919 0.0154159
0.162975 2.48206 2.52713 2.437 1.1449 1.21706 1.07274 0.616783 0.0450635 0.0721583 0.0250749 0.0148682
0.167588 2.4239 2.46689 2.3809 1.10758 1.1774 1.03777 0.595267 0.0429951 0.0698186 0.0240772 0.0143298
0.172331 2.36579 2.40677 2.32481 1.07052 1.13802 1.00303 0.574123 0.0409837 0.067498 0.023099 0.0138009
0.177209 2.30774 2.34677 2.26871 1.03373 1.09893 0.968536 0.553349 0.0390293 0.0651975 0.0221409 0.0132815
0.182224 2.24975 2.28689 2.21262 0.99723 1.06015 0.934311 0.532945 0.0371319 0.0629185 0.0212031 0.0127718
0.187382 2.19182 2.22711 2.15653 0.961029 1.02169 0.900366 0.512912 0.0352915 0.0606623 0.0202859 0.0122718
0.192685 2.13395 2.16745 2.10044 0.925148 0.983578 0.866718 0.49325 0.0335078 0.05843 0.0193898 0.0117817
0.198139 2.07613 2.10791 2.04435 0.889608 0.945831 0.833385 0.473959 0.0317807 0.056223 0.0185148 0.0113016
0.203747 2.01837 2.04848 1.98826 0.854427 0.90847 0.800385 0.45504 0.03011 0.0540426 0.0176614 0.0108316
0.209514 1.96068 1.98918 1.93219 0.819628 0.871518 0.767737 0.436494 0.0284954 0.0518902 0.0168298 0.0103717
0.215443 1.90307 1.93 1.87613 0.785232 0.834999 0.735465 0.418322 0.0269364 0.0497671 0.0160201 0.00992219
0.221541 1.84553 1.87096 1.82009 0.751263 0.798938 0.703589 0.400525 0.0254327 0.0476746 0.0152326 0.00948304
0.227812 1.78807 1.81206 1.76409 0.717746 0.76336 0.672132 0.383105 0.0239839 0.0456142 0.0144673 0.00905438
0.234259 1.73072 1.75331 1.70813 0.684708 0.728295 0.641121 0.366064 0.0225893 0.0435872 0.0137245 0.0086363
0.24089 1.67347 1.69472 1.65222 0.652176 0.693771 0.610581 0.349403 0.0212485 0.0415951 0.0130043 0.0082289
0.247708 1.61636 1.63632 1.5964 0.620179 0.659819 0.58054 0.333124 0.0199608 0.0396391 0.0123066 0.00783225
0.254719 1.55938 1.57811 1.54066 0.588751 0.626471 0.55103 0.317231 0.0187255 0.0377206 0.0116315 0.00744642
0.261928 1.50258 1.52012 1.48504 0.557923 0.593764 0.522082 0.301724 0.0175419 0.0358411 0.0109791 0.00707144
0.269341 1.44597 1.46238 1.42956 0.527733 0.561735 0.493731 0.286608 0.0164092 0.0340017 0.0103492 0.00670732
0.276965 1.38958 1.4049 1.37425 0.498222 0.530426 0.466018 0.271884 0.0153265 0.0322039 0.00974183 0.00635406
0.284804 1.33345 1.34774 1.31915 0.46944 0.499889 0.438991 0.257557 0.0142929 0.0304487 0.00915669 0.00601155
0.292864 1.27761 1.29092 1.26431 0.441452 0.470189 0.412714 0.24363 0.0133073 0.0287375 0.0085935 0.0056796
0.301153 1.22214 1.23451 1.20977 0.414367 0.441438 0.387296 0.230109 0.0123684 0.027071 0.00805172 0.00535779
0.309677 1.1671 1.17858 1.15563 0.388518 0.413968 0.363068 0.217005 0.0114743 0.0254499 0.00753007 0.00504489
0.318442 1.12688 1.13802 1.11573 0.372431 0.397276 0.347586 0.212164 0.0111442 0.0248451 0.00733435 0.00492516
0.321833 1.10664 1.11746 1.09581 0.362751 0.387004 0.338497 0.207431 0.0108238 0.0242534 0.00714371 0.00480819
0.325224 1.08667 1.09718 1.07615 0.35328 0.376955 0.329606 0.202802 0.0105129 0.0236746 0.006958 0.00469391
0.328614 1.06695 1.07717 1.05674 0.344016 0.367124 0.320908 0.198275 0.0102111 0.0231083 0.00677708 0.00458225
0.332005 1.04751 1.05742 1.03759 0.334953 0.357507 0.312399 0.193847 0.00991809 0.0225542 0.00660081 0.00447314
0.335396 1.02831 1.03795 1.01868 0.326089 0.348101 0.304076 0.189516 0.00963364 0.0220121 0.00642906 0.00436652
0.338787 1.00937 1.01873 1.00001 0.317418 0.3389 0.295936 0.185279 0.00935745 0.0214818 0.0062617 0.00426233
0.342178 0.990678 0.999767 0.981589 0.308939 0.329902 0.287976 0.181134 0.00908926 0.020963 0.00609862 0.00416051
0.345569 0.972232 0.981061 0.963403 0.300646 0.321101 0.280191 0.177079 0.00882881 0.0204554 0.00593969 0.00406099
0.348959 0.954029 0.962605 0.945453 0.292537 0.312496 0.272578 0.173111 0.00857586 0.0199588 0.0057848 0.00396372
0.35235 0.936065 0.944396 0.927735 0.284608 0.304081 0.265135 0.169229 0.00833017 0.0194729 0.00563384 0.00386865
0.355741 0.918339 0.926431 0.910247 0.276856 0.295854 0.257859 0.16543 0.00809152 0.0189976 0.00548669 0.00377572
0.359132 0.900846 0.908706 0.892987 0.269278 0.28781 0.250745 0.161712 0.00785968 0.0185326 0.00534326 0.00368488
0.362523 0.883586 0.89122 0.875951 0.26187 0.279947 0.243792 0.158074 0.00763444 0.0180778 0.00520344 0.00359608
0.365914 0.866553 0.873968 0.859137 0.254629 0.272261 0.236996 0.154514 0.0074156 0.0176328 0.00506713 0.00350927
0.369305 0.849746 0.856949 0.842543 0.247552 0.264749 0.230354 0.151029 0.00720296 0.0171975 0.00493425 0.0034244
0.372695 0.833164 0.84016 0.826167 0.240636 0.257407 0.223864 0.147619 0.00699634 0.0167717 0.00480469 0.00334143
0.376086 0.816803 0.823598 0.810007 0.233878 0.250233 0.217523 0.14428 0.00679554 0.0163551 0.00467838 0.00326031
0.379477 0.80066 0.807261 0.79406 0.227275 0.243223 0.211328 0.141013 0.00660039 0.0159477 0.00455522 0.003181
0.382868 0.784734 0.791145 0.778324 0.220825 0.236374 0.205276 0.137814 0.00641073 0.0155492 0.00443513 0.00310346
0.386259 0.769024 0.77525 0.762798 0.214524 0.229683 0.199365 0.134683 0.00622638 0.0151594 0.00431803 0.00302764
0.38965 0.753525 0.759573 0.747478 0.20837 0.223148 0.193592 0.131618 0.00604719 0.0147781 0.00420385 0.00295351
0.39304 0.738238 0.744111 0.732365 0.20236 0.216765 0.187955 0.128617 0.005873 0.0144052 0.0040925 0.00288102
0.396431 0.723159 0.728862 0.717455 0.196491 0.210531 0.18245 0.12568 0.00570367 0.0140405 0.00398391 0.00281014
0.399822 0.708287 0.713826 0.702748 0.190761 0.204445 0.177077 0.122804 0.00553905 0.0136838 0.00387801 0.00274084
0.403213 0.693619 0.698998 0.68824 0.185167 0.198502 0.171832 0.119988 0.005379 0.013335 0.00377473 0.00267307
0.406604 0.679154 0.684377 0.67393 0.179706 0.1927 0.166712 0.117231 0.00522339 0.0129939 0.00367401 0.0026068
0.409995 0.66489 0.669962 0.659818 0.174377 0.187037 0.161717 0.114532 0.00507209 0.0126603 0.00357577 0.002542
0.413385 0.650826 0.655751 0.645901 0.169176 0.18151 0.156842 0.111889 0.00492498 0.0123342 0.00347996 0.00247863
0.416776 0.63696 0.641742 0.632178 0.164102 0.176117 0.152087 0.109301 0.00478193 0.0120152 0.00338652 0.00241667
0.420167 0.623291 0.627933 0.618648 0.159151 0.170855 0.147448 0.106768 0.00464283 0.0117034 0.00329537 0.00235607
0.423558 0.609815 0.614323 0.605308 0.154322 0.165721 0.142923 0.104287 0.00450756 0.0113986 0.00320648 0.00229682
0.426949 0.596533 0.600909 0.592157 0.149612 0.160713 0.138512 0.101858 0.00437601 0.0111005 0.00311977 0.00223888
0.43034 0.583442 0.58769 0.579194 0.145019 0.155828 0.13421 0.0994794 0.00424808 0.0108091 0.0030352 0.00218222
0.43373 0.570541 0.574664 0.566417 0.140541 0.151065 0.130017 0.0971504 0.00412367 0.0105243 0.00295271 0.00212682
0.437121 0.557829 0.561831 0.553826 0.136175 0.146421 0.125929 0.0948698 0.00400267 0.0102458 0.00287225 0.00207264
0.440512 0.545303 0.549188 0.541418 0.131919 0.141893 0.121946 0.0926367 0.00388499 0.00997367 0.00279377 0.00201966
0.443903 0.532964 0.536734 0.529193 0.127772 0.13748 0.118064 0.09045 0.00377053 0.00970766 0.00271722 0.00196786
0.447294 0.520809 0.524468 0.517149 0.123731 0.133178 0.114283 0.0883088 0.00365921 0.00944768 0.00264255 0.00191721
0.450685 0.508836 0.512387 0.505285 0.119794 0.128987 0.1106 0.0862121 0.00355094 0.00919361 0.00256972 0.00186768
0.454075 0.497046 0.500491 0.4936 0.115958 0.124903 0.107013 0.084159 0.00344563 0.00894532 0.00249869 0.00181925
0.457466 0.485435 0.488778 0.482092 0.112223 0.120925 0.10352 0.0821486 0.0033432 0.00870271 0.0024294 0.0017719
0.460857 0.474004 0.477247 0.47076 0.108585 0.117051 0.100119 0.0801801 0.00324358 0.00846565 0.00236182 0.00172561
0.464248 0.46275 0.465896 0.459603 0.105044 0.113278 0.0968095 0.0782525 0.00314668 0.00823404 0.00229591 0.00168034
0.467639 0.451672 0.454724 0.44862 0.101596 0.109604 0.0935883 0.076365 0.00305243 0.00800777 0.00223162 0.00163608
0.47103 0.44077 0.44373 0.437809 0.0982408 0.106027 0.090454 0.0745168 0.00296075 0.00778672 0.00216892 0.00159282
0.47442 0.430041 0.432913 0.427169 0.0949756 0.102546 0.0874048 0.0727071 0.00287158 0.0075708 0.00210776 0.00155052
0.477811 0.419485 0.42227 0.4167 0.0917989 0.0991588 0.084439 0.0709352 0.00278486 0.0073599 0.00204812 0.00150917
0.481202 0.4091 0.411801 0.4064 0.0887088 0.0958627 0.0815549 0.0692002 0.0027005 0.00715391 0.00198995 0.00146875
0.484593 0.398886 0.401504 0.396267 0.0857035 0.0926562 0.0787507 0.0675015 0.00261845 0.00695275 0.00193323 0.00142923
0.487984 0.38884 0.391379 0.386301 0.0827812 0.0895375 0.0760249 0.0658382 0.00253865 0.00675631 0.00187791 0.00139061
0.491375 0.378962 0.381423 0.376501 0.0799402 0.0865047 0.0733757 0.0642097 0.00246104 0.00656449 0.00182396 0.00135286
0.494765 0.36925 0.371636 0.366865 0.0771787 0.0835559 0.0708015 0.0626153 0.00238555 0.00637721 0.00177136 0.00131596
0.498156 0.359704 0.362016 0.357392 0.0744951 0.0806895 0.0683008 0.0610544 0.00231214 0.00619438 0.00172006 0.0012799
0.501547 0.350322 0.352563 0.348081 0.0718877 0.0779036 0.0658718 0.0595262 0.00224073 0.00601589 0.00167005 0.00124466
0.504938 0.341103 0.343274 0.338931 0.0693548 0.0751965 0.0635131 0.0580301 0.00217129 0.00584167 0.00162128 0.00121022
0.508329 0.332045 0.334149 0.329941 0.0668948 0.0725664 0.0612232 0.0565654 0.00210377 0.00567163 0.00157373 0.00117656
0.51172 0.323148 0.325186 0.32111 0.0645061 0.0700118 0.0590004 0.0551317 0.00203809 0.00550568 0.00152738 0.00114368
0.51511 0.31441 0.316384 0.312436 0.0621872 0.0675309 0.0568434 0.0537281 0.00197423 0.00534375 0.00148218 0.00111155
0.518501 0.30583 0.307742 0.303918 0.0599364 0.0651221 0.0547506 0.0523543 0.00191214 0.00518574 0.00143813 0.00108016
0.521892 0.297407 0.299258 0.295555 0.0577523 0.0627839 0.0527207 0.0510095 0.00185176 0.00503158 0.00139518 0.00104949
0.525283 0.289139 0.290932 0.287346 0.0556333 0.0605145 0.0507521 0.0496933 0.00179305 0.0048812 0.00135333 0.00101954
0.528674 0.281026 0.282762 0.27929 0.053578 0.0583125 0.0488435 0.048405 0.00173596 0.00473451 0.00131253 0.000990276
0.532065 0.273066 0.274746 0.271386 0.0515849 0.0561763 0.0469935 0.0471441 0.00168046 0.00459143 0.00127277 0.000961697
0.535455 0.265258 0.266884 0.263631 0.0496525 0.0541044 0.0452006 0.0459102 0.00162651 0.0044519 0.00123402 0.000933787
0.538846 0.257601 0.259175 0.256027 0.0477794 0.0520953 0.0434636 0.0447026 0.00157406 0.00431585 0.00119625 0.000906531
0.542237 0.250093 0.251616 0.24857 0.0459644 0.0501476 0.0417812 0.0435209 0.00152307 0.00418319 0.00115946 0.000879917
0.545628 0.242733 0.244206 0.241259 0.0442058 0.0482597 0.040152 0.0423646 0.00147351 0.00405386 0.00112361 0.000853931
0.549019 0.23552 0.236945 0.234095 0.0425026 0.0464304 0.0385748 0.0412332 0.00142534 0.0039278 0.00108868 0.000828562
0.55241 0.228453 0.229831 0.227074 0.0408531 0.044658 0.0370482 0.0401262 0.00137853 0.00380493 0.00105466 0.000803798
0.5558 0.22153 0.222863 0.220197 0.0392562 0.0429414 0.035571 0.0390432 0.00133303 0.00368519 0.00102152 0.000779625
0.559191 0.21475 0.216039 0.213462 0.0377106 0.0412792 0.0341421 0.0379837 0.00128882 0.00356852 0.000989235 0.000756033
0.562582 0.208112 0.209358 0.206867 0.0362151 0.0396699 0.0327602 0.0369472 0.00124586 0.00345484 0.000957796 0.00073301
0.565973 0.201615 0.202819 0.200411 0.0347683 0.0381124 0.0314242 0.0359334 0.00120412 0.0033441 0.00092718 0.000710544
0.569364 0.195257 0.19642 0.194093 0.033369 0.0366053 0.0301328 0.0349418 0.00116357 0.00323624 0.000897369 0.000688626
0.572755 0.189036 0.19016 0.187912 0.0320161 0.0351473 0.0288849 0.0339719 0.00112417 0.00313119 0.000868344 0.000667243
0.576146 0.182952 0.184038 0.181866 0.0307084 0.0337373 0.0276795 0.0330235 0.00108591 0.0030289 0.000840088 0.000646386
0.579536 0.177003 0.178052 0.175954 0.0294446 0.0323739 0.0265153 0.032096 0.00104874 0.00292931 0.000812582 0.000626043
0.582927 0.171188 0.172201 0.170175 0.0282237 0.0310561 0.0253914 0.0311891 0.00101265 0.00283236 0.000785812 0.000606205
0.586318 0.165505 0.166483 0.164528 0.0270445 0.0297825 0.0243065 0.0303024 0.000977598 0.00273799 0.000759759 0.000586862
0.589709 0.159953 0.160897 0.15901 0.0259059 0.0285521 0.0232598 0.0294355 0.000943565 0.00264616 0.000734407 0.000568004
0.5931 0.154531 0.155442 0.15362 0.0248069 0.0273637 0.0222501 0.0285881 0.000910524 0.0025568 0.000709742 0.000549622
0.596491 0.149237 0.150115 0.148358 0.0237463 0.0262162 0.0212765 0.0277598 0.000878449 0.00246987 0.000685747 0.000531706
0.599881 0.144069 0.144917 0.143222 0.0227232 0.0251085 0.0203379 0.0269502 0.000847316 0.00238531 0.000662407 0.000514246
0.603272 0.139027 0.139844 0.13821 0.0217364 0.0240395 0.0194333 0.026159 0.0008171 0.00230307 0.000639707 0.000497234
0.606663 0.134109 0.134896 0.133321 0.020785 0.0230081 0.0185619 0.0253858 0.000787779 0.0022231 0.000617634 0.000480662
0.610054 0.129312 0.130072 0.128553 0.0198681 0.0220134 0.0177227 0.0246304 0.000759329 0.00214535 0.000596173 0.000464519
0.613445 0.124637 0.125369 0.123905 0.0189845 0.0210543 0.0169148 0.0238924 0.000731728 0.00206977 0.00057531 0.000448798
0.616836 0.120081 0.120786 0.119376 0.0181335 0.0201298 0.0161372 0.0231715 0.000704955 0.00199632 0.000555031 0.00043349
0.620226 0.115643 0.116322 0.114964 0.017314 0.0192389 0.015389 0.0224673 0.000678989 0.00192495 0.000535324 0.000418587
0.623617 0.111321 0.111975 0.110667 0.0165251 0.0183807 0.0146695 0.0217795 0.000653808 0.00185562 0.000516175 0.000404082
0.627008 0.107114 0.107743 0.106484 0.015766 0.0175543 0.0139777 0.021108 0.000629394 0.00178827 0.000497572 0.000389965
0.630399 0.10302 0.103626 0.102414 0.0150357 0.0167586 0.0133129 0.0204522 0.000605726 0.00172286 0.000479502 0.000376229
0.63379 0.0990376 0.0996204 0.0984549 0.0143335 0.0159928 0.0126741 0.019812 0.000582785 0.00165936 0.000461954 0.000362866
0.637181 0.0951654 0.095726 0.0946049 0.0136584 0.0152561 0.0120607 0.0191871 0.000560552 0.00159771 0.000444914 0.00034987
0.640571 0.0914017 0.0919407 0.0908627 0.0130096 0.0145475 0.0114717 0.0185772 0.000539011 0.00153788 0.000428373 0.000337232
0.643962 0.0877449 0.088263 0.0872268 0.0123864 0.0138662 0.0109066 0.017982 0.000518142 0.00147982 0.000412318 0.000324945
0.647353 0.0841933 0.0846913 0.0836954 0.0117879 0.0132114 0.0103644 0.0174013 0.000497928 0.0014235 0.000396737 0.000313002
0.650744 0.0807455 0.0812239 0.0802671 0.0112134 0.0125823 0.00984453 0.0168347 0.000478353 0.00136888 0.000381621 0.000301396
0.654135 0.0773997 0.0778591 0.0769403 0.0106621 0.011978 0.00934622 0.0162821 0.000459401 0.00131591 0.000366959 0.00029012
0.657526 0.0741543 0.0745953 0.0737132 0.0101333 0.0113979 0.00886876 0.0157431 0.000441054 0.00126456 0.00035274 0.000279167
0.660916 0.0710077 0.071431 0.0705844 0.00962627 0.0108411 0.00841148 0.0152176 0.000423298 0.00121479 0.000338953 0.000268531
0.664307 0.0679582 0.0683643 0.067552 0.00914027 0.0103068 0.00797371 0.0147052 0.000406116 0.00116656 0.000325589 0.000258205
0.667698 0.0650041 0.0653936 0.0646146 0.00867463 0.00979448 0.00755479 0.0142057 0.000389495 0.00111985 0.000312637 0.000248182
0.671089 0.0621438 0.0625172 0.0617704 0.00822869 0.00930329 0.00715409 0.013719 0.00037342 0.0010746 0.000300089 0.000238456
0.67448 0.0593757 0.0597336 0.0590178 0.00780178 0.00883258 0.00677099 0.0132447 0.000357875 0.00103079 0.000287934 0.000229021
0.677871 0.056698 0.0570409 0.0563552 0.00739327 0.00838165 0.00640488 0.0127826 0.000342848 0.000988385 0.000276163 0.00021987
0.681261 0.0541091 0.0544374 0.0537808 0.00700251 0.00794986 0.00605517 0.0123325 0.000328324 0.000947348 0.000264768 0.000210998
0.684652 0.0516072 0.0519215 0.051293 0.00662892 0.00753656 0.00572127 0.0118941 0.000314291 0.000907647 0.000253738 0.000202399
0.688043 0.0491908 0.0494915 0.04889 0.00627188 0.00714113 0.00540263 0.0114674 0.000300735 0.000869249 0.000243066 0.000194066
0.691434 0.046858 0.0471456 0.0465703 0.00593082 0.00676295 0.0050987 0.0110519 0.000287644 0.000832124 0.000232743 0.000185993
0.694825 0.0446072 0.0448822 0.0443322 0.00560518 0.00640142 0.00480894 0.0106476 0.000275005 0.000796239 0.00022276 0.000178176
0.698216 0.0424367 0.0426995 0.0421739 0.00529439 0.00605595 0.00453283 0.0102543 0.000262806 0.000761564 0.000213109 0.000170609
0.701606 0.0403447 0.0405958 0.0400937 0.00499793 0.005726 0.00426986 0.00987159 0.000251036 0.000728068 0.000203782 0.000163285
0.704997 0.0383297 0.0385694 0.03809 0.00471526 0.00541099 0.00401954 0.00949943 0.000239682 0.000695722 0.000194771 0.000156199
0.708388 0.0363899 0.0366186 0.0361611 0.00444589 0.00511039 0.0037814 0.00913759 0.000228734 0.000664497 0.000186068 0.000149347
0.711779 0.0345235 0.0347416 0.0343053 0.00418932 0.00482368 0.00355495 0.00878586 0.000218179 0.000634364 0.000177665 0.000142722
0.71517 0.0327289 0.0329369 0.0325209 0.00394505 0.00455035 0.00333976 0.00844406 0.000208009 0.000605295 0.000169556 0.00013632
0.718561 0.0310044 0.0312026 0.0308062 0.00371263 0.00428989 0.00313537 0.00811199 0.000198211 0.000577263 0.000161731 0.000130135
0.721951 0.0293483 0.0295371 0.0291595 0.00349159 0.00404183 0.00294135 0.00778948 0.000188775 0.00055024 0.000154185 0.000124162
0.725342 0.0277589 0.0279386 0.0275793 0.0032815 0.0038057 0.0027573 0.00747632 0.000179692 0.000524201 0.00014691 0.000118397
0.728733 0.0262346 0.0264056 0.0260637 0.00308192 0.00358104 0.0025828 0.00717235 0.000170952 0.000499118 0.0001399 0.000112834
0.732124 0.0247737 0.0249362 0.0246111 0.00289244 0.00336741 0.00241747 0.00687738 0.000162544 0.000474967 0.000133146 0.000107469
0.735515 0.0233745 0.0235289 0.02322 0.00271264 0.00316437 0.00226092 0.00659124 0.00015446 0.000451722 0.000126643 0.000102296
0.738906 0.0220353 0.022182 0.0218886 0.00254214 0.0029715 0.00211279 0.00631375 0.00014669 0.000429359 0.000120383 9.73112e-05
0.742296 0.0207545 0.0208937 0.0206153 0.00238056 0.00278841 0.0019727 0.00604474 0.000139224 0.000407853 0.000114361 9.25098e-05
0.745687 0.0195305 0.0196626 0.0193985 0.00222751 0.00261469 0.00184033 0.00578405 0.000132055 0.000387181 0.00010857 8.78872e-05
0.749078 0.0183617 0.0184869 0.0182365 0.00208265 0.00244997 0.00171533 0.00553151 0.000125174 0.000367319 0.000103003 8.34388e-05
0.752469 0.0172464 0.017365 0.0171278 0.00194562 0.00229386 0.00159737 0.00528694 0.000118571 0.000348245 9.76555e-05 7.91603e-05
0.75586 0.0161831 0.0162953 0.0160708 0.00181609 0.00214602 0.00148615 0.0050502 0.000112239 0.000329936 9.252e-05 7.50473e-05
0.759251 0.0151701 0.0152762 0.0150639 0.00169373 0.0020061 0.00138136 0.00482112 0.00010617 0.00031237 8.75911e-05 7.10954e-05
0.762641 0.0142058 0.0143062 0.0141055 0.00157822 0.00187375 0.00128269 0.00459954 0.000100355 0.000295525 8.28629e-05 6.73003e-05
0.766032 0.0132889 0.0133836 0.0131941 0.00146926 0.00174864 0.00118988 0.0043853 9.47873e-05 0.000279381 7.83297e-05 6.3658e-05
0.769423 0.0124176 0.012507 0.0123281 0.00136656 0.00163048 0.00110264 0.00417826 8.94587e-05 0.000263917 7.39859e-05 6.01642e-05
0.772814 0.0115904 0.0116748 0.0115061 0.00126982 0.00151893 0.00102071 0.00397825 8.4362e-05 0.000249112 6.98259e-05 5.68149e-05
0.776205 0.010806 0.0108855 0.0107265 0.00117878 0.00141372 0.000943832 0.00378514 7.94898e-05 0.000234946 6.58444e-05 5.36061e-05
0.779596 0.0100627 0.0101376 0.00998789 0.00109316 0.00131456 0.000871759 0.00359877 7.48351e-05 0.0002214 6.20361e-05 5.05339e-05
0.782986 0.00935918 0.00942957 0.00928879 0.00101271 0.00122116 0.000804252 0.00341899 7.03909e-05 0.000208454 5.83956e-05 4.75943e-05
0.786377 0.00869391 0.00876006 0.00862776 0.000937174 0.00113326 0.000741083 0.00324566 6.61503e-05 0.00019609 5.4918e-05 4.47835e-05
0.789768 0.0080655 0.0081276 0.00800339 0.000866321 0.00105061 0.000682032 0.00307864 6.21066e-05 0.00018429 5.15981e-05 4.20978e-05
0.793159 0.00747254 0.0075308 0.00741429 0.000799918 0.000972952 0.000626884 0.00291779 5.82535e-05 0.000173034 4.8431e-05 3.95335e-05
0.79655 0.00691366 0.00696825 0.00685908 0.000737742 0.000900048 0.000575436 0.00276296 5.45844e-05 0.000162306 4.54119e-05 3.70868e-05
0.799941 0.00638751 0.0064386 0.00633641 0.000679578 0.000831667 0.00052749 0.00261402 5.10932e-05 0.000152088 4.25361e-05 3.47542e-05
0.803332 0.00589275 0.00594052 0.00584498 0.000625222 0.000767586 0.000482859 0.00247083 4.77737e-05 0.000142363 3.97988e-05 3.25321e-05
0.806722 0.00542809 0.00547271 0.00538347 0.000574475 0.00070759 0.00044136 0.00233326 4.462e-05 0.000133115 3.71955e-05 3.04171e-05
0.810113 0.00499223 0.00503386 0.00495061 0.000527146 0.000651473 0.000402819 0.00220117 4.16263e-05 0.000124327 3.47217e-05 2.84057e-05
0.813504 0.00458394 0.00462273 0.00454515 0.000483052 0.000599035 0.00036707 0.00207443 3.87868e-05 0.000115983 3.2373e-05 2.64946e-05
0.816895 0.00420198 0.00423808 0.00416588 0.000442018 0.000550085 0.000333951 0.00195291 3.6096e-05 0.000108067 3.01451e-05 2.46803e-05
0.820286 0.00384515 0.0038787 0.0038116 0.000403875 0.00050444 0.000303311 0.00183648 3.35484e-05 0.000100564 2.80337e-05 2.29598e-05
0.823677 0.00351228 0.00354342 0.00348115 0.000368462 0.000461922 0.000275002 0.00172501 3.11387e-05 9.34602e-05 2.60347e-05 2.13296e-05
0.827067 0.00320223 0.0032311 0.00317337 0.000335622 0.000422362 0.000248883 0.00161838 2.88616e-05 8.67394e-05 2.41441e-05 1.97868e-05
0.830458 0.00291389 0.0029406 0.00288717 0.000305209 0.000385597 0.000224821 0.00151646 2.67122e-05 8.0388e-05 2.23577e-05 1.83281e-05
0.833849 0.00264615 0.00267084 0.00262146 0.000277079 0.000351471 0.000202688 0.00141912 2.46853e-05 7.43916e-05 2.06718e-05 1.69506e-05
0.83724 0.00239797 0.00242075 0.0023752 0.000251097 0.000319834 0.00018236 0.00132625 2.27763e-05 6.87368e-05 1.90825e-05 1.56512e-05
0.840631 0.00216833 0.00218931 0.00214735 0.000227133 0.000290543 0.000163723 0.00123772 2.09802e-05 6.341e-05 1.7586e-05 1.4427e-05
0.844022 0.00195621 0.0019755 0.00193692 0.000205063 0.000263461 0.000146665 0.00115341 1.92926e-05 5.83982e-05 1.61787e-05 1.32751e-05
0.847412 0.00176065 0.00177836 0.00174294 0.000184768 0.000238456 0.000131079 0.00107321 1.77088e-05 5.36885e-05 1.4857e-05 1.21926e-05
0.850803 0.00158071 0.00159694 0.00156449 0.000166135 0.000215404 0.000116867 0.000996989 1.62245e-05 4.92685e-05 1.36173e-05 1.11769e-05
0.854194 0.00141549 0.00143032 0.00140065 0.000149057 0.000194183 0.000103931 0.000924637 1.48353e-05 4.51259e-05 1.24562e-05 1.02251e-05
0.857585 0.0012641 0.00127764 0.00125056 0.000133431 0.00017468 9.21825e-05 0.000856039 1.35371e-05 4.12487e-05 1.13704e-05 9.33465e-06
0.860976 0.0011257 0.00113802 0.00111337 0.00011916 0.000156785 8.15345e-05 0.000791079 1.23258e-05 3.76255e-05 1.03565e-05 8.50285e-06
0.864367 0.000999465 0.00101066 0.000988267 0.000106151 0.000140395 7.1906e-05 0.000729644 1.11974e-05 3.42447e-05 9.41142e-06 7.72715e-06
0.867757 0.000884615 0.000894763 0.000874467 9.43153e-05 0.000125411 6.32199e-05 0.000671622 1.01479e-05 3.10954e-05 8.53191e-06 7.00505e-06
0.871148 0.000780391 0.000789565 0.000771217 8.35702e-05 0.000111737 5.54035e-05 0.000616902 9.1737e-06 2.81667e-05 7.71493e-06 6.33409e-06
0.874539 0.000686067 0.000694338 0.000677796 7.38365e-05 9.92847e-05 4.83883e-05 0.000565374 8.27101e-06 2.54482e-05 6.9575e-06 5.71185e-06
0.87793 0.000600945 0.000608381 0.000593509 6.5039e-05 8.79685e-05 4.21096e-05 0.00051693 7.43625e-06 2.29295e-05 6.25669e-06 5.13599e-06
0.881321 0.000524359 0.000531025 0.000517693 5.71071e-05 7.77078e-05 3.65064e-05 0.000471461 6.66595e-06 2.06007e-05 5.60965e-06 4.60421e-06
0.884712 0.000455673 0.000461629 0.000449716 4.99738e-05 6.84258e-05 3.15217e-05 0.00042886 5.9567e-06 1.84521e-05 5.0136e-06 4.11427e-06
0.888102 0.000394278 0.000399583 0.000388972 4.35758e-05 6.005e-05 2.71016e-05 0.000389024 5.30522e-06 1.64742e-05 4.46586e-06 3.66397e-06
0.891493 0.000339596 0.000344304 0.000334887 3.78538e-05 5.25116e-05 2.3196e-05 0.000351846 4.70829e-06 1.46578e-05 3.96377e-06 3.25119e-06
0.894884 0.000291077 0.00029524 0.000286914 3.27516e-05 4.57458e-05 1.97575e-05 0.000317224 4.16282e-06 1.29941e-05 3.50479e-06 2.87384e-06
0.898275 0.0002482 0.000251866 0.000244534 2.82168e-05 3.96912e-05 1.67425e-05 0.000285055 3.66579e-06 1.14744e-05 3.08642e-06 2.52989e-06
0.901666 0.000210472 0.000213686 0.000207258 2.41999e-05 3.42901e-05 1.41098e-05 0.000255239 3.21427e-06 1.00902e-05 2.70625e-06 2.21737e-06
0.905057 0.000177428 0.000180233 0.000174622 2.06547e-05 2.94881e-05 1.18213e-05 0.000227674 2.80544e-06 8.8334e-06 2.36193e-06 1.93436e-06
0.908447 0.000148626 0.000151063 0.00014619 1.75379e-05 2.5234e-05 9.84177e-06 0.000202263 2.43655e-06 7.6961e-06 2.05119e-06 1.67901e-06
0.911838 0.000123657 0.000125762 0.000121552 1.4809e-05 2.14796e-05 8.13835e-06 0.000178907 2.10496e-06 6.67064e-06 1.77183e-06 1.4495e-06
0.915229 0.000102133 0.000103941 0.000100325 1.24304e-05 1.818e-05 6.68081e-06 0.00015751 1.8081e-06 5.74962e-06 1.5217e-06 1.24409e-06
0.91862 8.36936e-05 8.52371e-05 8.21501e-05 1.03671e-05 1.5293e-05 5.44127e-06 0.000137977 1.54352e-06 4.92588e-06 1.29875e-06 1.06108e-06
0.922011 6.8002e-05 6.93108e-05 6.66932e-05 8.58662e-06 1.27791e-05 4.39412e-06 0.000120212 1.30882e-06 4.1925e-06 1.101e-06 8.98823e-07
0.925402 5.47462e-05 5.5848e-05 5.36445e-05 7.05873e-06 1.06016e-05 3.5159e-06 0.000104124 1.10172e-06 3.54283e-06 9.26503e-07 7.55749e-07
0.928792 4.36375e-05 4.45575e-05 4.27175e-05 5.75564e-06 8.72607e-06 2.78522e-06 8.96192e-05 9.20005e-07 2.97043e-06 7.73428e-07 6.30327e-07
0.932183 3.44097e-05 3.51712e-05 3.36481e-05 4.65171e-06 7.12083e-06 2.18259e-06 7.66082e-05 7.61569e-07 2.46912e-06 6.39993e-07 5.21089e-07
0.935574 2.68186e-05 2.7443e-05 2.61942e-05 3.72336e-06 5.75633e-06 1.69038e-06 6.50016e-05 6.2438e-07 2.03297e-06 5.24491e-07 4.26624e-07
0.938965 2.06414e-05 2.11479e-05 2.01349e-05 2.94898e-06 4.60525e-06 1.2927e-06 5.47115e-05 5.06497e-07 1.65628e-06 4.25286e-07 3.45578e-07
0.942356 1.56754e-05 1.60815e-05 1.52694e-05 2.30886e-06 3.64243e-06 9.75288e-07 4.56514e-05 4.06067e-07 1.33357e-06 3.40815e-07 2.76657e-07
0.945747 1.1738e-05 1.20593e-05 1.14166e-05 1.78506e-06 2.84471e-06 7.25416e-07 3.77367e-05 3.21323e-07 1.05965e-06 2.69585e-07 2.18625e-07
0.949137 8.6648e-06 8.91538e-06 8.41421e-06 1.36132e-06 2.19084e-06 5.31805e-07 3.0884e-05 2.50587e-07 8.29516e-07 2.10177e-07 1.70305e-07
0.952528 6.30984e-06 6.50211e-06 6.11757e-06 1.02298e-06 1.66142e-06 3.84532e-07 2.50121e-05 1.92267e-07 6.38445e-07 1.61245e-07 1.30582e-07
0.955919 4.5441e-06 4.68896e-06 4.39924e-06 7.56873e-07 1.23881e-06 2.74937e-07 2.00414e-05 1.4486e-07 4.81936e-07 1.21515e-07 9.83991e-08
0.95931 3.25488e-06 3.36183e-06 3.14793e-06 5.51275e-07 9.0701e-07 1.9554e-07 1.58949e-05 1.0695e-07 3.55735e-07 8.97863e-08 7.27616e-08
0.962701 2.34497e-06 2.42218e-06 2.26776e-06 3.95793e-07 6.51625e-07 1.39961e-07 1.24982e-05 7.72101e-08 2.55832e-07 6.49345e-08 5.27369e-08
0.966092 1.73189e-06 1.7863e-06 1.67749e-06 2.81311e-07 4.59774e-07 1.02848e-07 9.78065e-06 5.44022e-08 1.78463e-07 4.5909e-08 3.74549e-08
0.969482 1.34733e-06 1.38471e-06 1.30995e-06 1.99925e-07 3.20037e-07 7.98131e-08 7.67597e-06 3.73776e-08 1.20112e-07 3.17352e-08 2.6109e-08
0.972873 1.13677e-06 1.16185e-06 1.1117e-06 1.44907e-07 2.22423e-07 6.73915e-08 6.12513e-06 2.50777e-08 7.7516e-08 2.15151e-08 1.79565e-08
0.976264 1.06002e-06 1.07656e-06 1.04349e-06 1.10719e-07 1.58387e-07 6.30504e-08 5.08085e-06 1.65349e-08 4.76682e-08 1.44277e-08 1.23193e-08
0.979655 1.09361e-06 1.10448e-06 1.08274e-06 9.31411e-08 1.20964e-07 6.53177e-08 4.51863e-06 1.08716e-08 2.78234e-08 9.72871e-09 8.58306e-09
0.983046 1.23951e-06 1.24681e-06 1.23221e-06 8.97958e-08 1.05298e-07 7.42931e-08 4.46714e-06 7.29827e-09 1.55026e-08 6.74725e-09 6.19393e-09
0.986437 1.56001e-06 1.56511e-06 1.55491e-06 1.02233e-07 1.10729e-07 9.37367e-08 5.11627e-06 5.09996e-09 8.49597e-09 4.8728e-09 4.64426e-09
0.989827 2.40291e-06 2.40647e-06 2.39934e-06 1.49482e-07 1.54322e-07 1.44641e-07 7.43551e-06 3.56642e-09 4.84086e-09 3.48155e-09 3.39599e-09
0.993218 1.21628e-05 1.21632e-05 1.21625e-05 7.36355e-07 7.39514e-07 7.33196e-07 4.42173e-05 3.71949e-10 3.15903e-09 1.86847e-10 0
4.01075e-314 inf inf inf inf inf inf 0.00214317 40.894 1.28382 0.9885 0.652882
