9.72476e-05 10.5797 11.2771 9.88222 5.04047 5.50039 4.58055 17.6875 0.697441 0.45992 0.256007 0.246399
0.0001 10.5126 11.2073 9.81803 5.00815 5.46591 4.55039 17.5211 0.694612 0.457757 0.254069 0.244358
0.00010283 10.4465 11.1383 9.75467 4.97623 5.43184 4.52063 17.356 0.691797 0.455608 0.252146 0.24233
0.000105741 10.3826 11.0716 9.69362 4.94543 5.39891 4.49196 17.1921 0.688996 0.453472 0.250237 0.240316
0.000108734 10.3153 11.0016 9.62914 4.91301 5.36436 4.46166 17.0295 0.686208 0.451349 0.248343 0.238315
0.000111811 10.2485 10.9319 9.56502 4.88078 5.33002 4.43154 16.8682 0.683434 0.449239 0.246464 0.236327
0.000114976 10.1819 10.8626 9.50124 4.84871 5.29585 4.40157 16.7082 0.680674 0.447143 0.244599 0.234353
0.00011823 10.1157 10.7937 9.43782 4.81683 5.26189 4.37177 16.5493 0.677926 0.445059 0.242748 0.232392
0.000121576 10.0499 10.7251 9.37474 4.78512 5.22811 4.34213 16.3917 0.675193 0.442989 0.240911 0.230444
0.000125017 9.98447 10.6569 9.312 4.75359 5.19452 4.31266 16.2354 0.672472 0.440931 0.239089 0.228509
0.000128556 9.91936 10.5891 9.2496 4.72223 5.16112 4.28335 16.0803 0.669764 0.438886 0.237281 0.226588
0.000132194 9.85462 10.5217 9.18755 4.69106 5.12791 4.2542 15.9263 0.66707 0.436854 0.235487 0.224679
0.000135936 9.79022 10.4546 9.12583 4.66005 5.09488 4.22521 15.7736 0.664388 0.434835 0.233707 0.222783
0.000139783 9.72616 10.3879 9.06445 4.62921 5.06204 4.19638 15.6221 0.661719 0.432828 0.231941 0.2209
0.000143739 9.66247 10.3215 9.00341 4.59855 5.02939 4.16772 15.4717 0.659062 0.430833 0.230188 0.21903
0.000147808 9.59911 10.2555 8.94269 4.56806 4.99691 4.13921 15.3225 0.656418 0.428851 0.22845 0.217172
0.000151991 9.5361 10.1899 8.88232 4.53774 4.96462 4.11086 15.1746 0.653787 0.426882 0.226725 0.215326
0.000156293 9.47344 10.1246 8.82227 4.50759 4.93251 4.08266 15.0277 0.651168 0.424924 0.225014 0.213494
0.000160717 9.41112 10.0597 8.76256 4.47761 4.90059 4.05463 14.882 0.648561 0.422979 0.223317 0.211674
0.000165265 9.34913 9.9951 8.70317 4.44779 4.86884 4.02675 14.7375 0.645967 0.421046 0.221633 0.209866
0.000169943 9.2875 9.93088 8.64411 4.41815 4.83727 3.99902 14.5941 0.643384 0.419125 0.219963 0.20807
0.000174753 9.22619 9.867 8.58538 4.38867 4.80589 3.97145 14.4519 0.640813 0.417215 0.218307 0.206287
0.000179699 9.16522 9.80347 8.52696 4.35935 4.77467 3.94404 14.3108 0.638255 0.415318 0.216663 0.204516
0.000184785 9.10459 9.7403 8.46888 4.33021 4.74364 3.91678 14.1708 0.635708 0.413433 0.215034 0.202757
0.000190015 9.04428 9.67746 8.41111 4.30122 4.71278 3.88966 14.0319 0.633172 0.411559 0.213417 0.20101
0.000195393 8.98431 9.61496 8.35366 4.2724 4.6821 3.86271 13.8941 0.630649 0.409697 0.211814 0.199275
0.000200923 8.92467 9.55281 8.29654 4.24374 4.65159 3.8359 13.7574 0.628136 0.407846 0.210224 0.197552
0.00020661 8.86536 9.491 8.23973 4.21525 4.62126 3.80924 13.6218 0.625635 0.406007 0.208647 0.195841
0.000212458 8.80637 9.42951 8.18322 4.18691 4.59109 3.78273 13.4872 0.623145 0.404179 0.207083 0.194141
0.000218471 8.74772 9.36838 8.12705 4.15874 4.56111 3.75638 13.3538 0.620667 0.402363 0.205532 0.192454
0.000224655 8.68938 9.30758 8.07118 4.13073 4.53129 3.73017 13.2214 0.618199 0.400558 0.203994 0.190778
0.000231013 8.63136 9.2471 8.01562 4.10287 4.50164 3.70411 13.0901 0.615742 0.398764 0.202469 0.189113
0.000237551 8.57367 9.18697 7.96038 4.07518 4.47216 3.6782 12.9598 0.613296 0.396982 0.200957 0.18746
0.000244275 8.51629 9.12715 7.90543 4.04764 4.44285 3.65243 12.8306 0.610861 0.39521 0.199457 0.185819
0.000251189 8.45923 9.06767 7.8508 4.02026 4.41371 3.62681 12.7024 0.608436 0.393449 0.19797 0.184189
0.000258298 8.40249 9.00851 7.79647 3.99303 4.38473 3.60133 12.5752 0.606022 0.3917 0.196496 0.18257
0.000265609 8.34607 8.94969 7.74245 3.96596 4.35592 3.576 12.4491 0.603618 0.389961 0.195035 0.180962
0.000273126 8.28995 8.89117 7.68872 3.93904 4.32728 3.55081 12.324 0.601225 0.388232 0.193586 0.179366
0.000280857 8.23415 8.83299 7.63531 3.91228 4.2988 3.52577 12.1999 0.598841 0.386515 0.19215 0.177781
0.000288806 8.17866 8.77513 7.58219 3.88568 4.27048 3.50087 12.0768 0.596468 0.384808 0.190726 0.176207
0.00029698 8.12347 8.71758 7.52937 3.85922 4.24233 3.47611 11.9547 0.594105 0.383112 0.189315 0.174644
0.000305386 8.0686 8.66035 7.47685 3.83292 4.21434 3.45149 11.8336 0.591751 0.381426 0.187916 0.173092
0.000314029 8.01403 8.60344 7.42462 3.80676 4.18651 3.42701 11.7134 0.589407 0.37975 0.186529 0.17155
0.000322917 7.95977 8.54684 7.37269 3.78076 4.15884 3.40267 11.5943 0.587073 0.378085 0.185155 0.17002
0.000332057 7.9058 8.49055 7.32105 3.75491 4.13134 3.37848 11.4761 0.584748 0.37643 0.183792 0.1685
0.000341455 7.85214 8.43458 7.26971 3.7292 4.10399 3.35442 11.3589 0.582433 0.374785 0.182442 0.166992
0.000351119 7.79878 8.37891 7.21865 3.70365 4.0768 3.3305 11.2426 0.580126 0.373151 0.181104 0.165493
0.000361057 7.74572 8.32355 7.16789 3.67824 4.04977 3.30671 11.1273 0.577829 0.371526 0.179778 0.164006
0.000371276 7.69296 8.2685 7.11742 3.65298 4.02289 3.28307 11.013 0.575541 0.369911 0.178464 0.162529
0.000381784 7.64049 8.21375 7.06723 3.62786 3.99617 3.25956 10.8996 0.573262 0.368306 0.177162 0.161062
0.00039259 7.58831 8.15931 7.01732 3.60289 3.9696 3.23618 10.7871 0.570992 0.366711 0.175872 0.159606
0.000403702 7.53643 8.10516 6.9677 3.57807 3.94319 3.21294 10.6755 0.56873 0.365126 0.174594 0.15816
0.000415128 7.48484 8.05132 6.91837 3.55339 3.91694 3.18984 10.5649 0.566477 0.36355 0.173327 0.156725
0.000426877 7.43354 7.99777 6.86931 3.52885 3.89083 3.16687 10.4551 0.564232 0.361984 0.172073 0.155299
0.000438959 7.38253 7.94453 6.82054 3.50446 3.86489 3.14403 10.3463 0.561996 0.360427 0.17083 0.153884
0.000451383 7.33181 7.89158 6.77204 3.48021 3.83908 3.12133 10.2384 0.559767 0.35888 0.169598 0.15248
0.000464159 7.28137 7.83892 6.72383 3.45609 3.81344 3.09875 10.1313 0.557547 0.357342 0.168378 0.151085
0.000477296 7.23122 7.78656 6.67589 3.43213 3.78794 3.07631 10.0252 0.555335 0.355813 0.16717 0.1497
0.000490805 7.18135 7.73448 6.62822 3.40829 3.76259 3.054 9.91995 0.55313 0.354294 0.165973 0.148325
0.000504697 7.13176 7.6827 6.58083 3.38461 3.73739 3.03182 9.81557 0.550933 0.352784 0.164788 0.14696
0.000518981 7.08246 7.6312 6.53371 3.36105 3.71234 3.00977 9.71206 0.548744 0.351282 0.163614 0.145605
0.00053367 7.03343 7.57999 6.48687 3.33764 3.68743 2.98785 9.60941 0.546562 0.34979 0.162451 0.14426
0.000548775 6.98468 7.52906 6.44029 3.31436 3.66267 2.96606 9.50762 0.544387 0.348307 0.1613 0.142924
0.000564307 6.93621 7.47843 6.39399 3.29123 3.63806 2.94439 9.40668 0.54222 0.346832 0.16016 0.141599
0.000580278 6.88801 7.42807 6.34795 3.26822 3.61359 2.92286 9.3066 0.540059 0.345366 0.15903 0.140283
0.000596702 6.84008 7.37799 6.30218 3.24535 3.58926 2.90144 9.20735 0.537905 0.343909 0.157913 0.138976
0.000613591 6.79243 7.32819 6.25667 3.22262 3.56508 2.88016 9.10893 0.535758 0.342461 0.156806 0.137679
0.000630957 6.74505 7.27867 6.21143 3.20002 3.54104 2.859 9.01135 0.533618 0.341021 0.15571 0.136391
0.000648815 6.69794 7.22943 6.16646 3.17756 3.51715 2.83797 8.91459 0.531484 0.339589 0.154625 0.135113
0.000667179 6.6511 7.18045 6.12174 3.15522 3.49339 2.81706 8.81865 0.529357 0.338166 0.153551 0.133845
0.000686062 6.60452 7.13176 6.07729 3.13303 3.46978 2.79627 8.72352 0.527235 0.336751 0.152488 0.132585
0.00070548 6.55821 7.08333 6.03309 3.11096 3.4463 2.77561 8.6292 0.52512 0.335345 0.151436 0.131335
0.000725448 6.51217 7.03518 5.98916 3.08902 3.42297 2.75507 8.53567 0.52301 0.333946 0.150394 0.130094
0.00074598 6.46638 6.98729 5.94548 3.06721 3.39977 2.73466 8.44295 0.520907 0.332556 0.149363 0.128862
0.000767094 6.42087 6.93967 5.90206 3.04554 3.37671 2.71436 8.35101 0.518808 0.331173 0.148343 0.12764
0.000788805 6.37561 6.89232 5.85889 3.02399 3.35379 2.69419 8.25986 0.516716 0.329799 0.147334 0.126426
0.000811131 6.3306 6.84523 5.81598 3.00257 3.331 2.67414 8.16949 0.514628 0.328432 0.146335 0.125222
0.000834088 6.28586 6.79841 5.77332 2.98128 3.30835 2.6542 8.07989 0.512546 0.327073 0.145346 0.124026
0.000857696 6.24138 6.75185 5.73091 2.96011 3.28583 2.63439 7.99107 0.510469 0.325722 0.144368 0.12284
0.000881971 6.19715 6.70554 5.68875 2.93908 3.26345 2.6147 7.903 0.508396 0.324378 0.1434 0.121662
0.000906934 6.15317 6.6595 5.64684 2.91816 3.24121 2.59512 7.8157 0.506328 0.323042 0.142443 0.120493
0.000932603 6.10945 6.61371 5.60518 2.89738 3.21909 2.57567 7.72914 0.504265 0.321713 0.141496 0.119333
0.000958999 6.06597 6.56818 5.56377 2.87672 3.19711 2.55632 7.64334 0.502206 0.320391 0.140559 0.118181
0.000986142 6.02275 6.5229 5.5226 2.85618 3.17526 2.5371 7.55827 0.500151 0.319077 0.139632 0.117038
0.00101405 5.97978 6.47788 5.48168 2.83577 3.15354 2.518 7.47394 0.4981 0.31777 0.138715 0.115904
0.00104275 5.93706 6.43311 5.441 2.81548 3.13195 2.49901 7.39035 0.496054 0.31647 0.137809 0.114778
0.00107227 5.89458 6.38859 5.40057 2.79531 3.11049 2.48013 7.30748 0.49401 0.315178 0.136912 0.113661
0.00110262 5.85234 6.34432 5.36037 2.77526 3.08916 2.46137 7.22534 0.491971 0.313892 0.136025 0.112552
0.00113382 5.81036 6.30029 5.32042 2.75534 3.06795 2.44273 7.14391 0.489934 0.312612 0.135148 0.111452
0.00116591 5.76861 6.25651 5.28071 2.73554 3.04688 2.4242 7.06319 0.487901 0.31134 0.134281 0.11036
0.00119891 5.7271 6.21297 5.24123 2.71585 3.02593 2.40578 6.98318 0.485871 0.310074 0.133424 0.109277
0.00123285 5.68584 6.16968 5.20199 2.69629 3.0051 2.38747 6.90388 0.483843 0.308815 0.132576 0.108201
0.00126774 5.64481 6.12663 5.16299 2.67684 2.98441 2.36928 6.82526 0.481819 0.307563 0.131738 0.107134
0.00130362 5.60403 6.08382 5.12423 2.65751 2.96383 2.3512 6.74734 0.479796 0.306317 0.13091 0.106076
0.00134052 5.56347 6.04125 5.0857 2.6383 2.94338 2.33323 6.67012 0.477776 0.305077 0.130091 0.105025
0.00137846 5.52316 5.99892 5.0474 2.61921 2.92306 2.31537 6.59356 0.475758 0.303843 0.129281 0.103982
0.00141747 5.48308 5.95682 5.00933 2.60024 2.90285 2.29762 6.5177 0.473742 0.302616 0.128481 0.102948
0.00145759 5.44323 5.91495 4.9715 2.58138 2.88277 2.27998 6.4425 0.471728 0.301395 0.12769 0.101921
0.00149885 5.40361 5.87332 4.93389 2.56263 2.86281 2.26245 6.36797 0.469715 0.300179 0.126908 0.100902
0.00154127 5.36422 5.83192 4.89652 2.544 2.84297 2.24503 6.29411 0.467703 0.29897 0.126135 0.0998916
0.00158489 5.32506 5.79075 4.85937 2.52549 2.82325 2.22772 6.22091 0.465693 0.297766 0.125372 0.0988887
0.00162975 5.28613 5.74981 4.82245 2.50708 2.80365 2.21052 6.14835 0.463683 0.296568 0.124617 0.0978937
0.00167588 5.24743 5.7091 4.78575 2.4888 2.78417 2.19342 6.07645 0.461674 0.295375 0.123872 0.0969064
0.00172331 5.20895 5.66862 4.74928 2.47062 2.76481 2.17643 6.0052 0.459666 0.294189 0.123135 0.0959268
0.00177209 5.1707 5.62836 4.71304 2.45256 2.74556 2.15955 5.93459 0.457658 0.293007 0.122407 0.0949549
0.00182224 5.13267 5.58832 4.67702 2.4346 2.72643 2.14277 5.86461 0.45565 0.291831 0.121688 0.0939906
0.00187382 5.09486 5.5485 4.64121 2.41676 2.70742 2.1261 5.79527 0.453642 0.29066 0.120978 0.0930339
0.00192685 5.05727 5.5089 4.60563 2.39903 2.68852 2.10953 5.72655 0.451634 0.289494 0.120276 0.0920847
0.00198139 5.0199 5.46952 4.57027 2.3814 2.66974 2.09307 5.65846 0.449625 0.288333 0.119582 0.0911431
0.00203747 4.98275 5.43036 4.53513 2.36389 2.65107 2.07671 5.59098 0.447615 0.287177 0.118897 0.0902089
0.00209514 4.94581 5.39142 4.50021 2.34649 2.63251 2.06046 5.52412 0.445604 0.286026 0.11822 0.0892821
0.00215443 4.9091 5.35269 4.4655 2.32919 2.61407 2.04431 5.45787 0.443592 0.28488 0.117551 0.0883627
0.00221541 4.87259 5.31417 4.43101 2.312 2.59574 2.02826 5.39223 0.441579 0.283738 0.116891 0.0874505
0.00227812 4.8363 5.27587 4.39674 2.29492 2.57752 2.01232 5.32719 0.439564 0.2826 0.116239 0.0865457
0.00234259 4.80023 5.23777 4.36268 2.27794 2.55941 1.99648 5.26274 0.437547 0.281467 0.115594 0.0856481
0.0024089 4.76436 5.19989 4.32883 2.26107 2.54141 1.98073 5.19889 0.435528 0.280339 0.114958 0.0847577
0.00247708 4.72871 5.16221 4.2952 2.24431 2.52352 1.96509 5.13563 0.433506 0.279214 0.114329 0.0838744
0.00254719 4.69326 5.12474 4.26178 2.22765 2.50574 1.94955 5.07295 0.431482 0.278094 0.113708 0.0829982
0.00261928 4.65802 5.08748 4.22857 2.21109 2.48807 1.93412 5.01086 0.429455 0.276977 0.113094 0.0821291
0.00269341 4.62299 5.05042 4.19557 2.19464 2.47051 1.91878 4.94934 0.427425 0.275865 0.112488 0.081267
0.00276965 4.58816 5.01355 4.16277 2.17829 2.45305 1.90353 4.8884 0.425392 0.274756 0.11189 0.0804118
0.00284804 4.55354 4.97689 4.13018 2.16204 2.43569 1.88839 4.82802 0.423355 0.273651 0.111298 0.0795636
0.00292864 4.51912 4.94043 4.09781 2.1459 2.41845 1.87335 4.76821 0.421314 0.272549 0.110714 0.0787222
0.00301153 4.4849 4.90417 4.06563 2.12985 2.40131 1.8584 4.70896 0.419269 0.27145 0.110137 0.0778877
0.00309677 4.45089 4.86811 4.03367 2.11391 2.38427 1.84356 4.65026 0.41722 0.270355 0.109567 0.07706
0.00318442 4.41707 4.83224 4.0019 2.09807 2.36733 1.82881 4.59212 0.415166 0.269263 0.109003 0.0762391
0.00327455 4.38345 4.79656 3.97034 2.08233 2.3505 1.81415 4.53453 0.413107 0.268174 0.108447 0.0754248
0.00336723 4.35003 4.76107 3.93899 2.06668 2.33377 1.7996 4.47748 0.411044 0.267088 0.107897 0.0746172
0.00346253 4.31681 4.72578 3.90783 2.05114 2.31714 1.78513 4.42098 0.408975 0.266005 0.107353 0.0738163
0.00356053 4.28377 4.69067 3.87688 2.03569 2.30062 1.77077 4.36501 0.4069 0.264924 0.106816 0.0730218
0.00366131 4.25094 4.65576 3.84612 2.02034 2.28419 1.7565 4.30958 0.404819 0.263846 0.106285 0.072234
0.00376494 4.2183 4.62103 3.81556 2.00509 2.26786 1.74232 4.25468 0.402732 0.26277 0.105761 0.0714526
0.0038715 4.18584 4.58648 3.7852 1.98994 2.25163 1.72824 4.2003 0.400639 0.261697 0.105242 0.0706777
0.00398107 4.15358 4.55212 3.75504 1.97488 2.2355 1.71425 4.14645 0.398539 0.260625 0.104729 0.0699092
0.00409375 4.12151 4.51794 3.72508 1.95991 2.21947 1.70036 4.09311 0.396432 0.259556 0.104222 0.0691471
0.00420962 4.08963 4.48395 3.69531 1.94504 2.20353 1.68656 4.04029 0.394318 0.258488 0.10372 0.0683913
0.00432876 4.05793 4.45013 3.66574 1.93027 2.18769 1.67285 3.98799 0.392196 0.257422 0.103224 0.0676418
0.00445128 4.02642 4.41649 3.63635 1.91559 2.17194 1.65923 3.93619 0.390067 0.256358 0.102733 0.0668985
0.00457727 3.99509 4.38302 3.60717 1.901 2.15629 1.6457 3.88489 0.387929 0.255295 0.102248 0.0661614
0.00470682 3.96395 4.34974 3.57817 1.8865 2.14074 1.63227 3.8341 0.385783 0.254233 0.101767 0.0654304
0.00484003 3.933 4.31663 3.54937 1.8721 2.12527 1.61893 3.7838 0.383629 0.253173 0.101291 0.0647056
0.00497702 3.90222 4.28368 3.52075 1.85779 2.1099 1.60567 3.734 0.381465 0.252113 0.10082 0.0639868
0.00511789 3.87162 4.25092 3.49233 1.84357 2.09462 1.59251 3.68469 0.379293 0.251055 0.100354 0.0632741
0.00526274 3.84121 4.21832 3.4641 1.82944 2.07943 1.57944 3.63587 0.37711 0.249997 0.0998914 0.0625673
0.0054117 3.81097 4.18589 3.43605 1.8154 2.06434 1.56646 3.58753 0.374918 0.248939 0.0994334 0.0618665
0.00556486 3.78091 4.15362 3.40819 1.80145 2.04933 1.55356 3.53967 0.372717 0.247882 0.0989795 0.0611716
0.00572237 3.75102 4.12152 3.38052 1.78758 2.03441 1.54076 3.49229 0.370504 0.246825 0.0985294 0.0604825
0.00588433 3.72131 4.08959 3.35303 1.77381 2.01958 1.52804 3.44538 0.368281 0.245768 0.0980829 0.0597993
0.00605088 3.69177 4.05782 3.32573 1.76012 2.00483 1.51541 3.39894 0.366048 0.244711 0.09764 0.0591218
0.00622213 3.66241 4.02622 3.29861 1.74652 1.99018 1.50287 3.35296 0.363803 0.243654 0.0972004 0.05845
0.00639824 3.63322 3.99477 3.27167 1.73301 1.97561 1.49041 3.30745 0.361547 0.242597 0.096764 0.0577839
0.00657933 3.6042 3.96348 3.24492 1.71958 1.96112 1.47804 3.26241 0.359279 0.241538 0.0963305 0.0571235
0.00676555 3.57535 3.93235 3.21835 1.70624 1.94672 1.46576 3.21781 0.356999 0.240479 0.0958997 0.0564687
0.00695704 3.54667 3.90137 3.19196 1.69298 1.9324 1.45356 3.17367 0.354706 0.23942 0.0954715 0.0558194
0.00715394 3.51816 3.87056 3.16575 1.67981 1.91817 1.44145 3.12999 0.352402 0.238359 0.0950457 0.0551756
0.00735642 3.48981 3.83989 3.13972 1.66672 1.90402 1.42943 3.08675 0.350084 0.237296 0.094622 0.0545373
0.00756463 3.46163 3.80938 3.11387 1.65372 1.88995 1.41748 3.04395 0.347754 0.236232 0.0942002 0.0539045
0.00777874 3.43361 3.77902 3.0882 1.64079 1.87596 1.40563 3.00159 0.34541 0.235167 0.0937802 0.053277
0.0079989 3.40575 3.7488 3.0627 1.62795 1.86205 1.39385 2.95968 0.343052 0.2341 0.0933617 0.0526548
0.0082253 3.37806 3.71874 3.03738 1.61519 1.84822 1.38216 2.91819 0.340681 0.23303 0.0929445 0.052038
0.0084581 3.35053 3.68883 3.01224 1.60251 1.83447 1.37055 2.87714 0.338296 0.231959 0.0925283 0.0514264
0.00869749 3.32316 3.65906 2.98727 1.58991 1.8208 1.35903 2.83652 0.335896 0.230885 0.092113 0.0508201
0.00894366 3.29595 3.62943 2.96247 1.57739 1.8072 1.34758 2.79632 0.333482 0.229809 0.0916984 0.0502189
0.00919679 3.2689 3.59995 2.93785 1.56495 1.79368 1.33622 2.75654 0.331053 0.228729 0.0912841 0.0496228
0.00945709 3.24201 3.57062 2.9134 1.55259 1.78024 1.32494 2.71719 0.328609 0.227647 0.09087 0.0490318
0.00972476 3.21527 3.54142 2.88912 1.5403 1.76686 1.31374 2.67825 0.326149 0.226562 0.0904558 0.0484459
0.01 3.18869 3.51236 2.86501 1.52809 1.75357 1.30262 2.63972 0.323675 0.225473 0.0900413 0.047865
0.010283 3.16226 3.48344 2.84108 1.51596 1.74034 1.29158 2.6016 0.321184 0.224381 0.0896262 0.047289
0.0105741 3.13599 3.45466 2.81731 1.50391 1.72719 1.28062 2.56389 0.318678 0.223284 0.0892104 0.0467179
0.0108734 3.10986 3.42602 2.79371 1.49192 1.71411 1.26974 2.52659 0.316156 0.222184 0.0887934 0.0461517
0.0111811 3.08389 3.39751 2.77028 1.48002 1.7011 1.25894 2.48968 0.313617 0.22108 0.0883752 0.0455903
0.0114976 3.05808 3.36914 2.74701 1.46819 1.68816 1.24821 2.45317 0.311062 0.219971 0.0879553 0.0450338
0.011823 3.03241 3.3409 2.72392 1.45643 1.67528 1.23757 2.41706 0.30849 0.218858 0.0875337 0.044482
0.0121576 3.00688 3.31279 2.70098 1.44474 1.66248 1.227 2.38134 0.305902 0.21774 0.08711 0.0439348
0.0125017 2.98151 3.28481 2.67821 1.43312 1.64974 1.2165 2.34601 0.303297 0.216617 0.0866839 0.0433923
0.0128556 2.95629 3.25696 2.65561 1.42158 1.63706 1.20609 2.31107 0.300675 0.215488 0.0862552 0.0428545
0.0132194 2.93121 3.22924 2.63317 1.4101 1.62446 1.19575 2.27651 0.298035 0.214354 0.0858237 0.0423211
0.0135936 2.90627 3.20165 2.61089 1.3987 1.61191 1.18548 2.24233 0.295379 0.213214 0.085389 0.0417924
0.0139783 2.88148 3.17419 2.58878 1.38736 1.59943 1.17529 2.20853 0.292705 0.212069 0.0849509 0.0412681
0.0143739 2.85683 3.14685 2.56682 1.37609 1.58701 1.16517 2.17511 0.290014 0.210917 0.0845092 0.0407482
0.0147808 2.83233 3.11963 2.54503 1.36489 1.57465 1.15513 2.14205 0.287305 0.209759 0.0840635 0.0402328
0.0151991 2.80797 3.09255 2.52339 1.35376 1.56235 1.14516 2.10937 0.284579 0.208594 0.0836136 0.0397217
0.0156293 2.78374 3.06558 2.50191 1.34269 1.55011 1.13527 2.07705 0.281835 0.207422 0.0831592 0.0392149
0.0160717 2.75966 3.03873 2.48059 1.33168 1.53793 1.12544 2.0451 0.279073 0.206244 0.0827002 0.0387124
0.0165265 2.73572 3.01201 2.45942 1.32075 1.5258 1.11569 2.0135 0.276294 0.205058 0.0822361 0.0382141
0.0169943 2.71191 2.98541 2.43842 1.30987 1.51373 1.106 1.98227 0.273498 0.203864 0.0817667 0.03772
0.0174753 2.68824 2.95893 2.41756 1.29906 1.50172 1.09639 1.95139 0.270684 0.202663 0.0812918 0.03723
0.0179699 2.66471 2.93257 2.39686 1.2883 1.48976 1.08685 1.92086 0.267852 0.201453 0.080811 0.0367442
0.0184785 2.64132 2.90632 2.37631 1.27761 1.47785 1.07738 1.89068 0.265003 0.200236 0.0803243 0.0362624
0.0190015 2.61806 2.8802 2.35592 1.26698 1.46599 1.06797 1.86085 0.262137 0.19901 0.0798312 0.0357846
0.0195393 2.59493 2.85419 2.33568 1.25641 1.45419 1.05864 1.83137 0.259254 0.197775 0.0793315 0.0353107
0.0200923 2.57194 2.82829 2.31559 1.2459 1.44243 1.04937 1.80222 0.256354 0.196531 0.078825 0.0348408
0.020661 2.54908 2.80252 2.29564 1.23544 1.43072 1.04017 1.77341 0.253437 0.195278 0.0783115 0.0343748
0.0212458 2.52635 2.77686 2.27585 1.22504 1.41906 1.03103 1.74494 0.250503 0.194016 0.0777906 0.0339127
0.0218471 2.50376 2.75131 2.2562 1.2147 1.40744 1.02196 1.7168 0.247553 0.192744 0.0772622 0.0334543
0.0224655 2.48129 2.72588 2.2367 1.20441 1.39587 1.01295 1.68899 0.244587 0.191462 0.076726 0.0329997
0.0231013 2.45895 2.70056 2.21735 1.19417 1.38434 1.004 1.66151 0.241605 0.19017 0.0761818 0.0325488
0.0237551 2.43674 2.67535 2.19814 1.18399 1.37286 0.995123 1.63436 0.238607 0.188867 0.0756294 0.0321016
0.0244275 2.41466 2.65026 2.17907 1.17386 1.36141 0.986304 1.60752 0.235594 0.187554 0.0750685 0.0316581
0.0251189 2.39271 2.62528 2.16015 1.16378 1.35001 0.977547 1.581 0.232566 0.18623 0.074499 0.0312181
0.0258298 2.37089 2.60041 2.14136 1.15374 1.33864 0.968849 1.5548 0.229524 0.184895 0.0739206 0.0307817
0.0265609 2.34919 2.57566 2.12272 1.14376 1.32731 0.960211 1.52892 0.226468 0.183549 0.0733332 0.0303488
0.0273126 2.32761 2.55101 2.10422 1.13382 1.31601 0.951631 1.50334 0.223397 0.182191 0.0727366 0.0299194
0.0280857 2.30616 2.52648 2.08585 1.12393 1.30475 0.943108 1.47808 0.220314 0.180822 0.0721307 0.0294934
0.0288806 2.28484 2.50206 2.06762 1.11408 1.29352 0.934643 1.45311 0.217218 0.17944 0.0715152 0.0290709
0.029698 2.26363 2.47774 2.04952 1.10428 1.28233 0.926233 1.42845 0.21411 0.178046 0.07089 0.0286517
0.0305386 2.24255 2.45354 2.03156 1.09452 1.27116 0.917877 1.40409 0.21099 0.17664 0.0702551 0.0282358
0.0314029 2.2216 2.42945 2.01374 1.0848 1.26002 0.909575 1.38003 0.20786 0.175221 0.0696102 0.0278231
0.0322917 2.20076 2.40548 1.99604 1.07512 1.2489 0.901325 1.35626 0.204718 0.17379 0.0689553 0.0274138
0.0332057 2.18004 2.38161 1.97847 1.06547 1.23782 0.893126 1.33278 0.201568 0.172345 0.0682903 0.0270076
0.0341455 2.15944 2.35785 1.96103 1.05587 1.22675 0.884978 1.30959 0.198408 0.170887 0.0676151 0.0266046
0.0351119 2.13896 2.3342 1.94372 1.04629 1.21571 0.876878 1.28668 0.19524 0.169416 0.0669297 0.0262048
0.0361057 2.1186 2.31066 1.92653 1.03676 1.20469 0.868826 1.26406 0.192065 0.167931 0.0662339 0.025808
0.0371276 2.09835 2.28724 1.90947 1.02725 1.19368 0.86082 1.24172 0.188883 0.166433 0.0655279 0.0254143
0.0381784 2.07822 2.26392 1.89253 1.01778 1.1827 0.852858 1.21965 0.185695 0.16492 0.0648115 0.0250236
0.039259 2.05821 2.24071 1.87571 1.00833 1.17173 0.84494 1.19786 0.182502 0.163393 0.0640848 0.0246359
0.0403702 2.03831 2.21762 1.85901 0.998917 1.16077 0.837064 1.17634 0.179305 0.161852 0.0633478 0.0242512
0.0415128 2.01852 2.19463 1.84242 0.989526 1.14982 0.829229 1.15509 0.176105 0.160297 0.0626006 0.0238694
0.0426877 1.99885 2.17175 1.82595 0.980159 1.13889 0.821432 1.13411 0.172903 0.158727 0.0618432 0.0234905
0.0438959 1.97929 2.14899 1.80959 0.970815 1.12796 0.813673 1.11339 0.1697 0.157143 0.0610757 0.0231145
0.0451383 1.95984 2.12633 1.79334 0.961492 1.11704 0.805949 1.09293 0.166496 0.155543 0.0602982 0.0227412
0.0464159 1.94049 2.10379 1.7772 0.952188 1.10612 0.798259 1.07272 0.163293 0.153929 0.0595108 0.0223708
0.0477296 1.92126 2.08135 1.76116 0.942901 1.0952 0.790601 1.05277 0.160093 0.1523 0.0587138 0.0220032
0.0490805 1.90213 2.05903 1.74524 0.93363 1.08428 0.782974 1.03308 0.156895 0.150655 0.0579072 0.0216383
0.0504697 1.88311 2.03681 1.72941 0.924371 1.07337 0.775375 1.01363 0.153702 0.148996 0.0570913 0.021276
0.0518981 1.86419 2.01471 1.71368 0.915123 1.06244 0.767802 0.994424 0.150514 0.147321 0.0562662 0.0209165
0.053367 1.84538 1.99271 1.69804 0.905885 1.05152 0.760253 0.975464 0.147333 0.145631 0.0554323 0.0205597
0.0548775 1.82666 1.97082 1.68251 0.896653 1.04058 0.752727 0.956744 0.14416 0.143926 0.0545898 0.0202055
0.0564307 1.80805 1.94905 1.66706 0.887427 1.02963 0.745221 0.938261 0.140996 0.142206 0.0537389 0.0198538
0.0580278 1.78954 1.92738 1.6517 0.878203 1.01867 0.737733 0.920013 0.137842 0.14047 0.05288 0.0195048
0.0596702 1.77112 1.90582 1.63642 0.868979 1.0077 0.730259 0.901997 0.1347 0.138719 0.0520134 0.0191583
0.0613591 1.7528 1.88437 1.62123 0.859753 0.996706 0.7228 0.88421 0.131571 0.136953 0.0511394 0.0188144
0.0630957 1.73457 1.86302 1.60611 0.850522 0.985694 0.71535 0.866648 0.128456 0.135172 0.0502585 0.018473
0.0648815 1.71643 1.84178 1.59107 0.841285 0.97466 0.707909 0.84931 0.125356 0.133376 0.049371 0.0181341
0.0667179 1.69837 1.82065 1.5761 0.832038 0.963602 0.700473 0.832192 0.122274 0.131564 0.0484774 0.0177977
0.0686062 1.68041 1.79962 1.5612 0.822778 0.952517 0.69304 0.815291 0.11921 0.129738 0.0475781 0.0174638
0.070548 1.66253 1.77869 1.54636 0.813505 0.941402 0.685607 0.798606 0.116165 0.127898 0.0466735 0.0171323
0.0725448 1.64473 1.75787 1.53159 0.804213 0.930256 0.678171 0.782132 0.113142 0.126043 0.0457642 0.0168033
0.074598 1.62701 1.73715 1.51687 0.794902 0.919075 0.670729 0.765867 0.11014 0.124173 0.0448506 0.0164767
0.0767094 1.60936 1.71652 1.5022 0.785568 0.907857 0.663278 0.749809 0.107163 0.12229 0.0439332 0.0161525
0.0788805 1.59179 1.696 1.48758 0.776207 0.8966 0.655815 0.733955 0.104211 0.120393 0.0430127 0.0158307
0.0811131 1.57428 1.67557 1.473 0.766819 0.885301 0.648337 0.718301 0.101285 0.118482 0.0420895 0.0155114
0.0834088 1.55684 1.65523 1.45845 0.757398 0.873956 0.64084 0.702845 0.0983869 0.116558 0.0411642 0.0151944
0.0857696 1.53946 1.63498 1.44394 0.747943 0.862564 0.633322 0.687585 0.095518 0.114621 0.0402375 0.0148799
0.0881971 1.52214 1.61482 1.42946 0.73845 0.851122 0.625778 0.672519 0.0926796 0.112672 0.0393099 0.0145677
0.0906934 1.50487 1.59474 1.415 0.728917 0.839628 0.618206 0.657642 0.0898729 0.110711 0.038382 0.0142579
0.0932603 1.48765 1.57475 1.40055 0.719339 0.828077 0.610601 0.642953 0.0870992 0.108738 0.0374544 0.0139506
0.0958999 1.47048 1.55484 1.38612 0.709715 0.816469 0.602961 0.628449 0.0843599 0.106754 0.0365279 0.0136456
0.0986142 1.45334 1.535 1.37169 0.70004 0.804799 0.595281 0.614128 0.0816561 0.104759 0.035603 0.013343
0.101405 1.43624 1.51523 1.35725 0.690312 0.793067 0.587558 0.599987 0.0789891 0.102754 0.0346803 0.0130429
0.104275 1.41917 1.49553 1.34281 0.680528 0.781268 0.579788 0.586024 0.07636 0.10074 0.0337606 0.0127452
0.107227 1.40212 1.47589 1.32835 0.670684 0.7694 0.571967 0.572236 0.07377 0.0987165 0.0328445 0.0124499
0.110262 1.38509 1.45631 1.31387 0.660776 0.757461 0.564091 0.558622 0.0712201 0.0966849 0.0319327 0.0121571
0.113382 1.36807 1.43678 1.29936 0.650803 0.745448 0.556157 0.545178 0.0687115 0.0946457 0.0310258 0.0118668
0.116591 1.35105 1.4173 1.28481 0.64076 0.733359 0.54816 0.531903 0.0662451 0.0925997 0.0301244 0.0115789
0.119891 1.33403 1.39785 1.27021 0.630644 0.721192 0.540097 0.518795 0.063822 0.0905476 0.0292293 0.0112936
0.123285 1.317 1.37844 1.25556 0.620453 0.708943 0.531963 0.505851 0.061443 0.0884902 0.0283411 0.0110108
0.126774 1.29995 1.35906 1.24084 0.610184 0.696612 0.523755 0.49307 0.059109 0.0864284 0.0274604 0.0107305
0.130362 1.28288 1.3397 1.22605 0.599832 0.684195 0.515469 0.48045 0.056821 0.0843631 0.026588 0.0104529
0.134052 1.26577 1.32034 1.21119 0.589397 0.671692 0.507101 0.467989 0.0545795 0.0822951 0.0257243 0.0101778
0.137846 1.24861 1.301 1.19623 0.578874 0.659099 0.498648 0.455684 0.0523854 0.0802256 0.02487 0.00990547
0.141747 1.23141 1.28165 1.18117 0.568261 0.646416 0.490106 0.443536 0.0502393 0.0781554 0.0240258 0.0096358
0.145759 1.21414 1.26229 1.166 0.557556 0.633642 0.48147 0.431541 0.0481419 0.0760857 0.0231922 0.00936887
0.149885 1.19681 1.2429 1.15071 0.546757 0.620774 0.472739 0.419699 0.0460935 0.0740175 0.0223698 0.00910471
0.154127 1.17939 1.22348 1.13529 0.535861 0.607813 0.463909 0.408009 0.0440948 0.071952 0.0215591 0.00884337
0.158489 1.16188 1.20403 1.11973 0.524867 0.594757 0.454977 0.396468 0.0421461 0.0698903 0.0207607 0.0085849
0.162975 1.14427 1.18452 1.10402 0.513773 0.581607 0.44594 0.385077 0.0402478 0.0678338 0.0199752 0.00832935
0.167588 1.12654 1.16494 1.08814 0.502579 0.568362 0.436795 0.373833 0.0384001 0.0657835 0.0192029 0.00807677
0.172331 1.10869 1.1453 1.07209 0.491282 0.555023 0.427542 0.362737 0.0366033 0.0637409 0.0184444 0.00782722
0.177209 1.09071 1.12556 1.05585 0.479884 0.541591 0.418177 0.351787 0.0348574 0.0617072 0.0177 0.00758074
0.182224 1.07257 1.10573 1.03941 0.468383 0.528067 0.408699 0.340983 0.0331627 0.0596838 0.0169704 0.00733741
0.187382 1.05427 1.08579 1.02275 0.456781 0.514453 0.399109 0.330325 0.0315191 0.0576722 0.0162557 0.00709728
0.192685 1.0358 1.06573 1.00588 0.445078 0.500752 0.389404 0.319812 0.0299266 0.0556736 0.0155564 0.00686041
0.198139 1.01715 1.04553 0.988762 0.433276 0.486966 0.379586 0.309443 0.028385 0.0536897 0.0148729 0.00662687
0.203747 0.998292 1.02519 0.971398 0.421378 0.473099 0.369656 0.29922 0.0268942 0.0517218 0.0142054 0.00639673
0.209514 0.979225 1.00468 0.953771 0.409385 0.459157 0.359614 0.289141 0.0254539 0.0497715 0.0135542 0.00617006
0.215443 0.959934 0.983997 0.93587 0.397303 0.445144 0.349463 0.279208 0.0240638 0.0478403 0.0129195 0.00594691
0.221541 0.940404 0.963128 0.917681 0.385136 0.431066 0.339206 0.26942 0.0227236 0.0459298 0.0123017 0.00572737
0.227812 0.920624 0.942057 0.899191 0.37289 0.416931 0.328848 0.259778 0.0214329 0.0440415 0.0117008 0.00551149
0.234259 0.900579 0.92077 0.880388 0.36057 0.402747 0.318393 0.250283 0.020191 0.042177 0.0111171 0.00529936
0.24089 0.880258 0.899256 0.86126 0.348186 0.388524 0.307848 0.240936 0.0189976 0.0403378 0.0105506 0.00509102
0.247708 0.859648 0.8775 0.841796 0.335745 0.374271 0.29722 0.231737 0.017852 0.0385256 0.0100014 0.00488655
0.254719 0.838735 0.855489 0.821982 0.32326 0.360001 0.286518 0.222689 0.0167536 0.0367419 0.00946966 0.004686
0.261928 0.817508 0.833209 0.801806 0.31074 0.345728 0.275752 0.213791 0.0157016 0.0349883 0.00895533 0.00448943
0.269341 0.795952 0.810648 0.781257 0.298201 0.331467 0.264934 0.205046 0.0146953 0.0332664 0.00845839 0.00429686
0.276965 0.774054 0.787788 0.76032 0.285658 0.317235 0.25408 0.196456 0.0137339 0.0315777 0.0079788 0.00410832
0.284804 0.751793 0.764609 0.738976 0.27313 0.303053 0.243206 0.188023 0.0128165 0.0299236 0.00751643 0.00392381
0.292864 0.729139 0.741081 0.717197 0.26064 0.288946 0.232335 0.179749 0.0119421 0.0283058 0.00707111 0.00374324
0.301153 0.706017 0.717127 0.694907 0.248224 0.274949 0.221498 0.171638 0.0111097 0.0267254 0.00664252 0.00356644
0.309677 0.682073 0.692391 0.671755 0.235965 0.261149 0.210781 0.163697 0.010318 0.0251839 0.00622993 0.00339276
0.318442 0.661995 0.672021 0.651968 0.227741 0.25235 0.203132 0.160743 0.0100268 0.024609 0.0060758 0.00332561
0.321833 0.653422 0.663166 0.643678 0.223173 0.247219 0.199127 0.157843 0.00974438 0.0240458 0.0059256 0.00325971
0.325224 0.644896 0.654367 0.635426 0.218664 0.242158 0.19517 0.154995 0.00947024 0.0234942 0.00577921 0.00319505
0.328614 0.636417 0.645622 0.627213 0.214215 0.237169 0.191261 0.152197 0.00920417 0.0229539 0.00563652 0.00313159
0.332005 0.627985 0.636931 0.619039 0.209824 0.232249 0.187399 0.14945 0.0089459 0.0224247 0.00549742 0.00306931
0.335396 0.619598 0.628293 0.610903 0.205493 0.227399 0.183586 0.146751 0.00869515 0.0219064 0.00536181 0.00300818
0.338787 0.611257 0.619709 0.602805 0.201219 0.222618 0.179821 0.1441 0.00845169 0.0213987 0.00522958 0.00294818
0.342178 0.602961 0.611177 0.594746 0.197004 0.217906 0.176103 0.141496 0.00821528 0.0209015 0.00510065 0.00288927
0.345569 0.594711 0.602697 0.586725 0.192847 0.213261 0.172432 0.138936 0.00798569 0.0204145 0.00497491 0.00283145
0.348959 0.586506 0.594269 0.578743 0.188747 0.208685 0.16881 0.136422 0.0077627 0.0199376 0.00485228 0.00277467
0.35235 0.578346 0.585892 0.5708 0.184705 0.204175 0.165235 0.13395 0.00754609 0.0194704 0.00473267 0.00271893
0.355741 0.570231 0.577567 0.562895 0.18072 0.199733 0.161707 0.131522 0.00733566 0.019013 0.004616 0.00266419
0.359132 0.562161 0.569292 0.55503 0.176791 0.195356 0.158226 0.129134 0.00713121 0.0185649 0.00450218 0.00261045
0.362523 0.554136 0.561069 0.547204 0.172919 0.191045 0.154793 0.126788 0.00693256 0.0181262 0.00439113 0.00255767
0.365914 0.546157 0.552897 0.539418 0.169103 0.1868 0.151407 0.124481 0.00673951 0.0176965 0.00428278 0.00250583
0.369305 0.538223 0.544775 0.531671 0.165343 0.182619 0.148067 0.122213 0.0065519 0.0172757 0.00417705 0.00245493
0.372695 0.530334 0.536704 0.523964 0.161638 0.178502 0.144775 0.119984 0.00636955 0.0168637 0.00407388 0.00240493
0.376086 0.522491 0.528683 0.516298 0.157989 0.17445 0.141529 0.117792 0.00619231 0.0164603 0.00397319 0.00235582
0.379477 0.514693 0.520713 0.508673 0.154395 0.17046 0.13833 0.115636 0.00602 0.0160652 0.00387492 0.00230758
0.382868 0.506942 0.512794 0.501089 0.150856 0.166534 0.135178 0.113516 0.00585249 0.0156784 0.00377899 0.0022602
0.386259 0.499236 0.504926 0.493547 0.147371 0.162671 0.132071 0.111431 0.00568961 0.0152996 0.00368536 0.00221365
0.38965 0.491577 0.497109 0.486046 0.14394 0.158869 0.129012 0.109381 0.00553124 0.0149288 0.00359395 0.00216793
0.39304 0.483965 0.489342 0.478588 0.140563 0.155129 0.125998 0.107364 0.00537724 0.0145657 0.00350472 0.00212301
0.396431 0.4764 0.481628 0.471173 0.13724 0.15145 0.12303 0.10538 0.00522746 0.0142102 0.00341759 0.00207888
0.399822 0.468882 0.473964 0.4638 0.13397 0.147832 0.120108 0.103429 0.00508179 0.0138623 0.00333252 0.00203552
0.403213 0.461412 0.466352 0.456472 0.130753 0.144275 0.117231 0.10151 0.00494011 0.0135216 0.00324945 0.00199293
0.406604 0.45399 0.458792 0.449188 0.127588 0.140777 0.1144 0.0996212 0.00480229 0.0131881 0.00316834 0.00195108
0.409995 0.446616 0.451284 0.441948 0.124476 0.137338 0.111614 0.0977634 0.00466822 0.0128617 0.00308912 0.00190996
0.413385 0.439291 0.443829 0.434753 0.121416 0.133958 0.108874 0.0959355 0.00453778 0.0125422 0.00301176 0.00186957
0.416776 0.432015 0.436426 0.427605 0.118407 0.130637 0.106178 0.094137 0.00441088 0.0122294 0.0029362 0.00182987
0.420167 0.424789 0.429077 0.420502 0.11545 0.127373 0.103527 0.0923673 0.00428741 0.0119233 0.0028624 0.00179087
0.423558 0.417613 0.421781 0.413446 0.112543 0.124167 0.10092 0.0906259 0.00416726 0.0116238 0.00279032 0.00175255
0.426949 0.410488 0.414538 0.406438 0.109688 0.121018 0.098357 0.0889123 0.00405035 0.0113306 0.00271991 0.0017149
0.43034 0.403413 0.40735 0.399477 0.106882 0.117926 0.0958383 0.087226 0.00393658 0.0110437 0.00265113 0.0016779
0.43373 0.39639 0.400216 0.392564 0.104126 0.114889 0.0933632 0.0855665 0.00382585 0.0107629 0.00258394 0.00164155
0.437121 0.389419 0.393137 0.385701 0.10142 0.111908 0.0909317 0.0839332 0.00371809 0.0104882 0.0025183 0.00160583
0.440512 0.3825 0.386114 0.378887 0.0987627 0.108982 0.0885433 0.0823258 0.0036132 0.0102194 0.00245417 0.00157073
0.443903 0.375634 0.379146 0.372123 0.0961543 0.106111 0.0861978 0.0807438 0.00351111 0.00995644 0.00239152 0.00153625
0.447294 0.368822 0.372234 0.36541 0.0935943 0.103293 0.0838951 0.0791867 0.00341174 0.00969914 0.00233031 0.00150237
0.450685 0.362063 0.365378 0.358748 0.0910821 0.10053 0.0816347 0.0776541 0.003315 0.00944744 0.0022705 0.00146908
0.454075 0.355359 0.35858 0.352138 0.0886176 0.0978188 0.0794164 0.0761455 0.00322084 0.00920122 0.00221206 0.00143637
0.457466 0.34871 0.351839 0.345581 0.0862002 0.0951606 0.0772399 0.0746607 0.00312917 0.00896037 0.00215497 0.00140423
0.460857 0.342116 0.345156 0.339076 0.0838297 0.0925545 0.0751049 0.0731991 0.00303992 0.0087248 0.00209918 0.00137266
0.464248 0.335578 0.338531 0.332625 0.0815053 0.0899997 0.0730109 0.0717603 0.00295303 0.00849439 0.00204466 0.00134163
0.467639 0.329097 0.331966 0.326229 0.079227 0.0874961 0.0709579 0.0703441 0.00286844 0.00826907 0.0019914 0.00131116
0.47103 0.322673 0.325459 0.319887 0.0769941 0.0850428 0.0689453 0.0689499 0.00278608 0.00804872 0.00193935 0.00128122
0.47442 0.316306 0.319012 0.3136 0.0748062 0.0826395 0.0669729 0.0675776 0.00270589 0.00783325 0.00188848 0.00125181
0.477811 0.309998 0.312625 0.30737 0.072663 0.0802856 0.0650404 0.0662266 0.00262781 0.00762258 0.00183878 0.00122291
0.481202 0.303748 0.306299 0.301196 0.070564 0.0779806 0.0631474 0.0648967 0.00255179 0.0074166 0.00179022 0.00119453
0.484593 0.297557 0.300035 0.295079 0.0685087 0.0757239 0.0612935 0.0635876 0.00247776 0.00721522 0.00174276 0.00116665
0.487984 0.291426 0.293831 0.28902 0.0664966 0.073515 0.0594782 0.0622988 0.00240568 0.00701837 0.00169639 0.00113927
0.491375 0.285355 0.28769 0.283019 0.0645273 0.0713533 0.0577013 0.0610301 0.0023355 0.00682595 0.00165107 0.00111237
0.494765 0.279344 0.281611 0.277077 0.0626004 0.0692383 0.0559625 0.0597813 0.00226716 0.00663788 0.00160679 0.00108596
0.498156 0.273395 0.275596 0.271195 0.0607154 0.0671695 0.0542613 0.0585518 0.00220061 0.00645408 0.00156352 0.00106002
0.501547 0.267508 0.269644 0.265372 0.0588718 0.0651463 0.0525974 0.0573416 0.00213581 0.00627446 0.00152124 0.00103455
0.504938 0.261683 0.263756 0.25961 0.0570691 0.0631681 0.0509702 0.0561503 0.00207271 0.00609894 0.00147993 0.00100953
0.508329 0.255921 0.257932 0.253909 0.0553069 0.0612344 0.0493795 0.0549775 0.00201127 0.00592745 0.00143957 0.000984971
0.51172 0.250221 0.252173 0.24827 0.0535847 0.0593446 0.0478248 0.0538231 0.00195144 0.0057599 0.00140013 0.000960856
0.51511 0.244586 0.246479 0.242693 0.0519019 0.0574981 0.0463056 0.0526868 0.00189318 0.00559622 0.00136159 0.000937182
0.518501 0.239015 0.240851 0.237178 0.0502581 0.0556944 0.0448217 0.0515683 0.00183646 0.00543635 0.00132394 0.000913941
0.521892 0.233508 0.235289 0.231727 0.0486528 0.0539329 0.0433726 0.0504673 0.00178122 0.00528019 0.00128716 0.000891127
0.525283 0.228066 0.229794 0.226339 0.0470854 0.0522131 0.0419577 0.0493837 0.00172744 0.00512769 0.00125122 0.000868735
0.528674 0.22269 0.224365 0.221015 0.0455556 0.0505344 0.0405768 0.0483171 0.00167508 0.00497877 0.00121611 0.000846759
0.532065 0.21738 0.219004 0.215756 0.0440627 0.0488961 0.0392294 0.0472673 0.0016241 0.00483336 0.00118182 0.000825192
0.535455 0.212136 0.213711 0.210562 0.0426063 0.0472977 0.0379149 0.0462342 0.00157446 0.00469139 0.00114832 0.000804029
0.538846 0.206959 0.208485 0.205433 0.0411859 0.0457387 0.0366331 0.0452174 0.00152613 0.00455281 0.0011156 0.000783265
0.542237 0.201849 0.203328 0.20037 0.0398009 0.0442184 0.0353834 0.0442168 0.00147908 0.00441753 0.00108364 0.000762894
0.545628 0.196807 0.19824 0.195374 0.0384508 0.0427363 0.0341653 0.0432321 0.00143328 0.0042855 0.00105242 0.00074291
0.549019 0.191832 0.193221 0.190444 0.0371352 0.0412918 0.0329785 0.0422632 0.00138869 0.00415665 0.00102193 0.000723308
0.55241 0.186926 0.188271 0.185581 0.0358534 0.0398844 0.0318225 0.0413097 0.00134529 0.00403093 0.000992164 0.000704084
0.5558 0.182088 0.183391 0.180785 0.0346051 0.0385133 0.0306968 0.0403716 0.00130304 0.00390827 0.000963094 0.000685231
0.559191 0.177319 0.178581 0.176058 0.0333895 0.0371782 0.0296009 0.0394486 0.00126192 0.0037886 0.000934709 0.000666745
0.562582 0.17262 0.173841 0.171398 0.0322064 0.0358782 0.0285345 0.0385406 0.00122189 0.00367188 0.000906997 0.000648621
0.565973 0.167989 0.169172 0.166806 0.031055 0.034613 0.0274969 0.0376473 0.00118294 0.00355804 0.000879942 0.000630854
0.569364 0.163429 0.164574 0.162284 0.0299349 0.0333819 0.0264878 0.0367686 0.00114504 0.00344703 0.000853531 0.00061344
0.572755 0.158938 0.160046 0.15783 0.0288455 0.0321843 0.0255067 0.0359042 0.00110815 0.00333879 0.000827752 0.000596372
0.576146 0.154517 0.155589 0.153445 0.0277864 0.0310197 0.0245532 0.0350541 0.00107226 0.00323327 0.000802591 0.000579648
0.579536 0.150167 0.151204 0.149129 0.0267571 0.0298875 0.0236266 0.034218 0.00103733 0.00313041 0.000778037 0.000563262
0.582927 0.145887 0.14689 0.144883 0.0257569 0.028787 0.0227267 0.0333958 0.00100336 0.00303015 0.000754076 0.00054721
0.586318 0.141677 0.142648 0.140707 0.0247853 0.0277178 0.0218529 0.0325873 0.000970307 0.00293246 0.000730698 0.000531488
0.589709 0.137539 0.138477 0.136601 0.0238419 0.0266792 0.0210047 0.0317923 0.000938158 0.00283726 0.00070789 0.00051609
0.5931 0.133471 0.134378 0.132564 0.0229262 0.0256707 0.0201816 0.0310107 0.000906888 0.00274453 0.000685641 0.000501013
0.596491 0.129474 0.130351 0.128598 0.0220375 0.0246917 0.0193833 0.0302424 0.000876477 0.0026542 0.00066394 0.000486252
0.599881 0.125549 0.126396 0.124702 0.0211754 0.0237416 0.0186092 0.0294871 0.000846904 0.00256622 0.000642776 0.000471804
0.603272 0.121694 0.122512 0.120876 0.0203394 0.02282 0.0178588 0.0287448 0.000818149 0.00248056 0.000622138 0.000457663
0.606663 0.11791 0.1187 0.11712 0.0195289 0.0219261 0.0171318 0.0280152 0.000790192 0.00239716 0.000602016 0.000443826
0.610054 0.114197 0.11496 0.113434 0.0187435 0.0210595 0.0164275 0.0272983 0.000763014 0.00231597 0.0005824 0.000430289
0.613445 0.110556 0.111292 0.109819 0.0179826 0.0202196 0.0157456 0.0265939 0.000736597 0.00223696 0.000563279 0.000417047
0.616836 0.106985 0.107696 0.106274 0.0172457 0.0194058 0.0150857 0.0259019 0.000710922 0.00216007 0.000544644 0.000404097
0.620226 0.103485 0.104171 0.102799 0.0165324 0.0186176 0.0144471 0.0252221 0.000685972 0.00208526 0.000526486 0.000391435
0.623617 0.100055 0.100717 0.0993938 0.015842 0.0178545 0.0138295 0.0245544 0.00066173 0.00201249 0.000508794 0.000379057
0.627008 0.0966967 0.0973349 0.0960585 0.0151742 0.0171159 0.0132325 0.0238986 0.000638179 0.00194172 0.00049156 0.000366958
0.630399 0.0934082 0.0940235 0.0927929 0.0145284 0.0164013 0.0126555 0.0232547 0.000615301 0.0018729 0.000474775 0.000355136
0.63379 0.0901899 0.090783 0.0895968 0.0139041 0.0157101 0.0120981 0.0226225 0.000593083 0.001806 0.00045843 0.000343586
0.637181 0.0870416 0.0876131 0.0864701 0.0133008 0.0150418 0.0115598 0.0220018 0.000571506 0.00174097 0.000442515 0.000332304
0.640571 0.0839629 0.0845135 0.0834124 0.0127181 0.0143959 0.0110403 0.0213927 0.000550558 0.00167777 0.000427023 0.000321287
0.643962 0.0809536 0.0814838 0.0804234 0.0121555 0.0137718 0.0105391 0.0207948 0.000530221 0.00161637 0.000411946 0.000310531
0.647353 0.0780134 0.0785239 0.0775029 0.0116124 0.0131691 0.0100557 0.0202082 0.000510483 0.00155673 0.000397275 0.000300032
0.650744 0.0751419 0.0756333 0.0746506 0.0110885 0.0125873 0.00958969 0.0196326 0.000491329 0.0014988 0.000383001 0.000289787
0.654135 0.0723388 0.0728115 0.071866 0.0105832 0.0120258 0.00914067 0.0190681 0.000472744 0.00144256 0.000369118 0.000279791
0.657526 0.0696036 0.0700584 0.0691489 0.0100961 0.0114841 0.00870819 0.0185144 0.000454716 0.00138796 0.000355616 0.000270043
0.660916 0.066936 0.0673732 0.0664988 0.0096268 0.0109618 0.00829183 0.0179714 0.000437231 0.00133497 0.00034249 0.000260536
0.664307 0.0643355 0.0647557 0.0639152 0.00917472 0.0104583 0.00789117 0.0174391 0.000420277 0.00128355 0.000329731 0.000251269
0.667698 0.0618016 0.0622054 0.0613978 0.00873949 0.00997317 0.00750581 0.0169173 0.000403839 0.00123368 0.000317331 0.000242238
0.671089 0.0593338 0.0597217 0.0589459 0.00832063 0.00950594 0.00713532 0.0164059 0.000387907 0.00118531 0.000305284 0.000233439
0.67448 0.0569315 0.057304 0.0565591 0.00791772 0.00905613 0.00677931 0.0159049 0.000372469 0.00113841 0.000293583 0.000224868
0.677871 0.0545943 0.0549518 0.0542368 0.00753033 0.00862329 0.00643738 0.015414 0.000357511 0.00109295 0.00028222 0.000216523
0.681261 0.0523215 0.0526645 0.0519784 0.00715803 0.00820694 0.00610913 0.0149332 0.000343023 0.0010489 0.000271188 0.000208399
0.684652 0.0501124 0.0504414 0.0497834 0.0068004 0.00780663 0.00579418 0.0144624 0.000328994 0.00100622 0.000260481 0.000200493
0.688043 0.0479666 0.0482821 0.0476512 0.00645702 0.00742192 0.00549213 0.0140014 0.000315411 0.000964891 0.000250092 0.000192802
0.691434 0.0458833 0.0461855 0.045581 0.00612749 0.00705236 0.00520262 0.0135502 0.000302266 0.00092487 0.000240015 0.000185323
0.694825 0.0438617 0.0441512 0.0435721 0.0058114 0.00669753 0.00492527 0.0131087 0.000289546 0.000886131 0.000230242 0.000178051
0.698216 0.0419013 0.0421785 0.041624 0.00550836 0.006357 0.00465971 0.0126768 0.000277241 0.000848645 0.000220769 0.000170984
0.701606 0.0400011 0.0402665 0.0397358 0.00521796 0.00603034 0.00440558 0.0122543 0.000265342 0.000812382 0.000211587 0.000164118
0.704997 0.0381605 0.0384144 0.0379067 0.00493983 0.00571714 0.00416252 0.0118412 0.000253838 0.000777313 0.000202692 0.00015745
0.708388 0.0363788 0.0366215 0.036136 0.0046736 0.00541701 0.00393019 0.0114373 0.00024272 0.00074341 0.000194077 0.000150976
0.711779 0.034655 0.0348869 0.034423 0.00441888 0.00512953 0.00370824 0.0110425 0.000231977 0.000710645 0.000185736 0.000144694
0.71517 0.0329883 0.0332099 0.0327667 0.00417531 0.0048543 0.00349632 0.0106568 0.000221602 0.000678991 0.000177663 0.0001386
0.718561 0.031378 0.0315895 0.0311664 0.00394255 0.00459097 0.00329413 0.0102801 0.000211583 0.00064842 0.000169852 0.00013269
0.721951 0.029823 0.0300249 0.0296211 0.00372022 0.00433912 0.00310131 0.00991221 0.000201913 0.000618906 0.000162298 0.000126961
0.725342 0.0283226 0.0285151 0.02813 0.00350798 0.0040984 0.00291756 0.00955307 0.000192583 0.000590423 0.000154995 0.00012141
0.728733 0.0268757 0.0270593 0.0266921 0.0033055 0.00386845 0.00274256 0.00920257 0.000183583 0.000562946 0.000147937 0.000116034
0.732124 0.0254815 0.0256564 0.0253066 0.00311245 0.0036489 0.002576 0.00886061 0.000174906 0.000536448 0.00014112 0.00011083
0.735515 0.0241391 0.0243056 0.0239725 0.0029285 0.0034394 0.00241759 0.00852711 0.000166544 0.000510906 0.000134536 0.000105794
0.738906 0.0228474 0.0230058 0.0226889 0.00275332 0.00323962 0.00226703 0.00820195 0.000158487 0.000486295 0.000128181 0.000100923
0.742296 0.0216054 0.0217561 0.0214547 0.00258661 0.0030492 0.00212402 0.00788503 0.000150728 0.000462591 0.00012205 9.62139e-05
0.745687 0.0204122 0.0205555 0.020269 0.00242806 0.00286783 0.00198829 0.00757627 0.000143259 0.00043977 0.000116138 9.16636e-05
0.749078 0.0192668 0.0194029 0.0191308 0.00227738 0.00269519 0.00185957 0.00727555 0.000136073 0.00041781 0.000110439 8.72689e-05
0.752469 0.0181682 0.0182973 0.018039 0.00213426 0.00253095 0.00173758 0.00698278 0.000129161 0.000396686 0.000104948 8.30265e-05
0.75586 0.0171152 0.0172377 0.0169927 0.00199843 0.00237481 0.00162205 0.00669786 0.000122517 0.000376378 9.96609e-05 7.89334e-05
0.759251 0.0161069 0.016223 0.0159908 0.0018696 0.00222647 0.00151274 0.00642068 0.000116133 0.000356863 9.45717e-05 7.49865e-05
0.762641 0.0151422 0.0152522 0.0150322 0.00174751 0.00208563 0.00140939 0.00615115 0.000110002 0.000338119 8.96759e-05 7.11826e-05
0.766032 0.01422 0.0143242 0.0141159 0.00163189 0.00195201 0.00131176 0.00588918 0.000104117 0.000320125 8.49688e-05 6.75186e-05
0.769423 0.0133394 0.0134378 0.0132409 0.00152247 0.00182533 0.00121961 0.00563464 9.84716e-05 0.00030286 8.04455e-05 6.39916e-05
0.772814 0.0124991 0.0125921 0.012406 0.00141901 0.00170532 0.00113271 0.00538746 9.30583e-05 0.000286304 7.61013e-05 6.05983e-05
0.776205 0.0116981 0.011786 0.0116103 0.00132126 0.0015917 0.00105083 0.00514752 8.78707e-05 0.000270437 7.19316e-05 5.73358e-05
0.779596 0.0109354 0.0110183 0.0108525 0.00122899 0.00148423 0.000973751 0.00491473 8.29024e-05 0.000255238 6.7932e-05 5.42011e-05
0.782986 0.0102099 0.010288 0.0101317 0.00114195 0.00138264 0.000901265 0.00468898 7.81469e-05 0.000240688 6.40977e-05 5.11911e-05
0.786377 0.00952036 0.00959396 0.00944676 0.00105993 0.0012867 0.000833163 0.00447018 7.3598e-05 0.000226768 6.04244e-05 4.83028e-05
0.789768 0.00886584 0.00893509 0.00879659 0.000982702 0.00119616 0.000769243 0.00425821 6.92495e-05 0.000213459 5.69077e-05 4.55333e-05
0.793159 0.00824522 0.00831031 0.00818012 0.000910054 0.0011108 0.000709311 0.00405299 6.50954e-05 0.000200743 5.35433e-05 4.28797e-05
0.79655 0.0076574 0.00771852 0.00759627 0.00084178 0.00103038 0.000653178 0.0038544 6.11297e-05 0.000188602 5.03268e-05 4.03389e-05
0.799941 0.00710131 0.00715865 0.00704396 0.000777677 0.000954694 0.00060066 0.00366234 5.73466e-05 0.000177017 4.72541e-05 3.79081e-05
0.803332 0.00657588 0.00662962 0.00652213 0.000717552 0.000883524 0.000551581 0.00347672 5.37405e-05 0.000165972 4.4321e-05 3.55844e-05
0.806722 0.00608003 0.00613033 0.00602972 0.000661216 0.000816664 0.000505767 0.00329742 5.03056e-05 0.000155448 4.15233e-05 3.33649e-05
0.810113 0.0056127 0.00565973 0.00556566 0.000608486 0.000753916 0.000463056 0.00312435 4.70364e-05 0.00014543 3.88571e-05 3.12468e-05
0.813504 0.00517283 0.00521676 0.0051289 0.000559185 0.000695086 0.000423284 0.0029574 4.39276e-05 0.000135901 3.63183e-05 2.92272e-05
0.816895 0.00475939 0.00480037 0.00471842 0.000513143 0.000639987 0.000386299 0.00279646 4.09739e-05 0.000126844 3.3903e-05 2.73033e-05
0.820286 0.00437134 0.00440951 0.00433317 0.000470194 0.000588438 0.00035195 0.00264143 3.817e-05 0.000118244 3.16073e-05 2.54724e-05
0.823677 0.00400764 0.00404315 0.00397213 0.000430178 0.000540262 0.000320093 0.00249221 3.55108e-05 0.000110085 2.94274e-05 2.37316e-05
0.827067 0.0036673 0.00370029 0.00363431 0.000392942 0.000495293 0.000290591 0.00234869 3.29912e-05 0.000102351 2.73595e-05 2.20783e-05
0.830458 0.00334932 0.00337992 0.00331871 0.000358338 0.000453366 0.00026331 0.00221076 3.06065e-05 9.5028e-05 2.53999e-05 2.05097e-05
0.833849 0.00305271 0.00308106 0.00302435 0.000326222 0.000414322 0.000238121 0.00207831 2.83517e-05 8.81007e-05 2.35449e-05 1.90232e-05
0.83724 0.0027765 0.00280272 0.00275028 0.000296457 0.000378012 0.000214902 0.00195125 2.62221e-05 8.15549e-05 2.17909e-05 1.76161e-05
0.840631 0.00251974 0.00254395 0.00249553 0.00026891 0.000344286 0.000193534 0.00182945 2.4213e-05 7.53763e-05 2.01343e-05 1.62857e-05
0.844022 0.00228151 0.00230383 0.00225919 0.000243454 0.000313005 0.000173903 0.00171283 2.232e-05 6.95512e-05 1.85718e-05 1.50295e-05
0.847412 0.00206088 0.00208142 0.00204034 0.000219968 0.000284033 0.000155902 0.00160125 2.05385e-05 6.40658e-05 1.70997e-05 1.38449e-05
0.850803 0.00185696 0.00187583 0.0018381 0.000198332 0.000257239 0.000139426 0.00149463 1.88641e-05 5.89069e-05 1.57148e-05 1.27293e-05
0.854194 0.00166888 0.00168617 0.00165158 0.000178436 0.000232498 0.000124375 0.00139284 1.72926e-05 5.40614e-05 1.44136e-05 1.16802e-05
0.857585 0.00149577 0.00151159 0.00147995 0.000160172 0.000209688 0.000110655 0.00129579 1.58198e-05 4.95167e-05 1.3193e-05 1.06952e-05
0.860976 0.00133681 0.00135126 0.00132237 0.000143435 0.000188695 9.81748e-05 0.00120335 1.44415e-05 4.52601e-05 1.20497e-05 9.7718e-06
0.864367 0.00119119 0.00120434 0.00117804 0.000128128 0.000169408 8.68484e-05 0.00111542 1.31537e-05 4.12796e-05 1.09804e-05 8.90755e-06
0.867757 0.00105811 0.00107006 0.00104616 0.000114156 0.000151719 7.65934e-05 0.00103189 1.19526e-05 3.75631e-05 9.98225e-06 8.10008e-06
0.871148 0.000936814 0.000947648 0.00092598 0.000101431 0.000135529 6.73316e-05 0.000952652 1.08341e-05 3.40989e-05 9.05202e-06 7.34705e-06
0.874539 0.000826554 0.000836349 0.000816759 8.98646e-05 0.00012074 5.89889e-05 0.000877588 9.79463e-06 3.08757e-05 8.18676e-06 6.64613e-06
0.87793 0.000726615 0.000735445 0.000717785 7.93771e-05 0.000107259 5.14948e-05 0.000806589 8.83039e-06 2.78824e-05 7.38352e-06 5.99504e-06
0.881321 0.000636305 0.000644242 0.000628367 6.98905e-05 9.49984e-05 4.47826e-05 0.000739543 7.93782e-06 2.51079e-05 6.63942e-06 5.39154e-06
0.884712 0.000554955 0.000562068 0.000547841 6.1331e-05 8.38727e-05 3.87893e-05 0.000676338 7.11338e-06 2.25417e-05 5.95164e-06 4.83341e-06
0.888102 0.000481924 0.000488277 0.00047557 5.36289e-05 7.38023e-05 3.34555e-05 0.000616862 6.35365e-06 2.01734e-05 5.31742e-06 4.31849e-06
0.891493 0.000416593 0.000422249 0.000410938 4.6718e-05 6.47109e-05 2.87251e-05 0.000561001 5.65525e-06 1.79929e-05 4.73404e-06 3.84464e-06
0.894884 0.000358373 0.000363388 0.000353359 4.05355e-05 5.65259e-05 2.45451e-05 0.000508643 5.01493e-06 1.59904e-05 4.19885e-06 3.40977e-06
0.898275 0.000306698 0.000311128 0.000302269 3.50224e-05 4.91785e-05 2.08662e-05 0.000459674 4.42949e-06 1.41561e-05 3.70926e-06 3.01183e-06
0.901666 0.000261029 0.000264925 0.000257134 3.01227e-05 4.26036e-05 1.76419e-05 0.000413981 3.89582e-06 1.24808e-05 3.26276e-06 2.6488e-06
0.905057 0.000220853 0.000224264 0.000217443 2.5784e-05 3.67395e-05 1.48286e-05 0.000371449 3.4109e-06 1.09554e-05 2.85685e-06 2.31872e-06
0.908447 0.000185683 0.000188654 0.000182711 2.19568e-05 3.15278e-05 1.23858e-05 0.000331966 2.97179e-06 9.571e-06 2.48915e-06 2.01966e-06
0.911838 0.000155055 0.000157631 0.00015248 1.85947e-05 2.69136e-05 1.02757e-05 0.000295417 2.57563e-06 8.31898e-06 2.15729e-06 1.74975e-06
0.915229 0.000128536 0.000130756 0.000126317 1.56541e-05 2.28451e-05 8.46315e-06 0.000261687 2.21964e-06 7.19099e-06 1.859e-06 1.50714e-06
0.91862 0.000105715 0.000107616 0.000103814 1.30946e-05 1.92735e-05 6.91564e-06 0.000230663 1.90113e-06 6.17895e-06 1.59205e-06 1.29004e-06
0.922011 8.62068e-05 8.78243e-05 8.45893e-05 1.08781e-05 1.6153e-05 5.60309e-06 0.00020223 1.61748e-06 5.27497e-06 1.35428e-06 1.09672e-06
0.925402 6.96509e-05 7.10171e-05 6.82848e-05 8.96929e-06 1.34408e-05 4.49783e-06 0.000176273 1.36617e-06 4.47146e-06 1.1436e-06 9.2548e-07
0.928792 5.57119e-05 5.68567e-05 5.45671e-05 7.33546e-06 1.10965e-05 3.57441e-06 0.000152679 1.14476e-06 3.76105e-06 9.57985e-07 7.74668e-07
0.932183 4.40781e-05 4.5029e-05 4.31272e-05 5.94622e-06 9.08284e-06 2.80959e-06 0.000131333 9.50888e-07 3.13663e-06 7.95464e-07 6.42693e-07
0.935574 3.44615e-05 3.52438e-05 3.36792e-05 4.7735e-06 7.36482e-06 2.18219e-06 0.000112122 7.82274e-07 2.59131e-06 6.54142e-07 5.2801e-07
0.938965 2.65971e-05 2.72338e-05 2.59604e-05 3.79149e-06 5.90998e-06 1.67299e-06 9.49303e-05 6.36731e-07 2.11849e-06 5.32189e-07 4.29128e-07
0.942356 2.02424e-05 2.07546e-05 1.97303e-05 2.97646e-06 4.68826e-06 1.26467e-06 7.96452e-05 5.12153e-07 1.7118e-06 4.27845e-07 3.44607e-07
0.945747 1.51769e-05 1.55834e-05 1.47703e-05 2.30675e-06 3.67186e-06 9.4164e-07 6.61535e-05 4.06523e-07 1.36511e-06 3.39417e-07 2.73065e-07
0.949137 1.1201e-05 1.15189e-05 1.08831e-05 1.76259e-06 2.83515e-06 6.90036e-07 5.43421e-05 3.1791e-07 1.07256e-06 2.65285e-07 2.13173e-07
0.952528 8.13576e-06 8.38023e-06 7.89129e-06 1.32608e-06 2.15461e-06 4.97559e-07 4.40989e-05 2.44472e-07 8.28523e-07 2.03899e-07 1.63663e-07
0.955919 5.822e-06 6.00645e-06 5.63754e-06 9.81063e-07 1.60872e-06 3.53409e-07 3.53124e-05 1.84454e-07 6.27654e-07 1.53783e-07 1.23322e-07
0.95931 4.1194e-06 4.25559e-06 3.9832e-06 7.1304e-07 1.17789e-06 2.48191e-07 2.78725e-05 1.36194e-07 4.64849e-07 1.13537e-07 9.10012e-08
0.962701 2.90589e-06 3.00401e-06 2.80776e-06 5.09098e-07 8.44367e-07 1.73829e-07 2.16703e-05 9.81215e-08 3.35269e-07 8.18344e-08 6.56108e-08
0.966092 2.07686e-06 2.14562e-06 2.0081e-06 3.57829e-07 5.92172e-07 1.23486e-07 1.65991e-05 6.87577e-08 2.34343e-07 5.74282e-08 4.61263e-08
0.969482 1.54458e-06 1.5913e-06 1.49786e-06 2.49264e-07 4.07034e-07 9.14943e-08 1.25556e-05 4.67203e-08 1.5777e-07 3.91508e-08 3.15884e-08
0.972873 1.23788e-06 1.26861e-06 1.20716e-06 1.74833e-07 2.76358e-07 7.33068e-08 9.44202e-06 3.07241e-08 1.01526e-07 2.5916e-08 2.11054e-08
0.976264 1.10256e-06 1.12215e-06 1.08298e-06 1.27368e-07 1.8924e-07 6.54959e-08 7.17006e-06 1.95824e-08 6.18721e-08 1.67213e-08 1.38544e-08
0.979655 1.10389e-06 1.1161e-06 1.09168e-06 1.01243e-07 1.36606e-07 6.588e-08 5.67132e-06 1.22097e-08 3.53631e-08 1.06491e-08 9.083e-09
0.983046 1.23567e-06 1.24329e-06 1.22805e-06 9.29071e-08 1.11764e-07 7.40504e-08 4.92463e-06 7.62071e-09 1.88567e-08 6.86623e-09 6.10793e-09
0.986437 1.55755e-06 1.56247e-06 1.55263e-06 1.03128e-07 1.12652e-07 9.36044e-08 5.0544e-06 4.92244e-09 9.5238e-09 4.61467e-09 4.30484e-09
0.989827 2.45929e-06 2.46254e-06 2.45603e-06 1.52906e-07 1.57747e-07 1.48065e-07 6.89268e-06 3.25565e-09 4.84099e-09 3.15005e-09 3.04357e-09
0.993218 1.15767e-05 1.15771e-05 1.15764e-05 7.00904e-07 7.03911e-07 6.97897e-07 4.0205e-05 3.5404e-10 3.00688e-09 1.77871e-10 0
4.01075e-314 inf inf inf inf inf inf 0.000445447 17.6875 0.697441 0.45992 0.256007
