9.72476e-05 5.66126 6.12227 5.20025 2.27461 2.56067 1.98856 11.4646 0.461012 0.286055 0.16604 0.157231
0.0001 5.62636 6.08599 5.16673 2.26053 2.54544 1.97561 11.3575 0.459627 0.284911 0.164819 0.155914
0.00010283 5.5919 6.05015 5.13365 2.24661 2.53039 1.96284 11.2511 0.458251 0.283776 0.163608 0.154606
0.000105741 5.55864 6.01552 5.10176 2.23318 2.51583 1.95053 11.1456 0.456882 0.28265 0.162406 0.153307
0.000108734 5.52362 5.97914 5.0681 2.21905 2.50059 1.93752 11.0408 0.45552 0.281532 0.161213 0.152016
0.000111811 5.48879 5.94295 5.03462 2.20502 2.48544 1.92459 10.9369 0.454167 0.280422 0.160029 0.150733
0.000114976 5.45414 5.90696 5.00132 2.19105 2.47037 1.91173 10.8337 0.45282 0.27932 0.158855 0.149459
0.00011823 5.41968 5.87117 4.9682 2.17717 2.45539 1.89894 10.7314 0.451481 0.278227 0.15769 0.148193
0.000121576 5.38541 5.83556 4.93526 2.16336 2.4405 1.88622 10.6298 0.450149 0.277143 0.156535 0.146935
0.000125017 5.35133 5.80015 4.9025 2.14963 2.4257 1.87357 10.529 0.448825 0.276066 0.155389 0.145685
0.000128556 5.31743 5.76493 4.86992 2.13598 2.41098 1.86098 10.429 0.447507 0.274998 0.154252 0.144444
0.000132194 5.28371 5.72991 4.83752 2.12241 2.39635 1.84847 10.3297 0.446197 0.273938 0.153124 0.14321
0.000135936 5.25018 5.69507 4.80529 2.10891 2.3818 1.83602 10.2312 0.444894 0.272886 0.152005 0.141985
0.000139783 5.21682 5.66042 4.77323 2.09549 2.36733 1.82365 10.1334 0.443598 0.271841 0.150895 0.140768
0.000143739 5.18366 5.62597 4.74135 2.08214 2.35295 1.81134 10.0364 0.442309 0.270805 0.149795 0.139559
0.000147808 5.15066 5.59169 4.70964 2.06887 2.33865 1.79909 9.94019 0.441027 0.269777 0.148703 0.138357
0.000151991 5.11785 5.5576 4.6781 2.05568 2.32443 1.78692 9.84468 0.439751 0.268757 0.14762 0.137164
0.000156293 5.08522 5.5237 4.64674 2.04256 2.3103 1.77481 9.74991 0.438482 0.267744 0.146547 0.135978
0.000160717 5.05277 5.48999 4.61555 2.02951 2.29625 1.76277 9.65587 0.43722 0.26674 0.145482 0.1348
0.000165265 5.02049 5.45645 4.58452 2.01654 2.28228 1.75079 9.56257 0.435964 0.265743 0.144426 0.13363
0.000169943 4.98839 5.4231 4.55367 2.00364 2.26839 1.73889 9.46997 0.434715 0.264754 0.143379 0.132468
0.000174753 4.95646 5.38994 4.52299 1.99082 2.25459 1.72704 9.3781 0.433473 0.263772 0.142341 0.131313
0.000179699 4.92471 5.35695 4.49247 1.97806 2.24086 1.71527 9.28695 0.432236 0.262798 0.141312 0.130166
0.000184785 4.89313 5.32414 4.46213 1.96539 2.22722 1.70355 9.1965 0.431007 0.261832 0.140291 0.129027
0.000190015 4.86173 5.29151 4.43194 1.95278 2.21365 1.69191 9.10676 0.429783 0.260873 0.139279 0.127895
0.000195393 4.83049 5.25906 4.40193 1.94024 2.20017 1.68032 9.01772 0.428565 0.259921 0.138276 0.126771
0.000200923 4.79943 5.22679 4.37208 1.92778 2.18676 1.6688 8.92937 0.427354 0.258978 0.137282 0.125655
0.00020661 4.76854 5.19469 4.34239 1.91539 2.17343 1.65735 8.84171 0.426149 0.258041 0.136296 0.124545
0.000212458 4.73782 5.16276 4.31287 1.90307 2.16018 1.64596 8.75474 0.424949 0.257112 0.135319 0.123443
0.000218471 4.70727 5.13102 4.28351 1.89082 2.14701 1.63463 8.66845 0.423756 0.25619 0.134351 0.122349
0.000224655 4.67688 5.09945 4.25431 1.87864 2.13392 1.62337 8.58284 0.422568 0.255275 0.133391 0.121262
0.000231013 4.64666 5.06805 4.22528 1.86653 2.1209 1.61216 8.4979 0.421386 0.254367 0.132439 0.120182
0.000237551 4.61661 5.03682 4.1964 1.85449 2.10796 1.60103 8.41362 0.42021 0.253467 0.131496 0.11911
0.000244275 4.58672 5.00576 4.16769 1.84252 2.0951 1.58995 8.33002 0.419039 0.252574 0.130562 0.118044
0.000251189 4.557 4.97488 4.13913 1.83062 2.08231 1.57893 8.24707 0.417874 0.251688 0.129636 0.116986
0.000258298 4.52745 4.94416 4.11073 1.81879 2.0696 1.56798 8.16478 0.416714 0.250808 0.128718 0.115935
0.000265609 4.49805 4.91361 4.08249 1.80703 2.05696 1.55709 8.08313 0.41556 0.249936 0.127809 0.114892
0.000273126 4.46882 4.88323 4.05441 1.79533 2.0444 1.54626 8.00214 0.414411 0.249071 0.126908 0.113855
0.000280857 4.43975 4.85302 4.02649 1.7837 2.03191 1.53549 7.92178 0.413267 0.248212 0.126016 0.112825
0.000288806 4.41084 4.82297 3.99872 1.77214 2.0195 1.52478 7.84207 0.412128 0.247361 0.125131 0.111803
0.00029698 4.38209 4.79309 3.9711 1.76065 2.00716 1.51413 7.76299 0.410994 0.246516 0.124255 0.110787
0.000305386 4.35351 4.76337 3.94364 1.74922 1.9949 1.50354 7.68453 0.409866 0.245677 0.123388 0.109778
0.000314029 4.32507 4.73382 3.91633 1.73786 1.98271 1.49301 7.60671 0.408742 0.244846 0.122528 0.108776
0.000322917 4.2968 4.70442 3.88918 1.72657 1.97059 1.48255 7.5295 0.407623 0.244021 0.121677 0.107781
0.000332057 4.26868 4.67519 3.86218 1.71534 1.95854 1.47214 7.45292 0.406509 0.243203 0.120834 0.106793
0.000341455 4.24073 4.64612 3.83533 1.70418 1.94657 1.46179 7.37694 0.405399 0.242391 0.119999 0.105812
0.000351119 4.21292 4.61721 3.80862 1.69308 1.93466 1.45149 7.30157 0.404294 0.241586 0.119172 0.104837
0.000361057 4.18527 4.58846 3.78208 1.68205 1.92283 1.44126 7.22681 0.403194 0.240787 0.118354 0.10387
0.000371276 4.15777 4.55987 3.75568 1.67108 1.91107 1.43108 7.15265 0.402098 0.239995 0.117543 0.102909
0.000381784 4.13043 4.53144 3.72943 1.66018 1.89938 1.42097 7.07909 0.401006 0.239209 0.11674 0.101954
0.00039259 4.10324 4.50316 3.70332 1.64934 1.88776 1.41091 7.00612 0.399918 0.238429 0.115946 0.101006
0.000403702 4.0762 4.47504 3.67737 1.63856 1.87621 1.4009 6.93374 0.398835 0.237655 0.115159 0.100065
0.000415128 4.04932 4.44707 3.65156 1.62785 1.86474 1.39096 6.86194 0.397755 0.236888 0.11438 0.0991305
0.000426877 4.02258 4.41926 3.6259 1.6172 1.85332 1.38107 6.79073 0.39668 0.236127 0.113609 0.0982024
0.000438959 3.99599 4.3916 3.60038 1.60661 1.84198 1.37124 6.72009 0.395608 0.235372 0.112846 0.0972808
0.000451383 3.96955 4.36409 3.57501 1.59609 1.83071 1.36146 6.65003 0.394541 0.234623 0.112091 0.0963656
0.000464159 3.94326 4.33674 3.54978 1.58563 1.81951 1.35175 6.58053 0.393476 0.23388 0.111344 0.0954569
0.000477296 3.91712 4.30953 3.5247 1.57523 1.80837 1.34208 6.5116 0.392416 0.233143 0.110605 0.0945547
0.000490805 3.89111 4.28247 3.49976 1.56489 1.7973 1.33247 6.44324 0.391359 0.232412 0.109873 0.0936587
0.000504697 3.86526 4.25557 3.47496 1.55461 1.7863 1.32292 6.37543 0.390305 0.231687 0.10915 0.0927691
0.000518981 3.83956 4.22881 3.4503 1.54439 1.77536 1.31343 6.30818 0.389255 0.230968 0.108433 0.0918858
0.00053367 3.81399 4.2022 3.42578 1.53424 1.76449 1.30398 6.24148 0.388208 0.230254 0.107725 0.0910088
0.000548775 3.78857 4.17574 3.40141 1.52414 1.75369 1.2946 6.17532 0.387164 0.229546 0.107024 0.0901381
0.000564307 3.7633 4.14942 3.37717 1.51411 1.74295 1.28526 6.10971 0.386123 0.228844 0.106331 0.0892736
0.000580278 3.73816 4.12324 3.35308 1.50413 1.73228 1.27598 6.04464 0.385084 0.228148 0.105646 0.0884152
0.000596702 3.71317 4.09722 3.32912 1.49422 1.72167 1.26676 5.98011 0.384049 0.227457 0.104968 0.087563
0.000613591 3.68831 4.07133 3.3053 1.48436 1.71113 1.25759 5.9161 0.383016 0.226771 0.104298 0.0867169
0.000630957 3.6636 4.04559 3.28161 1.47456 1.70065 1.24847 5.85263 0.381986 0.226091 0.103635 0.0858769
0.000648815 3.63903 4.01999 3.25807 1.46482 1.69024 1.2394 5.78968 0.380959 0.225417 0.10298 0.085043
0.000667179 3.61459 3.99452 3.23466 1.45514 1.67989 1.23039 5.72726 0.379933 0.224747 0.102332 0.0842151
0.000686062 3.59029 3.9692 3.21138 1.44552 1.6696 1.22143 5.66535 0.37891 0.224084 0.101692 0.0833932
0.00070548 3.56613 3.94402 3.18824 1.43595 1.65938 1.21253 5.60396 0.377889 0.223425 0.101059 0.0825772
0.000725448 3.54211 3.91898 3.16524 1.42644 1.64922 1.20367 5.54308 0.37687 0.222772 0.100434 0.0817673
0.00074598 3.51821 3.89407 3.14236 1.41699 1.63912 1.19487 5.48271 0.375853 0.222123 0.0998158 0.0809632
0.000767094 3.49446 3.8693 3.11962 1.4076 1.62908 1.18612 5.42284 0.374838 0.22148 0.0992052 0.080165
0.000788805 3.47084 3.84466 3.09701 1.39826 1.6191 1.17742 5.36348 0.373825 0.220842 0.0986019 0.0793727
0.000811131 3.44735 3.82016 3.07454 1.38898 1.60919 1.16877 5.30461 0.372813 0.220209 0.0980058 0.0785862
0.000834088 3.424 3.7958 3.05219 1.37976 1.59934 1.16018 5.24624 0.371802 0.219581 0.097417 0.0778055
0.000857696 3.40077 3.77157 3.02998 1.37059 1.58954 1.15163 5.18836 0.370793 0.218958 0.0968354 0.0770306
0.000881971 3.37768 3.74746 3.00789 1.36147 1.57981 1.14313 5.13097 0.369785 0.218339 0.096261 0.0762614
0.000906934 3.35472 3.72349 2.98594 1.35241 1.57014 1.13469 5.07406 0.368777 0.217726 0.0956937 0.0754979
0.000932603 3.33189 3.69966 2.96411 1.34341 1.56053 1.12629 5.01763 0.367771 0.217117 0.0951336 0.0747402
0.000958999 3.30918 3.67595 2.94242 1.33446 1.55097 1.11795 4.96168 0.366766 0.216513 0.0945805 0.073988
0.000986142 3.28661 3.65237 2.92085 1.32557 1.54148 1.10965 4.90621 0.365761 0.215913 0.0940346 0.0732416
0.00101405 3.26416 3.62892 2.8994 1.31673 1.53204 1.10141 4.85121 0.364757 0.215318 0.0934957 0.0725007
0.00104275 3.24184 3.60559 2.87809 1.30794 1.52267 1.09321 4.79668 0.363753 0.214727 0.0929638 0.0717654
0.00107227 3.21965 3.58239 2.8569 1.2992 1.51335 1.08506 4.74261 0.362749 0.214141 0.0924389 0.0710357
0.00110262 3.19758 3.55932 2.83583 1.29052 1.50408 1.07696 4.689 0.361746 0.213559 0.0919208 0.0703114
0.00113382 3.17563 3.53637 2.81489 1.2819 1.49488 1.06891 4.63586 0.360742 0.212982 0.0914097 0.0695927
0.00116591 3.15381 3.51355 2.79407 1.27332 1.48573 1.06091 4.58317 0.359738 0.212409 0.0909054 0.0688794
0.00119891 3.13212 3.49085 2.77338 1.2648 1.47664 1.05296 4.53093 0.358734 0.21184 0.090408 0.0681716
0.00123285 3.11054 3.46827 2.75281 1.25633 1.4676 1.04505 4.47915 0.35773 0.211275 0.0899173 0.0674692
0.00126774 3.08909 3.44581 2.73236 1.24791 1.45862 1.03719 4.42781 0.356724 0.210714 0.0894334 0.0667723
0.00130362 3.06776 3.42348 2.71204 1.23954 1.4497 1.02938 4.37691 0.355718 0.210157 0.0889562 0.0660806
0.00134052 3.04655 3.40126 2.69184 1.23122 1.44083 1.02162 4.32646 0.354711 0.209604 0.0884857 0.0653943
0.00137846 3.02546 3.37916 2.67175 1.22296 1.43202 1.01391 4.27644 0.353703 0.209055 0.0880218 0.0647134
0.00141747 3.00448 3.35718 2.65179 1.21475 1.42326 1.00624 4.22686 0.352694 0.20851 0.0875645 0.0640376
0.00145759 2.98363 3.33531 2.63195 1.20658 1.41455 0.998613 4.17771 0.351683 0.207968 0.0871137 0.0633672
0.00149885 2.9629 3.31357 2.61223 1.19847 1.4059 0.991037 4.129 0.35067 0.20743 0.0866694 0.062702
0.00154127 2.94228 3.29193 2.59262 1.1904 1.3973 0.983507 4.0807 0.349656 0.206896 0.0862317 0.062042
0.00158489 2.92177 3.27041 2.57313 1.18239 1.38875 0.976023 4.03284 0.348639 0.206365 0.0858003 0.0613872
0.00162975 2.90139 3.24901 2.55377 1.17442 1.38026 0.968586 3.98539 0.347621 0.205838 0.0853753 0.0607376
0.00167588 2.88112 3.22772 2.53452 1.16651 1.37182 0.961194 3.93836 0.3466 0.205314 0.0849566 0.0600931
0.00172331 2.86096 3.20654 2.51538 1.15864 1.36343 0.953847 3.89174 0.345577 0.204794 0.0845442 0.0594537
0.00177209 2.84092 3.18547 2.49636 1.15082 1.3551 0.946545 3.84554 0.344551 0.204276 0.084138 0.0588194
0.00182224 2.82098 3.16451 2.47746 1.14305 1.34681 0.939289 3.79974 0.343523 0.203762 0.083738 0.0581901
0.00187382 2.80116 3.14365 2.45867 1.13533 1.33858 0.932077 3.75436 0.342491 0.203251 0.0833441 0.0575659
0.00192685 2.78145 3.12291 2.44 1.12765 1.3304 0.92491 3.70938 0.341456 0.202743 0.0829563 0.0569467
0.00198139 2.76186 3.10227 2.42144 1.12002 1.32226 0.917787 3.6648 0.340417 0.202238 0.0825745 0.0563325
0.00203747 2.74237 3.08175 2.40299 1.11244 1.31418 0.910709 3.62061 0.339375 0.201735 0.0821987 0.0557233
0.00209514 2.72299 3.06132 2.38466 1.10491 1.30615 0.903674 3.57683 0.338329 0.201236 0.0818288 0.055119
0.00215443 2.70372 3.041 2.36644 1.09742 1.29816 0.896684 3.53343 0.337279 0.200739 0.0814647 0.0545196
0.00221541 2.68456 3.02079 2.34834 1.08998 1.29023 0.889737 3.49043 0.336225 0.200245 0.0811064 0.0539251
0.00227812 2.66551 3.00067 2.33034 1.08259 1.28234 0.882834 3.44782 0.335167 0.199753 0.0807539 0.0533355
0.00234259 2.64656 2.98066 2.31245 1.07524 1.2745 0.875974 3.40559 0.334104 0.199264 0.080407 0.0527507
0.0024089 2.62772 2.96075 2.29468 1.06793 1.26671 0.869157 3.36375 0.333036 0.198777 0.0800658 0.0521707
0.00247708 2.60898 2.94094 2.27702 1.06068 1.25897 0.862383 3.32228 0.331962 0.198292 0.0797301 0.0515955
0.00254719 2.59035 2.92123 2.25946 1.05346 1.25127 0.855652 3.28119 0.330884 0.19781 0.0793998 0.0510251
0.00261928 2.57182 2.90162 2.24202 1.04629 1.24362 0.848963 3.24048 0.3298 0.197329 0.079075 0.0504595
0.00269341 2.55339 2.8821 2.22468 1.03917 1.23602 0.842317 3.20014 0.32871 0.196851 0.0787555 0.0498985
0.00276965 2.53507 2.86268 2.20745 1.03209 1.22846 0.835712 3.16018 0.327615 0.196374 0.0784412 0.0493423
0.00284804 2.51684 2.84335 2.19033 1.02505 1.22095 0.82915 3.12058 0.326513 0.1959 0.0781322 0.0487907
0.00292864 2.49872 2.82413 2.17332 1.01806 1.21348 0.82263 3.08134 0.325405 0.195427 0.0778283 0.0482438
0.00301153 2.4807 2.80499 2.15641 1.01111 1.20606 0.816151 3.04247 0.32429 0.194956 0.0775294 0.0477015
0.00309677 2.46278 2.78594 2.13961 1.0042 1.19869 0.809714 3.00396 0.323168 0.194486 0.0772354 0.0471639
0.00318442 2.44495 2.76699 2.12291 0.997335 1.19135 0.803318 2.96581 0.322039 0.194017 0.0769464 0.0466308
0.00327455 2.42723 2.74813 2.10632 0.990513 1.18406 0.796963 2.92801 0.320903 0.19355 0.0766621 0.0461022
0.00336723 2.4096 2.72936 2.08984 0.983733 1.17682 0.790649 2.89057 0.319759 0.193084 0.0763825 0.0455782
0.00346253 2.39207 2.71067 2.07346 0.976995 1.16961 0.784376 2.85348 0.318607 0.19262 0.0761075 0.0450588
0.00356053 2.37463 2.69208 2.05718 0.970298 1.16245 0.778143 2.81674 0.317447 0.192156 0.075837 0.0445437
0.00366131 2.35729 2.67357 2.04101 0.963643 1.15534 0.77195 2.78034 0.316279 0.191693 0.075571 0.0440332
0.00376494 2.34004 2.65515 2.02494 0.957029 1.14826 0.765798 2.74429 0.315102 0.191231 0.0753093 0.0435271
0.0038715 2.32289 2.63681 2.00898 0.950455 1.14122 0.759686 2.70858 0.313916 0.190769 0.0750518 0.0430254
0.00398107 2.30583 2.61855 1.99311 0.943922 1.13423 0.753614 2.67322 0.312721 0.190308 0.0747985 0.0425281
0.00409375 2.28887 2.60038 1.97735 0.937429 1.12728 0.747582 2.63818 0.311516 0.189848 0.0745492 0.0420352
0.00420962 2.27199 2.58229 1.96169 0.930976 1.12036 0.741589 2.60349 0.310302 0.189388 0.0743038 0.0415466
0.00432876 2.25521 2.56428 1.94613 0.924563 1.11349 0.735635 2.56913 0.309078 0.188928 0.0740623 0.0410624
0.00445128 2.23851 2.54636 1.93067 0.918189 1.10666 0.729721 2.5351 0.307844 0.188468 0.0738244 0.0405824
0.00457727 2.22191 2.52851 1.91531 0.911853 1.09986 0.723845 2.50139 0.306599 0.188008 0.0735901 0.0401067
0.00470682 2.20539 2.51073 1.90005 0.905557 1.0931 0.718009 2.46802 0.305343 0.187547 0.0733593 0.0396353
0.00484003 2.18896 2.49304 1.88489 0.899298 1.08639 0.712211 2.43497 0.304076 0.187087 0.0731318 0.0391681
0.00497702 2.17262 2.47542 1.86982 0.893078 1.0797 0.706452 2.40224 0.302798 0.186626 0.0729076 0.0387051
0.00511789 2.15637 2.45788 1.85486 0.886896 1.07306 0.700731 2.36983 0.301508 0.186164 0.0726865 0.0382463
0.00526274 2.1402 2.44041 1.84 0.880751 1.06645 0.695049 2.33774 0.300206 0.185702 0.0724683 0.0377916
0.0054117 2.12412 2.42301 1.82523 0.874643 1.05988 0.689404 2.30597 0.298892 0.185239 0.072253 0.0373411
0.00556486 2.10812 2.40569 1.81056 0.868573 1.05335 0.683798 2.27451 0.297566 0.184775 0.0720404 0.0368947
0.00572237 2.09221 2.38843 1.79598 0.862538 1.04685 0.678229 2.24337 0.296227 0.18431 0.0718303 0.0364523
0.00588433 2.07638 2.37125 1.7815 0.856541 1.04038 0.672697 2.21253 0.294874 0.183843 0.0716227 0.036014
0.00605088 2.06063 2.35414 1.76712 0.850579 1.03395 0.667204 2.182 0.293509 0.183375 0.0714174 0.0355798
0.00622213 2.04496 2.33709 1.75283 0.844653 1.02756 0.661747 2.15178 0.292129 0.182905 0.0712142 0.0351496
0.00639824 2.02938 2.32012 1.73864 0.838762 1.0212 0.656328 2.12186 0.290736 0.182434 0.0710129 0.0347233
0.00657933 2.01387 2.3032 1.72455 0.832906 1.01487 0.650945 2.09225 0.289329 0.181961 0.0708135 0.034301
0.00676555 1.99845 2.28636 1.71054 0.827085 1.00857 0.6456 2.06293 0.287907 0.181486 0.0706158 0.0338827
0.00695704 1.9831 2.26957 1.69663 0.821299 1.00231 0.640291 2.03392 0.28647 0.181008 0.0704195 0.0334682
0.00715394 1.96784 2.25286 1.68282 0.815547 0.996075 0.635018 2.0052 0.285018 0.180528 0.0702246 0.0330577
0.00735642 1.95265 2.2362 1.6691 0.809828 0.989874 0.629782 1.97677 0.28355 0.180046 0.0700309 0.032651
0.00756463 1.93754 2.2196 1.65547 0.804143 0.983703 0.624582 1.94864 0.282067 0.179561 0.0698382 0.0322481
0.00777874 1.9225 2.20307 1.64193 0.798491 0.977563 0.619419 1.9208 0.280568 0.179072 0.0696463 0.0318491
0.0079989 1.90754 2.18659 1.62849 0.792872 0.971453 0.614291 1.89324 0.279053 0.178581 0.069455 0.0314539
0.0082253 1.89265 2.17018 1.61513 0.787286 0.965372 0.609199 1.86598 0.277521 0.178087 0.0692642 0.0310624
0.0084581 1.87784 2.15382 1.60187 0.781731 0.95932 0.604142 1.839 0.275972 0.177589 0.0690736 0.0306746
0.00869749 1.86311 2.13751 1.5887 0.776209 0.953297 0.599121 1.8123 0.274407 0.177088 0.0688832 0.0302906
0.00894366 1.84844 2.12127 1.57562 0.770718 0.947301 0.594135 1.78588 0.272823 0.176583 0.0686926 0.0299102
0.00919679 1.83385 2.10507 1.56263 0.765258 0.941332 0.589185 1.75975 0.271223 0.176073 0.0685018 0.0295336
0.00945709 1.81933 2.08894 1.54973 0.759829 0.935389 0.584269 1.73389 0.269604 0.17556 0.0683104 0.0291605
0.00972476 1.80488 2.07285 1.53692 0.754431 0.929473 0.579389 1.70831 0.267967 0.175042 0.0681183 0.0287911
0.01 1.79051 2.05682 1.5242 0.749063 0.923583 0.574543 1.683 0.266311 0.17452 0.0679253 0.0284252
0.010283 1.7762 2.04084 1.51156 0.743725 0.917718 0.569732 1.65796 0.264637 0.173993 0.0677312 0.0280629
0.0105741 1.76196 2.0249 1.49902 0.738416 0.911877 0.564955 1.6332 0.262944 0.173461 0.0675357 0.0277041
0.0108734 1.74779 2.00902 1.48656 0.733136 0.90606 0.560212 1.6087 0.261232 0.172924 0.0673387 0.0273488
0.0111811 1.73369 1.99319 1.47419 0.727885 0.900266 0.555504 1.58447 0.2595 0.172381 0.0671399 0.026997
0.0114976 1.71965 1.9774 1.46191 0.722663 0.894496 0.55083 1.56051 0.257749 0.171833 0.0669391 0.0266487
0.011823 1.70569 1.96166 1.44971 0.717468 0.888748 0.546189 1.53681 0.255977 0.171279 0.0667361 0.0263038
0.0121576 1.69179 1.94597 1.4376 0.712301 0.883021 0.541582 1.51337 0.254186 0.170719 0.0665306 0.0259622
0.0125017 1.67795 1.93033 1.42558 0.707162 0.877315 0.537009 1.49019 0.252374 0.170153 0.0663224 0.0256241
0.0128556 1.66418 1.91472 1.41364 0.70205 0.87163 0.532469 1.46727 0.250542 0.16958 0.0661114 0.0252893
0.0132194 1.65048 1.89917 1.40179 0.696963 0.865964 0.527963 1.44461 0.248689 0.169001 0.0658972 0.0249577
0.0135936 1.63684 1.88365 1.39002 0.691904 0.860318 0.523489 1.4222 0.246815 0.168414 0.0656796 0.0246295
0.0139783 1.62326 1.86818 1.37834 0.68687 0.854691 0.519049 1.40005 0.24492 0.167821 0.0654583 0.0243046
0.0143739 1.60975 1.85275 1.36674 0.681861 0.849081 0.514641 1.37815 0.243004 0.16722 0.0652332 0.0239828
0.0147808 1.59629 1.83736 1.35523 0.676878 0.843489 0.510266 1.3565 0.241066 0.166611 0.065004 0.0236643
0.0151991 1.58291 1.82201 1.3438 0.671919 0.837914 0.505924 1.33509 0.239107 0.165995 0.0647705 0.023349
0.0156293 1.56958 1.8067 1.33245 0.666984 0.832355 0.501614 1.31394 0.237127 0.165371 0.0645323 0.0230367
0.0160717 1.55631 1.79144 1.32119 0.662074 0.826811 0.497336 1.29302 0.235124 0.164738 0.0642893 0.0227277
0.0165265 1.54311 1.77621 1.31001 0.657187 0.821283 0.493091 1.27236 0.2331 0.164096 0.0640412 0.0224216
0.0169943 1.52996 1.76102 1.29891 0.652322 0.815768 0.488877 1.25193 0.231054 0.163446 0.0637878 0.0221187
0.0174753 1.51688 1.74586 1.28789 0.647481 0.810267 0.484695 1.23174 0.228987 0.162786 0.0635288 0.0218188
0.0179699 1.50385 1.73075 1.27696 0.642662 0.804779 0.480544 1.21179 0.226897 0.162117 0.0632639 0.0215219
0.0184785 1.49089 1.71567 1.2661 0.637864 0.799303 0.476425 1.19208 0.224785 0.161439 0.062993 0.0212279
0.0190015 1.47798 1.70063 1.25533 0.633088 0.793839 0.472338 1.1726 0.222652 0.16075 0.0627158 0.0209369
0.0195393 1.46513 1.68563 1.24464 0.628333 0.788385 0.468281 1.15336 0.220496 0.160052 0.0624319 0.0206489
0.0200923 1.45234 1.67066 1.23402 0.623598 0.782941 0.464256 1.13435 0.218319 0.159343 0.0621413 0.0203637
0.020661 1.43961 1.65573 1.22349 0.618884 0.777507 0.460261 1.11557 0.21612 0.158623 0.0618436 0.0200813
0.0212458 1.42694 1.64084 1.21304 0.614189 0.772082 0.456296 1.09701 0.213899 0.157893 0.0615386 0.0198018
0.0218471 1.41432 1.62598 1.20266 0.609513 0.766664 0.452362 1.07869 0.211656 0.157151 0.0612261 0.0195251
0.0224655 1.40176 1.61115 1.19237 0.604856 0.761254 0.448459 1.06058 0.209392 0.156398 0.0609058 0.0192511
0.0231013 1.38926 1.59637 1.18215 0.600218 0.75585 0.444585 1.04271 0.207107 0.155633 0.0605776 0.0189799
0.0237551 1.37681 1.58161 1.17201 0.595597 0.750452 0.440741 1.02505 0.2048 0.154855 0.0602411 0.0187114
0.0244275 1.36442 1.5669 1.16195 0.590994 0.74506 0.436927 1.00761 0.202473 0.154066 0.0598962 0.0184456
0.0251189 1.35209 1.55222 1.15197 0.586407 0.739671 0.433143 0.990392 0.200125 0.153264 0.0595427 0.0181824
0.0258298 1.33982 1.53757 1.14206 0.581837 0.734286 0.429387 0.97339 0.197757 0.152449 0.0591803 0.0179218
0.0265609 1.3276 1.52296 1.13223 0.577283 0.728904 0.425661 0.956602 0.195368 0.151622 0.0588089 0.0176638
0.0273126 1.31543 1.50839 1.12247 0.572744 0.723524 0.421963 0.940028 0.19296 0.15078 0.0584282 0.0174084
0.0280857 1.30333 1.49386 1.11279 0.56822 0.718146 0.418294 0.923666 0.190532 0.149926 0.0580382 0.0171554
0.0288806 1.29127 1.47936 1.10319 0.563711 0.712768 0.414654 0.907512 0.188086 0.149057 0.0576385 0.016905
0.029698 1.27928 1.4649 1.09366 0.559215 0.707389 0.411041 0.891568 0.185621 0.148174 0.057229 0.0166571
0.0305386 1.26734 1.45048 1.0842 0.554733 0.70201 0.407457 0.875829 0.183137 0.147276 0.0568096 0.0164115
0.0314029 1.25546 1.43609 1.07482 0.550264 0.696629 0.4039 0.860295 0.180636 0.146364 0.0563801 0.0161684
0.0322917 1.24363 1.42175 1.06551 0.545808 0.691245 0.40037 0.844964 0.178118 0.145437 0.0559404 0.0159277
0.0332057 1.23186 1.40744 1.05628 0.541363 0.685858 0.396868 0.829834 0.175583 0.144495 0.0554904 0.0156893
0.0341455 1.22015 1.39318 1.04711 0.536929 0.680466 0.393392 0.814903 0.173032 0.143537 0.0550299 0.0154532
0.0351119 1.20849 1.37895 1.03802 0.532507 0.67507 0.389943 0.800171 0.170466 0.142563 0.0545588 0.0152194
0.0361057 1.19689 1.36477 1.029 0.528094 0.669668 0.38652 0.785634 0.167885 0.141574 0.0540771 0.0149878
0.0371276 1.18534 1.35063 1.02005 0.523692 0.66426 0.383124 0.771291 0.16529 0.140568 0.0535846 0.0147585
0.0381784 1.17386 1.33654 1.01118 0.519298 0.658844 0.379752 0.75714 0.162682 0.139546 0.0530814 0.0145314
0.039259 1.16243 1.32249 1.00237 0.514913 0.65342 0.376406 0.74318 0.160061 0.138507 0.0525673 0.0143064
0.0403702 1.15106 1.30849 0.993628 0.510536 0.647987 0.373085 0.729409 0.157429 0.137451 0.0520424 0.0140835
0.0415128 1.13974 1.29453 0.984957 0.506166 0.642544 0.369788 0.715825 0.154785 0.136378 0.0515066 0.0138628
0.0426877 1.12849 1.28062 0.976354 0.501803 0.63709 0.366515 0.702426 0.152132 0.135288 0.0509599 0.0136441
0.0438959 1.11729 1.26676 0.967819 0.497446 0.631626 0.363266 0.68921 0.149469 0.13418 0.0504024 0.0134275
0.0451383 1.10615 1.25295 0.95935 0.493094 0.626148 0.36004 0.676175 0.146799 0.133054 0.0498341 0.0132129
0.0464159 1.09507 1.23919 0.950948 0.488748 0.620658 0.356837 0.663321 0.144121 0.13191 0.0492551 0.0130003
0.0477296 1.08405 1.22548 0.94261 0.484405 0.615154 0.353657 0.650644 0.141437 0.130749 0.0486654 0.0127897
0.0490805 1.07309 1.21183 0.934338 0.480067 0.609635 0.350498 0.638142 0.138748 0.129569 0.0480652 0.012581
0.0504697 1.06218 1.19824 0.926129 0.475731 0.604101 0.34736 0.625815 0.136054 0.12837 0.0474545 0.0123742
0.0518981 1.05134 1.1847 0.917983 0.471397 0.59855 0.344244 0.61366 0.133358 0.127153 0.0468336 0.0121692
0.053367 1.04056 1.17122 0.909899 0.467065 0.592982 0.341147 0.601675 0.13066 0.125917 0.0462025 0.0119662
0.0548775 1.02984 1.1578 0.901877 0.462734 0.587396 0.338071 0.589859 0.127961 0.124663 0.0455615 0.0117649
0.0564307 1.01918 1.14444 0.893915 0.458402 0.581792 0.335013 0.578209 0.125263 0.123389 0.0449107 0.0115655
0.0580278 1.00858 1.13115 0.886012 0.45407 0.576167 0.331974 0.566724 0.122567 0.122097 0.0442504 0.0113679
0.0596702 0.998042 1.11792 0.878168 0.449737 0.570523 0.328952 0.555401 0.119874 0.120785 0.0435809 0.011172
0.0613591 0.987566 1.10475 0.870382 0.445402 0.564857 0.325947 0.544239 0.117185 0.119455 0.0429025 0.0109778
0.0630957 0.977153 1.09165 0.862651 0.441064 0.559169 0.322959 0.533235 0.114502 0.118105 0.0422153 0.0107853
0.0648815 0.966801 1.07863 0.854975 0.436722 0.553458 0.319986 0.522389 0.111825 0.116736 0.0415198 0.0105945
0.0667179 0.956511 1.06567 0.847354 0.432375 0.547723 0.317027 0.511697 0.109157 0.115348 0.0408163 0.0104054
0.0686062 0.946284 1.05278 0.839785 0.428023 0.541964 0.314083 0.501158 0.106499 0.113941 0.0401051 0.0102179
0.070548 0.936118 1.03997 0.832267 0.423665 0.53618 0.311151 0.490771 0.103851 0.112514 0.0393867 0.0100321
0.0725448 0.926015 1.02723 0.824799 0.4193 0.530369 0.308231 0.480532 0.101216 0.111069 0.0386615 0.00984781
0.074598 0.915975 1.01457 0.81738 0.414926 0.524532 0.305321 0.47044 0.0985948 0.109605 0.0379298 0.00966514
0.0767094 0.905996 1.00198 0.810007 0.410544 0.518666 0.302422 0.460494 0.0959887 0.108122 0.0371922 0.00948402
0.0788805 0.896079 0.989478 0.802679 0.406152 0.512773 0.299531 0.45069 0.0933992 0.106621 0.0364491 0.00930445
0.0811131 0.886223 0.977051 0.795395 0.401749 0.50685 0.296647 0.441028 0.0908277 0.105101 0.035701 0.00912642
0.0834088 0.876428 0.964704 0.788153 0.397333 0.500897 0.29377 0.431505 0.0882756 0.103563 0.0349484 0.00894989
0.0857696 0.866694 0.952439 0.78095 0.392905 0.494913 0.290898 0.42212 0.0857443 0.102007 0.0341919 0.00877487
0.0881971 0.85702 0.940255 0.773785 0.388463 0.488897 0.288029 0.41287 0.0832353 0.100434 0.033432 0.00860134
0.0906934 0.847405 0.928154 0.766655 0.384005 0.482848 0.285162 0.403754 0.0807498 0.098843 0.0326693 0.00842928
0.0932603 0.837848 0.916137 0.759558 0.379532 0.476767 0.282296 0.394769 0.0782892 0.0972351 0.0319043 0.00825868
0.0958999 0.828348 0.904203 0.752493 0.37504 0.470651 0.279429 0.385914 0.0758551 0.0956107 0.0311377 0.00808954
0.0986142 0.818904 0.892353 0.745456 0.37053 0.4645 0.27656 0.377186 0.0734485 0.0939701 0.03037 0.00792185
0.101405 0.809515 0.880586 0.738444 0.366 0.458313 0.273686 0.368585 0.071071 0.0923138 0.029602 0.00775559
0.104275 0.800179 0.868902 0.731455 0.361448 0.45209 0.270806 0.360108 0.0687237 0.0906422 0.0288341 0.00759077
0.107227 0.790894 0.857302 0.724486 0.356874 0.44583 0.267918 0.351754 0.0664079 0.088956 0.0280671 0.00742738
0.110262 0.781659 0.845784 0.717534 0.352275 0.439531 0.26502 0.34352 0.064125 0.0872556 0.0273016 0.00726541
0.113382 0.772472 0.834348 0.710596 0.347651 0.433193 0.262109 0.335404 0.061876 0.0855418 0.0265383 0.00710486
0.116591 0.76333 0.822992 0.703668 0.343 0.426815 0.259185 0.327406 0.059662 0.0838151 0.0257778 0.00694574
0.119891 0.75423 0.811714 0.696746 0.338321 0.420397 0.256244 0.319523 0.0574844 0.0820763 0.0250207 0.00678804
0.123285 0.74517 0.800514 0.689826 0.333611 0.413937 0.253284 0.311754 0.055344 0.0803262 0.0242678 0.00663176
0.126774 0.736147 0.789389 0.682905 0.328869 0.407434 0.250303 0.304097 0.0532419 0.0785655 0.0235196 0.00647691
0.130362 0.727157 0.778336 0.675978 0.324094 0.400889 0.247299 0.29655 0.0511792 0.076795 0.022777 0.0063235
0.134052 0.718197 0.767353 0.66904 0.319283 0.394299 0.244267 0.289112 0.0491566 0.0750157 0.0220404 0.00617153
0.137846 0.709262 0.756437 0.662087 0.314436 0.387664 0.241207 0.281782 0.0471752 0.0732285 0.0213105 0.006021
0.141747 0.700349 0.745585 0.655113 0.309549 0.380984 0.238115 0.274557 0.0452356 0.0714344 0.020588 0.00587193
0.145759 0.691453 0.734792 0.648114 0.304622 0.374256 0.234988 0.267437 0.0433387 0.0696344 0.0198736 0.00572433
0.149885 0.682569 0.724054 0.641084 0.299652 0.367482 0.231823 0.260419 0.0414851 0.0678295 0.0191677 0.00557821
0.154127 0.673691 0.713366 0.634016 0.294638 0.360658 0.228617 0.253503 0.0396754 0.0660209 0.018471 0.00543359
0.158489 0.664814 0.702724 0.626904 0.289576 0.353786 0.225366 0.246688 0.0379103 0.0642098 0.0177841 0.00529047
0.162975 0.655932 0.692122 0.619742 0.284466 0.346864 0.222069 0.239972 0.0361901 0.0623974 0.0171075 0.00514888
0.167588 0.647038 0.681553 0.612522 0.279305 0.33989 0.218721 0.233353 0.0345154 0.0605848 0.0164417 0.00500883
0.172331 0.638125 0.671011 0.605239 0.274092 0.332865 0.215318 0.226832 0.0328865 0.0587736 0.0157874 0.00487034
0.177209 0.629186 0.660489 0.597882 0.268823 0.325788 0.211859 0.220405 0.0313036 0.0569648 0.0151449 0.00473342
0.182224 0.620213 0.64998 0.590446 0.263498 0.318658 0.208338 0.214074 0.0297669 0.0551601 0.0145148 0.00459811
0.187382 0.611197 0.639473 0.58292 0.258114 0.311475 0.204754 0.207836 0.0282767 0.0533607 0.0138974 0.00446441
0.192685 0.602129 0.628962 0.575296 0.252669 0.304238 0.201101 0.201691 0.026833 0.0515682 0.0132932 0.00433236
0.198139 0.593001 0.618437 0.567566 0.247162 0.296946 0.197378 0.195638 0.0254358 0.049784 0.0127026 0.00420197
0.203747 0.583803 0.607888 0.559718 0.24159 0.289599 0.19358 0.189676 0.024085 0.0480097 0.0121259 0.00407326
0.209514 0.574523 0.597303 0.551742 0.235952 0.282198 0.189705 0.183804 0.0227804 0.0462468 0.0115634 0.00394625
0.215443 0.565151 0.586673 0.543629 0.230246 0.274743 0.185749 0.178021 0.021522 0.0444969 0.0110154 0.00382098
0.221541 0.555675 0.575984 0.535366 0.224471 0.267233 0.18171 0.172328 0.0203093 0.0427616 0.0104822 0.00369745
0.227812 0.546083 0.565225 0.526941 0.218627 0.259669 0.177584 0.166722 0.019142 0.0410426 0.00996398 0.0035757
0.234259 0.536363 0.554383 0.518343 0.212711 0.252053 0.17337 0.161204 0.0180199 0.0393414 0.0094609 0.00345573
0.24089 0.5265 0.543443 0.509558 0.206725 0.244385 0.169065 0.155773 0.0169423 0.0376598 0.00897313 0.00333756
0.247708 0.516481 0.53239 0.500573 0.200667 0.236667 0.164668 0.150428 0.0159087 0.0359995 0.00850075 0.00322122
0.254719 0.50629 0.521209 0.491372 0.194539 0.228901 0.160177 0.14517 0.0149186 0.034362 0.00804386 0.0031067
0.261928 0.495912 0.509883 0.48194 0.18834 0.221089 0.155591 0.139997 0.0139713 0.032749 0.00760247 0.00299402
0.269341 0.485326 0.498392 0.47226 0.182073 0.213235 0.150911 0.134909 0.0130661 0.0311623 0.00717658 0.00288316
0.276965 0.474513 0.486715 0.462311 0.175739 0.205342 0.146135 0.129907 0.0122022 0.0296034 0.00676614 0.00277413
0.284804 0.463446 0.474825 0.452067 0.16934 0.197413 0.141266 0.124989 0.0113788 0.0280739 0.00637106 0.00266688
0.292864 0.452083 0.462678 0.441488 0.162877 0.189453 0.136302 0.120156 0.0105951 0.0265755 0.00599119 0.00256135
0.301153 0.440341 0.450192 0.430491 0.15635 0.18146 0.13124 0.115409 0.00985011 0.0251098 0.00562629 0.00245741
0.309677 0.427869 0.437012 0.418727 0.149727 0.173405 0.126049 0.110751 0.00914279 0.0236783 0.00527592 0.00235465
0.318442 0.416378 0.425261 0.407494 0.145135 0.168279 0.12199 0.109014 0.00888374 0.0231447 0.00514584 0.0023147
0.321833 0.412039 0.420672 0.403407 0.142713 0.165335 0.120091 0.107307 0.00863252 0.0226218 0.00501917 0.0022754
0.325224 0.407711 0.4161 0.399322 0.140312 0.162421 0.118202 0.105629 0.00838886 0.0221094 0.0048958 0.00223672
0.328614 0.403393 0.411545 0.39524 0.137931 0.159539 0.116324 0.103979 0.0081525 0.0216072 0.00477563 0.00219866
0.332005 0.399084 0.407007 0.391161 0.135571 0.156687 0.114456 0.102356 0.0079232 0.0211152 0.00465857 0.00216119
0.335396 0.394784 0.402485 0.387084 0.133232 0.153865 0.112599 0.100759 0.00770071 0.020633 0.00454452 0.00212431
0.338787 0.390493 0.397978 0.383009 0.130914 0.151074 0.110753 0.099188 0.00748481 0.0201605 0.0044334 0.002088
0.342178 0.386211 0.393486 0.378936 0.128616 0.148313 0.108918 0.0976421 0.00727528 0.0196976 0.00432511 0.00205225
0.345569 0.381937 0.389009 0.374865 0.126339 0.145583 0.107095 0.0961207 0.00707189 0.019244 0.00421957 0.00201704
0.348959 0.377671 0.384545 0.370796 0.124082 0.142882 0.105283 0.0946231 0.00687446 0.0187996 0.0041167 0.00198237
0.35235 0.373413 0.380095 0.36673 0.121847 0.140211 0.103483 0.0931488 0.00668277 0.0183642 0.00401642 0.00194821
0.355741 0.369162 0.375659 0.362666 0.119632 0.13757 0.101695 0.0916972 0.00649666 0.0179376 0.00391866 0.00191457
0.359132 0.364919 0.371235 0.358603 0.117439 0.134958 0.0999192 0.0902677 0.00631592 0.0175196 0.00382334 0.00188142
0.362523 0.360684 0.366824 0.354543 0.115266 0.132376 0.098156 0.0888599 0.00614039 0.0171102 0.00373039 0.00184876
0.365914 0.356456 0.362426 0.350486 0.113115 0.129824 0.0964055 0.0874731 0.00596989 0.0167091 0.00363974 0.00181659
0.369305 0.352235 0.358039 0.346431 0.110984 0.1273 0.0946681 0.0861069 0.00580427 0.0163162 0.00355132 0.00178488
0.372695 0.348022 0.353665 0.342378 0.108875 0.124806 0.0929439 0.0847608 0.00564337 0.0159313 0.00346508 0.00175362
0.376086 0.343816 0.349303 0.338329 0.106787 0.122342 0.0912331 0.0834343 0.00548704 0.0155542 0.00338095 0.00172282
0.379477 0.339618 0.344953 0.334283 0.104721 0.119906 0.0895359 0.082127 0.00533513 0.0151849 0.00329886 0.00169246
0.382868 0.335427 0.340615 0.33024 0.102676 0.117499 0.0878526 0.0808384 0.0051875 0.0148232 0.00321877 0.00166253
0.386259 0.331244 0.336288 0.3262 0.100652 0.115121 0.0861834 0.0795682 0.00504401 0.0144689 0.00314061 0.00163303
0.38965 0.327069 0.331973 0.322164 0.0986505 0.112772 0.0845285 0.0783158 0.00490455 0.014122 0.00306434 0.00160394
0.39304 0.322901 0.32767 0.318132 0.0966704 0.110452 0.0828882 0.077081 0.00476897 0.0137821 0.00298989 0.00157526
0.396431 0.318742 0.323379 0.314105 0.094712 0.108161 0.0812627 0.0758632 0.00463717 0.0134493 0.00291722 0.00154698
0.399822 0.314591 0.3191 0.310082 0.0927754 0.105899 0.079652 0.0746622 0.00450902 0.0131234 0.00284627 0.0015191
0.403213 0.310449 0.314833 0.306065 0.0908608 0.103665 0.0780565 0.0734776 0.00438441 0.0128043 0.00277701 0.0014916
0.406604 0.306315 0.310579 0.302052 0.0889682 0.10146 0.0764764 0.072309 0.00426323 0.0124918 0.00270938 0.00146448
0.409995 0.302191 0.306336 0.298046 0.0870976 0.0992834 0.0749118 0.0711561 0.00414537 0.0121858 0.00264335 0.00143774
0.413385 0.298076 0.302107 0.294045 0.0852492 0.0971354 0.0733629 0.0700186 0.00403075 0.0118862 0.00257886 0.00141136
0.416776 0.29397 0.29789 0.290051 0.0834229 0.0950158 0.0718301 0.0688961 0.00391925 0.0115929 0.00251588 0.00138535
0.420167 0.289875 0.293686 0.286064 0.081619 0.0929247 0.0703133 0.0677883 0.00381079 0.0113057 0.00245436 0.00135969
0.423558 0.28579 0.289495 0.282084 0.0798373 0.0908619 0.0688128 0.066695 0.00370527 0.0110246 0.00239427 0.00133438
0.426949 0.281715 0.285318 0.278112 0.078078 0.0888273 0.0673286 0.0656158 0.0036026 0.0107494 0.00233557 0.00130941
0.43034 0.277651 0.281154 0.274149 0.0763411 0.0868211 0.0658612 0.0645505 0.00350271 0.01048 0.00227822 0.00128478
0.43373 0.273599 0.277005 0.270194 0.0746267 0.084843 0.0644105 0.0634988 0.0034055 0.0102163 0.00222219 0.00126049
0.437121 0.269559 0.27287 0.266248 0.0729349 0.0828931 0.0629767 0.0624605 0.0033109 0.00995817 0.00216744 0.00123653
0.440512 0.265531 0.26875 0.262312 0.0712656 0.0809712 0.0615601 0.0614353 0.00321884 0.00970557 0.00211394 0.00121289
0.443903 0.261515 0.264645 0.258386 0.069619 0.0790773 0.0601606 0.0604229 0.00312923 0.00945835 0.00206166 0.00118957
0.447294 0.257513 0.260555 0.254471 0.0679949 0.0772113 0.0587785 0.0594232 0.00304201 0.00921643 0.00201056 0.00116657
0.450685 0.253524 0.256482 0.250567 0.0663935 0.0753732 0.0574138 0.0584358 0.00295711 0.00897969 0.00196062 0.00114388
0.454075 0.24955 0.252424 0.246675 0.0648148 0.0735629 0.0560668 0.0574606 0.00287446 0.00874804 0.00191181 0.0011215
0.457466 0.24559 0.248384 0.242796 0.0632588 0.0717802 0.0547374 0.0564974 0.002794 0.00852139 0.0018641 0.00109942
0.460857 0.241645 0.24436 0.238929 0.0617255 0.0700251 0.0534258 0.055546 0.00271566 0.00829964 0.00181746 0.00107764
0.464248 0.237715 0.240354 0.235076 0.0602149 0.0682976 0.0521322 0.0546061 0.00263939 0.0080827 0.00177187 0.00105616
0.467639 0.233802 0.236367 0.231237 0.058727 0.0665975 0.0508565 0.0536776 0.00256512 0.00787048 0.0017273 0.00103497
0.47103 0.229905 0.232398 0.227412 0.0572618 0.0649247 0.049599 0.0527602 0.0024928 0.00766289 0.00168372 0.00101406
0.47442 0.226025 0.228448 0.223603 0.0558194 0.0632792 0.0483595 0.0518539 0.00242238 0.00745984 0.00164111 0.000993449
0.477811 0.222163 0.224517 0.21981 0.0543996 0.0616608 0.0471383 0.0509585 0.0023538 0.00726126 0.00159945 0.000973117
0.481202 0.21832 0.220607 0.216033 0.0530024 0.0600695 0.0459354 0.0500737 0.00228702 0.00706704 0.00155871 0.000953064
0.484593 0.214495 0.216717 0.212273 0.0516279 0.058505 0.0447508 0.0491995 0.00222197 0.00687711 0.00151888 0.000933288
0.487984 0.21069 0.212848 0.208531 0.0502759 0.0569673 0.0435845 0.0483356 0.00215862 0.0066914 0.00147993 0.000913786
0.491375 0.206904 0.209001 0.204807 0.0489465 0.0554563 0.0424367 0.047482 0.00209692 0.00650982 0.00144185 0.000894555
0.494765 0.203139 0.205176 0.201103 0.0476396 0.0539719 0.0413073 0.0466384 0.00203682 0.00633229 0.0014046 0.000875592
0.498156 0.199396 0.201374 0.197417 0.0463551 0.0525138 0.0401964 0.0458048 0.00197828 0.00615873 0.00136818 0.000856895
0.501547 0.195674 0.197595 0.193753 0.045093 0.051082 0.0391039 0.0449811 0.00192125 0.00598908 0.00133256 0.000838462
0.504938 0.191975 0.19384 0.190109 0.0438531 0.0496764 0.0380299 0.044167 0.00186571 0.00582325 0.00129772 0.000820289
0.508329 0.188298 0.19011 0.186487 0.0426355 0.0482967 0.0369744 0.0433625 0.0018116 0.00566118 0.00126366 0.000802375
0.51172 0.184645 0.186404 0.182887 0.0414401 0.0469429 0.0359373 0.0425674 0.0017589 0.00550279 0.00123034 0.000784717
0.51511 0.181017 0.182724 0.179309 0.0402667 0.0456147 0.0349186 0.0417817 0.00170755 0.00534802 0.00119776 0.000767313
0.518501 0.177413 0.179071 0.175756 0.0391152 0.044312 0.0339184 0.0410053 0.00165753 0.00519679 0.00116589 0.000750162
0.521892 0.173835 0.175444 0.172226 0.0379856 0.0430346 0.0329366 0.040238 0.00160881 0.00504904 0.00113473 0.000733259
0.525283 0.170283 0.171844 0.168722 0.0368777 0.0417824 0.031973 0.0394797 0.00156135 0.0049047 0.00110426 0.000716605
0.528674 0.166757 0.168273 0.165242 0.0357915 0.0405552 0.0310278 0.0387304 0.00151511 0.0047637 0.00107445 0.000700196
0.532065 0.163259 0.164729 0.161789 0.0347268 0.0393528 0.0301008 0.03799 0.00147006 0.00462599 0.00104531 0.000684031
0.535455 0.159789 0.161215 0.158363 0.0336834 0.0381749 0.0291919 0.0372583 0.00142618 0.0044915 0.00101681 0.000668108
0.538846 0.156348 0.157731 0.154964 0.0326613 0.0370215 0.0283012 0.0365353 0.00138344 0.00436016 0.00098894 0.000652425
0.542237 0.152935 0.154277 0.151594 0.0316603 0.0358923 0.0274284 0.0358209 0.0013418 0.00423192 0.000961687 0.000636981
0.545628 0.149553 0.150854 0.148252 0.0306803 0.034787 0.0265736 0.0351151 0.00130124 0.00410672 0.00093504 0.000621773
0.549019 0.146201 0.147462 0.144939 0.0297211 0.0337056 0.0257366 0.0344177 0.00126172 0.0039845 0.000908985 0.000606799
0.55241 0.14288 0.144103 0.141656 0.0287825 0.0326477 0.0249173 0.0337288 0.00122324 0.00386521 0.000883511 0.000592059
0.5558 0.13959 0.140776 0.138404 0.0278644 0.0316132 0.0241157 0.0330481 0.00118575 0.00374877 0.000858604 0.00057755
0.559191 0.136333 0.137482 0.135183 0.0269667 0.0306018 0.0233315 0.0323757 0.00114924 0.00363515 0.000834255 0.00056327
0.562582 0.133108 0.134222 0.131994 0.026089 0.0296133 0.0225648 0.0317116 0.00111367 0.00352428 0.000810452 0.000549219
0.565973 0.129917 0.130996 0.128838 0.0252314 0.0286475 0.0218153 0.0310556 0.00107904 0.00341612 0.000787185 0.000535394
0.569364 0.12676 0.127805 0.125714 0.0243935 0.0277041 0.0210829 0.0304076 0.0010453 0.00331061 0.000764442 0.000521795
0.572755 0.123637 0.124649 0.122625 0.0235752 0.0267829 0.0203675 0.0297678 0.00101245 0.00320769 0.000742213 0.000508418
0.576146 0.120549 0.12153 0.119569 0.0227763 0.0258836 0.0196689 0.0291359 0.000980465 0.00310732 0.000720489 0.000495264
0.579536 0.117497 0.118447 0.116548 0.0219965 0.025006 0.0189871 0.0285119 0.000949316 0.00300945 0.00069926 0.000482329
0.582927 0.114481 0.1154 0.113562 0.0212358 0.0241498 0.0183217 0.0278959 0.000918986 0.00291403 0.000678515 0.000469614
0.586318 0.111502 0.112391 0.110612 0.0204938 0.0233148 0.0176728 0.0272877 0.000889457 0.002821 0.000658247 0.000457115
0.589709 0.10856 0.10942 0.107699 0.0197703 0.0225006 0.01704 0.0266873 0.000860709 0.00273033 0.000638446 0.000444833
0.5931 0.105655 0.106488 0.104822 0.0190652 0.0217072 0.0164232 0.0260947 0.000832723 0.00264197 0.000619103 0.000432765
0.596491 0.102789 0.103594 0.101983 0.0183782 0.0209341 0.0158223 0.0255098 0.000805482 0.00255587 0.000600209 0.000420909
0.599881 0.0999609 0.10074 0.0991819 0.0177091 0.0201811 0.0152371 0.0249326 0.000778968 0.00247198 0.000581757 0.000409265
0.603272 0.0971722 0.0979254 0.096419 0.0170576 0.0194479 0.0146673 0.0243631 0.000753163 0.00239027 0.000563737 0.000397831
0.606663 0.0944229 0.095151 0.0936949 0.0164236 0.0187342 0.0141129 0.0238012 0.000728052 0.00231068 0.000546142 0.000386604
0.610054 0.0917135 0.0924172 0.0910099 0.0158067 0.0180399 0.0135735 0.0232469 0.000703619 0.00223318 0.000528965 0.000375585
0.613445 0.0890445 0.0897244 0.0883647 0.0152067 0.0173645 0.013049 0.0227001 0.000679846 0.00215772 0.000512197 0.000364771
0.616836 0.0864161 0.0870728 0.0857594 0.0146235 0.0167077 0.0125392 0.0221609 0.00065672 0.00208427 0.000495831 0.000354161
0.620226 0.0838288 0.084463 0.0831946 0.0140567 0.0160694 0.0120439 0.0216292 0.000634224 0.00201277 0.000479859 0.000343753
0.623617 0.0812829 0.0818952 0.0806706 0.013506 0.0154492 0.0115628 0.0211049 0.000612345 0.0019432 0.000464275 0.000333545
0.627008 0.0787787 0.0793698 0.0781876 0.0129713 0.0148468 0.0110958 0.0205881 0.000591068 0.00187551 0.000449071 0.000323537
0.630399 0.0763166 0.076887 0.0757462 0.0124523 0.014262 0.0106427 0.0200788 0.00057038 0.00180966 0.000434241 0.000313727
0.63379 0.0738968 0.0744471 0.0733465 0.0119487 0.0136944 0.0102031 0.0195768 0.000550266 0.00174562 0.000419778 0.000304112
0.637181 0.0715196 0.0720503 0.0709889 0.0114603 0.0131437 0.00977697 0.0190822 0.000530715 0.00168335 0.000405674 0.000294692
0.640571 0.0691852 0.0696969 0.0686735 0.0109868 0.0126096 0.00936399 0.0185949 0.000511712 0.00162281 0.000391925 0.000285465
0.643962 0.0668939 0.0673872 0.0664007 0.0105279 0.0120919 0.00896396 0.0181149 0.000493246 0.00156396 0.000378522 0.00027643
0.647353 0.0646459 0.0651212 0.0641706 0.0100834 0.0115902 0.00857663 0.0176422 0.000475304 0.00150678 0.000365461 0.000267584
0.650744 0.0624414 0.0628993 0.0619835 0.00965301 0.0111042 0.00820179 0.0171768 0.000457874 0.00145122 0.000352734 0.000258926
0.654135 0.0602804 0.0607214 0.0598395 0.00923645 0.0106337 0.0078392 0.0167186 0.000440945 0.00139725 0.000340337 0.000250455
0.657526 0.0581631 0.0585876 0.0577386 0.00883346 0.0101783 0.00748862 0.0162677 0.000424505 0.00134484 0.000328262 0.000242169
0.660916 0.0560897 0.0564982 0.0556811 0.00844379 0.00973774 0.00714984 0.0158239 0.000408543 0.00129395 0.000316505 0.000234065
0.664307 0.0540602 0.0544533 0.0536672 0.00806714 0.0093117 0.00682259 0.0153874 0.000393049 0.00124456 0.000305059 0.000226143
0.667698 0.0520746 0.0524526 0.0516966 0.00770328 0.00889989 0.00650666 0.0149579 0.000378011 0.00119662 0.000293918 0.000218401
0.671089 0.050133 0.0504964 0.0497696 0.0073519 0.00850201 0.00620179 0.0145356 0.000363419 0.00115011 0.000283078 0.000210837
0.67448 0.0482355 0.0485847 0.0478862 0.00701276 0.00811775 0.00590776 0.0141204 0.000349263 0.001105 0.000272533 0.000203449
0.677871 0.0463818 0.0467173 0.0460462 0.00668558 0.00774683 0.00562434 0.0137122 0.000335533 0.00106125 0.000262276 0.000196236
0.681261 0.0445721 0.0448943 0.0442499 0.0063701 0.00738893 0.00535126 0.0133111 0.00032222 0.00101884 0.000252304 0.000189195
0.684652 0.0428062 0.0431155 0.0424969 0.00606604 0.00704377 0.00508831 0.0129171 0.000309314 0.000977729 0.000242611 0.000182325
0.688043 0.041084 0.0413808 0.0407872 0.00577315 0.00671105 0.00483525 0.01253 0.000296805 0.0009379 0.000233191 0.000175624
0.691434 0.0394055 0.0396901 0.0391208 0.00549116 0.00639048 0.00459184 0.0121499 0.000284684 0.000899319 0.00022404 0.00016909
0.694825 0.0377703 0.0380433 0.0374974 0.00521979 0.00608175 0.00435784 0.0117767 0.000272943 0.000861957 0.000215153 0.000162722
0.698216 0.0361785 0.0364401 0.0359169 0.00495879 0.00578458 0.00413301 0.0114105 0.000261573 0.000825788 0.000206524 0.000156516
0.701606 0.0346297 0.0348803 0.0343792 0.00470791 0.00549869 0.00391713 0.0110511 0.000250565 0.000790784 0.000198149 0.000150473
0.704997 0.0331237 0.0333636 0.0328838 0.00446687 0.00522379 0.00370995 0.0106986 0.00023991 0.000756918 0.000190022 0.000144589
0.708388 0.0316603 0.0318899 0.0314307 0.00423543 0.00495959 0.00351126 0.0103529 0.000229601 0.000724163 0.00018214 0.000138862
0.711779 0.0302391 0.0304587 0.0300195 0.00401331 0.00470581 0.00332082 0.010014 0.000219629 0.000692493 0.000174497 0.000133291
0.71517 0.0288598 0.0290698 0.0286498 0.00380028 0.00446216 0.00313839 0.0096819 0.000209987 0.000661884 0.000167089 0.000127874
0.718561 0.0275222 0.0277228 0.0273215 0.00359608 0.00422838 0.00296377 0.00935652 0.000200666 0.000632309 0.000159911 0.000122608
0.721951 0.0262258 0.0264174 0.0260341 0.00340045 0.0040042 0.00279671 0.00903783 0.000191659 0.000603744 0.000152959 0.000117492
0.725342 0.0249702 0.0251531 0.0247872 0.00321317 0.00378933 0.002637 0.0087258 0.000182959 0.000576165 0.000146228 0.000112523
0.728733 0.023755 0.0239295 0.0235804 0.00303397 0.00358351 0.00248442 0.00842041 0.000174558 0.000549547 0.000139714 0.0001077
0.732124 0.0225798 0.0227462 0.0224133 0.00286262 0.00338649 0.00233875 0.0081216 0.000166449 0.000523867 0.000133411 0.00010302
0.735515 0.0214441 0.0216027 0.0212855 0.00269888 0.00319798 0.00219978 0.00782935 0.000158624 0.000499102 0.000127317 9.84812e-05
0.738906 0.0203474 0.0204985 0.0201963 0.00254252 0.00301775 0.00206729 0.00754362 0.000151078 0.000475229 0.000121426 9.40816e-05
0.742296 0.0192892 0.019433 0.0191454 0.0023933 0.00284552 0.00194107 0.00726436 0.000143802 0.000452225 0.000115735 8.98189e-05
0.745687 0.018269 0.0184058 0.0181322 0.00225099 0.00268106 0.00182092 0.00699154 0.000136791 0.000430068 0.000110238 8.56911e-05
0.749078 0.0172861 0.0174162 0.0171561 0.00211537 0.00252411 0.00170664 0.0067251 0.000130037 0.000408737 0.000104933 8.16959e-05
0.752469 0.0163401 0.0164637 0.0162166 0.00198623 0.00237444 0.00159802 0.00646502 0.000123534 0.000388211 9.98142e-05 7.78312e-05
0.75586 0.0154304 0.0155476 0.0153131 0.00186332 0.00223179 0.00149486 0.00621124 0.000117276 0.000368467 9.48781e-05 7.40947e-05
0.759251 0.0145562 0.0146674 0.0144449 0.00174645 0.00209594 0.00139697 0.00596372 0.000111256 0.000349485 9.01207e-05 7.04843e-05
0.762641 0.013717 0.0138224 0.0136115 0.00163541 0.00196665 0.00130416 0.0057224 0.000105469 0.000331246 8.55377e-05 6.69976e-05
0.766032 0.0129121 0.013012 0.0128122 0.00152997 0.0018437 0.00121625 0.00548725 9.99072e-05 0.000313728 8.11254e-05 6.36326e-05
0.769423 0.0121408 0.0122354 0.0120463 0.00142995 0.00172686 0.00113304 0.00525821 9.4566e-05 0.000296913 7.68796e-05 6.03869e-05
0.772814 0.0114025 0.011492 0.0113131 0.00133514 0.00161592 0.00105436 0.00503523 8.94391e-05 0.000280781 7.27966e-05 5.72582e-05
0.776205 0.0106964 0.010781 0.0106119 0.00124534 0.00151065 0.000980025 0.00481826 8.45207e-05 0.000265312 6.88724e-05 5.42444e-05
0.779596 0.0100219 0.0101017 0.0099421 0.00116036 0.00141085 0.000909871 0.00460724 7.9805e-05 0.000250489 6.51032e-05 5.13431e-05
0.782986 0.00937816 0.00945345 0.00930288 0.00108002 0.00131631 0.000843723 0.00440212 7.52865e-05 0.000236292 6.14852e-05 4.85521e-05
0.786377 0.00876447 0.00883543 0.00869351 0.00100412 0.00122682 0.000781416 0.00420284 7.09596e-05 0.000222704 5.80145e-05 4.5869e-05
0.789768 0.00818008 0.0082469 0.00811326 0.000932494 0.0011422 0.000722787 0.00400934 6.6819e-05 0.000209707 5.46876e-05 4.32915e-05
0.793159 0.00762422 0.00768708 0.00756136 0.000864961 0.00106224 0.000667679 0.00382157 6.28593e-05 0.000197283 5.15006e-05 4.08175e-05
0.79655 0.00709612 0.0071552 0.00703705 0.000801351 0.000986766 0.000615936 0.00363945 5.90753e-05 0.000185415 4.845e-05 3.84445e-05
0.799941 0.006595 0.00665047 0.00653954 0.000741495 0.000915581 0.000567409 0.00346294 5.54617e-05 0.000174086 4.55321e-05 3.61702e-05
0.803332 0.00612008 0.0061721 0.00606807 0.000685229 0.000848509 0.00052195 0.00329196 5.20135e-05 0.00016328 4.27432e-05 3.39924e-05
0.806722 0.00567057 0.00571929 0.00562184 0.000632396 0.000785375 0.000479416 0.00312645 4.87257e-05 0.000152979 4.00799e-05 3.19087e-05
0.810113 0.00524566 0.00529125 0.00520006 0.000582839 0.000726008 0.000439669 0.00296635 4.55933e-05 0.00014317 3.75386e-05 2.99169e-05
0.813504 0.00484455 0.00488717 0.00480194 0.000536408 0.000670242 0.000402574 0.00281158 4.26115e-05 0.000133834 3.51159e-05 2.80146e-05
0.816895 0.00446646 0.00450624 0.00442669 0.000492956 0.000617914 0.000367999 0.00266208 3.97756e-05 0.000124957 3.28083e-05 2.61995e-05
0.820286 0.00411057 0.00414765 0.00407349 0.000452342 0.000568867 0.000335818 0.00251778 3.70808e-05 0.000116524 3.06123e-05 2.44692e-05
0.823677 0.00377609 0.00381061 0.00374157 0.000414427 0.000522947 0.000305906 0.00237859 3.45226e-05 0.00010852 2.85247e-05 2.28217e-05
0.827067 0.00346222 0.00349431 0.00343012 0.000379077 0.000480007 0.000278146 0.00224446 3.20963e-05 0.000100931 2.6542e-05 2.12544e-05
0.830458 0.00316816 0.00319796 0.00313837 0.000346161 0.000439901 0.00025242 0.0021153 2.97976e-05 9.37405e-05 2.4661e-05 1.97652e-05
0.833849 0.00289313 0.00292076 0.00286551 0.000315555 0.000402491 0.000228619 0.00199104 2.76219e-05 8.69361e-05 2.28784e-05 1.83517e-05
0.83724 0.00263634 0.00266191 0.00261078 0.000287136 0.00036764 0.000206633 0.0018716 2.55651e-05 8.05035e-05 2.11909e-05 1.70117e-05
0.840631 0.00239701 0.00242063 0.00237339 0.000260788 0.000335217 0.000186359 0.0017569 2.36229e-05 7.44292e-05 1.95955e-05 1.57429e-05
0.844022 0.00217437 0.00219616 0.00215258 0.000236397 0.000305097 0.000167697 0.00164686 2.17911e-05 6.86998e-05 1.80889e-05 1.45432e-05
0.847412 0.00196766 0.00198773 0.00194759 0.000213853 0.000277155 0.000150551 0.0015414 2.00656e-05 6.33023e-05 1.6668e-05 1.34102e-05
0.850803 0.00177613 0.00179457 0.00175769 0.00019305 0.000251274 0.000134827 0.00144043 1.84423e-05 5.82239e-05 1.53298e-05 1.23417e-05
0.854194 0.00159904 0.00161595 0.00158212 0.000173888 0.00022734 0.000120436 0.00134388 1.69174e-05 5.34519e-05 1.40712e-05 1.13355e-05
0.857585 0.00143565 0.00145114 0.00142017 0.000156268 0.000205242 0.000107294 0.00125165 1.54868e-05 4.89742e-05 1.28892e-05 1.03895e-05
0.860976 0.00128526 0.00129941 0.00127112 0.000140097 0.000184875 9.53179e-05 0.00116367 1.4147e-05 4.47787e-05 1.1781e-05 9.5014e-06
0.864367 0.00114717 0.00116006 0.00113427 0.000125283 0.000166137 8.44295e-05 0.00107983 1.28939e-05 4.08535e-05 1.07435e-05 8.66912e-06
0.867757 0.00102068 0.0010324 0.00100896 0.000111741 0.000148928 7.4554e-05 0.00100006 1.17241e-05 3.71872e-05 9.77393e-06 7.89051e-06
0.871148 0.00090513 0.000915764 0.000894496 9.93882e-05 0.000133157 6.56198e-05 0.000924254 1.06339e-05 3.37684e-05 8.86949e-06 7.16345e-06
0.874539 0.000799862 0.000809482 0.000790242 8.81448e-05 0.000118731 5.75587e-05 0.000852332 9.61976e-06 3.05861e-05 8.02738e-06 6.48585e-06
0.87793 0.000704242 0.00071292 0.000695564 7.79352e-05 0.000105565 5.03058e-05 0.000784198 8.67824e-06 2.76294e-05 7.24488e-06 5.85563e-06
0.881321 0.00061765 0.000625456 0.000609844 6.86871e-05 9.35749e-05 4.37993e-05 0.000719757 7.80593e-06 2.48878e-05 6.51929e-06 5.27076e-06
0.884712 0.000539488 0.000546487 0.000532488 6.03316e-05 8.26826e-05 3.79805e-05 0.000658915 6.99953e-06 2.2351e-05 5.84798e-06 4.7292e-06
0.888102 0.000469175 0.00047543 0.000462919 5.28031e-05 7.2812e-05 3.27942e-05 0.000601575 6.2558e-06 2.00089e-05 5.22835e-06 4.22897e-06
0.891493 0.000406151 0.000411723 0.00040058 4.60393e-05 6.3891e-05 2.81876e-05 0.000547642 5.57154e-06 1.78517e-05 4.65787e-06 3.7681e-06
0.894884 0.000349878 0.000354822 0.000344935 3.9981e-05 5.58506e-05 2.41114e-05 0.000497017 4.94367e-06 1.58696e-05 4.13404e-06 3.34465e-06
0.898275 0.000299836 0.000304205 0.000295467 3.4572e-05 4.86255e-05 2.05185e-05 0.000449601 4.36914e-06 1.40535e-05 3.65441e-06 2.95671e-06
0.901666 0.000255528 0.000259373 0.000251683 2.97593e-05 4.21533e-05 1.73653e-05 0.000405295 3.84501e-06 1.2394e-05 3.21659e-06 2.60242e-06
0.905057 0.000216479 0.000219848 0.000213111 2.54928e-05 3.63752e-05 1.46103e-05 0.000363998 3.36838e-06 1.08824e-05 2.81824e-06 2.27993e-06
0.908447 0.000182235 0.000185171 0.000179298 2.17251e-05 3.12351e-05 1.2215e-05 0.000325608 2.93643e-06 9.51004e-06 2.45706e-06 1.98744e-06
0.911838 0.000152363 0.00015491 0.000149817 1.84118e-05 2.66802e-05 1.01434e-05 0.000290023 2.54643e-06 8.26841e-06 2.13081e-06 1.72316e-06
0.915229 0.000126456 0.000128652 0.00012426 1.5511e-05 2.26603e-05 8.36164e-06 0.000257141 2.19572e-06 7.14935e-06 1.83731e-06 1.48537e-06
0.91862 0.000104125 0.000106007 0.000102243 1.29836e-05 1.91285e-05 6.83862e-06 0.000226857 1.88168e-06 6.14493e-06 1.57444e-06 1.27237e-06
0.922011 8.5006e-05 8.66078e-05 8.34042e-05 1.07928e-05 1.60402e-05 5.54536e-06 0.000199067 1.60182e-06 5.24743e-06 1.34011e-06 1.0825e-06
0.925402 6.8756e-05 7.01096e-05 6.74023e-05 8.90448e-06 1.33538e-05 4.45511e-06 0.000173666 1.35368e-06 4.44937e-06 1.13231e-06 9.14144e-07
0.928792 5.50544e-05 5.61893e-05 5.39195e-05 7.28677e-06 1.10303e-05 3.54326e-06 0.000150549 1.13491e-06 3.74352e-06 9.49081e-07 7.65733e-07
0.932183 4.36026e-05 4.45458e-05 4.26594e-05 5.91009e-06 9.03296e-06 2.78723e-06 0.00012961 9.43204e-07 3.12286e-06 7.88528e-07 6.35734e-07
0.935574 3.41236e-05 3.48999e-05 3.33472e-05 4.74707e-06 7.32772e-06 2.16642e-06 0.000110742 7.7636e-07 2.58065e-06 6.4881e-07 5.22661e-07
0.938965 2.63616e-05 2.69939e-05 2.57294e-05 3.77244e-06 5.88279e-06 1.66209e-06 9.38393e-05 6.32245e-07 2.11035e-06 5.2815e-07 4.25076e-07
0.942356 2.00818e-05 2.05906e-05 1.9573e-05 2.96297e-06 4.66865e-06 1.25729e-06 7.87937e-05 5.08806e-07 1.70568e-06 4.24835e-07 3.41588e-07
0.945747 1.50701e-05 1.54741e-05 1.4666e-05 2.29736e-06 3.65795e-06 9.36774e-07 6.54985e-05 4.04072e-07 1.36059e-06 3.37216e-07 2.70857e-07
0.949137 1.11318e-05 1.1448e-05 1.08157e-05 1.7562e-06 2.82548e-06 6.86915e-07 5.38468e-05 3.16152e-07 1.06928e-06 2.63708e-07 2.11593e-07
0.952528 8.09243e-06 8.33567e-06 7.84919e-06 1.32183e-06 2.14804e-06 4.95621e-07 4.37314e-05 2.4324e-07 8.26211e-07 2.02797e-07 1.62558e-07
0.955919 5.79582e-06 5.97943e-06 5.6122e-06 9.78312e-07 1.60438e-06 3.52249e-07 3.50457e-05 1.83615e-07 6.26064e-07 1.53035e-07 1.22572e-07
0.95931 4.10424e-06 4.23988e-06 3.9686e-06 7.11314e-07 1.1751e-06 2.47526e-07 2.76837e-05 1.35641e-07 4.63788e-07 1.13044e-07 9.05075e-08
0.962701 2.89753e-06 2.9953e-06 2.79976e-06 5.08054e-07 8.42642e-07 1.73467e-07 2.15404e-05 9.77704e-08 3.34588e-07 8.15225e-08 6.52983e-08
0.966092 2.0725e-06 2.14105e-06 2.00396e-06 3.57224e-07 5.91148e-07 1.233e-07 1.65128e-05 6.85447e-08 2.33924e-07 5.72396e-08 4.59373e-08
0.969482 1.54245e-06 1.58905e-06 1.49585e-06 2.4893e-07 4.06456e-07 9.14048e-08 1.25006e-05 4.65979e-08 1.57526e-07 3.90428e-08 3.14802e-08
0.972873 1.23689e-06 1.26755e-06 1.20623e-06 1.74659e-07 2.76051e-07 7.32661e-08 9.40841e-06 3.06581e-08 1.01393e-07 2.58579e-08 2.10472e-08
0.976264 1.1021e-06 1.12165e-06 1.08255e-06 1.27282e-07 1.89088e-07 6.54773e-08 7.15051e-06 1.95494e-08 6.18051e-08 1.66922e-08 1.38253e-08
0.979655 1.10364e-06 1.11584e-06 1.09145e-06 1.01202e-07 1.36535e-07 6.58699e-08 5.66033e-06 1.21942e-08 3.53324e-08 1.06354e-08 9.06932e-09
0.983046 1.23547e-06 1.24309e-06 1.22786e-06 9.28861e-08 1.1173e-07 7.40423e-08 4.91829e-06 7.61367e-09 1.88439e-08 6.85987e-09 6.10156e-09
0.986437 1.55732e-06 1.56224e-06 1.5524e-06 1.03114e-07 1.12632e-07 9.3595e-08 5.04995e-06 4.91889e-09 9.51854e-09 4.61131e-09 4.30149e-09
0.989827 2.45893e-06 2.46219e-06 2.45568e-06 1.52889e-07 1.57727e-07 1.4805e-07 6.88769e-06 3.25348e-09 4.83847e-09 3.14793e-09 3.04145e-09
0.993218 1.15751e-05 1.15754e-05 1.15747e-05 7.00835e-07 7.03841e-07 6.97828e-07 4.01769e-05 3.54002e-10 3.00653e-09 1.77871e-10 0
4.01075e-314 inf inf inf inf inf inf 0.000193383 11.4646 0.461012 0.286055 0.16604
