9.72476e-05 6.25732 6.75404 5.76059 2.58148 2.89238 2.27058 12.32 0.496723 0.310901 0.178248 0.16928
0.0001 6.21858 6.71372 5.72343 2.5654 2.87503 2.25578 12.2047 0.495144 0.309626 0.176929 0.167865
0.00010283 6.18032 6.67389 5.68674 2.54953 2.85789 2.24117 12.0903 0.493573 0.30836 0.175621 0.166458
0.000105741 6.14339 6.6354 5.65138 2.53419 2.8413 2.22709 11.9767 0.49201 0.307104 0.174323 0.165061
0.000108734 6.10451 6.59497 5.61406 2.51808 2.82393 2.21222 11.8641 0.490456 0.305856 0.173035 0.163673
0.000111811 6.06585 6.55476 5.57694 2.50205 2.80667 2.19743 11.7522 0.488909 0.304618 0.171757 0.162294
0.000114976 6.02738 6.51475 5.54001 2.48611 2.7895 2.18273 11.6413 0.487371 0.303388 0.170489 0.160924
0.00011823 5.98913 6.47497 5.50329 2.47027 2.77243 2.1681 11.5312 0.485841 0.302167 0.169231 0.159563
0.000121576 5.95108 6.4354 5.46676 2.45451 2.75546 2.15355 11.4219 0.48432 0.300955 0.167983 0.15821
0.000125017 5.91324 6.39605 5.43044 2.43884 2.73859 2.13908 11.3135 0.482806 0.299752 0.166744 0.156867
0.000128556 5.8756 6.3569 5.3943 2.42325 2.72181 2.12469 11.2059 0.481299 0.298558 0.165516 0.155533
0.000132194 5.83817 6.31798 5.35837 2.40776 2.70513 2.11038 11.0991 0.479801 0.297372 0.164298 0.154207
0.000135936 5.80094 6.27925 5.32263 2.39235 2.68854 2.09615 10.9931 0.47831 0.296195 0.163089 0.15289
0.000139783 5.76391 6.24074 5.28709 2.37702 2.67205 2.082 10.888 0.476827 0.295027 0.16189 0.151582
0.000143739 5.72709 6.20244 5.25174 2.36179 2.65566 2.06792 10.7836 0.475352 0.293867 0.160701 0.150282
0.000147808 5.69046 6.16435 5.21658 2.34664 2.63935 2.05392 10.6801 0.473884 0.292716 0.159522 0.148991
0.000151991 5.65403 6.12646 5.18161 2.33157 2.62315 2.04 10.5774 0.472424 0.291573 0.158352 0.147708
0.000156293 5.6178 6.08877 5.14683 2.3166 2.60703 2.02616 10.4755 0.470971 0.290438 0.157192 0.146434
0.000160717 5.58177 6.0513 5.11225 2.3017 2.59101 2.01239 10.3744 0.469525 0.289312 0.156041 0.145169
0.000165265 5.54593 6.01402 5.07785 2.28689 2.57508 1.99869 10.274 0.468087 0.288194 0.1549 0.143911
0.000169943 5.5103 5.97695 5.04364 2.27216 2.55925 1.98508 10.1744 0.466655 0.287084 0.153769 0.142663
0.000174753 5.47485 5.94008 5.00962 2.25752 2.5435 1.97154 10.0756 0.465231 0.285983 0.152647 0.141422
0.000179699 5.43959 5.90341 4.97578 2.24296 2.52785 1.95807 9.97763 0.463814 0.284889 0.151534 0.14019
0.000184785 5.40454 5.86694 4.94214 2.22848 2.51229 1.94468 9.88036 0.462403 0.283804 0.150431 0.138966
0.000190015 5.36967 5.83067 4.90867 2.21408 2.49681 1.93136 9.78387 0.461 0.282726 0.149337 0.13775
0.000195393 5.33499 5.79459 4.87539 2.19977 2.48143 1.91811 9.68813 0.459603 0.281657 0.148253 0.136543
0.000200923 5.3005 5.75872 4.84229 2.18554 2.46614 1.90494 9.59313 0.458213 0.280595 0.147178 0.135343
0.00020661 5.26621 5.72303 4.80938 2.17139 2.45093 1.89185 9.49888 0.45683 0.279542 0.146112 0.134152
0.000212458 5.23209 5.68755 4.77664 2.15732 2.43581 1.87882 9.40538 0.455453 0.278496 0.145055 0.132968
0.000218471 5.19817 5.65225 4.74409 2.14333 2.42079 1.86587 9.3126 0.454083 0.277458 0.144008 0.131793
0.000224655 5.16444 5.61716 4.71172 2.12942 2.40585 1.85299 9.22056 0.452719 0.276428 0.14297 0.130625
0.000231013 5.13088 5.58224 4.67952 2.11559 2.39099 1.84018 9.12925 0.451361 0.275405 0.141941 0.129466
0.000237551 5.09752 5.54753 4.64751 2.10184 2.37623 1.82745 9.03865 0.45001 0.27439 0.140921 0.128314
0.000244275 5.06433 5.513 4.61567 2.08817 2.36155 1.81478 8.94877 0.448665 0.273383 0.13991 0.12717
0.000251189 5.03133 5.47866 4.58401 2.07457 2.34696 1.80219 8.8596 0.447326 0.272383 0.138908 0.126034
0.000258298 4.99852 5.44451 4.55252 2.06106 2.33245 1.78967 8.77114 0.445993 0.27139 0.137916 0.124906
0.000265609 4.96588 5.41055 4.52122 2.04762 2.31803 1.77722 8.68338 0.444666 0.270405 0.136932 0.123785
0.000273126 4.93342 5.37677 4.49008 2.03426 2.30369 1.76483 8.59633 0.443344 0.269428 0.135957 0.122672
0.000280857 4.90115 5.34318 4.45912 2.02098 2.28944 1.75252 8.50995 0.442029 0.268457 0.134991 0.121566
0.000288806 4.86905 5.30977 4.42833 2.00777 2.27527 1.74028 8.42427 0.440719 0.267494 0.134034 0.120468
0.00029698 4.83713 5.27654 4.39771 1.99464 2.26118 1.7281 8.33928 0.439415 0.266538 0.133086 0.119378
0.000305386 4.80539 5.2435 4.36727 1.98159 2.24718 1.716 8.25496 0.438116 0.26559 0.132146 0.118295
0.000314029 4.77381 5.21064 4.33699 1.96861 2.23326 1.70396 8.17132 0.436823 0.264648 0.131216 0.11722
0.000322917 4.74242 5.17796 4.30689 1.95571 2.21942 1.69199 8.08834 0.435535 0.263713 0.130294 0.116152
0.000332057 4.7112 5.14545 4.27695 1.94288 2.20566 1.68009 8.00604 0.434252 0.262786 0.129381 0.115091
0.000341455 4.68016 5.11313 4.24718 1.93012 2.19199 1.66826 7.92439 0.432975 0.261865 0.128477 0.114038
0.000351119 4.64928 5.08099 4.21758 1.91744 2.1784 1.65649 7.8434 0.431702 0.260952 0.127581 0.112992
0.000361057 4.61858 5.04902 4.18815 1.90484 2.16488 1.64479 7.76306 0.430435 0.260045 0.126694 0.111954
0.000371276 4.58805 5.01723 4.15888 1.89231 2.15145 1.63316 7.68337 0.429173 0.259145 0.125816 0.110922
0.000381784 4.55769 4.98561 4.12978 1.87985 2.1381 1.6216 7.60433 0.427915 0.258252 0.124946 0.109898
0.00039259 4.5275 4.95416 4.10084 1.86746 2.12483 1.6101 7.52592 0.426662 0.257365 0.124084 0.108881
0.000403702 4.49748 4.92289 4.07206 1.85515 2.11163 1.59866 7.44816 0.425414 0.256485 0.123232 0.107871
0.000415128 4.46762 4.89179 4.04345 1.8429 2.09852 1.58729 7.37102 0.42417 0.255612 0.122387 0.106868
0.000426877 4.43793 4.86086 4.015 1.83073 2.08548 1.57599 7.29451 0.42293 0.254745 0.121551 0.105872
0.000438959 4.40841 4.83011 3.98672 1.81864 2.07252 1.56475 7.21861 0.421695 0.253885 0.120724 0.104884
0.000451383 4.37905 4.79952 3.95859 1.80661 2.05964 1.55358 7.14334 0.420465 0.253032 0.119905 0.103902
0.000464159 4.34986 4.7691 3.93062 1.79465 2.04684 1.54247 7.06869 0.419238 0.252184 0.119095 0.102927
0.000477296 4.32083 4.73885 3.90282 1.78276 2.03411 1.53142 6.99464 0.418016 0.251343 0.118292 0.101959
0.000490805 4.29196 4.70876 3.87517 1.77095 2.02146 1.52044 6.9212 0.416797 0.250509 0.117498 0.100998
0.000504697 4.26326 4.67884 3.84768 1.7592 2.00888 1.50952 6.84836 0.415582 0.24968 0.116713 0.100044
0.000518981 4.23471 4.64909 3.82034 1.74752 1.99638 1.49866 6.77612 0.414371 0.248858 0.115935 0.0990964
0.00053367 4.20633 4.61949 3.79317 1.73591 1.98395 1.48787 6.70448 0.413164 0.248042 0.115166 0.0981558
0.000548775 4.1781 4.59006 3.76614 1.72437 1.9716 1.47714 6.63342 0.41196 0.247232 0.114405 0.0972218
0.000564307 4.15004 4.5608 3.73928 1.7129 1.95933 1.46647 6.56295 0.41076 0.246428 0.113652 0.0962946
0.000580278 4.12213 4.53169 3.71256 1.7015 1.94713 1.45587 6.49306 0.409563 0.24563 0.112907 0.095374
0.000596702 4.09437 4.50274 3.68601 1.69016 1.935 1.44532 6.42375 0.408369 0.244837 0.112171 0.0944601
0.000613591 4.06678 4.47396 3.6596 1.67889 1.92294 1.43484 6.35501 0.407178 0.244051 0.111442 0.0935528
0.000630957 4.03934 4.44533 3.63335 1.66769 1.91096 1.42442 6.28685 0.405991 0.243271 0.110722 0.092652
0.000648815 4.01205 4.41686 3.60725 1.65655 1.89905 1.41406 6.21925 0.404806 0.242496 0.110009 0.0917578
0.000667179 3.98492 4.38854 3.5813 1.64549 1.88721 1.40376 6.15221 0.403624 0.241727 0.109304 0.0908701
0.000686062 3.95794 4.36038 3.5555 1.63448 1.87545 1.39352 6.08574 0.402444 0.240964 0.108608 0.0899888
0.00070548 3.93111 4.33238 3.52984 1.62354 1.86375 1.38334 6.01982 0.401267 0.240206 0.107919 0.0891139
0.000725448 3.90443 4.30453 3.50434 1.61267 1.85213 1.37322 5.95444 0.400093 0.239454 0.107238 0.0882455
0.00074598 3.87791 4.27683 3.47899 1.60186 1.84057 1.36316 5.88962 0.398921 0.238707 0.106565 0.0873834
0.000767094 3.85153 4.24928 3.45378 1.59112 1.82909 1.35316 5.82534 0.397751 0.237966 0.1059 0.0865277
0.000788805 3.8253 4.22189 3.42872 1.58044 1.81767 1.34322 5.76161 0.396583 0.23723 0.105243 0.0856783
0.000811131 3.79922 4.19464 3.40381 1.56983 1.80633 1.33333 5.69841 0.395417 0.236499 0.104593 0.0848352
0.000834088 3.77329 4.16755 3.37904 1.55928 1.79505 1.32351 5.63573 0.394253 0.235774 0.103951 0.0839983
0.000857696 3.74751 4.1406 3.35442 1.54879 1.78385 1.31374 5.5736 0.39309 0.235053 0.103317 0.0831676
0.000881971 3.72187 4.1138 3.32994 1.53837 1.77271 1.30403 5.51198 0.391929 0.234338 0.10269 0.0823431
0.000906934 3.69637 4.08714 3.3056 1.52801 1.76164 1.29438 5.45089 0.39077 0.233628 0.102071 0.0815247
0.000932603 3.67102 4.06063 3.28141 1.51771 1.75063 1.28479 5.39032 0.389611 0.232923 0.10146 0.0807125
0.000958999 3.64581 4.03427 3.25736 1.50747 1.7397 1.27525 5.33027 0.388454 0.232223 0.100856 0.0799063
0.000986142 3.62075 4.00805 3.23345 1.4973 1.72883 1.26577 5.27072 0.387298 0.231528 0.10026 0.0791062
0.00101405 3.59583 3.98197 3.20969 1.48718 1.71802 1.25635 5.21168 0.386142 0.230838 0.0996706 0.0783121
0.00104275 3.57105 3.95603 3.18606 1.47713 1.70728 1.24698 5.15315 0.384988 0.230152 0.0990891 0.077524
0.00107227 3.54641 3.93024 3.16257 1.46714 1.69661 1.23767 5.09512 0.383834 0.229471 0.098515 0.076742
0.00110262 3.5219 3.90458 3.13922 1.45721 1.68601 1.22842 5.03759 0.38268 0.228795 0.0979483 0.0759658
0.00113382 3.49754 3.87907 3.11602 1.44734 1.67546 1.21922 4.98055 0.381527 0.228123 0.0973889 0.0751955
0.00116591 3.47332 3.85369 3.09294 1.43753 1.66498 1.21007 4.92401 0.380374 0.227456 0.0968367 0.0744311
0.00119891 3.44923 3.82845 3.07001 1.42778 1.65457 1.20098 4.86795 0.37922 0.226793 0.0962918 0.0736725
0.00123285 3.42528 3.80334 3.04721 1.41809 1.64422 1.19195 4.81238 0.378067 0.226135 0.0957541 0.0729198
0.00126774 3.40146 3.77838 3.02455 1.40845 1.63393 1.18297 4.75729 0.376913 0.225481 0.0952236 0.0721729
0.00130362 3.37778 3.75354 3.00202 1.39888 1.62371 1.17405 4.70267 0.375759 0.224831 0.0947001 0.0714317
0.00134052 3.35424 3.72884 2.97963 1.38936 1.61355 1.16518 4.64854 0.374604 0.224186 0.0941837 0.0706963
0.00137846 3.33083 3.70427 2.95738 1.37991 1.60345 1.15636 4.59487 0.373448 0.223544 0.0936744 0.0699666
0.00141747 3.30754 3.67984 2.93525 1.3705 1.59341 1.1476 4.54167 0.372291 0.222907 0.093172 0.0692425
0.00145759 3.2844 3.65553 2.91326 1.36116 1.58344 1.13889 4.48894 0.371133 0.222273 0.0926766 0.0685241
0.00149885 3.26138 3.63135 2.8914 1.35188 1.57352 1.13023 4.43667 0.369974 0.221643 0.0921881 0.0678113
0.00154127 3.23849 3.6073 2.86968 1.34265 1.56366 1.12163 4.38486 0.368813 0.221018 0.0917064 0.0671041
0.00158489 3.21573 3.58338 2.84808 1.33347 1.55387 1.11308 4.33351 0.367651 0.220395 0.0912315 0.0664024
0.00162975 3.1931 3.55959 2.82662 1.32436 1.54414 1.10458 4.2826 0.366486 0.219777 0.0907634 0.0657064
0.00167588 3.1706 3.53592 2.80528 1.3153 1.53446 1.09614 4.23215 0.36532 0.219162 0.0903019 0.0650158
0.00172331 3.14823 3.51238 2.78408 1.30629 1.52484 1.08774 4.18215 0.364151 0.218551 0.0898471 0.0643306
0.00177209 3.12598 3.48896 2.763 1.29734 1.51529 1.0794 4.13259 0.36298 0.217943 0.0893989 0.063651
0.00182224 3.10386 3.46567 2.74206 1.28845 1.50579 1.07111 4.08347 0.361807 0.217339 0.0889572 0.0629767
0.00187382 3.08187 3.4425 2.72123 1.27961 1.49635 1.06287 4.03479 0.36063 0.216738 0.088522 0.0623079
0.00192685 3.05999 3.41944 2.70054 1.27082 1.48696 1.05468 3.98654 0.359451 0.21614 0.0880932 0.0616444
0.00198139 3.03824 3.39651 2.67998 1.26209 1.47764 1.04655 3.93872 0.358268 0.215545 0.0876708 0.0609862
0.00203747 3.01662 3.3737 2.65954 1.25341 1.46837 1.03846 3.89134 0.357082 0.214953 0.0872548 0.0603334
0.00209514 2.99512 3.35101 2.63922 1.24479 1.45915 1.03043 3.84438 0.355893 0.214364 0.0868449 0.0596858
0.00215443 2.97373 3.32843 2.61903 1.23622 1.45 1.02244 3.79784 0.3547 0.213778 0.0864413 0.0590435
0.00221541 2.95247 3.30597 2.59897 1.2277 1.44089 1.0145 3.75173 0.353502 0.213195 0.0860437 0.0584065
0.00227812 2.93133 3.28363 2.57903 1.21923 1.43185 1.00662 3.70603 0.352301 0.212614 0.0856523 0.0577747
0.00234259 2.9103 3.2614 2.55921 1.21082 1.42286 0.998783 3.66074 0.351095 0.212036 0.0852668 0.057148
0.0024089 2.8894 3.23928 2.53951 1.20246 1.41392 0.990997 3.61587 0.349884 0.211461 0.0848873 0.0565265
0.00247708 2.86861 3.21728 2.51994 1.19415 1.40504 0.98326 3.57141 0.348669 0.210888 0.0845136 0.0559101
0.00254719 2.84794 3.19538 2.50049 1.18589 1.39621 0.975571 3.52735 0.347448 0.210318 0.0841457 0.0552988
0.00261928 2.82738 3.1736 2.48116 1.17768 1.38743 0.967931 3.4837 0.346222 0.209749 0.0837835 0.0546926
0.00269341 2.80694 3.15193 2.46195 1.16952 1.37871 0.96034 3.44045 0.344991 0.209183 0.083427 0.0540914
0.00276965 2.78661 3.13037 2.44286 1.16142 1.37003 0.952796 3.3976 0.343754 0.208619 0.083076 0.0534953
0.00284804 2.7664 3.10891 2.42389 1.15336 1.36141 0.945302 3.35514 0.342511 0.208057 0.0827305 0.0529041
0.00292864 2.7463 3.08756 2.40504 1.14535 1.35285 0.937855 3.31308 0.341261 0.207496 0.0823904 0.0523179
0.00301153 2.72631 3.06631 2.3863 1.13739 1.34433 0.930455 3.27141 0.340006 0.206938 0.0820556 0.0517367
0.00309677 2.70643 3.04517 2.36769 1.12948 1.33586 0.923103 3.23012 0.338743 0.206381 0.081726 0.0511603
0.00318442 2.68667 3.02414 2.34919 1.12162 1.32745 0.915799 3.18922 0.337474 0.205825 0.0814017 0.0505889
0.00327455 2.66701 3.00321 2.33081 1.11381 1.31908 0.908541 3.14871 0.336197 0.205272 0.0810823 0.0500223
0.00336723 2.64746 2.98237 2.31255 1.10605 1.31077 0.901331 3.10857 0.334913 0.204719 0.0807679 0.0494606
0.00346253 2.62802 2.96164 2.2944 1.09833 1.3025 0.894166 3.06881 0.333621 0.204168 0.0804584 0.0489036
0.00356053 2.60869 2.94101 2.27637 1.09067 1.29428 0.887049 3.02943 0.332321 0.203617 0.0801537 0.0483514
0.00366131 2.58946 2.92048 2.25845 1.08305 1.28611 0.879977 2.99041 0.331013 0.203068 0.0798537 0.047804
0.00376494 2.57035 2.90004 2.24065 1.07547 1.27799 0.872952 2.95177 0.329697 0.20252 0.0795582 0.0472614
0.0038715 2.55133 2.8797 2.22296 1.06794 1.26992 0.865973 2.9135 0.328372 0.201972 0.0792672 0.0467234
0.00398107 2.53242 2.85946 2.20538 1.06046 1.26189 0.859039 2.87559 0.327037 0.201425 0.0789806 0.0461901
0.00409375 2.51362 2.83931 2.18792 1.05303 1.25391 0.852151 2.83805 0.325694 0.200879 0.0786982 0.0456615
0.00420962 2.49491 2.81925 2.17057 1.04564 1.24597 0.845308 2.80086 0.324341 0.200333 0.07842 0.0451374
0.00432876 2.47631 2.79929 2.15333 1.0383 1.23808 0.83851 2.76403 0.322978 0.199787 0.0781459 0.044618
0.00445128 2.45781 2.77942 2.13621 1.031 1.23024 0.831757 2.72756 0.321605 0.199241 0.0778756 0.0441032
0.00457727 2.43941 2.75964 2.11919 1.02374 1.22244 0.825049 2.69144 0.320222 0.198696 0.0776092 0.0435929
0.00470682 2.42112 2.73994 2.10229 1.01654 1.21469 0.818385 2.65568 0.318828 0.19815 0.0773464 0.0430871
0.00484003 2.40292 2.72034 2.08549 1.00937 1.20697 0.811766 2.62026 0.317423 0.197604 0.0770872 0.0425858
0.00497702 2.38481 2.70082 2.06881 1.00225 1.19931 0.80519 2.58519 0.316007 0.197058 0.0768313 0.042089
0.00511789 2.36681 2.68139 2.05223 0.99517 1.19168 0.798659 2.55046 0.31458 0.196511 0.0765788 0.0415966
0.00526274 2.34891 2.66205 2.03577 0.988136 1.1841 0.792172 2.51607 0.31314 0.195964 0.0763295 0.0411086
0.0054117 2.3311 2.64279 2.01941 0.981143 1.17656 0.785728 2.48202 0.311689 0.195416 0.0760831 0.040625
0.00556486 2.31338 2.62361 2.00316 0.974194 1.16906 0.779328 2.44831 0.310226 0.194867 0.0758397 0.0401458
0.00572237 2.29576 2.60451 1.98701 0.967286 1.1616 0.77297 2.41494 0.308749 0.194316 0.0755989 0.0396709
0.00588433 2.27824 2.5855 1.97098 0.960421 1.15419 0.766656 2.3819 0.30726 0.193765 0.0753608 0.0392003
0.00605088 2.2608 2.56656 1.95505 0.953597 1.14681 0.760385 2.34919 0.305758 0.193212 0.0751251 0.038734
0.00622213 2.24346 2.54771 1.93922 0.946814 1.13947 0.754156 2.31681 0.304242 0.192658 0.0748917 0.038272
0.00639824 2.22622 2.52893 1.9235 0.940072 1.13217 0.74797 2.28475 0.302713 0.192102 0.0746604 0.0378141
0.00657933 2.20906 2.51023 1.90789 0.93337 1.12491 0.741826 2.25302 0.301169 0.191544 0.074431 0.0373605
0.00676555 2.19199 2.4916 1.89238 0.926709 1.11769 0.735725 2.22161 0.299611 0.190984 0.0742035 0.0369111
0.00695704 2.17502 2.47305 1.87698 0.920087 1.11051 0.729665 2.19052 0.298038 0.190422 0.0739776 0.0364658
0.00715394 2.15813 2.45458 1.86168 0.913505 1.10336 0.723648 2.15975 0.296451 0.189858 0.0737531 0.0360246
0.00735642 2.14133 2.43618 1.84648 0.906962 1.09625 0.717671 2.12929 0.294848 0.189291 0.07353 0.0355874
0.00756463 2.12462 2.41784 1.83139 0.900458 1.08918 0.711737 2.09915 0.29323 0.188721 0.0733079 0.0351544
0.00777874 2.10799 2.39959 1.81639 0.893993 1.08214 0.705843 2.06932 0.291596 0.188149 0.0730868 0.0347254
0.0079989 2.09145 2.38139 1.8015 0.887565 1.07514 0.699991 2.03979 0.289946 0.187574 0.0728663 0.0343004
0.0082253 2.075 2.36327 1.78672 0.881175 1.06817 0.69418 2.01058 0.288279 0.186995 0.0726465 0.0338793
0.0084581 2.05863 2.34522 1.77203 0.874823 1.06124 0.68841 1.98167 0.286596 0.186413 0.072427 0.0334622
0.00869749 2.04234 2.32724 1.75744 0.868507 1.05434 0.68268 1.95307 0.284896 0.185828 0.0722077 0.0330491
0.00894366 2.02614 2.30932 1.74296 0.862229 1.04747 0.67699 1.92476 0.283179 0.185238 0.0719883 0.0326398
0.00919679 2.01002 2.29146 1.72857 0.855986 1.04063 0.671341 1.89676 0.281444 0.184645 0.0717687 0.0322344
0.00945709 1.99398 2.27367 1.71429 0.84978 1.03383 0.665732 1.86905 0.279692 0.184048 0.0715486 0.0318328
0.00972476 1.97802 2.25595 1.7001 0.843609 1.02705 0.660163 1.84164 0.277922 0.183446 0.0713279 0.0314351
0.01 1.96215 2.23828 1.68601 0.837473 1.02031 0.654634 1.81452 0.276134 0.18284 0.0711063 0.0310411
0.010283 1.94635 2.22068 1.67202 0.831372 1.0136 0.649144 1.7877 0.274327 0.182229 0.0708836 0.0306509
0.0105741 1.93063 2.20314 1.65813 0.825306 1.00692 0.643693 1.76116 0.272501 0.181613 0.0706596 0.0302644
0.0108734 1.915 2.18565 1.64434 0.819274 1.00027 0.638282 1.73491 0.270657 0.180992 0.0704341 0.0298816
0.0111811 1.89944 2.16823 1.63064 0.813276 0.993641 0.63291 1.70895 0.268793 0.180365 0.0702068 0.0295024
0.0114976 1.88395 2.15086 1.61704 0.807311 0.987044 0.627577 1.68327 0.26691 0.179733 0.0699776 0.0291269
0.011823 1.86855 2.13356 1.60354 0.801379 0.980474 0.622283 1.65788 0.265008 0.179096 0.0697462 0.028755
0.0121576 1.85322 2.1163 1.59013 0.795479 0.973931 0.617027 1.63276 0.263085 0.178452 0.0695123 0.0283866
0.0125017 1.83797 2.09911 1.57682 0.789612 0.967414 0.61181 1.60792 0.261143 0.177802 0.0692757 0.0280218
0.0128556 1.82279 2.08197 1.56361 0.783776 0.960921 0.60663 1.58336 0.25918 0.177146 0.0690362 0.0276606
0.0132194 1.80768 2.06488 1.55048 0.777971 0.954454 0.601489 1.55907 0.257197 0.176482 0.0687935 0.0273028
0.0135936 1.79265 2.04785 1.53746 0.772198 0.948011 0.596386 1.53506 0.255194 0.175812 0.0685474 0.0269484
0.0139783 1.77769 2.03086 1.52452 0.766456 0.941591 0.59132 1.51132 0.25317 0.175135 0.0682977 0.0265975
0.0143739 1.76281 2.01393 1.51168 0.760743 0.935194 0.586292 1.48784 0.251125 0.174451 0.0680441 0.02625
0.0147808 1.748 1.99706 1.49894 0.75506 0.928819 0.581302 1.46463 0.249059 0.173759 0.0677864 0.0259059
0.0151991 1.73326 1.98023 1.48629 0.749407 0.922466 0.576348 1.44169 0.246973 0.173059 0.0675242 0.0255651
0.0156293 1.71859 1.96345 1.47372 0.743782 0.916133 0.571432 1.41901 0.244865 0.172351 0.0672574 0.0252275
0.0160717 1.70399 1.94673 1.46126 0.738186 0.909821 0.566552 1.39659 0.242735 0.171634 0.0669857 0.0248933
0.0165265 1.68946 1.93005 1.44888 0.732618 0.903528 0.561709 1.37444 0.240585 0.17091 0.0667089 0.0245623
0.0169943 1.67501 1.91342 1.43659 0.727078 0.897253 0.556902 1.35254 0.238413 0.170176 0.0664267 0.0242345
0.0174753 1.66062 1.89684 1.4244 0.721564 0.890997 0.552131 1.33089 0.23622 0.169433 0.0661388 0.0239099
0.0179699 1.6463 1.8803 1.41229 0.716078 0.884759 0.547397 1.3095 0.234005 0.168681 0.0658451 0.0235884
0.0184785 1.63205 1.86382 1.40028 0.710618 0.878537 0.542699 1.28836 0.231769 0.167919 0.0655452 0.0232701
0.0190015 1.61786 1.84738 1.38835 0.705183 0.872331 0.538036 1.26748 0.229512 0.167148 0.0652389 0.0229548
0.0195393 1.60375 1.83098 1.37652 0.699774 0.86614 0.533408 1.24684 0.227233 0.166366 0.0649259 0.0226426
0.0200923 1.5897 1.81464 1.36477 0.69439 0.859964 0.528816 1.22645 0.224933 0.165574 0.0646061 0.0223335
0.020661 1.57572 1.79834 1.35311 0.68903 0.853802 0.524259 1.2063 0.222612 0.164771 0.0642791 0.0220273
0.0212458 1.56181 1.78208 1.34154 0.683694 0.847652 0.519736 1.1864 0.22027 0.163958 0.0639448 0.021724
0.0218471 1.54797 1.76587 1.33006 0.678382 0.841515 0.515248 1.16674 0.217907 0.163133 0.0636028 0.0214237
0.0224655 1.53419 1.74971 1.31866 0.673093 0.83539 0.510795 1.14731 0.215523 0.162297 0.063253 0.0211263
0.0231013 1.52047 1.73359 1.30735 0.667826 0.829275 0.506376 1.12813 0.213119 0.16145 0.0628952 0.0208318
0.0237551 1.50683 1.71752 1.29613 0.662581 0.823171 0.501991 1.10918 0.210694 0.16059 0.0625291 0.0205401
0.0244275 1.49324 1.70149 1.28499 0.657357 0.817076 0.497639 1.09047 0.208249 0.159718 0.0621544 0.0202511
0.0251189 1.47973 1.68551 1.27394 0.652155 0.810989 0.493321 1.07199 0.205784 0.158834 0.061771 0.019965
0.0258298 1.46628 1.66958 1.26298 0.646973 0.80491 0.489036 1.05373 0.2033 0.157937 0.0613787 0.0196816
0.0265609 1.45289 1.65369 1.2521 0.641811 0.798838 0.484784 1.03571 0.200796 0.157027 0.0609773 0.0194009
0.0273126 1.43957 1.63784 1.2413 0.636668 0.792772 0.480564 1.01792 0.198273 0.156104 0.0605665 0.0191228
0.0280857 1.42632 1.62205 1.23058 0.631544 0.786711 0.476377 1.00035 0.195732 0.155167 0.0601463 0.0188474
0.0288806 1.41313 1.6063 1.21995 0.626439 0.780655 0.472222 0.982997 0.193173 0.154217 0.0597163 0.0185746
0.029698 1.4 1.5906 1.2094 0.621351 0.774603 0.468098 0.965871 0.190596 0.153252 0.0592766 0.0183044
0.0305386 1.38694 1.57494 1.19894 0.61628 0.768554 0.464007 0.948963 0.188002 0.152274 0.0588268 0.0180367
0.0314029 1.37394 1.55934 1.18855 0.611226 0.762506 0.459946 0.932273 0.185392 0.15128 0.0583669 0.0177716
0.0322917 1.36101 1.54378 1.17825 0.606188 0.75646 0.455916 0.915798 0.182765 0.150272 0.0578967 0.0175089
0.0332057 1.34815 1.52827 1.16802 0.601166 0.750414 0.451917 0.899538 0.180123 0.149249 0.0574161 0.0172486
0.0341455 1.33535 1.51281 1.15788 0.596158 0.744368 0.447947 0.883489 0.177465 0.148211 0.0569249 0.0169908
0.0351119 1.32261 1.4974 1.14782 0.591164 0.738321 0.444008 0.867649 0.174794 0.147157 0.0564232 0.0167354
0.0361057 1.30994 1.48205 1.13783 0.586184 0.732271 0.440097 0.852018 0.172109 0.146087 0.0559108 0.0164823
0.0371276 1.29733 1.46674 1.12792 0.581217 0.726218 0.436216 0.836593 0.169411 0.145001 0.0553877 0.0162316
0.0381784 1.28479 1.45149 1.11809 0.576263 0.720162 0.432364 0.821372 0.1667 0.143899 0.0548537 0.0159831
0.039259 1.27232 1.4363 1.10834 0.571319 0.7141 0.428539 0.806352 0.163979 0.142781 0.0543089 0.0157369
0.0403702 1.25991 1.42116 1.09866 0.566388 0.708033 0.424742 0.791533 0.161247 0.141646 0.0537532 0.0154929
0.0415128 1.24757 1.40607 1.08906 0.561466 0.701959 0.420972 0.776913 0.158505 0.140494 0.0531867 0.0152511
0.0426877 1.23529 1.39104 1.07953 0.556554 0.695878 0.417229 0.762488 0.155755 0.139325 0.0526094 0.0150115
0.0438959 1.22308 1.37607 1.07008 0.551651 0.689789 0.413512 0.748258 0.152997 0.138138 0.0520212 0.0147741
0.0451383 1.21093 1.36116 1.0607 0.546756 0.68369 0.409821 0.73422 0.150232 0.136935 0.0514222 0.0145387
0.0464159 1.19885 1.34631 1.05139 0.541868 0.677582 0.406155 0.720373 0.147461 0.135713 0.0508126 0.0143054
0.0477296 1.18684 1.33153 1.04216 0.536987 0.671462 0.402513 0.706714 0.144685 0.134474 0.0501924 0.0140742
0.0490805 1.1749 1.3168 1.03299 0.532113 0.66533 0.398895 0.693241 0.141905 0.133217 0.0495617 0.013845
0.0504697 1.16302 1.30214 1.02389 0.527243 0.659185 0.3953 0.679952 0.139123 0.131942 0.0489206 0.0136178
0.0518981 1.15121 1.28755 1.01487 0.522377 0.653027 0.391728 0.666846 0.13634 0.130649 0.0482694 0.0133926
0.053367 1.13946 1.27302 1.00591 0.517516 0.646854 0.388178 0.65392 0.133556 0.129338 0.0476081 0.0131693
0.0548775 1.12779 1.25856 0.997014 0.512657 0.640665 0.384649 0.641172 0.130772 0.128008 0.0469371 0.012948
0.0564307 1.11618 1.24417 0.988187 0.507799 0.634459 0.38114 0.6286 0.127991 0.12666 0.0462564 0.0127285
0.0580278 1.10464 1.22985 0.979423 0.502943 0.628236 0.37765 0.616202 0.125213 0.125293 0.0455664 0.0125109
0.0596702 1.09316 1.2156 0.970723 0.498087 0.621994 0.374179 0.603976 0.12244 0.123908 0.0448674 0.0122952
0.0613591 1.08176 1.20143 0.962085 0.49323 0.615733 0.370726 0.59192 0.119672 0.122504 0.0441595 0.0120812
0.0630957 1.07042 1.18733 0.953508 0.488371 0.609452 0.36729 0.580032 0.116911 0.121081 0.0434431 0.0118691
0.0648815 1.05915 1.17331 0.94499 0.483509 0.603149 0.363869 0.56831 0.114159 0.11964 0.0427187 0.0116587
0.0667179 1.04795 1.15936 0.936529 0.478644 0.596824 0.360464 0.556752 0.111417 0.11818 0.0419864 0.0114501
0.0686062 1.03681 1.1455 0.928125 0.473774 0.590475 0.357072 0.545355 0.108686 0.116702 0.0412467 0.0112432
0.070548 1.02574 1.13171 0.919775 0.468897 0.584102 0.353692 0.534118 0.105968 0.115205 0.0405001 0.011038
0.0725448 1.01474 1.118 0.911478 0.464014 0.577704 0.350324 0.523038 0.103263 0.11369 0.0397468 0.0108345
0.074598 1.00381 1.10438 0.903233 0.459123 0.57128 0.346966 0.512114 0.100574 0.112157 0.0389875 0.0106327
0.0767094 0.992938 1.09084 0.895037 0.454222 0.564828 0.343617 0.501342 0.0979014 0.110606 0.0382225 0.0104325
0.0788805 0.982135 1.07738 0.886888 0.449311 0.558348 0.340275 0.490723 0.0952471 0.109036 0.0374523 0.010234
0.0811131 0.971396 1.06401 0.878784 0.444389 0.551838 0.336939 0.480252 0.0926122 0.107449 0.0366774 0.0100371
0.0834088 0.960722 1.05072 0.870724 0.439453 0.545298 0.333608 0.469928 0.0899984 0.105845 0.0358984 0.00984176
0.0857696 0.950111 1.03752 0.862704 0.434503 0.538727 0.33028 0.45975 0.0874068 0.104224 0.0351159 0.00964806
0.0881971 0.939561 1.0244 0.854722 0.429538 0.532123 0.326953 0.449714 0.0848391 0.102585 0.0343303 0.00945594
0.0906934 0.929073 1.01137 0.846777 0.424556 0.525486 0.323625 0.439819 0.0822964 0.10093 0.0335422 0.00926539
0.0932603 0.918645 0.998425 0.838865 0.419555 0.518814 0.320295 0.430064 0.0797801 0.0992593 0.0327523 0.00907641
0.0958999 0.908275 0.985566 0.830983 0.414534 0.512107 0.316962 0.420445 0.0772917 0.0975725 0.0319611 0.00888898
0.0986142 0.897961 0.972793 0.823128 0.409492 0.505363 0.313622 0.410961 0.0748325 0.0958703 0.0311693 0.0087031
0.101405 0.887702 0.960105 0.815298 0.404427 0.498581 0.310274 0.401611 0.0724036 0.0941533 0.0303775 0.00851876
0.104275 0.877496 0.947502 0.807489 0.399338 0.49176 0.306916 0.392391 0.0700065 0.092422 0.0295863 0.00833596
0.107227 0.86734 0.934982 0.799698 0.394222 0.484899 0.303545 0.383301 0.0676423 0.0906769 0.0287964 0.0081547
0.110262 0.857232 0.922545 0.79192 0.389078 0.477997 0.300159 0.374337 0.0653124 0.0889186 0.0280084 0.00797497
0.113382 0.84717 0.910188 0.784152 0.383905 0.471052 0.296757 0.3655 0.0630177 0.0871478 0.027223 0.00779677
0.116591 0.83715 0.89791 0.776391 0.378699 0.464065 0.293334 0.356785 0.0607595 0.0853651 0.0264409 0.00762011
0.119891 0.82717 0.885708 0.768631 0.373461 0.457032 0.28989 0.348193 0.0585389 0.0835713 0.0256626 0.00744499
0.123285 0.817225 0.873582 0.760868 0.368187 0.449954 0.28642 0.33972 0.0563569 0.0817671 0.024889 0.00727142
0.126774 0.807312 0.861527 0.753098 0.362876 0.442829 0.282922 0.331366 0.0542144 0.0799534 0.0241205 0.0070994
0.130362 0.797428 0.84954 0.745315 0.357525 0.435656 0.279394 0.323129 0.0521126 0.0781309 0.023358 0.00692893
0.134052 0.787567 0.837619 0.737514 0.352133 0.428434 0.275833 0.315006 0.0500522 0.0763007 0.022602 0.00676004
0.137846 0.777725 0.825759 0.729691 0.346698 0.421161 0.272234 0.306997 0.048034 0.0744636 0.0218531 0.00659273
0.141747 0.767897 0.813956 0.721838 0.341217 0.413837 0.268596 0.2991 0.0460589 0.0726206 0.0211121 0.00642701
0.145759 0.758077 0.802205 0.713949 0.335688 0.406461 0.264915 0.291313 0.0441277 0.0707728 0.0203795 0.00626289
0.149885 0.74826 0.790501 0.70602 0.330109 0.39903 0.261187 0.283635 0.0422408 0.0689213 0.0196559 0.00610041
0.154127 0.73844 0.778839 0.698041 0.324477 0.391544 0.25741 0.276064 0.040399 0.0670672 0.0189419 0.00593956
0.158489 0.72861 0.767213 0.690008 0.318791 0.384003 0.25358 0.2686 0.0386027 0.0652116 0.0182381 0.00578037
0.162975 0.718764 0.755616 0.681911 0.313048 0.376404 0.249693 0.261241 0.0368525 0.0633558 0.017545 0.00562287
0.167588 0.708892 0.744041 0.673744 0.307247 0.368748 0.245746 0.253985 0.0351486 0.061501 0.0168632 0.00546706
0.172331 0.698989 0.732481 0.665497 0.301384 0.361032 0.241735 0.246833 0.0334915 0.0596486 0.0161932 0.00531298
0.177209 0.689045 0.720927 0.657164 0.295457 0.353257 0.237657 0.239781 0.0318814 0.0577999 0.0155354 0.00516066
0.182224 0.679052 0.709371 0.648734 0.289465 0.345422 0.233509 0.232831 0.0303185 0.0559563 0.0148903 0.0050101
0.187382 0.669 0.697803 0.640198 0.283406 0.337525 0.229287 0.22598 0.0288029 0.0541191 0.0142583 0.00486135
0.192685 0.658881 0.686215 0.631546 0.277277 0.329567 0.224987 0.219227 0.0273345 0.0522899 0.0136399 0.00471443
0.198139 0.648682 0.674596 0.622769 0.271077 0.321547 0.220606 0.212573 0.0259135 0.0504702 0.0130354 0.00456937
0.203747 0.638394 0.662934 0.613855 0.264803 0.313465 0.216142 0.206016 0.0245397 0.0486615 0.0124451 0.00442619
0.209514 0.628006 0.651219 0.604793 0.258456 0.305321 0.211591 0.199555 0.023213 0.0468652 0.0118694 0.00428493
0.215443 0.617505 0.639438 0.595572 0.252033 0.297116 0.20695 0.19319 0.0219331 0.0450831 0.0113085 0.0041456
0.221541 0.60688 0.62758 0.58618 0.245533 0.28885 0.202217 0.18692 0.0206997 0.0433167 0.0107627 0.00400825
0.227812 0.596117 0.61563 0.576605 0.238957 0.280524 0.197389 0.180745 0.0195124 0.0415676 0.0102322 0.0038729
0.234259 0.585203 0.603574 0.566832 0.232303 0.272141 0.192466 0.174664 0.0183709 0.0398375 0.00971711 0.00373957
0.24089 0.574124 0.591399 0.556849 0.225573 0.263701 0.187445 0.168678 0.0172747 0.038128 0.00921762 0.00360829
0.247708 0.562865 0.579088 0.546642 0.218766 0.255207 0.182325 0.162784 0.0162231 0.0364407 0.00873382 0.00347908
0.254719 0.551411 0.566626 0.536195 0.211884 0.246662 0.177107 0.156985 0.0152156 0.0347773 0.00826577 0.00335196
0.261928 0.539744 0.553995 0.525492 0.20493 0.238069 0.17179 0.151278 0.0142515 0.0331395 0.00781351 0.00322694
0.269341 0.527846 0.541176 0.514516 0.197905 0.229434 0.166376 0.145665 0.0133301 0.0315289 0.00737701 0.00310403
0.276965 0.515697 0.528147 0.503246 0.190814 0.220761 0.160867 0.140144 0.0124506 0.0299471 0.00695624 0.00298321
0.284804 0.503268 0.51488 0.491656 0.183659 0.212055 0.155264 0.134717 0.0116122 0.0283957 0.00655107 0.00286447
0.292864 0.490519 0.501333 0.479705 0.176446 0.203322 0.14957 0.129384 0.010814 0.0268763 0.00616138 0.00274773
0.301153 0.477365 0.48742 0.46731 0.169176 0.194566 0.143786 0.124146 0.0100551 0.0253904 0.00578689 0.00263285
0.309677 0.463443 0.472778 0.454109 0.161829 0.185768 0.137889 0.119006 0.00933428 0.0239397 0.00542713 0.0025194
0.318442 0.450816 0.459886 0.441746 0.156756 0.180155 0.133357 0.117091 0.00907012 0.0233988 0.00529341 0.00247535
0.321833 0.445949 0.454763 0.437135 0.154061 0.176929 0.131192 0.115208 0.00881393 0.0228689 0.00516318 0.00243202
0.325224 0.441095 0.44966 0.432529 0.151389 0.173739 0.12904 0.113357 0.00856541 0.0223496 0.00503632 0.0023894
0.328614 0.436253 0.444578 0.427929 0.148743 0.170584 0.126902 0.111538 0.00832432 0.0218409 0.00491273 0.00234748
0.332005 0.431424 0.439515 0.423334 0.146121 0.167463 0.124778 0.109748 0.0080904 0.0213423 0.00479232 0.00230624
0.335396 0.426607 0.434471 0.418744 0.143523 0.164377 0.122669 0.107988 0.0078634 0.0208539 0.00467499 0.00226567
0.338787 0.421803 0.429446 0.414159 0.140951 0.161326 0.120575 0.106256 0.00764311 0.0203753 0.00456065 0.00222574
0.342178 0.417009 0.424438 0.40958 0.138402 0.158309 0.118496 0.104553 0.00742928 0.0199064 0.00444921 0.00218645
0.345569 0.412227 0.419449 0.405005 0.135879 0.155326 0.116432 0.102877 0.00722171 0.019447 0.00434059 0.00214778
0.348959 0.407456 0.414476 0.400436 0.13338 0.152377 0.114383 0.101227 0.00702019 0.0189969 0.00423469 0.00210971
0.35235 0.402697 0.409521 0.395872 0.130906 0.149462 0.11235 0.099604 0.00682453 0.018556 0.00413145 0.00207224
0.355741 0.397948 0.404582 0.391313 0.128457 0.146581 0.110333 0.098006 0.00663452 0.0181241 0.00403079 0.00203535
0.359132 0.39321 0.39966 0.38676 0.126033 0.143734 0.108332 0.0964328 0.00644999 0.0177009 0.00393262 0.00199903
0.362523 0.388483 0.394753 0.382212 0.123633 0.14092 0.106347 0.0948839 0.00627075 0.0172864 0.00383689 0.00196326
0.365914 0.383766 0.389863 0.37767 0.121259 0.138139 0.104379 0.0933586 0.00609665 0.0168803 0.00374351 0.00192805
0.369305 0.379061 0.384988 0.373133 0.11891 0.135392 0.102427 0.0918564 0.0059275 0.0164826 0.00365242 0.00189336
0.372695 0.374366 0.380129 0.368603 0.116586 0.132679 0.100493 0.0903768 0.00576316 0.016093 0.00356356 0.0018592
0.376086 0.369683 0.375286 0.364079 0.114287 0.129998 0.0985753 0.0889192 0.00560347 0.0157114 0.00347686 0.00182556
0.379477 0.36501 0.370459 0.359562 0.112013 0.12735 0.0966752 0.0874833 0.00544828 0.0153376 0.00339227 0.00179241
0.382868 0.360349 0.365646 0.355051 0.109764 0.124736 0.0947928 0.0860685 0.00529745 0.0149716 0.00330971 0.00175976
0.386259 0.355699 0.36085 0.350548 0.107541 0.122154 0.0929282 0.0846743 0.00515085 0.0146131 0.00322915 0.0017276
0.38965 0.351061 0.356069 0.346052 0.105344 0.119605 0.0910816 0.0833004 0.00500833 0.0142619 0.00315051 0.00169591
0.39304 0.346434 0.351304 0.341564 0.103171 0.117089 0.0892532 0.0819462 0.00486979 0.0139181 0.00307375 0.00166468
0.396431 0.341819 0.346554 0.337084 0.101025 0.114606 0.0874432 0.0806113 0.00473508 0.0135814 0.00299882 0.00163392
0.399822 0.337217 0.341821 0.332613 0.0989034 0.112155 0.0856517 0.0792954 0.0046041 0.0132517 0.00292567 0.0016036
0.403213 0.332627 0.337103 0.32815 0.0968078 0.109737 0.083879 0.077998 0.00447673 0.0129288 0.00285424 0.00157373
0.406604 0.328049 0.332402 0.323696 0.094738 0.107351 0.0821253 0.0767188 0.00435286 0.0126127 0.0027845 0.00154429
0.409995 0.323485 0.327718 0.319253 0.0926939 0.104997 0.0803907 0.0754574 0.00423239 0.0123032 0.00271639 0.00151527
0.413385 0.318934 0.32305 0.314819 0.0906756 0.102676 0.0786754 0.0742134 0.0041152 0.0120001 0.00264987 0.00148668
0.416776 0.314397 0.318399 0.310396 0.088683 0.100386 0.0769796 0.0729865 0.0040012 0.0117034 0.0025849 0.00145849
0.420167 0.309875 0.313765 0.305984 0.0867164 0.0981294 0.0753033 0.0717763 0.0038903 0.011413 0.00252145 0.00143072
0.423558 0.305366 0.309149 0.301584 0.0847755 0.0959042 0.0736468 0.0705826 0.00378241 0.0111287 0.00245946 0.00140334
0.426949 0.300873 0.30455 0.297195 0.0828606 0.093711 0.0720103 0.0694049 0.00367742 0.0108504 0.0023989 0.00137636
0.43034 0.296395 0.29997 0.292819 0.0809716 0.0915496 0.0703936 0.0682431 0.00357527 0.010578 0.00233973 0.00134976
0.43373 0.291932 0.295408 0.288456 0.0791086 0.0894199 0.0687972 0.0670967 0.00347586 0.0103113 0.00228193 0.00132354
0.437121 0.287486 0.290865 0.284107 0.0772715 0.0873219 0.0672212 0.0659656 0.00337911 0.0100504 0.00222544 0.0012977
0.440512 0.283057 0.286342 0.279772 0.0754603 0.0852553 0.0656654 0.0648493 0.00328496 0.00979495 0.00217025 0.00127223
0.443903 0.278645 0.281838 0.275451 0.0736751 0.0832201 0.0641301 0.0637478 0.00319331 0.00954501 0.00211631 0.00124712
0.447294 0.27425 0.277354 0.271146 0.0719158 0.0812163 0.0626154 0.0626607 0.0031041 0.00930043 0.0020636 0.00122237
0.450685 0.269873 0.272891 0.266856 0.0701825 0.0792436 0.0611214 0.0615877 0.00301726 0.00906111 0.00201208 0.00119798
0.454075 0.265516 0.268448 0.262583 0.0684751 0.0773021 0.0596482 0.0605286 0.00293273 0.00882695 0.00196172 0.00117393
0.457466 0.261177 0.264027 0.258327 0.0667936 0.0753915 0.0581958 0.0594832 0.00285042 0.00859785 0.0019125 0.00115023
0.460857 0.256858 0.259628 0.254088 0.065138 0.0735117 0.0567643 0.0584512 0.0027703 0.00837371 0.00186439 0.00112687
0.464248 0.252559 0.255252 0.249867 0.0635082 0.0716626 0.0553538 0.0574325 0.00269228 0.00815444 0.00181736 0.00110384
0.467639 0.248282 0.250898 0.245665 0.0619042 0.0698441 0.0539642 0.0564268 0.00261631 0.00793996 0.00177138 0.00108115
0.47103 0.244025 0.246568 0.241483 0.0603259 0.068056 0.0525957 0.0554339 0.00254234 0.00773016 0.00172643 0.00105878
0.47442 0.239791 0.242261 0.237321 0.0587733 0.0662983 0.0512483 0.0544535 0.00247031 0.00752497 0.00168249 0.00103674
0.477811 0.235579 0.237979 0.233179 0.0572463 0.0645706 0.0499221 0.0534856 0.00240016 0.00732429 0.00163953 0.00101501
0.481202 0.23139 0.233722 0.229058 0.055745 0.062873 0.0486169 0.0525299 0.00233184 0.00712804 0.00159752 0.000993601
0.484593 0.227225 0.229491 0.22496 0.0542691 0.0612052 0.0473329 0.0515863 0.00226531 0.00693614 0.00155645 0.000972504
0.487984 0.223085 0.225285 0.220884 0.0528186 0.0595671 0.0460701 0.0506545 0.00220052 0.00674849 0.00151629 0.000951714
0.491375 0.218969 0.221106 0.216831 0.0513934 0.0579584 0.0448284 0.0497344 0.00213741 0.00656504 0.00147702 0.00093123
0.494765 0.214879 0.216955 0.212803 0.0499934 0.0563791 0.0436078 0.0488259 0.00207594 0.00638568 0.00143863 0.000911047
0.498156 0.210815 0.212831 0.208799 0.0486186 0.054829 0.0424082 0.0479287 0.00201607 0.00621035 0.00140109 0.000891162
0.501547 0.206778 0.208735 0.20482 0.0472688 0.0533078 0.0412298 0.0470428 0.00195776 0.00603897 0.00136438 0.000871573
0.504938 0.202768 0.204669 0.200867 0.0459438 0.0518153 0.0400724 0.0461679 0.00190095 0.00587147 0.00132848 0.000852275
0.508329 0.198786 0.200632 0.19694 0.0446437 0.0503515 0.0389359 0.045304 0.00184562 0.00570776 0.00129338 0.000833267
0.51172 0.194833 0.196625 0.193041 0.0433682 0.048916 0.0378204 0.0444509 0.00179173 0.00554779 0.00125905 0.000814544
0.51511 0.190909 0.192649 0.18917 0.0421172 0.0475086 0.0367257 0.0436085 0.00173923 0.00539147 0.00122549 0.000796105
0.518501 0.187015 0.188704 0.185327 0.0408905 0.0461293 0.0356518 0.0427766 0.00168809 0.00523874 0.00119267 0.000777947
0.521892 0.183152 0.18479 0.181514 0.0396881 0.0447776 0.0345986 0.0419551 0.00163828 0.00508953 0.00116058 0.000760067
0.525283 0.17932 0.18091 0.17773 0.0385098 0.0434535 0.033566 0.041144 0.00158976 0.00494378 0.0011292 0.000742461
0.528674 0.17552 0.177062 0.173977 0.0373553 0.0421567 0.0325539 0.040343 0.00154249 0.0048014 0.00109852 0.000725129
0.532065 0.171752 0.173248 0.170255 0.0362246 0.0408869 0.0315622 0.0395522 0.00149645 0.00466236 0.00106853 0.000708066
0.535455 0.168017 0.169469 0.166565 0.0351174 0.039644 0.0305908 0.0387713 0.0014516 0.00452656 0.0010392 0.000691272
0.538846 0.164316 0.165724 0.162908 0.0340336 0.0384276 0.0296396 0.0380002 0.00140792 0.00439397 0.00101052 0.000674743
0.542237 0.160649 0.162014 0.159283 0.032973 0.0372375 0.0287085 0.037239 0.00136537 0.00426451 0.000982484 0.000658476
0.545628 0.157017 0.158341 0.155693 0.0319354 0.0360735 0.0277973 0.0364874 0.00132393 0.00413812 0.000955076 0.000642471
0.549019 0.15342 0.154704 0.152136 0.0309206 0.0349354 0.0269059 0.0357455 0.00128356 0.00401475 0.000928282 0.000626724
0.55241 0.149859 0.151104 0.148615 0.0299284 0.0338227 0.0260341 0.035013 0.00124424 0.00389433 0.000902089 0.000611233
0.5558 0.146335 0.147541 0.14513 0.0289586 0.0327354 0.0251818 0.03429 0.00120595 0.00377681 0.000876487 0.000595996
0.559191 0.142849 0.144017 0.14168 0.0280109 0.0316731 0.0243488 0.0335763 0.00116866 0.00366214 0.000851462 0.000581011
0.562582 0.1394 0.140532 0.138267 0.0270852 0.0306355 0.023535 0.0328718 0.00113234 0.00355025 0.000827003 0.000566276
0.565973 0.135989 0.137086 0.134892 0.0261813 0.0296224 0.0227402 0.0321766 0.00109697 0.0034411 0.0008031 0.000551788
0.569364 0.132618 0.13368 0.131555 0.0252988 0.0286334 0.0219642 0.0314904 0.00106253 0.00333462 0.000779741 0.000537546
0.572755 0.129285 0.130314 0.128256 0.0244376 0.0276683 0.0212068 0.0308133 0.00102899 0.00323078 0.000756914 0.000523548
0.576146 0.125993 0.126989 0.124997 0.0235973 0.0267269 0.0204678 0.0301452 0.000996341 0.00312951 0.000734611 0.000509791
0.579536 0.122741 0.123706 0.121777 0.0227779 0.0258087 0.0197471 0.029486 0.00096455 0.00303077 0.000712821 0.000496273
0.582927 0.11953 0.120464 0.118597 0.021979 0.0249135 0.0190445 0.0288356 0.0009336 0.0029345 0.000691534 0.000482994
0.586318 0.116361 0.117264 0.115457 0.0212004 0.024041 0.0183597 0.028194 0.00090347 0.00284066 0.00067074 0.000469949
0.589709 0.113233 0.114107 0.112359 0.0204417 0.0231909 0.0176925 0.0275611 0.000874141 0.0027492 0.00065043 0.000457139
0.5931 0.110148 0.110994 0.109303 0.0197028 0.0223629 0.0170428 0.0269369 0.000845595 0.00266007 0.000630594 0.00044456
0.596491 0.107106 0.107924 0.106288 0.0189834 0.0215567 0.0164102 0.0263214 0.000817812 0.00257323 0.000611224 0.000432211
0.599881 0.104107 0.104898 0.103316 0.0182833 0.0207719 0.0157946 0.0257143 0.000790775 0.00248863 0.000592311 0.00042009
0.603272 0.101152 0.101916 0.100387 0.017602 0.0200082 0.0151958 0.0251158 0.000764465 0.00240622 0.000573847 0.000408195
0.606663 0.0982404 0.0989793 0.0975016 0.0169395 0.0192654 0.0146135 0.0245257 0.000738866 0.00232597 0.000555822 0.000396524
0.610054 0.0953736 0.0960876 0.0946597 0.0162953 0.0185431 0.0140475 0.0239441 0.000713962 0.00224782 0.000538229 0.000385075
0.613445 0.0925516 0.0932413 0.0918619 0.0156692 0.017841 0.0134975 0.0233708 0.000689735 0.00217174 0.00052106 0.000373847
0.616836 0.0897747 0.0904409 0.0891085 0.015061 0.0171587 0.0129633 0.0228058 0.000666171 0.00209768 0.000504306 0.000362837
0.620226 0.0870432 0.0876865 0.0864 0.0144703 0.0164959 0.0124447 0.0222491 0.000643253 0.0020256 0.000487961 0.000352043
0.623617 0.0843575 0.0849785 0.0837365 0.0138969 0.0158524 0.0119414 0.0217006 0.000620967 0.00195547 0.000472016 0.000341464
0.627008 0.0817178 0.0823171 0.0811185 0.0133405 0.0152277 0.0114532 0.0211603 0.000599299 0.00188724 0.000456465 0.000331097
0.630399 0.0791244 0.0797026 0.0785462 0.0128007 0.0146216 0.0109798 0.0206281 0.000578233 0.00182087 0.0004413 0.000320942
0.63379 0.0765775 0.0771352 0.0760197 0.0122773 0.0140336 0.010521 0.020104 0.000557756 0.00175632 0.000426513 0.000310995
0.637181 0.0740772 0.074615 0.0735393 0.01177 0.0134636 0.0100764 0.019588 0.000537855 0.00169357 0.000412099 0.000301255
0.640571 0.0716238 0.0721424 0.0711053 0.0112785 0.0129111 0.00964595 0.01908 0.000518516 0.00163256 0.00039805 0.00029172
0.643962 0.0692175 0.0697172 0.0687178 0.0108025 0.0123758 0.00922924 0.0185799 0.000499726 0.00157326 0.000384359 0.000282388
0.647353 0.0668584 0.0673398 0.0663769 0.0103417 0.0118574 0.00882607 0.0180878 0.000481473 0.00151565 0.00037102 0.000273257
0.650744 0.0645465 0.0650102 0.0640827 0.00989584 0.0113555 0.00843617 0.0176036 0.000463744 0.00145967 0.000358027 0.000264325
0.654135 0.062282 0.0627285 0.0618354 0.00946457 0.0108699 0.00805927 0.0171273 0.000446528 0.0014053 0.000345373 0.000255591
0.657526 0.0600649 0.0604948 0.0596351 0.00904762 0.0104001 0.00769512 0.0166588 0.000429812 0.0013525 0.000333052 0.000247051
0.660916 0.0578954 0.0583089 0.0574818 0.00864469 0.00994593 0.00734344 0.016198 0.000413586 0.00130124 0.000321058 0.000238705
0.664307 0.0557732 0.056171 0.0553753 0.00825547 0.00950696 0.00700398 0.015745 0.000397837 0.00125149 0.000309384 0.000230551
0.667698 0.0536985 0.0540811 0.053316 0.00787969 0.0090829 0.00667648 0.0152997 0.000382556 0.00120321 0.000298026 0.000222585
0.671089 0.0516713 0.0520391 0.0513036 0.00751704 0.00867341 0.00636066 0.0148621 0.000367731 0.00115637 0.000286976 0.000214806
0.67448 0.0496914 0.0500447 0.049338 0.00716722 0.00827816 0.00605627 0.0144321 0.000353351 0.00111094 0.00027623 0.000207213
0.677871 0.0477588 0.0480982 0.0474194 0.00682994 0.00789683 0.00576305 0.0140098 0.000339407 0.00106689 0.000265782 0.000199803
0.681261 0.0458732 0.0461991 0.0455473 0.00650491 0.0075291 0.00548072 0.0135949 0.000325889 0.00102419 0.000255626 0.000192574
0.684652 0.0440347 0.0443475 0.0437219 0.00619185 0.00717465 0.00520904 0.0131876 0.000312786 0.000982807 0.000245756 0.000185523
0.688043 0.0422429 0.042543 0.0419428 0.00589045 0.00683316 0.00494774 0.0127878 0.00030009 0.000942712 0.000236168 0.00017865
0.691434 0.0404977 0.0407855 0.0402099 0.00560043 0.0065043 0.00469655 0.0123954 0.00028779 0.000903875 0.000226855 0.000171951
0.694825 0.0387988 0.0390747 0.0385229 0.0053215 0.00618777 0.00445523 0.0120104 0.000275878 0.00086627 0.000217813 0.000165425
0.698216 0.0371461 0.0374104 0.0368817 0.00505339 0.00588325 0.00422352 0.0116328 0.000264344 0.000829867 0.000209037 0.000159069
0.701606 0.0355391 0.0357923 0.035286 0.0047958 0.00559044 0.00400116 0.0112625 0.000253179 0.000794639 0.000200521 0.000152882
0.704997 0.0339776 0.03422 0.0337352 0.00454846 0.00530902 0.0037879 0.0108995 0.000242376 0.000760559 0.00019226 0.000146861
0.708388 0.0324613 0.0326932 0.0322294 0.0043111 0.0050387 0.0035835 0.0105437 0.000231925 0.0007276 0.000184249 0.000141003
0.711779 0.0309897 0.0312115 0.0307679 0.00408343 0.00477917 0.00338769 0.0101951 0.000221817 0.000695736 0.000176484 0.000135308
0.71517 0.0295626 0.0297746 0.0293505 0.00386519 0.00453013 0.00320025 0.00985364 0.000212046 0.000664941 0.00016896 0.000129772
0.718561 0.0281793 0.028382 0.0279767 0.00365611 0.0042913 0.00302092 0.00951931 0.000202603 0.000635189 0.000161671 0.000124393
0.721951 0.0268397 0.0270331 0.0266462 0.00345592 0.00406238 0.00284947 0.00919204 0.000193479 0.000606456 0.000154613 0.000119169
0.725342 0.025543 0.0257277 0.0253584 0.00326436 0.00384308 0.00268565 0.0088718 0.000184668 0.000578716 0.000147782 0.000114098
0.728733 0.024289 0.0244651 0.0241128 0.00308117 0.00363312 0.00252923 0.00855853 0.000176161 0.000551945 0.000141172 0.000109178
0.732124 0.0230769 0.0232449 0.022909 0.0029061 0.00343221 0.00237998 0.00825218 0.000167952 0.000526119 0.000134779 0.000104406
0.735515 0.0219064 0.0220664 0.0217464 0.00273888 0.0032401 0.00223767 0.00795272 0.000160032 0.000501216 0.000128598 9.97793e-05
0.738906 0.0207768 0.0209292 0.0206244 0.00257928 0.00305649 0.00210207 0.00766008 0.000152396 0.000477211 0.000122626 9.52966e-05
0.742296 0.0196875 0.0198326 0.0195425 0.00242704 0.00288113 0.00197296 0.00737423 0.000145035 0.000454082 0.000116857 9.09553e-05
0.745687 0.018638 0.018776 0.0185001 0.00228193 0.00271374 0.00185013 0.0070951 0.000137942 0.000431807 0.000111287 8.67529e-05
0.749078 0.0176276 0.0177587 0.0174965 0.00214371 0.00255408 0.00173335 0.00682265 0.000131112 0.000410364 0.000105912 8.26872e-05
0.752469 0.0166557 0.0167802 0.0165311 0.00201214 0.00240188 0.00162241 0.00655683 0.000124537 0.00038973 0.000100728 7.87557e-05
0.75586 0.0157215 0.0158397 0.0156033 0.001887 0.00225689 0.00151712 0.00629757 0.00011821 0.000369886 9.57295e-05 7.49562e-05
0.759251 0.0148245 0.0149366 0.0147124 0.00176806 0.00211887 0.00141725 0.00604483 0.000112126 0.000350809 9.09134e-05 7.12862e-05
0.762641 0.0139639 0.0140702 0.0138576 0.00165509 0.00198757 0.00132261 0.00579855 0.000106278 0.000332479 8.62751e-05 6.77434e-05
0.766032 0.0131389 0.0132396 0.0130383 0.00154789 0.00186276 0.00123301 0.00555868 0.000100659 0.000314877 8.18105e-05 6.43254e-05
0.769423 0.0123489 0.0124442 0.0122537 0.00144623 0.00174421 0.00114824 0.00532514 9.52636e-05 0.000297981 7.75156e-05 6.10299e-05
0.772814 0.0115931 0.0116832 0.0115031 0.00134991 0.00163168 0.00106813 0.00509789 9.00858e-05 0.000281773 7.33863e-05 5.78543e-05
0.776205 0.0108708 0.0109559 0.0107857 0.00125872 0.00152495 0.000992485 0.00487686 8.51195e-05 0.000266233 6.94185e-05 5.47963e-05
0.779596 0.0101811 0.0102614 0.0101007 0.00117247 0.00142381 0.000921123 0.004662 8.03588e-05 0.000251342 6.56084e-05 5.18536e-05
0.782986 0.00952324 0.00959904 0.00944744 0.00109095 0.00132803 0.000853867 0.00445323 7.57982e-05 0.000237083 6.19519e-05 4.90236e-05
0.786377 0.00889648 0.00896791 0.00882505 0.00101398 0.00123742 0.000790547 0.00425049 7.14318e-05 0.000223435 5.84453e-05 4.63041e-05
0.789768 0.00829997 0.00836723 0.00823272 0.000941374 0.00115176 0.000730992 0.00405373 6.72542e-05 0.000210382 5.50846e-05 4.36925e-05
0.793159 0.00773291 0.00779617 0.00766965 0.000872943 0.00107085 0.000675037 0.00386286 6.32598e-05 0.000197905 5.18661e-05 4.11864e-05
0.79655 0.00719446 0.00725391 0.00713502 0.000808513 0.000994501 0.000622525 0.00367783 5.94434e-05 0.000185988 4.87859e-05 3.87836e-05
0.799941 0.00668381 0.00673961 0.00662801 0.000747909 0.000922523 0.000573296 0.00349855 5.57996e-05 0.000174614 4.58404e-05 3.64814e-05
0.803332 0.00620012 0.00625244 0.00614779 0.000690964 0.000854729 0.0005272 0.00332498 5.23232e-05 0.000163764 4.30258e-05 3.42776e-05
0.806722 0.00574254 0.00579155 0.00569353 0.000637514 0.000790938 0.00048409 0.00315702 4.90091e-05 0.000153424 4.03386e-05 3.21697e-05
0.810113 0.00531024 0.00535609 0.00526439 0.000587397 0.000730973 0.00044382 0.00299461 4.58523e-05 0.000143577 3.7775e-05 3.01553e-05
0.813504 0.00490237 0.00494522 0.00485953 0.000540458 0.000674665 0.000406252 0.00283767 4.28478e-05 0.000134206 3.53315e-05 2.8232e-05
0.816895 0.00451811 0.0045581 0.00447812 0.000496549 0.000621846 0.000371252 0.00268614 3.99908e-05 0.000125297 3.30047e-05 2.63975e-05
0.820286 0.00415659 0.00419387 0.00411932 0.000455522 0.000572356 0.000338687 0.00253992 3.72765e-05 0.000116834 3.07909e-05 2.46493e-05
0.823677 0.00381699 0.00385169 0.00378229 0.000417234 0.000526037 0.000308432 0.00239895 3.47001e-05 0.000108802 2.86867e-05 2.2985e-05
0.827067 0.00349848 0.00353074 0.00346623 0.000381549 0.000482736 0.000280363 0.00226314 3.22572e-05 0.000101187 2.66888e-05 2.14024e-05
0.830458 0.00320023 0.00323017 0.00317029 0.000348334 0.000442307 0.000254362 0.00213242 2.9943e-05 9.39727e-05 2.47937e-05 1.98989e-05
0.833849 0.00292141 0.00294916 0.00289365 0.00031746 0.000404607 0.000230314 0.00200669 2.77532e-05 8.71462e-05 2.29982e-05 1.84724e-05
0.83724 0.00266119 0.00268688 0.00263551 0.000288802 0.000369495 0.000208109 0.00188589 2.56834e-05 8.06933e-05 2.12988e-05 1.71204e-05
0.840631 0.0024188 0.00244253 0.00239507 0.000262241 0.000336841 0.000187641 0.00176992 2.37291e-05 7.46002e-05 1.96924e-05 1.58406e-05
0.844022 0.0021934 0.00221529 0.00217152 0.00023766 0.000306514 0.000168807 0.00165871 2.18863e-05 6.88535e-05 1.81757e-05 1.46307e-05
0.847412 0.00198424 0.00200439 0.00196408 0.000214948 0.000278388 0.000151508 0.00155215 2.01507e-05 6.34402e-05 1.67457e-05 1.34884e-05
0.850803 0.00179051 0.00180903 0.001772 0.000193997 0.000252344 0.00013565 0.00145017 1.85183e-05 5.83472e-05 1.53991e-05 1.24115e-05
0.854194 0.00161148 0.00162846 0.00159449 0.000174704 0.000228266 0.000121142 0.00135268 1.6985e-05 5.35621e-05 1.41328e-05 1.13976e-05
0.857585 0.00144637 0.00146192 0.00143082 0.000156969 0.000206041 0.000107896 0.00125959 1.55469e-05 4.90723e-05 1.29439e-05 1.04446e-05
0.860976 0.00129446 0.00130866 0.00128026 0.000140696 0.000185562 9.58302e-05 0.00117081 1.42001e-05 4.48657e-05 1.18294e-05 9.55013e-06
0.864367 0.00115503 0.00116797 0.00114209 0.000125794 0.000166725 8.48636e-05 0.00108624 1.29408e-05 4.09305e-05 1.07862e-05 8.7121e-06
0.867757 0.00102737 0.00103914 0.0010156 0.000112175 0.000149431 7.49202e-05 0.00100579 1.17653e-05 3.72552e-05 9.8115e-06 7.9283e-06
0.871148 0.000910797 0.000921467 0.000900127 9.97555e-05 0.000133584 6.59274e-05 0.00092937 1.067e-05 3.38282e-05 8.90242e-06 7.19657e-06
0.874539 0.00080464 0.000814291 0.000794988 8.84543e-05 0.000119093 5.78158e-05 0.000856883 9.65133e-06 3.06385e-05 8.05614e-06 6.51477e-06
0.87793 0.000708249 0.000716955 0.000699544 7.81948e-05 0.00010587 5.05197e-05 0.000788234 8.70571e-06 2.76752e-05 7.2699e-06 5.8808e-06
0.881321 0.000620994 0.000628824 0.000613164 6.89039e-05 9.38316e-05 4.39762e-05 0.000723325 7.82976e-06 2.49277e-05 6.54098e-06 5.29256e-06
0.884712 0.000542262 0.000549282 0.000535242 6.05118e-05 8.28973e-05 3.81262e-05 0.000662058 7.0201e-06 2.23856e-05 5.8667e-06 4.74802e-06
0.888102 0.000471463 0.000477737 0.00046519 5.29521e-05 7.29908e-05 3.29134e-05 0.000604334 6.27348e-06 2.00387e-05 5.24444e-06 4.24514e-06
0.891493 0.000408027 0.000413614 0.00040244 4.61618e-05 6.4039e-05 2.82845e-05 0.000550054 5.58667e-06 1.78772e-05 4.67163e-06 3.78193e-06
0.894884 0.000351405 0.000356362 0.000346449 4.00811e-05 5.59726e-05 2.41896e-05 0.000499116 4.95655e-06 1.58915e-05 4.14575e-06 3.35642e-06
0.898275 0.00030107 0.00030545 0.00029669 3.46533e-05 4.87254e-05 2.05813e-05 0.000451421 4.38006e-06 1.40721e-05 3.66433e-06 2.96668e-06
0.901666 0.000256518 0.000260372 0.000252664 2.9825e-05 4.22347e-05 1.74152e-05 0.000406864 3.8542e-06 1.24098e-05 3.22494e-06 2.61081e-06
0.905057 0.000217267 0.000220643 0.000213891 2.55454e-05 3.64411e-05 1.46497e-05 0.000365345 3.37607e-06 1.08957e-05 2.82522e-06 2.28695e-06
0.908447 0.000182856 0.000185799 0.000179913 2.1767e-05 3.12881e-05 1.22459e-05 0.000326757 2.94283e-06 9.52109e-06 2.46286e-06 1.99327e-06
0.911838 0.000152849 0.0001554 0.000150297 1.84449e-05 2.67224e-05 1.01673e-05 0.000290999 2.55172e-06 8.27757e-06 2.1356e-06 1.72797e-06
0.915229 0.000126831 0.000129031 0.000124631 1.55369e-05 2.26938e-05 8.38e-06 0.000257963 2.20005e-06 7.1569e-06 1.84124e-06 1.48931e-06
0.91862 0.000104412 0.000106297 0.000102527 1.30037e-05 1.91547e-05 6.85256e-06 0.000227545 1.88521e-06 6.1511e-06 1.57762e-06 1.27557e-06
0.922011 8.52228e-05 8.68275e-05 8.36181e-05 1.08082e-05 1.60607e-05 5.55581e-06 0.000199639 1.60466e-06 5.25242e-06 1.34267e-06 1.08507e-06
0.925402 6.89176e-05 7.02736e-05 6.75617e-05 8.91622e-06 1.33696e-05 4.46284e-06 0.000174138 1.35595e-06 4.45338e-06 1.13435e-06 9.16198e-07
0.928792 5.51732e-05 5.63099e-05 5.40365e-05 7.2956e-06 1.10423e-05 3.5489e-06 0.000150935 1.13669e-06 3.7467e-06 9.50694e-07 7.67352e-07
0.932183 4.36886e-05 4.46332e-05 4.2744e-05 5.91664e-06 9.042e-06 2.79128e-06 0.000129922 9.44597e-07 3.12536e-06 7.89785e-07 6.36995e-07
0.935574 3.41847e-05 3.49621e-05 3.34073e-05 4.75187e-06 7.33445e-06 2.16928e-06 0.000110992 7.77432e-07 2.58259e-06 6.49776e-07 5.23631e-07
0.938965 2.64042e-05 2.70372e-05 2.57711e-05 3.7759e-06 5.88773e-06 1.66407e-06 9.4037e-05 6.33059e-07 2.11183e-06 5.28883e-07 4.25811e-07
0.942356 2.01109e-05 2.06203e-05 1.96015e-05 2.96542e-06 4.67221e-06 1.25863e-06 7.8948e-05 5.09413e-07 1.70679e-06 4.25381e-07 3.42136e-07
0.945747 1.50894e-05 1.54939e-05 1.46848e-05 2.29907e-06 3.66048e-06 9.37657e-07 6.56173e-05 4.04516e-07 1.36141e-06 3.37615e-07 2.71258e-07
0.949137 1.11444e-05 1.14608e-05 1.08279e-05 1.75736e-06 2.82724e-06 6.87481e-07 5.39366e-05 3.16471e-07 1.06988e-06 2.63994e-07 2.11879e-07
0.952528 8.10029e-06 8.34376e-06 7.85683e-06 1.3226e-06 2.14923e-06 4.95973e-07 4.3798e-05 2.43464e-07 8.26631e-07 2.02997e-07 1.62759e-07
0.955919 5.80056e-06 5.98433e-06 5.6168e-06 9.78812e-07 1.60516e-06 3.5246e-07 3.50941e-05 1.83768e-07 6.26352e-07 1.5317e-07 1.22708e-07
0.95931 4.10698e-06 4.24273e-06 3.97124e-06 7.11628e-07 1.17561e-06 2.47647e-07 2.77179e-05 1.35742e-07 4.63981e-07 1.13134e-07 9.05971e-08
0.962701 2.89904e-06 2.99688e-06 2.80121e-06 5.08244e-07 8.42955e-07 1.73533e-07 2.1564e-05 9.78342e-08 3.34711e-07 8.15792e-08 6.5355e-08
0.966092 2.0733e-06 2.14188e-06 2.00471e-06 3.57334e-07 5.91334e-07 1.23334e-07 1.65285e-05 6.85833e-08 2.34e-07 5.72739e-08 4.59716e-08
0.969482 1.54284e-06 1.58946e-06 1.49622e-06 2.48991e-07 4.06561e-07 9.14211e-08 1.25106e-05 4.66202e-08 1.5757e-07 3.90624e-08 3.14998e-08
0.972873 1.23707e-06 1.26774e-06 1.2064e-06 1.7469e-07 2.76107e-07 7.32735e-08 9.41452e-06 3.06701e-08 1.01417e-07 2.58685e-08 2.10578e-08
0.976264 1.10219e-06 1.12174e-06 1.08263e-06 1.27298e-07 1.89115e-07 6.54807e-08 7.15406e-06 1.95554e-08 6.18173e-08 1.66975e-08 1.38306e-08
0.979655 1.10369e-06 1.11589e-06 1.09149e-06 1.0121e-07 1.36548e-07 6.58718e-08 5.66233e-06 1.21971e-08 3.5338e-08 1.06379e-08 9.07181e-09
0.983046 1.23551e-06 1.24312e-06 1.22789e-06 9.289e-08 1.11736e-07 7.40438e-08 4.91945e-06 7.61495e-09 1.88462e-08 6.86103e-09 6.10272e-09
0.986437 1.55736e-06 1.56228e-06 1.55245e-06 1.03116e-07 1.12636e-07 9.35968e-08 5.05076e-06 4.91953e-09 9.51949e-09 4.61192e-09 4.3021e-09
0.989827 2.459e-06 2.46225e-06 2.45574e-06 1.52892e-07 1.57731e-07 1.48053e-07 6.8886e-06 3.25388e-09 4.83893e-09 3.14831e-09 3.04183e-09
0.993218 1.15754e-05 1.15757e-05 1.1575e-05 7.00848e-07 7.03854e-07 6.97841e-07 4.0182e-05 3.54009e-10 3.00659e-09 1.77871e-10 2.11758e-22
4.01075e-314 inf inf inf inf inf inf 0.000220809 12.32 0.496723 0.310901 0.178248
