9.72476e-05 3.79019 4.12065 3.45973 1.37638 1.57594 1.17681 8.53106 0.330462 0.199568 0.124484 0.116387
0.0001 3.76721 4.09692 3.43751 1.36802 1.56686 1.16919 8.45183 0.329706 0.198835 0.123596 0.115412
0.00010283 3.74453 4.07348 3.41557 1.35977 1.55788 1.16167 8.3732 0.328955 0.198108 0.122716 0.114443
0.000105741 3.72263 4.05084 3.39442 1.3518 1.54919 1.15442 8.29515 0.32821 0.197387 0.121842 0.11348
0.000108734 3.69958 4.02705 3.37211 1.34343 1.54011 1.14676 8.21769 0.327471 0.196673 0.120976 0.112523
0.000111811 3.67665 4.00339 3.34991 1.33512 1.53108 1.13915 8.14081 0.326737 0.195966 0.120116 0.111572
0.000114976 3.65384 3.97985 3.32783 1.32684 1.52211 1.13158 8.06451 0.326009 0.195265 0.119263 0.110627
0.00011823 3.63116 3.95645 3.30588 1.31862 1.51319 1.12405 7.98878 0.325286 0.194571 0.118417 0.109687
0.000121576 3.60861 3.93318 3.28404 1.31044 1.50433 1.11656 7.91361 0.324569 0.193884 0.117578 0.108754
0.000125017 3.58617 3.91003 3.26232 1.30231 1.49551 1.10911 7.83902 0.323857 0.193202 0.116746 0.107827
0.000128556 3.56386 3.88701 3.24071 1.29423 1.48676 1.1017 7.76499 0.32315 0.192527 0.115921 0.106905
0.000132194 3.54167 3.86412 3.21923 1.28619 1.47805 1.09433 7.69151 0.322449 0.191859 0.115102 0.10599
0.000135936 3.51961 3.84136 3.19786 1.2782 1.4694 1.08701 7.61859 0.321752 0.191197 0.11429 0.10508
0.000139783 3.49766 3.81872 3.1766 1.27026 1.4608 1.07972 7.54622 0.321061 0.190541 0.113485 0.104176
0.000143739 3.47584 3.79621 3.15546 1.26236 1.45225 1.07247 7.4744 0.320375 0.189892 0.112687 0.103278
0.000147808 3.45413 3.77382 3.13443 1.25451 1.44376 1.06526 7.40313 0.319695 0.189248 0.111895 0.102385
0.000151991 3.43254 3.75156 3.11352 1.2467 1.43532 1.05809 7.33239 0.319019 0.188611 0.111111 0.101498
0.000156293 3.41107 3.72942 3.09272 1.23894 1.42692 1.05096 7.26219 0.318348 0.18798 0.110332 0.100617
0.000160717 3.38972 3.70741 3.07204 1.23123 1.41858 1.04387 7.19253 0.317682 0.187355 0.109561 0.0997409
0.000165265 3.36849 3.68551 3.05147 1.22356 1.41029 1.03682 7.1234 0.317021 0.186737 0.108796 0.0988707
0.000169943 3.34737 3.66374 3.03101 1.21593 1.40206 1.02981 7.05479 0.316365 0.186124 0.108037 0.0980062
0.000174753 3.32637 3.64209 3.01066 1.20835 1.39387 1.02283 6.98671 0.315714 0.185518 0.107286 0.0971472
0.000179699 3.30549 3.62055 2.99042 1.20081 1.38573 1.0159 6.91915 0.315067 0.184917 0.10654 0.0962936
0.000184785 3.28472 3.59915 2.9703 1.19332 1.37765 1.009 6.8521 0.314425 0.184323 0.105802 0.0954456
0.000190015 3.26407 3.57785 2.95028 1.18587 1.36961 1.00214 6.78558 0.313787 0.183734 0.10507 0.0946029
0.000195393 3.24353 3.55668 2.93037 1.17847 1.36162 0.995318 6.71955 0.313155 0.183152 0.104344 0.0937657
0.000200923 3.2231 3.53563 2.91058 1.17111 1.35368 0.988533 6.65404 0.312526 0.182575 0.103625 0.092934
0.00020661 3.20279 3.51469 2.89089 1.16379 1.3458 0.981786 6.58903 0.311902 0.182004 0.102912 0.0921075
0.000212458 3.18259 3.49387 2.87131 1.15652 1.33796 0.975076 6.52453 0.311283 0.181439 0.102206 0.0912864
0.000218471 3.1625 3.47317 2.85183 1.14928 1.33017 0.968405 6.46051 0.310668 0.18088 0.101506 0.0904707
0.000224655 3.14253 3.45258 2.83247 1.1421 1.32242 0.961769 6.397 0.310057 0.180327 0.100813 0.0896603
0.000231013 3.12266 3.43211 2.81321 1.13495 1.31473 0.95517 6.33397 0.30945 0.179779 0.100126 0.088855
0.000237551 3.10291 3.41175 2.79406 1.12785 1.30708 0.948609 6.27143 0.308848 0.179237 0.0994455 0.0880551
0.000244275 3.08326 3.39151 2.77501 1.12078 1.29949 0.942084 6.20938 0.308249 0.178701 0.0987713 0.0872603
0.000251189 3.06372 3.37138 2.75607 1.11377 1.29194 0.935595 6.14781 0.307655 0.178171 0.0981034 0.0864707
0.000258298 3.0443 3.35136 2.73723 1.10679 1.28443 0.929142 6.08671 0.307064 0.177646 0.0974419 0.0856863
0.000265609 3.02498 3.33146 2.7185 1.09985 1.27698 0.922725 6.0261 0.306478 0.177126 0.0967867 0.084907
0.000273126 3.00577 3.31166 2.69987 1.09296 1.26957 0.916344 5.96595 0.305896 0.176612 0.0961378 0.0841328
0.000280857 2.98666 3.29198 2.68135 1.0861 1.26221 0.909999 5.90627 0.305317 0.176104 0.0954952 0.0833638
0.000288806 2.96767 3.27241 2.66293 1.07929 1.25489 0.90369 5.84706 0.304742 0.175601 0.0948589 0.0825998
0.00029698 2.94878 3.25295 2.64461 1.07252 1.24762 0.897415 5.78831 0.304171 0.175104 0.0942287 0.0818408
0.000305386 2.92999 3.2336 2.62639 1.06579 1.2404 0.891176 5.73002 0.303603 0.174612 0.0936049 0.0810869
0.000314029 2.91131 3.21435 2.60827 1.0591 1.23322 0.884972 5.67219 0.303039 0.174125 0.0929872 0.0803379
0.000322917 2.89274 3.19521 2.59026 1.05245 1.22609 0.878803 5.61482 0.302478 0.173644 0.0923757 0.0795939
0.000332057 2.87426 3.17619 2.57234 1.04584 1.219 0.872669 5.55789 0.301921 0.173168 0.0917704 0.0788548
0.000341455 2.8559 3.15726 2.55453 1.03927 1.21196 0.866569 5.50141 0.301367 0.172698 0.0911713 0.0781207
0.000351119 2.83763 3.13845 2.53682 1.03274 1.20497 0.860504 5.44538 0.300817 0.172232 0.0905783 0.0773914
0.000361057 2.81947 3.11974 2.5192 1.02624 1.19802 0.854473 5.38979 0.300269 0.171772 0.0899914 0.076667
0.000371276 2.80141 3.10114 2.50169 1.01979 1.19111 0.848476 5.33463 0.299725 0.171317 0.0894107 0.0759475
0.000381784 2.78345 3.08264 2.48427 1.01338 1.18425 0.842513 5.27992 0.299184 0.170868 0.088836 0.0752328
0.00039259 2.7656 3.06424 2.46695 1.00701 1.17743 0.836584 5.22564 0.298646 0.170423 0.0882675 0.0745229
0.000403702 2.74784 3.04595 2.44973 1.00067 1.17066 0.830688 5.17179 0.298111 0.169983 0.0877049 0.0738178
0.000415128 2.73018 3.02776 2.4326 0.994375 1.16392 0.824826 5.11836 0.297579 0.169549 0.0871485 0.0731174
0.000426877 2.71262 3.00967 2.41557 0.988117 1.15724 0.818998 5.06537 0.29705 0.16912 0.086598 0.0724218
0.000438959 2.69517 2.99169 2.39864 0.981898 1.15059 0.813203 5.01279 0.296523 0.168695 0.0860536 0.0717309
0.000451383 2.67781 2.97381 2.38181 0.975716 1.14399 0.80744 4.96063 0.295999 0.168276 0.0855152 0.0710446
0.000464159 2.66055 2.95602 2.36507 0.969572 1.13743 0.801711 4.90889 0.295478 0.167861 0.0849828 0.0703631
0.000477296 2.64338 2.93834 2.34842 0.963466 1.13092 0.796015 4.85757 0.294959 0.167452 0.0844564 0.0696862
0.000490805 2.62631 2.92076 2.33187 0.957397 1.12444 0.79035 4.80665 0.294443 0.167047 0.0839358 0.0690139
0.000504697 2.60934 2.90327 2.31541 0.951366 1.11801 0.784719 4.75615 0.293929 0.166647 0.0834213 0.0683462
0.000518981 2.59247 2.88588 2.29905 0.945372 1.11162 0.77912 4.70605 0.293417 0.166252 0.0829126 0.0676831
0.00053367 2.57569 2.86859 2.28278 0.939414 1.10528 0.773553 4.65635 0.292907 0.165862 0.0824099 0.0670246
0.000548775 2.559 2.8514 2.2666 0.933493 1.09897 0.768017 4.60706 0.2924 0.165476 0.081913 0.0663705
0.000564307 2.54241 2.83431 2.25052 0.92761 1.0927 0.762515 4.55816 0.291894 0.165095 0.081422 0.0657211
0.000580278 2.52591 2.81731 2.23452 0.921762 1.08648 0.757043 4.50965 0.291391 0.164719 0.0809368 0.0650761
0.000596702 2.50951 2.8004 2.21862 0.91595 1.0803 0.751603 4.46154 0.290889 0.164347 0.0804575 0.0644356
0.000613591 2.4932 2.78359 2.20281 0.910175 1.07416 0.746195 4.41382 0.290389 0.16398 0.0799841 0.0637996
0.000630957 2.47698 2.76687 2.18709 0.904435 1.06805 0.740818 4.36649 0.289891 0.163618 0.0795163 0.063168
0.000648815 2.46086 2.75025 2.17146 0.898732 1.06199 0.735472 4.31954 0.289394 0.16326 0.0790545 0.0625408
0.000667179 2.44482 2.73372 2.15592 0.893063 1.05597 0.730157 4.27298 0.288899 0.162906 0.0785983 0.061918
0.000686062 2.42888 2.71728 2.14047 0.88743 1.04999 0.724873 4.22679 0.288405 0.162557 0.0781479 0.0612997
0.00070548 2.41303 2.70094 2.12511 0.881832 1.04404 0.71962 4.18099 0.287913 0.162212 0.0777033 0.0606856
0.000725448 2.39726 2.68469 2.10984 0.87627 1.03814 0.714398 4.13555 0.287421 0.161872 0.0772644 0.0600759
0.00074598 2.38159 2.66852 2.09466 0.870741 1.03228 0.709205 4.09049 0.286931 0.161536 0.0768311 0.0594705
0.000767094 2.366 2.65245 2.07956 0.865248 1.02645 0.704044 4.0458 0.286442 0.161204 0.0764035 0.0588695
0.000788805 2.35051 2.63646 2.06455 0.859789 1.02067 0.698913 4.00148 0.285954 0.160877 0.0759817 0.0582727
0.000811131 2.3351 2.62057 2.04963 0.854364 1.01492 0.693811 3.95752 0.285466 0.160553 0.0755654 0.0576802
0.000834088 2.31978 2.60476 2.0348 0.848974 1.00921 0.68874 3.91392 0.284979 0.160234 0.0751548 0.057092
0.000857696 2.30454 2.58904 2.02005 0.843617 1.00354 0.683698 3.87069 0.284493 0.159919 0.0747497 0.0565079
0.000881971 2.2894 2.5734 2.00539 0.838294 0.997902 0.678686 3.82781 0.284008 0.159608 0.0743503 0.0559281
0.000906934 2.27433 2.55786 1.99081 0.833004 0.992305 0.673703 3.78529 0.283522 0.159301 0.0739563 0.0553524
0.000932603 2.25936 2.54239 1.97632 0.827748 0.986747 0.66875 3.74312 0.283037 0.158998 0.073568 0.054781
0.000958999 2.24446 2.52702 1.96191 0.822525 0.981225 0.663826 3.70131 0.282552 0.158699 0.0731851 0.0542136
0.000986142 2.22966 2.51173 1.94759 0.817336 0.97574 0.658931 3.65984 0.282068 0.158404 0.0728078 0.0536505
0.00101405 2.21494 2.49652 1.93335 0.812179 0.970292 0.654065 3.61871 0.281583 0.158113 0.072436 0.0530915
0.00104275 2.2003 2.48139 1.9192 0.807054 0.96488 0.649228 3.57794 0.281098 0.157826 0.0720696 0.0525365
0.00107227 2.18574 2.46635 1.90513 0.801963 0.959505 0.64442 3.5375 0.280612 0.157542 0.0717086 0.0519857
0.00110262 2.17126 2.45139 1.89114 0.796903 0.954166 0.639641 3.4974 0.280126 0.157263 0.0713531 0.0514389
0.00113382 2.15687 2.43651 1.87723 0.791876 0.948862 0.634889 3.45764 0.27964 0.156987 0.0710029 0.0508961
0.00116591 2.14256 2.42171 1.86341 0.786881 0.943595 0.630167 3.41822 0.279153 0.156714 0.0706581 0.0503574
0.00119891 2.12833 2.40699 1.84967 0.781917 0.938362 0.625472 3.37912 0.278665 0.156445 0.0703186 0.0498227
0.00123285 2.11418 2.39236 1.836 0.776985 0.933165 0.620806 3.34036 0.278176 0.15618 0.0699844 0.0492921
0.00126774 2.10011 2.3778 1.82243 0.772085 0.928003 0.616167 3.30193 0.277686 0.155918 0.0696556 0.0487654
0.00130362 2.08612 2.36332 1.80893 0.767216 0.922876 0.611557 3.26382 0.277194 0.15566 0.069332 0.0482426
0.00134052 2.07221 2.34891 1.79551 0.762379 0.917783 0.606974 3.22604 0.276702 0.155405 0.0690136 0.0477239
0.00137846 2.05838 2.33458 1.78217 0.757572 0.912725 0.602419 3.18858 0.276208 0.155153 0.0687005 0.047209
0.00141747 2.04462 2.32033 1.76891 0.752796 0.9077 0.597891 3.15144 0.275712 0.154905 0.0683924 0.0466981
0.00145759 2.03094 2.30616 1.75573 0.74805 0.90271 0.59339 3.11461 0.275214 0.15466 0.0680896 0.0461911
0.00149885 2.01734 2.29206 1.74263 0.743335 0.897752 0.588917 3.07811 0.274715 0.154418 0.0677919 0.0456879
0.00154127 2.00382 2.27803 1.72961 0.73865 0.892829 0.584471 3.04191 0.274213 0.154179 0.0674992 0.0451887
0.00158489 1.99037 2.26408 1.71666 0.733995 0.887938 0.580052 3.00603 0.273709 0.153943 0.0672116 0.0446932
0.00162975 1.977 2.2502 1.70379 0.72937 0.883081 0.57566 2.97046 0.273203 0.153711 0.0669291 0.0442017
0.00167588 1.9637 2.23639 1.69101 0.724775 0.878256 0.571294 2.93519 0.272694 0.153481 0.0666515 0.0437139
0.00172331 1.95048 2.22266 1.67829 0.720209 0.873463 0.566955 2.90024 0.272183 0.153254 0.0663789 0.04323
0.00177209 1.93733 2.209 1.66566 0.715673 0.868703 0.562643 2.86558 0.271668 0.15303 0.0661112 0.0427498
0.00182224 1.92425 2.1954 1.6531 0.711166 0.863975 0.558357 2.83123 0.271151 0.152809 0.0658483 0.0422735
0.00187382 1.91125 2.18188 1.64062 0.706688 0.859279 0.554097 2.79717 0.27063 0.152591 0.0655904 0.0418009
0.00192685 1.89832 2.16842 1.62821 0.702239 0.854614 0.549863 2.76341 0.270106 0.152375 0.0653372 0.041332
0.00198139 1.88546 2.15503 1.61588 0.697818 0.84998 0.545656 2.72995 0.269578 0.152162 0.0650888 0.0408668
0.00203747 1.87267 2.14172 1.60362 0.693426 0.845378 0.541474 2.69679 0.269047 0.151952 0.0648451 0.0404054
0.00209514 1.85995 2.12846 1.59144 0.689062 0.840806 0.537319 2.66391 0.268511 0.151744 0.0646061 0.0399477
0.00215443 1.8473 2.11528 1.57933 0.684726 0.836264 0.533188 2.63133 0.267972 0.151538 0.0643718 0.0394937
0.00221541 1.83473 2.10216 1.5673 0.680419 0.831753 0.529084 2.59903 0.267428 0.151335 0.064142 0.0390433
0.00227812 1.82222 2.0891 1.55534 0.676139 0.827272 0.525005 2.56702 0.26688 0.151134 0.0639168 0.0385966
0.00234259 1.80978 2.07611 1.54345 0.671886 0.822821 0.520951 2.53529 0.266327 0.150935 0.0636961 0.0381535
0.0024089 1.79741 2.06318 1.53164 0.667661 0.818399 0.516923 2.50385 0.265769 0.150738 0.0634798 0.0377141
0.00247708 1.78511 2.05031 1.5199 0.663464 0.814007 0.51292 2.47268 0.265206 0.150544 0.063268 0.0372783
0.00254719 1.77287 2.03751 1.50823 0.659293 0.809644 0.508941 2.4418 0.264638 0.150351 0.0630605 0.0368461
0.00261928 1.7607 2.02477 1.49664 0.655149 0.805309 0.504988 2.4112 0.264064 0.150161 0.0628573 0.0364174
0.00269341 1.7486 2.01208 1.48511 0.651031 0.801003 0.501059 2.38086 0.263485 0.149972 0.0626584 0.0359924
0.00276965 1.73656 1.99946 1.47366 0.64694 0.796725 0.497156 2.35081 0.2629 0.149785 0.0624636 0.0355708
0.00284804 1.72459 1.9869 1.46228 0.642876 0.792475 0.493276 2.32102 0.262308 0.149599 0.062273 0.0351529
0.00292864 1.71268 1.97439 1.45097 0.638837 0.788253 0.489422 2.29151 0.261711 0.149416 0.0620864 0.0347384
0.00301153 1.70084 1.96194 1.43973 0.634825 0.784058 0.485591 2.26226 0.261106 0.149233 0.0619039 0.0343275
0.00309677 1.68906 1.94955 1.42856 0.630838 0.77989 0.481785 2.23328 0.260495 0.149053 0.0617253 0.03392
0.00318442 1.67734 1.93722 1.41746 0.626877 0.77575 0.478003 2.20457 0.259877 0.148873 0.0615506 0.0335161
0.00327455 1.66568 1.92494 1.40643 0.622941 0.771636 0.474246 2.17612 0.259252 0.148695 0.0613797 0.0331156
0.00336723 1.65409 1.91271 1.39547 0.61903 0.767548 0.470512 2.14793 0.258619 0.148518 0.0612125 0.0327186
0.00346253 1.64256 1.90054 1.38458 0.615144 0.763486 0.466802 2.12 0.257978 0.148342 0.061049 0.032325
0.00356053 1.63109 1.88842 1.37376 0.611282 0.75945 0.463115 2.09233 0.25733 0.148167 0.0608891 0.0319348
0.00366131 1.61968 1.87635 1.363 0.607446 0.755439 0.459453 2.06492 0.256673 0.147993 0.0607328 0.0315481
0.00376494 1.60833 1.86433 1.35232 0.603634 0.751454 0.455814 2.03776 0.256008 0.14782 0.0605799 0.0311647
0.0038715 1.59703 1.85237 1.3417 0.599845 0.747493 0.452198 2.01086 0.255334 0.147647 0.0604304 0.0307847
0.00398107 1.5858 1.84045 1.33115 0.596081 0.743557 0.448606 1.98421 0.254652 0.147475 0.0602841 0.0304081
0.00409375 1.57462 1.82858 1.32067 0.592341 0.739645 0.445037 1.9578 0.25396 0.147304 0.0601411 0.0300349
0.00420962 1.56351 1.81677 1.31025 0.588624 0.735757 0.441491 1.93165 0.253258 0.147133 0.0600012 0.029665
0.00432876 1.55245 1.80499 1.2999 0.584931 0.731893 0.437968 1.90575 0.252547 0.146962 0.0598643 0.0292984
0.00445128 1.54144 1.79327 1.28962 0.58126 0.728052 0.434468 1.88009 0.251826 0.146792 0.0597303 0.0289351
0.00457727 1.53049 1.78159 1.2794 0.577612 0.724234 0.430991 1.85468 0.251094 0.146621 0.0595992 0.0285752
0.00470682 1.5196 1.76995 1.26925 0.573988 0.720439 0.427537 1.82951 0.250352 0.146451 0.0594708 0.0282185
0.00484003 1.50876 1.75836 1.25916 0.570385 0.716666 0.424105 1.80458 0.2496 0.14628 0.0593451 0.0278651
0.00497702 1.49798 1.74681 1.24914 0.566805 0.712914 0.420696 1.77989 0.248836 0.146109 0.0592219 0.0275149
0.00511789 1.48725 1.73531 1.23918 0.563248 0.709185 0.41731 1.75544 0.248061 0.145938 0.0591012 0.027168
0.00526274 1.47657 1.72384 1.22929 0.559711 0.705477 0.413946 1.73123 0.247274 0.145766 0.0589828 0.0268243
0.0054117 1.46594 1.71242 1.21947 0.556197 0.70179 0.410604 1.70725 0.246475 0.145593 0.0588667 0.0264838
0.00556486 1.45537 1.70103 1.20971 0.552704 0.698124 0.407284 1.6835 0.245664 0.14542 0.0587526 0.0261465
0.00572237 1.44485 1.68969 1.20001 0.549232 0.694478 0.403986 1.65999 0.244841 0.145246 0.0586405 0.0258124
0.00588433 1.43438 1.67838 1.19037 0.545781 0.690852 0.400711 1.63672 0.244004 0.145071 0.0585303 0.0254815
0.00605088 1.42396 1.66711 1.1808 0.542351 0.687246 0.397457 1.61367 0.243155 0.144894 0.0584219 0.0251537
0.00622213 1.41358 1.65588 1.17129 0.538942 0.683658 0.394225 1.59085 0.242292 0.144716 0.0583151 0.024829
0.00639824 1.40326 1.64468 1.16185 0.535552 0.68009 0.391015 1.56826 0.241416 0.144537 0.0582098 0.0245075
0.00657933 1.39299 1.63351 1.15246 0.532183 0.67654 0.387827 1.54589 0.240525 0.144357 0.0581058 0.0241891
0.00676555 1.38276 1.62238 1.14314 0.528834 0.673008 0.38466 1.52375 0.239621 0.144174 0.0580031 0.0238738
0.00695704 1.37259 1.61129 1.13388 0.525504 0.669494 0.381515 1.50183 0.238702 0.14399 0.0579015 0.0235615
0.00715394 1.36245 1.60022 1.12469 0.522194 0.665997 0.37839 1.48013 0.237767 0.143803 0.0578009 0.0232523
0.00735642 1.35237 1.58919 1.11555 0.518902 0.662517 0.375288 1.45866 0.236818 0.143615 0.057701 0.0229462
0.00756463 1.34233 1.57818 1.10648 0.51563 0.659053 0.372206 1.4374 0.235853 0.143424 0.0576019 0.0226431
0.00777874 1.33234 1.56721 1.09746 0.512376 0.655606 0.369146 1.41636 0.234873 0.14323 0.0575032 0.022343
0.0079989 1.32239 1.55626 1.08851 0.50914 0.652174 0.366106 1.39554 0.233876 0.143034 0.0574049 0.0220459
0.0082253 1.31248 1.54535 1.07962 0.505923 0.648758 0.363088 1.37493 0.232863 0.142835 0.0573068 0.0217518
0.0084581 1.30262 1.53446 1.07079 0.502723 0.645356 0.36009 1.35454 0.231833 0.142633 0.0572087 0.0214606
0.00869749 1.2928 1.52359 1.06202 0.499541 0.641969 0.357113 1.33436 0.230787 0.142428 0.0571105 0.0211725
0.00894366 1.28303 1.51275 1.05331 0.496377 0.638596 0.354157 1.31439 0.229723 0.142219 0.0570121 0.0208872
0.00919679 1.2733 1.50194 1.04465 0.493229 0.635236 0.351222 1.29464 0.228641 0.142007 0.0569131 0.0206049
0.00945709 1.2636 1.49114 1.03606 0.490098 0.631889 0.348306 1.27509 0.227542 0.141792 0.0568135 0.0203254
0.00972476 1.25395 1.48037 1.02753 0.486984 0.628555 0.345412 1.25575 0.226424 0.141572 0.0567132 0.0200489
0.01 1.24434 1.46963 1.01905 0.483886 0.625234 0.342538 1.23662 0.225288 0.141348 0.0566118 0.0197752
0.010283 1.23477 1.4589 1.01063 0.480804 0.621923 0.339684 1.21769 0.224133 0.14112 0.0565092 0.0195044
0.0105741 1.22524 1.4482 1.00228 0.477737 0.618625 0.33685 1.19897 0.222959 0.140887 0.0564053 0.0192364
0.0108734 1.21574 1.43751 0.993977 0.474686 0.615336 0.334036 1.18045 0.221766 0.14065 0.0562998 0.0189713
0.0111811 1.20629 1.42684 0.985734 0.47165 0.612058 0.331242 1.16213 0.220553 0.140408 0.0561926 0.0187089
0.0114976 1.19687 1.41619 0.97755 0.468629 0.60879 0.328469 1.14402 0.21932 0.140161 0.0560834 0.0184493
0.011823 1.18749 1.40556 0.969423 0.465623 0.605531 0.325715 1.1261 0.218068 0.139908 0.0559721 0.0181925
0.0121576 1.17815 1.39494 0.961353 0.462631 0.602281 0.322981 1.10838 0.216794 0.13965 0.0558584 0.0179384
0.0125017 1.16884 1.38434 0.95334 0.459653 0.599039 0.320266 1.09086 0.2155 0.139386 0.0557422 0.0176871
0.0128556 1.15957 1.37375 0.945383 0.456688 0.595804 0.317572 1.07354 0.214186 0.139116 0.0556232 0.0174385
0.0132194 1.15033 1.36318 0.937483 0.453737 0.592577 0.314896 1.05641 0.21285 0.13884 0.0555013 0.0171926
0.0135936 1.14113 1.35262 0.929639 0.450799 0.589356 0.312241 1.03947 0.211492 0.138558 0.0553761 0.0169493
0.0139783 1.13196 1.34208 0.921851 0.447873 0.586142 0.309604 1.02273 0.210113 0.138269 0.0552476 0.0167087
0.0143739 1.12283 1.33154 0.914119 0.44496 0.582933 0.306987 1.00618 0.208713 0.137973 0.0551154 0.0164707
0.0147808 1.11373 1.32102 0.906443 0.442059 0.579729 0.304389 0.989816 0.20729 0.13767 0.0549794 0.0162354
0.0151991 1.10467 1.31051 0.898822 0.43917 0.576529 0.30181 0.973644 0.205845 0.137359 0.0548394 0.0160027
0.0156293 1.09563 1.30001 0.891256 0.436292 0.573333 0.299251 0.957661 0.204377 0.137041 0.054695 0.0157725
0.0160717 1.08663 1.28952 0.883745 0.433425 0.570141 0.29671 0.941865 0.202887 0.136715 0.0545462 0.0155449
0.0165265 1.07766 1.27904 0.876288 0.430569 0.566951 0.294188 0.926254 0.201375 0.136381 0.0543926 0.0153199
0.0169943 1.06873 1.26856 0.868886 0.427724 0.563763 0.291685 0.910829 0.199839 0.136039 0.0542341 0.0150973
0.0174753 1.05982 1.2581 0.861538 0.424889 0.560577 0.2892 0.895587 0.19828 0.135688 0.0540703 0.0148773
0.0179699 1.05094 1.24764 0.854244 0.422063 0.557391 0.286735 0.880528 0.196699 0.135328 0.0539012 0.0146598
0.0184785 1.0421 1.23719 0.847004 0.419247 0.554206 0.284288 0.86565 0.195094 0.134959 0.0537264 0.0144447
0.0190015 1.03328 1.22675 0.839818 0.41644 0.551021 0.281859 0.850952 0.193466 0.134581 0.0535457 0.014232
0.0195393 1.0245 1.21631 0.832685 0.413641 0.547834 0.279449 0.836434 0.191814 0.134193 0.053359 0.0140218
0.0200923 1.01574 1.20588 0.825604 0.410851 0.544646 0.277057 0.822094 0.190139 0.133795 0.0531658 0.013814
0.020661 1.00702 1.19546 0.818577 0.408069 0.541455 0.274683 0.807931 0.18844 0.133386 0.0529662 0.0136085
0.0212458 0.998321 1.18504 0.811602 0.405295 0.538262 0.272327 0.793943 0.186718 0.132967 0.0527597 0.0134054
0.0218471 0.989653 1.17463 0.80468 0.402527 0.535065 0.26999 0.780131 0.184973 0.132538 0.0525463 0.0132047
0.0224655 0.981014 1.16422 0.79781 0.399767 0.531864 0.26767 0.766491 0.183204 0.132097 0.0523256 0.0130062
0.0231013 0.972404 1.15382 0.790992 0.397013 0.528658 0.265368 0.753025 0.181412 0.131645 0.0520974 0.0128101
0.0237551 0.963822 1.14342 0.784226 0.394265 0.525446 0.263084 0.739729 0.179597 0.131181 0.0518616 0.0126162
0.0244275 0.955269 1.13303 0.777511 0.391523 0.522228 0.260818 0.726604 0.177758 0.130705 0.0516179 0.0124245
0.0251189 0.946744 1.12264 0.770848 0.388786 0.519003 0.258569 0.713648 0.175896 0.130217 0.0513661 0.0122351
0.0258298 0.938247 1.11226 0.764235 0.386054 0.515771 0.256338 0.70086 0.174012 0.129717 0.051106 0.0120479
0.0265609 0.929778 1.10188 0.757673 0.383327 0.51253 0.254124 0.688238 0.172105 0.129203 0.0508374 0.0118629
0.0273126 0.921337 1.09151 0.751162 0.380604 0.50928 0.251927 0.675782 0.170175 0.128676 0.0505602 0.01168
0.0280857 0.912924 1.08115 0.744701 0.377884 0.506021 0.249748 0.66349 0.168223 0.128136 0.050274 0.0114993
0.0288806 0.904539 1.07079 0.73829 0.375168 0.502751 0.247586 0.651362 0.166249 0.127583 0.0499788 0.0113206
0.029698 0.896182 1.06044 0.731929 0.372455 0.49947 0.24544 0.639396 0.164253 0.127015 0.0496743 0.0111441
0.0305386 0.887854 1.05009 0.725618 0.369745 0.496177 0.243312 0.627591 0.162236 0.126433 0.0493604 0.0109696
0.0314029 0.879554 1.03975 0.719356 0.367036 0.492872 0.2412 0.615945 0.160198 0.125836 0.049037 0.0107972
0.0322917 0.871282 1.02942 0.713143 0.36433 0.489554 0.239105 0.604458 0.158139 0.125224 0.0487038 0.0106268
0.0332057 0.863039 1.0191 0.706979 0.361624 0.486221 0.237027 0.593128 0.15606 0.124597 0.0483607 0.0104583
0.0341455 0.854824 1.00879 0.700863 0.358919 0.482874 0.234965 0.581954 0.153961 0.123955 0.0480077 0.0102919
0.0351119 0.846639 0.998482 0.694795 0.356215 0.479512 0.232919 0.570935 0.151843 0.123296 0.0476445 0.0101274
0.0361057 0.838482 0.988189 0.688776 0.353511 0.476133 0.230889 0.56007 0.149707 0.122622 0.0472711 0.00996479
0.0371276 0.830356 0.977907 0.682804 0.350806 0.472737 0.228876 0.549357 0.147552 0.121931 0.0468874 0.0098041
0.0381784 0.822259 0.967638 0.676879 0.348101 0.469324 0.226878 0.538796 0.145379 0.121223 0.0464932 0.00964529
0.039259 0.814192 0.957382 0.671002 0.345394 0.465893 0.224896 0.528385 0.14319 0.120499 0.0460885 0.00948833
0.0403702 0.806155 0.94714 0.665171 0.342686 0.462443 0.222929 0.518121 0.140984 0.119757 0.0456733 0.0093332
0.0415128 0.79815 0.936913 0.659387 0.339976 0.458973 0.220978 0.508006 0.138763 0.118997 0.0452475 0.00917987
0.0426877 0.790176 0.926703 0.653649 0.337263 0.455483 0.219043 0.498037 0.136527 0.11822 0.044811 0.00902832
0.0438959 0.782233 0.91651 0.647956 0.334546 0.451971 0.217122 0.488212 0.134277 0.117425 0.0443639 0.00887853
0.0451383 0.774323 0.906337 0.642309 0.331827 0.448438 0.215216 0.478531 0.132014 0.116611 0.0439061 0.00873046
0.0464159 0.766446 0.896184 0.636707 0.329104 0.444883 0.213325 0.468993 0.129738 0.115779 0.0434377 0.00858411
0.0477296 0.758601 0.886053 0.63115 0.326376 0.441304 0.211448 0.459595 0.127451 0.114928 0.0429587 0.00843944
0.0490805 0.750791 0.875944 0.625637 0.323644 0.437702 0.209586 0.450336 0.125154 0.114058 0.0424692 0.00829643
0.0504697 0.743014 0.865861 0.620168 0.320906 0.434075 0.207738 0.441217 0.122847 0.113168 0.0419692 0.00815506
0.0518981 0.735273 0.855804 0.614742 0.318163 0.430423 0.205904 0.432234 0.120531 0.112259 0.0414588 0.0080153
0.053367 0.727567 0.845775 0.609359 0.315414 0.426745 0.204083 0.423386 0.118208 0.111331 0.0409381 0.00787713
0.0548775 0.719897 0.835775 0.604019 0.312659 0.423041 0.202277 0.414673 0.115878 0.110382 0.0404072 0.00774053
0.0564307 0.712264 0.825807 0.598721 0.309896 0.41931 0.200483 0.406092 0.113543 0.109414 0.0398664 0.00760548
0.0580278 0.704668 0.815871 0.593465 0.307127 0.415551 0.198702 0.397643 0.111203 0.108425 0.0393157 0.00747195
0.0596702 0.69711 0.805971 0.588249 0.304349 0.411765 0.196933 0.389324 0.108861 0.107416 0.0387555 0.00733992
0.0613591 0.689591 0.796108 0.583074 0.301563 0.407949 0.195177 0.381133 0.106517 0.106386 0.0381858 0.00720937
0.0630957 0.682111 0.786283 0.57794 0.298769 0.404105 0.193434 0.37307 0.104172 0.105336 0.0376069 0.00708027
0.0648815 0.674671 0.776498 0.572844 0.295966 0.40023 0.191701 0.365132 0.101827 0.104264 0.037019 0.00695262
0.0667179 0.667272 0.766757 0.567788 0.293153 0.396326 0.189981 0.357319 0.0994845 0.103173 0.0364226 0.00682638
0.0686062 0.659914 0.757059 0.562769 0.29033 0.39239 0.188271 0.349629 0.097145 0.10206 0.0358178 0.00670153
0.070548 0.652598 0.747408 0.557788 0.287497 0.388423 0.186571 0.34206 0.09481 0.100926 0.035205 0.00657806
0.0725448 0.645325 0.737805 0.552844 0.284654 0.384425 0.184882 0.334612 0.0924807 0.0997713 0.0345845 0.00645595
0.074598 0.638094 0.728253 0.547935 0.281799 0.380395 0.183203 0.327281 0.0901587 0.0985957 0.0339567 0.00633517
0.0767094 0.630907 0.718752 0.543062 0.278932 0.376332 0.181533 0.320069 0.0878451 0.0973991 0.033322 0.00621571
0.0788805 0.623765 0.709306 0.538223 0.276054 0.372236 0.179872 0.312971 0.0855414 0.0961818 0.0326808 0.00609756
0.0811131 0.616667 0.699916 0.533418 0.273163 0.368107 0.17822 0.305989 0.083249 0.0949437 0.0320335 0.00598068
0.0834088 0.609615 0.690584 0.528645 0.27026 0.363945 0.176575 0.299118 0.0809692 0.0936849 0.0313806 0.00586508
0.0857696 0.602608 0.681311 0.523904 0.267343 0.359748 0.174937 0.29236 0.0787036 0.0924056 0.0307225 0.00575072
0.0881971 0.595647 0.6721 0.519194 0.264412 0.355518 0.173306 0.285711 0.0764534 0.091106 0.0300598 0.0056376
0.0906934 0.588733 0.662953 0.514513 0.261468 0.351254 0.171681 0.279171 0.0742201 0.0897863 0.029393 0.00552571
0.0932603 0.581865 0.65387 0.50986 0.258509 0.346955 0.170062 0.272738 0.072005 0.0884467 0.0287225 0.00541502
0.0958999 0.575044 0.644854 0.505234 0.255535 0.342622 0.168447 0.26641 0.0698096 0.0870875 0.028049 0.00530552
0.0986142 0.56827 0.635905 0.500635 0.252545 0.338254 0.166836 0.260187 0.0676353 0.0857091 0.027373 0.00519721
0.101405 0.561543 0.627026 0.496059 0.24954 0.333852 0.165228 0.254066 0.0654833 0.0843117 0.0266951 0.00509007
0.104275 0.554862 0.618217 0.491507 0.246519 0.329414 0.163623 0.248047 0.0633551 0.0828958 0.0260158 0.0049841
0.107227 0.548228 0.60948 0.486976 0.243481 0.324942 0.162019 0.242128 0.061252 0.0814617 0.0253358 0.00487927
0.110262 0.541641 0.600816 0.482465 0.240425 0.320435 0.160415 0.236308 0.0591752 0.0800101 0.0246557 0.00477559
0.113382 0.535099 0.592225 0.477973 0.237353 0.315894 0.158811 0.230585 0.0571261 0.0785413 0.0239761 0.00467304
0.116591 0.528602 0.583708 0.473496 0.234261 0.311317 0.157205 0.224957 0.0551058 0.077056 0.0232976 0.00457162
0.119891 0.52215 0.575265 0.469034 0.231152 0.306706 0.155597 0.219425 0.0531156 0.0755548 0.0226209 0.00447133
0.123285 0.515741 0.566898 0.464585 0.228023 0.302061 0.153985 0.213985 0.0511567 0.0740382 0.0219466 0.00437215
0.126774 0.509375 0.558605 0.460145 0.224874 0.297381 0.152367 0.208638 0.0492301 0.0725071 0.0212754 0.00427408
0.130362 0.50305 0.550388 0.455713 0.221705 0.292668 0.150743 0.203382 0.0473371 0.0709622 0.0206079 0.00417713
0.134052 0.496766 0.542244 0.451287 0.218516 0.28792 0.149111 0.198215 0.0454785 0.0694043 0.0199448 0.00408128
0.137846 0.490519 0.534174 0.446864 0.215304 0.283139 0.14747 0.193136 0.0436554 0.0678342 0.0192867 0.00398654
0.141747 0.484309 0.526178 0.44244 0.212071 0.278324 0.145818 0.188144 0.0418687 0.0662529 0.0186342 0.00389291
0.145759 0.478133 0.518252 0.438013 0.208815 0.273476 0.144153 0.183239 0.0401193 0.0646612 0.017988 0.00380038
0.149885 0.471989 0.510397 0.433581 0.205535 0.268595 0.142475 0.178418 0.0384081 0.0630602 0.0173486 0.00370896
0.154127 0.465874 0.50261 0.429138 0.202231 0.263682 0.14078 0.173681 0.0367357 0.061451 0.0167168 0.00361865
0.158489 0.459786 0.494889 0.424683 0.198901 0.258736 0.139067 0.169026 0.0351028 0.0598346 0.0160931 0.00352944
0.162975 0.453721 0.487231 0.42021 0.195546 0.253759 0.137334 0.164453 0.0335102 0.0582123 0.0154781 0.00344135
0.167588 0.447675 0.479634 0.415717 0.192164 0.248749 0.135579 0.159961 0.0319584 0.0565852 0.0148723 0.00335438
0.172331 0.441646 0.472094 0.411198 0.188754 0.243709 0.1338 0.155548 0.0304478 0.0549546 0.0142763 0.00326852
0.177209 0.435628 0.464607 0.40665 0.185316 0.238637 0.131994 0.151214 0.0289789 0.0533217 0.0136907 0.00318379
0.182224 0.429618 0.45717 0.402066 0.181847 0.233535 0.130159 0.146957 0.027552 0.051688 0.0131158 0.00310018
0.187382 0.42361 0.449777 0.397442 0.178347 0.228402 0.128292 0.142777 0.0261675 0.0500549 0.0125523 0.0030177
0.192685 0.417598 0.442424 0.392773 0.174815 0.223239 0.126392 0.138672 0.0248255 0.0484238 0.0120006 0.00293635
0.198139 0.411577 0.435104 0.388051 0.17125 0.218046 0.124454 0.134643 0.0235262 0.0467961 0.011461 0.00285613
0.203747 0.405541 0.427811 0.383272 0.167651 0.212824 0.122477 0.130687 0.0222696 0.0451735 0.0109339 0.00277705
0.209514 0.399483 0.420539 0.378428 0.164015 0.207572 0.120458 0.126804 0.0210558 0.0435574 0.0104198 0.0026991
0.215443 0.393396 0.41328 0.373511 0.160342 0.202292 0.118393 0.122994 0.0198846 0.0419496 0.00991897 0.00262229
0.221541 0.387271 0.406027 0.368515 0.156631 0.196982 0.116279 0.119254 0.0187559 0.0403515 0.00943166 0.0025466
0.227812 0.3811 0.398769 0.36343 0.152879 0.191644 0.114114 0.115585 0.0176695 0.0387649 0.00895815 0.00247205
0.234259 0.374874 0.391499 0.358249 0.149086 0.186278 0.111895 0.111985 0.0166251 0.0371914 0.00849865 0.00239861
0.24089 0.368583 0.384205 0.35296 0.145251 0.180884 0.109618 0.108453 0.0156223 0.0356328 0.00805335 0.00232628
0.247708 0.362216 0.376876 0.347555 0.141371 0.175462 0.10728 0.104989 0.0146607 0.0340907 0.00762239 0.00225505
0.254719 0.355761 0.369501 0.342021 0.137446 0.170013 0.104879 0.101591 0.0137399 0.032567 0.00720587 0.00218491
0.261928 0.349205 0.362064 0.336346 0.133474 0.164537 0.102411 0.0982586 0.0128591 0.0310632 0.00680387 0.00211582
0.269341 0.342533 0.354551 0.330515 0.129454 0.159035 0.0998726 0.09499 0.012018 0.0295812 0.00641639 0.00204777
0.276965 0.335727 0.346943 0.324512 0.125384 0.153506 0.0972611 0.0917845 0.0112157 0.0281226 0.00604343 0.00198071
0.284804 0.328764 0.339216 0.318313 0.121262 0.147951 0.0945725 0.0886409 0.0104515 0.0266892 0.00568492 0.0019146
0.292864 0.321609 0.331334 0.311884 0.117084 0.142367 0.0918012 0.0855581 0.00972478 0.0252827 0.00534075 0.00184936
0.301153 0.314192 0.323226 0.305157 0.11284 0.136745 0.0889357 0.0825354 0.00903456 0.0239047 0.00501075 0.00178487
0.309677 0.306224 0.314604 0.297844 0.10848 0.131037 0.0859225 0.0795732 0.00838005 0.0225572 0.00469463 0.00172086
0.318442 0.298423 0.306564 0.290282 0.105431 0.127485 0.0833758 0.0784704 0.00814095 0.0220548 0.00457782 0.00169586
0.321833 0.295709 0.303618 0.2878 0.103858 0.12542 0.082296 0.0773864 0.00790917 0.0215622 0.00446417 0.00167122
0.325224 0.293 0.300684 0.285315 0.102297 0.123376 0.0812177 0.0763208 0.00768448 0.0210793 0.00435357 0.00164692
0.328614 0.290295 0.297762 0.282829 0.100747 0.121353 0.0801409 0.075273 0.00746662 0.0206059 0.00424593 0.00162296
0.332005 0.287595 0.29485 0.28034 0.0992074 0.119349 0.0790657 0.0742424 0.00725536 0.0201417 0.00414115 0.00159932
0.335396 0.284899 0.291949 0.277848 0.0976792 0.117366 0.0779925 0.0732285 0.00705047 0.0196867 0.00403916 0.00157599
0.338787 0.282206 0.289057 0.275354 0.0961616 0.115402 0.076921 0.0722308 0.00685174 0.0192406 0.00393986 0.00155298
0.342178 0.279515 0.286174 0.272857 0.094655 0.113458 0.0758516 0.0712488 0.00665896 0.0188034 0.00384318 0.00153026
0.345569 0.276828 0.2833 0.270356 0.0931591 0.111534 0.0747843 0.0702819 0.00647192 0.0183748 0.00374902 0.00150783
0.348959 0.274142 0.280433 0.267852 0.091674 0.109629 0.0737193 0.0693298 0.00629045 0.0179547 0.00365732 0.00148568
0.35235 0.271459 0.277573 0.265344 0.0901997 0.107743 0.0726568 0.068392 0.00611434 0.0175429 0.003568 0.00146381
0.355741 0.268776 0.27472 0.262833 0.0887361 0.105876 0.0715968 0.0674681 0.00594342 0.0171394 0.00348099 0.0014422
0.359132 0.266095 0.271873 0.260318 0.0872834 0.104027 0.0705396 0.0665576 0.00577752 0.0167438 0.00339622 0.00142086
0.362523 0.263415 0.269032 0.257799 0.0858414 0.102198 0.0694852 0.0656602 0.00561648 0.0163562 0.00331362 0.00139977
0.365914 0.260736 0.266196 0.255276 0.0844103 0.100387 0.0684339 0.0647754 0.00546013 0.0159764 0.00323313 0.00137893
0.369305 0.258057 0.263365 0.252748 0.08299 0.0985941 0.0673859 0.0639029 0.00530832 0.0156041 0.00315468 0.00135833
0.372695 0.255378 0.260539 0.250217 0.0815806 0.0968199 0.0663412 0.0630423 0.0051609 0.0152394 0.00307821 0.00133797
0.376086 0.252699 0.257717 0.247682 0.0801821 0.095064 0.0653001 0.0621933 0.00501773 0.0148819 0.00300367 0.00131783
0.379477 0.250021 0.2549 0.245142 0.0787945 0.0933263 0.0642628 0.0613555 0.00487867 0.0145317 0.00293099 0.00129793
0.382868 0.247342 0.252086 0.242599 0.077418 0.0916066 0.0632294 0.0605286 0.00474359 0.0141886 0.00286012 0.00127824
0.386259 0.244663 0.249276 0.240051 0.0760525 0.089905 0.0622001 0.0597123 0.00461236 0.0138524 0.00279101 0.00125877
0.38965 0.241984 0.246469 0.237499 0.0746982 0.0882213 0.0611751 0.0589062 0.00448485 0.0135231 0.0027236 0.00123951
0.39304 0.239304 0.243665 0.234943 0.073355 0.0865555 0.0601546 0.0581102 0.00436096 0.0132004 0.00265786 0.00122045
0.396431 0.236624 0.240865 0.232384 0.0720231 0.0849075 0.0591388 0.0573238 0.00424056 0.0128844 0.00259372 0.0012016
0.399822 0.233944 0.238067 0.22982 0.0707026 0.0832773 0.0581278 0.0565468 0.00412355 0.0125748 0.00253114 0.00118294
0.403213 0.231263 0.235273 0.227253 0.0693934 0.0816649 0.0571219 0.055779 0.00400981 0.0122715 0.00247008 0.00116448
0.406604 0.228582 0.232481 0.224683 0.0680957 0.0800702 0.0561212 0.0550201 0.00389924 0.0119745 0.00241049 0.00114621
0.409995 0.2259 0.229692 0.222108 0.0668095 0.0784931 0.055126 0.0542698 0.00379175 0.0116836 0.00235234 0.00112812
0.413385 0.223218 0.226906 0.219531 0.065535 0.0769337 0.0541364 0.053528 0.00368725 0.0113987 0.00229557 0.00111022
0.416776 0.220536 0.224122 0.216951 0.0642722 0.0753918 0.0531526 0.0527943 0.00358562 0.0111196 0.00224016 0.0010925
0.420167 0.217854 0.221341 0.214367 0.0630212 0.0738676 0.0521748 0.0520686 0.0034868 0.0108464 0.00218606 0.00107496
0.423558 0.215172 0.218563 0.211781 0.0617821 0.0723609 0.0512033 0.0513507 0.00339069 0.0105788 0.00213323 0.00105759
0.426949 0.21249 0.215787 0.209193 0.0605549 0.0708718 0.0502381 0.0506403 0.00329721 0.0103168 0.00208165 0.0010404
0.43034 0.209808 0.213015 0.206602 0.0593399 0.0694002 0.0492795 0.0499372 0.00320628 0.0100603 0.00203127 0.00102337
0.43373 0.207127 0.210245 0.204009 0.0581369 0.0679461 0.0483277 0.0492413 0.00311782 0.00980919 0.00198206 0.00100652
0.437121 0.204447 0.207478 0.201415 0.0569462 0.0665096 0.0473829 0.0485524 0.00303175 0.00956332 0.001934 0.000989823
0.440512 0.201767 0.204715 0.198819 0.0557679 0.0650905 0.0464452 0.0478703 0.00294802 0.00932262 0.00188704 0.000973292
0.443903 0.199088 0.201955 0.196222 0.0546019 0.0636889 0.0455149 0.0471949 0.00286654 0.00908701 0.00184116 0.000956924
0.447294 0.196411 0.199199 0.193624 0.0534485 0.0623048 0.0445921 0.0465259 0.00278724 0.00885639 0.00179634 0.000940714
0.450685 0.193736 0.196446 0.191026 0.0523076 0.0609382 0.0436769 0.0458633 0.00271007 0.00863066 0.00175253 0.000924662
0.454075 0.191062 0.193697 0.188427 0.0511794 0.0595891 0.0427697 0.0452068 0.00263496 0.00840973 0.00170972 0.000908766
0.457466 0.18839 0.190952 0.185828 0.0500639 0.0582575 0.0418704 0.0445564 0.00256186 0.00819352 0.00166788 0.000893025
0.460857 0.185721 0.188212 0.18323 0.0489613 0.0569433 0.0409794 0.043912 0.00249069 0.00798194 0.00162699 0.000877436
0.464248 0.183055 0.185476 0.180633 0.0478717 0.0556466 0.0400968 0.0432733 0.00242141 0.00777491 0.00158701 0.000862
0.467639 0.180391 0.182745 0.178037 0.046795 0.0543673 0.0392226 0.0426403 0.00235396 0.00757233 0.00154793 0.000846715
0.47103 0.177731 0.180019 0.175443 0.0457314 0.0531055 0.0383572 0.0420128 0.00228828 0.00737413 0.00150971 0.000831579
0.47442 0.175075 0.177299 0.172851 0.0446809 0.0518611 0.0375007 0.0413908 0.00222434 0.00718023 0.00147235 0.000816592
0.477811 0.172423 0.174585 0.170261 0.0436437 0.0506342 0.0366531 0.0407741 0.00216207 0.00699054 0.00143582 0.000801753
0.481202 0.169775 0.171877 0.167674 0.0426197 0.0494247 0.0358147 0.0401627 0.00210143 0.00680499 0.00140009 0.000787061
0.484593 0.167133 0.169175 0.16509 0.0416091 0.0482326 0.0349856 0.0395564 0.00204237 0.0066235 0.00136515 0.000772516
0.487984 0.164495 0.16648 0.16251 0.0406119 0.0470579 0.0341659 0.0389552 0.00198486 0.006446 0.00133098 0.000758116
0.491375 0.161863 0.163792 0.159935 0.0396282 0.0459006 0.0333558 0.038359 0.00192884 0.0062724 0.00129756 0.000743861
0.494765 0.159238 0.161112 0.157364 0.038658 0.0447606 0.0325553 0.0377677 0.00187427 0.00610265 0.00126486 0.000729751
0.498156 0.156619 0.15844 0.154798 0.0377014 0.043638 0.0317647 0.0371813 0.00182112 0.00593666 0.00123289 0.000715785
0.501547 0.154007 0.155776 0.152238 0.0367584 0.0425328 0.030984 0.0365996 0.00176934 0.00577436 0.0012016 0.000701963
0.504938 0.151403 0.153122 0.149684 0.0358291 0.0414448 0.0302134 0.0360226 0.0017189 0.0056157 0.001171 0.000688285
0.508329 0.148806 0.150476 0.147136 0.0349135 0.0403741 0.0294529 0.0354503 0.00166976 0.00546059 0.00114106 0.000674749
0.51172 0.146218 0.14784 0.144596 0.0340117 0.0393206 0.0287027 0.0348826 0.00162188 0.00530897 0.00111176 0.000661357
0.51511 0.143639 0.145214 0.142064 0.0331236 0.0382844 0.0279628 0.0343194 0.00157524 0.00516078 0.0010831 0.000648107
0.518501 0.141069 0.142599 0.13954 0.0322493 0.0372653 0.0272334 0.0337608 0.00152979 0.00501596 0.00105506 0.000635
0.521892 0.13851 0.139995 0.137024 0.0313889 0.0362633 0.0265145 0.0332066 0.00148551 0.00487443 0.00102763 0.000622036
0.525283 0.135961 0.137403 0.134518 0.0305423 0.0352784 0.0258062 0.0326568 0.00144237 0.00473614 0.00100078 0.000609214
0.528674 0.133422 0.134823 0.132022 0.0297096 0.0343106 0.0251086 0.0321114 0.00140033 0.00460102 0.000974515 0.000596535
0.532065 0.130895 0.132255 0.129536 0.0288907 0.0333597 0.0244217 0.0315704 0.00135937 0.00446902 0.000948813 0.000583998
0.535455 0.128381 0.1297 0.127061 0.0280857 0.0324258 0.0237456 0.0310338 0.00131946 0.00434008 0.000923664 0.000571603
0.538846 0.125878 0.127159 0.124598 0.0272946 0.0315087 0.0230804 0.0305014 0.00128056 0.00421413 0.000899056 0.000559352
0.542237 0.123389 0.124632 0.122147 0.0265173 0.0306084 0.0224262 0.0299734 0.00124266 0.00409113 0.000874978 0.000547242
0.545628 0.120914 0.122119 0.119708 0.0257539 0.0297249 0.0217829 0.0294496 0.00120574 0.00397101 0.000851418 0.000535276
0.549019 0.118452 0.119622 0.117283 0.0250043 0.028858 0.0211505 0.0289301 0.00116975 0.00385372 0.000828365 0.000523452
0.55241 0.116006 0.117141 0.114871 0.0242685 0.0280077 0.0205293 0.0284149 0.00113469 0.00373921 0.000805809 0.000511772
0.5558 0.113575 0.114675 0.112474 0.0235464 0.0271739 0.019919 0.0279039 0.00110052 0.00362743 0.00078374 0.000500234
0.559191 0.111159 0.112226 0.110092 0.0228382 0.0263565 0.0193199 0.0273971 0.00106723 0.00351832 0.000762148 0.00048884
0.562582 0.10876 0.109795 0.107725 0.0221436 0.0255554 0.0187318 0.0268946 0.00103479 0.00341182 0.000741024 0.000477589
0.565973 0.106378 0.107381 0.105375 0.0214627 0.0247706 0.0181548 0.0263963 0.00100318 0.0033079 0.000720357 0.000466482
0.569364 0.104014 0.104986 0.103041 0.0207954 0.0240019 0.0175889 0.0259023 0.000972382 0.0032065 0.000700139 0.000455518
0.572755 0.101667 0.10261 0.100725 0.0201417 0.0232492 0.0170341 0.0254126 0.000942377 0.00310757 0.000680361 0.000444699
0.576146 0.0993399 0.100253 0.0984267 0.0195014 0.0225125 0.0164904 0.0249271 0.000913144 0.00301107 0.000661015 0.000434023
0.579536 0.0970315 0.0979161 0.0961468 0.0188746 0.0217916 0.0159577 0.0244458 0.000884664 0.00291694 0.000642093 0.000423492
0.582927 0.0947429 0.0955998 0.0938859 0.0182612 0.0210863 0.015436 0.0239689 0.000856919 0.00282514 0.000623586 0.000413105
0.586318 0.0924746 0.0933045 0.0916447 0.017661 0.0203967 0.0149254 0.0234962 0.000829891 0.00273563 0.000605486 0.000402862
0.589709 0.0902272 0.0910308 0.0894236 0.0170741 0.0197225 0.0144257 0.0230278 0.000803565 0.00264837 0.000587786 0.000392764
0.5931 0.0880013 0.0887792 0.0872234 0.0165003 0.0190636 0.013937 0.0225638 0.000777921 0.00256329 0.000570479 0.00038281
0.596491 0.0857973 0.0865503 0.0850444 0.0159395 0.0184199 0.0134592 0.0221041 0.000752946 0.00248038 0.000553558 0.000373001
0.599881 0.0836159 0.0843445 0.0828873 0.0153917 0.0177913 0.0129921 0.0216487 0.000728622 0.00239957 0.000537015 0.000363338
0.603272 0.0814575 0.0821624 0.0807525 0.0148567 0.0171776 0.0125359 0.0211978 0.000704935 0.00232084 0.000520843 0.000353818
0.606663 0.0793227 0.0800045 0.0786408 0.0143345 0.0165786 0.0120903 0.0207512 0.00068187 0.00224414 0.000505036 0.000344444
0.610054 0.0772119 0.0778714 0.0765525 0.0138249 0.0159943 0.0116555 0.0203091 0.000659413 0.00216942 0.000489588 0.000335215
0.613445 0.0751258 0.0757633 0.0744882 0.0133278 0.0154244 0.0112311 0.0198714 0.000637549 0.00209666 0.000474492 0.000326131
0.616836 0.0730647 0.073681 0.0724484 0.0128431 0.0148689 0.0108173 0.0194381 0.000616264 0.0020258 0.000459742 0.000317191
0.620226 0.0710292 0.0716247 0.0704336 0.0123707 0.0143275 0.0104138 0.0190094 0.000595547 0.00195682 0.000445332 0.000308396
0.623617 0.0690198 0.0695951 0.0684444 0.0119104 0.0138001 0.0100207 0.0185852 0.000575383 0.00188967 0.000431255 0.000299746
0.627008 0.0670368 0.0675925 0.066481 0.0114622 0.0132865 0.00963784 0.0181655 0.00055576 0.00182432 0.000417508 0.00029124
0.630399 0.0650808 0.0656175 0.0645441 0.0110258 0.0127865 0.00926507 0.0177505 0.000536666 0.00176074 0.000404083 0.000282879
0.63379 0.0631523 0.0636703 0.0626342 0.0106012 0.0123001 0.00890234 0.01734 0.00051809 0.00169887 0.000390975 0.000274662
0.637181 0.0612515 0.0617515 0.0607515 0.0101882 0.0118269 0.00854952 0.0169341 0.000500018 0.0016387 0.000378179 0.000266589
0.640571 0.0593789 0.0598614 0.0588965 0.00978669 0.0113669 0.0082065 0.0165329 0.000482441 0.00158019 0.00036569 0.00025866
0.643962 0.057535 0.0580004 0.0570697 0.00939648 0.0109198 0.00787318 0.0161364 0.000465347 0.00152329 0.000353502 0.000250874
0.647353 0.0557201 0.0561689 0.0552714 0.00901743 0.0104854 0.00754944 0.0157446 0.000448726 0.00146799 0.00034161 0.000243232
0.650744 0.0539346 0.0543672 0.0535021 0.0086494 0.0100636 0.00723516 0.0153576 0.000432566 0.00141424 0.00033001 0.000235732
0.654135 0.0521788 0.0525957 0.051762 0.00829221 0.00965422 0.00693019 0.0149753 0.000416858 0.00136201 0.000318696 0.000228374
0.657526 0.0504531 0.0508547 0.0500516 0.00794571 0.00925699 0.00663443 0.0145978 0.000401592 0.00131128 0.000307664 0.000221159
0.660916 0.0487578 0.0491445 0.048371 0.00760975 0.00887175 0.00634774 0.0142251 0.000386757 0.001262 0.00029691 0.000214085
0.664307 0.0470931 0.0474654 0.0467207 0.00728414 0.0084983 0.00606998 0.0138573 0.000372345 0.00121416 0.000286427 0.000207152
0.667698 0.0454592 0.0458176 0.0451009 0.00696873 0.00813643 0.00580102 0.0134944 0.000358347 0.00116771 0.000276213 0.000200359
0.671089 0.0438566 0.0442014 0.0435119 0.00666334 0.00778597 0.00554071 0.0131363 0.000344752 0.00112263 0.000266262 0.000193706
0.67448 0.0422853 0.0426169 0.0419538 0.0063678 0.00744669 0.00528891 0.0127832 0.000331553 0.00107889 0.00025657 0.000187193
0.677871 0.0407457 0.0410645 0.040427 0.00608194 0.0071184 0.00504548 0.0124351 0.00031874 0.00103646 0.000247132 0.000180818
0.681261 0.039238 0.0395443 0.0389317 0.00580557 0.00680089 0.00481026 0.0120919 0.000306305 0.000995313 0.000237945 0.000174581
0.684652 0.0377621 0.0380564 0.0374679 0.00553854 0.00649396 0.00458312 0.0117537 0.000294239 0.00095542 0.000229004 0.000168481
0.688043 0.0363184 0.0366009 0.0360359 0.00528064 0.00619739 0.00436388 0.0114205 0.000282536 0.000916753 0.000220306 0.000162517
0.691434 0.0349069 0.0351781 0.0346357 0.0050317 0.00591099 0.00415242 0.0110924 0.000271186 0.000879286 0.000211845 0.000156689
0.694825 0.0335278 0.033788 0.0332676 0.00479155 0.00563454 0.00394856 0.0107693 0.000260181 0.000842991 0.000203618 0.000150995
0.698216 0.032181 0.0324305 0.0319315 0.00455999 0.00536783 0.00375215 0.0104513 0.000249515 0.000807842 0.000195621 0.000145435
0.701606 0.0308667 0.0311059 0.0306276 0.00433686 0.00511067 0.00356304 0.0101384 0.00023918 0.000773814 0.000187849 0.000140008
0.704997 0.0295849 0.0298141 0.0293558 0.00412195 0.00486283 0.00338107 0.00983067 0.000229167 0.000740882 0.0001803 0.000134713
0.708388 0.0283356 0.0285551 0.0281162 0.00391509 0.00462411 0.00320607 0.00952801 0.000219471 0.000709019 0.000172969 0.000129549
0.711779 0.0271188 0.0273289 0.0269087 0.00371609 0.0043943 0.00303789 0.0092305 0.000210084 0.000678202 0.000165852 0.000124514
0.71517 0.0259343 0.0261353 0.0257333 0.00352478 0.00417318 0.00287637 0.00893814 0.000200999 0.000648406 0.000158946 0.000119608
0.718561 0.0247822 0.0249744 0.02459 0.00334096 0.00396056 0.00272135 0.00865095 0.000192209 0.000619607 0.000152246 0.00011483
0.721951 0.0236623 0.023846 0.0234786 0.00316445 0.00375623 0.00257267 0.00836892 0.000183707 0.000591782 0.000145749 0.000110177
0.725342 0.0225745 0.02275 0.022399 0.00299507 0.00355997 0.00243016 0.00809208 0.000175488 0.000564908 0.000139451 0.00010565
0.728733 0.0215187 0.0216863 0.0213512 0.00283263 0.00337159 0.00229366 0.00782043 0.000167544 0.000538962 0.000133349 0.000101247
0.732124 0.0204947 0.0206546 0.0203348 0.00267695 0.00319087 0.00216303 0.00755396 0.000159869 0.000513921 0.000127439 9.69661e-05
0.735515 0.0195023 0.0196547 0.0193498 0.00252785 0.00301761 0.00203808 0.0072927 0.000152457 0.000489764 0.000121718 9.28065e-05
0.738906 0.0185412 0.0186865 0.0183959 0.00238515 0.00285162 0.00191868 0.00703662 0.000145302 0.000466469 0.000116181 8.87667e-05
0.742296 0.0176112 0.0177496 0.0174728 0.00224867 0.00269268 0.00180465 0.00678574 0.000138397 0.000444014 0.000110825 8.48454e-05
0.745687 0.0167121 0.0168439 0.0165804 0.00211822 0.0025406 0.00169584 0.00654006 0.000131738 0.000422379 0.000105647 8.10411e-05
0.749078 0.0158436 0.0159689 0.0157182 0.00199364 0.00239518 0.0015921 0.00629956 0.000125317 0.000401542 0.000100643 7.73523e-05
0.752469 0.0150052 0.0151244 0.0148861 0.00187475 0.00225623 0.00149327 0.00606425 0.000119129 0.000381484 9.581e-05 7.37776e-05
0.75586 0.0141968 0.01431 0.0140836 0.00176137 0.00212355 0.00139919 0.00583411 0.000113169 0.000362184 9.1144e-05 7.03154e-05
0.759251 0.0134179 0.0135253 0.0133104 0.00165333 0.00199695 0.00130971 0.00560914 0.000107431 0.000343623 8.66418e-05 6.69641e-05
0.762641 0.0126681 0.01277 0.0125662 0.00155046 0.00187624 0.00122468 0.00538931 0.00010191 0.000325781 8.23e-05 6.37222e-05
0.766032 0.011947 0.0120436 0.0118504 0.00145259 0.00176123 0.00114395 0.00517463 9.65992e-05 0.000308639 7.81153e-05 6.0588e-05
0.769423 0.0112542 0.0113457 0.0111627 0.00135956 0.00165174 0.00106738 0.00496508 9.14944e-05 0.000292179 7.40841e-05 5.75599e-05
0.772814 0.0105893 0.0106759 0.0105027 0.0012712 0.00154758 0.000994817 0.00476063 8.65901e-05 0.000276381 7.02032e-05 5.46362e-05
0.776205 0.00995175 0.0100336 0.00986987 0.00118734 0.00144857 0.000926115 0.00456126 8.18811e-05 0.000261228 6.64692e-05 5.18152e-05
0.779596 0.00934109 0.00941845 0.00926373 0.00110784 0.00135454 0.000861135 0.00436697 7.73623e-05 0.000246702 6.28789e-05 4.90952e-05
0.782986 0.0087568 0.00882983 0.00868377 0.00103252 0.00126531 0.000799738 0.00417771 7.30287e-05 0.000232785 5.94289e-05 4.64743e-05
0.786377 0.00819837 0.00826725 0.0081295 0.000961244 0.0011807 0.000741785 0.00399347 6.88754e-05 0.00021946 5.61159e-05 4.3951e-05
0.789768 0.00766527 0.00773016 0.00760037 0.000893851 0.00110056 0.000687141 0.00381423 6.48973e-05 0.000206709 5.29368e-05 4.15232e-05
0.793159 0.00715692 0.00721801 0.00709583 0.000830192 0.00102471 0.000635675 0.00363994 6.10898e-05 0.000194517 4.98883e-05 3.91893e-05
0.79655 0.00667277 0.00673022 0.00661532 0.000770121 0.000952987 0.000587255 0.00347058 5.74481e-05 0.000182866 4.69672e-05 3.69474e-05
0.799941 0.00621223 0.00626619 0.00615826 0.000713495 0.000885235 0.000541754 0.00330611 5.39675e-05 0.00017174 4.41703e-05 3.47956e-05
0.803332 0.0057747 0.00582535 0.00572406 0.000660172 0.000821297 0.000499048 0.0031465 5.06434e-05 0.000161124 4.14945e-05 3.27321e-05
0.806722 0.00535958 0.00540706 0.00531211 0.000610015 0.000761017 0.000459014 0.00299171 4.74713e-05 0.000151002 3.89365e-05 3.07549e-05
0.810113 0.00496626 0.00501071 0.00492182 0.000562888 0.000704245 0.000421531 0.0028417 4.44466e-05 0.000141357 3.64933e-05 2.88622e-05
0.813504 0.0045941 0.00463567 0.00455254 0.00051866 0.000650836 0.000386483 0.00269643 4.15649e-05 0.000132176 3.41617e-05 2.70521e-05
0.816895 0.00424249 0.00428131 0.00420366 0.000477201 0.000600644 0.000353757 0.00255586 3.88219e-05 0.000123443 3.19388e-05 2.53226e-05
0.820286 0.00391076 0.00394697 0.00387454 0.000438386 0.00055353 0.000323242 0.00241993 3.62133e-05 0.000115144 2.98214e-05 2.36717e-05
0.823677 0.00359828 0.00363201 0.00356454 0.000402093 0.000509356 0.000294829 0.00228861 3.37349e-05 0.000107264 2.78065e-05 2.20976e-05
0.827067 0.0033044 0.00333579 0.00327302 0.000368201 0.00046799 0.000268412 0.00216183 3.13824e-05 9.97889e-05 2.58911e-05 2.05983e-05
0.830458 0.00302847 0.00305762 0.00299932 0.000336595 0.0004293 0.00024389 0.00203956 2.91518e-05 9.27052e-05 2.40722e-05 1.91717e-05
0.833849 0.00276983 0.00279687 0.00274279 0.000307163 0.000393162 0.000221164 0.00192172 2.70389e-05 8.59991e-05 2.23468e-05 1.78161e-05
0.83724 0.00252782 0.00255286 0.00250278 0.000279793 0.00035945 0.000200136 0.00180828 2.50399e-05 7.96572e-05 2.07121e-05 1.65293e-05
0.840631 0.00230179 0.00232494 0.00227864 0.00025438 0.000328046 0.000180713 0.00169917 2.31508e-05 7.36664e-05 1.91651e-05 1.53094e-05
0.844022 0.00209108 0.00211245 0.00206972 0.00023082 0.000298834 0.000162806 0.00159432 2.13676e-05 6.80139e-05 1.77029e-05 1.41544e-05
0.847412 0.00189505 0.00191474 0.00187537 0.000209014 0.000271701 0.000146327 0.00149369 1.96867e-05 6.26869e-05 1.63226e-05 1.30624e-05
0.850803 0.00171305 0.00173115 0.00169495 0.000188865 0.000246538 0.000131192 0.0013972 1.81041e-05 5.7673e-05 1.50215e-05 1.20313e-05
0.854194 0.00154443 0.00156105 0.00152781 0.000170279 0.000223239 0.000117319 0.00130479 1.66163e-05 5.29602e-05 1.37968e-05 1.10593e-05
0.857585 0.00138856 0.00140378 0.00137334 0.000153167 0.000201703 0.00010463 0.00121639 1.52196e-05 4.85364e-05 1.26457e-05 1.01443e-05
0.860976 0.00124481 0.00125872 0.0012309 0.00013744 0.00018183 9.30506e-05 0.00113193 1.39103e-05 4.43899e-05 1.15654e-05 9.28444e-06
0.864367 0.00111256 0.00112525 0.00109988 0.000123017 0.000163526 8.25074e-05 0.00105134 1.26851e-05 4.05093e-05 1.05532e-05 8.47769e-06
0.867757 0.000991203 0.00100274 0.000979663 0.000109815 0.000146698 7.29314e-05 0.000974556 1.15404e-05 3.68834e-05 9.60657e-06 7.72213e-06
0.871148 0.000880136 0.000890609 0.000869663 9.77572e-05 0.000131258 6.42561e-05 0.00090149 1.04728e-05 3.35011e-05 8.72275e-06 7.01584e-06
0.874539 0.000778771 0.00078825 0.000769292 8.67696e-05 0.000117121 5.64179e-05 0.000832071 9.47893e-06 3.03517e-05 7.89917e-06 6.3569e-06
0.87793 0.000686533 0.000695088 0.000677977 7.67809e-05 0.000104206 4.93562e-05 0.000766221 8.55561e-06 2.74247e-05 7.13327e-06 5.7434e-06
0.881321 0.000602861 0.00061056 0.000595161 6.77226e-05 9.24323e-05 4.3013e-05 0.00070386 7.69958e-06 2.47097e-05 6.42252e-06 5.17345e-06
0.884712 0.000527206 0.000534114 0.000520298 5.95297e-05 8.17263e-05 3.73331e-05 0.000644906 6.90767e-06 2.21966e-05 5.76442e-06 4.64519e-06
0.888102 0.000459036 0.000465213 0.000452859 5.21398e-05 7.20154e-05 3.22642e-05 0.000589276 6.1768e-06 1.98756e-05 5.15652e-06 4.15676e-06
0.891493 0.000397835 0.000403339 0.000392331 4.54936e-05 6.32307e-05 2.77564e-05 0.000536886 5.50392e-06 1.77371e-05 4.5964e-06 3.70632e-06
0.894884 0.000343101 0.000347988 0.000338215 3.95346e-05 5.53063e-05 2.37629e-05 0.00048765 4.88607e-06 1.57717e-05 4.08171e-06 3.29206e-06
0.898275 0.000294354 0.000298675 0.000290034 3.42091e-05 4.81793e-05 2.02389e-05 0.00044148 4.32035e-06 1.39702e-05 3.61009e-06 2.91218e-06
0.901666 0.000251127 0.000254931 0.000247323 2.94662e-05 4.17897e-05 1.71426e-05 0.000398287 3.8039e-06 1.23236e-05 3.17927e-06 2.56493e-06
0.905057 0.000212975 0.000216309 0.000209642 2.52576e-05 3.60808e-05 1.44344e-05 0.000357982 3.33395e-06 1.08232e-05 2.787e-06 2.24856e-06
0.908447 0.000179469 0.000182377 0.000176562 2.15379e-05 3.09984e-05 1.20773e-05 0.000320471 2.90779e-06 9.46053e-06 2.43108e-06 1.96135e-06
0.911838 0.000150201 0.000152724 0.000147679 1.82639e-05 2.64912e-05 1.00365e-05 0.000285663 2.52278e-06 8.22732e-06 2.10936e-06 1.70162e-06
0.915229 0.000124783 0.000126959 0.000122607 1.53951e-05 2.25106e-05 8.27963e-06 0.000253463 2.17632e-06 7.1155e-06 1.81974e-06 1.46773e-06
0.91862 0.000102845 0.000104711 0.000100979 1.28936e-05 1.90109e-05 6.77635e-06 0.000223776 1.86591e-06 6.11727e-06 1.56016e-06 1.25803e-06
0.922011 8.4038e-05 8.56271e-05 8.24489e-05 1.07237e-05 1.59487e-05 5.49864e-06 0.000196506 1.58911e-06 5.22502e-06 1.32861e-06 1.07096e-06
0.925402 6.80335e-05 6.93771e-05 6.669e-05 8.85191e-06 1.32833e-05 4.42052e-06 0.000171554 1.34354e-06 4.43139e-06 1.12314e-06 9.04944e-07
0.928792 5.4523e-05 5.56499e-05 5.33961e-05 7.24725e-06 1.09765e-05 3.51801e-06 0.000148823 1.1269e-06 3.72924e-06 9.41851e-07 7.58478e-07
0.932183 4.32179e-05 4.41549e-05 4.2281e-05 5.88076e-06 8.99241e-06 2.7691e-06 0.000128212 9.36957e-07 3.11166e-06 7.82893e-07 6.3008e-07
0.935574 3.38499e-05 3.46215e-05 3.30784e-05 4.72559e-06 7.29756e-06 2.15362e-06 0.000109623 7.71551e-07 2.57197e-06 6.44476e-07 5.18313e-07
0.938965 2.61707e-05 2.67993e-05 2.55421e-05 3.75695e-06 5.86067e-06 1.65324e-06 9.29531e-05 6.28596e-07 2.10372e-06 5.24866e-07 4.21781e-07
0.942356 1.99515e-05 2.04576e-05 1.94454e-05 2.95198e-06 4.65267e-06 1.2513e-06 7.81016e-05 5.06082e-07 1.70069e-06 4.22387e-07 3.39132e-07
0.945747 1.49832e-05 1.53853e-05 1.45812e-05 2.28972e-06 3.64662e-06 9.32815e-07 6.49661e-05 4.02075e-07 1.3569e-06 3.35424e-07 2.6906e-07
0.949137 1.10757e-05 1.13904e-05 1.07609e-05 1.75099e-06 2.81761e-06 6.84373e-07 5.34439e-05 3.14719e-07 1.06662e-06 2.62425e-07 2.10306e-07
0.952528 8.05719e-06 8.29943e-06 7.81495e-06 1.31837e-06 2.14269e-06 4.94041e-07 4.34323e-05 2.42237e-07 8.24325e-07 2.019e-07 1.61658e-07
0.955919 5.77451e-06 5.95744e-06 5.59158e-06 9.76069e-07 1.60083e-06 3.51304e-07 3.48284e-05 1.82932e-07 6.24765e-07 1.52424e-07 1.2196e-07
0.95931 4.09189e-06 4.22708e-06 3.9567e-06 7.09906e-07 1.17283e-06 2.46984e-07 2.75298e-05 1.3519e-07 4.62922e-07 1.12643e-07 9.01049e-08
0.962701 2.89072e-06 2.9882e-06 2.79323e-06 5.07203e-07 8.41234e-07 1.73172e-07 2.14346e-05 9.7484e-08 3.34031e-07 8.12682e-08 6.50434e-08
0.966092 2.06895e-06 2.13732e-06 2.00058e-06 3.5673e-07 5.90312e-07 1.23148e-07 1.64425e-05 6.83708e-08 2.33582e-07 5.70857e-08 4.57831e-08
0.969482 1.54071e-06 1.58721e-06 1.49421e-06 2.48658e-07 4.05984e-07 9.13317e-08 1.24556e-05 4.6498e-08 1.57326e-07 3.89545e-08 3.13918e-08
0.972873 1.23608e-06 1.26669e-06 1.20548e-06 1.74517e-07 2.75801e-07 7.32328e-08 9.38098e-06 3.06042e-08 1.01284e-07 2.58105e-08 2.09997e-08
0.976264 1.10173e-06 1.12125e-06 1.08221e-06 1.27212e-07 1.88963e-07 6.54621e-08 7.13454e-06 1.95223e-08 6.17503e-08 1.66685e-08 1.38015e-08
0.979655 1.10344e-06 1.11562e-06 1.09126e-06 1.01169e-07 1.36476e-07 6.58617e-08 5.65135e-06 1.21816e-08 3.53073e-08 1.06243e-08 9.05814e-09
0.983046 1.23531e-06 1.24292e-06 1.2277e-06 9.2869e-08 1.11702e-07 7.40357e-08 4.91311e-06 7.60791e-09 1.88334e-08 6.85467e-09 6.09636e-09
0.986437 1.55714e-06 1.56205e-06 1.55222e-06 1.03102e-07 1.12616e-07 9.35874e-08 5.0463e-06 4.91598e-09 9.51423e-09 4.60857e-09 4.29874e-09
0.989827 2.45865e-06 2.4619e-06 2.45539e-06 1.52875e-07 1.57711e-07 1.48039e-07 6.88361e-06 3.25171e-09 4.83641e-09 3.14619e-09 3.03971e-09
0.993218 1.15737e-05 1.15741e-05 1.15734e-05 7.00778e-07 7.03784e-07 6.97772e-07 4.01539e-05 3.53972e-10 3.00624e-09 1.77871e-10 0
4.01075e-314 inf inf inf inf inf inf 0.000114442 8.53106 0.330462 0.199568 0.124484
