9.72476e-05 16.8099 17.6896 15.9302 9.07484 9.68346 8.46621 23.5376 0.879738 0.608629 0.343033 0.333187
0.0001 16.7013 17.5769 15.8257 9.0152 9.62064 8.40975 23.3151 0.875589 0.605444 0.340397 0.330445
0.00010283 16.5941 17.4655 15.7226 8.95633 9.5586 8.35405 23.0943 0.87146 0.602278 0.33778 0.327721
0.000105741 16.4907 17.358 15.6233 8.89957 9.4987 8.30044 22.8752 0.867352 0.59913 0.335184 0.325016
0.000108734 16.3816 17.2449 15.5184 8.83971 9.43571 8.24371 22.6578 0.863265 0.596001 0.332606 0.322329
0.000111811 16.2732 17.1324 15.414 8.78021 9.3731 8.18732 22.4422 0.859198 0.592891 0.330048 0.31966
0.000114976 16.1654 17.0205 15.3102 8.72102 9.31082 8.13122 22.2282 0.855151 0.589799 0.327509 0.317009
0.00011823 16.0581 16.9093 15.207 8.66217 9.24889 8.07544 22.0159 0.851125 0.586726 0.324989 0.314376
0.000121576 15.9515 16.7986 15.1044 8.60365 9.18732 8.01998 21.8053 0.847118 0.58367 0.322488 0.311761
0.000125017 15.8454 16.6885 15.0023 8.54545 9.12609 7.96482 21.5963 0.843132 0.580633 0.320005 0.309164
0.000128556 15.7399 16.5791 14.9007 8.48758 9.06519 7.90997 21.389 0.839165 0.577614 0.317542 0.306584
0.000132194 15.635 16.4702 14.7998 8.43004 9.00465 7.85543 21.1833 0.835217 0.574613 0.315097 0.304022
0.000135936 15.5307 16.362 14.6994 8.37282 8.94445 7.80119 20.9792 0.831289 0.57163 0.312671 0.301478
0.000139783 15.4269 16.2543 14.5995 8.31591 8.88458 7.74725 20.7768 0.827381 0.568664 0.310264 0.29895
0.000143739 15.3237 16.1472 14.5002 8.25934 8.82506 7.69362 20.576 0.823491 0.565716 0.307875 0.296441
0.000147808 15.2211 16.0407 14.4015 8.20307 8.76586 7.64029 20.3767 0.819621 0.562785 0.305504 0.293947
0.000151991 15.119 15.9348 14.3032 8.14713 8.707 7.58726 20.1791 0.815769 0.559872 0.303152 0.291472
0.000156293 15.0175 15.8295 14.2056 8.0915 8.64848 7.53452 19.983 0.811937 0.556976 0.300817 0.289013
0.000160717 14.9166 15.7247 14.1085 8.03619 8.59028 7.48209 19.7884 0.808122 0.554097 0.298501 0.286571
0.000165265 14.8162 15.6205 14.0119 7.98118 8.53241 7.42994 19.5955 0.804327 0.551235 0.296203 0.284145
0.000169943 14.7164 15.5169 13.9158 7.92649 8.47488 7.3781 19.404 0.800549 0.548391 0.293923 0.281737
0.000174753 14.6171 15.4139 13.8203 7.87211 8.41768 7.32655 19.2141 0.79679 0.545563 0.29166 0.279345
0.000179699 14.5184 15.3114 13.7253 7.81804 8.36079 7.27528 19.0257 0.793049 0.542751 0.289415 0.276969
0.000184785 14.4202 15.2095 13.6309 7.76427 8.30423 7.22432 18.8388 0.789326 0.539957 0.287188 0.27461
0.000190015 14.3226 15.1082 13.537 7.71081 8.24799 7.17363 18.6534 0.785621 0.537179 0.284978 0.272267
0.000195393 14.2255 15.0074 13.4436 7.65766 8.19207 7.12324 18.4696 0.781933 0.534417 0.282786 0.26994
0.000200923 14.1289 14.9072 13.3507 7.6048 8.13647 7.07313 18.2871 0.778263 0.531672 0.280612 0.26763
0.00020661 14.0329 14.8075 13.2583 7.55225 8.08119 7.02331 18.1062 0.774611 0.528943 0.278454 0.265335
0.000212458 13.9374 14.7084 13.1665 7.49999 8.02622 6.97376 17.9267 0.770975 0.52623 0.276314 0.263056
0.000218471 13.8425 14.6099 13.0752 7.44805 7.97158 6.92451 17.7487 0.767357 0.523533 0.274191 0.260794
0.000224655 13.7481 14.5119 12.9843 7.39639 7.91724 6.87554 17.5721 0.763756 0.520853 0.272085 0.258547
0.000231013 13.6542 14.4144 12.894 7.34503 7.86321 6.82684 17.3969 0.760171 0.518187 0.269996 0.256315
0.000237551 13.5609 14.3175 12.8043 7.29396 7.8095 6.77843 17.2231 0.756604 0.515538 0.267924 0.254099
0.000244275 13.468 14.2211 12.715 7.24319 7.75609 6.73028 17.0508 0.753052 0.512904 0.265869 0.251898
0.000251189 13.3757 14.1252 12.6262 7.19271 7.70299 6.68242 16.8799 0.749517 0.510286 0.263831 0.249713
0.000258298 13.2839 14.0299 12.5379 7.14252 7.6502 6.63483 16.7103 0.745999 0.507683 0.261809 0.247544
0.000265609 13.1926 13.9351 12.4501 7.09262 7.59771 6.58752 16.5422 0.742497 0.505095 0.259803 0.245389
0.000273126 13.1018 13.8408 12.3628 7.043 7.54552 6.54048 16.3754 0.73901 0.502523 0.257815 0.243249
0.000280857 13.0116 13.7471 12.276 6.99368 7.49364 6.49371 16.2099 0.73554 0.499966 0.255842 0.241125
0.000288806 12.9218 13.6539 12.1898 6.94464 7.44206 6.44721 16.0459 0.732085 0.497424 0.253887 0.239015
0.00029698 12.8326 13.5612 12.1039 6.89587 7.39077 6.40098 15.8831 0.728645 0.494896 0.251947 0.23692
0.000305386 12.7439 13.4691 12.0186 6.8474 7.33978 6.35502 15.7217 0.725222 0.492384 0.250023 0.234841
0.000314029 12.6556 13.3774 11.9338 6.7992 7.28909 6.30932 15.5617 0.721813 0.489886 0.248116 0.232775
0.000322917 12.5679 13.2863 11.8494 6.75129 7.23869 6.26388 15.4029 0.718419 0.487403 0.246224 0.230724
0.000332057 12.4806 13.1957 11.7656 6.70365 7.18858 6.21872 15.2455 0.715041 0.484934 0.244349 0.228688
0.000341455 12.3939 13.1055 11.6822 6.65629 7.13877 6.17381 15.0893 0.711677 0.48248 0.242489 0.226666
0.000351119 12.3076 13.0159 11.5993 6.60921 7.08925 6.12917 14.9345 0.708328 0.48004 0.240645 0.224659
0.000361057 12.2218 12.9268 11.5168 6.5624 7.04001 6.08479 14.7809 0.704994 0.477614 0.238817 0.222666
0.000371276 12.1366 12.8382 11.4349 6.51587 6.99107 6.04066 14.6286 0.701674 0.475203 0.237005 0.220687
0.000381784 12.0518 12.7501 11.3534 6.4696 6.94241 5.9968 14.4776 0.698368 0.472805 0.235208 0.218722
0.00039259 11.9675 12.6625 11.2724 6.42361 6.89403 5.95319 14.3278 0.695077 0.470421 0.233427 0.216771
0.000403702 11.8836 12.5754 11.1918 6.37789 6.84594 5.90983 14.1792 0.691799 0.468052 0.231661 0.214834
0.000415128 11.8003 12.4888 11.1117 6.33243 6.79813 5.86674 14.0319 0.688535 0.465695 0.22991 0.212911
0.000426877 11.7174 12.4027 11.0321 6.28724 6.7506 5.82389 13.8859 0.685285 0.463353 0.228175 0.211001
0.000438959 11.635 12.317 10.9529 6.24232 6.70335 5.7813 13.741 0.682048 0.461024 0.226455 0.209106
0.000451383 11.553 12.2319 10.8742 6.19766 6.65637 5.73896 13.5974 0.678824 0.458708 0.22475 0.207223
0.000464159 11.4716 12.1472 10.796 6.15327 6.60968 5.69687 13.4549 0.675614 0.456406 0.22306 0.205355
0.000477296 11.3906 12.063 10.7182 6.10914 6.56326 5.65502 13.3137 0.672417 0.454117 0.221385 0.2035
0.000490805 11.31 11.9793 10.6408 6.06527 6.51711 5.61343 13.1737 0.669233 0.451841 0.219724 0.201658
0.000504697 11.23 11.896 10.5639 6.02166 6.47124 5.57208 13.0348 0.666061 0.449578 0.218079 0.199829
0.000518981 11.1504 11.8133 10.4875 5.97831 6.42563 5.53098 12.8971 0.662902 0.447328 0.216448 0.198014
0.00053367 11.0712 11.731 10.4115 5.93521 6.3803 5.49012 12.7605 0.659755 0.445091 0.214833 0.196212
0.000548775 10.9925 11.6491 10.3359 5.89237 6.33524 5.4495 12.6252 0.656621 0.442867 0.213231 0.194422
0.000564307 10.9143 11.5678 10.2608 5.84979 6.29044 5.40913 12.4909 0.653498 0.440655 0.211644 0.192646
0.000580278 10.8365 11.4869 10.1861 5.80746 6.24591 5.369 12.3578 0.650388 0.438455 0.210072 0.190883
0.000596702 10.7592 11.4064 10.1119 5.76538 6.20165 5.32911 12.2259 0.647289 0.436269 0.208514 0.189133
0.000613591 10.6823 11.3265 10.0381 5.72355 6.15765 5.28946 12.095 0.644202 0.434094 0.20697 0.187395
0.000630957 10.6058 11.2469 9.96469 5.68197 6.11391 5.25004 11.9653 0.641126 0.431932 0.205441 0.18567
0.000648815 10.5298 11.1679 9.89176 5.64065 6.07043 5.21087 11.8367 0.638062 0.429782 0.203925 0.183958
0.000667179 10.4543 11.0893 9.81925 5.59957 6.02721 5.17192 11.7091 0.635008 0.427644 0.202424 0.182258
0.000686062 10.3791 11.0111 9.74717 5.55873 5.98425 5.13321 11.5827 0.631966 0.425518 0.200937 0.18057
0.00070548 10.3044 10.9334 9.67551 5.51814 5.94154 5.09474 11.4573 0.628934 0.423403 0.199463 0.178895
0.000725448 10.2302 10.8561 9.60428 5.4778 5.8991 5.0565 11.3331 0.625913 0.421301 0.198004 0.177232
0.00074598 10.1564 10.7793 9.53347 5.43769 5.8569 5.01849 11.2099 0.622902 0.41921 0.196558 0.175582
0.000767094 10.083 10.7029 9.46309 5.39784 5.81497 4.98071 11.0877 0.619902 0.41713 0.195126 0.173943
0.000788805 10.01 10.6269 9.39312 5.35822 5.77328 4.94316 10.9666 0.616911 0.415062 0.193707 0.172317
0.000811131 9.93749 10.5514 9.32356 5.31884 5.73185 4.90583 10.8466 0.613931 0.413005 0.192302 0.170703
0.000834088 9.86539 10.4763 9.25443 5.2797 5.69066 4.86874 10.7276 0.61096 0.41096 0.190911 0.1691
0.000857696 9.7937 10.4017 9.1857 5.2408 5.64972 4.83187 10.6096 0.607998 0.408926 0.189533 0.16751
0.000881971 9.72243 10.3275 9.11739 5.20213 5.60903 4.79523 10.4927 0.605046 0.406902 0.188168 0.165931
0.000906934 9.65159 10.2537 9.04948 5.1637 5.56859 4.75881 10.3767 0.602103 0.40489 0.186816 0.164364
0.000932603 9.58116 10.1803 8.98199 5.1255 5.52839 4.72261 10.2618 0.599169 0.402889 0.185478 0.162808
0.000958999 9.51113 10.1074 8.91489 5.08753 5.48843 4.68664 10.1479 0.596244 0.400898 0.184152 0.161265
0.000986142 9.44153 10.0349 8.84821 5.0498 5.44872 4.65089 10.035 0.593327 0.398918 0.18284 0.159732
0.00101405 9.37234 9.96276 8.78192 5.0123 5.40925 4.61535 9.92304 0.590419 0.396948 0.18154 0.158212
0.00104275 9.30355 9.89107 8.71603 4.97503 5.37002 4.58004 9.81209 0.587519 0.394988 0.180254 0.156702
0.00107227 9.23517 9.8198 8.65055 4.93798 5.33102 4.54495 9.70211 0.584627 0.39304 0.17898 0.155204
0.00110262 9.1672 9.74894 8.58545 4.90117 5.29227 4.51007 9.59311 0.581743 0.391101 0.177718 0.153717
0.00113382 9.09962 9.67849 8.52076 4.86458 5.25375 4.4754 9.48506 0.578866 0.389172 0.17647 0.152241
0.00116591 9.03245 9.60844 8.45645 4.82821 5.21546 4.44096 9.37797 0.575997 0.387253 0.175234 0.150776
0.00119891 8.96567 9.5388 8.39254 4.79207 5.17741 4.40672 9.27182 0.573135 0.385344 0.17401 0.149323
0.00123285 8.89929 9.46957 8.32901 4.75615 5.13959 4.3727 9.16662 0.57028 0.383445 0.172798 0.14788
0.00126774 8.83331 9.40074 8.26587 4.72045 5.10201 4.3389 9.06234 0.567432 0.381556 0.171599 0.146448
0.00130362 8.76771 9.3323 8.20312 4.68498 5.06465 4.3053 8.959 0.56459 0.379676 0.170412 0.145027
0.00134052 8.70251 9.26426 8.14075 4.64972 5.02753 4.27191 8.85658 0.561755 0.377806 0.169237 0.143617
0.00137846 8.6377 9.19662 8.07877 4.61468 4.99063 4.23874 8.75506 0.558926 0.375945 0.168075 0.142217
0.00141747 8.57327 9.12937 8.01716 4.57986 4.95396 4.20577 8.65447 0.556103 0.374093 0.166923 0.140828
0.00145759 8.50922 9.06251 7.95594 4.54526 4.91751 4.17301 8.55476 0.553286 0.37225 0.165784 0.13945
0.00149885 8.44556 8.99603 7.89509 4.51087 4.88129 4.14045 8.45596 0.550474 0.370416 0.164657 0.138082
0.00154127 8.38228 8.92995 7.83461 4.4767 4.84529 4.1081 8.35804 0.547668 0.368592 0.163541 0.136725
0.00158489 8.31938 8.86424 7.77451 4.44273 4.80951 4.07596 8.26101 0.544867 0.366776 0.162437 0.135378
0.00162975 8.25685 8.79892 7.71478 4.40899 4.77396 4.04402 8.16485 0.542071 0.364968 0.161344 0.134041
0.00167588 8.1947 8.73398 7.65543 4.37545 4.73862 4.01228 8.06956 0.539279 0.363169 0.160262 0.132714
0.00172331 8.13293 8.66942 7.59643 4.34212 4.7035 3.98074 7.97513 0.536492 0.361379 0.159192 0.131398
0.00177209 8.07152 8.60523 7.53781 4.30901 4.66861 3.94941 7.88156 0.533709 0.359597 0.158133 0.130092
0.00182224 8.01049 8.54142 7.47956 4.2761 4.63392 3.91827 7.78884 0.53093 0.357823 0.157085 0.128795
0.00187382 7.94982 8.47797 7.42166 4.24339 4.59945 3.88734 7.69697 0.528155 0.356058 0.156048 0.127509
0.00192685 7.88951 8.41489 7.36413 4.2109 4.5652 3.8566 7.60594 0.525383 0.3543 0.155022 0.126233
0.00198139 7.82957 8.35219 7.30696 4.17861 4.53116 3.82606 7.51573 0.522615 0.35255 0.154007 0.124966
0.00203747 7.76999 8.28984 7.25014 4.14652 4.49733 3.79571 7.42636 0.51985 0.350808 0.153002 0.123709
0.00209514 7.71078 8.22786 7.19369 4.11463 4.46371 3.76556 7.3378 0.517087 0.349073 0.152008 0.122462
0.00215443 7.65191 8.16624 7.13759 4.08295 4.4303 3.7356 7.25006 0.514327 0.347346 0.151024 0.121225
0.00221541 7.59341 8.10498 7.08184 4.05147 4.39709 3.70584 7.16313 0.51157 0.345627 0.150051 0.119997
0.00227812 7.53526 8.04407 7.02644 4.02018 4.3641 3.67627 7.077 0.508815 0.343914 0.149087 0.118779
0.00234259 7.47746 7.98352 6.9714 3.9891 4.33131 3.64689 6.99168 0.506061 0.342209 0.148134 0.11757
0.0024089 7.42001 7.92332 6.9167 3.95821 4.29873 3.6177 6.90714 0.503309 0.340511 0.147191 0.116371
0.00247708 7.36292 7.86348 6.86236 3.92753 4.26635 3.58871 6.82338 0.500558 0.33882 0.146258 0.115181
0.00254719 7.30616 7.80397 6.80836 3.89703 4.23417 3.5599 6.74041 0.497809 0.337135 0.145335 0.114
0.00261928 7.24976 7.74482 6.7547 3.86673 4.20219 3.53127 6.65821 0.49506 0.335457 0.144421 0.112828
0.00269341 7.1937 7.68601 6.70138 3.83663 4.17041 3.50284 6.57678 0.492312 0.333786 0.143517 0.111666
0.00276965 7.13797 7.62754 6.64841 3.80671 4.13883 3.47459 6.49612 0.489565 0.332121 0.142622 0.110513
0.00284804 7.08259 7.56941 6.59578 3.77699 4.10745 3.44653 6.41621 0.486817 0.330462 0.141737 0.109368
0.00292864 7.02755 7.51162 6.54348 3.74746 4.07627 3.41865 6.33705 0.484069 0.328809 0.14086 0.108233
0.00301153 6.97284 7.45416 6.49152 3.71812 4.04528 3.39096 6.25864 0.481321 0.327162 0.139993 0.107107
0.00309677 6.91847 7.39704 6.43989 3.68896 4.01449 3.36344 6.18098 0.478572 0.325521 0.139135 0.105989
0.00318442 6.86443 7.34025 6.38861 3.66 3.98389 3.33611 6.10404 0.475822 0.323886 0.138285 0.104881
0.00327455 6.81071 7.28378 6.33764 3.63122 3.95348 3.30896 6.02784 0.473071 0.322256 0.137444 0.103781
0.00336723 6.75733 7.22765 6.28701 3.60263 3.92326 3.28199 5.95237 0.470318 0.320632 0.136612 0.102689
0.00346253 6.70428 7.17184 6.23671 3.57422 3.89323 3.2552 5.87761 0.467563 0.319013 0.135787 0.101607
0.00356053 6.65155 7.11635 6.18674 3.54599 3.86339 3.22859 5.80357 0.464807 0.317399 0.134971 0.100532
0.00366131 6.59914 7.06119 6.13709 3.51794 3.83373 3.20215 5.73024 0.462048 0.31579 0.134163 0.0994667
0.00376494 6.54706 7.00634 6.08777 3.49008 3.80427 3.17589 5.65762 0.459286 0.314187 0.133363 0.0984095
0.0038715 6.49529 6.95181 6.03877 3.4624 3.77498 3.14981 5.58569 0.456522 0.312587 0.132571 0.0973606
0.00398107 6.44384 6.8976 5.99009 3.43489 3.74589 3.1239 5.51446 0.453754 0.310993 0.131786 0.0963201
0.00409375 6.39271 6.8437 5.94173 3.40757 3.71697 3.09817 5.44392 0.450983 0.309402 0.131009 0.0952878
0.00420962 6.3419 6.79011 5.89369 3.38042 3.68824 3.0726 5.37406 0.448209 0.307816 0.130239 0.0942637
0.00432876 6.2914 6.73683 5.84597 3.35345 3.65968 3.04721 5.30488 0.44543 0.306234 0.129476 0.0932477
0.00445128 6.2412 6.68385 5.79856 3.32665 3.6313 3.02199 5.23637 0.442647 0.304656 0.128721 0.0922398
0.00457727 6.19132 6.63118 5.75146 3.30002 3.6031 2.99694 5.16854 0.439859 0.303082 0.127971 0.0912399
0.00470682 6.14174 6.57881 5.70468 3.27357 3.57508 2.97206 5.10136 0.437067 0.301512 0.127229 0.0902479
0.00484003 6.09247 6.52674 5.6582 3.24729 3.54723 2.94734 5.03485 0.43427 0.299945 0.126493 0.0892639
0.00497702 6.04351 6.47497 5.61204 3.22118 3.51956 2.9228 4.96899 0.431467 0.298381 0.125763 0.0882877
0.00511789 5.99484 6.4235 5.56618 3.19524 3.49206 2.89842 4.90379 0.428658 0.296821 0.125039 0.0873193
0.00526274 5.94648 6.37232 5.52064 3.16947 3.46473 2.8742 4.83922 0.425844 0.295263 0.124322 0.0863586
0.0054117 5.89842 6.32144 5.47539 3.14386 3.43757 2.85015 4.7753 0.423023 0.293708 0.123609 0.0854056
0.00556486 5.85065 6.27084 5.43045 3.11842 3.41058 2.82627 4.71201 0.420196 0.292157 0.122903 0.0844601
0.00572237 5.80317 6.22054 5.38581 3.09315 3.38376 2.80254 4.64936 0.417362 0.290607 0.122201 0.0835222
0.00588433 5.756 6.17052 5.34148 3.06804 3.3571 2.77898 4.58733 0.414521 0.28906 0.121505 0.0825918
0.00605088 5.70911 6.12078 5.29744 3.04309 3.33061 2.75558 4.52592 0.411672 0.287515 0.120814 0.0816689
0.00622213 5.66251 6.07133 5.2537 3.01831 3.30428 2.73234 4.46512 0.408816 0.285972 0.120127 0.0807533
0.00639824 5.6162 6.02215 5.21025 2.99368 3.27812 2.70925 4.40494 0.405952 0.284431 0.119445 0.079845
0.00657933 5.57018 5.97326 5.1671 2.96922 3.25211 2.68633 4.34537 0.40308 0.282892 0.118768 0.078944
0.00676555 5.52444 5.92464 5.12424 2.94491 3.22627 2.66356 4.2864 0.4002 0.281354 0.118094 0.0780502
0.00695704 5.47899 5.8763 5.08168 2.92076 3.20058 2.64095 4.22803 0.39731 0.279817 0.117424 0.0771636
0.00715394 5.43381 5.82822 5.0394 2.89677 3.17505 2.61849 4.17025 0.394412 0.278282 0.116758 0.076284
0.00735642 5.38892 5.78042 4.99741 2.87293 3.14968 2.59618 4.11307 0.391505 0.276747 0.116095 0.0754114
0.00756463 5.3443 5.73289 4.95571 2.84925 3.12446 2.57403 4.05647 0.388588 0.275213 0.115436 0.0745458
0.00777874 5.29996 5.68562 4.9143 2.82571 3.09939 2.55203 4.00045 0.385662 0.27368 0.114779 0.0736872
0.0079989 5.25589 5.63862 4.87317 2.80233 3.07448 2.53018 3.945 0.382726 0.272147 0.114125 0.0728353
0.0082253 5.2121 5.59188 4.83232 2.7791 3.04971 2.50848 3.89013 0.379779 0.270614 0.113474 0.0719903
0.0084581 5.16857 5.5454 4.79175 2.75602 3.0251 2.48693 3.83583 0.376822 0.269081 0.112825 0.0711521
0.00869749 5.12532 5.49917 4.75147 2.73308 3.00063 2.46553 3.78209 0.373854 0.267549 0.112178 0.0703205
0.00894366 5.08233 5.45321 4.71146 2.71029 2.97631 2.44428 3.72891 0.370876 0.266015 0.111532 0.0694955
0.00919679 5.03961 5.4075 4.67172 2.68765 2.95213 2.42317 3.67628 0.367886 0.264481 0.110888 0.0686772
0.00945709 4.99715 5.36204 4.63227 2.66515 2.92809 2.4022 3.62421 0.364886 0.262947 0.110246 0.0678653
0.00972476 4.95496 5.31683 4.59308 2.64279 2.9042 2.38138 3.57268 0.361873 0.261411 0.109604 0.0670599
0.01 4.91302 5.27187 4.55417 2.62057 2.88044 2.3607 3.52169 0.358849 0.259874 0.108963 0.0662609
0.010283 4.87134 5.22715 4.51553 2.59849 2.85683 2.34016 3.47124 0.355813 0.258336 0.108323 0.0654683
0.0105741 4.82992 5.18269 4.47716 2.57655 2.83335 2.31976 3.42133 0.352765 0.256796 0.107682 0.0646819
0.0108734 4.78875 5.13846 4.43905 2.55475 2.81001 2.2995 3.37194 0.349705 0.255254 0.107042 0.0639018
0.0111811 4.74784 5.09447 4.40121 2.53309 2.7868 2.27938 3.32309 0.346632 0.253711 0.106402 0.0631279
0.0114976 4.70718 5.05073 4.36363 2.51155 2.76372 2.25939 3.27475 0.343547 0.252165 0.10576 0.0623601
0.011823 4.66677 5.00722 4.32632 2.49015 2.74077 2.23954 3.22693 0.340449 0.250617 0.105118 0.0615984
0.0121576 4.62661 4.96395 4.28927 2.46888 2.71795 2.21982 3.17963 0.337339 0.249066 0.104475 0.0608427
0.0125017 4.58669 4.92091 4.25248 2.44775 2.69526 2.20023 3.13283 0.334215 0.247512 0.103831 0.0600929
0.0128556 4.54702 4.8781 4.21594 2.42674 2.67269 2.18078 3.08654 0.331079 0.245955 0.103185 0.0593491
0.0132194 4.50759 4.83552 4.17966 2.40585 2.65025 2.16146 3.04075 0.327929 0.244395 0.102536 0.0586111
0.0135936 4.4684 4.79316 4.14363 2.38509 2.62792 2.14226 2.99546 0.324766 0.242832 0.101886 0.0578789
0.0139783 4.42945 4.75104 4.10786 2.36446 2.60572 2.1232 2.95066 0.32159 0.241264 0.101233 0.0571525
0.0143739 4.39073 4.70913 4.07233 2.34395 2.58364 2.10425 2.90635 0.3184 0.239693 0.100578 0.0564317
0.0147808 4.35226 4.66745 4.03706 2.32356 2.56167 2.08544 2.86253 0.315197 0.238118 0.0999188 0.0557166
0.0151991 4.31401 4.62599 4.00203 2.30328 2.53982 2.06675 2.81919 0.311981 0.236538 0.0992568 0.0550071
0.0156293 4.276 4.58475 3.96725 2.28313 2.51808 2.04817 2.77633 0.308751 0.234954 0.0985911 0.0543031
0.0160717 4.23822 4.54373 3.93271 2.26309 2.49645 2.02972 2.73394 0.305508 0.233364 0.0979216 0.0536046
0.0165265 4.20067 4.50292 3.89841 2.24316 2.47493 2.01139 2.69202 0.302252 0.23177 0.0972479 0.0529115
0.0169943 4.16334 4.46232 3.86435 2.22335 2.45352 1.99318 2.65057 0.298983 0.230171 0.0965698 0.0522238
0.0174753 4.12623 4.42193 3.83053 2.20364 2.43221 1.97508 2.60958 0.2957 0.228566 0.095887 0.0515414
0.0179699 4.08935 4.38176 3.79695 2.18405 2.411 1.95709 2.56905 0.292404 0.226955 0.0951992 0.0508643
0.0184785 4.05269 4.34179 3.7636 2.16456 2.3899 1.93922 2.52897 0.289095 0.225339 0.0945063 0.0501924
0.0190015 4.01626 4.30203 3.73048 2.14518 2.36889 1.92146 2.48934 0.285774 0.223716 0.0938078 0.0495257
0.0195393 3.98003 4.26247 3.69759 2.1259 2.34798 1.90381 2.45016 0.28244 0.222087 0.0931037 0.0488641
0.0200923 3.94402 4.22312 3.66493 2.10672 2.32717 1.88627 2.41143 0.279093 0.220451 0.0923935 0.0482075
0.020661 3.90823 4.18396 3.6325 2.08764 2.30645 1.86883 2.37313 0.275734 0.218809 0.0916772 0.047556
0.0212458 3.87265 4.14501 3.60028 2.06865 2.28581 1.85149 2.33527 0.272363 0.217159 0.0909544 0.0469094
0.0218471 3.83727 4.10625 3.56829 2.04976 2.26527 1.83426 2.29784 0.26898 0.215502 0.0902249 0.0462678
0.0224655 3.8021 4.06769 3.53652 2.03097 2.24481 1.81713 2.26084 0.265585 0.213838 0.0894885 0.045631
0.0231013 3.76714 4.02932 3.50496 2.01226 2.22443 1.8001 2.22427 0.262179 0.212166 0.088745 0.0449991
0.0237551 3.73239 3.99115 3.47362 1.99365 2.20414 1.78316 2.18811 0.258763 0.210487 0.0879941 0.0443719
0.0244275 3.69783 3.95317 3.4425 1.97512 2.18392 1.76632 2.15237 0.255336 0.208799 0.0872357 0.0437495
0.0251189 3.66348 3.91537 3.41158 1.95668 2.16378 1.74957 2.11704 0.251898 0.207102 0.0864696 0.0431317
0.0258298 3.62932 3.87777 3.38087 1.93831 2.14371 1.73291 2.08213 0.248451 0.205398 0.0856956 0.0425186
0.0265609 3.59535 3.84035 3.35036 1.92003 2.12371 1.71635 2.04762 0.244995 0.203684 0.0849134 0.04191
0.0273126 3.56158 3.80311 3.32005 1.90182 2.10378 1.69986 2.01351 0.24153 0.201962 0.0841231 0.041306
0.0280857 3.528 3.76606 3.28995 1.88369 2.08392 1.68346 1.9798 0.238056 0.20023 0.0833243 0.0407065
0.0288806 3.49461 3.72919 3.26004 1.86563 2.06412 1.66714 1.94648 0.234575 0.198489 0.0825171 0.0401115
0.029698 3.46141 3.6925 3.23032 1.84765 2.04438 1.65091 1.91355 0.231087 0.196739 0.0817011 0.0395208
0.0305386 3.42839 3.65598 3.2008 1.82973 2.0247 1.63475 1.88101 0.227592 0.194978 0.0808765 0.0389346
0.0314029 3.39555 3.61964 3.17146 1.81187 2.00508 1.61866 1.84886 0.224091 0.193208 0.0800429 0.0383527
0.0322917 3.3629 3.58348 3.14231 1.79407 1.9855 1.60265 1.81708 0.220584 0.191428 0.0792005 0.037775
0.0332057 3.33042 3.54749 3.11335 1.77634 1.96598 1.5867 1.78568 0.217073 0.189638 0.078349 0.0372016
0.0341455 3.29811 3.51167 3.08456 1.75866 1.9465 1.57083 1.75465 0.213558 0.187837 0.0774885 0.0366324
0.0351119 3.26598 3.47602 3.05594 1.74104 1.92707 1.55501 1.72399 0.21004 0.186026 0.0766189 0.0360674
0.0361057 3.23402 3.44054 3.0275 1.72347 1.90767 1.53926 1.6937 0.206519 0.184204 0.0757402 0.0355065
0.0371276 3.20223 3.40522 2.99923 1.70594 1.88831 1.52357 1.66376 0.202997 0.182371 0.0748525 0.0349497
0.0381784 3.1706 3.37007 2.97112 1.68847 1.86899 1.50794 1.63418 0.199474 0.180527 0.0739556 0.034397
0.039259 3.13913 3.33508 2.94318 1.67103 1.8497 1.49236 1.60496 0.195952 0.178672 0.0730498 0.0338482
0.0403702 3.10782 3.30025 2.91539 1.65363 1.83044 1.47683 1.57609 0.19243 0.176805 0.0721349 0.0333035
0.0415128 3.07667 3.26558 2.88776 1.63628 1.8112 1.46135 1.54756 0.18891 0.174927 0.0712112 0.0327627
0.0426877 3.04568 3.23107 2.86028 1.61895 1.79199 1.44591 1.51938 0.185393 0.173038 0.0702787 0.0322259
0.0438959 3.01483 3.19671 2.83295 1.60165 1.77279 1.43052 1.49153 0.18188 0.171137 0.0693375 0.0316929
0.0451383 2.98414 3.16251 2.80576 1.58438 1.75361 1.41516 1.46402 0.178373 0.169225 0.0683878 0.0311638
0.0464159 2.95358 3.12845 2.77871 1.56714 1.73444 1.39984 1.43684 0.174871 0.167301 0.0674297 0.0306385
0.0477296 2.92317 3.09455 2.7518 1.54991 1.71528 1.38455 1.40999 0.171376 0.165365 0.0664635 0.0301171
0.0490805 2.8929 3.06079 2.72501 1.53271 1.69612 1.36929 1.38347 0.167889 0.163417 0.0654893 0.0295994
0.0504697 2.86276 3.02717 2.69835 1.51551 1.67697 1.35405 1.35726 0.164412 0.161457 0.0645073 0.0290855
0.0518981 2.83275 2.9937 2.67181 1.49833 1.65781 1.33884 1.33137 0.160945 0.159485 0.0635179 0.0285753
0.053367 2.80288 2.96037 2.64539 1.48115 1.63865 1.32365 1.3058 0.15749 0.157502 0.0625212 0.0280688
0.0548775 2.77312 2.92717 2.61908 1.46398 1.61948 1.30847 1.28054 0.154048 0.155507 0.0615176 0.0275659
0.0564307 2.74349 2.89411 2.59287 1.4468 1.6003 1.2933 1.25558 0.15062 0.153499 0.0605074 0.0270668
0.0580278 2.71397 2.86118 2.56677 1.42963 1.58111 1.27815 1.23092 0.147207 0.15148 0.059491 0.0265713
0.0596702 2.68457 2.82838 2.54076 1.41244 1.56189 1.26299 1.20657 0.143811 0.14945 0.0584687 0.0260794
0.0613591 2.65527 2.7957 2.51484 1.39525 1.54265 1.24784 1.18251 0.140433 0.147407 0.0574408 0.0255912
0.0630957 2.62608 2.76315 2.489 1.37804 1.52339 1.23268 1.15874 0.137073 0.145353 0.0564079 0.0251065
0.0648815 2.59698 2.73072 2.46325 1.36081 1.50409 1.21752 1.13526 0.133734 0.143288 0.0553702 0.0246254
0.0667179 2.56798 2.6984 2.43756 1.34356 1.48477 1.20235 1.11207 0.130417 0.141211 0.0543284 0.024148
0.0686062 2.53907 2.66619 2.41195 1.32628 1.4654 1.18716 1.08916 0.127123 0.139123 0.0532827 0.023674
0.070548 2.51024 2.6341 2.38639 1.30898 1.446 1.17195 1.06652 0.123853 0.137024 0.0522338 0.0232037
0.0725448 2.4815 2.60211 2.36089 1.29164 1.42655 1.15672 1.04416 0.120609 0.134914 0.0511821 0.0227369
0.074598 2.45283 2.57022 2.33544 1.27426 1.40706 1.14147 1.02208 0.117391 0.132794 0.0501282 0.0222737
0.0767094 2.42422 2.53843 2.31002 1.25685 1.38751 1.12618 1.00026 0.114202 0.130664 0.0490725 0.021814
0.0788805 2.39568 2.50673 2.28464 1.23939 1.36791 1.11086 0.978706 0.111042 0.128523 0.0480157 0.0213579
0.0811131 2.3672 2.47511 2.25929 1.22188 1.34825 1.09551 0.957415 0.107913 0.126373 0.0469582 0.0209054
0.0834088 2.33877 2.44358 2.23395 1.20432 1.32854 1.08011 0.936382 0.104817 0.124214 0.0459008 0.0204564
0.0857696 2.31038 2.41213 2.20862 1.18671 1.30876 1.06467 0.915605 0.101753 0.122045 0.044844 0.020011
0.0881971 2.28203 2.38075 2.1833 1.16904 1.28891 1.04917 0.89508 0.0987247 0.119868 0.0437883 0.0195692
0.0906934 2.25371 2.34944 2.15798 1.15131 1.26899 1.03363 0.874805 0.0957318 0.117683 0.0427344 0.019131
0.0932603 2.22542 2.31819 2.13264 1.13351 1.249 1.01802 0.854776 0.0927759 0.11549 0.041683 0.0186964
0.0958999 2.19714 2.287 2.10728 1.11565 1.22894 1.00236 0.83499 0.0898584 0.11329 0.0406347 0.0182655
0.0986142 2.16887 2.25585 2.08189 1.09771 1.2088 0.986629 0.815445 0.0869803 0.111084 0.03959 0.0178382
0.101405 2.14061 2.22475 2.05646 1.0797 1.18857 0.970832 0.796139 0.0841427 0.108871 0.0385497 0.0174146
0.104275 2.11234 2.19368 2.03099 1.06162 1.16827 0.954964 0.777067 0.0813469 0.106652 0.0375144 0.0169947
0.107227 2.08405 2.16265 2.00546 1.04345 1.14788 0.939022 0.758228 0.0785937 0.104429 0.0364848 0.0165786
0.110262 2.05574 2.13163 1.97986 1.0252 1.1274 0.923002 0.739619 0.0758843 0.102201 0.0354614 0.0161662
0.113382 2.02741 2.10063 1.95419 1.00687 1.10684 0.906901 0.721237 0.0732196 0.0999699 0.034445 0.0157576
0.116591 1.99903 2.06963 1.92843 0.988454 1.08619 0.890718 0.703081 0.0706006 0.0977358 0.0334362 0.0153528
0.119891 1.97061 2.03864 1.90258 0.969948 1.06545 0.874448 0.685148 0.0680282 0.0954996 0.0324356 0.014952
0.123285 1.94212 2.00763 1.87662 0.951353 1.04462 0.858091 0.667437 0.0655033 0.0932622 0.0314439 0.014555
0.126774 1.91357 1.9766 1.85055 0.932667 1.02369 0.841643 0.649944 0.0630267 0.0910243 0.0304616 0.0141621
0.130362 1.88495 1.94555 1.82435 0.91389 1.00268 0.825103 0.632668 0.0605991 0.0887868 0.0294895 0.0137732
0.134052 1.85624 1.91446 1.79802 0.895021 0.981572 0.80847 0.615607 0.0582212 0.0865508 0.0285281 0.0133883
0.137846 1.82743 1.88332 1.77153 0.87606 0.960377 0.791743 0.598761 0.0558937 0.084317 0.0275779 0.0130076
0.141747 1.79851 1.85213 1.74489 0.857006 0.939093 0.77492 0.582126 0.0536172 0.0820866 0.0266397 0.0126311
0.145759 1.76948 1.82087 1.71809 0.837862 0.917723 0.758002 0.565703 0.0513922 0.0798606 0.0257139 0.0122588
0.149885 1.74032 1.78954 1.6911 0.818628 0.896268 0.740988 0.549489 0.0492192 0.07764 0.0248011 0.0118909
0.154127 1.71102 1.75812 1.66392 0.799306 0.874732 0.72388 0.533483 0.0470986 0.0754259 0.0239019 0.0115273
0.158489 1.68157 1.7266 1.63654 0.779899 0.853118 0.706679 0.517686 0.0450308 0.0732195 0.0230166 0.0111683
0.162975 1.65196 1.69498 1.60895 0.760408 0.83143 0.689386 0.502096 0.0430161 0.071022 0.022146 0.0108138
0.167588 1.62219 1.66324 1.58113 0.740839 0.809674 0.672005 0.486712 0.0410547 0.0688347 0.0212903 0.0104639
0.172331 1.59223 1.63138 1.55308 0.721195 0.787854 0.654537 0.471535 0.0391469 0.0666587 0.0204501 0.0101187
0.177209 1.56208 1.59937 1.52479 0.701482 0.765977 0.636987 0.456563 0.0372926 0.0644953 0.0196257 0.00977834
0.182224 1.53173 1.56722 1.49624 0.681705 0.744051 0.61936 0.441798 0.035492 0.0623459 0.0188177 0.00944285
0.187382 1.50116 1.53491 1.46742 0.661872 0.722084 0.60166 0.427239 0.0337451 0.0602119 0.0180263 0.00911234
0.192685 1.47038 1.50243 1.43832 0.64199 0.700084 0.583895 0.412886 0.0320517 0.0580946 0.017252 0.00878691
0.198139 1.43936 1.46977 1.40894 0.622068 0.678063 0.566072 0.398741 0.0304118 0.0559954 0.016495 0.00846664
0.203747 1.40809 1.43692 1.37927 0.602116 0.656031 0.5482 0.384804 0.0288252 0.0539158 0.0157557 0.00815164
0.209514 1.37658 1.40387 1.34929 0.582144 0.634001 0.530287 0.371075 0.0272915 0.0518572 0.0150343 0.007842
0.215443 1.34481 1.37062 1.319 0.562165 0.611987 0.512344 0.357557 0.0258106 0.0498212 0.014331 0.00753783
0.221541 1.31277 1.33716 1.28839 0.542193 0.590002 0.494384 0.344251 0.024382 0.0478092 0.0136462 0.00723923
0.227812 1.28046 1.30347 1.25746 0.522242 0.568065 0.47642 0.331157 0.0230053 0.0458227 0.01298 0.0069463
0.234259 1.24787 1.26955 1.22619 0.502329 0.546192 0.458466 0.318279 0.0216799 0.0438633 0.0123325 0.00665913
0.24089 1.21499 1.2354 1.19459 0.482471 0.524404 0.440539 0.305618 0.0204055 0.0419324 0.0117039 0.00637782
0.247708 1.18183 1.20101 1.16265 0.462689 0.50272 0.422657 0.293176 0.0191813 0.0400317 0.0110943 0.00610247
0.254719 1.14838 1.16638 1.13037 0.443002 0.481165 0.40484 0.280957 0.0180068 0.0381627 0.0105038 0.00583315
0.261928 1.11463 1.13151 1.09775 0.423437 0.459763 0.38711 0.268961 0.0168812 0.0363268 0.0099323 0.00556994
0.269341 1.08059 1.09639 1.06478 0.404018 0.438543 0.369492 0.257194 0.0158037 0.0345256 0.00937991 0.0053129
0.276965 1.04625 1.06103 1.03148 0.384776 0.417536 0.352015 0.245657 0.0147736 0.0327605 0.00884654 0.00506205
0.284804 1.01163 1.02542 0.997839 0.365747 0.39678 0.334714 0.234355 0.01379 0.0310331 0.00833208 0.00481738
0.292864 0.976704 0.989556 0.963853 0.346978 0.376323 0.317633 0.223293 0.0128518 0.0293447 0.00783632 0.00457883
0.301153 0.941444 0.953402 0.929487 0.328544 0.356241 0.300848 0.212475 0.011958 0.0276965 0.00735889 0.00434612
0.309677 0.905617 0.916724 0.89451 0.310689 0.336779 0.2846 0.201912 0.011107 0.0260895 0.00689886 0.00411842
0.318442 0.877222 0.888015 0.866428 0.299005 0.324494 0.273515 0.19799 0.0107933 0.0254898 0.00672646 0.00403062
0.321833 0.864195 0.874684 0.853706 0.292287 0.31719 0.267385 0.194144 0.0104888 0.0249025 0.00655842 0.00394462
0.325224 0.851278 0.861472 0.841085 0.285682 0.310009 0.261355 0.190371 0.0101933 0.0243273 0.00639461 0.00386036
0.328614 0.838471 0.848377 0.828564 0.279187 0.302951 0.255423 0.18667 0.00990638 0.0237641 0.00623493 0.00377781
0.332005 0.825772 0.835399 0.816144 0.272801 0.296013 0.249588 0.183039 0.00962778 0.0232125 0.00607924 0.00369692
0.335396 0.813179 0.822536 0.803822 0.266523 0.289195 0.243851 0.179477 0.00935725 0.0226724 0.00592744 0.00361767
0.338787 0.800693 0.809787 0.791598 0.260352 0.282495 0.238208 0.175983 0.00909452 0.0221435 0.00577941 0.00354
0.342178 0.788312 0.797152 0.779473 0.254286 0.275912 0.232661 0.172554 0.00883933 0.0216256 0.00563506 0.00346389
0.345569 0.776036 0.784628 0.767445 0.248325 0.269443 0.227207 0.169189 0.00859145 0.0211184 0.00549427 0.0033893
0.348959 0.763865 0.772216 0.755514 0.242467 0.263089 0.221845 0.165886 0.00835064 0.0206218 0.00535696 0.00331619
0.35235 0.751797 0.759913 0.74368 0.236711 0.256847 0.216576 0.162645 0.00811668 0.0201355 0.00522302 0.00324454
0.355741 0.739832 0.747721 0.731943 0.231056 0.250716 0.211397 0.159464 0.00788935 0.0196594 0.00509237 0.0031743
0.359132 0.72797 0.735638 0.720301 0.225501 0.244694 0.206308 0.156342 0.00766845 0.0191932 0.00496491 0.00310545
0.362523 0.71621 0.723664 0.708756 0.220045 0.238782 0.201308 0.153277 0.00745376 0.0187367 0.00484056 0.00303797
0.365914 0.704552 0.711797 0.697307 0.214686 0.232976 0.196397 0.150269 0.00724511 0.0182897 0.00471923 0.00297181
0.369305 0.692995 0.700037 0.685952 0.209424 0.227276 0.191572 0.147315 0.0070423 0.0178521 0.00460084 0.00290695
0.372695 0.681539 0.688384 0.674694 0.204258 0.221681 0.186834 0.144415 0.00684516 0.0174236 0.00448532 0.00284337
0.376086 0.670183 0.676837 0.66353 0.199186 0.21619 0.182181 0.141568 0.0066535 0.0170041 0.00437259 0.00278103
0.379477 0.658929 0.665396 0.652462 0.194207 0.2108 0.177613 0.138772 0.00646717 0.0165934 0.00426257 0.00271991
0.382868 0.647774 0.65406 0.641488 0.18932 0.205512 0.173129 0.136027 0.006286 0.0161914 0.00415519 0.00265998
0.386259 0.63672 0.642829 0.63061 0.184525 0.200323 0.168727 0.133332 0.00610983 0.0157978 0.00405039 0.00260122
0.38965 0.625765 0.631704 0.619826 0.17982 0.195232 0.164407 0.130685 0.00593852 0.0154124 0.0039481 0.0025436
0.39304 0.61491 0.620682 0.609138 0.175204 0.190239 0.160169 0.128085 0.00577192 0.0150353 0.00384825 0.00248711
0.396431 0.604155 0.609765 0.598545 0.170676 0.185342 0.15601 0.125532 0.00560989 0.0146661 0.00375078 0.00243171
0.399822 0.593499 0.598952 0.588047 0.166236 0.18054 0.151931 0.123025 0.0054523 0.0143047 0.00365562 0.00237739
0.403213 0.582943 0.588242 0.577644 0.161881 0.175832 0.14793 0.120563 0.005299 0.0139509 0.00356273 0.00232413
0.406604 0.572486 0.577636 0.567337 0.157612 0.171217 0.144007 0.118144 0.00514989 0.0136047 0.00347204 0.00227189
0.409995 0.562129 0.567134 0.557124 0.153427 0.166693 0.140161 0.115768 0.00500483 0.0132659 0.0033835 0.00222067
0.413385 0.551871 0.556735 0.547007 0.149324 0.162259 0.13639 0.113434 0.0048637 0.0129343 0.00329705 0.00217044
0.416776 0.541713 0.546439 0.536986 0.145304 0.157914 0.132695 0.111142 0.00472641 0.0126098 0.00321264 0.00212118
0.420167 0.531654 0.536246 0.527061 0.141365 0.153657 0.129073 0.10889 0.00459282 0.0122922 0.00313021 0.00207287
0.423558 0.521694 0.526157 0.517231 0.137506 0.149488 0.125525 0.106678 0.00446284 0.0119814 0.00304973 0.0020255
0.426949 0.511834 0.51617 0.507497 0.133726 0.145404 0.122049 0.104505 0.00433636 0.0116773 0.00297114 0.00197904
0.43034 0.502073 0.506287 0.49786 0.130024 0.141404 0.118645 0.10237 0.00421329 0.0113798 0.0028944 0.00193348
0.43373 0.492412 0.496506 0.488319 0.1264 0.137488 0.115311 0.100273 0.00409352 0.0110887 0.00281946 0.00188881
0.437121 0.482851 0.486828 0.478874 0.122851 0.133655 0.112047 0.0982129 0.00397697 0.0108039 0.00274627 0.00184499
0.440512 0.47339 0.477254 0.469526 0.119378 0.129903 0.108852 0.0961886 0.00386354 0.0105253 0.0026748 0.00180203
0.443903 0.464029 0.467782 0.460276 0.115978 0.126231 0.105725 0.0941999 0.00375315 0.0102528 0.00260501 0.0017599
0.447294 0.454767 0.458413 0.451122 0.112652 0.122638 0.102666 0.092246 0.00364571 0.00998619 0.00253684 0.00171858
0.450685 0.445606 0.449148 0.442065 0.109398 0.119123 0.0996725 0.0903264 0.00354113 0.00972542 0.00247027 0.00167807
0.454075 0.436546 0.439985 0.433106 0.106215 0.115686 0.0967448 0.0884403 0.00343935 0.00947037 0.00240526 0.00163834
0.457466 0.427585 0.430926 0.424245 0.103103 0.112324 0.0938817 0.0865872 0.00334028 0.00922094 0.00234176 0.00159938
0.460857 0.418726 0.421969 0.415482 0.100059 0.109036 0.0910823 0.0847664 0.00324385 0.00897701 0.00227975 0.00156118
0.464248 0.409966 0.413116 0.406816 0.0970844 0.105823 0.0883459 0.0829775 0.00314999 0.00873847 0.00221918 0.00152373
0.467639 0.401308 0.404367 0.398249 0.0941768 0.102682 0.0856715 0.0812199 0.00305862 0.00850522 0.00216003 0.00148701
0.47103 0.392751 0.39572 0.389781 0.0913355 0.0996127 0.0830584 0.0794929 0.00296968 0.00827717 0.00210227 0.001451
0.47442 0.384294 0.387177 0.381411 0.0885597 0.096614 0.0805055 0.0777961 0.0028831 0.00805421 0.00204585 0.0014157
0.477811 0.375939 0.378738 0.37314 0.0858485 0.0936847 0.0780122 0.0761289 0.00279883 0.00783624 0.00199075 0.00138109
0.481202 0.367685 0.370402 0.364968 0.0832006 0.0908238 0.0755775 0.0744909 0.00271679 0.00762317 0.00193694 0.00134715
0.484593 0.359532 0.362169 0.356895 0.0806154 0.0880303 0.0732005 0.0728815 0.00263693 0.0074149 0.00188439 0.00131389
0.487984 0.351481 0.35404 0.348922 0.0780918 0.0853032 0.0708805 0.0713002 0.00255918 0.00721134 0.00183307 0.00128128
0.491375 0.343532 0.346015 0.341048 0.0756289 0.0826413 0.0686165 0.0697466 0.00248351 0.0070124 0.00178295 0.00124932
0.494765 0.335684 0.338094 0.333274 0.0732258 0.0800438 0.0664078 0.0682201 0.00240984 0.006818 0.001734 0.00121799
0.498156 0.327938 0.330276 0.3256 0.0708814 0.0775094 0.0642533 0.0667204 0.00233813 0.00662803 0.00168621 0.00118728
0.501547 0.320294 0.322562 0.318025 0.0685949 0.0750373 0.0621525 0.0652469 0.00226832 0.00644242 0.00163954 0.00115718
0.504938 0.312751 0.314952 0.310551 0.0663653 0.0726264 0.0601042 0.0637993 0.00220037 0.00626109 0.00159396 0.00112768
0.508329 0.305311 0.307445 0.303177 0.0641917 0.0702757 0.0581078 0.0623771 0.00213422 0.00608394 0.00154946 0.00109878
0.51172 0.297973 0.300043 0.295903 0.0620733 0.0679842 0.0561623 0.06098 0.00206983 0.00591091 0.00150601 0.00107045
0.51511 0.290737 0.292744 0.28873 0.060009 0.0657509 0.0542671 0.0596074 0.00200716 0.0057419 0.00146358 0.0010427
0.518501 0.283603 0.285549 0.281657 0.0579979 0.0635748 0.0524211 0.058259 0.00194616 0.00557685 0.00142216 0.0010155
0.521892 0.276571 0.278458 0.274685 0.0560392 0.0614549 0.0506236 0.0569344 0.00188678 0.00541567 0.00138172 0.000988862
0.525283 0.269642 0.271471 0.267813 0.054132 0.0593903 0.0488737 0.0556332 0.00182899 0.00525829 0.00134224 0.000962762
0.528674 0.262814 0.264587 0.261041 0.0522753 0.0573799 0.0471706 0.054355 0.00177274 0.00510464 0.0013037 0.000937196
0.532065 0.256089 0.257807 0.254371 0.0504682 0.0554228 0.0455136 0.0530996 0.001718 0.00495464 0.00126608 0.000912154
0.535455 0.249465 0.25113 0.247801 0.0487099 0.0535181 0.0439016 0.0518664 0.00166472 0.00480822 0.00122936 0.000887627
0.538846 0.242944 0.244557 0.241331 0.0469994 0.0516647 0.042334 0.0506552 0.00161287 0.00466531 0.00119352 0.000863608
0.542237 0.236525 0.238087 0.234962 0.0453359 0.0498617 0.04081 0.0494657 0.00156242 0.00452585 0.00115854 0.000840088
0.545628 0.230207 0.23172 0.228694 0.0437185 0.0481083 0.0393288 0.0482974 0.00151332 0.00438975 0.0011244 0.000817059
0.549019 0.223991 0.225457 0.222526 0.0421464 0.0464034 0.0378894 0.0471501 0.00146555 0.00425697 0.00109109 0.000794512
0.55241 0.217877 0.219296 0.216458 0.0406186 0.0447461 0.0364912 0.0460235 0.00141907 0.00412743 0.00105858 0.00077244
0.5558 0.211864 0.213238 0.21049 0.0391344 0.0431355 0.0351333 0.0449172 0.00137385 0.00400107 0.00102686 0.000750835
0.559191 0.205952 0.207282 0.204622 0.0376929 0.0415707 0.033815 0.0438308 0.00132985 0.00387783 0.000995919 0.000729689
0.562582 0.200142 0.201429 0.198855 0.0362931 0.0400508 0.0325355 0.0427642 0.00128705 0.00375764 0.000965731 0.000708996
0.565973 0.194432 0.195677 0.193187 0.0349344 0.0385748 0.0312939 0.041717 0.00124542 0.00364045 0.000936285 0.000688747
0.569364 0.188823 0.190028 0.187618 0.0336158 0.0371419 0.0300896 0.040689 0.00120492 0.00352619 0.000907563 0.000668935
0.572755 0.183314 0.18448 0.182149 0.0323365 0.0357513 0.0289217 0.0396798 0.00116553 0.0034148 0.000879551 0.000649554
0.576146 0.177906 0.179033 0.176778 0.0310957 0.0344019 0.0277895 0.0386891 0.00112723 0.00330624 0.000852234 0.000630596
0.579536 0.172597 0.173687 0.171507 0.0298926 0.0330931 0.0266922 0.0377168 0.00108998 0.00320043 0.000825598 0.000612054
0.582927 0.167387 0.168441 0.166334 0.0287265 0.0318238 0.0256291 0.0367624 0.00105376 0.00309733 0.000799628 0.000593923
0.586318 0.162277 0.163296 0.161259 0.0275964 0.0305933 0.0245995 0.0358258 0.00101854 0.00299689 0.00077431 0.000576194
0.589709 0.157266 0.15825 0.156281 0.0265016 0.0294006 0.0236026 0.0349068 0.000984301 0.00289904 0.00074963 0.000558863
0.5931 0.152352 0.153303 0.151401 0.0254413 0.0282451 0.0226376 0.034005 0.000951018 0.00280373 0.000725577 0.000541921
0.596491 0.147537 0.148456 0.146618 0.0244149 0.0271258 0.0217039 0.0331201 0.000918667 0.00271092 0.000702135 0.000525364
0.599881 0.142819 0.143707 0.141932 0.0234214 0.0260419 0.0208008 0.0322521 0.000887226 0.00262055 0.000679294 0.000509184
0.603272 0.138198 0.139055 0.137342 0.0224601 0.0249927 0.0199275 0.0314005 0.000856671 0.00253257 0.000657039 0.000493376
0.606663 0.133674 0.134501 0.132847 0.0215303 0.0239772 0.0190834 0.0305653 0.000826981 0.00244693 0.00063536 0.000477934
0.610054 0.129246 0.130044 0.128448 0.0206313 0.0229949 0.0182677 0.0297461 0.000798136 0.00236359 0.000614244 0.000462852
0.613445 0.124913 0.125683 0.124143 0.0197622 0.0220447 0.0174797 0.0289427 0.000770114 0.0022825 0.000593679 0.000448123
0.616836 0.120675 0.121418 0.119932 0.0189225 0.0211261 0.0167189 0.028155 0.000742896 0.0022036 0.000573654 0.000433743
0.620226 0.116531 0.117248 0.115815 0.0181114 0.0202382 0.0159845 0.0273826 0.000716462 0.00212686 0.000554159 0.000419705
0.623617 0.112481 0.113172 0.11179 0.0173281 0.0193803 0.0152759 0.0266254 0.000690793 0.00205223 0.000535181 0.000406004
0.627008 0.108524 0.10919 0.107858 0.016572 0.0185517 0.0145923 0.0258832 0.00066587 0.00197967 0.00051671 0.000392634
0.630399 0.104659 0.105301 0.104018 0.0158424 0.0177515 0.0139333 0.0251557 0.000641675 0.00190912 0.000498736 0.00037959
0.63379 0.100886 0.101504 0.100268 0.0151386 0.0169791 0.013298 0.0244428 0.000618191 0.00184056 0.000481248 0.000366867
0.637181 0.0972038 0.0977992 0.0966084 0.0144599 0.0162339 0.012686 0.0237443 0.000595399 0.00177392 0.000464236 0.000354459
0.640571 0.0936116 0.0941849 0.0930383 0.0138058 0.015515 0.0120966 0.0230599 0.000573285 0.00170919 0.000447691 0.00034236
0.643962 0.0901088 0.0906606 0.0895569 0.0131755 0.0148218 0.0115291 0.0223894 0.00055183 0.0016463 0.000431602 0.000330567
0.647353 0.0866943 0.0872254 0.0861633 0.0125683 0.0141536 0.0109831 0.0217328 0.000531019 0.00158524 0.00041596 0.000319074
0.650744 0.0833677 0.0838785 0.0828568 0.0119838 0.0135097 0.0104578 0.0210897 0.000510836 0.00152594 0.000400756 0.000307875
0.654135 0.0801278 0.080619 0.0796365 0.0114212 0.0128895 0.00995279 0.02046 0.000491266 0.00146838 0.00038598 0.000296965
0.657526 0.0769739 0.0774462 0.0765016 0.0108799 0.0122924 0.00946739 0.0198436 0.000472293 0.00141252 0.000371623 0.00028634
0.660916 0.073905 0.0743589 0.0734511 0.0103594 0.0117177 0.00900106 0.0192402 0.000453904 0.00135832 0.000357677 0.000275996
0.664307 0.0709202 0.0713562 0.0704841 0.009859 0.0111647 0.00855326 0.0186496 0.000436084 0.00130574 0.000344133 0.000265926
0.667698 0.0680185 0.0684373 0.0675996 0.00937818 0.0106329 0.00812343 0.0180717 0.000418818 0.00125475 0.000330982 0.000256126
0.671089 0.065199 0.0656011 0.0647969 0.00891636 0.0101217 0.00771106 0.0175064 0.000402094 0.00120531 0.000318216 0.000246592
0.67448 0.0624606 0.0628465 0.0620748 0.00847298 0.00963036 0.0073156 0.0169534 0.000385898 0.00115738 0.000305827 0.000237319
0.677871 0.0598024 0.0601726 0.0594321 0.00804747 0.00915841 0.00693653 0.0164125 0.000370217 0.00111094 0.000293807 0.000228302
0.681261 0.0572232 0.0575783 0.0568682 0.00763931 0.00870526 0.00657336 0.0158837 0.000355037 0.00106595 0.000282147 0.000219537
0.684652 0.0547221 0.0550624 0.0543817 0.00724796 0.00827033 0.00622559 0.0153668 0.000340348 0.00102237 0.00027084 0.000211019
0.688043 0.0522978 0.0526239 0.0519717 0.0068729 0.00785307 0.00589272 0.0148615 0.000326135 0.000980175 0.000259879 0.000202743
0.691434 0.0499494 0.0502618 0.049637 0.00651361 0.00745294 0.00557428 0.0143677 0.000312388 0.000939329 0.000249255 0.000194706
0.694825 0.0476756 0.0479747 0.0473765 0.0061696 0.00706941 0.0052698 0.0138853 0.000299095 0.000899803 0.000238961 0.000186903
0.698216 0.0454753 0.0457615 0.0451891 0.00584038 0.00670194 0.00497882 0.0134141 0.000286245 0.000861563 0.00022899 0.000179329
0.701606 0.0433474 0.0436212 0.0430736 0.00552546 0.00635004 0.00470088 0.012954 0.000273825 0.000824581 0.000219335 0.000171981
0.704997 0.0412906 0.0415524 0.0410288 0.00522437 0.0060132 0.00443555 0.0125048 0.000261826 0.000788826 0.000209989 0.000164853
0.708388 0.0393038 0.039554 0.0390536 0.00493666 0.00569093 0.00418239 0.0120663 0.000250236 0.000754268 0.000200944 0.000157942
0.711779 0.0373857 0.0376248 0.0371467 0.00466187 0.00538275 0.00394099 0.0116385 0.000239046 0.000720879 0.000192195 0.000151244
0.71517 0.0355351 0.0357633 0.0353068 0.00439955 0.00508818 0.00371092 0.0112211 0.000228244 0.000688629 0.000183733 0.000144754
0.718561 0.0337507 0.0339685 0.0335329 0.00414928 0.00480677 0.00349179 0.010814 0.000217821 0.000657492 0.000175554 0.000138469
0.721951 0.0320313 0.0322391 0.0318235 0.00391064 0.00453808 0.0032832 0.0104171 0.000207766 0.000627439 0.000167649 0.000132384
0.725342 0.0303756 0.0305737 0.0301775 0.0036832 0.00428165 0.00308476 0.0100302 0.000198071 0.000598443 0.000160013 0.000126495
0.728733 0.0287823 0.028971 0.0285936 0.00346657 0.00403705 0.00289609 0.00965314 0.000188726 0.000570477 0.00015264 0.000120798
0.732124 0.0272502 0.0274299 0.0270704 0.00326036 0.00380387 0.00271684 0.00928585 0.000179721 0.000543517 0.000145523 0.00011529
0.735515 0.0257778 0.0259489 0.0256068 0.00306417 0.00358171 0.00254664 0.00892815 0.000171048 0.000517534 0.000138656 0.000109966
0.738906 0.024364 0.0245267 0.0242013 0.00287765 0.00337015 0.00238514 0.00857992 0.000162697 0.000492505 0.000132033 0.000104822
0.742296 0.0230073 0.023162 0.0228526 0.00270041 0.00316881 0.002232 0.008241 0.00015466 0.000468405 0.000125648 9.98553e-05
0.745687 0.0217065 0.0218534 0.0215595 0.0025321 0.00297731 0.0020869 0.00791125 0.000146929 0.000445208 0.000119496 9.50613e-05
0.749078 0.0204601 0.0205996 0.0203207 0.00237239 0.00279528 0.0019495 0.00759056 0.000139494 0.000422892 0.00011357 9.04363e-05
0.752469 0.019267 0.0193993 0.0191347 0.00222092 0.00262236 0.00181949 0.00727877 0.000132348 0.000401432 0.000107865 8.59767e-05
0.75586 0.0181257 0.0182512 0.0180002 0.00207738 0.00245819 0.00169658 0.00697575 0.000125483 0.000380805 0.000102375 8.16787e-05
0.759251 0.0170349 0.0171538 0.016916 0.00194144 0.00230243 0.00158045 0.00668138 0.000118891 0.000360989 9.70955e-05 7.75386e-05
0.762641 0.0159932 0.0161057 0.0158806 0.00181279 0.00215475 0.00147083 0.0063955 0.000112564 0.000341961 9.20203e-05 7.35528e-05
0.766032 0.0149993 0.0151058 0.0148928 0.00169113 0.00201482 0.00136743 0.00611801 0.000106494 0.000323699 8.71443e-05 6.97176e-05
0.769423 0.0140519 0.0141526 0.0139512 0.00157616 0.00188234 0.00126998 0.00584875 0.000100675 0.000306181 8.24621e-05 6.60296e-05
0.772814 0.0131496 0.0132447 0.0130545 0.0014676 0.00175699 0.00117821 0.0055876 9.50982e-05 0.000289387 7.79687e-05 6.24852e-05
0.776205 0.0122911 0.0123808 0.0122013 0.00136518 0.00163847 0.00109188 0.00533443 8.97575e-05 0.000273295 7.36589e-05 5.90807e-05
0.779596 0.011475 0.0115597 0.0113904 0.00126861 0.0015265 0.00101073 0.00508911 8.46455e-05 0.000257885 6.95277e-05 5.58129e-05
0.782986 0.0107001 0.0107798 0.0106203 0.00117766 0.00142079 0.00093452 0.00485151 7.97554e-05 0.000243137 6.55703e-05 5.26782e-05
0.786377 0.00996499 0.0100401 0.00988991 0.00109205 0.00132108 0.000863021 0.0046215 7.50805e-05 0.000229031 6.17817e-05 4.96733e-05
0.789768 0.00926839 0.00933901 0.00919778 0.00101155 0.0012271 0.000796006 0.00439896 7.06142e-05 0.000215548 5.81571e-05 4.67946e-05
0.793159 0.008609 0.00867535 0.00854265 0.000935925 0.00113859 0.000733257 0.00418374 6.635e-05 0.000202668 5.46919e-05 4.4039e-05
0.79655 0.00798554 0.00804782 0.00792326 0.000864939 0.00105531 0.000674565 0.00397574 6.22816e-05 0.000190374 5.13813e-05 4.14031e-05
0.799941 0.00739673 0.00745513 0.00733833 0.000798372 0.000977018 0.000619726 0.00377481 5.84028e-05 0.000178646 4.82209e-05 3.88837e-05
0.803332 0.0068413 0.006896 0.00678659 0.000736012 0.000903479 0.000568544 0.00358083 5.47074e-05 0.000167467 4.52061e-05 3.64774e-05
0.806722 0.00631801 0.00636919 0.00626682 0.000677651 0.000834471 0.000520832 0.00339368 5.11896e-05 0.000156819 4.23325e-05 3.41811e-05
0.810113 0.00582561 0.00587345 0.00577777 0.00062309 0.000769776 0.000476405 0.00321323 4.78433e-05 0.000146685 3.95957e-05 3.19917e-05
0.813504 0.00536291 0.00540757 0.00531824 0.000572137 0.000709185 0.000435089 0.00303936 4.4663e-05 0.000137048 3.69914e-05 2.99059e-05
0.816895 0.00492868 0.00497032 0.00488704 0.000524604 0.000652495 0.000396714 0.00287193 4.1643e-05 0.000127891 3.45154e-05 2.79207e-05
0.820286 0.00452175 0.00456053 0.00448297 0.000480316 0.000599513 0.000361119 0.00271082 3.87777e-05 0.000119197 3.21635e-05 2.6033e-05
0.823677 0.00414096 0.00417703 0.0041049 0.000439097 0.000550048 0.000328145 0.00255591 3.60618e-05 0.000110951 2.99316e-05 2.42399e-05
0.827067 0.00378517 0.00381866 0.00375168 0.000400783 0.000503921 0.000297646 0.00240708 3.349e-05 0.000103138 2.78158e-05 2.25382e-05
0.830458 0.00345325 0.00348431 0.00342219 0.000365214 0.000460955 0.000269474 0.00226419 3.1057e-05 9.57407e-05 2.5812e-05 2.0925e-05
0.833849 0.0031441 0.00317285 0.00311534 0.000332238 0.000420983 0.000243493 0.00212713 2.87579e-05 8.87452e-05 2.39164e-05 1.93975e-05
0.83724 0.00285662 0.00288321 0.00283004 0.000301707 0.000383843 0.00021957 0.00199577 2.65875e-05 8.21365e-05 2.21251e-05 1.79527e-05
0.840631 0.00258979 0.00261433 0.00256525 0.000273479 0.000349379 0.000197579 0.00186998 2.45411e-05 7.59e-05 2.04343e-05 1.65878e-05
0.844022 0.00234255 0.00236517 0.00231994 0.00024742 0.000317441 0.000177398 0.00174964 2.26138e-05 7.00217e-05 1.88404e-05 1.53e-05
0.847412 0.0021139 0.0021347 0.0020931 0.000223399 0.000287887 0.000158912 0.00163463 2.0801e-05 6.44875e-05 1.73397e-05 1.40865e-05
0.850803 0.00190286 0.00192196 0.00188377 0.000201293 0.000260577 0.000142009 0.00152483 1.90982e-05 5.9284e-05 1.59287e-05 1.29446e-05
0.854194 0.00170848 0.00172598 0.00169097 0.000180983 0.00023538 0.000126585 0.00142011 1.75007e-05 5.43979e-05 1.46038e-05 1.18716e-05
0.857585 0.00152981 0.00154581 0.0015138 0.000162354 0.00021217 0.000112538 0.00132035 1.60043e-05 4.9816e-05 1.33616e-05 1.08649e-05
0.860976 0.00136595 0.00138056 0.00135135 0.0001453 0.000190825 9.9774e-05 0.00122542 1.46047e-05 4.55256e-05 1.21987e-05 9.92175e-06
0.864367 0.00121603 0.00122933 0.00120274 0.000129715 0.00017123 8.82009e-05 0.0011352 1.32976e-05 4.15144e-05 1.11118e-05 9.03969e-06
0.867757 0.0010792 0.00109128 0.00106713 0.000115503 0.000153273 7.77324e-05 0.00104957 1.2079e-05 3.77702e-05 1.00977e-05 8.21617e-06
0.871148 0.000954641 0.000965586 0.000943696 0.000102568 0.000136849 6.82867e-05 0.000968413 1.09449e-05 3.4281e-05 9.15308e-06 7.44869e-06
0.874539 0.000841551 0.000851442 0.000831659 9.08212e-05 0.000121856 5.9786e-05 0.000891596 9.89129e-06 3.10352e-05 8.27494e-06 6.73482e-06
0.87793 0.000739168 0.000748082 0.000730253 8.01783e-05 0.0001082 5.21567e-05 0.000819 8.91446e-06 2.80216e-05 7.46019e-06 6.07214e-06
0.881321 0.000646757 0.000654768 0.000638746 7.05585e-05 9.57874e-05 4.53295e-05 0.000750503 8.01066e-06 2.5229e-05 6.70582e-06 5.4583e-06
0.884712 0.000563609 0.000570786 0.000556433 6.18853e-05 8.45319e-05 3.92387e-05 0.000685984 7.17623e-06 2.26466e-05 6.00891e-06 4.89098e-06
0.888102 0.000489047 0.000495454 0.000482639 5.40865e-05 7.43504e-05 3.38227e-05 0.000625319 6.40763e-06 2.02639e-05 5.36659e-06 4.36792e-06
0.891493 0.00042242 0.000428122 0.000416719 4.70937e-05 6.51643e-05 2.90231e-05 0.000568388 5.70141e-06 1.80706e-05 4.77607e-06 3.88688e-06
0.894884 0.000363108 0.000368162 0.000358054 4.08422e-05 5.6899e-05 2.47855e-05 0.000515067 5.0542e-06 1.60567e-05 4.23459e-06 3.44569e-06
0.898275 0.000310518 0.000314981 0.000306055 3.52712e-05 4.94838e-05 2.10587e-05 0.000465237 4.46273e-06 1.42125e-05 3.7395e-06 3.04221e-06
0.901666 0.000264088 0.000268011 0.000260164 3.03234e-05 4.28519e-05 1.77949e-05 0.000418775 3.92379e-06 1.25285e-05 3.28819e-06 2.67435e-06
0.905057 0.000223282 0.000226716 0.000219848 2.59447e-05 3.69402e-05 1.49493e-05 0.00037556 3.4343e-06 1.09955e-05 2.87812e-06 2.34008e-06
0.908447 0.000187595 0.000190586 0.000184604 2.20846e-05 3.1689e-05 1.24801e-05 0.000335472 2.99124e-06 9.60445e-06 2.50681e-06 2.0374e-06
0.911838 0.000156547 0.000159138 0.000153955 1.86954e-05 2.70421e-05 1.03487e-05 0.000298389 2.59168e-06 8.34672e-06 2.17186e-06 1.76438e-06
0.915229 0.000129688 0.00013192 0.000127455 1.57329e-05 2.29468e-05 8.51911e-06 0.000264191 2.23279e-06 7.21383e-06 1.87092e-06 1.51911e-06
0.91862 0.000106594 0.000108506 0.000104682 1.31557e-05 1.93533e-05 6.95806e-06 0.000232758 1.91181e-06 6.1976e-06 1.60173e-06 1.29976e-06
0.922011 8.68701e-05 8.84961e-05 8.5244e-05 1.09249e-05 1.6215e-05 5.63487e-06 0.00020397 1.62608e-06 5.29007e-06 1.36207e-06 1.10454e-06
0.925402 7.01448e-05 7.15179e-05 6.87718e-05 9.00489e-06 1.34885e-05 4.52132e-06 0.000177707 1.37303e-06 4.48357e-06 1.14981e-06 9.31705e-07
0.928792 5.60745e-05 5.72246e-05 5.49243e-05 7.36219e-06 1.11328e-05 3.59153e-06 0.00015385 1.15017e-06 3.77066e-06 9.62873e-07 7.79573e-07
0.932183 4.43401e-05 4.52952e-05 4.33849e-05 5.96603e-06 9.11019e-06 2.82187e-06 0.00013228 9.55104e-07 3.14416e-06 7.9927e-07 6.46512e-07
0.935574 3.46475e-05 3.5433e-05 3.3862e-05 4.78799e-06 7.38514e-06 2.19084e-06 0.000112879 7.85517e-07 2.59715e-06 6.57067e-07 5.30945e-07
0.938965 2.67266e-05 2.73658e-05 2.60874e-05 3.80192e-06 5.92488e-06 1.67897e-06 9.55291e-05 6.3919e-07 2.12295e-06 5.34404e-07 4.31349e-07
0.942356 2.03307e-05 2.08447e-05 1.98167e-05 2.98386e-06 4.69901e-06 1.26871e-06 8.01124e-05 5.13987e-07 1.71515e-06 4.29495e-07 3.46262e-07
0.945747 1.52355e-05 1.56434e-05 1.48277e-05 2.31189e-06 3.67947e-06 9.44307e-07 6.65126e-05 4.07866e-07 1.36758e-06 3.40623e-07 2.74274e-07
0.949137 1.12389e-05 1.15578e-05 1.092e-05 1.76609e-06 2.84043e-06 6.91746e-07 5.46135e-05 3.18873e-07 1.07434e-06 2.66148e-07 2.14039e-07
0.952528 8.15952e-06 8.40466e-06 7.91437e-06 1.32841e-06 2.1582e-06 4.98621e-07 4.43002e-05 2.45146e-07 8.29787e-07 2.04502e-07 1.64268e-07
0.955919 5.83634e-06 6.02125e-06 5.65143e-06 9.82568e-07 1.61109e-06 3.54044e-07 3.54585e-05 1.84913e-07 6.28524e-07 1.54193e-07 1.23733e-07
0.95931 4.1277e-06 4.2642e-06 3.9912e-06 7.13983e-07 1.17941e-06 2.48554e-07 2.79759e-05 1.36497e-07 4.65429e-07 1.13806e-07 9.12713e-08
0.962701 2.91045e-06 3.00877e-06 2.81214e-06 5.09668e-07 8.4531e-07 1.74027e-07 2.17413e-05 9.83135e-08 3.35642e-07 8.20049e-08 6.57817e-08
0.966092 2.07923e-06 2.14811e-06 2.01036e-06 3.58159e-07 5.92731e-07 1.23587e-07 1.66463e-05 6.88741e-08 2.34572e-07 5.75314e-08 4.62296e-08
0.969482 1.54575e-06 1.59253e-06 1.49896e-06 2.49446e-07 4.07349e-07 9.15432e-08 1.25857e-05 4.67872e-08 1.57903e-07 3.92099e-08 3.16476e-08
0.972873 1.23842e-06 1.26918e-06 1.20766e-06 1.74928e-07 2.76526e-07 7.3329e-08 9.46039e-06 3.07601e-08 1.01598e-07 2.59478e-08 2.11372e-08
0.976264 1.10281e-06 1.12241e-06 1.08321e-06 1.27415e-07 1.89323e-07 6.55059e-08 7.18075e-06 1.96005e-08 6.19087e-08 1.67372e-08 1.38703e-08
0.979655 1.10403e-06 1.11625e-06 1.09181e-06 1.01265e-07 1.36645e-07 6.58855e-08 5.67732e-06 1.22181e-08 3.53799e-08 1.06566e-08 9.09047e-09
0.983046 1.23578e-06 1.2434e-06 1.22815e-06 9.29184e-08 1.11782e-07 7.40548e-08 4.92809e-06 7.62455e-09 1.88637e-08 6.8697e-09 6.1114e-09
0.986437 1.55767e-06 1.5626e-06 1.55275e-06 1.03136e-07 1.12663e-07 9.36095e-08 5.05683e-06 4.92438e-09 9.52667e-09 4.6165e-09 4.30667e-09
0.989827 2.45948e-06 2.46273e-06 2.45622e-06 1.52915e-07 1.57758e-07 1.48073e-07 6.89541e-06 3.25683e-09 4.84237e-09 3.15121e-09 3.04473e-09
0.993218 1.15776e-05 1.1578e-05 1.15773e-05 7.00942e-07 7.03949e-07 6.97935e-07 4.02203e-05 3.5406e-10 3.00707e-09 1.77871e-10 0
4.01075e-314 inf inf inf inf inf inf 0.000823318 23.5376 0.879738 0.608629 0.343033
