9.72476e-05 48.7855 50.0083 47.5627 30.5651 31.484 29.6463 37.329 1.22279 0.918886 0.555508 0.54605
0.0001 48.4407 49.6565 47.225 30.3482 31.2615 29.4349 36.9713 1.2158 0.913269 0.551109 0.541549
0.00010283 48.1008 49.3097 46.892 30.1343 31.0419 29.2266 36.6164 1.20885 0.907686 0.546742 0.537079
0.000105741 47.7744 48.9763 46.5725 29.9288 30.8309 29.0266 36.2643 1.20193 0.902136 0.542407 0.53264
0.000108734 47.4278 48.6229 46.2327 29.7107 30.6074 28.8141 35.9151 1.19506 0.896619 0.538102 0.52823
0.000111811 47.0833 48.2715 45.8951 29.494 30.3851 28.6029 35.5686 1.18822 0.891136 0.53383 0.523852
0.000114976 46.7407 47.9221 45.5593 29.2785 30.1642 28.3928 35.2249 1.18142 0.885685 0.529588 0.519503
0.00011823 46.4002 47.5748 45.2255 29.0643 29.9445 28.184 34.884 1.17466 0.880267 0.525377 0.515184
0.000121576 46.0616 47.2296 44.8937 28.8513 29.7262 27.9764 34.5458 1.16793 0.874882 0.521197 0.510894
0.000125017 45.7251 46.8863 44.5638 28.6396 29.5091 27.77 34.2103 1.16124 0.869529 0.517047 0.506634
0.000128556 45.3905 46.5451 44.2359 28.4291 29.2933 27.5648 33.8776 1.15459 0.864209 0.512928 0.502403
0.000132194 45.0579 46.2058 43.9099 28.2198 29.0787 27.3609 33.5475 1.14798 0.85892 0.508839 0.498202
0.000135936 44.7272 45.8686 43.5858 28.0118 28.8655 27.1582 33.2201 1.1414 0.853664 0.504781 0.49403
0.000139783 44.3985 45.5333 43.2636 27.805 28.6534 26.9566 32.8953 1.13485 0.848438 0.500751 0.489885
0.000143739 44.0717 45.2001 42.9434 27.5994 28.4427 26.7562 32.5732 1.12834 0.843245 0.496753 0.485771
0.000147808 43.7468 44.8687 42.625 27.3951 28.2332 26.557 32.2537 1.12187 0.838082 0.492783 0.481684
0.000151991 43.4239 44.5393 42.3085 27.1919 28.0249 26.359 31.9367 1.11543 0.832951 0.488843 0.477625
0.000156293 43.1029 44.2119 41.9938 26.99 27.8178 26.1621 31.6223 1.10903 0.827851 0.484932 0.473595
0.000160717 42.7838 43.8864 41.6811 26.7892 27.612 25.9664 31.3105 1.10266 0.822781 0.48105 0.469593
0.000165265 42.4665 43.5628 41.3702 26.5896 27.4074 25.7719 31.0013 1.09633 0.817742 0.477197 0.465618
0.000169943 42.1512 43.2412 41.0611 26.3913 27.204 25.5785 30.6945 1.09003 0.812733 0.473373 0.461671
0.000174753 41.8377 42.9214 40.7539 26.1941 27.0018 25.3863 30.3903 1.08376 0.807755 0.469578 0.457751
0.000179699 41.526 42.6036 40.4485 25.998 26.8008 25.1952 30.0885 1.07753 0.802806 0.465811 0.453859
0.000184785 41.2163 42.2876 40.145 25.8032 26.601 25.0053 29.7892 1.07133 0.797887 0.462073 0.449994
0.000190015 40.9084 41.9735 39.8432 25.6094 26.4024 24.8164 29.4924 1.06517 0.792997 0.458362 0.446155
0.000195393 40.6023 41.6613 39.5432 25.4169 26.205 24.6287 29.198 1.05904 0.788138 0.454679 0.442344
0.000200923 40.298 41.3509 39.2451 25.2255 26.0088 24.4422 28.906 1.05294 0.783307 0.451025 0.438559
0.00020661 39.9956 41.0424 38.9487 25.0352 25.8137 24.2567 28.6165 1.04687 0.778505 0.447398 0.434801
0.000212458 39.6949 40.7357 38.6541 24.8461 25.6198 24.0724 28.3293 1.04084 0.773732 0.443798 0.431068
0.000218471 39.3961 40.4309 38.3613 24.6581 25.4271 23.8891 28.0445 1.03484 0.768989 0.440227 0.427363
0.000224655 39.099 40.1279 38.0702 24.4712 25.2355 23.707 27.762 1.02887 0.764273 0.436682 0.423683
0.000231013 38.8037 39.8267 37.7808 24.2855 25.0451 23.5259 27.4819 1.02293 0.759586 0.433165 0.420028
0.000237551 38.5103 39.5273 37.4933 24.1009 24.8558 23.3459 27.204 1.01703 0.754927 0.429674 0.4164
0.000244275 38.2185 39.2297 37.2074 23.9174 24.6677 23.1671 26.9286 1.01115 0.750296 0.42621 0.412797
0.000251189 37.9286 38.9339 36.9233 23.7349 24.4806 22.9892 26.6553 1.00531 0.745693 0.422773 0.409219
0.000258298 37.6404 38.6399 36.6409 23.5536 24.2947 22.8125 26.3844 0.999496 0.741118 0.419363 0.405667
0.000265609 37.3539 38.3476 36.3602 23.3734 24.11 22.6368 26.1157 0.993714 0.73657 0.415979 0.402139
0.000273126 37.0691 38.0571 36.0811 23.1942 23.9263 22.4622 25.8493 0.987963 0.732049 0.41262 0.398637
0.000280857 36.7861 37.7683 35.8038 23.0162 23.7438 22.2887 25.585 0.982242 0.727556 0.409289 0.395159
0.000288806 36.5048 37.4813 35.5282 22.8392 23.5623 22.1162 25.323 0.97655 0.723089 0.405983 0.391706
0.00029698 36.2251 37.196 35.2542 22.6633 23.382 21.9447 25.0632 0.970889 0.718649 0.402703 0.388277
0.000305386 35.9472 36.9125 34.982 22.4885 23.2027 21.7743 24.8055 0.965257 0.714236 0.399448 0.384873
0.000314029 35.671 36.6306 34.7113 22.3147 23.0246 21.6049 24.5501 0.959654 0.709849 0.396219 0.381493
0.000322917 35.3964 36.3505 34.4424 22.142 22.8475 21.4365 24.2967 0.95408 0.705489 0.393016 0.378136
0.000332057 35.1235 36.0721 34.175 21.9703 22.6715 21.2692 24.0455 0.948535 0.701155 0.389837 0.374804
0.000341455 34.8523 35.7953 33.9093 21.7997 22.4966 21.1029 23.7964 0.943019 0.696846 0.386684 0.371495
0.000351119 34.5827 35.5203 33.6452 21.6301 22.3227 20.9376 23.5494 0.937531 0.692564 0.383555 0.36821
0.000361057 34.3148 35.2469 33.3828 21.4616 22.1499 20.7733 23.3045 0.932071 0.688307 0.380452 0.364949
0.000371276 34.0486 34.9752 33.1219 21.2941 21.9781 20.61 23.0617 0.92664 0.684075 0.377373 0.36171
0.000381784 33.7839 34.7051 32.8626 21.1276 21.8074 20.4477 22.8209 0.921235 0.679869 0.374319 0.358495
0.00039259 33.5208 34.4367 32.605 20.9621 21.6378 20.2864 22.5822 0.915859 0.675688 0.371289 0.355303
0.000403702 33.2594 34.1699 32.3489 20.7976 21.4691 20.1261 22.3455 0.91051 0.671532 0.368283 0.352133
0.000415128 32.9996 33.9048 32.0944 20.6341 21.3015 19.9667 22.1109 0.905187 0.6674 0.365301 0.348986
0.000426877 32.7414 33.6413 31.8415 20.4717 21.135 19.8084 21.8782 0.899892 0.663293 0.362344 0.345862
0.000438959 32.4847 33.3794 31.5901 20.3102 20.9695 19.651 21.6475 0.894623 0.659211 0.35941 0.34276
0.000451383 32.2297 33.1191 31.3403 20.1498 20.8049 19.4946 21.4188 0.88938 0.655153 0.3565 0.33968
0.000464159 31.9762 32.8604 31.092 19.9903 20.6414 19.3392 21.192 0.884164 0.651119 0.353613 0.336623
0.000477296 31.7243 32.6033 30.8453 19.8318 20.4789 19.1847 20.9672 0.878973 0.647109 0.350751 0.333588
0.000490805 31.4739 32.3477 30.6001 19.6743 20.3174 19.0312 20.7443 0.873809 0.643123 0.347911 0.330574
0.000504697 31.2251 32.0938 30.3564 19.5178 20.1569 18.8786 20.5233 0.868669 0.63916 0.345094 0.327582
0.000518981 30.9778 31.8414 30.1143 19.3622 19.9974 18.727 20.3042 0.863555 0.635221 0.342301 0.324612
0.00053367 30.7321 31.5906 29.8736 19.2076 19.8389 18.5763 20.0871 0.858466 0.631305 0.33953 0.321663
0.000548775 30.4879 31.3413 29.6345 19.0539 19.6813 18.4265 19.8718 0.853401 0.627413 0.336782 0.318736
0.000564307 30.2452 31.0936 29.3968 18.9012 19.5248 18.2777 19.6583 0.848361 0.623543 0.334057 0.31583
0.000580278 30.004 30.8474 29.1607 18.7495 19.3692 18.1298 19.4467 0.843345 0.619696 0.331354 0.312944
0.000596702 29.7643 30.6027 28.926 18.5987 19.2145 17.9828 19.2369 0.838353 0.615872 0.328674 0.31008
0.000613591 29.5261 30.3595 28.6928 18.4488 19.0609 17.8367 19.029 0.833386 0.61207 0.326016 0.307237
0.000630957 29.2894 30.1179 28.461 18.2999 18.9082 17.6916 18.8229 0.828441 0.608291 0.32338 0.304414
0.000648815 29.0542 29.8777 28.2307 18.1519 18.7564 17.5473 18.6185 0.82352 0.604533 0.320766 0.301611
0.000667179 28.8205 29.6391 28.0019 18.0048 18.6056 17.404 18.416 0.818622 0.600798 0.318174 0.298829
0.000686062 28.5882 29.4019 27.7744 17.8586 18.4557 17.2615 18.2152 0.813747 0.597085 0.315604 0.296068
0.00070548 28.3573 29.1662 27.5484 17.7133 18.3067 17.12 18.0162 0.808895 0.593393 0.313055 0.293326
0.000725448 28.128 28.932 27.3239 17.569 18.1587 16.9793 17.8189 0.804065 0.589723 0.310528 0.290605
0.00074598 27.9 28.6993 27.1008 17.4256 18.0116 16.8395 17.6233 0.799257 0.586074 0.308022 0.287903
0.000767094 27.6735 28.468 26.8791 17.283 17.8655 16.7006 17.4295 0.794471 0.582446 0.305537 0.285221
0.000788805 27.4484 28.2382 26.6587 17.1414 17.7202 16.5625 17.2374 0.789706 0.57884 0.303073 0.282559
0.000811131 27.2248 28.0097 26.4398 17.0006 17.5759 16.4254 17.047 0.784963 0.575254 0.30063 0.279916
0.000834088 27.0025 27.7828 26.2223 16.8608 17.4324 16.2891 16.8582 0.780242 0.571689 0.298208 0.277293
0.000857696 26.7817 27.5572 26.0061 16.7218 17.2899 16.1536 16.6711 0.775541 0.568145 0.295807 0.274689
0.000881971 26.5622 27.3331 25.7914 16.5836 17.1483 16.019 16.4857 0.770861 0.564621 0.293426 0.272104
0.000906934 26.3442 27.1104 25.578 16.4464 17.0075 15.8853 16.3019 0.766201 0.561117 0.291066 0.269538
0.000932603 26.1275 26.8891 25.3659 16.31 16.8677 15.7524 16.1198 0.761562 0.557633 0.288726 0.266991
0.000958999 25.9122 26.6691 25.1553 16.1745 16.7287 15.6203 15.9393 0.756942 0.55417 0.286406 0.264462
0.000986142 25.6983 26.4506 24.9459 16.0398 16.5906 15.4891 15.7603 0.752342 0.550726 0.284106 0.261953
0.00101405 25.4857 26.2335 24.7379 15.906 16.4533 15.3587 15.583 0.747762 0.547302 0.281826 0.259462
0.00104275 25.2745 26.0177 24.5313 15.7731 16.317 15.2292 15.4073 0.743201 0.543897 0.279566 0.256989
0.00107227 25.0646 25.8033 24.3259 15.641 16.1815 15.1005 15.2331 0.738659 0.540511 0.277325 0.254534
0.00110262 24.8561 25.5902 24.1219 15.5097 16.0468 14.9725 15.0606 0.734135 0.537145 0.275104 0.252098
0.00113382 24.6489 25.3785 23.9192 15.3792 15.913 14.8454 14.8895 0.729631 0.533797 0.272903 0.24968
0.00116591 24.443 25.1681 23.7178 15.2496 15.7801 14.7191 14.72 0.725144 0.530469 0.27072 0.247279
0.00119891 24.2384 24.9591 23.5178 15.1208 15.648 14.5937 14.552 0.720675 0.527159 0.268557 0.244896
0.00123285 24.0352 24.7514 23.319 14.9928 15.5167 14.469 14.3856 0.716224 0.523867 0.266412 0.242532
0.00126774 23.8333 24.545 23.1215 14.8657 15.3863 14.3451 14.2206 0.71179 0.520594 0.264286 0.240184
0.00130362 23.6326 24.34 22.9252 14.7394 15.2567 14.222 14.0572 0.707373 0.517339 0.26218 0.237854
0.00134052 23.4332 24.1362 22.7303 14.6138 15.1279 14.0997 13.8952 0.702974 0.514102 0.260091 0.235542
0.00137846 23.2352 23.9338 22.5366 14.4891 15 13.9782 13.7347 0.698591 0.510883 0.258021 0.233247
0.00141747 23.0384 23.7326 22.3442 14.3651 14.8728 13.8575 13.5757 0.694224 0.507682 0.255969 0.230968
0.00145759 22.8429 23.5327 22.153 14.242 14.7465 13.7375 13.4181 0.689874 0.504498 0.253936 0.228707
0.00149885 22.6486 23.3341 21.9631 14.1196 14.621 13.6183 13.2619 0.685539 0.501332 0.25192 0.226463
0.00154127 22.4556 23.1368 21.7744 13.9981 14.4962 13.4999 13.1072 0.68122 0.498182 0.249923 0.224235
0.00158489 22.2638 22.9408 21.5869 13.8773 14.3723 13.3822 12.9539 0.676917 0.49505 0.247943 0.222024
0.00162975 22.0733 22.746 21.4007 13.7572 14.2492 13.2653 12.802 0.672628 0.491935 0.24598 0.21983
0.00167588 21.8841 22.5524 21.2157 13.638 14.1268 13.1492 12.6515 0.668354 0.488836 0.244035 0.217652
0.00172331 21.696 22.3601 21.0319 13.5195 14.0053 13.0338 12.5024 0.664095 0.485754 0.242108 0.21549
0.00177209 21.5092 22.169 20.8493 13.4018 13.8845 12.9191 12.3547 0.65985 0.482689 0.240197 0.213345
0.00182224 21.3236 21.9792 20.6679 13.2848 13.7645 12.8052 12.2083 0.655619 0.479639 0.238304 0.211215
0.00187382 21.1392 21.7906 20.4878 13.1686 13.6452 12.692 12.0633 0.651401 0.476606 0.236427 0.209102
0.00192685 20.956 21.6031 20.3088 13.0531 13.5267 12.5796 11.9197 0.647197 0.473589 0.234567 0.207004
0.00198139 20.7739 21.4169 20.1309 12.9384 13.409 12.4678 11.7774 0.643006 0.470587 0.232724 0.204923
0.00203747 20.5931 21.232 19.9543 12.8245 13.2921 12.3569 11.6364 0.638828 0.467601 0.230897 0.202857
0.00209514 20.4135 21.0482 19.7788 12.7112 13.1758 12.2466 11.4967 0.634663 0.464631 0.229087 0.200806
0.00215443 20.235 20.8655 19.6045 12.5987 13.0604 12.137 11.3583 0.63051 0.461675 0.227292 0.198771
0.00221541 20.0578 20.6841 19.4314 12.4869 12.9457 12.0282 11.2212 0.626369 0.458735 0.225514 0.196751
0.00227812 19.8816 20.5039 19.2594 12.3759 12.8317 11.92 11.0854 0.622239 0.45581 0.223751 0.194747
0.00234259 19.7067 20.3248 19.0885 12.2655 12.7184 11.8126 10.9509 0.618121 0.452899 0.222004 0.192758
0.0024089 19.5328 20.1469 18.9188 12.1559 12.6059 11.7059 10.8177 0.614015 0.450003 0.220273 0.190783
0.00247708 19.3602 19.9701 18.7503 12.047 12.4941 11.5998 10.6857 0.609919 0.447122 0.218557 0.188824
0.00254719 19.1886 19.7945 18.5828 11.9388 12.383 11.4945 10.5549 0.605833 0.444254 0.216856 0.186879
0.00261928 19.0182 19.62 18.4165 11.8312 12.2726 11.3898 10.4254 0.601758 0.441401 0.21517 0.184949
0.00269341 18.8489 19.4466 18.2513 11.7244 12.163 11.2859 10.2971 0.597694 0.438562 0.213499 0.183034
0.00276965 18.6808 19.2744 18.0871 11.6183 12.054 11.1826 10.1701 0.593638 0.435736 0.211843 0.181133
0.00284804 18.5137 19.1033 17.9241 11.5129 11.9458 11.0799 10.0442 0.589592 0.432924 0.210201 0.179247
0.00292864 18.3478 18.9333 17.7622 11.4081 11.8382 10.978 9.91957 0.585556 0.430126 0.208573 0.177375
0.00301153 18.1829 18.7645 17.6014 11.304 11.7314 10.8767 9.79612 0.581528 0.42734 0.20696 0.175517
0.00309677 18.0192 18.5967 17.4417 11.2007 11.6252 10.7761 9.67384 0.577509 0.424568 0.205361 0.173673
0.00318442 17.8565 18.43 17.283 11.0979 11.5197 10.6761 9.55274 0.573497 0.421808 0.203776 0.171843
0.00327455 17.6949 18.2644 17.1254 10.9959 11.4149 10.5768 9.43281 0.569494 0.419062 0.202204 0.170027
0.00336723 17.5344 18.0999 16.9689 10.8945 11.3108 10.4782 9.31403 0.565499 0.416327 0.200646 0.168225
0.00346253 17.375 17.9365 16.8134 10.7937 11.2074 10.3801 9.1964 0.561511 0.413605 0.199101 0.166437
0.00356053 17.2166 17.7741 16.659 10.6937 11.1046 10.2828 9.0799 0.55753 0.410896 0.197569 0.164662
0.00366131 17.0592 17.6128 16.5057 10.5942 11.0024 10.186 8.96454 0.553555 0.408198 0.196051 0.162901
0.00376494 16.903 17.4525 16.3534 10.4955 10.901 10.0899 8.85029 0.549588 0.405512 0.194545 0.161153
0.0038715 16.7477 17.2933 16.2021 10.3973 10.8001 9.99447 8.73716 0.545626 0.402838 0.193051 0.159418
0.00398107 16.5935 17.1352 16.0518 10.2998 10.7 9.89963 8.62513 0.54167 0.400175 0.19157 0.157697
0.00409375 16.4403 16.9781 15.9026 10.2029 10.6005 9.80541 8.5142 0.53772 0.397524 0.190102 0.155988
0.00420962 16.2882 16.822 15.7544 10.1067 10.5016 9.71181 8.40435 0.533775 0.394883 0.188645 0.154293
0.00432876 16.1371 16.6669 15.6072 10.0111 10.4033 9.61882 8.29558 0.529835 0.392254 0.1872 0.15261
0.00445128 15.9869 16.5128 15.461 9.91608 10.3057 9.52644 8.18788 0.5259 0.389635 0.185766 0.150941
0.00457727 15.8378 16.3598 15.3159 9.8217 10.2087 9.43467 8.08124 0.521969 0.387027 0.184344 0.149284
0.00470682 15.6897 16.2077 15.1717 9.72793 10.1124 9.3435 7.97565 0.518042 0.384429 0.182934 0.147639
0.00484003 15.5426 16.0567 15.0285 9.63477 10.0166 9.25293 7.87111 0.514119 0.381841 0.181534 0.146008
0.00497702 15.3965 15.9067 14.8863 9.54222 9.92148 9.16295 7.7676 0.5102 0.379264 0.180145 0.144388
0.00511789 15.2513 15.7576 14.745 9.45026 9.82696 9.07357 7.66513 0.506283 0.376696 0.178766 0.142781
0.00526274 15.1071 15.6095 14.6048 9.3589 9.73304 8.98477 7.56367 0.50237 0.374137 0.177398 0.141187
0.0054117 14.9639 15.4624 14.4655 9.26814 9.63973 8.89655 7.46322 0.498459 0.371589 0.17604 0.139604
0.00556486 14.8217 15.3162 14.3271 9.17796 9.54701 8.80891 7.36378 0.49455 0.369049 0.174692 0.138033
0.00572237 14.6804 15.1711 14.1898 9.08836 9.45488 8.72184 7.26534 0.490644 0.366518 0.173353 0.136475
0.00588433 14.5401 15.0268 14.0533 8.99934 9.36334 8.63535 7.16788 0.486739 0.363997 0.172024 0.134928
0.00605088 14.4007 14.8835 13.9179 8.9109 9.27238 8.54942 7.07141 0.482836 0.361483 0.170704 0.133393
0.00622213 14.2623 14.7412 13.7833 8.82303 9.18201 8.46405 6.97591 0.478934 0.358979 0.169394 0.13187
0.00639824 14.1247 14.5998 13.6497 8.73572 9.09221 8.37924 6.88137 0.475033 0.356482 0.168092 0.130358
0.00657933 13.9882 14.4593 13.517 8.64898 9.00298 8.29499 6.78779 0.471132 0.353994 0.166798 0.128858
0.00676555 13.8525 14.3197 13.3853 8.5628 8.91431 8.21128 6.69517 0.467232 0.351514 0.165513 0.127369
0.00695704 13.7178 14.1811 13.2544 8.47717 8.82621 8.12813 6.60348 0.463332 0.349041 0.164235 0.125892
0.00715394 13.5839 14.0434 13.1245 8.39209 8.73866 8.04551 6.51273 0.459432 0.346576 0.162966 0.124426
0.00735642 13.451 13.9065 12.9955 8.30755 8.65167 7.96343 6.42291 0.455531 0.344117 0.161704 0.122971
0.00756463 13.319 13.7706 12.8673 8.22356 8.56522 7.88189 6.33401 0.45163 0.341666 0.160449 0.121527
0.00777874 13.1878 13.6356 12.7401 8.1401 8.47932 7.80088 6.24602 0.447728 0.339222 0.159202 0.120094
0.0079989 13.0576 13.5014 12.6138 8.05718 8.39396 7.72039 6.15893 0.443824 0.336785 0.157961 0.118672
0.0082253 12.9282 13.3681 12.4883 7.97478 8.30914 7.64043 6.07275 0.439919 0.334354 0.156726 0.117261
0.0084581 12.7997 13.2357 12.3637 7.89291 8.22484 7.56098 5.98745 0.436013 0.331929 0.155498 0.11586
0.00869749 12.6721 13.1042 12.24 7.81157 8.14108 7.48206 5.90304 0.432105 0.32951 0.154276 0.114471
0.00894366 12.5453 12.9735 12.1171 7.73073 8.05783 7.40364 5.8195 0.428194 0.327097 0.15306 0.113091
0.00919679 12.4194 12.8437 11.9952 7.65041 7.9751 7.32572 5.73684 0.424281 0.32469 0.151849 0.111722
0.00945709 12.2944 12.7148 11.874 7.5706 7.89289 7.24831 5.65504 0.420366 0.322288 0.150643 0.110364
0.00972476 12.1702 12.5866 11.7537 7.49129 7.81118 7.1714 5.57409 0.416448 0.319892 0.149442 0.109016
0.01 12.0468 12.4594 11.6343 7.41248 7.72998 7.09498 5.49399 0.412527 0.3175 0.148246 0.107678
0.010283 11.9243 12.3329 11.5157 7.33417 7.64928 7.01906 5.41473 0.408603 0.315113 0.147054 0.10635
0.0105741 11.8026 12.2073 11.3979 7.25635 7.56908 6.94362 5.33631 0.404676 0.312731 0.145867 0.105032
0.0108734 11.6817 12.0825 11.281 7.17901 7.48937 6.86866 5.25871 0.400745 0.310353 0.144683 0.103725
0.0111811 11.5617 11.9585 11.1648 7.10216 7.41014 6.79418 5.18194 0.396811 0.307979 0.143502 0.102427
0.0114976 11.4424 11.8353 11.0495 7.02579 7.3314 6.72018 5.10598 0.392872 0.305609 0.142325 0.101139
0.011823 11.324 11.7129 10.935 6.94989 7.25313 6.64665 5.03083 0.38893 0.303243 0.141151 0.0998606
0.0121576 11.2063 11.5913 10.8213 6.87446 7.17534 6.57358 4.95648 0.384984 0.300881 0.13998 0.0985919
0.0125017 11.0895 11.4705 10.7084 6.7995 7.09802 6.50097 4.88292 0.381034 0.298521 0.138811 0.0973328
0.0128556 10.9734 11.3505 10.5963 6.72499 7.02116 6.42883 4.81015 0.37708 0.296165 0.137644 0.0960833
0.0132194 10.8581 11.2313 10.485 6.65095 6.94476 6.35714 4.73816 0.373121 0.293812 0.136479 0.0948431
0.0135936 10.7436 11.1128 10.3745 6.57736 6.86882 6.28589 4.66694 0.369158 0.291461 0.135315 0.0936124
0.0139783 10.6299 10.9951 10.2647 6.50421 6.79333 6.2151 4.59649 0.365191 0.289113 0.134153 0.0923909
0.0143739 10.517 10.8782 10.1557 6.43151 6.71828 6.14475 4.52681 0.361219 0.286767 0.132992 0.0911785
0.0147808 10.4048 10.762 10.0475 6.35926 6.64368 6.07484 4.45787 0.357242 0.284423 0.131832 0.0899754
0.0151991 10.2933 10.6466 9.94004 6.28744 6.56952 6.00536 4.38969 0.353261 0.282081 0.130672 0.0887813
0.0156293 10.1826 10.5319 9.83333 6.21605 6.49579 5.93631 4.32225 0.349276 0.27974 0.129512 0.0875961
0.0160717 10.0726 10.4179 9.72736 6.14508 6.42248 5.86768 4.25554 0.345286 0.277401 0.128352 0.0864199
0.0165265 9.96342 10.3047 9.62213 6.07454 6.34961 5.79948 4.18957 0.341291 0.275062 0.127192 0.0852525
0.0169943 9.85493 10.1922 9.51764 6.00442 6.27715 5.7317 4.12431 0.337293 0.272725 0.126031 0.0840939
0.0174753 9.74717 10.0805 9.41388 5.93472 6.20511 5.66433 4.05978 0.333289 0.270389 0.124869 0.0829439
0.0179699 9.64012 9.9694 9.31084 5.86542 6.13347 5.59737 3.99595 0.329282 0.268052 0.123706 0.0818026
0.0184785 9.53379 9.85906 9.20852 5.79653 6.06225 5.53082 3.93283 0.32527 0.265717 0.122542 0.0806699
0.0190015 9.42817 9.74942 9.10691 5.72805 5.99143 5.46467 3.8704 0.321255 0.263381 0.121376 0.0795457
0.0195393 9.32325 9.64048 9.00601 5.65996 5.921 5.39891 3.80867 0.317235 0.261045 0.120208 0.0784299
0.0200923 9.21902 9.53223 8.90581 5.59226 5.85097 5.33355 3.74763 0.313212 0.258709 0.119038 0.0773225
0.020661 9.11548 9.42467 8.8063 5.52496 5.78133 5.26858 3.68726 0.309185 0.256372 0.117866 0.0762234
0.0212458 9.01264 9.31779 8.70748 5.45803 5.71207 5.204 3.62757 0.305155 0.254035 0.116691 0.0751325
0.0218471 8.91046 9.21158 8.60934 5.39149 5.64319 5.13979 3.56855 0.301122 0.251696 0.115513 0.0740498
0.0224655 8.80897 9.10605 8.51188 5.32533 5.57468 5.07597 3.51018 0.297087 0.249357 0.114333 0.0729752
0.0231013 8.70813 9.00118 8.41509 5.25953 5.50655 5.01252 3.45248 0.293048 0.247016 0.113149 0.0719087
0.0237551 8.60797 8.89698 8.31896 5.19411 5.43878 4.94943 3.39542 0.289008 0.244673 0.111962 0.0708502
0.0244275 8.50845 8.79342 8.22349 5.12905 5.37137 4.88672 3.33901 0.284966 0.242329 0.110771 0.0697996
0.0251189 8.40959 8.69051 8.12867 5.06434 5.30433 4.82436 3.28323 0.280922 0.239983 0.109576 0.0687569
0.0258298 8.31137 8.58825 8.03449 5 5.23763 4.76236 3.22809 0.276877 0.237634 0.108378 0.067722
0.0265609 8.21379 8.48662 7.94096 4.936 5.17128 4.70072 3.17358 0.272832 0.235284 0.107175 0.0666949
0.0273126 8.11684 8.38563 7.84806 4.87235 5.10528 4.63942 3.11968 0.268786 0.232931 0.105968 0.0656755
0.0280857 8.02052 8.28526 7.75578 4.80904 5.03961 4.57846 3.0664 0.264741 0.230575 0.104757 0.0646638
0.0288806 7.92482 8.18551 7.66412 4.74607 4.97429 4.51785 3.01373 0.260696 0.228216 0.103541 0.0636598
0.029698 7.82973 8.08638 7.57308 4.68343 4.90929 4.45758 2.96166 0.256653 0.225854 0.102321 0.0626632
0.0305386 7.73525 7.98786 7.48264 4.62113 4.84462 4.39764 2.91019 0.252611 0.22349 0.101096 0.0616742
0.0314029 7.64137 7.88995 7.3928 4.55915 4.78027 4.33803 2.85932 0.248572 0.221121 0.0998664 0.0606927
0.0322917 7.5481 7.79263 7.30356 4.49749 4.71624 4.27874 2.80902 0.244536 0.21875 0.098632 0.0597187
0.0332057 7.4554 7.69591 7.2149 4.43615 4.65253 4.21978 2.75931 0.240504 0.216374 0.0973928 0.058752
0.0341455 7.3633 7.59977 7.12682 4.37512 4.58912 4.16113 2.71018 0.236475 0.213995 0.0961487 0.0577926
0.0351119 7.27177 7.50422 7.03932 4.31441 4.52602 4.1028 2.66161 0.232452 0.211612 0.0948998 0.0568405
0.0361057 7.18082 7.40925 6.95238 4.254 4.46322 4.04477 2.61361 0.228435 0.209225 0.0936459 0.0558957
0.0371276 7.09043 7.31485 6.866 4.19388 4.40072 3.98705 2.56617 0.224424 0.206833 0.0923873 0.0549582
0.0381784 7.0006 7.22102 6.78018 4.13407 4.33851 3.92964 2.51928 0.22042 0.204438 0.0911238 0.0540278
0.039259 6.91132 7.12774 6.69489 4.07455 4.27659 3.87252 2.47294 0.216425 0.202038 0.0898556 0.0531045
0.0403702 6.82259 7.03503 6.61015 4.01533 4.21496 3.81569 2.42714 0.212438 0.199633 0.0885827 0.0521884
0.0415128 6.7344 6.94286 6.52594 3.95638 4.15361 3.75916 2.38188 0.208461 0.197224 0.0873052 0.0512794
0.0426877 6.64675 6.85124 6.44225 3.89772 4.09253 3.70291 2.33714 0.204495 0.19481 0.0860233 0.0503774
0.0438959 6.55962 6.76016 6.35908 3.83934 4.03173 3.64695 2.29294 0.200541 0.192391 0.0847371 0.0494825
0.0451383 6.47302 6.66962 6.27642 3.78124 3.9712 3.59127 2.24926 0.196598 0.189968 0.0834467 0.0485945
0.0464159 6.38693 6.5796 6.19426 3.7234 3.91094 3.53586 2.20609 0.19267 0.187539 0.0821523 0.0477135
0.0477296 6.30135 6.4901 6.11259 3.66584 3.85094 3.48073 2.16343 0.188756 0.185106 0.0808542 0.0468395
0.0490805 6.21627 6.40113 6.03141 3.60854 3.79121 3.42587 2.12128 0.184857 0.182668 0.0795524 0.0459724
0.0504697 6.13169 6.31266 5.95071 3.5515 3.73172 3.37127 2.07962 0.180975 0.180225 0.0782473 0.0451123
0.0518981 6.04759 6.2247 5.87048 3.49472 3.6725 3.31694 2.03847 0.17711 0.177777 0.0769391 0.044259
0.053367 5.96398 6.13725 5.79072 3.4382 3.61352 3.26287 1.9978 0.173264 0.175324 0.0756281 0.0434126
0.0548775 5.88084 6.05028 5.71141 3.38192 3.55479 3.20906 1.95761 0.169438 0.172866 0.0743146 0.0425731
0.0564307 5.79818 5.96381 5.63254 3.3259 3.49631 3.1555 1.91791 0.165633 0.170403 0.0729989 0.0417404
0.0580278 5.71597 5.87782 5.55412 3.27013 3.43806 3.10219 1.87868 0.161849 0.167935 0.0716813 0.0409146
0.0596702 5.63421 5.7923 5.47613 3.2146 3.38006 3.04913 1.83993 0.158089 0.165463 0.0703622 0.0400956
0.0613591 5.55291 5.70726 5.39856 3.15931 3.3223 2.99632 1.80163 0.154353 0.162986 0.069042 0.0392835
0.0630957 5.47204 5.62269 5.3214 3.10426 3.26477 2.94376 1.7638 0.150642 0.160504 0.067721 0.0384782
0.0648815 5.39161 5.53857 5.24465 3.04945 3.20747 2.89143 1.72642 0.146958 0.158018 0.0663997 0.0376797
0.0667179 5.3116 5.4549 5.1683 2.99487 3.1504 2.83934 1.6895 0.143302 0.155528 0.0650785 0.0368881
0.0686062 5.23201 5.37169 5.09234 2.94053 3.09356 2.7875 1.65302 0.139674 0.153034 0.0637579 0.0361033
0.070548 5.15284 5.28891 5.01676 2.88642 3.03696 2.73589 1.61698 0.136077 0.150535 0.0624383 0.0353254
0.0725448 5.07406 5.20657 4.94155 2.83254 2.98057 2.68451 1.58138 0.132512 0.148033 0.0611201 0.0345543
0.074598 4.99568 5.12466 4.8667 2.77889 2.92442 2.63336 1.54622 0.128978 0.145527 0.059804 0.0337902
0.0767094 4.91769 5.04317 4.79221 2.72547 2.86849 2.58245 1.51148 0.125479 0.143018 0.0584903 0.0330329
0.0788805 4.84008 4.96209 4.71807 2.67228 2.81278 2.53177 1.47717 0.122014 0.140506 0.0571796 0.0322826
0.0811131 4.76284 4.88143 4.64426 2.61931 2.7573 2.48132 1.44328 0.118586 0.137991 0.0558725 0.0315392
0.0834088 4.68597 4.80117 4.57078 2.56657 2.70204 2.43109 1.4098 0.115195 0.135474 0.0545695 0.0308027
0.0857696 4.60946 4.7213 4.49761 2.51406 2.64701 2.3811 1.37674 0.111842 0.132955 0.0532711 0.0300733
0.0881971 4.53329 4.64182 4.42476 2.46177 2.59221 2.33134 1.34408 0.108529 0.130434 0.051978 0.0293509
0.0906934 4.45746 4.56272 4.35221 2.40972 2.53763 2.2818 1.31183 0.105256 0.127912 0.0506906 0.0286356
0.0932603 4.38197 4.484 4.27995 2.35789 2.48328 2.2325 1.27999 0.102026 0.125389 0.0494096 0.0279273
0.0958999 4.30681 4.40564 4.20797 2.30629 2.42916 2.18342 1.24854 0.0988379 0.122866 0.0481356 0.0272262
0.0986142 4.23196 4.32765 4.13626 2.25493 2.37527 2.13458 1.21748 0.0956942 0.120342 0.0468691 0.0265323
0.101405 4.15742 4.25001 4.06482 2.2038 2.32162 2.08598 1.18682 0.0925954 0.11782 0.0456108 0.0258456
0.104275 4.08318 4.17272 3.99363 2.1529 2.2682 2.03761 1.15654 0.0895428 0.115298 0.0443612 0.0251663
0.107227 4.00923 4.09577 3.92269 2.10225 2.21503 1.98947 1.12665 0.0865371 0.112778 0.043121 0.0244942
0.110262 3.93557 4.01915 3.85199 2.05184 2.1621 1.94158 1.09714 0.0835794 0.11026 0.0418907 0.0238296
0.113382 3.86218 3.94285 3.78151 2.00168 2.10943 1.89394 1.06801 0.0806706 0.107746 0.040671 0.0231724
0.116591 3.78906 3.86687 3.71125 1.95177 2.05701 1.84654 1.03926 0.0778116 0.105235 0.0394624 0.0225228
0.119891 3.71621 3.79121 3.6412 1.90212 2.00485 1.7994 1.01089 0.0750032 0.102728 0.0382656 0.0218808
0.123285 3.6436 3.71585 3.57136 1.85274 1.95297 1.75251 0.982882 0.0722462 0.100227 0.0370811 0.0212465
0.126774 3.57124 3.64078 3.5017 1.80362 1.90135 1.70589 0.955249 0.0695413 0.097731 0.0359095 0.02062
0.130362 3.49912 3.56601 3.43223 1.75478 1.85002 1.65954 0.927985 0.0668894 0.095242 0.0347514 0.0200013
0.134052 3.42723 3.49152 3.36294 1.70623 1.79899 1.61346 0.901088 0.064291 0.0927606 0.0336073 0.0193905
0.137846 3.35556 3.41731 3.29381 1.65796 1.74825 1.56767 0.874557 0.0617468 0.0902876 0.0324779 0.0187878
0.141747 3.28411 3.34336 3.22485 1.61 1.69782 1.52218 0.848391 0.0592573 0.0878239 0.0313636 0.0181931
0.145759 3.21286 3.26968 3.15604 1.56235 1.64772 1.47698 0.822589 0.0568231 0.0853706 0.0302651 0.0176068
0.149885 3.14182 3.19626 3.08737 1.51502 1.59795 1.4321 0.79715 0.0544446 0.0829286 0.0291827 0.0170287
0.154127 3.07097 3.1231 3.01885 1.46803 1.54853 1.38753 0.772073 0.0521223 0.0804989 0.0281171 0.0164591
0.158489 3.00032 3.05018 2.95046 1.42138 1.49947 1.3433 0.747359 0.0498564 0.0780826 0.0270687 0.015898
0.162975 2.92985 2.9775 2.8822 1.37509 1.45078 1.29941 0.723007 0.0476474 0.0756808 0.0260379 0.0153456
0.167588 2.85957 2.90506 2.81407 1.32918 1.40248 1.25589 0.699018 0.0454955 0.0732947 0.0250254 0.0148019
0.172331 2.78946 2.83286 2.74606 1.28366 1.35458 1.21273 0.675392 0.0434008 0.0709254 0.0240314 0.0142672
0.177209 2.71952 2.76089 2.67816 1.23854 1.30711 1.16996 0.652129 0.0413634 0.0685742 0.0230565 0.0137415
0.182224 2.64976 2.68915 2.61038 1.19384 1.26008 1.1276 0.629231 0.0393836 0.0662422 0.022101 0.0132249
0.187382 2.58017 2.61763 2.54271 1.14959 1.21352 1.08566 0.6067 0.0374612 0.0639308 0.0211653 0.0127176
0.192685 2.51075 2.54635 2.47516 1.10579 1.16744 1.04415 0.584536 0.0355963 0.0616413 0.0202498 0.0122198
0.198139 2.44151 2.4753 2.40772 1.06248 1.12186 1.00311 0.562741 0.0337888 0.0593749 0.0193549 0.0117315
0.203747 2.37244 2.40447 2.3404 1.01968 1.07681 0.962545 0.541318 0.0320385 0.0571332 0.0184808 0.0112529
0.209514 2.30354 2.33389 2.2732 0.977401 1.03232 0.922484 0.520268 0.0303452 0.0549173 0.0176278 0.0107841
0.215443 2.23483 2.26354 2.20612 0.935677 0.988406 0.882949 0.499595 0.0287087 0.0527288 0.0167963 0.0103253
0.221541 2.16631 2.19344 2.13918 0.894532 0.945101 0.843963 0.479301 0.0271286 0.0505691 0.0159864 0.00987659
0.227812 2.09799 2.12359 2.07238 0.853995 0.902434 0.805555 0.459389 0.0256045 0.0484397 0.0151985 0.00943811
0.234259 2.02988 2.05401 2.00574 0.814095 0.860437 0.767753 0.439863 0.0241361 0.0463419 0.0144326 0.00900999
0.24089 1.96199 1.98471 1.93927 0.774864 0.819141 0.730587 0.420726 0.0227229 0.0442772 0.013689 0.00859236
0.247708 1.89435 1.91571 1.87299 0.736334 0.778581 0.694087 0.401982 0.0213642 0.0422472 0.0129678 0.00818531
0.254719 1.82697 1.84703 1.80691 0.698542 0.738796 0.658289 0.383635 0.0200595 0.0402532 0.0122692 0.00778896
0.261928 1.75988 1.77869 1.74108 0.661527 0.699824 0.623231 0.36569 0.0188082 0.0382968 0.0115931 0.00740339
0.269341 1.69311 1.71072 1.6755 0.625332 0.661712 0.588953 0.348152 0.0176094 0.0363794 0.0109395 0.00702865
0.276965 1.6267 1.64316 1.61024 0.590008 0.62451 0.555505 0.331025 0.0164625 0.0345023 0.0103086 0.00666475
0.284804 1.56069 1.57605 1.54532 0.555615 0.588282 0.522948 0.314315 0.0153664 0.032667 0.0097 0.00631165
0.292864 1.49514 1.50946 1.48082 0.522245 0.55312 0.49137 0.298029 0.0143203 0.0308747 0.00911362 0.00596919
0.301153 1.43015 1.44348 1.41683 0.490067 0.519194 0.460941 0.282174 0.0133228 0.0291265 0.00854893 0.00563697
0.309677 1.36603 1.3784 1.35366 0.459738 0.487161 0.432315 0.266765 0.012372 0.027423 0.00800462 0.00531373
0.318442 1.31887 1.33089 1.30684 0.440574 0.467361 0.413788 0.261062 0.0120203 0.0267863 0.00779986 0.00518958
0.321833 1.29512 1.3068 1.28344 0.429044 0.455207 0.402881 0.25548 0.011679 0.026163 0.0076003 0.00506823
0.325224 1.27169 1.28304 1.26034 0.417769 0.443321 0.392216 0.250015 0.0113475 0.0255528 0.00740581 0.00494963
0.328614 1.24858 1.25961 1.23755 0.406742 0.431698 0.381787 0.244665 0.0110256 0.0249554 0.00721625 0.00483369
0.332005 1.22578 1.23649 1.21507 0.39596 0.420331 0.37159 0.239427 0.010713 0.0243705 0.00703147 0.00472036
0.335396 1.20329 1.2137 1.19288 0.385418 0.409216 0.36162 0.234299 0.0104094 0.023798 0.00685134 0.00460957
0.338787 1.1811 1.19121 1.17099 0.37511 0.398348 0.351873 0.229277 0.0101145 0.0232375 0.00667573 0.00450126
0.342178 1.15921 1.16904 1.14938 0.365033 0.387722 0.342344 0.224359 0.00982808 0.0226887 0.00650453 0.00439536
0.345569 1.13761 1.14716 1.12806 0.355181 0.377333 0.33303 0.219544 0.00954979 0.0221515 0.00633761 0.00429183
0.348959 1.1163 1.12558 1.10703 0.345551 0.367177 0.323926 0.214827 0.00927941 0.0216256 0.00617486 0.00419059
0.35235 1.09528 1.1043 1.08627 0.336138 0.357249 0.315027 0.210208 0.00901669 0.0211108 0.00601616 0.0040916
0.355741 1.07454 1.0833 1.06578 0.326938 0.347545 0.306331 0.205683 0.0087614 0.0206068 0.0058614 0.00399481
0.359132 1.05408 1.0626 1.04557 0.317947 0.33806 0.297833 0.201251 0.00851331 0.0201135 0.00571048 0.00390015
0.362523 1.0339 1.04217 1.02562 0.30916 0.32879 0.289529 0.19691 0.0082722 0.0196305 0.00556329 0.00380758
0.365914 1.01398 1.02202 1.00594 0.300574 0.319732 0.281416 0.192657 0.00803785 0.0191578 0.00541975 0.00371706
0.369305 0.994336 1.00215 0.986526 0.292186 0.310881 0.273491 0.188491 0.00781006 0.0186951 0.00527974 0.00362853
0.372695 0.974954 0.982543 0.967366 0.28399 0.302232 0.265748 0.18441 0.00758864 0.0182421 0.00514319 0.00354194
0.376086 0.955836 0.963209 0.948463 0.275984 0.293783 0.258186 0.180411 0.00737338 0.0177988 0.00500999 0.00345726
0.379477 0.936977 0.944141 0.929813 0.268165 0.285529 0.2508 0.176493 0.00716411 0.0173648 0.00488006 0.00337444
0.382868 0.918373 0.925334 0.911413 0.260527 0.277467 0.243587 0.172655 0.00696065 0.0169401 0.00475332 0.00329343
0.386259 0.900024 0.906787 0.893261 0.253069 0.269593 0.236544 0.168894 0.00676282 0.0165244 0.00462968 0.00321419
0.38965 0.881926 0.888496 0.875355 0.245786 0.261903 0.229668 0.165209 0.00657046 0.0161176 0.00450907 0.00313669
0.39304 0.864076 0.87046 0.857693 0.238675 0.254395 0.222956 0.161598 0.00638341 0.0157195 0.0043914 0.00306088
0.396431 0.846472 0.852673 0.84027 0.231733 0.247063 0.216403 0.158059 0.00620151 0.0153298 0.0042766 0.00298672
0.399822 0.829111 0.835136 0.823086 0.224957 0.239906 0.210009 0.154592 0.00602462 0.0149486 0.00416461 0.00291419
0.403213 0.811992 0.817844 0.806139 0.218344 0.232919 0.203768 0.151194 0.00585258 0.0145754 0.00405534 0.00284324
0.406604 0.795111 0.800796 0.789426 0.21189 0.2261 0.197679 0.147864 0.00568525 0.0142103 0.00394872 0.00277383
0.409995 0.778466 0.783989 0.772944 0.205592 0.219445 0.191739 0.144601 0.00552251 0.0138531 0.00384471 0.00270594
0.413385 0.762055 0.76742 0.756691 0.199447 0.212951 0.185944 0.141402 0.00536422 0.0135036 0.00374321 0.00263953
0.416776 0.745878 0.751088 0.740667 0.193453 0.206615 0.180292 0.138268 0.00521024 0.0131616 0.00364419 0.00257456
0.420167 0.72993 0.734991 0.72487 0.187607 0.200434 0.17478 0.135197 0.00506047 0.012827 0.00354756 0.00251101
0.423558 0.71421 0.719125 0.709296 0.181905 0.194404 0.169405 0.132186 0.00491477 0.0124997 0.00345328 0.00244884
0.426949 0.698718 0.703491 0.693944 0.176345 0.188524 0.164165 0.129236 0.00477304 0.0121795 0.00336128 0.00238803
0.43034 0.683448 0.688083 0.678813 0.170924 0.18279 0.159057 0.126344 0.00463516 0.0118663 0.00327152 0.00232855
0.43373 0.668401 0.672902 0.6639 0.165639 0.177199 0.154079 0.12351 0.00450102 0.0115599 0.00318393 0.00227036
0.437121 0.653575 0.657946 0.649205 0.160488 0.171748 0.149227 0.120732 0.00437053 0.0112602 0.00309846 0.00221343
0.440512 0.638968 0.643212 0.634724 0.155468 0.166435 0.1445 0.11801 0.00424357 0.0109671 0.00301506 0.00215775
0.443903 0.624577 0.628697 0.620457 0.150576 0.161256 0.139895 0.115341 0.00412005 0.0106805 0.00293368 0.00210329
0.447294 0.610402 0.614402 0.606402 0.14581 0.15621 0.13541 0.112726 0.00399988 0.0104002 0.00285427 0.00205001
0.450685 0.59644 0.600323 0.592557 0.141168 0.151294 0.131042 0.110162 0.00388296 0.0101261 0.00277679 0.0019979
0.454075 0.58269 0.58646 0.578921 0.136646 0.146504 0.126788 0.10765 0.0037692 0.00985806 0.00270118 0.00194693
0.457466 0.56915 0.572809 0.565492 0.132243 0.141839 0.122647 0.105188 0.00365852 0.00959599 0.00262741 0.00189707
0.460857 0.555819 0.55937 0.552269 0.127956 0.137296 0.118616 0.102774 0.00355083 0.00933978 0.00255542 0.00184831
0.464248 0.542695 0.546141 0.539249 0.123783 0.132872 0.114693 0.100408 0.00344605 0.00908929 0.00248519 0.00180061
0.467639 0.529777 0.533121 0.526433 0.119721 0.128565 0.110876 0.0980897 0.0033441 0.00884443 0.00241665 0.00175396
0.47103 0.517062 0.520307 0.513817 0.115768 0.124373 0.107162 0.0958172 0.00324491 0.00860508 0.00234978 0.00170834
0.47442 0.50455 0.507698 0.501401 0.111921 0.120293 0.10355 0.0935899 0.0031484 0.00837114 0.00228454 0.00166372
0.477811 0.492238 0.495293 0.489184 0.10818 0.116322 0.100037 0.0914069 0.00305449 0.0081425 0.00222089 0.00162008
0.481202 0.480126 0.48309 0.477163 0.10454 0.11246 0.0966214 0.0892674 0.00296313 0.00791906 0.00215878 0.00157741
0.484593 0.468212 0.471086 0.465338 0.101001 0.108702 0.0933008 0.0871705 0.00287423 0.00770071 0.00209819 0.00153568
0.487984 0.456494 0.459282 0.453707 0.0975605 0.105048 0.0900732 0.0851154 0.00278774 0.00748735 0.00203908 0.00149488
0.491375 0.444971 0.447675 0.442268 0.0942157 0.101495 0.0869368 0.0831012 0.0027036 0.0072789 0.00198141 0.00145498
0.494765 0.433642 0.436264 0.43102 0.0909647 0.09804 0.0838895 0.0811273 0.00262173 0.00707525 0.00192515 0.00141596
0.498156 0.422504 0.425046 0.419962 0.0878056 0.0946819 0.0809293 0.0791927 0.00254208 0.00687631 0.00187027 0.00137782
0.501547 0.411557 0.414022 0.409093 0.0847365 0.0914185 0.0780545 0.0772969 0.00246458 0.00668199 0.00181674 0.00134053
0.504938 0.4008 0.403189 0.39841 0.0817553 0.0882475 0.0752631 0.075439 0.0023892 0.00649219 0.00176452 0.00130407
0.508329 0.390229 0.392545 0.387914 0.0788602 0.085167 0.0725533 0.0736183 0.00231586 0.00630684 0.00171358 0.00126843
0.51172 0.379846 0.38209 0.377601 0.0760491 0.0821749 0.0699232 0.0718342 0.00224451 0.00612583 0.00166391 0.00123359
0.51511 0.369646 0.371821 0.367471 0.0733202 0.0792693 0.0673711 0.0700858 0.00217511 0.00594909 0.00161545 0.00119953
0.518501 0.359631 0.361738 0.357523 0.0706717 0.0764483 0.0648952 0.0683727 0.00210759 0.00577654 0.0015682 0.00116625
0.521892 0.349797 0.351839 0.347755 0.0681018 0.0737098 0.0624937 0.066694 0.00204192 0.00560808 0.00152212 0.00113372
0.525283 0.340144 0.342122 0.338166 0.0656085 0.0710522 0.0601649 0.0650492 0.00197805 0.00544365 0.00147719 0.00110193
0.528674 0.330669 0.332585 0.328754 0.0631903 0.0684734 0.0579071 0.0634376 0.00191592 0.00528315 0.00143337 0.00107086
0.532065 0.321373 0.323228 0.319517 0.0608453 0.0659718 0.0557187 0.0618586 0.00185549 0.00512652 0.00139065 0.0010405
0.535455 0.312253 0.314049 0.310456 0.0585718 0.0635455 0.0535981 0.0603116 0.00179673 0.00497367 0.001349 0.00101084
0.538846 0.303307 0.305047 0.301567 0.0563682 0.0611927 0.0515437 0.058796 0.00173958 0.00482453 0.00130839 0.000981865
0.542237 0.294535 0.296219 0.292851 0.0542328 0.0589118 0.0495538 0.0573113 0.001684 0.00467903 0.00126881 0.000953557
0.545628 0.285934 0.287564 0.284304 0.0521639 0.056701 0.0476268 0.0558568 0.00162996 0.00453709 0.00123022 0.000925904
0.549019 0.277504 0.279081 0.275927 0.05016 0.0545586 0.0457613 0.054432 0.00157742 0.00439865 0.00119261 0.000898895
0.55241 0.269243 0.270769 0.267716 0.0482195 0.0524831 0.0439559 0.0530364 0.00152633 0.00426362 0.00115595 0.000872516
0.5558 0.261149 0.262625 0.259672 0.0463408 0.0504728 0.0422088 0.0516695 0.00147666 0.00413196 0.00112023 0.000846755
0.559191 0.253221 0.254649 0.251792 0.0445224 0.0485259 0.0405188 0.0503306 0.00142837 0.00400358 0.00108542 0.000821601
0.562582 0.245457 0.246839 0.244076 0.0427628 0.0466412 0.0388843 0.0490194 0.00138143 0.00387842 0.0010515 0.000797041
0.565973 0.237856 0.239192 0.23652 0.0410605 0.0448169 0.0373041 0.0477353 0.00133581 0.00375642 0.00101845 0.000773064
0.569364 0.230417 0.231708 0.229125 0.0394141 0.0430516 0.0357766 0.0464778 0.00129147 0.00363751 0.000986255 0.000749658
0.572755 0.223137 0.224385 0.221889 0.0378222 0.0413438 0.0343005 0.0452465 0.00124837 0.00352163 0.000954894 0.000726813
0.576146 0.216016 0.217222 0.214809 0.0362833 0.039692 0.0328746 0.0440408 0.00120649 0.00340872 0.000924349 0.000704517
0.579536 0.209051 0.210217 0.207885 0.0347961 0.0380948 0.0314974 0.0428603 0.0011658 0.00329872 0.0008946 0.00068276
0.582927 0.202241 0.203367 0.201115 0.0333592 0.0365508 0.0301676 0.0417046 0.00112626 0.00319156 0.000865631 0.000661532
0.586318 0.195585 0.196673 0.194497 0.0319713 0.0350585 0.0288842 0.0405733 0.00108785 0.00308719 0.000837424 0.000640821
0.589709 0.189081 0.190131 0.18803 0.0306312 0.0336167 0.0276456 0.0394658 0.00105054 0.00298556 0.000809962 0.000620619
0.5931 0.182726 0.183741 0.181712 0.0293374 0.032224 0.0264509 0.0383818 0.0010143 0.0028866 0.000783229 0.000600915
0.596491 0.176521 0.1775 0.175542 0.0280889 0.0308791 0.0252986 0.0373209 0.000979102 0.00279026 0.000757208 0.0005817
0.599881 0.170462 0.171407 0.169518 0.0268843 0.0295807 0.0241878 0.0362826 0.000944922 0.00269649 0.000731885 0.000562964
0.603272 0.164549 0.165461 0.163638 0.0257224 0.0283276 0.0231171 0.0352665 0.000911733 0.00260523 0.000707242 0.000544697
0.606663 0.15878 0.159659 0.1579 0.024602 0.0271184 0.0220856 0.0342723 0.000879512 0.00251642 0.000683266 0.000526891
0.610054 0.153152 0.154001 0.152304 0.0235221 0.0259521 0.021092 0.0332996 0.000848233 0.00243003 0.000659941 0.000509537
0.613445 0.147665 0.148483 0.146847 0.0224813 0.0248273 0.0201354 0.032348 0.000817873 0.002346 0.000637254 0.000492626
0.616836 0.142316 0.143105 0.141528 0.0214788 0.023743 0.0192145 0.0314172 0.000788408 0.00226427 0.000615189 0.000476149
0.620226 0.137104 0.137864 0.136345 0.0205132 0.022698 0.0183284 0.0305067 0.000759816 0.0021848 0.000593734 0.000460098
0.623617 0.132028 0.13276 0.131295 0.0195836 0.0216912 0.0174761 0.0296162 0.000732076 0.00210754 0.000572874 0.000444464
0.627008 0.127084 0.127789 0.126379 0.0186889 0.0207214 0.0166565 0.0287454 0.000705166 0.00203244 0.000552596 0.00042924
0.630399 0.122272 0.122951 0.121593 0.0178281 0.0197876 0.0158687 0.027894 0.000679064 0.00195946 0.000532887 0.000414417
0.63379 0.11759 0.118243 0.116936 0.0170002 0.0188887 0.0151116 0.0270615 0.000653751 0.00188855 0.000513736 0.000399987
0.637181 0.113035 0.113665 0.112406 0.0162041 0.0180238 0.0143845 0.0262477 0.000629206 0.00181967 0.000495128 0.000385943
0.640571 0.108607 0.109213 0.108002 0.015439 0.0171918 0.0136862 0.0254523 0.00060541 0.00175277 0.000477052 0.000372277
0.643962 0.104303 0.104886 0.103721 0.0147038 0.0163917 0.013016 0.0246749 0.000582345 0.0016878 0.000459497 0.000358982
0.647353 0.100122 0.100682 0.0995619 0.0139977 0.0156225 0.012373 0.0239152 0.000559991 0.00162474 0.000442449 0.000346049
0.650744 0.0960611 0.0965995 0.0955228 0.0133198 0.0148833 0.0117562 0.0231729 0.000538331 0.00156352 0.000425899 0.000333473
0.654135 0.0921191 0.0926364 0.0916017 0.012669 0.0141732 0.0111649 0.0224478 0.000517347 0.00150412 0.000409835 0.000321245
0.657526 0.0882939 0.088791 0.0877969 0.0120447 0.0134912 0.0105982 0.0217395 0.000497022 0.00144649 0.000394245 0.000309359
0.660916 0.0845839 0.0850612 0.0841066 0.0114459 0.0128365 0.0100554 0.0210477 0.000477339 0.00139059 0.000379119 0.000297808
0.664307 0.0809869 0.0814452 0.0805286 0.0108719 0.0122083 0.00953551 0.0203721 0.000458282 0.00133639 0.000364446 0.000286585
0.667698 0.0775012 0.077941 0.0770614 0.0103218 0.0116056 0.00903792 0.0197126 0.000439834 0.00128383 0.000350217 0.000275683
0.671089 0.0741248 0.0745468 0.0737029 0.00979474 0.0110276 0.00856184 0.0190687 0.000421981 0.0012329 0.00033642 0.000265097
0.67448 0.0708558 0.0712605 0.0704511 0.00929008 0.0104736 0.00810654 0.0184403 0.000404706 0.00118355 0.000323046 0.000254818
0.677871 0.0676923 0.0680803 0.0673043 0.00880703 0.00994277 0.0076713 0.0178271 0.000387996 0.00113573 0.000310086 0.000244842
0.681261 0.0646324 0.0650042 0.0642606 0.00834485 0.00943428 0.00725542 0.0172287 0.000371834 0.00108943 0.000297529 0.000235161
0.684652 0.0616741 0.0620303 0.0613179 0.00790283 0.00894742 0.00685823 0.016645 0.000356208 0.0010446 0.000285366 0.00022577
0.688043 0.0588155 0.0591566 0.0584744 0.00748027 0.00848147 0.00647906 0.0160758 0.000341103 0.0010012 0.000273588 0.000216663
0.691434 0.0560546 0.0563811 0.0557281 0.00707649 0.0080357 0.00611728 0.0155206 0.000326505 0.000959214 0.000262187 0.000207833
0.694825 0.0533896 0.053702 0.0530772 0.00669083 0.00760942 0.00577223 0.0149794 0.000312402 0.000918593 0.000251152 0.000199275
0.698216 0.0508183 0.0511171 0.0505195 0.00632264 0.00720195 0.00544333 0.0144519 0.00029878 0.000879309 0.000240476 0.000190983
0.701606 0.048339 0.0486246 0.0480533 0.00597131 0.00681264 0.00512998 0.0139378 0.000285626 0.00084133 0.000230149 0.000182951
0.704997 0.0459496 0.0462225 0.0456767 0.0056362 0.00644082 0.00483158 0.0134369 0.000272929 0.000804624 0.000220164 0.000175173
0.708388 0.0436482 0.0439089 0.0433876 0.00531673 0.00608589 0.00454757 0.012949 0.000260676 0.00076916 0.000210513 0.000167644
0.711779 0.0414329 0.0416817 0.041184 0.00501231 0.00574722 0.0042774 0.0124738 0.000248855 0.000734907 0.000201186 0.000160359
0.71517 0.0393016 0.0395391 0.0390642 0.0047224 0.00542423 0.00402056 0.0120112 0.000237454 0.000701835 0.000192177 0.000153312
0.718561 0.0372526 0.037479 0.0370261 0.00444642 0.00511633 0.0037765 0.0115608 0.000226463 0.000669915 0.000183477 0.000146498
0.721951 0.0352837 0.0354996 0.0350679 0.00418386 0.00482297 0.00354474 0.0111226 0.00021587 0.000639117 0.000175079 0.000139911
0.725342 0.0333931 0.0335988 0.0331875 0.00393419 0.0045436 0.00332477 0.0106963 0.000205664 0.000609414 0.000166976 0.000133547
0.728733 0.0315789 0.0317747 0.0313831 0.00369691 0.00427768 0.00311613 0.0102816 0.000195835 0.000580776 0.000159159 0.0001274
0.732124 0.0298391 0.0300254 0.0296527 0.00347152 0.0040247 0.00291835 0.00987844 0.000186372 0.000553176 0.000151622 0.000121465
0.735515 0.0281718 0.028349 0.0279945 0.00325757 0.00378415 0.00273098 0.00948652 0.000177266 0.000526587 0.000144358 0.000115738
0.738906 0.0265751 0.0267436 0.0264066 0.00305457 0.00355556 0.00255359 0.00910566 0.000168505 0.000500983 0.000137359 0.000110213
0.742296 0.0250471 0.0252071 0.024887 0.0028621 0.00333843 0.00238576 0.00873568 0.000160081 0.000476338 0.00013062 0.000104886
0.745687 0.0235859 0.0237379 0.0234339 0.0026797 0.00313233 0.00222708 0.00837638 0.000151983 0.000452625 0.000124132 9.97517e-05
0.749078 0.0221896 0.0223338 0.0220454 0.00250697 0.00293679 0.00207715 0.00802755 0.000144203 0.000429821 0.000117889 9.48056e-05
0.752469 0.0208565 0.0209932 0.0207197 0.00234349 0.00275139 0.00193559 0.00768902 0.000136732 0.000407898 0.000111886 9.00432e-05
0.75586 0.0195846 0.0197141 0.019455 0.00218887 0.00257571 0.00180204 0.0073606 0.00012956 0.000386835 0.000106115 8.54599e-05
0.759251 0.018372 0.0184947 0.0182494 0.00204273 0.00240934 0.00167612 0.00704209 0.000122679 0.000366606 0.00010057 8.10512e-05
0.762641 0.0172171 0.0173332 0.017101 0.0019047 0.00225188 0.00155751 0.00673332 0.00011608 0.000347189 9.52455e-05 7.68127e-05
0.766032 0.016118 0.0162277 0.0160082 0.00177441 0.00210297 0.00144585 0.0064341 0.000109754 0.000328559 9.01349e-05 7.274e-05
0.769423 0.0150729 0.0151765 0.0149692 0.00165153 0.00196223 0.00134083 0.00614426 0.000103695 0.000310696 8.52324e-05 6.88288e-05
0.772814 0.01408 0.0141779 0.0139821 0.00153572 0.00182929 0.00124214 0.00586361 9.78929e-05 0.000293576 8.05321e-05 6.50748e-05
0.776205 0.0131376 0.0132299 0.0130453 0.00142665 0.00170382 0.00114947 0.00559199 9.23407e-05 0.000277177 7.60283e-05 6.1474e-05
0.779596 0.012244 0.012331 0.012157 0.00132401 0.00158549 0.00106253 0.00532922 8.70306e-05 0.000261479 7.17153e-05 5.80221e-05
0.782986 0.0113975 0.0114795 0.0113156 0.0012275 0.00147396 0.00098104 0.00507513 8.1955e-05 0.000246461 6.75876e-05 5.47152e-05
0.786377 0.0105964 0.0106735 0.0105193 0.00113683 0.00136893 0.000904731 0.00482954 7.71065e-05 0.000232101 6.36398e-05 5.15491e-05
0.789768 0.00983906 0.00991153 0.00976658 0.00105172 0.0012701 0.000833341 0.0045923 7.24781e-05 0.00021838 5.98664e-05 4.852e-05
0.793159 0.00912384 0.0091919 0.00905577 0.000971897 0.00117717 0.000766619 0.00436323 6.80625e-05 0.000205278 5.62623e-05 4.56239e-05
0.79655 0.00844914 0.00851299 0.00838529 0.000897098 0.00108987 0.000704323 0.00414217 6.38529e-05 0.000192775 5.28222e-05 4.2857e-05
0.799941 0.00781338 0.00787323 0.00775354 0.000827074 0.00100793 0.000646221 0.00392896 5.98426e-05 0.000180853 4.95411e-05 4.02156e-05
0.803332 0.00721502 0.00727105 0.007159 0.000761581 0.000931074 0.000592089 0.00372343 5.60249e-05 0.000169492 4.6414e-05 3.76958e-05
0.806722 0.00665253 0.00670493 0.00660014 0.000700388 0.000859062 0.000541713 0.00352543 5.23933e-05 0.000158675 4.3436e-05 3.52941e-05
0.810113 0.00612442 0.00617336 0.00607548 0.00064327 0.000791652 0.000494887 0.0033348 4.89415e-05 0.000148383 4.06023e-05 3.30068e-05
0.813504 0.00562922 0.00567489 0.00558356 0.00059001 0.000728609 0.000451412 0.00315137 4.56633e-05 0.000138599 3.79082e-05 3.08302e-05
0.816895 0.00516551 0.00520806 0.00512295 0.000540404 0.00066971 0.000411099 0.002975 4.25526e-05 0.000129305 3.5349e-05 2.8761e-05
0.820286 0.00473186 0.00477146 0.00469226 0.000494252 0.000614737 0.000373767 0.00280553 3.96035e-05 0.000120485 3.29202e-05 2.67957e-05
0.823677 0.00432691 0.00436372 0.0042901 0.000451363 0.000563485 0.000339241 0.00264281 3.68102e-05 0.000112122 3.06173e-05 2.49308e-05
0.827067 0.00394931 0.00398348 0.00391514 0.000411554 0.000515754 0.000307354 0.00248667 3.41669e-05 0.0001042 2.84359e-05 2.3163e-05
0.830458 0.00359776 0.00362943 0.00356609 0.000374651 0.000471353 0.000277948 0.00233698 3.16682e-05 9.67027e-05 2.63718e-05 2.1489e-05
0.833849 0.00327098 0.00330029 0.00324167 0.000340484 0.000430099 0.00025087 0.00219359 2.93086e-05 8.96148e-05 2.44207e-05 1.99055e-05
0.83724 0.00296771 0.0029948 0.00294063 0.000308895 0.000391816 0.000225974 0.00205633 2.70827e-05 8.29209e-05 2.25785e-05 1.84094e-05
0.840631 0.00268676 0.00271175 0.00266178 0.000279729 0.000356335 0.000203122 0.00192508 2.49854e-05 7.66061e-05 2.08411e-05 1.69974e-05
0.844022 0.00242694 0.00244995 0.00240393 0.000252838 0.000323494 0.000182182 0.00179967 2.30116e-05 7.06559e-05 1.92045e-05 1.56666e-05
0.847412 0.00218711 0.00220826 0.00216595 0.000228083 0.000293139 0.000163027 0.00167997 2.11563e-05 6.50558e-05 1.76649e-05 1.44138e-05
0.850803 0.00196615 0.00198556 0.00194673 0.00020533 0.000265122 0.000145538 0.00156582 1.94147e-05 5.97921e-05 1.62183e-05 1.32362e-05
0.854194 0.00176299 0.00178078 0.00174521 0.000184452 0.000239302 0.000129601 0.00145709 1.7782e-05 5.48509e-05 1.48611e-05 1.21306e-05
0.857585 0.0015766 0.00159285 0.00156035 0.000165325 0.000215544 0.000115106 0.00135364 1.62536e-05 5.02188e-05 1.35896e-05 1.10943e-05
0.860976 0.00140596 0.00142079 0.00139114 0.000147835 0.000193718 0.000101953 0.00125532 1.4825e-05 4.58829e-05 1.24001e-05 1.01244e-05
0.864367 0.00125011 0.0012636 0.00123661 0.000131872 0.000173702 9.00416e-05 0.00116198 1.34918e-05 4.18304e-05 1.12893e-05 9.21823e-06
0.867757 0.0011081 0.00112035 0.00109585 0.00011733 0.000155379 7.92812e-05 0.0010735 1.22496e-05 3.80487e-05 1.02535e-05 8.37293e-06
0.871148 0.00097903 0.000990125 0.000967936 0.00010411 0.000138636 6.95842e-05 0.00098973 1.10942e-05 3.45258e-05 9.28949e-06 7.58588e-06
0.874539 0.000862043 0.000872064 0.000852021 9.21175e-05 0.000123367 6.08678e-05 0.000910532 1.00216e-05 3.12496e-05 8.39392e-06 6.85446e-06
0.87793 0.0007563 0.000765328 0.000747272 8.12632e-05 0.000109472 5.30545e-05 0.000835769 9.02775e-06 2.82087e-05 7.56358e-06 6.1761e-06
0.881321 0.000661006 0.000669114 0.000652897 7.14622e-05 9.68539e-05 4.60706e-05 0.000765304 8.10876e-06 2.53916e-05 6.79533e-06 5.54828e-06
0.884712 0.000575394 0.000582655 0.000568133 6.26346e-05 8.5422e-05 3.98472e-05 0.000699003 7.26084e-06 2.27874e-05 6.08607e-06 4.96854e-06
0.888102 0.000498737 0.000505217 0.000492257 5.47046e-05 7.50899e-05 3.43193e-05 0.000636728 6.48028e-06 2.03853e-05 5.43282e-06 4.43448e-06
0.891493 0.000430338 0.000436102 0.000424575 4.76008e-05 6.57756e-05 2.9426e-05 0.000578347 5.76351e-06 1.81748e-05 4.83265e-06 3.94374e-06
0.894884 0.000369535 0.000374642 0.000364428 4.12559e-05 5.74017e-05 2.51102e-05 0.000523726 5.10702e-06 1.61457e-05 4.28269e-06 3.49402e-06
0.898275 0.000315698 0.000320206 0.000311191 3.56068e-05 4.98949e-05 2.13186e-05 0.000472731 4.50741e-06 1.42882e-05 3.78018e-06 3.08307e-06
0.901666 0.000268231 0.000272192 0.00026427 3.05937e-05 4.31861e-05 1.80013e-05 0.00042523 3.96139e-06 1.25924e-05 3.32239e-06 2.70871e-06
0.905057 0.000226569 0.000230035 0.000223104 2.6161e-05 3.72102e-05 1.51118e-05 0.000381092 3.46574e-06 1.10492e-05 2.9067e-06 2.36879e-06
0.908447 0.00019018 0.000193197 0.000187163 2.22564e-05 3.19057e-05 1.26071e-05 0.000340187 3.01736e-06 9.64929e-06 2.53054e-06 2.06124e-06
0.911838 0.000158561 0.000161174 0.000155948 1.88309e-05 2.72147e-05 1.0447e-05 0.000302385 2.61323e-06 8.38389e-06 2.19142e-06 1.78402e-06
0.915229 0.000131242 0.000133492 0.000128991 1.58388e-05 2.30832e-05 8.59437e-06 0.000267556 2.25043e-06 7.24443e-06 1.88693e-06 1.53518e-06
0.91862 0.00010778 0.000109706 0.000105854 1.32377e-05 1.94602e-05 7.01508e-06 0.000235572 1.92613e-06 6.22258e-06 1.61472e-06 1.3128e-06
0.922011 8.77637e-05 8.94013e-05 8.6126e-05 1.09878e-05 1.62981e-05 5.67756e-06 0.000206306 1.63761e-06 5.31029e-06 1.37251e-06 1.11502e-06
0.925402 7.08097e-05 7.2192e-05 6.94275e-05 9.05263e-06 1.35524e-05 4.55285e-06 0.000179631 1.38222e-06 4.49978e-06 1.15812e-06 9.40053e-07
0.928792 5.65621e-05 5.77195e-05 5.54047e-05 7.39802e-06 1.11815e-05 3.6145e-06 0.00015542 1.15742e-06 3.78352e-06 9.69425e-07 7.86148e-07
0.932183 4.46922e-05 4.56529e-05 4.37314e-05 5.99259e-06 9.14683e-06 2.83834e-06 0.00013355 9.6075e-07 3.15425e-06 8.0437e-07 6.51629e-07
0.935574 3.48973e-05 3.56872e-05 3.41074e-05 4.8074e-06 7.41236e-06 2.20245e-06 0.000113895 7.8986e-07 2.60496e-06 6.60985e-07 5.34875e-07
0.938965 2.69004e-05 2.75429e-05 2.62579e-05 3.8159e-06 5.94481e-06 1.68699e-06 9.63316e-05 6.42481e-07 2.12891e-06 5.3737e-07 4.34324e-07
0.942356 2.0449e-05 2.09655e-05 1.99326e-05 2.99375e-06 4.71338e-06 1.27412e-06 8.07383e-05 5.16441e-07 1.71963e-06 4.31703e-07 3.48476e-07
0.945747 1.53142e-05 1.57238e-05 1.49045e-05 2.31876e-06 3.68965e-06 9.47877e-07 6.69935e-05 4.09663e-07 1.37089e-06 3.42237e-07 2.75893e-07
0.949137 1.12897e-05 1.16099e-05 1.09695e-05 1.77077e-06 2.8475e-06 6.94034e-07 5.4977e-05 3.20161e-07 1.07673e-06 2.67303e-07 2.15197e-07
0.952528 8.19132e-06 8.43737e-06 7.94527e-06 1.33152e-06 2.16299e-06 5.0004e-07 4.45696e-05 2.46047e-07 8.31476e-07 2.05309e-07 1.65076e-07
0.955919 5.85553e-06 6.04106e-06 5.67001e-06 9.84578e-07 1.61426e-06 3.54892e-07 3.5654e-05 1.85527e-07 6.29686e-07 1.54741e-07 1.24282e-07
0.95931 4.13879e-06 4.2757e-06 4.00189e-06 7.15243e-07 1.18145e-06 2.4904e-07 2.81141e-05 1.36901e-07 4.66203e-07 1.14167e-07 9.16323e-08
0.962701 2.91656e-06 3.01513e-06 2.81799e-06 5.1043e-07 8.46569e-07 1.74291e-07 2.18363e-05 9.85699e-08 3.36139e-07 8.22328e-08 6.60101e-08
0.966092 2.08242e-06 2.15144e-06 2.01339e-06 3.58601e-07 5.93478e-07 1.23723e-07 1.67093e-05 6.90296e-08 2.34878e-07 5.76691e-08 4.63676e-08
0.969482 1.5473e-06 1.59418e-06 1.50043e-06 2.49689e-07 4.0777e-07 9.16085e-08 1.2626e-05 4.68766e-08 1.58081e-07 3.92887e-08 3.17266e-08
0.972873 1.23914e-06 1.26995e-06 1.20833e-06 1.75054e-07 2.7675e-07 7.33587e-08 9.48492e-06 3.08082e-08 1.01696e-07 2.59901e-08 2.11796e-08
0.976264 1.10315e-06 1.12277e-06 1.08352e-06 1.27477e-07 1.89435e-07 6.55195e-08 7.19502e-06 1.96246e-08 6.19575e-08 1.67584e-08 1.38915e-08
0.979655 1.10421e-06 1.11644e-06 1.09198e-06 1.01295e-07 1.36697e-07 6.58928e-08 5.68533e-06 1.22294e-08 3.54022e-08 1.06665e-08 9.10043e-09
0.983046 1.23592e-06 1.24355e-06 1.22829e-06 9.29337e-08 1.11807e-07 7.40607e-08 4.93271e-06 7.62967e-09 1.8873e-08 6.87433e-09 6.11604e-09
0.986437 1.55784e-06 1.56277e-06 1.55291e-06 1.03147e-07 1.12677e-07 9.36163e-08 5.06008e-06 4.92697e-09 9.53051e-09 4.61894e-09 4.30911e-09
0.989827 2.45973e-06 2.46299e-06 2.45647e-06 1.52928e-07 1.57772e-07 1.48084e-07 6.89904e-06 3.25841e-09 4.8442e-09 3.15276e-09 3.04628e-09
0.993218 1.15788e-05 1.15792e-05 1.15785e-05 7.00993e-07 7.04e-07 6.97985e-07 4.02407e-05 3.54087e-10 3.00733e-09 1.77871e-10 0
4.01075e-314 inf inf inf inf inf inf 0.00288303 37.329 1.22279 0.918886 0.555508
