9.72476e-05 8.73571 9.35804 8.11338 3.94652 4.34883 3.54421 15.5581 0.622331 0.402308 0.224912 0.215497
0.0001 8.68083 9.30083 8.06083 3.92148 4.32199 3.52097 15.412 0.619998 0.400507 0.223222 0.213705
0.00010283 8.62664 9.24431 8.00896 3.89675 4.29547 3.49803 15.267 0.617676 0.398718 0.221545 0.211925
0.000105741 8.57433 9.1897 7.95897 3.87288 4.26982 3.47594 15.1232 0.615366 0.39694 0.21988 0.210157
0.000108734 8.51925 9.13231 7.90618 3.84776 4.24294 3.45259 14.9804 0.613067 0.395174 0.218228 0.2084
0.000111811 8.46447 9.07525 7.85369 3.82279 4.21621 3.42937 14.8387 0.610779 0.39342 0.21659 0.206655
0.000114976 8.40998 9.01848 7.80147 3.79795 4.18963 3.40628 14.6982 0.608503 0.391676 0.214963 0.204922
0.00011823 8.35578 8.96202 7.74955 3.77326 4.1632 3.38331 14.5587 0.606238 0.389944 0.21335 0.2032
0.000121576 8.30189 8.90587 7.6979 3.7487 4.13692 3.36047 14.4203 0.603983 0.388223 0.211749 0.20149
0.000125017 8.24828 8.85002 7.64654 3.72427 4.11079 3.33776 14.283 0.60174 0.386513 0.21016 0.199791
0.000128556 8.19495 8.79446 7.59545 3.69998 4.0848 3.31517 14.1467 0.599507 0.384815 0.208584 0.198103
0.000132194 8.14193 8.73922 7.54464 3.67583 4.05896 3.2927 14.0115 0.597286 0.383127 0.20702 0.196427
0.000135936 8.08919 8.68426 7.49411 3.65181 4.03326 3.27036 13.8774 0.595075 0.381451 0.205469 0.194762
0.000139783 8.03673 8.6296 7.44385 3.62793 4.00771 3.24814 13.7443 0.592874 0.379785 0.20393 0.193108
0.000143739 7.98456 8.57524 7.39388 3.60418 3.98231 3.22605 13.6122 0.590684 0.37813 0.202403 0.191466
0.000147808 7.93267 8.52117 7.34416 3.58056 3.95704 3.20407 13.4811 0.588505 0.376486 0.200888 0.189834
0.000151991 7.88106 8.4674 7.29473 3.55707 3.93193 3.18222 13.3511 0.586335 0.374852 0.199386 0.188213
0.000156293 7.82974 8.41392 7.24556 3.53372 3.90695 3.16049 13.2221 0.584176 0.373229 0.197895 0.186603
0.000160717 7.77869 8.36072 7.19667 3.51049 3.88211 3.13888 13.0941 0.582027 0.371617 0.196417 0.185004
0.000165265 7.72792 8.30781 7.14803 3.4874 3.85742 3.11739 12.9672 0.579889 0.370015 0.194951 0.183416
0.000169943 7.67744 8.2552 7.09968 3.46444 3.83286 3.09602 12.8412 0.57776 0.368424 0.193496 0.181839
0.000174753 7.62722 8.20286 7.05158 3.4416 3.80845 3.07476 12.7162 0.575641 0.366843 0.192054 0.180272
0.000179699 7.57728 8.15081 7.00375 3.4189 3.78417 3.05363 12.5922 0.573532 0.365272 0.190623 0.178716
0.000184785 7.52762 8.09905 6.95619 3.39632 3.76003 3.03261 12.4691 0.571432 0.363711 0.189205 0.177171
0.000190015 7.47822 8.04756 6.90888 3.37387 3.73603 3.01171 12.3471 0.569342 0.362161 0.187797 0.175636
0.000195393 7.4291 7.99636 6.86184 3.35155 3.71217 2.99093 12.226 0.567262 0.360621 0.186402 0.174111
0.000200923 7.38024 7.94543 6.81505 3.32935 3.68844 2.97026 12.1058 0.565191 0.35909 0.185018 0.172597
0.00020661 7.33166 7.89479 6.76853 3.30728 3.66485 2.94971 11.9866 0.563129 0.35757 0.183646 0.171094
0.000212458 7.28333 7.84441 6.72226 3.28533 3.64139 2.92927 11.8684 0.561076 0.356059 0.182286 0.1696
0.000218471 7.23529 7.79432 6.67625 3.26351 3.61807 2.90895 11.7511 0.559033 0.354559 0.180937 0.168117
0.000224655 7.1875 7.7445 6.6305 3.24181 3.59488 2.88874 11.6347 0.556999 0.353068 0.179599 0.166644
0.000231013 7.13997 7.69494 6.58499 3.22023 3.57182 2.86865 11.5193 0.554974 0.351587 0.178273 0.165181
0.000237551 7.09271 7.64566 6.53975 3.19878 3.5489 2.84867 11.4048 0.552957 0.350115 0.176958 0.163728
0.000244275 7.0457 7.59665 6.49475 3.17745 3.5261 2.8288 11.2912 0.550949 0.348653 0.175655 0.162285
0.000251189 6.99896 7.54791 6.45001 3.15624 3.50344 2.80904 11.1785 0.54895 0.347201 0.174363 0.160852
0.000258298 6.95247 7.49943 6.40551 3.13515 3.48091 2.7894 11.0667 0.54696 0.345758 0.173082 0.159429
0.000265609 6.90624 7.45122 6.36126 3.11419 3.45851 2.76986 10.9558 0.544978 0.344324 0.171812 0.158016
0.000273126 6.86026 7.40327 6.31726 3.09334 3.43624 2.75044 10.8458 0.543004 0.3429 0.170554 0.156613
0.000280857 6.81455 7.35559 6.27351 3.07261 3.4141 2.73113 10.7366 0.541038 0.341485 0.169306 0.15522
0.000288806 6.76908 7.30816 6.23 3.052 3.39208 2.71192 10.6284 0.539081 0.340079 0.16807 0.153836
0.00029698 6.72387 7.261 6.18673 3.03151 3.37019 2.69283 10.521 0.537132 0.338682 0.166844 0.152461
0.000305386 6.67891 7.2141 6.14372 3.01114 3.34843 2.67384 10.4145 0.535191 0.337294 0.16563 0.151097
0.000314029 6.63419 7.16745 6.10093 2.99088 3.3268 2.65496 10.3089 0.533257 0.335916 0.164427 0.149742
0.000322917 6.58973 7.12106 6.0584 2.97074 3.30529 2.63619 10.2041 0.531332 0.334546 0.163234 0.148396
0.000332057 6.54551 7.07492 6.0161 2.95072 3.2839 2.61753 10.1001 0.529414 0.333185 0.162052 0.14706
0.000341455 6.50154 7.02905 5.97404 2.93081 3.26264 2.59897 9.99703 0.527504 0.331832 0.160881 0.145733
0.000351119 6.45782 6.98342 5.93222 2.91101 3.2415 2.58052 9.89477 0.525601 0.330489 0.159721 0.144416
0.000361057 6.41433 6.93804 5.89063 2.89133 3.22049 2.56218 9.79335 0.523705 0.329154 0.158572 0.143108
0.000371276 6.3711 6.89291 5.84928 2.87177 3.19959 2.54394 9.69274 0.521817 0.327828 0.157433 0.141809
0.000381784 6.3281 6.84803 5.80816 2.85231 3.17882 2.5258 9.59297 0.519935 0.32651 0.156305 0.140519
0.00039259 6.28534 6.8034 5.76728 2.83297 3.15817 2.50777 9.49401 0.518061 0.325201 0.155187 0.139238
0.000403702 6.24282 6.75902 5.72663 2.81374 3.13764 2.48984 9.39586 0.516194 0.3239 0.15408 0.137967
0.000415128 6.20054 6.71488 5.68621 2.79463 3.11724 2.47202 9.29851 0.514333 0.322608 0.152983 0.136704
0.000426877 6.1585 6.67098 5.64602 2.77562 3.09695 2.4543 9.20196 0.51248 0.321324 0.151897 0.135451
0.000438959 6.11669 6.62733 5.60606 2.75673 3.07678 2.43668 9.1062 0.510632 0.320048 0.150822 0.134206
0.000451383 6.07512 6.58391 5.56633 2.73794 3.05672 2.41916 9.01124 0.508792 0.31878 0.149756 0.132971
0.000464159 6.03378 6.54074 5.52682 2.71927 3.03679 2.40175 8.91706 0.506957 0.31752 0.148701 0.131744
0.000477296 5.99267 6.4978 5.48755 2.7007 3.01697 2.38443 8.82365 0.505129 0.316268 0.147657 0.130526
0.000490805 5.9518 6.4551 5.44849 2.68224 2.99727 2.36722 8.73102 0.503307 0.315024 0.146622 0.129316
0.000504697 5.91115 6.41264 5.40966 2.66389 2.97768 2.3501 8.63915 0.501491 0.313789 0.145598 0.128116
0.000518981 5.87073 6.37041 5.37105 2.64565 2.95821 2.33309 8.54805 0.499681 0.31256 0.144584 0.126924
0.00053367 5.83055 6.32842 5.33267 2.62752 2.93886 2.31618 8.45771 0.497877 0.31134 0.143579 0.125741
0.000548775 5.79058 6.28666 5.2945 2.60949 2.91961 2.29936 8.36811 0.496078 0.310127 0.142585 0.124566
0.000564307 5.75085 6.24513 5.25656 2.59156 2.90049 2.28264 8.27926 0.494285 0.308922 0.141602 0.1234
0.000580278 5.71133 6.20383 5.21883 2.57374 2.88147 2.26602 8.19116 0.492497 0.307725 0.140627 0.122242
0.000596702 5.67204 6.16275 5.18133 2.55603 2.86257 2.2495 8.10379 0.490714 0.306535 0.139663 0.121092
0.000613591 5.63297 6.12191 5.14404 2.53842 2.84377 2.23307 8.01715 0.488937 0.305352 0.138709 0.119951
0.000630957 5.59413 6.08129 5.10696 2.52092 2.82509 2.21674 7.93124 0.487164 0.304177 0.137765 0.118819
0.000648815 5.5555 6.0409 5.07011 2.50352 2.80653 2.20051 7.84605 0.485397 0.303009 0.13683 0.117694
0.000667179 5.51709 6.00073 5.03346 2.48622 2.78807 2.18437 7.76158 0.483634 0.301848 0.135906 0.116578
0.000686062 5.4789 5.96078 4.99703 2.46902 2.76972 2.16833 7.67782 0.481876 0.300694 0.134991 0.11547
0.00070548 5.44093 5.92105 4.96081 2.45193 2.75147 2.15238 7.59476 0.480123 0.299548 0.134085 0.11437
0.000725448 5.40317 5.88155 4.9248 2.43493 2.73334 2.13653 7.51241 0.478373 0.298408 0.13319 0.113279
0.00074598 5.36563 5.84225 4.889 2.41804 2.71532 2.12077 7.43076 0.476628 0.297275 0.132303 0.112195
0.000767094 5.3283 5.80319 4.85341 2.40125 2.6974 2.1051 7.34979 0.474887 0.29615 0.131427 0.11112
0.000788805 5.29118 5.76433 4.81803 2.38456 2.67959 2.08953 7.26952 0.47315 0.295031 0.13056 0.110052
0.000811131 5.25427 5.72569 4.78286 2.36796 2.66188 2.07405 7.18993 0.471417 0.293918 0.129702 0.108992
0.000834088 5.21758 5.68727 4.74789 2.35147 2.64428 2.05866 7.11101 0.469688 0.292813 0.128854 0.107941
0.000857696 5.18109 5.64905 4.71313 2.33508 2.62679 2.04336 7.03277 0.467961 0.291714 0.128015 0.106897
0.000881971 5.14481 5.61105 4.67857 2.31878 2.6094 2.02816 6.9552 0.466239 0.290621 0.127185 0.10586
0.000906934 5.10874 5.57326 4.64422 2.30258 2.59211 2.01304 6.8783 0.464519 0.289535 0.126365 0.104832
0.000932603 5.07287 5.53568 4.61007 2.28648 2.57493 1.99802 6.80205 0.462803 0.288455 0.125554 0.103811
0.000958999 5.03721 5.4983 4.57612 2.27047 2.55785 1.98309 6.72646 0.46109 0.287382 0.124752 0.102798
0.000986142 5.00175 5.46113 4.54238 2.25456 2.54087 1.96825 6.65152 0.459379 0.286314 0.123959 0.101793
0.00101405 4.9665 5.42417 4.50883 2.23875 2.524 1.95349 6.57722 0.457671 0.285253 0.123175 0.100795
0.00104275 4.93145 5.38741 4.47548 2.22302 2.50722 1.93883 6.50357 0.455965 0.284198 0.1224 0.0998051
0.00107227 4.8966 5.35086 4.44233 2.2074 2.49055 1.92425 6.43055 0.454262 0.283149 0.121635 0.0988225
0.00110262 4.86194 5.3145 4.40938 2.19187 2.47397 1.90976 6.35818 0.452561 0.282106 0.120878 0.0978473
0.00113382 4.82749 5.27835 4.37662 2.17643 2.4575 1.89536 6.28642 0.450861 0.281069 0.12013 0.0968795
0.00116591 4.79323 5.24239 4.34406 2.16109 2.44112 1.88105 6.2153 0.449164 0.280037 0.11939 0.0959191
0.00119891 4.75917 5.20663 4.3117 2.14584 2.42485 1.86682 6.14479 0.447468 0.279011 0.11866 0.0949661
0.00123285 4.7253 5.17107 4.27952 2.13068 2.40867 1.85269 6.0749 0.445774 0.277991 0.117938 0.0940203
0.00126774 4.69163 5.13571 4.24755 2.11561 2.39259 1.83863 6.00561 0.444081 0.276976 0.117225 0.0930819
0.00130362 4.65815 5.10054 4.21576 2.10063 2.3766 1.82467 5.93694 0.442389 0.275967 0.116521 0.0921507
0.00134052 4.62487 5.06556 4.18417 2.08575 2.36071 1.81079 5.86887 0.440698 0.274963 0.115825 0.0912266
0.00137846 4.59177 5.03078 4.15276 2.07095 2.34492 1.79699 5.8014 0.439008 0.273964 0.115137 0.0903098
0.00141747 4.55887 4.99618 4.12155 2.05625 2.32922 1.78328 5.73452 0.437318 0.272971 0.114458 0.0894
0.00145759 4.52615 4.96178 4.09052 2.04163 2.31362 1.76965 5.66824 0.435629 0.271982 0.113788 0.0884973
0.00149885 4.49362 4.92756 4.05968 2.02711 2.29811 1.75611 5.60254 0.43394 0.270999 0.113125 0.0876016
0.00154127 4.46128 4.89353 4.02903 2.01267 2.28269 1.74265 5.53743 0.432251 0.270021 0.112471 0.0867129
0.00158489 4.42913 4.85969 3.99856 1.99832 2.26737 1.72927 5.47289 0.430562 0.269047 0.111825 0.0858312
0.00162975 4.39716 4.82603 3.96829 1.98406 2.25214 1.71598 5.40893 0.428872 0.268078 0.111187 0.0849564
0.00167588 4.36537 4.79256 3.93819 1.96988 2.237 1.70277 5.34553 0.427182 0.267114 0.110558 0.0840885
0.00172331 4.33377 4.75926 3.90828 1.9558 2.22195 1.68964 5.28271 0.425491 0.266155 0.109936 0.0832274
0.00177209 4.30235 4.72615 3.87855 1.94179 2.20699 1.67659 5.22045 0.4238 0.2652 0.109322 0.0823732
0.00182224 4.27111 4.69322 3.849 1.92788 2.19213 1.66363 5.15874 0.422107 0.26425 0.108716 0.0815256
0.00187382 4.24005 4.66047 3.81964 1.91405 2.17735 1.65074 5.0976 0.420413 0.263303 0.108118 0.0806848
0.00192685 4.20917 4.62789 3.79045 1.9003 2.16266 1.63794 5.037 0.418717 0.262362 0.107528 0.0798507
0.00198139 4.17847 4.59549 3.76145 1.88664 2.14806 1.62522 4.97695 0.417019 0.261424 0.106945 0.0790232
0.00203747 4.14794 4.56326 3.73262 1.87306 2.13355 1.61257 4.91745 0.41532 0.26049 0.10637 0.0782024
0.00209514 4.11759 4.53121 3.70398 1.85957 2.11913 1.60001 4.85848 0.413618 0.25956 0.105802 0.0773881
0.00215443 4.08742 4.49933 3.6755 1.84616 2.1048 1.58753 4.80005 0.411914 0.258634 0.105242 0.0765803
0.00221541 4.05742 4.46763 3.64721 1.83283 2.09055 1.57512 4.74215 0.410207 0.257712 0.104689 0.0757791
0.00227812 4.02759 4.43609 3.61909 1.81959 2.07638 1.5628 4.68479 0.408498 0.256794 0.104143 0.0749843
0.00234259 3.99793 4.40472 3.59115 1.80643 2.0623 1.55055 4.62794 0.406785 0.255879 0.103605 0.0741959
0.0024089 3.96845 4.37352 3.56338 1.79334 2.04831 1.53838 4.57162 0.405069 0.254967 0.103073 0.0734139
0.00247708 3.93914 4.34249 3.53579 1.78034 2.0344 1.52628 4.51582 0.403349 0.254059 0.102549 0.0726383
0.00254719 3.90999 4.31162 3.50836 1.76742 2.02058 1.51427 4.46053 0.401626 0.253155 0.102031 0.071869
0.00261928 3.88101 4.28091 3.48111 1.75458 2.00684 1.50233 4.40575 0.399899 0.252253 0.101521 0.0711059
0.00269341 3.8522 4.25037 3.45403 1.74182 1.99318 1.49047 4.35148 0.398167 0.251354 0.101017 0.0703491
0.00276965 3.82355 4.21999 3.42712 1.72914 1.9796 1.47868 4.29771 0.396431 0.250459 0.10052 0.0695985
0.00284804 3.79507 4.18976 3.40038 1.71654 1.9661 1.46697 4.24445 0.394691 0.249566 0.100029 0.0688541
0.00292864 3.76676 4.1597 3.37381 1.70401 1.95269 1.45534 4.19168 0.392945 0.248676 0.0995452 0.0681158
0.00301153 3.7386 4.1298 3.34741 1.69157 1.93936 1.44378 4.1394 0.391194 0.247788 0.0990675 0.0673835
0.00309677 3.71061 4.10005 3.32117 1.6792 1.9261 1.4323 4.08761 0.389438 0.246903 0.098596 0.0666574
0.00318442 3.68278 4.07046 3.29511 1.66691 1.91293 1.42089 4.03631 0.387676 0.246021 0.0981308 0.0659373
0.00327455 3.65511 4.04102 3.26921 1.65469 1.89983 1.40955 3.9855 0.385908 0.24514 0.0976716 0.0652231
0.00336723 3.6276 4.01174 3.24347 1.64255 1.88682 1.39829 3.93516 0.384134 0.244262 0.0972183 0.0645149
0.00346253 3.60025 3.9826 3.2179 1.63049 1.87388 1.3871 3.8853 0.382353 0.243386 0.0967709 0.0638125
0.00356053 3.57305 3.95362 3.19249 1.6185 1.86101 1.37599 3.83591 0.380566 0.242512 0.0963293 0.0631161
0.00366131 3.54601 3.92478 3.16724 1.60659 1.84823 1.36495 3.787 0.378771 0.241639 0.0958932 0.0624255
0.00376494 3.51913 3.8961 3.14216 1.59475 1.83552 1.35398 3.73855 0.37697 0.240768 0.0954627 0.0617407
0.0038715 3.4924 3.86756 3.11724 1.58299 1.82288 1.34309 3.69056 0.37516 0.239899 0.0950376 0.0610616
0.00398107 3.46582 3.83916 3.09248 1.57129 1.81033 1.33226 3.64304 0.373343 0.239031 0.0946177 0.0603883
0.00409375 3.4394 3.81092 3.06788 1.55968 1.79784 1.32151 3.59597 0.371518 0.238164 0.094203 0.0597207
0.00420962 3.41312 3.78281 3.04344 1.54813 1.78543 1.31083 3.54935 0.369685 0.237299 0.0937932 0.0590587
0.00432876 3.387 3.75485 3.01916 1.53666 1.77309 1.30022 3.50319 0.367843 0.236434 0.0933884 0.0584024
0.00445128 3.36103 3.72702 2.99504 1.52526 1.76083 1.28968 3.45747 0.365992 0.235571 0.0929883 0.0577516
0.00457727 3.3352 3.69934 2.97107 1.51392 1.74863 1.27922 3.4122 0.364132 0.234708 0.0925927 0.0571063
0.00470682 3.30953 3.67179 2.94726 1.50267 1.73651 1.26882 3.36737 0.362262 0.233846 0.0922017 0.0564666
0.00484003 3.284 3.64438 2.92361 1.49148 1.72446 1.25849 3.32298 0.360383 0.232984 0.091815 0.0558324
0.00497702 3.25861 3.61711 2.90012 1.48036 1.71248 1.24823 3.27903 0.358494 0.232122 0.0914324 0.0552036
0.00511789 3.23337 3.58997 2.87678 1.46931 1.70057 1.23805 3.23551 0.356594 0.231261 0.0910539 0.0545801
0.00526274 3.20828 3.56296 2.85359 1.45833 1.68873 1.22793 3.19241 0.354684 0.2304 0.0906793 0.0539621
0.0054117 3.18332 3.53608 2.83056 1.44742 1.67695 1.21788 3.14975 0.352763 0.229538 0.0903084 0.0533494
0.00556486 3.15851 3.50934 2.80768 1.43657 1.66525 1.2079 3.1075 0.350831 0.228677 0.089941 0.052742
0.00572237 3.13384 3.48273 2.78495 1.4258 1.65361 1.19798 3.06568 0.348888 0.227815 0.089577 0.0521398
0.00588433 3.10931 3.45624 2.76238 1.41509 1.64204 1.18814 3.02428 0.346933 0.226952 0.0892162 0.0515428
0.00605088 3.08492 3.42988 2.73995 1.40445 1.63054 1.17836 2.98329 0.344966 0.226088 0.0888586 0.050951
0.00622213 3.06067 3.40365 2.71768 1.39387 1.6191 1.16865 2.94271 0.342986 0.225224 0.0885037 0.0503644
0.00639824 3.03655 3.37754 2.69556 1.38336 1.60772 1.159 2.90255 0.340994 0.224359 0.0881516 0.0497829
0.00657933 3.01257 3.35156 2.67358 1.37292 1.59641 1.14943 2.86279 0.338989 0.223492 0.0878021 0.0492064
0.00676555 2.98873 3.3257 2.65175 1.36254 1.58516 1.13992 2.82343 0.336972 0.222624 0.0874548 0.048635
0.00695704 2.96502 3.29996 2.63008 1.35223 1.57398 1.13047 2.78447 0.33494 0.221754 0.0871098 0.0480686
0.00715394 2.94144 3.27434 2.60855 1.34198 1.56286 1.12109 2.74592 0.332895 0.220883 0.0867667 0.0475071
0.00735642 2.918 3.24884 2.58716 1.33179 1.5518 1.11178 2.70775 0.330837 0.22001 0.0864253 0.0469505
0.00756463 2.89469 3.22345 2.56593 1.32167 1.5408 1.10253 2.66998 0.328764 0.219134 0.0860856 0.0463989
0.00777874 2.87151 3.19819 2.54483 1.31161 1.52986 1.09335 2.6326 0.326676 0.218256 0.0857472 0.0458521
0.0079989 2.84846 3.17303 2.52389 1.30161 1.51899 1.08423 2.59561 0.324574 0.217376 0.08541 0.0453101
0.0082253 2.82554 3.148 2.50308 1.29167 1.50817 1.07518 2.559 0.322457 0.216494 0.0850737 0.0447729
0.0084581 2.80275 3.12307 2.48242 1.2818 1.49741 1.06619 2.52277 0.320324 0.215608 0.0847382 0.0442404
0.00869749 2.78008 3.09826 2.4619 1.27198 1.4867 1.05726 2.48692 0.318177 0.214719 0.0844033 0.0437126
0.00894366 2.75755 3.07356 2.44153 1.26223 1.47606 1.0484 2.45145 0.316013 0.213828 0.0840686 0.0431895
0.00919679 2.73513 3.04897 2.4213 1.25254 1.46547 1.0396 2.41635 0.313833 0.212933 0.0837341 0.042671
0.00945709 2.71285 3.02448 2.40121 1.2429 1.45494 1.03087 2.38163 0.311637 0.212034 0.0833994 0.0421571
0.00972476 2.69068 3.00011 2.38126 1.23333 1.44446 1.02219 2.34727 0.309425 0.211131 0.0830643 0.0416478
0.01 2.66864 2.97584 2.36145 1.22381 1.43403 1.01358 2.31328 0.307196 0.210225 0.0827287 0.0411429
0.010283 2.64673 2.95168 2.34178 1.21435 1.42366 1.00503 2.27965 0.30495 0.209314 0.0823922 0.0406425
0.0105741 2.62493 2.92762 2.32225 1.20495 1.41335 0.996548 2.24638 0.302687 0.208399 0.0820547 0.0401466
0.0108734 2.60326 2.90366 2.30285 1.1956 1.40308 0.988123 2.21347 0.300406 0.207479 0.0817158 0.0396551
0.0111811 2.5817 2.87981 2.28359 1.18631 1.39287 0.979758 2.18092 0.298108 0.206555 0.0813755 0.0391679
0.0114976 2.56027 2.85606 2.26448 1.17708 1.38271 0.971455 2.14871 0.295792 0.205625 0.0810333 0.0386851
0.011823 2.53895 2.83241 2.24549 1.1679 1.37259 0.963212 2.11686 0.293458 0.204691 0.0806891 0.0382065
0.0121576 2.51775 2.80886 2.22665 1.15878 1.36253 0.955029 2.08536 0.291107 0.20375 0.0803426 0.0377322
0.0125017 2.49667 2.78541 2.20794 1.14971 1.35252 0.946906 2.0542 0.288737 0.202805 0.0799935 0.0372621
0.0128556 2.47571 2.76206 2.18936 1.1407 1.34255 0.938843 2.02339 0.286348 0.201853 0.0796417 0.0367962
0.0132194 2.45486 2.7388 2.17092 1.13173 1.33263 0.930838 1.99292 0.283941 0.200895 0.0792868 0.0363344
0.0135936 2.43412 2.71564 2.15261 1.12282 1.32276 0.922893 1.96278 0.281516 0.199931 0.0789286 0.0358767
0.0139783 2.4135 2.69257 2.13443 1.11397 1.31293 0.915007 1.93298 0.279071 0.19896 0.0785668 0.0354231
0.0143739 2.39299 2.6696 2.11639 1.10516 1.30314 0.907179 1.90351 0.276608 0.197983 0.0782011 0.0349735
0.0147808 2.3726 2.64673 2.09847 1.09641 1.2934 0.899408 1.87438 0.274126 0.196998 0.0778314 0.0345278
0.0151991 2.35232 2.62394 2.08069 1.0877 1.28371 0.891696 1.84557 0.271625 0.196006 0.0774573 0.0340861
0.0156293 2.33215 2.60125 2.06304 1.07905 1.27405 0.88404 1.81709 0.269105 0.195007 0.0770786 0.0336483
0.0160717 2.31209 2.57865 2.04552 1.07044 1.26444 0.876441 1.78893 0.266565 0.194 0.076695 0.0332144
0.0165265 2.29214 2.55614 2.02813 1.06188 1.25487 0.868899 1.76109 0.264007 0.192985 0.0763063 0.0327843
0.0169943 2.2723 2.53373 2.01087 1.05337 1.24534 0.861413 1.73357 0.261429 0.191962 0.0759121 0.032358
0.0174753 2.25257 2.5114 1.99373 1.04491 1.23584 0.853983 1.70637 0.258832 0.19093 0.0755123 0.0319354
0.0179699 2.23294 2.48916 1.97672 1.0365 1.22639 0.846608 1.67948 0.256217 0.18989 0.0751065 0.0315165
0.0184785 2.21343 2.46701 1.95984 1.02813 1.21697 0.839288 1.6529 0.253582 0.188841 0.0746946 0.0311013
0.0190015 2.19402 2.44494 1.94309 1.0198 1.20759 0.832023 1.62663 0.250928 0.187782 0.0742762 0.0306898
0.0195393 2.17471 2.42297 1.92646 1.01153 1.19824 0.824811 1.60067 0.248256 0.186714 0.0738511 0.0302818
0.0200923 2.15552 2.40108 1.90996 1.00329 1.18893 0.817654 1.57501 0.245565 0.185637 0.0734191 0.0298774
0.020661 2.13643 2.37928 1.89357 0.995099 1.17965 0.810549 1.54965 0.242855 0.18455 0.0729798 0.0294765
0.0212458 2.11744 2.35757 1.87731 0.98695 1.1704 0.803498 1.52459 0.240127 0.183452 0.0725332 0.0290791
0.0218471 2.09856 2.33594 1.86118 0.978843 1.16119 0.796498 1.49983 0.23738 0.182344 0.0720788 0.0286852
0.0224655 2.07978 2.3144 1.84517 0.970777 1.152 0.789551 1.47537 0.234616 0.181226 0.0716166 0.0282946
0.0231013 2.06111 2.29294 1.82927 0.962751 1.14285 0.782655 1.45119 0.231834 0.180096 0.0711462 0.0279074
0.0237551 2.04254 2.27157 1.8135 0.954766 1.13372 0.77581 1.42731 0.229034 0.178956 0.0706674 0.0275235
0.0244275 2.02407 2.25029 1.79785 0.946819 1.12462 0.769015 1.40371 0.226218 0.177804 0.0701801 0.027143
0.0251189 2.0057 2.22909 1.78232 0.938911 1.11555 0.762271 1.38039 0.223384 0.17664 0.069684 0.0267656
0.0258298 1.98744 2.20797 1.7669 0.93104 1.1065 0.755575 1.35736 0.220534 0.175465 0.0691789 0.0263915
0.0265609 1.96928 2.18694 1.75161 0.923205 1.09748 0.748928 1.33461 0.217668 0.174277 0.0686646 0.0260206
0.0273126 1.95121 2.166 1.73643 0.915407 1.08848 0.742329 1.31214 0.214786 0.173077 0.068141 0.0256528
0.0280857 1.93325 2.14514 1.72136 0.907643 1.07951 0.735778 1.28994 0.211889 0.171865 0.0676078 0.0252881
0.0288806 1.91539 2.12437 1.70641 0.899913 1.07055 0.729274 1.26801 0.208978 0.17064 0.0670649 0.0249264
0.029698 1.89763 2.10368 1.69158 0.892217 1.06162 0.722815 1.24636 0.206052 0.169401 0.0665122 0.0245678
0.0305386 1.87996 2.08308 1.67685 0.884553 1.0527 0.716403 1.22497 0.203112 0.16815 0.0659495 0.0242122
0.0314029 1.8624 2.06256 1.66224 0.87692 1.0438 0.710035 1.20385 0.200159 0.166885 0.0653767 0.0238596
0.0322917 1.84494 2.04213 1.64774 0.869317 1.03492 0.703712 1.18299 0.197194 0.165606 0.0647936 0.0235098
0.0332057 1.82757 2.02179 1.63335 0.861744 1.02606 0.697431 1.16239 0.194217 0.164313 0.0642002 0.023163
0.0341455 1.8103 2.00153 1.61907 0.8542 1.01721 0.691193 1.14205 0.191229 0.163006 0.0635964 0.0228189
0.0351119 1.79313 1.98136 1.6049 0.846683 1.00837 0.684998 1.12196 0.18823 0.161685 0.0629821 0.0224777
0.0361057 1.77605 1.96128 1.59083 0.839192 0.999541 0.678843 1.10213 0.185222 0.160349 0.0623572 0.0221393
0.0371276 1.75908 1.94128 1.57687 0.831726 0.990725 0.672728 1.08255 0.182205 0.158999 0.0617218 0.0218037
0.0381784 1.7422 1.92137 1.56302 0.824285 0.981918 0.666652 1.06322 0.179179 0.157633 0.0610757 0.0214707
0.039259 1.72541 1.90156 1.54926 0.816867 0.97312 0.660614 1.04413 0.176147 0.156253 0.060419 0.0211404
0.0403702 1.70872 1.88183 1.53561 0.809471 0.964327 0.654614 1.02529 0.173108 0.154857 0.0597516 0.0208127
0.0415128 1.69213 1.86219 1.52207 0.802096 0.955541 0.64865 1.00668 0.170063 0.153445 0.0590737 0.0204877
0.0426877 1.67563 1.84264 1.50862 0.79474 0.946758 0.642721 0.988316 0.167014 0.152018 0.0583853 0.0201653
0.0438959 1.65923 1.82319 1.49526 0.787402 0.937977 0.636827 0.970187 0.163962 0.150575 0.0576863 0.0198453
0.0451383 1.64292 1.80382 1.48201 0.780081 0.929198 0.630965 0.95229 0.160907 0.149117 0.056977 0.0195279
0.0464159 1.6267 1.78455 1.46885 0.772776 0.920418 0.625134 0.934624 0.15785 0.147642 0.0562574 0.019213
0.0477296 1.61058 1.76537 1.45578 0.765485 0.911636 0.619335 0.917187 0.154793 0.146151 0.0555277 0.0189006
0.0490805 1.59455 1.74629 1.44281 0.758208 0.902852 0.613564 0.899974 0.151737 0.144644 0.054788 0.0185906
0.0504697 1.57861 1.72729 1.42993 0.750942 0.894062 0.607821 0.882985 0.148683 0.14312 0.0540385 0.0182829
0.0518981 1.56276 1.70839 1.41713 0.743686 0.885266 0.602105 0.866217 0.145631 0.14158 0.0532793 0.0179777
0.053367 1.54701 1.68959 1.40442 0.736438 0.876462 0.596414 0.849666 0.142584 0.140024 0.0525108 0.0176747
0.0548775 1.53134 1.67088 1.3918 0.729198 0.867649 0.590747 0.833332 0.139543 0.138451 0.0517331 0.0173741
0.0564307 1.51577 1.65227 1.37926 0.721962 0.858824 0.585101 0.817209 0.136508 0.136862 0.0509465 0.0170758
0.0580278 1.50028 1.63376 1.3668 0.714731 0.849987 0.579476 0.801297 0.13348 0.135256 0.0501513 0.0167798
0.0596702 1.48488 1.61534 1.35441 0.707502 0.841135 0.573869 0.785594 0.130463 0.133633 0.0493478 0.016486
0.0613591 1.46956 1.59702 1.34211 0.700273 0.832267 0.568279 0.770095 0.127455 0.131994 0.0485364 0.0161944
0.0630957 1.45433 1.57879 1.32987 0.693042 0.823381 0.562704 0.754799 0.12446 0.130338 0.0477173 0.0159051
0.0648815 1.43919 1.56067 1.31771 0.685809 0.814475 0.557143 0.739703 0.121477 0.128666 0.046891 0.0156179
0.0667179 1.42413 1.54264 1.30562 0.67857 0.805547 0.551592 0.724804 0.11851 0.126978 0.0460579 0.0153328
0.0686062 1.40915 1.52471 1.29359 0.671324 0.796597 0.546051 0.710101 0.115558 0.125273 0.0452184 0.0150499
0.070548 1.39425 1.50687 1.28163 0.664069 0.787621 0.540517 0.69559 0.112623 0.123552 0.044373 0.0147692
0.0725448 1.37943 1.48914 1.26972 0.656803 0.778618 0.534988 0.681269 0.109707 0.121815 0.043522 0.0144905
0.074598 1.36468 1.4715 1.25787 0.649524 0.769586 0.529461 0.667136 0.106811 0.120063 0.042666 0.0142139
0.0767094 1.35002 1.45395 1.24608 0.642229 0.760524 0.523934 0.653187 0.103937 0.118295 0.0418056 0.0139394
0.0788805 1.33542 1.4365 1.23433 0.634917 0.751428 0.518406 0.639421 0.101085 0.116511 0.0409411 0.013667
0.0811131 1.32089 1.41915 1.22264 0.627585 0.742297 0.512872 0.625835 0.0982574 0.114712 0.0400733 0.0133967
0.0834088 1.30644 1.40189 1.21098 0.620231 0.73313 0.507332 0.612426 0.0954554 0.112899 0.0392025 0.0131284
0.0857696 1.29204 1.38472 1.19936 0.612852 0.723924 0.501781 0.599192 0.0926804 0.111071 0.0383295 0.0128621
0.0881971 1.27772 1.36765 1.18778 0.605447 0.714676 0.496218 0.586131 0.0899335 0.109229 0.0374547 0.0125978
0.0906934 1.26345 1.35066 1.17623 0.598012 0.705386 0.490638 0.57324 0.0872163 0.107374 0.0365789 0.0123356
0.0932603 1.24924 1.33377 1.16471 0.590545 0.69605 0.485041 0.560516 0.0845299 0.105505 0.0357025 0.0120754
0.0958999 1.23508 1.31695 1.1532 0.583044 0.686667 0.479421 0.547958 0.0818758 0.103623 0.0348264 0.0118173
0.0986142 1.22097 1.30022 1.14171 0.575505 0.677234 0.473777 0.535563 0.0792551 0.101729 0.0339509 0.0115612
0.101405 1.20691 1.28358 1.13024 0.567927 0.66775 0.468105 0.523329 0.0766692 0.0998225 0.0330769 0.0113071
0.104275 1.19289 1.267 1.11877 0.560306 0.658212 0.462401 0.511254 0.0741192 0.0979052 0.032205 0.011055
0.107227 1.1789 1.25051 1.1073 0.55264 0.648617 0.456663 0.499334 0.0716062 0.0959772 0.0313359 0.010805
0.110262 1.16495 1.23408 1.09582 0.544926 0.638965 0.450887 0.487569 0.0691315 0.0940391 0.0304701 0.010557
0.113382 1.15103 1.21773 1.08433 0.537161 0.629253 0.445069 0.475956 0.0666962 0.0920917 0.0296084 0.010311
0.116591 1.13713 1.20143 1.07283 0.529342 0.619478 0.439206 0.464493 0.0643012 0.0901356 0.0287514 0.0100672
0.119891 1.12325 1.1852 1.0613 0.521467 0.609638 0.433295 0.453178 0.0619476 0.0881716 0.0278998 0.00982541
0.123285 1.10938 1.16901 1.04974 0.513531 0.599732 0.427331 0.442008 0.0596365 0.0862006 0.0270543 0.00958574
0.126774 1.09551 1.15288 1.03814 0.505534 0.589757 0.42131 0.430983 0.0573686 0.0842233 0.0262154 0.00934819
0.130362 1.08164 1.13679 1.0265 0.497471 0.579711 0.41523 0.4201 0.0551449 0.0822407 0.0253839 0.00911278
0.134052 1.06776 1.12073 1.0148 0.489339 0.569593 0.409086 0.409357 0.0529662 0.0802537 0.0245604 0.00887952
0.137846 1.05387 1.10471 1.00304 0.481137 0.5594 0.402874 0.398753 0.0508332 0.0782631 0.0237455 0.00864846
0.141747 1.03996 1.0887 0.991209 0.472861 0.549131 0.396591 0.388287 0.0487466 0.0762702 0.0229399 0.00841961
0.145759 1.02601 1.07271 0.9793 0.464508 0.538784 0.390233 0.377956 0.0467071 0.0742758 0.022144 0.00819301
0.149885 1.01202 1.05673 0.967303 0.456077 0.528358 0.383795 0.367758 0.0447152 0.0722812 0.0213586 0.00796868
0.154127 0.99798 1.04075 0.955209 0.447563 0.51785 0.377276 0.357694 0.0427715 0.0702874 0.0205842 0.00774666
0.158489 0.983884 1.02476 0.943007 0.438965 0.507261 0.37067 0.347761 0.0408763 0.0682956 0.0198212 0.00752699
0.162975 0.969719 1.00875 0.930689 0.430281 0.496588 0.363974 0.337958 0.0390301 0.0663071 0.0190704 0.0073097
0.167588 0.955477 0.99271 0.918243 0.421509 0.485832 0.357185 0.328285 0.0372332 0.0643232 0.0183321 0.00709483
0.172331 0.941145 0.976631 0.905659 0.412646 0.474991 0.350301 0.318739 0.0354858 0.062345 0.0176068 0.00688244
0.177209 0.926714 0.960502 0.892926 0.403691 0.464065 0.343317 0.309321 0.0337881 0.060374 0.016895 0.00667255
0.182224 0.912172 0.944313 0.880032 0.394642 0.453054 0.336231 0.300029 0.0321402 0.0584115 0.0161972 0.00646522
0.187382 0.897508 0.92805 0.866966 0.3855 0.441959 0.329041 0.290863 0.0305422 0.056459 0.0155137 0.0062605
0.192685 0.88271 0.911703 0.853716 0.376262 0.430779 0.321744 0.281822 0.0289939 0.0545178 0.0148449 0.00605844
0.198139 0.867764 0.895259 0.840268 0.366928 0.419518 0.314339 0.272905 0.0274955 0.0525895 0.0141912 0.00585907
0.203747 0.852659 0.878705 0.826612 0.3575 0.408176 0.306824 0.264113 0.0260466 0.0506756 0.0135528 0.00566247
0.209514 0.837381 0.862028 0.812733 0.347977 0.396755 0.2992 0.255446 0.024647 0.0487775 0.0129301 0.00546868
0.215443 0.821917 0.845213 0.79862 0.338361 0.385258 0.291464 0.246902 0.0232966 0.0468969 0.0123234 0.00527775
0.221541 0.806253 0.828248 0.784258 0.328654 0.373689 0.283619 0.238482 0.0219948 0.0450352 0.0117327 0.00508974
0.227812 0.790376 0.811118 0.769635 0.318858 0.362052 0.275664 0.230186 0.0207414 0.0431942 0.0111584 0.00490471
0.234259 0.774272 0.793808 0.754736 0.308977 0.350353 0.267602 0.222014 0.0195358 0.0413753 0.0106006 0.0047227
0.24089 0.757926 0.776304 0.739549 0.299016 0.338596 0.259436 0.213967 0.0183775 0.0395802 0.0100594 0.00454376
0.247708 0.741324 0.75859 0.724058 0.288979 0.326789 0.251168 0.206046 0.017266 0.0378104 0.00953493 0.00436795
0.254719 0.724451 0.740651 0.70825 0.278873 0.31494 0.242805 0.198249 0.0162005 0.0360677 0.00902721 0.0041953
0.261928 0.707291 0.722472 0.692111 0.268705 0.303059 0.234352 0.19058 0.0151803 0.0343535 0.00853627 0.00402586
0.269341 0.689829 0.704033 0.675624 0.258485 0.291155 0.225816 0.183038 0.0142048 0.0326695 0.00806209 0.00385965
0.276965 0.672044 0.685318 0.658771 0.248223 0.27924 0.217206 0.175624 0.0132731 0.0310172 0.00760463 0.00369668
0.284804 0.653915 0.666299 0.64153 0.237932 0.26733 0.208534 0.168341 0.0123844 0.0293982 0.00716375 0.00353693
0.292864 0.635402 0.64694 0.623864 0.227627 0.255441 0.199813 0.161189 0.0115377 0.027814 0.0067393 0.00338035
0.301153 0.616425 0.627157 0.605693 0.217327 0.243593 0.191061 0.154172 0.0107319 0.026266 0.00633097 0.00322677
0.309677 0.596611 0.606577 0.586645 0.207071 0.231826 0.182315 0.147295 0.00996595 0.0247556 0.00593813 0.00307561
0.318442 0.579535 0.58922 0.56985 0.200114 0.224307 0.175922 0.144735 0.00968464 0.0241923 0.00579163 0.00301708
0.321833 0.572497 0.581909 0.563086 0.196312 0.219952 0.172671 0.14222 0.00941171 0.0236406 0.00564888 0.00295961
0.325224 0.56549 0.574637 0.556343 0.192553 0.215653 0.169453 0.13975 0.00914688 0.0231001 0.00550977 0.00290316
0.328614 0.558513 0.567402 0.549623 0.188838 0.211408 0.166267 0.137322 0.00888987 0.0225706 0.0053742 0.00284773
0.332005 0.551565 0.560206 0.542925 0.185166 0.207218 0.163114 0.134937 0.00864043 0.022052 0.00524206 0.00279327
0.335396 0.544647 0.553046 0.536249 0.181538 0.203082 0.159994 0.132592 0.0083983 0.021544 0.00511325 0.00273978
0.338787 0.537759 0.545922 0.529596 0.177953 0.199 0.156907 0.130288 0.00816325 0.0210463 0.00498768 0.00268723
0.342178 0.5309 0.538835 0.522965 0.174412 0.194971 0.153853 0.128023 0.00793502 0.0205588 0.00486524 0.0026356
0.345569 0.524069 0.531783 0.516356 0.170914 0.190995 0.150833 0.125796 0.00771341 0.0200813 0.00474585 0.00258487
0.348959 0.517268 0.524766 0.50977 0.167459 0.187072 0.147845 0.123606 0.0074982 0.0196137 0.00462943 0.00253503
0.35235 0.510496 0.517785 0.503206 0.164047 0.183202 0.144891 0.121454 0.00728917 0.0191556 0.00451588 0.00248604
0.355741 0.503752 0.510838 0.496666 0.160678 0.179385 0.141971 0.119337 0.00708614 0.0187069 0.00440514 0.0024379
0.359132 0.497038 0.503927 0.490149 0.157351 0.175619 0.139084 0.117255 0.0068889 0.0182674 0.0042971 0.00239059
0.362523 0.490352 0.497049 0.483655 0.154068 0.171905 0.136231 0.115207 0.00669727 0.017837 0.00419172 0.00234408
0.365914 0.483696 0.490207 0.477185 0.150827 0.168243 0.133412 0.113192 0.00651107 0.0174155 0.00408889 0.00229837
0.369305 0.477069 0.483399 0.470738 0.147629 0.164632 0.130626 0.111211 0.00633013 0.0170027 0.00398857 0.00225343
0.372695 0.470471 0.476625 0.464316 0.144473 0.161072 0.127875 0.109261 0.00615429 0.0165984 0.00389067 0.00220926
0.376086 0.463902 0.469886 0.457919 0.14136 0.157562 0.125157 0.107343 0.00598338 0.0162025 0.00379513 0.00216583
0.379477 0.457364 0.463181 0.451546 0.138289 0.154103 0.122474 0.105456 0.00581725 0.0158148 0.00370189 0.00212314
0.382868 0.450855 0.456511 0.445199 0.13526 0.150695 0.119825 0.103598 0.00565575 0.0154351 0.00361088 0.00208116
0.386259 0.444377 0.449875 0.438878 0.132273 0.147336 0.117209 0.10177 0.00549874 0.0150633 0.00352204 0.00203988
0.38965 0.437929 0.443275 0.432583 0.129328 0.144027 0.114629 0.0999715 0.00534609 0.0146993 0.00343532 0.00199929
0.39304 0.431511 0.436709 0.426314 0.126425 0.140768 0.112082 0.0982007 0.00519765 0.0143429 0.00335066 0.00195938
0.396431 0.425125 0.430179 0.420072 0.123563 0.137557 0.10957 0.0964577 0.0050533 0.0139939 0.003268 0.00192014
0.399822 0.418771 0.423684 0.413858 0.120744 0.134396 0.107092 0.0947419 0.00491291 0.0136522 0.00318729 0.00188154
0.403213 0.412448 0.417225 0.407672 0.117966 0.131283 0.104648 0.0930527 0.00477637 0.0133177 0.00310848 0.00184359
0.406604 0.406158 0.410801 0.401514 0.115229 0.128219 0.102238 0.0913895 0.00464356 0.0129902 0.00303151 0.00180626
0.409995 0.3999 0.404414 0.395385 0.112533 0.125203 0.0998633 0.089752 0.00451437 0.0126696 0.00295635 0.00176955
0.413385 0.393675 0.398064 0.389286 0.109878 0.122234 0.0975225 0.0881397 0.00438869 0.0123558 0.00288294 0.00173344
0.416776 0.387484 0.39175 0.383217 0.107265 0.119313 0.095216 0.0865519 0.00426642 0.0120486 0.00281124 0.00169793
0.420167 0.381326 0.385474 0.377179 0.104692 0.11644 0.0929438 0.0849884 0.00414745 0.0117479 0.0027412 0.001663
0.423558 0.375203 0.379235 0.371172 0.102159 0.113613 0.0907057 0.0834485 0.0040317 0.0114536 0.00267279 0.00162865
0.426949 0.369115 0.373034 0.365196 0.0996673 0.110833 0.0885017 0.081932 0.00391906 0.0111656 0.00260596 0.00159487
0.43034 0.363062 0.366872 0.359253 0.0972156 0.108099 0.0863319 0.0804383 0.00380944 0.0108837 0.00254067 0.00156164
0.43373 0.357045 0.360748 0.353343 0.0948039 0.105412 0.0841962 0.0789671 0.00370276 0.0106078 0.00247688 0.00152895
0.437121 0.351065 0.354664 0.347466 0.0924322 0.10277 0.0820944 0.077518 0.00359894 0.0103378 0.00241455 0.0014968
0.440512 0.345121 0.348619 0.341623 0.0901001 0.100174 0.0800265 0.0760905 0.00349788 0.0100737 0.00235366 0.00146518
0.443903 0.339215 0.342615 0.335816 0.0878076 0.0976227 0.0779924 0.0746843 0.00339952 0.00981517 0.00229416 0.00143408
0.447294 0.333347 0.336651 0.330043 0.0855542 0.0951165 0.075992 0.0732989 0.00330377 0.00956227 0.00223602 0.00140349
0.450685 0.327517 0.330728 0.324307 0.0833399 0.0926548 0.0740251 0.0719342 0.00321057 0.00931484 0.0021792 0.0013734
0.454075 0.321727 0.324847 0.318607 0.0811644 0.0902372 0.0720917 0.0705897 0.00311983 0.00907278 0.00212368 0.00134381
0.457466 0.315976 0.319008 0.312945 0.0790277 0.0878636 0.0701917 0.069265 0.00303149 0.00883598 0.00206942 0.0013147
0.460857 0.310266 0.313211 0.30732 0.0769292 0.0855335 0.0683248 0.0679598 0.00294549 0.00860436 0.00201639 0.00128608
0.464248 0.304596 0.307458 0.301734 0.0748689 0.0832467 0.0664911 0.0666739 0.00286176 0.0083778 0.00196457 0.00125793
0.467639 0.298968 0.301748 0.296187 0.0728464 0.0810026 0.0646902 0.0654069 0.00278023 0.00815621 0.00191392 0.00123024
0.47103 0.293381 0.296082 0.29068 0.0708616 0.0788011 0.0629221 0.0641584 0.00270085 0.0079395 0.00186442 0.00120302
0.47442 0.287838 0.290461 0.285214 0.0689141 0.0766417 0.0611865 0.0629283 0.00262356 0.00772758 0.00181604 0.00117624
0.477811 0.282337 0.284885 0.279789 0.0670037 0.074524 0.0594833 0.0617162 0.00254829 0.00752035 0.00176875 0.00114991
0.481202 0.27688 0.279355 0.274405 0.0651301 0.0724478 0.0578124 0.0605218 0.002475 0.00731773 0.00172254 0.00112402
0.484593 0.271468 0.273872 0.269065 0.063293 0.0704126 0.0561734 0.0593448 0.00240363 0.00711962 0.00167736 0.00109857
0.487984 0.266101 0.268435 0.263767 0.0614922 0.0684181 0.0545662 0.0581851 0.00233413 0.00692594 0.00163321 0.00107354
0.491375 0.260779 0.263046 0.258513 0.0597273 0.0664639 0.0529907 0.0570423 0.00226645 0.00673661 0.00159005 0.00104893
0.494765 0.255504 0.257704 0.253303 0.057998 0.0645496 0.0514465 0.0559162 0.00220053 0.00655155 0.00154787 0.00102473
0.498156 0.250275 0.252411 0.248139 0.056304 0.0626747 0.0499333 0.0548065 0.00213635 0.00637066 0.00150665 0.00100095
0.501547 0.245094 0.247168 0.24302 0.0546451 0.060839 0.0484512 0.0537131 0.00207383 0.00619388 0.00146635 0.000977565
0.504938 0.239961 0.241973 0.237948 0.0530207 0.0590419 0.0469996 0.0526356 0.00201296 0.00602112 0.00142697 0.000954582
0.508329 0.234876 0.236829 0.232922 0.0514308 0.0572831 0.0455785 0.0515739 0.00195367 0.00585231 0.00138847 0.000931993
0.51172 0.22984 0.231736 0.227944 0.0498749 0.0555623 0.0441875 0.0505277 0.00189593 0.00568737 0.00135085 0.000909791
0.51511 0.224854 0.226694 0.223014 0.0483527 0.0538789 0.0428264 0.0494968 0.00183971 0.00552623 0.00131408 0.000887973
0.518501 0.219918 0.221703 0.218134 0.0468638 0.0522326 0.041495 0.048481 0.00178495 0.00536881 0.00127814 0.000866532
0.521892 0.215034 0.216765 0.213302 0.0454078 0.0506229 0.0401928 0.0474802 0.00173162 0.00521504 0.00124302 0.000845465
0.525283 0.2102 0.21188 0.208521 0.0439845 0.0490494 0.0389197 0.046494 0.00167969 0.00506486 0.0012087 0.000824766
0.528674 0.205419 0.207048 0.20379 0.0425935 0.0475117 0.0376753 0.0455224 0.00162911 0.00491819 0.00117516 0.00080443
0.532065 0.20069 0.20227 0.19911 0.0412344 0.0460093 0.0364594 0.0445651 0.00157987 0.00477497 0.00114239 0.000784454
0.535455 0.196014 0.197546 0.194482 0.0399068 0.0445419 0.0352717 0.043622 0.00153191 0.00463512 0.00111036 0.000764833
0.538846 0.191392 0.192877 0.189906 0.0386103 0.0431089 0.0341117 0.0426928 0.00148521 0.00449859 0.00107906 0.000745561
0.542237 0.186823 0.188263 0.185383 0.0373446 0.04171 0.0329793 0.0417775 0.00143974 0.00436531 0.00104849 0.000726636
0.545628 0.182309 0.183705 0.180914 0.0361094 0.0403446 0.0318741 0.0408758 0.00139546 0.00423522 0.00101862 0.000708053
0.549019 0.177851 0.179203 0.176498 0.0349041 0.0390123 0.0307958 0.0399875 0.00135235 0.00410826 0.00098943 0.000689807
0.55241 0.173447 0.174758 0.172137 0.0337284 0.0377128 0.029744 0.0391126 0.00131037 0.00398435 0.000960919 0.000671895
0.5558 0.1691 0.170369 0.16783 0.0325819 0.0364454 0.0287185 0.0382509 0.00126951 0.00386345 0.000933068 0.000654312
0.559191 0.164809 0.166039 0.163579 0.0314643 0.0352098 0.0277188 0.0374021 0.00122972 0.0037455 0.000905864 0.000637055
0.562582 0.160575 0.161766 0.159384 0.0303751 0.0340055 0.0267446 0.0365662 0.00119099 0.00363044 0.000879294 0.00062012
0.565973 0.156398 0.157551 0.155245 0.0293139 0.0328321 0.0257957 0.0357431 0.00115329 0.00351821 0.000853345 0.000603503
0.569364 0.152279 0.153395 0.151162 0.0282803 0.031689 0.0248715 0.0349325 0.00111659 0.00340875 0.000828004 0.000587199
0.572755 0.148218 0.149299 0.147137 0.0272739 0.0305759 0.0239719 0.0341343 0.00108087 0.00330202 0.000803259 0.000571206
0.576146 0.144215 0.145261 0.143169 0.0262942 0.0294922 0.0230963 0.0333485 0.00104611 0.00319795 0.000779099 0.00055552
0.579536 0.140271 0.141283 0.139258 0.025341 0.0284375 0.0222445 0.0325748 0.00101228 0.0030965 0.000755512 0.000540136
0.582927 0.136386 0.137365 0.135406 0.0244137 0.0274113 0.0214161 0.0318132 0.000979355 0.00299761 0.000732486 0.000525053
0.586318 0.13256 0.133507 0.131613 0.023512 0.0264132 0.0206107 0.0310635 0.00094732 0.00290123 0.00071001 0.000510265
0.589709 0.128794 0.12971 0.127878 0.0226353 0.0254426 0.019828 0.0303256 0.00091615 0.00280732 0.000688074 0.00049577
0.5931 0.125088 0.125974 0.124202 0.0217834 0.0244992 0.0190676 0.0295994 0.000885826 0.00271582 0.000666667 0.000481563
0.596491 0.121442 0.122298 0.120585 0.0209557 0.0235824 0.0183291 0.0288847 0.000856327 0.00262668 0.000645779 0.000467643
0.599881 0.117856 0.118684 0.117029 0.0201519 0.0226918 0.0176121 0.0281815 0.000827633 0.00253986 0.000625399 0.000454004
0.603272 0.114331 0.115131 0.113531 0.0193716 0.0218269 0.0169163 0.0274897 0.000799725 0.00245531 0.000605517 0.000440645
0.606663 0.110867 0.111639 0.110094 0.0186142 0.0209872 0.0162413 0.026809 0.000772585 0.00237298 0.000586125 0.000427561
0.610054 0.107463 0.10821 0.106717 0.0178795 0.0201723 0.0155867 0.0261395 0.000746194 0.00229283 0.000567212 0.000414749
0.613445 0.104121 0.104841 0.1034 0.0171669 0.0193817 0.0149521 0.025481 0.000720535 0.00221482 0.000548769 0.000402206
0.616836 0.10084 0.101535 0.100144 0.0164761 0.018615 0.0143372 0.0248334 0.00069559 0.00213889 0.000530788 0.000389929
0.620226 0.0976195 0.0982908 0.0969481 0.0158066 0.0178716 0.0137416 0.0241966 0.000671343 0.00206502 0.000513258 0.000377915
0.623617 0.0944607 0.0951085 0.0938129 0.015158 0.0171511 0.0131648 0.0235706 0.000647776 0.00199315 0.000496172 0.00036616
0.627008 0.0913631 0.091988 0.0907382 0.0145299 0.0164531 0.0126066 0.0229551 0.000624875 0.00192324 0.000479522 0.000354661
0.630399 0.0883269 0.0889295 0.0877243 0.0139219 0.0157771 0.0120666 0.0223502 0.000602622 0.00185526 0.000463297 0.000343416
0.63379 0.0853519 0.0859329 0.0847709 0.0133335 0.0151226 0.0115443 0.0217556 0.000581004 0.00178916 0.000447491 0.00033242
0.637181 0.0824382 0.0829982 0.0818781 0.0127643 0.0144892 0.0110394 0.0211714 0.000560005 0.0017249 0.000432096 0.000321671
0.640571 0.0795855 0.0801251 0.0790459 0.012214 0.0138765 0.0105516 0.0205975 0.000539611 0.00166245 0.000417103 0.000311166
0.643962 0.0767939 0.0773138 0.0762741 0.0116821 0.0132839 0.0100803 0.0200336 0.000519807 0.00160177 0.000402504 0.000300902
0.647353 0.0740633 0.0745639 0.0735627 0.0111682 0.012711 0.00962541 0.0194799 0.00050058 0.00154281 0.000388293 0.000290875
0.650744 0.0713933 0.0718753 0.0709114 0.0106719 0.0121575 0.00918638 0.018936 0.000481916 0.00148555 0.000374461 0.000281083
0.654135 0.068784 0.0692478 0.0683202 0.0101928 0.0116228 0.00876289 0.0184021 0.000463802 0.00142994 0.000361002 0.000271522
0.657526 0.0662351 0.0666813 0.0657889 0.00973052 0.0111065 0.00835457 0.0178779 0.000446225 0.00137596 0.000347907 0.00026219
0.660916 0.0637463 0.0641754 0.0633171 0.00928461 0.0106082 0.00796105 0.0173635 0.000429172 0.00132356 0.000335171 0.000253083
0.664307 0.0613172 0.0617299 0.0609046 0.00885469 0.0101274 0.00758199 0.0168586 0.000412631 0.00127271 0.000322785 0.000244198
0.667698 0.0589478 0.0593444 0.0585512 0.00844039 0.00966377 0.00721702 0.0163633 0.000396591 0.00122338 0.000310744 0.000235534
0.671089 0.0566376 0.0570186 0.0562565 0.00804131 0.00921684 0.00686579 0.0158775 0.000381038 0.00117553 0.00029904 0.000227085
0.67448 0.0543862 0.0547522 0.0540202 0.00765706 0.00878619 0.00652794 0.015401 0.000365962 0.00112913 0.000287666 0.00021885
0.677871 0.0521934 0.0525447 0.051842 0.00728727 0.00837142 0.00620312 0.0149337 0.000351352 0.00108415 0.000276617 0.000210826
0.681261 0.0500586 0.0503958 0.0497214 0.00693155 0.0079721 0.00589099 0.0144757 0.000337196 0.00104055 0.000265886 0.000203009
0.684652 0.0479814 0.0483049 0.0476579 0.00658953 0.00758785 0.00559122 0.0140268 0.000323484 0.000998314 0.000255467 0.000195397
0.688043 0.0459614 0.0462717 0.0456512 0.00626085 0.00721826 0.00530345 0.0135869 0.000310205 0.0009574 0.000245352 0.000187986
0.691434 0.0439982 0.0442956 0.0437009 0.00594514 0.00686292 0.00502736 0.013156 0.000297348 0.000917781 0.000235537 0.000180774
0.694825 0.0420911 0.042376 0.0418062 0.00564203 0.00652145 0.0047626 0.012734 0.000284904 0.000879426 0.000226015 0.000173757
0.698216 0.0402397 0.0405126 0.0399668 0.00535117 0.00619348 0.00450887 0.0123207 0.000272863 0.000842307 0.00021678 0.000166934
0.701606 0.0384433 0.0387045 0.0381821 0.00507222 0.00587862 0.00426583 0.0119162 0.000261214 0.000806395 0.000207826 0.0001603
0.704997 0.0367014 0.0369514 0.0364515 0.00480482 0.00557648 0.00403316 0.0115202 0.000249949 0.000771661 0.000199148 0.000153853
0.708388 0.0350134 0.0352525 0.0347744 0.00454864 0.00528672 0.00381056 0.0111329 0.000239059 0.000738077 0.000190739 0.00014759
0.711779 0.0333786 0.0336072 0.0331501 0.00430333 0.00500895 0.00359771 0.010754 0.000228533 0.000705617 0.000182595 0.000141508
0.71517 0.0317964 0.0320147 0.031578 0.00406857 0.00474282 0.00339431 0.0103835 0.000218363 0.000674254 0.000174709 0.000135604
0.718561 0.030266 0.0304745 0.0300574 0.00384402 0.00448798 0.00320006 0.0100213 0.00020854 0.00064396 0.000167077 0.000129875
0.721951 0.0287867 0.0289858 0.0285877 0.00362937 0.00424408 0.00301466 0.00966731 0.000199057 0.00061471 0.000159692 0.000124319
0.725342 0.0273579 0.0275478 0.027168 0.0034243 0.00401078 0.00283782 0.00932148 0.000189903 0.000586478 0.00015255 0.000118932
0.728733 0.0259787 0.0261597 0.0257976 0.0032285 0.00378774 0.00266926 0.00898373 0.000181071 0.00055924 0.000145644 0.000113711
0.732124 0.0246483 0.0248209 0.0244758 0.00304166 0.00357463 0.00250869 0.00865395 0.000172553 0.00053297 0.000138971 0.000108654
0.735515 0.0233661 0.0235304 0.0232017 0.00286349 0.00337114 0.00235585 0.00833209 0.000164341 0.000507643 0.000132525 0.000103757
0.738906 0.0221311 0.0222875 0.0219746 0.0026937 0.00317693 0.00221046 0.00801804 0.000156427 0.000483237 0.0001263 9.90183e-05
0.742296 0.0209425 0.0210913 0.0207937 0.00253198 0.00299171 0.00207226 0.00771173 0.000148803 0.000459727 0.000120293 9.44343e-05
0.745687 0.0197995 0.0199409 0.019658 0.00237807 0.00281516 0.00194098 0.00741309 0.000141462 0.00043709 0.000114497 9.00023e-05
0.749078 0.0187011 0.0188355 0.0185667 0.00223168 0.00264698 0.00181637 0.00712201 0.000134396 0.000415304 0.000108908 8.57193e-05
0.752469 0.0176466 0.0177742 0.017519 0.00209253 0.00248688 0.00169819 0.00683843 0.000127599 0.000394346 0.000103521 8.15826e-05
0.75586 0.016635 0.016756 0.0165139 0.00196038 0.00233457 0.00158618 0.00656226 0.000121063 0.000374194 9.8332e-05 7.75892e-05
0.759251 0.0156654 0.0157801 0.0155506 0.00183495 0.00218978 0.00148012 0.0062934 0.00011478 0.000354827 9.33355e-05 7.37362e-05
0.762641 0.0147368 0.0148455 0.0146281 0.00171599 0.00205221 0.00137977 0.00603179 0.000108745 0.000336223 8.85271e-05 7.00209e-05
0.766032 0.0138484 0.0139513 0.0137454 0.00160325 0.00192161 0.00128489 0.00577733 0.00010295 0.000318361 8.39022e-05 6.64404e-05
0.769423 0.0129991 0.0130965 0.0129017 0.0014965 0.00179772 0.00119528 0.00552995 9.73896e-05 0.00030122 7.94563e-05 6.29918e-05
0.772814 0.0121881 0.0122802 0.012096 0.00139548 0.00168027 0.0011107 0.00528954 9.20559e-05 0.000284782 7.5185e-05 5.96723e-05
0.776205 0.0114143 0.0115013 0.0113274 0.00129998 0.00156901 0.00103096 0.00505603 8.69432e-05 0.000269024 7.10837e-05 5.6479e-05
0.779596 0.0106769 0.0107589 0.0105948 0.00120977 0.0014637 0.000955838 0.00482932 8.20451e-05 0.000253929 6.71482e-05 5.34093e-05
0.782986 0.00997469 0.010052 0.00989733 0.00112462 0.00136409 0.000885141 0.00460934 7.73555e-05 0.000239477 6.33741e-05 5.04602e-05
0.786377 0.00930683 0.0093797 0.00923396 0.00104432 0.00126997 0.000818674 0.00439599 7.28683e-05 0.000225649 5.97572e-05 4.76291e-05
0.789768 0.00867231 0.00874088 0.00860373 0.000968672 0.0011811 0.000756246 0.00418918 6.85775e-05 0.000212426 5.62933e-05 4.4913e-05
0.793159 0.00807012 0.0081346 0.00800564 0.000897462 0.00109725 0.000697672 0.00398882 6.44774e-05 0.000199791 5.29782e-05 4.23092e-05
0.79655 0.00749929 0.00755985 0.00743873 0.000830499 0.00101822 0.000642774 0.00379482 6.05621e-05 0.000187725 4.98078e-05 3.98151e-05
0.799941 0.00695882 0.00701565 0.006902 0.000767588 0.000943798 0.000591378 0.0036071 5.6826e-05 0.00017621 4.6778e-05 3.74277e-05
0.803332 0.00644772 0.00650098 0.00639446 0.000708546 0.000873777 0.000543315 0.00342555 5.32636e-05 0.000165231 4.38849e-05 3.51445e-05
0.806722 0.005965 0.00601487 0.00591514 0.000653191 0.00080796 0.000498421 0.0032501 4.98695e-05 0.000154769 4.11246e-05 3.29627e-05
0.810113 0.00550968 0.00555632 0.00546305 0.000601349 0.000746158 0.00045654 0.00308063 4.66382e-05 0.000144809 3.8493e-05 3.08796e-05
0.813504 0.00508078 0.00512435 0.00503722 0.000552851 0.000688184 0.000417518 0.00291707 4.35646e-05 0.000135333 3.59864e-05 2.88925e-05
0.816895 0.00467732 0.00471796 0.00463668 0.000507533 0.000633858 0.000381207 0.00275931 4.06435e-05 0.000126326 3.36009e-05 2.69987e-05
0.820286 0.00429834 0.00433621 0.00426047 0.000465236 0.000583007 0.000347464 0.00260726 3.78697e-05 0.000117771 3.13328e-05 2.51957e-05
0.823677 0.00394288 0.00397812 0.00390764 0.000425806 0.000535461 0.000316151 0.00246082 3.52384e-05 0.000109655 2.91784e-05 2.34807e-05
0.827067 0.00360999 0.00364273 0.00357724 0.000389096 0.000491057 0.000287135 0.0023199 3.27447e-05 0.000101961 2.71341e-05 2.18512e-05
0.830458 0.00329873 0.00332911 0.00326835 0.000354962 0.000449637 0.000260288 0.0021844 3.03837e-05 9.46744e-05 2.51962e-05 2.03045e-05
0.833849 0.00300818 0.00303633 0.00298003 0.000323266 0.000411047 0.000235485 0.00205423 2.81508e-05 8.77809e-05 2.33612e-05 1.88382e-05
0.83724 0.00273742 0.00276346 0.00271138 0.000293876 0.000375142 0.00021261 0.00192927 2.60413e-05 8.12663e-05 2.16256e-05 1.74496e-05
0.840631 0.00248555 0.00250961 0.0024615 0.000266663 0.000341779 0.000191546 0.00180944 2.40506e-05 7.51164e-05 1.9986e-05 1.61363e-05
0.844022 0.00225169 0.00227386 0.00222951 0.000241503 0.00031082 0.000172185 0.00169464 2.21745e-05 6.93175e-05 1.84388e-05 1.48956e-05
0.847412 0.00203495 0.00205536 0.00201454 0.000218278 0.000282134 0.000154421 0.00158476 2.04084e-05 6.38563e-05 1.69809e-05 1.37252e-05
0.850803 0.0018345 0.00185325 0.00181575 0.000196873 0.000255593 0.000138154 0.0014797 1.87481e-05 5.87195e-05 1.56088e-05 1.26227e-05
0.854194 0.00164948 0.00166667 0.00163229 0.000177181 0.000231075 0.000123286 0.00137936 1.71895e-05 5.38943e-05 1.43194e-05 1.15854e-05
0.857585 0.00147909 0.00149482 0.00146336 0.000159094 0.000208462 0.000109727 0.00128364 1.57283e-05 4.93679e-05 1.31095e-05 1.06112e-05
0.860976 0.00132252 0.00133688 0.00130816 0.000142514 0.000187642 9.73861e-05 0.00119243 1.43606e-05 4.51281e-05 1.19758e-05 9.69747e-06
0.864367 0.00117899 0.00119207 0.00116591 0.000127344 0.000168507 8.6181e-05 0.00110563 1.30824e-05 4.11628e-05 1.09153e-05 8.84203e-06
0.867757 0.00104775 0.00105964 0.00103586 0.000113491 0.000150951 7.6031e-05 0.00102314 1.18898e-05 3.746e-05 9.92502e-06 8.04251e-06
0.871148 0.000928046 0.000938825 0.000917267 0.000100868 0.000134877 6.68598e-05 0.000944843 1.07792e-05 3.40083e-05 9.00189e-06 7.29663e-06
0.874539 0.000819172 0.000828919 0.000809426 8.93913e-05 0.000120188 5.85949e-05 0.000870645 9.74664e-06 3.07964e-05 8.143e-06 6.60212e-06
0.87793 0.000720432 0.000729221 0.000711643 7.89805e-05 0.000106794 5.11674e-05 0.000800436 8.78865e-06 2.78131e-05 7.34546e-06 5.95678e-06
0.881321 0.000631152 0.000639054 0.000623251 6.95596e-05 9.46072e-05 4.4512e-05 0.000734107 7.90164e-06 2.50476e-05 6.60645e-06 5.35839e-06
0.884712 0.000550686 0.000557768 0.000543604 6.10564e-05 8.35459e-05 3.85669e-05 0.000671553 7.08216e-06 2.24895e-05 5.9232e-06 4.80482e-06
0.888102 0.000478407 0.000484734 0.00047208 5.34021e-05 7.35305e-05 3.32737e-05 0.000612665 6.32682e-06 2.01284e-05 5.29299e-06 4.29394e-06
0.891493 0.000413715 0.000419347 0.000408082 4.65316e-05 6.44859e-05 2.85774e-05 0.000557334 5.6323e-06 1.79543e-05 4.71315e-06 3.82365e-06
0.894884 0.000356032 0.000361028 0.000351037 4.03833e-05 5.63406e-05 2.4426e-05 0.000505453 4.9954e-06 1.59573e-05 4.18108e-06 3.39192e-06
0.898275 0.000304809 0.000309222 0.000300396 3.48988e-05 4.90268e-05 2.07708e-05 0.000456911 4.41295e-06 1.4128e-05 3.69423e-06 2.99672e-06
0.901666 0.000259516 0.000263397 0.000255634 3.00231e-05 4.24802e-05 1.7566e-05 0.000411599 3.8819e-06 1.24571e-05 3.25011e-06 2.63609e-06
0.905057 0.00021965 0.000223049 0.000216251 2.57042e-05 3.66396e-05 1.47687e-05 0.000369406 3.39925e-06 1.09355e-05 2.84627e-06 2.30809e-06
0.908447 0.000184734 0.000187696 0.000181772 2.18933e-05 3.14476e-05 1.2339e-05 0.000330223 2.96211e-06 9.55433e-06 2.48036e-06 2.01084e-06
0.911838 0.000154316 0.000156883 0.000151748 1.85446e-05 2.68497e-05 1.02394e-05 0.000293939 2.56764e-06 8.30515e-06 2.15004e-06 1.74247e-06
0.915229 0.000127965 0.000130178 0.000125752 1.56149e-05 2.27945e-05 8.43533e-06 0.000260441 2.21309e-06 7.17961e-06 1.85306e-06 1.50118e-06
0.91862 0.000105279 0.000107174 0.000103383 1.30642e-05 1.92338e-05 6.89454e-06 0.00022962 1.8958e-06 6.16965e-06 1.58723e-06 1.28521e-06
0.922011 8.58773e-05 8.74905e-05 8.42641e-05 1.08547e-05 1.61222e-05 5.58728e-06 0.000201364 1.6132e-06 5.26744e-06 1.3504e-06 1.09283e-06
0.925402 6.94055e-05 7.07682e-05 6.80427e-05 8.95155e-06 1.3417e-05 4.48613e-06 0.000175559 1.36276e-06 4.46542e-06 1.14051e-06 9.22378e-07
0.928792 5.55317e-05 5.66738e-05 5.43896e-05 7.32214e-06 1.10784e-05 3.56588e-06 0.000152096 1.14207e-06 3.75626e-06 9.55549e-07 7.72224e-07
0.932183 4.39479e-05 4.48967e-05 4.29991e-05 5.93634e-06 9.0692e-06 2.80347e-06 0.000130862 9.48787e-07 3.13287e-06 7.93567e-07 6.4079e-07
0.935574 3.4369e-05 3.51496e-05 3.35883e-05 4.76628e-06 7.35467e-06 2.17788e-06 0.000111744 7.80657e-07 2.5884e-06 6.52684e-07 5.26548e-07
0.938965 2.65326e-05 2.71681e-05 2.58971e-05 3.78629e-06 5.90255e-06 1.67002e-06 9.46318e-05 6.35505e-07 2.11627e-06 5.31085e-07 4.2802e-07
0.942356 2.01985e-05 2.07097e-05 1.96872e-05 2.97278e-06 4.6829e-06 1.26265e-06 7.94124e-05 5.11238e-07 1.71013e-06 4.27022e-07 3.43782e-07
0.945747 1.51476e-05 1.55535e-05 1.47418e-05 2.30418e-06 3.66806e-06 9.4031e-07 6.59744e-05 4.05853e-07 1.36387e-06 3.38815e-07 2.72461e-07
0.949137 1.11821e-05 1.14995e-05 1.08646e-05 1.76085e-06 2.83251e-06 6.89184e-07 5.42067e-05 3.1743e-07 1.07166e-06 2.64854e-07 2.12741e-07
0.952528 8.12392e-06 8.36805e-06 7.87978e-06 1.32492e-06 2.15281e-06 4.9703e-07 4.39984e-05 2.44135e-07 8.27892e-07 2.03598e-07 1.63361e-07
0.955919 5.81484e-06 5.99907e-06 5.63062e-06 9.80312e-07 1.60753e-06 3.53092e-07 3.52395e-05 1.84225e-07 6.2722e-07 1.53579e-07 1.23117e-07
0.95931 4.11525e-06 4.25129e-06 3.97921e-06 7.12569e-07 1.17713e-06 2.48009e-07 2.78209e-05 1.36043e-07 4.64559e-07 1.13402e-07 9.08664e-08
0.962701 2.9036e-06 3.00162e-06 2.80557e-06 5.08813e-07 8.43896e-07 1.7373e-07 2.16348e-05 9.80256e-08 3.35083e-07 8.17492e-08 6.55254e-08
0.966092 2.07567e-06 2.14436e-06 2.00697e-06 3.57664e-07 5.91892e-07 1.23435e-07 1.65755e-05 6.86995e-08 2.34229e-07 5.73767e-08 4.60747e-08
0.969482 1.544e-06 1.59069e-06 1.49731e-06 2.49173e-07 4.06876e-07 9.14699e-08 1.25406e-05 4.66869e-08 1.57703e-07 3.91213e-08 3.15589e-08
0.972873 1.23761e-06 1.26832e-06 1.20691e-06 1.74785e-07 2.76275e-07 7.32957e-08 9.43284e-06 3.07061e-08 1.01489e-07 2.59002e-08 2.10895e-08
0.976264 1.10244e-06 1.12201e-06 1.08286e-06 1.27345e-07 1.89198e-07 6.54908e-08 7.16473e-06 1.95734e-08 6.18538e-08 1.67134e-08 1.38464e-08
0.979655 1.10382e-06 1.11603e-06 1.09162e-06 1.01232e-07 1.36587e-07 6.58773e-08 5.66832e-06 1.22055e-08 3.53547e-08 1.06454e-08 9.07927e-09
0.983046 1.23562e-06 1.24323e-06 1.228e-06 9.29014e-08 1.11755e-07 7.40482e-08 4.9229e-06 7.61878e-09 1.88532e-08 6.86449e-09 6.10619e-09
0.986437 1.55749e-06 1.56241e-06 1.55257e-06 1.03124e-07 1.12647e-07 9.36019e-08 5.05319e-06 4.92147e-09 9.52237e-09 4.61375e-09 4.30393e-09
0.989827 2.45919e-06 2.46244e-06 2.45593e-06 1.52901e-07 1.57742e-07 1.48061e-07 6.89132e-06 3.25506e-09 4.84031e-09 3.14947e-09 3.04299e-09
0.993218 1.15763e-05 1.15766e-05 1.15759e-05 7.00885e-07 7.03892e-07 6.97879e-07 4.01973e-05 3.54029e-10 3.00678e-09 1.77871e-10 -2.11758e-22
4.01075e-314 inf inf inf inf inf inf 0.000344666 15.5581 0.622331 0.402308 0.224912
