9.72476e-05 6.23797 6.74081 5.73512 2.54717 2.86991 2.22443 13.1348 0.502842 0.322741 0.196464 0.18745
0.0001 6.19872 6.69983 5.69761 2.53101 2.8523 2.20973 13.0083 0.501113 0.321284 0.194948 0.185837
0.00010283 6.15992 6.65932 5.66053 2.51504 2.83488 2.1952 12.8829 0.499393 0.319839 0.193443 0.184234
0.000105741 6.12226 6.61995 5.62458 2.49952 2.81793 2.18112 12.7584 0.497683 0.318405 0.191951 0.182642
0.000108734 6.08295 6.57893 5.58697 2.48336 2.80034 2.16638 12.635 0.495983 0.316981 0.190469 0.18106
0.000111811 6.04386 6.53815 5.54956 2.46729 2.78285 2.15172 12.5125 0.494293 0.315568 0.189 0.17949
0.000114976 6.00497 6.49758 5.51236 2.4513 2.76547 2.13714 12.391 0.492613 0.314165 0.187543 0.17793
0.00011823 5.9663 6.45725 5.47536 2.43541 2.74819 2.12264 12.2704 0.490942 0.312773 0.186097 0.176381
0.000121576 5.92785 6.41713 5.43857 2.41961 2.73101 2.10822 12.1508 0.489281 0.311392 0.184662 0.174842
0.000125017 5.8896 6.37723 5.40197 2.40391 2.71393 2.09388 12.0321 0.48763 0.31002 0.183239 0.173314
0.000128556 5.85157 6.33755 5.36558 2.38828 2.69694 2.07962 11.9144 0.485987 0.30866 0.181828 0.171796
0.000132194 5.81375 6.2981 5.32939 2.37276 2.68006 2.06545 11.7977 0.484354 0.307309 0.180428 0.170288
0.000135936 5.77613 6.25886 5.2934 2.35731 2.66328 2.05135 11.6818 0.482731 0.305969 0.179039 0.168791
0.000139783 5.73872 6.21983 5.2576 2.34196 2.6466 2.03732 11.5669 0.481116 0.304639 0.177662 0.167304
0.000143739 5.70152 6.18103 5.22201 2.3267 2.63002 2.02338 11.4529 0.479511 0.303319 0.176296 0.165827
0.000147808 5.66452 6.14243 5.18661 2.31152 2.61353 2.00951 11.3399 0.477914 0.302009 0.17494 0.16436
0.000151991 5.62773 6.10405 5.1514 2.29643 2.59714 1.99572 11.2277 0.476326 0.300709 0.173597 0.162903
0.000156293 5.59114 6.06589 5.11639 2.28143 2.58085 1.98201 11.1164 0.474748 0.29942 0.172264 0.161456
0.000160717 5.55475 6.02793 5.08158 2.26651 2.56465 1.96837 11.006 0.473178 0.298139 0.170943 0.16002
0.000165265 5.51857 5.99018 5.04695 2.25168 2.54855 1.95481 10.8965 0.471616 0.296869 0.169632 0.158593
0.000169943 5.48259 5.95265 5.01252 2.23694 2.53255 1.94133 10.7879 0.470063 0.295609 0.168333 0.157176
0.000174753 5.4468 5.91532 4.97828 2.22228 2.51664 1.92792 10.6802 0.468519 0.294358 0.167044 0.155769
0.000179699 5.41121 5.8782 4.94423 2.2077 2.50082 1.91459 10.5733 0.466983 0.293116 0.165766 0.154371
0.000184785 5.37583 5.84129 4.91038 2.19321 2.4851 1.90133 10.4673 0.465455 0.291885 0.1645 0.152983
0.000190015 5.34064 5.80457 4.8767 2.17881 2.46947 1.88814 10.3622 0.463936 0.290662 0.163243 0.151605
0.000195393 5.30564 5.76807 4.84322 2.16448 2.45393 1.87504 10.2579 0.462425 0.28945 0.161998 0.150236
0.000200923 5.27084 5.73177 4.80992 2.15025 2.43849 1.862 10.1545 0.460921 0.288246 0.160764 0.148877
0.00020661 5.23624 5.69566 4.77681 2.13609 2.42314 1.84904 10.0519 0.459426 0.287052 0.15954 0.147527
0.000212458 5.20182 5.65976 4.74388 2.12201 2.40788 1.83615 9.9501 0.457939 0.285867 0.158326 0.146187
0.000218471 5.16761 5.62406 4.71115 2.10802 2.39272 1.82333 9.84916 0.456459 0.284692 0.157124 0.144856
0.000224655 5.13358 5.58856 4.67859 2.09411 2.37764 1.81059 9.74905 0.454987 0.283525 0.155932 0.143535
0.000231013 5.09974 5.55326 4.64621 2.08028 2.36265 1.79792 9.64976 0.453523 0.282368 0.15475 0.142222
0.000237551 5.06609 5.51816 4.61402 2.06654 2.34776 1.78532 9.55128 0.452066 0.281219 0.153579 0.14092
0.000244275 5.03263 5.48324 4.58201 2.05287 2.33295 1.77279 9.45361 0.450617 0.28008 0.152418 0.139625
0.000251189 4.99935 5.44853 4.55018 2.03928 2.31823 1.76033 9.35674 0.449175 0.278949 0.151268 0.138341
0.000258298 4.96627 5.41401 4.51853 2.02577 2.3036 1.74795 9.26066 0.447741 0.277827 0.150128 0.137065
0.000265609 4.93337 5.37968 4.48705 2.01235 2.28906 1.73563 9.16538 0.446313 0.276714 0.148998 0.135798
0.000273126 4.90065 5.34554 4.45575 1.999 2.2746 1.72339 9.07088 0.444893 0.27561 0.147878 0.13454
0.000280857 4.86812 5.3116 4.42464 1.98573 2.26024 1.71121 8.97716 0.44348 0.274514 0.146769 0.133292
0.000288806 4.83577 5.27784 4.3937 1.97253 2.24596 1.69911 8.88421 0.442073 0.273427 0.14567 0.132052
0.00029698 4.8036 5.24427 4.36293 1.95942 2.23177 1.68707 8.79204 0.440674 0.272348 0.144581 0.13082
0.000305386 4.77162 5.2109 4.33234 1.94638 2.21766 1.6751 8.70062 0.439281 0.271278 0.143502 0.129598
0.000314029 4.73981 5.1777 4.30192 1.93342 2.20364 1.6632 8.60997 0.437894 0.270217 0.142433 0.128384
0.000322917 4.70818 5.1447 4.27167 1.92053 2.1897 1.65137 8.52006 0.436515 0.269163 0.141374 0.127179
0.000332057 4.67673 5.11188 4.24159 1.90773 2.17585 1.63961 8.43091 0.435141 0.268118 0.140325 0.125983
0.000341455 4.64547 5.07924 4.21169 1.895 2.16208 1.62791 8.3425 0.433774 0.267081 0.139286 0.124795
0.000351119 4.61437 5.04679 4.18196 1.88234 2.14839 1.61629 8.25482 0.432413 0.266053 0.138257 0.123616
0.000361057 4.58346 5.01451 4.1524 1.86976 2.13479 1.60473 8.16788 0.431059 0.265032 0.137238 0.122445
0.000371276 4.55272 4.98243 4.12301 1.85725 2.12127 1.59323 8.08166 0.42971 0.26402 0.136229 0.121283
0.000381784 4.52215 4.95051 4.09378 1.84482 2.10784 1.58181 7.99617 0.428368 0.263015 0.135229 0.120129
0.00039259 4.49175 4.91878 4.06472 1.83246 2.09448 1.57044 7.9114 0.427031 0.262019 0.134239 0.118983
0.000403702 4.46153 4.88723 4.03583 1.82018 2.08121 1.55915 7.82733 0.4257 0.26103 0.133259 0.117846
0.000415128 4.43148 4.85585 4.0071 1.80797 2.06802 1.54792 7.74398 0.424374 0.260049 0.132288 0.116717
0.000426877 4.4016 4.82465 3.97854 1.79583 2.05491 1.53675 7.66132 0.423054 0.259076 0.131327 0.115596
0.000438959 4.37189 4.79363 3.95015 1.78377 2.04188 1.52566 7.57937 0.42174 0.258111 0.130375 0.114484
0.000451383 4.34235 4.76278 3.92192 1.77177 2.02893 1.51462 7.4981 0.420431 0.257153 0.129434 0.113379
0.000464159 4.31297 4.7321 3.89385 1.75985 2.01605 1.50365 7.41753 0.419127 0.256202 0.128501 0.112283
0.000477296 4.28377 4.7016 3.86594 1.748 2.00326 1.49274 7.33763 0.417828 0.25526 0.127578 0.111195
0.000490805 4.25473 4.67126 3.83819 1.73622 1.99055 1.4819 7.25842 0.416534 0.254324 0.126665 0.110114
0.000504697 4.22586 4.6411 3.81061 1.72452 1.97791 1.47112 7.17987 0.415245 0.253397 0.12576 0.109042
0.000518981 4.19715 4.61111 3.78318 1.71288 1.96536 1.4604 7.102 0.413961 0.252476 0.124866 0.107977
0.00053367 4.1686 4.58128 3.75592 1.70131 1.95288 1.44975 7.02479 0.412681 0.251563 0.12398 0.106921
0.000548775 4.14022 4.55162 3.72881 1.68982 1.94047 1.43916 6.94824 0.411406 0.250656 0.123104 0.105872
0.000564307 4.112 4.52213 3.70186 1.67839 1.92815 1.42863 6.87235 0.410136 0.249757 0.122237 0.104831
0.000580278 4.08394 4.49281 3.67507 1.66703 1.9159 1.41817 6.7971 0.408869 0.248866 0.121379 0.103798
0.000596702 4.05604 4.46365 3.64843 1.65574 1.90372 1.40776 6.7225 0.407607 0.247981 0.12053 0.102772
0.000613591 4.0283 4.43465 3.62195 1.64452 1.89162 1.39742 6.64854 0.406349 0.247103 0.119691 0.101754
0.000630957 4.00072 4.40581 3.59562 1.63337 1.8796 1.38714 6.57522 0.405095 0.246232 0.11886 0.100744
0.000648815 3.9733 4.37714 3.56945 1.62228 1.86765 1.37692 6.50253 0.403845 0.245368 0.118039 0.0997412
0.000667179 3.94603 4.34863 3.54343 1.61127 1.85578 1.36675 6.43047 0.402599 0.24451 0.117226 0.098746
0.000686062 3.91892 4.32028 3.51757 1.60031 1.84397 1.35665 6.35903 0.401356 0.243659 0.116422 0.0977583
0.00070548 3.89197 4.29209 3.49185 1.58943 1.83224 1.34661 6.28821 0.400116 0.242815 0.115628 0.0967781
0.000725448 3.86517 4.26405 3.46629 1.57861 1.82059 1.33663 6.218 0.39888 0.241978 0.114842 0.0958054
0.00074598 3.83853 4.23617 3.44088 1.56786 1.80901 1.32671 6.14841 0.397648 0.241147 0.114065 0.0948399
0.000767094 3.81204 4.20845 3.41562 1.55717 1.7975 1.31685 6.07941 0.396418 0.240322 0.113297 0.0938819
0.000788805 3.7857 4.18089 3.39051 1.54655 1.78606 1.30705 6.01103 0.395191 0.239504 0.112537 0.0929312
0.000811131 3.75951 4.15347 3.36554 1.536 1.77469 1.2973 5.94323 0.393967 0.238692 0.111786 0.0919877
0.000834088 3.73347 4.12622 3.34073 1.52551 1.76339 1.28762 5.87603 0.392746 0.237886 0.111044 0.0910515
0.000857696 3.70758 4.09911 3.31606 1.51508 1.75217 1.27799 5.80942 0.391527 0.237087 0.110311 0.0901224
0.000881971 3.68184 4.07215 3.29153 1.50472 1.74101 1.26842 5.7434 0.390311 0.236294 0.109586 0.0892005
0.000906934 3.65625 4.04535 3.26715 1.49442 1.72992 1.25891 5.67795 0.389096 0.235506 0.10887 0.0882856
0.000932603 3.63081 4.01869 3.24292 1.48418 1.71891 1.24946 5.61308 0.387884 0.234725 0.108162 0.0873779
0.000958999 3.60551 3.99218 3.21884 1.47401 1.70796 1.24006 5.54879 0.386674 0.23395 0.107462 0.0864772
0.000986142 3.58036 3.96583 3.19489 1.4639 1.69708 1.23072 5.48506 0.385466 0.23318 0.106772 0.0855835
0.00101405 3.55535 3.93961 3.17109 1.45385 1.68627 1.22143 5.4219 0.38426 0.232416 0.106089 0.0846968
0.00104275 3.53049 3.91355 3.14744 1.44386 1.67552 1.2122 5.35929 0.383055 0.231658 0.105415 0.083817
0.00107227 3.50577 3.88762 3.12392 1.43394 1.66484 1.20303 5.29725 0.381851 0.230906 0.104749 0.0829441
0.00110262 3.4812 3.86184 3.10055 1.42408 1.65423 1.19392 5.23575 0.380649 0.230159 0.104091 0.082078
0.00113382 3.45676 3.83621 3.07731 1.41427 1.64369 1.18486 5.1748 0.379448 0.229418 0.103441 0.0812188
0.00116591 3.43246 3.81071 3.05422 1.40453 1.63321 1.17585 5.1144 0.378247 0.228682 0.1028 0.0803663
0.00119891 3.40831 3.78536 3.03126 1.39485 1.6228 1.1669 5.05454 0.377048 0.227951 0.102166 0.0795206
0.00123285 3.38429 3.76014 3.00844 1.38523 1.61246 1.158 4.99522 0.375849 0.227226 0.101541 0.0786816
0.00126774 3.36042 3.73507 2.98577 1.37567 1.60218 1.14916 4.93643 0.37465 0.226506 0.100924 0.0778493
0.00130362 3.33668 3.71013 2.96323 1.36617 1.59196 1.14038 4.87816 0.373452 0.225791 0.100314 0.0770236
0.00134052 3.31307 3.68533 2.94082 1.35672 1.58181 1.13164 4.82043 0.372254 0.225081 0.0997128 0.0762045
0.00137846 3.28961 3.66067 2.91855 1.34734 1.57172 1.12297 4.76321 0.371055 0.224376 0.0991191 0.075392
0.00141747 3.26628 3.63613 2.89642 1.33802 1.56169 1.11434 4.70652 0.369857 0.223676 0.0985333 0.074586
0.00145759 3.24308 3.61174 2.87442 1.32875 1.55173 1.10577 4.65033 0.368658 0.222981 0.0979551 0.0737865
0.00149885 3.22002 3.58748 2.85256 1.31954 1.54183 1.09725 4.59466 0.367458 0.22229 0.0973847 0.0729934
0.00154127 3.19709 3.56335 2.83083 1.31039 1.53199 1.08878 4.5395 0.366258 0.221604 0.0968219 0.0722068
0.00158489 3.17429 3.53935 2.80923 1.30129 1.52221 1.08037 4.48484 0.365057 0.220923 0.0962667 0.0714266
0.00162975 3.15162 3.51548 2.78777 1.29225 1.5125 1.07201 4.43068 0.363854 0.220246 0.095719 0.0706528
0.00167588 3.12909 3.49174 2.76644 1.28327 1.50285 1.0637 4.37701 0.362651 0.219574 0.0951788 0.0698853
0.00172331 3.10668 3.46812 2.74523 1.27435 1.49325 1.05544 4.32384 0.361445 0.218906 0.0946459 0.0691241
0.00177209 3.0844 3.44464 2.72416 1.26548 1.48372 1.04723 4.27116 0.360238 0.218242 0.0941205 0.0683692
0.00182224 3.06225 3.42128 2.70322 1.25666 1.47425 1.03908 4.21896 0.359029 0.217583 0.0936023 0.0676205
0.00187382 3.04023 3.39805 2.68241 1.2479 1.46483 1.03098 4.16725 0.357818 0.216927 0.0930913 0.066878
0.00192685 3.01833 3.37494 2.66173 1.2392 1.45548 1.02292 4.11602 0.356605 0.216276 0.0925875 0.0661416
0.00198139 2.99656 3.35195 2.64117 1.23055 1.44618 1.01492 4.06526 0.355389 0.215628 0.0920908 0.0654114
0.00203747 2.97492 3.32909 2.62075 1.22196 1.43694 1.00697 4.01497 0.354171 0.214985 0.0916011 0.0646873
0.00209514 2.9534 3.30635 2.60045 1.21341 1.42776 0.999069 3.96515 0.352949 0.214345 0.0911184 0.0639692
0.00215443 2.932 3.28372 2.58027 1.20493 1.41863 0.991218 3.9158 0.351725 0.213708 0.0906426 0.0632572
0.00221541 2.91072 3.26122 2.56023 1.19649 1.40957 0.983417 3.86691 0.350497 0.213076 0.0901736 0.0625512
0.00227812 2.88957 3.23883 2.5403 1.18811 1.40056 0.975665 3.81848 0.349265 0.212446 0.0897114 0.0618511
0.00234259 2.86854 3.21657 2.52051 1.17978 1.3916 0.967963 3.77051 0.34803 0.21182 0.0892558 0.061157
0.0024089 2.84762 3.19441 2.50083 1.17151 1.3827 0.960309 3.72299 0.34679 0.211197 0.0888069 0.0604688
0.00247708 2.82683 3.17238 2.48128 1.16328 1.37386 0.952705 3.67591 0.345547 0.210578 0.0883645 0.0597865
0.00254719 2.80616 3.15045 2.46186 1.15511 1.36507 0.94515 3.62929 0.344299 0.209961 0.0879286 0.05911
0.00261928 2.7856 3.12865 2.44255 1.14699 1.35634 0.937642 3.5831 0.343046 0.209348 0.087499 0.0584393
0.00269341 2.76516 3.10695 2.42337 1.13892 1.34766 0.930183 3.53736 0.341788 0.208737 0.0870758 0.0577743
0.00276965 2.74484 3.08536 2.40431 1.1309 1.33903 0.922772 3.49205 0.340526 0.208129 0.0866587 0.0571152
0.00284804 2.72463 3.06389 2.38537 1.12293 1.33046 0.915409 3.44718 0.339257 0.207524 0.0862478 0.0564617
0.00292864 2.70454 3.04252 2.36655 1.11501 1.32194 0.908093 3.40274 0.337984 0.206921 0.0858429 0.0558139
0.00301153 2.68456 3.02126 2.34785 1.10715 1.31347 0.900825 3.35873 0.336704 0.206321 0.085444 0.0551718
0.00309677 2.66469 3.00011 2.32927 1.09933 1.30505 0.893604 3.31514 0.335418 0.205723 0.0850509 0.0545353
0.00318442 2.64494 2.97906 2.31081 1.09156 1.29668 0.88643 3.27197 0.334126 0.205128 0.0846637 0.0539044
0.00327455 2.6253 2.95812 2.29247 1.08384 1.28837 0.879302 3.22922 0.332827 0.204534 0.0842821 0.053279
0.00336723 2.60577 2.93729 2.27424 1.07616 1.28011 0.872221 3.18688 0.331521 0.203942 0.083906 0.0526592
0.00346253 2.58635 2.91655 2.25614 1.06854 1.27189 0.865187 3.14496 0.330209 0.203353 0.0835355 0.0520448
0.00356053 2.56703 2.89592 2.23814 1.06096 1.26373 0.858198 3.10345 0.328889 0.202765 0.0831703 0.0514359
0.00366131 2.54783 2.87539 2.22027 1.05343 1.25561 0.851256 3.06235 0.327561 0.202179 0.0828104 0.0508325
0.00376494 2.52873 2.85496 2.20251 1.04595 1.24755 0.844359 3.02165 0.326225 0.201594 0.0824557 0.0502344
0.0038715 2.50974 2.83463 2.18486 1.03852 1.23953 0.837508 2.98135 0.324881 0.201011 0.082106 0.0496417
0.00398107 2.49086 2.81439 2.16733 1.03113 1.23156 0.830702 2.94145 0.323529 0.200428 0.0817613 0.0490544
0.00409375 2.47209 2.79425 2.14992 1.02379 1.22364 0.823941 2.90195 0.322168 0.199848 0.0814215 0.0484724
0.00420962 2.45341 2.77421 2.13262 1.01649 1.21576 0.817226 2.86284 0.320798 0.199268 0.0810863 0.0478956
0.00432876 2.43484 2.75426 2.11543 1.00924 1.20793 0.810555 2.82412 0.319418 0.198689 0.0807558 0.0473241
0.00445128 2.41638 2.73441 2.09835 1.00204 1.20015 0.803928 2.78578 0.318029 0.198111 0.0804297 0.0467578
0.00457727 2.39801 2.71464 2.08138 0.994879 1.19241 0.797345 2.74784 0.316631 0.197533 0.080108 0.0461967
0.00470682 2.37975 2.69497 2.06453 0.987763 1.18472 0.790807 2.71027 0.315222 0.196956 0.0797905 0.0456407
0.00484003 2.36159 2.67539 2.04779 0.980693 1.17707 0.784313 2.67308 0.313803 0.196379 0.0794771 0.0450899
0.00497702 2.34353 2.6559 2.03115 0.973665 1.16947 0.777863 2.63627 0.312373 0.195803 0.0791676 0.0445442
0.00511789 2.32556 2.6365 2.01463 0.966682 1.16191 0.771456 2.59984 0.310932 0.195226 0.078862 0.0440035
0.00526274 2.3077 2.61718 1.99822 0.959742 1.15439 0.765092 2.56377 0.30948 0.19465 0.0785601 0.0434678
0.0054117 2.28993 2.59795 1.98192 0.952845 1.14692 0.758772 2.52808 0.308017 0.194073 0.0782617 0.0429372
0.00556486 2.27226 2.57881 1.96572 0.945991 1.13949 0.752495 2.49275 0.306541 0.193496 0.0779667 0.0424115
0.00572237 2.25469 2.55974 1.94964 0.939179 1.1321 0.74626 2.45778 0.305054 0.192919 0.077675 0.0418907
0.00588433 2.23721 2.54077 1.93366 0.932409 1.12475 0.740068 2.42318 0.303554 0.19234 0.0773864 0.0413749
0.00605088 2.21983 2.52187 1.91779 0.92568 1.11744 0.733919 2.38893 0.302042 0.191761 0.0771007 0.0408639
0.00622213 2.20254 2.50306 1.90202 0.918993 1.11017 0.727812 2.35504 0.300517 0.191181 0.0768178 0.0403577
0.00639824 2.18534 2.48432 1.88636 0.912347 1.10295 0.721747 2.32151 0.298978 0.1906 0.0765375 0.0398564
0.00657933 2.16824 2.46566 1.87081 0.905741 1.09576 0.715723 2.28832 0.297426 0.190017 0.0762597 0.0393599
0.00676555 2.15122 2.44708 1.85536 0.899175 1.08861 0.709742 2.25549 0.29586 0.189433 0.0759842 0.0388681
0.00695704 2.1343 2.42858 1.84002 0.89265 1.0815 0.703802 2.223 0.29428 0.188848 0.0757109 0.038381
0.00715394 2.11747 2.41015 1.82478 0.886164 1.07442 0.697903 2.19085 0.292685 0.18826 0.0754394 0.0378986
0.00735642 2.10073 2.3918 1.80965 0.879716 1.06739 0.692046 2.15905 0.291076 0.187671 0.0751697 0.0374208
0.00756463 2.08407 2.37352 1.79462 0.873308 1.06039 0.686229 2.12758 0.289452 0.187079 0.0749017 0.0369477
0.00777874 2.06751 2.35532 1.77969 0.866939 1.05342 0.680454 2.09645 0.287812 0.186485 0.074635 0.0364792
0.0079989 2.05103 2.33718 1.76487 0.860607 1.0465 0.674718 2.06566 0.286157 0.185889 0.0743695 0.0360152
0.0082253 2.03463 2.31912 1.75015 0.854313 1.0396 0.669024 2.0352 0.284486 0.185289 0.0741051 0.0355557
0.0084581 2.01833 2.30113 1.73553 0.848057 1.03274 0.663369 2.00507 0.282799 0.184687 0.0738415 0.0351008
0.00869749 2.0021 2.2832 1.72101 0.841837 1.02592 0.657755 1.97527 0.281096 0.184082 0.0735785 0.0346503
0.00894366 1.98597 2.26534 1.70659 0.835654 1.01913 0.65218 1.94579 0.279376 0.183474 0.073316 0.0342042
0.00919679 1.96991 2.24755 1.69227 0.829507 1.01237 0.646646 1.91663 0.27764 0.182862 0.0730537 0.0337625
0.00945709 1.95394 2.22983 1.67805 0.823396 1.00564 0.64115 1.8878 0.275886 0.182246 0.0727914 0.0333252
0.00972476 1.93805 2.21216 1.66394 0.817321 0.998948 0.635695 1.85928 0.274114 0.181627 0.0725289 0.0328923
0.01 1.92224 2.19457 1.64992 0.811281 0.992284 0.630278 1.83108 0.272325 0.181003 0.072266 0.0324636
0.010283 1.90652 2.17703 1.636 0.805276 0.985651 0.624901 1.80319 0.270518 0.180375 0.0720025 0.0320392
0.0105741 1.89087 2.15956 1.62218 0.799305 0.979047 0.619562 1.77562 0.268693 0.179743 0.0717381 0.031619
0.0108734 1.8753 2.14215 1.60845 0.793368 0.972473 0.614262 1.74835 0.26685 0.179106 0.0714727 0.031203
0.0111811 1.85981 2.1248 1.59482 0.787464 0.965928 0.609 1.7214 0.264988 0.178464 0.0712059 0.0307912
0.0114976 1.8444 2.10751 1.5813 0.781594 0.95941 0.603777 1.69474 0.263107 0.177817 0.0709377 0.0303835
0.011823 1.82907 2.09028 1.56786 0.775756 0.95292 0.598592 1.66839 0.261207 0.177164 0.0706677 0.02998
0.0121576 1.81381 2.0731 1.55453 0.769951 0.946457 0.593445 1.64235 0.259288 0.176506 0.0703957 0.0295804
0.0125017 1.79864 2.05598 1.54129 0.764178 0.94002 0.588336 1.6166 0.257349 0.175842 0.0701215 0.029185
0.0128556 1.78353 2.03892 1.52814 0.758437 0.933609 0.583264 1.59114 0.255391 0.175172 0.0698448 0.0287935
0.0132194 1.7685 2.02192 1.51509 0.752726 0.927222 0.57823 1.56598 0.253413 0.174496 0.0695655 0.028406
0.0135936 1.75355 2.00496 1.50213 0.747046 0.92086 0.573233 1.54112 0.251415 0.173813 0.0692832 0.0280224
0.0139783 1.73867 1.98807 1.48927 0.741397 0.914521 0.568273 1.51654 0.249397 0.173124 0.0689977 0.0276427
0.0143739 1.72386 1.97122 1.4765 0.735778 0.908205 0.56335 1.49225 0.247359 0.172428 0.0687087 0.0272669
0.0147808 1.70913 1.95443 1.46383 0.730188 0.901912 0.558464 1.46825 0.2453 0.171724 0.0684161 0.0268949
0.0151991 1.69447 1.93769 1.45125 0.724627 0.89564 0.553614 1.44453 0.243221 0.171013 0.0681196 0.0265268
0.0156293 1.67988 1.921 1.43876 0.719095 0.889389 0.5488 1.4211 0.241122 0.170295 0.0678189 0.0261623
0.0160717 1.66536 1.90436 1.42636 0.713591 0.883159 0.544023 1.39794 0.239002 0.169568 0.0675137 0.0258016
0.0165265 1.65092 1.88778 1.41405 0.708115 0.876948 0.539282 1.37506 0.236861 0.168833 0.0672039 0.0254446
0.0169943 1.63654 1.87124 1.40184 0.702666 0.870756 0.534576 1.35246 0.234699 0.16809 0.0668892 0.0250913
0.0174753 1.62223 1.85475 1.38972 0.697244 0.864582 0.529906 1.33013 0.232517 0.167338 0.0665693 0.0247415
0.0179699 1.608 1.83831 1.37768 0.691848 0.858425 0.525271 1.30807 0.230314 0.166577 0.066244 0.0243954
0.0184785 1.59383 1.82192 1.36574 0.686478 0.852285 0.520671 1.28628 0.22809 0.165807 0.065913 0.0240528
0.0190015 1.57973 1.80557 1.35388 0.681134 0.846162 0.516107 1.26476 0.225845 0.165027 0.0655761 0.0237137
0.0195393 1.5657 1.78928 1.34212 0.675815 0.840053 0.511577 1.2435 0.22358 0.164238 0.0652331 0.0233782
0.0200923 1.55174 1.77303 1.33044 0.670521 0.83396 0.507082 1.22251 0.221294 0.163439 0.0648836 0.023046
0.020661 1.53784 1.75683 1.31885 0.66525 0.82788 0.502621 1.20178 0.218988 0.162629 0.0645276 0.0227173
0.0212458 1.52401 1.74067 1.30735 0.660003 0.821813 0.498194 1.18131 0.216661 0.161809 0.0641646 0.0223919
0.0218471 1.51025 1.72457 1.29594 0.65478 0.815758 0.493801 1.16109 0.214314 0.160978 0.0637946 0.0220699
0.0224655 1.49656 1.7085 1.28461 0.649579 0.809715 0.489442 1.14113 0.211946 0.160137 0.0634172 0.0217512
0.0231013 1.48293 1.69249 1.27337 0.6444 0.803683 0.485116 1.12143 0.209559 0.159283 0.0630323 0.0214358
0.0237551 1.46937 1.67652 1.26222 0.639242 0.797661 0.480824 1.10197 0.207152 0.158419 0.0626396 0.0211236
0.0244275 1.45587 1.6606 1.25115 0.634106 0.791648 0.476564 1.08276 0.204726 0.157542 0.0622389 0.0208146
0.0251189 1.44244 1.64472 1.24016 0.628991 0.785644 0.472337 1.06381 0.20228 0.156653 0.06183 0.0205087
0.0258298 1.42908 1.6289 1.22926 0.623895 0.779647 0.468143 1.04509 0.199816 0.155752 0.0614127 0.020206
0.0265609 1.41578 1.61312 1.21845 0.618819 0.773658 0.463981 1.02662 0.197333 0.154838 0.0609868 0.0199064
0.0273126 1.40255 1.59738 1.20772 0.613762 0.767674 0.45985 1.00839 0.194832 0.153912 0.0605522 0.0196098
0.0280857 1.38938 1.58169 1.19707 0.608724 0.761696 0.455752 0.990398 0.192313 0.152972 0.0601085 0.0193163
0.0288806 1.37628 1.56605 1.1865 0.603703 0.755722 0.451685 0.972644 0.189776 0.152019 0.0596558 0.0190257
0.029698 1.36324 1.55046 1.17602 0.5987 0.749752 0.447648 0.955124 0.187223 0.151052 0.0591938 0.0187381
0.0305386 1.35027 1.53492 1.16562 0.593714 0.743785 0.443643 0.937837 0.184653 0.150071 0.0587223 0.0184534
0.0314029 1.33736 1.51943 1.15529 0.588744 0.73782 0.439668 0.92078 0.182067 0.149076 0.0582412 0.0181716
0.0322917 1.32452 1.50398 1.14505 0.58379 0.731856 0.435724 0.903952 0.179465 0.148066 0.0577505 0.0178926
0.0332057 1.31174 1.48859 1.13489 0.578851 0.725893 0.431809 0.887351 0.176849 0.147042 0.0572499 0.0176164
0.0341455 1.29903 1.47324 1.12481 0.573926 0.719929 0.427923 0.870975 0.174219 0.146003 0.0567393 0.017343
0.0351119 1.28638 1.45795 1.1148 0.569016 0.713964 0.424067 0.85482 0.171575 0.144949 0.0562188 0.0170723
0.0361057 1.2738 1.44271 1.10488 0.564118 0.707997 0.420239 0.838886 0.168918 0.143879 0.0556882 0.0168044
0.0371276 1.26128 1.42753 1.09503 0.559234 0.702027 0.41644 0.82317 0.166249 0.142793 0.0551474 0.0165391
0.0381784 1.24883 1.41239 1.08526 0.554361 0.696053 0.412669 0.807671 0.163568 0.141692 0.0545963 0.0162764
0.039259 1.23644 1.39732 1.07556 0.5495 0.690075 0.408925 0.792385 0.160877 0.140575 0.0540351 0.0160163
0.0403702 1.22412 1.38229 1.06594 0.54465 0.684091 0.405208 0.777311 0.158176 0.139441 0.0534636 0.0157589
0.0415128 1.21186 1.36733 1.0564 0.53981 0.678101 0.401519 0.762447 0.155465 0.138291 0.0528818 0.0155039
0.0426877 1.19967 1.35242 1.04692 0.534979 0.672103 0.397855 0.747791 0.152747 0.137124 0.0522898 0.0152514
0.0438959 1.18755 1.33757 1.03753 0.530157 0.666098 0.394217 0.73334 0.150022 0.13594 0.0516876 0.0150014
0.0451383 1.17549 1.32278 1.0282 0.525343 0.660083 0.390604 0.719093 0.14729 0.13474 0.0510753 0.0147539
0.0464159 1.1635 1.30805 1.01894 0.520537 0.654059 0.387015 0.705047 0.144554 0.133522 0.0504529 0.0145087
0.0477296 1.15157 1.29339 1.00976 0.515737 0.648024 0.383451 0.6912 0.141813 0.132286 0.0498205 0.0142659
0.0490805 1.13971 1.27878 1.00065 0.510944 0.641977 0.37991 0.67755 0.139069 0.131033 0.0491783 0.0140254
0.0504697 1.12792 1.26424 0.9916 0.506155 0.635918 0.376393 0.664095 0.136322 0.129763 0.0485263 0.0137873
0.0518981 1.1162 1.24977 0.982622 0.501372 0.629846 0.372897 0.650832 0.133575 0.128474 0.0478648 0.0135514
0.053367 1.10454 1.23537 0.973712 0.496591 0.62376 0.369423 0.63776 0.130828 0.127168 0.0471939 0.0133178
0.0548775 1.09295 1.22103 0.964867 0.491814 0.617658 0.36597 0.624877 0.128083 0.125844 0.0465138 0.0130863
0.0564307 1.08143 1.20677 0.956087 0.487039 0.611541 0.362537 0.612179 0.12534 0.124502 0.0458247 0.0128571
0.0580278 1.06997 1.19257 0.947371 0.482265 0.605407 0.359124 0.599666 0.122601 0.123141 0.0451269 0.01263
0.0596702 1.05858 1.17845 0.938717 0.477492 0.599255 0.355729 0.587334 0.119866 0.121763 0.0444207 0.0124051
0.0613591 1.04726 1.1644 0.930124 0.472718 0.593084 0.352352 0.575182 0.117139 0.120366 0.0437063 0.0121822
0.0630957 1.03601 1.15043 0.921591 0.467943 0.586894 0.348992 0.563208 0.114418 0.118951 0.042984 0.0119614
0.0648815 1.02482 1.13653 0.913117 0.463166 0.580684 0.345648 0.551408 0.111707 0.117518 0.0422541 0.0117427
0.0667179 1.01371 1.12271 0.9047 0.458385 0.574452 0.342318 0.539782 0.109006 0.116067 0.0415171 0.011526
0.0686062 1.00266 1.10897 0.896339 0.453601 0.568199 0.339003 0.528326 0.106317 0.114598 0.0407733 0.0113113
0.070548 0.991671 1.09531 0.888031 0.448812 0.561922 0.335701 0.517039 0.10364 0.113111 0.0400232 0.0110986
0.0725448 0.980754 1.08173 0.879777 0.444016 0.555622 0.332411 0.505919 0.100978 0.111606 0.039267 0.0108878
0.074598 0.969904 1.06824 0.871572 0.439214 0.549297 0.329131 0.494963 0.0983313 0.110083 0.0385052 0.010679
0.0767094 0.959119 1.05482 0.863417 0.434404 0.542946 0.325861 0.484168 0.0957018 0.108542 0.0377384 0.0104721
0.0788805 0.9484 1.04149 0.855309 0.429584 0.536569 0.3226 0.473534 0.0930907 0.106985 0.036967 0.010267
0.0811131 0.937746 1.02825 0.847246 0.424755 0.530164 0.319345 0.463058 0.0904994 0.10541 0.0361915 0.0100639
0.0834088 0.927156 1.01509 0.839227 0.419914 0.523731 0.316096 0.452737 0.0879293 0.103818 0.0354124 0.00986258
0.0857696 0.916629 1.00201 0.831248 0.41506 0.517269 0.312851 0.442569 0.0853817 0.102209 0.0346302 0.00966312
0.0881971 0.906165 0.989023 0.823307 0.410193 0.510777 0.309608 0.432553 0.0828581 0.100585 0.0338455 0.00946549
0.0906934 0.895762 0.976122 0.815403 0.40531 0.504254 0.306367 0.422686 0.0803597 0.0989437 0.0330589 0.00926966
0.0932603 0.88542 0.963307 0.807532 0.400412 0.497699 0.303124 0.412967 0.0778878 0.0972872 0.032271 0.00907564
0.0958999 0.875136 0.95058 0.799692 0.395496 0.491111 0.29988 0.403392 0.0754439 0.0956156 0.0314822 0.0088834
0.0986142 0.864909 0.937938 0.79188 0.390561 0.48449 0.296631 0.39396 0.0730291 0.0939291 0.0306933 0.00869293
0.101405 0.854738 0.925383 0.784093 0.385605 0.477834 0.293377 0.384669 0.0706448 0.0922284 0.0299049 0.00850424
0.104275 0.844621 0.912913 0.776328 0.380628 0.471142 0.290114 0.375517 0.0682922 0.090514 0.0291176 0.0083173
0.107227 0.834555 0.900527 0.768583 0.375628 0.464414 0.286842 0.366501 0.0659724 0.0887863 0.0283319 0.00813212
0.110262 0.824539 0.888225 0.760852 0.370603 0.457649 0.283557 0.357621 0.0636868 0.087046 0.0275486 0.00794869
0.113382 0.814569 0.876005 0.753133 0.365552 0.450845 0.280258 0.348873 0.0614364 0.0852939 0.0267683 0.007767
0.116591 0.804644 0.863866 0.745421 0.360472 0.444003 0.276942 0.340257 0.0592223 0.0835304 0.0259917 0.00758706
0.119891 0.794759 0.851805 0.737714 0.355363 0.43712 0.273607 0.331769 0.0570455 0.0817565 0.0252193 0.00740887
0.123285 0.784913 0.83982 0.730006 0.350223 0.430196 0.270251 0.323409 0.0549072 0.0799728 0.0244518 0.00723242
0.126774 0.775101 0.827909 0.722293 0.34505 0.423231 0.26687 0.315174 0.0528082 0.0781801 0.0236899 0.00705772
0.130362 0.76532 0.816069 0.71457 0.339843 0.416222 0.263463 0.307063 0.0507495 0.0763794 0.0229342 0.00688477
0.134052 0.755565 0.804297 0.706833 0.334598 0.40917 0.260027 0.299074 0.0487318 0.0745715 0.0221854 0.00671358
0.137846 0.745832 0.792589 0.699076 0.329316 0.402073 0.256558 0.291205 0.0467561 0.0727573 0.021444 0.00654416
0.141747 0.736117 0.780941 0.691294 0.323993 0.394931 0.253055 0.283455 0.0448231 0.070938 0.0207107 0.00637652
0.145759 0.726415 0.769349 0.683482 0.318627 0.387742 0.249513 0.275822 0.0429335 0.0691144 0.019986 0.00621066
0.149885 0.71672 0.757808 0.675632 0.313218 0.380506 0.24593 0.268305 0.0410878 0.0672878 0.0192706 0.0060466
0.154127 0.707026 0.746313 0.667739 0.307762 0.373222 0.242303 0.260901 0.0392867 0.0654591 0.018565 0.00588435
0.158489 0.697327 0.734858 0.659797 0.302259 0.365889 0.238629 0.25361 0.0375306 0.0636297 0.0178698 0.00572394
0.162975 0.687617 0.723437 0.651797 0.296705 0.358506 0.234904 0.246431 0.03582 0.0618006 0.0171854 0.00556536
0.167588 0.677889 0.712044 0.643734 0.291099 0.351073 0.231126 0.239361 0.0341553 0.0599732 0.0165125 0.00540864
0.172331 0.668136 0.700672 0.635599 0.28544 0.343589 0.227291 0.2324 0.0325366 0.0581488 0.0158515 0.00525381
0.177209 0.658349 0.689313 0.627384 0.279724 0.336053 0.223395 0.225546 0.0309644 0.0563287 0.0152029 0.00510087
0.182224 0.64852 0.677959 0.619082 0.273951 0.328465 0.219437 0.218798 0.0294387 0.0545142 0.0145671 0.00494985
0.187382 0.638642 0.666602 0.610683 0.268118 0.320825 0.215411 0.212156 0.0279595 0.0527068 0.0139444 0.00480077
0.192685 0.628705 0.655232 0.602178 0.262224 0.313132 0.211316 0.205618 0.0265271 0.0509079 0.0133354 0.00465366
0.198139 0.618698 0.64384 0.593557 0.256267 0.305386 0.207148 0.199183 0.0251412 0.049119 0.0127404 0.00450853
0.203747 0.608614 0.632415 0.584812 0.250246 0.297588 0.202905 0.19285 0.0238017 0.0473417 0.0121596 0.0043654
0.209514 0.59844 0.620948 0.575931 0.24416 0.289737 0.198583 0.186619 0.0225086 0.0455773 0.0115933 0.00422431
0.215443 0.588165 0.609427 0.566904 0.238007 0.281835 0.19418 0.180488 0.0212615 0.0438276 0.0110419 0.00408527
0.221541 0.57778 0.59784 0.557719 0.231788 0.273882 0.189694 0.174456 0.0200602 0.042094 0.0105055 0.00394831
0.227812 0.56727 0.586174 0.548366 0.2255 0.265878 0.185122 0.168524 0.0189041 0.0403782 0.00998442 0.00381344
0.234259 0.556625 0.574418 0.538832 0.219145 0.257827 0.180463 0.162691 0.017793 0.0386818 0.00947868 0.00368069
0.24089 0.54583 0.562556 0.529104 0.212723 0.249729 0.175716 0.156955 0.0167263 0.0370063 0.00898845 0.00355007
0.247708 0.534873 0.550576 0.519169 0.206233 0.241587 0.17088 0.151316 0.0157034 0.0353534 0.00851383 0.00342161
0.254719 0.523738 0.538462 0.509014 0.199679 0.233403 0.165954 0.145774 0.0147237 0.0337247 0.00805485 0.0032953
0.261928 0.51241 0.526197 0.498624 0.19306 0.225182 0.160938 0.140329 0.0137866 0.0321219 0.00761154 0.00317115
0.269341 0.500873 0.513764 0.487981 0.186381 0.216927 0.155834 0.134979 0.0128913 0.0305464 0.00718385 0.00304917
0.276965 0.489106 0.501143 0.477069 0.179643 0.208643 0.150643 0.129725 0.012037 0.029 0.00677174 0.00292934
0.284804 0.477085 0.488308 0.465862 0.172851 0.200335 0.145367 0.124567 0.0112229 0.0274841 0.00637508 0.00281161
0.292864 0.464773 0.475221 0.454325 0.166007 0.192007 0.140007 0.119505 0.0104482 0.0260003 0.00599371 0.00269593
0.301153 0.452097 0.461808 0.442385 0.159114 0.183664 0.134563 0.11454 0.00971178 0.02455 0.00562736 0.00258213
0.309677 0.438765 0.447778 0.429753 0.152151 0.175286 0.129016 0.109674 0.00901268 0.0231349 0.00527555 0.0024698
0.318442 0.426732 0.435489 0.417976 0.147376 0.169983 0.124768 0.107862 0.00875659 0.0226077 0.00514488 0.00242624
0.321833 0.422045 0.430553 0.413537 0.144824 0.166916 0.122733 0.106082 0.00850824 0.0220912 0.00501763 0.00238342
0.325224 0.417373 0.42564 0.409106 0.142297 0.163883 0.120712 0.104333 0.00826738 0.0215852 0.00489369 0.0023413
0.328614 0.412715 0.420749 0.404681 0.139794 0.160884 0.118705 0.102615 0.00803374 0.0210895 0.00477297 0.00229989
0.332005 0.408071 0.415878 0.400264 0.137315 0.157919 0.116711 0.100925 0.00780708 0.020604 0.00465538 0.00225915
0.335396 0.403441 0.411028 0.395853 0.134859 0.154987 0.114731 0.0992641 0.00758716 0.0201283 0.0045408 0.00221907
0.338787 0.398823 0.406197 0.39145 0.132427 0.15209 0.112765 0.097631 0.00737376 0.0196624 0.00442917 0.00217965
0.342178 0.39422 0.401386 0.387053 0.13002 0.149226 0.110814 0.096025 0.00716665 0.019206 0.00432038 0.00214085
0.345569 0.389628 0.396594 0.382663 0.127636 0.146395 0.108877 0.0944456 0.00696563 0.018759 0.00421435 0.00210268
0.348959 0.38505 0.39182 0.378279 0.125276 0.143597 0.106955 0.0928919 0.0067705 0.0183211 0.004111 0.00206511
0.35235 0.380483 0.387064 0.373902 0.12294 0.140832 0.105047 0.0913634 0.00658105 0.0178922 0.00401026 0.00202813
0.355741 0.37593 0.382327 0.369533 0.120627 0.138099 0.103155 0.0898596 0.0063971 0.0174722 0.00391204 0.00199174
0.359132 0.371388 0.377606 0.365169 0.118339 0.1354 0.101278 0.0883797 0.00621848 0.0170608 0.00381628 0.00195591
0.362523 0.366858 0.372903 0.360813 0.116075 0.132733 0.0994169 0.0869232 0.00604501 0.0166579 0.00372289 0.00192063
0.365914 0.362341 0.368218 0.356465 0.113835 0.130098 0.0975713 0.0854895 0.00587651 0.0162633 0.00363182 0.0018859
0.369305 0.357836 0.363549 0.352123 0.111618 0.127495 0.0957416 0.0840782 0.00571284 0.0158768 0.003543 0.0018517
0.372695 0.353343 0.358896 0.347789 0.109426 0.124925 0.0939279 0.0826887 0.00555384 0.0154984 0.00345636 0.00181802
0.376086 0.348861 0.354261 0.343462 0.107258 0.122386 0.0921305 0.0813206 0.00539935 0.0151278 0.00337183 0.00178485
0.379477 0.344393 0.349642 0.339143 0.105115 0.119879 0.0903496 0.0799732 0.00524923 0.0147649 0.00328937 0.00175219
0.382868 0.339936 0.34504 0.334833 0.102995 0.117404 0.0885854 0.0786462 0.00510335 0.0144096 0.00320891 0.00172001
0.386259 0.335492 0.340454 0.330531 0.1009 0.114961 0.086838 0.0773391 0.00496157 0.0140616 0.00313039 0.00168832
0.38965 0.331061 0.335884 0.326237 0.0988287 0.11255 0.0851077 0.0760515 0.00482376 0.013721 0.00305377 0.0016571
0.39304 0.326642 0.331332 0.321952 0.0967819 0.110169 0.0833945 0.074783 0.0046898 0.0133874 0.00297898 0.00162634
0.396431 0.322236 0.326796 0.317677 0.0947596 0.10782 0.0816988 0.073533 0.00455957 0.0130608 0.00290599 0.00159604
0.399822 0.317844 0.322276 0.313411 0.0927617 0.105503 0.0800205 0.0723013 0.00443296 0.0127411 0.00283473 0.00156618
0.403213 0.313464 0.317774 0.309154 0.0907882 0.103216 0.0783601 0.0710875 0.00430984 0.0124282 0.00276516 0.00153676
0.406604 0.309099 0.313289 0.304909 0.0888392 0.100961 0.0767175 0.0698911 0.00419012 0.0121218 0.00269724 0.00150778
0.409995 0.304747 0.308821 0.300673 0.0869148 0.0987366 0.0750929 0.0687119 0.00407369 0.0118219 0.00263091 0.00147922
0.413385 0.30041 0.30437 0.296449 0.0850149 0.0965431 0.0734866 0.0675494 0.00396045 0.0115283 0.00256615 0.00145107
0.416776 0.296087 0.299937 0.292236 0.0831394 0.0943803 0.0718984 0.0664033 0.00385031 0.0112409 0.0025029 0.00142334
0.420167 0.291778 0.295522 0.288035 0.0812886 0.0922483 0.0703289 0.0652734 0.00374317 0.0109597 0.00244113 0.001396
0.423558 0.287485 0.291124 0.283846 0.0794623 0.0901468 0.0687779 0.0641593 0.00363894 0.0106845 0.00238079 0.00136907
0.426949 0.283208 0.286746 0.27967 0.0776607 0.0880758 0.0672457 0.0630606 0.00353754 0.0104151 0.00232186 0.00134252
0.43034 0.278946 0.282385 0.275508 0.0758837 0.0860351 0.0657322 0.0619771 0.00343887 0.0101515 0.00226428 0.00131636
0.43373 0.274701 0.278044 0.271358 0.0741313 0.0840248 0.0642378 0.0609085 0.00334287 0.0098935 0.00220804 0.00129057
0.437121 0.270473 0.273722 0.267223 0.0724035 0.0820446 0.0627624 0.0598545 0.00324945 0.00964108 0.00215308 0.00126516
0.440512 0.266261 0.26942 0.263103 0.0707003 0.0800944 0.0613062 0.0588149 0.00315853 0.0093941 0.00209939 0.00124011
0.443903 0.262068 0.265138 0.258997 0.0690217 0.0781742 0.0598693 0.0577894 0.00307005 0.00915246 0.00204693 0.00121543
0.447294 0.257892 0.260876 0.254908 0.0673678 0.0762839 0.0584518 0.0567777 0.00298393 0.00891605 0.00199566 0.0011911
0.450685 0.253734 0.256634 0.250834 0.0657384 0.0744232 0.0570536 0.0557796 0.00290011 0.00868478 0.00194555 0.00116713
0.454075 0.249596 0.252414 0.246777 0.0641336 0.0725921 0.055675 0.0547949 0.00281851 0.00845854 0.00189659 0.0011435
0.457466 0.245477 0.248216 0.242738 0.0625533 0.0707905 0.054316 0.0538233 0.00273908 0.00823724 0.00184873 0.00112021
0.460857 0.241378 0.244039 0.238716 0.0609974 0.0690182 0.0529767 0.0528647 0.00266176 0.00802078 0.00180196 0.00109726
0.464248 0.237299 0.239885 0.234712 0.059466 0.0672751 0.051657 0.0519187 0.00258648 0.00780908 0.00175624 0.00107464
0.467639 0.233241 0.235754 0.230728 0.0579591 0.0655611 0.050357 0.0509852 0.00251318 0.00760204 0.00171155 0.00105235
0.47103 0.229204 0.231646 0.226763 0.0564764 0.063876 0.0490768 0.050064 0.00244182 0.00739958 0.00166787 0.00103038
0.47442 0.22519 0.227562 0.222818 0.0550181 0.0622196 0.0478165 0.0491549 0.00237233 0.00720159 0.00162517 0.00100874
0.477811 0.221198 0.223503 0.218893 0.0535839 0.0605919 0.0465759 0.0482577 0.00230467 0.00700801 0.00158342 0.000987412
0.481202 0.217229 0.219468 0.21499 0.0521739 0.0589927 0.0453552 0.0473723 0.00223878 0.00681875 0.00154261 0.000966397
0.484593 0.213283 0.215458 0.211109 0.050788 0.0574217 0.0441543 0.0464984 0.00217462 0.00663372 0.00150272 0.000945692
0.487984 0.209362 0.211474 0.20725 0.0494261 0.0558789 0.0429733 0.0456359 0.00211214 0.00645284 0.00146371 0.000925293
0.491375 0.205465 0.207516 0.203414 0.0480881 0.0543641 0.0418121 0.0447847 0.00205129 0.00627603 0.00142557 0.000905196
0.494765 0.201593 0.203585 0.199601 0.0467739 0.0528771 0.0406707 0.0439445 0.00199202 0.00610322 0.00138829 0.000885398
0.498156 0.197747 0.199682 0.195813 0.0454834 0.0514177 0.0395491 0.0431153 0.00193431 0.00593432 0.00135184 0.000865895
0.501547 0.193928 0.195806 0.19205 0.0442165 0.0499858 0.0384473 0.0422968 0.00187809 0.00576927 0.0013162 0.000846686
0.504938 0.190135 0.191959 0.188312 0.0429731 0.0485811 0.0373651 0.041489 0.00182335 0.00560799 0.00128135 0.000827766
0.508329 0.18637 0.18814 0.1846 0.0417531 0.0472035 0.0363027 0.0406916 0.00177002 0.0054504 0.00124728 0.000809133
0.51172 0.182633 0.184351 0.180915 0.0405563 0.0458527 0.0352599 0.0399046 0.00171809 0.00529644 0.00121397 0.000790783
0.51511 0.178925 0.180592 0.177257 0.0393826 0.0445287 0.0342366 0.0391279 0.0016675 0.00514603 0.0011814 0.000772715
0.518501 0.175246 0.176864 0.173627 0.0382319 0.043231 0.0332328 0.0383613 0.00161823 0.00499911 0.00114956 0.000754925
0.521892 0.171596 0.173166 0.170026 0.0371041 0.0419597 0.0322484 0.0376047 0.00157025 0.00485561 0.00111843 0.00073741
0.525283 0.167977 0.169501 0.166454 0.0359989 0.0407143 0.0312834 0.036858 0.00152351 0.00471546 0.00108799 0.000720168
0.528674 0.164389 0.165867 0.162911 0.0349162 0.0394948 0.0303376 0.036121 0.00147798 0.00457861 0.00105823 0.000703197
0.532065 0.160832 0.162266 0.159399 0.0338559 0.0383008 0.0294109 0.0353937 0.00143364 0.00444497 0.00102914 0.000686493
0.535455 0.157308 0.158698 0.155917 0.0328177 0.0371322 0.0285032 0.034676 0.00139046 0.0043145 0.0010007 0.000670055
0.538846 0.153815 0.155164 0.152467 0.0318016 0.0359888 0.0276145 0.0339677 0.0013484 0.00418713 0.000972904 0.00065388
0.542237 0.150357 0.151664 0.149049 0.0308074 0.0348702 0.0267446 0.0332689 0.00130743 0.0040628 0.000945728 0.000637965
0.545628 0.146931 0.148199 0.145664 0.0298348 0.0337762 0.0258933 0.0325793 0.00126754 0.00394146 0.000919164 0.000622309
0.549019 0.14354 0.144769 0.142312 0.0288836 0.0327067 0.0250606 0.0318988 0.00122868 0.00382303 0.0008932 0.000606909
0.55241 0.140184 0.141375 0.138993 0.0279538 0.0316612 0.0242463 0.0312275 0.00119084 0.00370747 0.000867822 0.000591763
0.5558 0.136864 0.138018 0.13571 0.027045 0.0306397 0.0234502 0.0305652 0.001154 0.00359472 0.00084302 0.000576869
0.559191 0.133579 0.134697 0.13246 0.026157 0.0296418 0.0226723 0.0299119 0.00111811 0.00348473 0.000818781 0.000562224
0.562582 0.13033 0.131413 0.129247 0.0252897 0.0286672 0.0219123 0.0292674 0.00108317 0.00337743 0.000795095 0.000547826
0.565973 0.127118 0.128167 0.126069 0.0244429 0.0277157 0.0211701 0.0286316 0.00104915 0.00327279 0.000771949 0.000533674
0.569364 0.123944 0.12496 0.122928 0.0236163 0.026787 0.0204456 0.0280046 0.00101603 0.00317074 0.000749335 0.000519765
0.572755 0.120808 0.121791 0.119824 0.0228097 0.0258809 0.0197384 0.0273863 0.000983778 0.00307123 0.00072724 0.000506097
0.576146 0.117709 0.118662 0.116757 0.0220228 0.024997 0.0190486 0.0267765 0.000952381 0.00297421 0.000705656 0.000492668
0.579536 0.11465 0.115572 0.113728 0.0212555 0.0241351 0.0183758 0.0261752 0.000921816 0.00287964 0.000684571 0.000479476
0.582927 0.11163 0.112522 0.110738 0.0205075 0.0232949 0.01772 0.0255823 0.000892064 0.00278747 0.000663977 0.000466519
0.586318 0.10865 0.109513 0.107787 0.0197785 0.0224761 0.0170809 0.0249979 0.000863106 0.00269764 0.000643864 0.000453796
0.589709 0.10571 0.106544 0.104875 0.0190684 0.0216785 0.0164582 0.0244217 0.000834921 0.00261011 0.000624222 0.000441304
0.5931 0.10281 0.103617 0.102002 0.0183768 0.0209016 0.0158519 0.0238538 0.000807492 0.00252484 0.000605043 0.000429041
0.596491 0.0999512 0.100732 0.0991704 0.0177035 0.0201453 0.0152617 0.0232942 0.0007808 0.00244177 0.000586318 0.000417005
0.599881 0.0971338 0.0978886 0.096379 0.0170483 0.0194092 0.0146874 0.0227426 0.000754829 0.00236087 0.000568038 0.000405194
0.603272 0.0943581 0.0950877 0.0936286 0.0164109 0.018693 0.0141288 0.0221992 0.000729561 0.00228209 0.000550195 0.000393607
0.606663 0.0916244 0.0923294 0.0909195 0.015791 0.0179964 0.0135856 0.0216638 0.00070498 0.00220539 0.000532781 0.000382241
0.610054 0.0889332 0.0896142 0.0882521 0.0151884 0.0173192 0.0130577 0.0211364 0.000681069 0.00213072 0.000515787 0.000371095
0.613445 0.0862846 0.0869424 0.0856267 0.0146029 0.0166609 0.0125448 0.0206169 0.000657813 0.00205804 0.000499207 0.000360167
0.616836 0.0836789 0.0843141 0.0830437 0.014034 0.0160214 0.0120467 0.0201053 0.000635197 0.00198732 0.000483031 0.000349454
0.620226 0.0811165 0.0817297 0.0805033 0.0134817 0.0154002 0.0115632 0.0196016 0.000613205 0.00191851 0.000467253 0.000338954
0.623617 0.0785976 0.0791895 0.0780058 0.0129456 0.0147971 0.011094 0.0191057 0.000591824 0.00185157 0.000451865 0.000328667
0.627008 0.0761225 0.0766935 0.0755515 0.0124254 0.0142118 0.0106389 0.0186175 0.000571038 0.00178646 0.00043686 0.000318589
0.630399 0.0736914 0.0742422 0.0731405 0.0119208 0.013644 0.0101977 0.018137 0.000550834 0.00172315 0.000422231 0.00030872
0.63379 0.0713044 0.0718356 0.0707732 0.0114316 0.0130932 0.00977004 0.0176641 0.000531199 0.0016616 0.000407971 0.000299056
0.637181 0.0689617 0.0694738 0.0684496 0.0109576 0.0125593 0.00935581 0.0171989 0.00051212 0.00160177 0.000394073 0.000289597
0.640571 0.0666635 0.0671571 0.0661699 0.0104983 0.012042 0.00895471 0.0167413 0.000493583 0.00154362 0.000380531 0.000280339
0.643962 0.0644099 0.0648855 0.0639344 0.0100536 0.0115408 0.00856652 0.0162911 0.000475577 0.00148712 0.000367337 0.000271282
0.647353 0.0622011 0.0626592 0.061743 0.00962323 0.0110555 0.00819099 0.0158485 0.000458088 0.00143224 0.000354486 0.000262422
0.650744 0.0600371 0.0604782 0.059596 0.00920679 0.0105857 0.00782786 0.0154133 0.000441106 0.00137893 0.000341971 0.000253759
0.654135 0.057918 0.0583426 0.0574933 0.00880406 0.0101312 0.00747689 0.0149855 0.000424618 0.00132717 0.000329786 0.00024529
0.657526 0.0558438 0.0562524 0.0554351 0.00841476 0.00969169 0.00713783 0.014565 0.000408613 0.00127693 0.000317925 0.000237013
0.660916 0.0538144 0.0542075 0.0534214 0.0080386 0.00926676 0.00681044 0.0141519 0.00039308 0.00122816 0.000306381 0.000228926
0.664307 0.05183 0.052208 0.051452 0.00767531 0.00885615 0.00649447 0.013746 0.000378008 0.00118084 0.00029515 0.000221028
0.667698 0.0498905 0.0502539 0.0495271 0.00732461 0.00845954 0.00618968 0.0133474 0.000363386 0.00113493 0.000284225 0.000213315
0.671089 0.0479957 0.0483449 0.0476465 0.00698621 0.00807662 0.0058958 0.0129559 0.000349204 0.00109041 0.000273599 0.000205786
0.67448 0.0461458 0.0464812 0.0458103 0.00665985 0.00770709 0.00561261 0.0125716 0.000335452 0.00104724 0.000263269 0.000198439
0.677871 0.0443404 0.0446625 0.0440183 0.00634524 0.00735064 0.00533984 0.0121944 0.00032212 0.0010054 0.000253228 0.000191272
0.681261 0.0425795 0.0428887 0.0422703 0.00604211 0.00700695 0.00507726 0.0118242 0.000309198 0.000964846 0.000243471 0.000184283
0.684652 0.0408629 0.0411596 0.0405663 0.00575018 0.00667574 0.00482462 0.0114611 0.000296677 0.000925558 0.000233992 0.000177469
0.688043 0.0391905 0.039475 0.0389059 0.00546918 0.00635669 0.00458167 0.0111049 0.000284547 0.000887507 0.000224786 0.000170829
0.691434 0.037562 0.0378348 0.0372892 0.00519884 0.0060495 0.00434818 0.0107557 0.000272799 0.000850662 0.000215847 0.00016436
0.694825 0.0359771 0.0362386 0.0357157 0.00493889 0.00575389 0.00412389 0.0104133 0.000261425 0.000814997 0.000207172 0.00015806
0.698216 0.0344357 0.0346861 0.0341853 0.00468906 0.00546955 0.00390858 0.0100778 0.000250415 0.000780485 0.000198753 0.000151927
0.701606 0.0329374 0.0331772 0.0326976 0.00444909 0.00519619 0.00370199 0.0097491 0.00023976 0.000747098 0.000190588 0.000145959
0.704997 0.0314819 0.0317114 0.0312525 0.00421871 0.00493352 0.0035039 0.00942713 0.000229454 0.000714809 0.00018267 0.000140154
0.708388 0.0300689 0.0302884 0.0298494 0.00399766 0.00468125 0.00331406 0.00911187 0.000219486 0.000683594 0.000174994 0.000134509
0.711779 0.028698 0.0289079 0.0284882 0.00378569 0.00443911 0.00313226 0.00880327 0.000209849 0.000653426 0.000167556 0.000129022
0.71517 0.0273689 0.0275694 0.0271683 0.00358253 0.00420681 0.00295825 0.00850128 0.000200536 0.00062428 0.000160351 0.000123691
0.718561 0.0260811 0.0262726 0.0258895 0.00338794 0.00398407 0.00279181 0.00820585 0.000191537 0.000596132 0.000153375 0.000118514
0.721951 0.0248341 0.025017 0.0246513 0.00320167 0.00377063 0.00263271 0.00791693 0.000182847 0.000568957 0.000146622 0.000113489
0.725342 0.0236276 0.0238021 0.0234531 0.00302346 0.00356619 0.00248073 0.00763448 0.000174457 0.000542732 0.000140088 0.000108612
0.728733 0.022461 0.0226274 0.0222947 0.00285308 0.00337051 0.00233565 0.00735844 0.000166359 0.000517432 0.000133768 0.000103882
0.732124 0.0213339 0.0214925 0.0211754 0.00269029 0.00318332 0.00219725 0.00708877 0.000158547 0.000493034 0.000127659 9.92974e-05
0.735515 0.0202457 0.0203968 0.0200947 0.00253483 0.00300435 0.00206532 0.00682541 0.000151014 0.000469517 0.000121754 9.48546e-05
0.738906 0.0191959 0.0193397 0.0190522 0.0023865 0.00283335 0.00193964 0.00656831 0.000143752 0.000446857 0.000116051 9.05518e-05
0.742296 0.018184 0.0183207 0.0180472 0.00224504 0.00267007 0.00182001 0.00631741 0.000136755 0.000425032 0.000110545 8.63866e-05
0.745687 0.0172092 0.0173392 0.0170792 0.00211023 0.00251426 0.00170621 0.00607267 0.000130015 0.000404022 0.00010523 8.23567e-05
0.749078 0.0162711 0.0163946 0.0161476 0.00198186 0.00236567 0.00159806 0.00583402 0.000123528 0.000383803 0.000100104 7.84597e-05
0.752469 0.015369 0.0154863 0.0152517 0.0018597 0.00222406 0.00149535 0.00560142 0.000117285 0.000364357 9.51618e-05 7.46933e-05
0.75586 0.0145023 0.0146136 0.014391 0.00174354 0.0020892 0.00139788 0.0053748 0.00011128 0.000345661 9.03991e-05 7.10551e-05
0.759251 0.0136703 0.0137758 0.0135647 0.00163316 0.00196085 0.00130546 0.00515411 0.000105508 0.000327697 8.58119e-05 6.75428e-05
0.762641 0.0128723 0.0129722 0.0127723 0.00152835 0.0018388 0.00121791 0.00493928 9.99613e-05 0.000310443 8.13961e-05 6.41539e-05
0.766032 0.0121076 0.0122023 0.012013 0.00142892 0.0017228 0.00113504 0.00473026 9.46349e-05 0.00029388 7.71477e-05 6.08861e-05
0.769423 0.0113757 0.0114652 0.0112862 0.00133466 0.00161265 0.00105667 0.00452699 8.95226e-05 0.00027799 7.30626e-05 5.7737e-05
0.772814 0.0106756 0.0107603 0.010591 0.00124537 0.00150813 0.000982619 0.00432941 8.46184e-05 0.000262753 6.9137e-05 5.47043e-05
0.776205 0.0100068 0.0100867 0.00992692 0.00116087 0.00140902 0.000912719 0.00413745 7.99167e-05 0.000248151 6.53667e-05 5.17854e-05
0.779596 0.00936849 0.0094439 0.00929307 0.00108097 0.00131513 0.0008468 0.00395105 7.54117e-05 0.000234165 6.17481e-05 4.89781e-05
0.782986 0.00875987 0.00883096 0.00868877 0.00100547 0.00122625 0.000784695 0.00377014 7.10979e-05 0.000220778 5.82771e-05 4.62799e-05
0.786377 0.00818022 0.00824719 0.00811325 0.000934214 0.00114218 0.000726243 0.00359466 6.69698e-05 0.000207971 5.49501e-05 4.36884e-05
0.789768 0.00762876 0.00769179 0.00756574 0.000867014 0.00106274 0.000671285 0.00342455 6.3022e-05 0.000195728 5.17632e-05 4.12012e-05
0.793159 0.00710474 0.00716399 0.00704549 0.000803701 0.000987733 0.000619669 0.00325973 5.92493e-05 0.000184032 4.87127e-05 3.8816e-05
0.79655 0.00660737 0.00666301 0.00655172 0.000744109 0.000916975 0.000571244 0.00310014 5.56463e-05 0.000172865 4.5795e-05 3.65303e-05
0.799941 0.00613586 0.00618807 0.00608365 0.000688077 0.000850289 0.000525864 0.00294571 5.22081e-05 0.000162212 4.30063e-05 3.43418e-05
0.803332 0.00568943 0.00573836 0.0056405 0.000635446 0.000787502 0.000483389 0.00279636 4.89295e-05 0.000152057 4.03432e-05 3.22481e-05
0.806722 0.00526729 0.0053131 0.00522149 0.000586061 0.000728444 0.000443679 0.00265203 4.58057e-05 0.000142382 3.78019e-05 3.02467e-05
0.810113 0.00486864 0.00491147 0.00482581 0.000539775 0.000672949 0.000406601 0.00251264 4.28317e-05 0.000133174 3.5379e-05 2.83353e-05
0.813504 0.00449269 0.0045327 0.00445269 0.000496441 0.000620857 0.000372025 0.00237812 4.00028e-05 0.000124416 3.3071e-05 2.65116e-05
0.816895 0.00413866 0.00417597 0.00410134 0.000455919 0.000572013 0.000339824 0.00224839 3.73142e-05 0.000116094 3.08745e-05 2.47731e-05
0.820286 0.00380574 0.0038405 0.00377098 0.000418071 0.000526265 0.000309878 0.00212339 3.47614e-05 0.000108193 2.8786e-05 2.31175e-05
0.823677 0.00349315 0.00352549 0.00346081 0.000382766 0.000483465 0.000282067 0.00200302 3.23397e-05 0.000100699 2.68022e-05 2.15426e-05
0.827067 0.00320012 0.00323016 0.00317007 0.000349874 0.000443471 0.000256277 0.00188723 3.00448e-05 9.35969e-05 2.49197e-05 2.00459e-05
0.830458 0.00292585 0.00295373 0.00289798 0.000319272 0.000406145 0.000232398 0.00177592 2.78722e-05 8.68735e-05 2.31353e-05 1.86251e-05
0.833849 0.00266959 0.0026954 0.00264377 0.000290838 0.000371353 0.000210324 0.00166902 2.58176e-05 8.05149e-05 2.14457e-05 1.72779e-05
0.83724 0.00243055 0.00245443 0.00240668 0.000264458 0.000338966 0.00018995 0.00156644 2.38768e-05 7.4508e-05 1.98478e-05 1.60021e-05
0.840631 0.00220799 0.00223004 0.00218595 0.000240019 0.000308859 0.00017118 0.00146812 2.20457e-05 6.88395e-05 1.83383e-05 1.47953e-05
0.844022 0.00200116 0.00202148 0.00198084 0.000217413 0.00028091 0.000153917 0.00137396 2.032e-05 6.34967e-05 1.69141e-05 1.36552e-05
0.847412 0.00180933 0.00182803 0.00179063 0.000196536 0.000255003 0.000138069 0.00128388 1.86959e-05 5.84671e-05 1.55723e-05 1.25798e-05
0.850803 0.00163176 0.00164893 0.00161459 0.000177287 0.000231026 0.000123549 0.00119781 1.71694e-05 5.37382e-05 1.43096e-05 1.15666e-05
0.854194 0.00146775 0.00148348 0.00145201 0.000159571 0.000208869 0.000110272 0.00111564 1.57366e-05 4.9298e-05 1.31233e-05 1.06136e-05
0.857585 0.00131658 0.00133098 0.00130219 0.000143293 0.000188428 9.81583e-05 0.00103731 1.43937e-05 4.51348e-05 1.20102e-05 9.71843e-06
0.860976 0.00117759 0.00119073 0.00116445 0.000128366 0.000169603 8.7129e-05 0.000962727 1.3137e-05 4.1237e-05 1.09676e-05 8.87904e-06
0.864367 0.00105009 0.00106205 0.00103813 0.000114704 0.000152297 7.71107e-05 0.000891798 1.19629e-05 3.75933e-05 9.9925e-06 8.09327e-06
0.867757 0.000933432 0.0009443 0.000922565 0.000102225 0.000136418 6.80327e-05 0.000824439 1.08678e-05 3.41926e-05 9.08219e-06 7.35898e-06
0.871148 0.000826975 0.000836823 0.000817126 9.08519e-05 0.000121876 5.98278e-05 0.000760563 9.84825e-06 3.10241e-05 8.2339e-06 6.67408e-06
0.874539 0.000730095 0.000738996 0.000721195 8.05091e-05 0.000108586 5.24318e-05 0.000700081 8.90074e-06 2.80773e-05 7.44489e-06 6.03651e-06
0.87793 0.000642191 0.000650213 0.000634169 7.11255e-05 9.64673e-05 4.57837e-05 0.000642903 8.02197e-06 2.53418e-05 6.71251e-06 5.44422e-06
0.881321 0.000562673 0.000569882 0.000555465 6.26333e-05 8.54409e-05 3.98256e-05 0.00058894 7.20864e-06 2.28076e-05 6.03415e-06 4.89519e-06
0.884712 0.000490977 0.000497435 0.00048452 5.49675e-05 7.54323e-05 3.45027e-05 0.0005381 6.45755e-06 2.04648e-05 5.40722e-06 4.38744e-06
0.888102 0.000426555 0.00043232 0.000420789 4.8067e-05 6.63708e-05 2.97632e-05 0.000490293 5.76558e-06 1.83038e-05 4.82923e-06 3.91901e-06
0.891493 0.000368877 0.000374006 0.000363747 4.1873e-05 5.81883e-05 2.55578e-05 0.000445428 5.12964e-06 1.63153e-05 4.2977e-06 3.48798e-06
0.894884 0.000317436 0.000321982 0.000312889 3.63304e-05 5.08204e-05 2.18403e-05 0.000403411 4.54677e-06 1.449e-05 3.81021e-06 3.09246e-06
0.898275 0.000271746 0.00027576 0.000267732 3.13866e-05 4.42059e-05 1.85674e-05 0.00036415 4.01404e-06 1.28193e-05 3.3644e-06 2.73058e-06
0.901666 0.00023134 0.000234868 0.000227811 2.69923e-05 3.82865e-05 1.5698e-05 0.000327553 3.52861e-06 1.12942e-05 2.95796e-06 2.40053e-06
0.905057 0.000195773 0.000198861 0.000192685 2.31005e-05 3.30071e-05 1.31939e-05 0.000293526 3.08772e-06 9.90657e-06 2.58862e-06 2.10051e-06
0.908447 0.000164621 0.00016731 0.000161933 1.96674e-05 2.83154e-05 1.10193e-05 0.000261975 2.68866e-06 8.64807e-06 2.2542e-06 1.82878e-06
0.911838 0.000137483 0.000139811 0.000135154 1.66514e-05 2.41622e-05 9.14062e-06 0.000232806 2.32882e-06 7.51078e-06 1.95252e-06 1.58361e-06
0.915229 0.000113976 0.000115982 0.00011197 1.40138e-05 2.05008e-05 7.52686e-06 0.000205924 2.00566e-06 6.48697e-06 1.68151e-06 1.36334e-06
0.91862 9.37416e-05 9.54583e-05 9.20249e-05 1.17183e-05 1.72874e-05 6.14914e-06 0.000181237 1.71669e-06 5.56915e-06 1.43912e-06 1.16633e-06
0.922011 7.64412e-05 7.79007e-05 7.49817e-05 9.73082e-06 1.44809e-05 4.98076e-06 0.000158647 1.45953e-06 4.75006e-06 1.22337e-06 9.90993e-07
0.925402 6.17578e-05 6.29896e-05 6.05259e-05 8.01979e-06 1.20425e-05 3.99711e-06 0.000138062 1.23186e-06 4.02268e-06 1.03233e-06 8.35771e-07
0.928792 4.93952e-05 5.04267e-05 4.83638e-05 6.55574e-06 9.93596e-06 3.17553e-06 0.000119385 1.03144e-06 3.38021e-06 8.64154e-07 6.99161e-07
0.932183 3.90782e-05 3.99343e-05 3.82222e-05 5.31143e-06 8.12752e-06 2.49534e-06 0.000102523 8.56087e-07 2.81609e-06 7.17027e-07 5.79703e-07
0.935574 3.05519e-05 3.12557e-05 2.98482e-05 4.26162e-06 6.58561e-06 1.93764e-06 8.73808e-05 7.03727e-07 2.32399e-06 5.89208e-07 4.75982e-07
0.938965 2.35816e-05 2.41539e-05 2.30092e-05 3.38309e-06 5.28089e-06 1.48528e-06 7.38634e-05 5.72347e-07 1.89781e-06 4.79018e-07 3.86632e-07
0.942356 1.79521e-05 1.84121e-05 1.74921e-05 2.65449e-06 4.18618e-06 1.1228e-06 6.18768e-05 4.60014e-07 1.53169e-06 3.84839e-07 3.10333e-07
0.945747 1.34675e-05 1.38323e-05 1.31026e-05 2.05631e-06 3.27631e-06 8.36305e-07 5.13273e-05 3.64879e-07 1.22e-06 3.0512e-07 2.45819e-07
0.949137 9.9505e-06 1.02357e-05 9.66533e-06 1.57075e-06 2.52811e-06 6.13394e-07 4.21215e-05 2.85171e-07 9.57359e-07 2.38371e-07 1.91874e-07
0.952528 7.24209e-06 7.46129e-06 7.02288e-06 1.1817e-06 1.92032e-06 4.43092e-07 3.41669e-05 2.19203e-07 7.38612e-07 1.83173e-07 1.47334e-07
0.955919 5.2006e-06 5.36597e-06 5.03523e-06 8.74611e-07 1.43346e-06 3.15761e-07 2.73716e-05 1.65368e-07 5.5885e-07 1.38175e-07 1.11092e-07
0.95931 3.70132e-06 3.82347e-06 3.57917e-06 6.36429e-07 1.04984e-06 2.23022e-07 2.16452e-05 1.22147e-07 4.13407e-07 1.02092e-07 8.20944e-08
0.962701 2.63577e-06 2.72388e-06 2.54767e-06 4.55544e-07 7.53408e-07 1.5768e-07 1.6899e-05 8.81046e-08 2.97864e-07 7.37144e-08 5.93475e-08
0.966092 1.91113e-06 1.97303e-06 1.84924e-06 3.21707e-07 5.2976e-07 1.13655e-07 1.30465e-05 6.18929e-08 2.08052e-07 5.19024e-08 4.19159e-08
0.969482 1.44973e-06 1.49198e-06 1.40747e-06 2.25976e-07 3.66034e-07 8.59182e-08 1.00051e-05 4.22531e-08 1.40058e-07 3.55921e-08 2.89255e-08
0.972873 1.18884e-06 1.21686e-06 1.16082e-06 1.60685e-07 2.50914e-07 7.04566e-08 7.69769e-06 2.8017e-08 9.02287e-08 2.37954e-08 1.95651e-08
0.976264 1.08123e-06 1.09934e-06 1.06312e-06 1.19455e-07 1.74634e-07 6.42774e-08 6.05778e-06 1.81086e-08 5.51781e-08 1.56023e-08 1.30875e-08
0.979655 1.09767e-06 1.10921e-06 1.08612e-06 9.73347e-08 1.2913e-07 6.55392e-08 5.03961e-06 1.15456e-08 3.17954e-08 1.01815e-08 8.81099e-09
0.983046 1.23584e-06 1.24328e-06 1.2284e-06 9.13257e-08 1.08579e-07 7.40724e-08 4.64695e-06 7.43816e-09 1.72533e-08 6.77937e-09 6.11668e-09
0.986437 1.55648e-06 1.56146e-06 1.55151e-06 1.02554e-07 1.11569e-07 9.354e-08 5.03547e-06 4.97916e-09 9.01447e-09 4.70934e-09 4.43756e-09
0.989827 2.42765e-06 2.43103e-06 2.42426e-06 1.50975e-07 1.55794e-07 1.46156e-07 7.09761e-06 3.38105e-09 4.81913e-09 3.28529e-09 3.18869e-09
0.993218 1.18209e-05 1.18212e-05 1.18205e-05 7.15714e-07 7.18785e-07 7.12644e-07 4.18297e-05 3.61519e-10 3.07037e-09 1.81646e-10 0
4.01075e-314 inf inf inf inf inf inf 0.000216321 13.1348 0.502842 0.322741 0.196464
