9.72476e-05 7.28863 7.85099 6.72627 3.10139 3.46709 2.73569 14.6723 0.562358 0.365698 0.219286 0.210035
0.0001 7.24247 7.80275 6.6822 3.08156 3.44555 2.71756 14.5308 0.560278 0.363993 0.217581 0.208231
0.00010283 7.19685 7.75506 6.63864 3.06195 3.42426 2.69965 14.3904 0.558209 0.362301 0.21589 0.206438
0.000105741 7.15256 7.70871 6.59641 3.04291 3.40354 2.68229 14.2512 0.556151 0.36062 0.214211 0.204658
0.000108734 7.10632 7.66043 6.55222 3.02307 3.38202 2.66412 14.113 0.554105 0.358952 0.212546 0.20289
0.000111811 7.06035 7.61242 6.50828 3.00334 3.36064 2.64605 13.976 0.55207 0.357295 0.210894 0.201134
0.000114976 7.01462 7.56466 6.46457 2.98372 3.33937 2.62807 13.84 0.550046 0.355651 0.209254 0.19939
0.00011823 6.96914 7.51717 6.42111 2.96421 3.31823 2.61019 13.7052 0.548034 0.354018 0.207628 0.197657
0.000121576 6.92391 7.46994 6.37788 2.94481 3.29721 2.59242 13.5714 0.546032 0.352396 0.206015 0.195937
0.000125017 6.87893 7.42297 6.33489 2.92553 3.27631 2.57474 13.4386 0.544041 0.350787 0.204415 0.194229
0.000128556 6.8342 7.37626 6.29214 2.90635 3.25554 2.55716 13.307 0.542061 0.349189 0.202827 0.192532
0.000132194 6.78972 7.32981 6.24963 2.88728 3.23488 2.53968 13.1763 0.540092 0.347602 0.201252 0.190847
0.000135936 6.74548 7.28361 6.20734 2.86832 3.21435 2.5223 13.0468 0.538133 0.346027 0.19969 0.189173
0.000139783 6.70148 7.23766 6.16529 2.84947 3.19393 2.50501 12.9182 0.536185 0.344463 0.198141 0.187511
0.000143739 6.65773 7.19197 6.12348 2.83073 3.17364 2.48782 12.7907 0.534247 0.34291 0.196604 0.185861
0.000147808 6.61421 7.14653 6.08189 2.81209 3.15346 2.47072 12.6643 0.532319 0.341369 0.195079 0.184222
0.000151991 6.57094 7.10134 6.04054 2.79356 3.1334 2.45372 12.5388 0.530402 0.339839 0.193568 0.182594
0.000156293 6.52791 7.0564 5.99941 2.77514 3.11346 2.43682 12.4144 0.528495 0.338319 0.192068 0.180977
0.000160717 6.48511 7.01171 5.95851 2.75682 3.09363 2.42001 12.2909 0.526598 0.336811 0.190581 0.179372
0.000165265 6.44255 6.96726 5.91784 2.7386 3.07392 2.40329 12.1685 0.524711 0.335314 0.189106 0.177778
0.000169943 6.40023 6.92307 5.8774 2.7205 3.05433 2.38667 12.047 0.522834 0.333827 0.187644 0.176195
0.000174753 6.35815 6.87912 5.83718 2.70249 3.03485 2.37014 11.9266 0.520967 0.332351 0.186193 0.174623
0.000179699 6.31629 6.8354 5.79718 2.68459 3.01548 2.35371 11.8071 0.519109 0.330886 0.184755 0.173062
0.000184785 6.27468 6.79194 5.75741 2.6668 2.99623 2.33736 11.6886 0.517261 0.329432 0.183329 0.171512
0.000190015 6.23328 6.74871 5.71786 2.6491 2.97709 2.32111 11.571 0.515423 0.327988 0.181915 0.169972
0.000195393 6.19212 6.70572 5.67853 2.63151 2.95806 2.30495 11.4544 0.513594 0.326555 0.180513 0.168444
0.000200923 6.15119 6.66297 5.63942 2.61402 2.93915 2.28889 11.3388 0.511774 0.325132 0.179123 0.166926
0.00020661 6.11049 6.62046 5.60053 2.59663 2.92035 2.27291 11.2241 0.509964 0.323719 0.177745 0.165419
0.000212458 6.07001 6.57818 5.56185 2.57934 2.90165 2.25702 11.1103 0.508162 0.322317 0.176378 0.163922
0.000218471 6.02977 6.53614 5.5234 2.56215 2.88307 2.24123 10.9975 0.50637 0.320925 0.175024 0.162437
0.000224655 5.98975 6.49433 5.48516 2.54506 2.8646 2.22552 10.8856 0.504587 0.319543 0.173681 0.160961
0.000231013 5.94994 6.45276 5.44713 2.52807 2.84624 2.2099 10.7746 0.502812 0.318171 0.17235 0.159496
0.000237551 5.91037 6.41142 5.40932 2.51118 2.82799 2.19437 10.6645 0.501046 0.316809 0.171031 0.158041
0.000244275 5.87101 6.3703 5.37172 2.49439 2.80984 2.17893 10.5554 0.499289 0.315457 0.169723 0.156597
0.000251189 5.83187 6.32942 5.33433 2.47769 2.79181 2.16358 10.4471 0.497541 0.314115 0.168426 0.155163
0.000258298 5.79296 6.28876 5.29716 2.46109 2.77388 2.14831 10.3397 0.4958 0.312783 0.167142 0.153739
0.000265609 5.75426 6.24833 5.26019 2.44459 2.75605 2.13313 10.2332 0.494069 0.31146 0.165868 0.152325
0.000273126 5.71578 6.20812 5.22343 2.42819 2.73833 2.11804 10.1276 0.492345 0.310147 0.164606 0.150921
0.000280857 5.67752 6.16815 5.18689 2.41188 2.72073 2.10304 10.0229 0.49063 0.308844 0.163356 0.149528
0.000288806 5.63947 6.12839 5.15055 2.39567 2.70322 2.08812 9.91905 0.488922 0.30755 0.162116 0.148144
0.00029698 5.60163 6.08886 5.11441 2.37955 2.68582 2.07328 9.81606 0.487223 0.306266 0.160888 0.14677
0.000305386 5.56402 6.04955 5.07848 2.36353 2.66852 2.05854 9.71392 0.485532 0.304991 0.159671 0.145406
0.000314029 5.5266 6.01045 5.04276 2.3476 2.65132 2.04387 9.61264 0.483848 0.303726 0.158465 0.144052
0.000322917 5.48941 5.97158 5.00723 2.33176 2.63423 2.02929 9.5122 0.482172 0.30247 0.157271 0.142708
0.000332057 5.45242 5.93292 4.97191 2.31602 2.61724 2.0148 9.4126 0.480503 0.301223 0.156087 0.141373
0.000341455 5.41564 5.89448 4.9368 2.30037 2.60036 2.00039 9.31383 0.478842 0.299985 0.154915 0.140048
0.000351119 5.37907 5.85625 4.90188 2.28481 2.58357 1.98606 9.21589 0.477188 0.298756 0.153753 0.138733
0.000361057 5.3427 5.81824 4.86716 2.26935 2.56688 1.97181 9.11877 0.475541 0.297536 0.152603 0.137427
0.000371276 5.30655 5.78045 4.83264 2.25398 2.5503 1.95765 9.02247 0.473902 0.296325 0.151463 0.136131
0.000381784 5.27059 5.74286 4.79832 2.23869 2.53382 1.94357 8.92698 0.472269 0.295123 0.150334 0.134844
0.00039259 5.23484 5.70549 4.7642 2.2235 2.51743 1.92957 8.83229 0.470644 0.29393 0.149216 0.133566
0.000403702 5.19929 5.66832 4.73027 2.2084 2.50114 1.91565 8.73841 0.469025 0.292746 0.148108 0.132298
0.000415128 5.16395 5.63136 4.69654 2.19338 2.48495 1.90181 8.64531 0.467413 0.29157 0.147012 0.131039
0.000426877 5.1288 5.59461 4.663 2.17846 2.46886 1.88806 8.55301 0.465807 0.290403 0.145926 0.129789
0.000438959 5.09386 5.55807 4.62966 2.16363 2.45287 1.87438 8.46149 0.464208 0.289244 0.14485 0.128548
0.000451383 5.05912 5.52173 4.5965 2.14888 2.43697 1.86079 8.37074 0.462615 0.288094 0.143785 0.127317
0.000464159 5.02457 5.4856 4.56354 2.13422 2.42117 1.84727 8.28077 0.461029 0.286952 0.142731 0.126095
0.000477296 4.99022 5.44967 4.53077 2.11965 2.40547 1.83383 8.19156 0.459448 0.285819 0.141687 0.124881
0.000490805 4.95606 5.41394 4.49819 2.10517 2.38986 1.82047 8.10312 0.457874 0.284693 0.140654 0.123677
0.000504697 4.92211 5.37841 4.4658 2.09077 2.37435 1.80719 8.01542 0.456305 0.283576 0.13963 0.122482
0.000518981 4.88834 5.34308 4.4336 2.07646 2.35892 1.79399 7.92848 0.454742 0.282467 0.138618 0.121295
0.00053367 4.85477 5.30795 4.40158 2.06223 2.3436 1.78087 7.84229 0.453185 0.281366 0.137615 0.120117
0.000548775 4.82138 5.27302 4.36975 2.04809 2.32836 1.76782 7.75683 0.451633 0.280273 0.136623 0.118948
0.000564307 4.78819 5.23828 4.33811 2.03404 2.31323 1.75485 7.67211 0.450087 0.279189 0.135641 0.117788
0.000580278 4.75519 5.20374 4.30665 2.02007 2.29818 1.74195 7.58812 0.448545 0.278111 0.134669 0.116637
0.000596702 4.72238 5.16939 4.27537 2.00618 2.28322 1.72914 7.50485 0.447009 0.277042 0.133707 0.115494
0.000613591 4.68976 5.13524 4.24428 1.99238 2.26836 1.7164 7.4223 0.445478 0.27598 0.132755 0.114359
0.000630957 4.65732 5.10127 4.21337 1.97866 2.25358 1.70373 7.34047 0.443952 0.274926 0.131814 0.113234
0.000648815 4.62507 5.0675 4.18264 1.96502 2.2389 1.69114 7.25934 0.442431 0.27388 0.130882 0.112116
0.000667179 4.593 5.03392 4.15209 1.95146 2.2243 1.67862 7.17892 0.440914 0.272841 0.12996 0.111007
0.000686062 4.56112 5.00053 4.12172 1.93799 2.2098 1.66618 7.09919 0.439402 0.271809 0.129048 0.109907
0.00070548 4.52942 4.96732 4.09153 1.9246 2.19538 1.65381 7.02016 0.437894 0.270785 0.128146 0.108815
0.000725448 4.49791 4.9343 4.06152 1.91129 2.18106 1.64152 6.94182 0.43639 0.269768 0.127254 0.107731
0.00074598 4.46657 4.90146 4.03168 1.89806 2.16682 1.6293 6.86417 0.43489 0.268759 0.126371 0.106656
0.000767094 4.43542 4.86881 4.00203 1.88491 2.15267 1.61715 6.78719 0.433394 0.267756 0.125498 0.105589
0.000788805 4.40444 4.83635 3.97254 1.87184 2.1386 1.60508 6.71088 0.431902 0.266761 0.124635 0.104529
0.000811131 4.37365 4.80406 3.94323 1.85885 2.12462 1.59308 6.63525 0.430414 0.265772 0.123781 0.103478
0.000834088 4.34303 4.77196 3.9141 1.84594 2.11073 1.58115 6.56028 0.428929 0.264791 0.122937 0.102436
0.000857696 4.31258 4.74003 3.88514 1.83311 2.09692 1.56929 6.48597 0.427448 0.263816 0.122102 0.101401
0.000881971 4.28232 4.70829 3.85635 1.82035 2.0832 1.55751 6.41232 0.42597 0.262848 0.121277 0.100374
0.000906934 4.25222 4.67672 3.82773 1.80768 2.06956 1.54579 6.33932 0.424494 0.261887 0.120461 0.0993551
0.000932603 4.22231 4.64533 3.79928 1.79508 2.05601 1.53415 6.26696 0.423022 0.260932 0.119655 0.0983441
0.000958999 4.19256 4.61411 3.77101 1.78256 2.04254 1.52257 6.19525 0.421553 0.259984 0.118857 0.097341
0.000986142 4.16299 4.58307 3.7429 1.77011 2.02916 1.51107 6.12417 0.420086 0.259043 0.11807 0.0963457
0.00101405 4.13358 4.5522 3.71496 1.75774 2.01585 1.49964 6.05372 0.418621 0.258108 0.117291 0.0953582
0.00104275 4.10435 4.52151 3.68719 1.74545 2.00263 1.48827 5.98391 0.417159 0.257179 0.116521 0.0943784
0.00107227 4.07528 4.49098 3.65958 1.73324 1.98949 1.47698 5.91471 0.415699 0.256256 0.115761 0.0934064
0.00110262 4.04639 4.46063 3.63214 1.72109 1.97643 1.46575 5.84614 0.414241 0.25534 0.115009 0.092442
0.00113382 4.01766 4.43044 3.60487 1.70903 1.96346 1.4546 5.77818 0.412785 0.25443 0.114267 0.0914852
0.00116591 3.98909 4.40042 3.57776 1.69703 1.95056 1.44351 5.71083 0.411331 0.253526 0.113533 0.0905359
0.00119891 3.96069 4.37057 3.55082 1.68511 1.93774 1.43249 5.64408 0.409878 0.252627 0.112809 0.0895942
0.00123285 3.93246 4.34089 3.52403 1.67327 1.925 1.42153 5.57794 0.408426 0.251735 0.112093 0.08866
0.00126774 3.90439 4.31137 3.49742 1.6615 1.91234 1.41065 5.51239 0.406975 0.250848 0.111386 0.0877332
0.00130362 3.87649 4.28201 3.47096 1.6498 1.89976 1.39983 5.44744 0.405526 0.249967 0.110688 0.0868139
0.00134052 3.84874 4.25282 3.44466 1.63817 1.88726 1.38908 5.38308 0.404077 0.249092 0.109998 0.0859018
0.00137846 3.82115 4.22378 3.41853 1.62661 1.87484 1.37839 5.31929 0.402629 0.248222 0.109317 0.0849972
0.00141747 3.79373 4.19491 3.39255 1.61513 1.86249 1.36777 5.2561 0.401181 0.247357 0.108645 0.0840998
0.00145759 3.76646 4.1662 3.36673 1.60372 1.85022 1.35722 5.19347 0.399733 0.246498 0.107981 0.0832096
0.00149885 3.73935 4.13764 3.34107 1.59238 1.83802 1.34673 5.13142 0.398286 0.245645 0.107325 0.0823266
0.00154127 3.7124 4.10924 3.31556 1.5811 1.8259 1.33631 5.06994 0.396838 0.244796 0.106678 0.0814508
0.00158489 3.68561 4.081 3.29022 1.5699 1.81386 1.32595 5.00902 0.395391 0.243953 0.106039 0.0805821
0.00162975 3.65897 4.05291 3.26503 1.55877 1.80189 1.31566 4.94866 0.393942 0.243114 0.105408 0.0797206
0.00167588 3.63248 4.02498 3.23999 1.54771 1.78999 1.30543 4.88885 0.392493 0.242281 0.104786 0.078866
0.00172331 3.60615 3.99719 3.21511 1.53672 1.77817 1.29526 4.8296 0.391043 0.241452 0.104172 0.0780185
0.00177209 3.57997 3.96956 3.19038 1.52579 1.76642 1.28516 4.7709 0.389592 0.240628 0.103565 0.0771779
0.00182224 3.55394 3.94208 3.1658 1.51493 1.75474 1.27513 4.71274 0.38814 0.239809 0.102967 0.0763443
0.00187382 3.52806 3.91475 3.14138 1.50415 1.74314 1.26515 4.65512 0.386686 0.238994 0.102377 0.0755175
0.00192685 3.50234 3.88757 3.11711 1.49342 1.73161 1.25524 4.59803 0.38523 0.238184 0.101794 0.0746976
0.00198139 3.47676 3.86053 3.09299 1.48277 1.72015 1.24539 4.54148 0.383772 0.237378 0.101219 0.0738845
0.00203747 3.45133 3.83364 3.06902 1.47218 1.70876 1.23561 4.48546 0.382313 0.236577 0.100652 0.0730782
0.00209514 3.42604 3.8069 3.04519 1.46166 1.69744 1.22588 4.42996 0.380851 0.235779 0.100093 0.0722786
0.00215443 3.40091 3.78029 3.02152 1.4512 1.68619 1.21622 4.37498 0.379386 0.234986 0.0995406 0.0714857
0.00221541 3.37592 3.75383 2.998 1.44081 1.67501 1.20662 4.32052 0.377919 0.234197 0.0989961 0.0706995
0.00227812 3.35107 3.72752 2.97462 1.43049 1.6639 1.19708 4.26658 0.376449 0.233411 0.098459 0.0699199
0.00234259 3.32636 3.70134 2.95139 1.42023 1.65286 1.1876 4.21314 0.374975 0.23263 0.0979292 0.0691468
0.0024089 3.3018 3.6753 2.92831 1.41003 1.64188 1.17818 4.16021 0.373498 0.231852 0.0974067 0.0683804
0.00247708 3.27739 3.6494 2.90537 1.3999 1.63098 1.16882 4.10778 0.372017 0.231078 0.0968913 0.0676204
0.00254719 3.25311 3.62364 2.88257 1.38983 1.62014 1.15953 4.05585 0.370533 0.230307 0.0963829 0.0668669
0.00261928 3.22897 3.59801 2.85993 1.37983 1.60937 1.15029 4.00442 0.369044 0.229539 0.0958816 0.0661199
0.00269341 3.20497 3.57252 2.83742 1.36989 1.59866 1.14111 3.95348 0.367551 0.228775 0.0953871 0.0653792
0.00276965 3.18111 3.54716 2.81506 1.36001 1.58802 1.13199 3.90303 0.366053 0.228014 0.0948994 0.0646449
0.00284804 3.15739 3.52194 2.79284 1.35019 1.57744 1.12293 3.85306 0.36455 0.227256 0.0944184 0.0639169
0.00292864 3.1338 3.49684 2.77076 1.34043 1.56693 1.11393 3.80357 0.363042 0.226501 0.093944 0.0631952
0.00301153 3.11035 3.47188 2.74882 1.33074 1.55649 1.10499 3.75456 0.361529 0.225749 0.0934761 0.0624798
0.00309677 3.08703 3.44704 2.72702 1.3211 1.5461 1.0961 3.70603 0.36001 0.224999 0.0930146 0.0617706
0.00318442 3.06385 3.42234 2.70536 1.31153 1.53578 1.08728 3.65797 0.358486 0.224253 0.0925595 0.0610675
0.00327455 3.0408 3.39775 2.68384 1.30202 1.52553 1.07851 3.61037 0.356955 0.223508 0.0921105 0.0603706
0.00336723 3.01788 3.3733 2.66246 1.29257 1.51533 1.0698 3.56324 0.355418 0.222766 0.0916677 0.0596798
0.00346253 2.9951 3.34897 2.64122 1.28317 1.5052 1.06115 3.51657 0.353874 0.222026 0.0912309 0.0589951
0.00356053 2.97244 3.32476 2.62012 1.27384 1.49513 1.05255 3.47036 0.352323 0.221289 0.0907999 0.0583164
0.00366131 2.94991 3.30068 2.59915 1.26456 1.48512 1.04401 3.42461 0.350765 0.220553 0.0903747 0.0576437
0.00376494 2.92751 3.27671 2.57831 1.25535 1.47517 1.03553 3.3793 0.3492 0.219819 0.0899551 0.0569769
0.0038715 2.90524 3.25287 2.55762 1.24619 1.46527 1.0271 3.33444 0.347627 0.219087 0.0895411 0.0563161
0.00398107 2.8831 3.22914 2.53705 1.23709 1.45544 1.01873 3.29003 0.346046 0.218356 0.0891326 0.0556611
0.00409375 2.86108 3.20554 2.51662 1.22804 1.44567 1.01041 3.24606 0.344457 0.217627 0.0887293 0.0550121
0.00420962 2.83919 3.18205 2.49633 1.21905 1.43595 1.00216 3.20253 0.342859 0.2169 0.0883312 0.0543688
0.00432876 2.81742 3.15867 2.47617 1.21012 1.4263 0.993951 3.15943 0.341252 0.216173 0.0879381 0.0537313
0.00445128 2.79577 3.13541 2.45614 1.20125 1.4167 0.985802 3.11677 0.339637 0.215448 0.08755 0.0530995
0.00457727 2.77425 3.11226 2.43624 1.19243 1.40715 0.977707 3.07454 0.338012 0.214723 0.0871666 0.0524735
0.00470682 2.75285 3.08923 2.41647 1.18367 1.39767 0.969667 3.03273 0.336377 0.213999 0.0867879 0.0518531
0.00484003 2.73157 3.0663 2.39684 1.17496 1.38823 0.961681 2.99134 0.334732 0.213276 0.0864136 0.0512384
0.00497702 2.71041 3.04349 2.37733 1.1663 1.37886 0.95375 2.95038 0.333078 0.212554 0.0860438 0.0506292
0.00511789 2.68937 3.02078 2.35796 1.1577 1.36954 0.945872 2.90983 0.331412 0.211832 0.0856781 0.0500256
0.00526274 2.66844 2.99818 2.33871 1.14916 1.36027 0.938048 2.8697 0.329736 0.21111 0.0853166 0.0494275
0.0054117 2.64764 2.97569 2.31959 1.14066 1.35105 0.930277 2.82998 0.328049 0.210388 0.0849589 0.048835
0.00556486 2.62695 2.9533 2.3006 1.13223 1.34189 0.92256 2.79066 0.326351 0.209666 0.084605 0.0482479
0.00572237 2.60638 2.93102 2.28174 1.12384 1.33278 0.914895 2.75176 0.324641 0.208943 0.0842547 0.0476661
0.00588433 2.58592 2.90884 2.263 1.1155 1.32372 0.907283 2.71325 0.322919 0.20822 0.0839079 0.0470898
0.00605088 2.56557 2.88676 2.24439 1.10722 1.31472 0.899723 2.67514 0.321185 0.207497 0.0835643 0.0465188
0.00622213 2.54534 2.86478 2.2259 1.09899 1.30576 0.892216 2.63744 0.319438 0.206773 0.0832238 0.0459532
0.00639824 2.52522 2.8429 2.20754 1.09081 1.29686 0.88476 2.60012 0.317679 0.206048 0.0828863 0.0453928
0.00657933 2.50521 2.82112 2.18931 1.08268 1.288 0.877356 2.5632 0.315907 0.205322 0.0825515 0.0448376
0.00676555 2.48532 2.79944 2.17119 1.0746 1.27919 0.870004 2.52666 0.314121 0.204595 0.0822194 0.0442876
0.00695704 2.46553 2.77785 2.15321 1.06657 1.27043 0.862703 2.49051 0.312321 0.203866 0.0818896 0.0437428
0.00715394 2.44585 2.75636 2.13534 1.05859 1.26172 0.855453 2.45475 0.310508 0.203136 0.0815621 0.0432032
0.00735642 2.42628 2.73496 2.1176 1.05066 1.25306 0.848254 2.41936 0.30868 0.202404 0.0812366 0.0426686
0.00756463 2.40682 2.71365 2.09998 1.04277 1.24444 0.841105 2.38435 0.306838 0.20167 0.0809129 0.042139
0.00777874 2.38746 2.69244 2.08248 1.03494 1.23587 0.834007 2.34972 0.304982 0.200934 0.0805909 0.0416145
0.0079989 2.36821 2.67132 2.0651 1.02715 1.22735 0.826959 2.31546 0.30311 0.200195 0.0802703 0.041095
0.0082253 2.34906 2.65028 2.04784 1.01942 1.21887 0.819961 2.28156 0.301223 0.199454 0.079951 0.0405804
0.0084581 2.33002 2.62934 2.0307 1.01172 1.21043 0.813013 2.24804 0.29932 0.198711 0.0796328 0.0400707
0.00869749 2.31108 2.60849 2.01368 1.00408 1.20204 0.806114 2.21488 0.297402 0.197964 0.0793153 0.0395659
0.00894366 2.29225 2.58771 1.99678 0.996479 1.19369 0.799264 2.18208 0.295467 0.197214 0.0789985 0.0390659
0.00919679 2.27351 2.56703 1.98 0.988925 1.18539 0.792464 2.14964 0.293517 0.196462 0.0786821 0.0385707
0.00945709 2.25488 2.54643 1.96333 0.981417 1.17712 0.785712 2.11755 0.291549 0.195705 0.0783659 0.0380802
0.00972476 2.23635 2.52591 1.94678 0.973954 1.1689 0.779009 2.08582 0.289565 0.194945 0.0780497 0.0375945
0.01 2.21792 2.50548 1.93035 0.966535 1.16072 0.772354 2.05444 0.287564 0.194181 0.0777332 0.0371135
0.010283 2.19958 2.48513 1.91404 0.95916 1.15257 0.765747 2.02341 0.285545 0.193413 0.0774162 0.0366371
0.0105741 2.18135 2.46486 1.89784 0.951829 1.14447 0.759188 1.99273 0.283509 0.192641 0.0770986 0.0361653
0.0108734 2.16321 2.44466 1.88175 0.944541 1.13641 0.752677 1.96238 0.281455 0.191864 0.07678 0.0356981
0.0111811 2.14517 2.42455 1.86578 0.937296 1.12838 0.746213 1.93238 0.279383 0.191083 0.0764602 0.0352354
0.0114976 2.12722 2.40452 1.84993 0.930094 1.12039 0.739797 1.90272 0.277293 0.190296 0.076139 0.0347772
0.011823 2.10937 2.38456 1.83419 0.922932 1.11244 0.733428 1.8734 0.275185 0.189505 0.0758161 0.0343235
0.0121576 2.09162 2.36467 1.81856 0.915813 1.10452 0.727105 1.84441 0.273058 0.188708 0.0754914 0.0338742
0.0125017 2.07395 2.34487 1.80304 0.908734 1.09664 0.720829 1.81575 0.270912 0.187905 0.0751645 0.0334293
0.0128556 2.05639 2.32513 1.78764 0.901696 1.08879 0.714599 1.78741 0.268748 0.187097 0.0748352 0.0329887
0.0132194 2.03891 2.30547 1.77234 0.894697 1.08098 0.708415 1.75941 0.266565 0.186282 0.0745033 0.0325524
0.0135936 2.02152 2.28589 1.75716 0.887739 1.0732 0.702277 1.73173 0.264362 0.185461 0.0741685 0.0321204
0.0139783 2.00423 2.26637 1.74209 0.880819 1.06545 0.696185 1.70437 0.26214 0.184634 0.0738305 0.0316926
0.0143739 1.98703 2.24693 1.72713 0.873938 1.05774 0.690138 1.67733 0.259899 0.1838 0.0734892 0.031269
0.0147808 1.96992 2.22756 1.71228 0.867095 1.05005 0.684137 1.6506 0.257638 0.182959 0.0731442 0.0308496
0.0151991 1.95289 2.20825 1.69754 0.86029 1.0424 0.67818 1.62419 0.255357 0.18211 0.0727953 0.0304342
0.0156293 1.93596 2.18902 1.6829 0.853522 1.03478 0.672267 1.5981 0.253057 0.181254 0.0724423 0.030023
0.0160717 1.91912 2.16985 1.66838 0.84679 1.02718 0.666399 1.57231 0.250738 0.180391 0.0720848 0.0296157
0.0165265 1.90236 2.15076 1.65396 0.840095 1.01961 0.660576 1.54683 0.248398 0.179519 0.0717227 0.0292125
0.0169943 1.88569 2.13173 1.63965 0.833435 1.01207 0.654796 1.52165 0.246039 0.17864 0.0713557 0.0288132
0.0174753 1.8691 2.11276 1.62544 0.82681 1.00456 0.649059 1.49678 0.24366 0.177751 0.0709834 0.0284179
0.0179699 1.85261 2.09387 1.61135 0.82022 0.997075 0.643366 1.47221 0.241261 0.176854 0.0706058 0.0280264
0.0184785 1.8362 2.07504 1.59735 0.813665 0.989613 0.637716 1.44793 0.238842 0.175948 0.0702224 0.0276388
0.0190015 1.81987 2.05627 1.58347 0.807142 0.982176 0.632109 1.42395 0.236404 0.175033 0.0698332 0.027255
0.0195393 1.80363 2.03757 1.56968 0.800653 0.974761 0.626545 1.40026 0.233946 0.174108 0.0694377 0.0268749
0.0200923 1.78747 2.01894 1.556 0.794196 0.96737 0.621022 1.37687 0.231469 0.173174 0.0690358 0.0264986
0.020661 1.7714 2.00037 1.54243 0.787771 0.960001 0.615542 1.35376 0.228972 0.17223 0.0686273 0.0261259
0.0212458 1.75541 1.98186 1.52895 0.781378 0.952653 0.610103 1.33094 0.226456 0.171275 0.0682119 0.0257569
0.0218471 1.7395 1.96342 1.51558 0.775015 0.945325 0.604705 1.3084 0.223921 0.17031 0.0677893 0.0253915
0.0224655 1.72368 1.94505 1.50231 0.768683 0.938016 0.599349 1.28615 0.221367 0.169334 0.0673593 0.0250297
0.0231013 1.70794 1.92673 1.48914 0.76238 0.930727 0.594033 1.26417 0.218795 0.168347 0.0669218 0.0246714
0.0237551 1.69228 1.90848 1.47608 0.756106 0.923455 0.588758 1.24247 0.216204 0.167349 0.0664764 0.0243166
0.0244275 1.6767 1.8903 1.46311 0.749861 0.9162 0.583522 1.22105 0.213595 0.166339 0.066023 0.0239652
0.0251189 1.66121 1.87218 1.45024 0.743644 0.908961 0.578327 1.19989 0.210968 0.165317 0.0655614 0.0236173
0.0258298 1.64579 1.85412 1.43747 0.737454 0.901737 0.57317 1.17901 0.208324 0.164284 0.0650913 0.0232727
0.0265609 1.63046 1.83612 1.4248 0.731291 0.894528 0.568053 1.1584 0.205663 0.163238 0.0646126 0.0229315
0.0273126 1.61521 1.81819 1.41222 0.725153 0.887332 0.562974 1.13805 0.202984 0.162179 0.0641251 0.0225935
0.0280857 1.60004 1.80033 1.39975 0.719042 0.880149 0.557934 1.11796 0.20029 0.161108 0.0636286 0.0222588
0.0288806 1.58495 1.78253 1.38737 0.712954 0.872978 0.552931 1.09813 0.19758 0.160023 0.063123 0.0219274
0.029698 1.56994 1.76479 1.37508 0.706891 0.865817 0.547966 1.07857 0.194854 0.158926 0.062608 0.0215991
0.0305386 1.55501 1.74712 1.36289 0.700852 0.858666 0.543037 1.05926 0.192113 0.157814 0.0620836 0.0212739
0.0314029 1.54015 1.72951 1.3508 0.694835 0.851524 0.538146 1.0402 0.189359 0.156689 0.0615496 0.0209519
0.0322917 1.52538 1.71197 1.33879 0.68884 0.84439 0.53329 1.02139 0.18659 0.15555 0.0610059 0.0206329
0.0332057 1.51069 1.6945 1.32688 0.682867 0.837264 0.52847 1.00283 0.183808 0.154397 0.0604524 0.020317
0.0341455 1.49608 1.67709 1.31507 0.676914 0.830143 0.523684 0.984523 0.181014 0.153229 0.059889 0.020004
0.0351119 1.48155 1.65976 1.30334 0.670981 0.823027 0.518934 0.966456 0.178208 0.152047 0.0593156 0.019694
0.0361057 1.4671 1.64249 1.29171 0.665067 0.815916 0.514218 0.948632 0.175391 0.150849 0.0587322 0.019387
0.0371276 1.45272 1.62529 1.28016 0.659171 0.808808 0.509535 0.931047 0.172564 0.149637 0.0581386 0.0190828
0.0381784 1.43843 1.60816 1.2687 0.653293 0.801702 0.504885 0.913699 0.169727 0.148409 0.0575349 0.0187814
0.039259 1.42421 1.59109 1.25733 0.647432 0.794598 0.500267 0.896587 0.166881 0.147165 0.056921 0.0184828
0.0403702 1.41008 1.57411 1.24605 0.641587 0.787493 0.495681 0.879706 0.164027 0.145906 0.056297 0.0181871
0.0415128 1.39602 1.55719 1.23485 0.635757 0.780388 0.491126 0.863056 0.161167 0.144631 0.0556628 0.017894
0.0426877 1.38204 1.54034 1.22374 0.629941 0.773281 0.486602 0.846634 0.1583 0.14334 0.0550185 0.0176037
0.0438959 1.36815 1.52357 1.21272 0.624139 0.766172 0.482107 0.830437 0.155429 0.142032 0.0543641 0.017316
0.0451383 1.35433 1.50688 1.20177 0.61835 0.759058 0.477641 0.814463 0.152553 0.140708 0.0536998 0.017031
0.0464159 1.34059 1.49026 1.19091 0.612572 0.75194 0.473204 0.79871 0.149674 0.139368 0.0530255 0.0167485
0.0477296 1.32692 1.47372 1.18013 0.606805 0.744815 0.468794 0.783175 0.146793 0.138011 0.0523415 0.0164687
0.0490805 1.31334 1.45725 1.16943 0.601047 0.737684 0.46441 0.767855 0.143911 0.136637 0.0516478 0.0161913
0.0504697 1.29984 1.44087 1.15881 0.595299 0.730545 0.460053 0.752749 0.14103 0.135246 0.0509446 0.0159165
0.0518981 1.28641 1.42456 1.14826 0.589558 0.723396 0.45572 0.737854 0.138149 0.133838 0.0502321 0.0156441
0.053367 1.27306 1.40833 1.13779 0.583824 0.716237 0.451411 0.723167 0.135271 0.132413 0.0495105 0.0153742
0.0548775 1.25979 1.39219 1.1274 0.578096 0.709067 0.447125 0.708687 0.132397 0.130971 0.04878 0.0151067
0.0564307 1.2466 1.37613 1.11708 0.572373 0.701885 0.442861 0.69441 0.129527 0.129512 0.0480408 0.0148415
0.0580278 1.23349 1.36015 1.10683 0.566653 0.694688 0.438618 0.680335 0.126663 0.128035 0.0472932 0.0145787
0.0596702 1.22045 1.34426 1.09665 0.560936 0.687477 0.434395 0.666458 0.123807 0.126541 0.0465376 0.0143183
0.0613591 1.20749 1.32845 1.08653 0.55522 0.68025 0.43019 0.652778 0.12096 0.12503 0.0457741 0.0140601
0.0630957 1.19461 1.31273 1.07649 0.549505 0.673006 0.426003 0.639292 0.118122 0.123502 0.0450031 0.0138042
0.0648815 1.18181 1.2971 1.06651 0.543788 0.665744 0.421832 0.625997 0.115296 0.121956 0.044225 0.0135505
0.0667179 1.16908 1.28156 1.05659 0.538069 0.658463 0.417676 0.612892 0.112482 0.120393 0.0434402 0.0132991
0.0686062 1.15642 1.2661 1.04674 0.532347 0.651161 0.413533 0.599973 0.109683 0.118814 0.042649 0.0130499
0.070548 1.14384 1.25074 1.03694 0.52662 0.643837 0.409402 0.587239 0.106898 0.117217 0.0418519 0.0128028
0.0725448 1.13133 1.23546 1.0272 0.520886 0.63649 0.405282 0.574686 0.10413 0.115604 0.0410493 0.0125579
0.074598 1.1189 1.22028 1.01752 0.515145 0.629119 0.401171 0.562313 0.101381 0.113974 0.0402417 0.0123151
0.0767094 1.10654 1.20519 1.00789 0.509395 0.621722 0.397067 0.550117 0.0986502 0.112327 0.0394296 0.0120744
0.0788805 1.09425 1.19019 0.998305 0.503634 0.614299 0.392969 0.538096 0.0959406 0.110665 0.0386134 0.0118358
0.0811131 1.08202 1.17528 0.98877 0.497861 0.606847 0.388875 0.526247 0.0932531 0.108986 0.0377936 0.0115993
0.0834088 1.06987 1.16046 0.97928 0.492075 0.599366 0.384783 0.514568 0.090589 0.107292 0.0369708 0.0113649
0.0857696 1.05778 1.14573 0.969833 0.486273 0.591855 0.380691 0.503057 0.0879499 0.105582 0.0361457 0.0111325
0.0881971 1.04576 1.1311 0.960424 0.480455 0.584312 0.376598 0.491711 0.085337 0.103857 0.0353186 0.0109021
0.0906934 1.0338 1.11655 0.951051 0.474618 0.576736 0.372501 0.480527 0.0827515 0.102118 0.0344902 0.0106737
0.0932603 1.02191 1.1021 0.94171 0.468761 0.569125 0.368397 0.469505 0.0801949 0.100364 0.0336611 0.0104474
0.0958999 1.01007 1.08774 0.932399 0.462882 0.561478 0.364286 0.458641 0.0776684 0.0985962 0.0328319 0.0102231
0.0986142 0.998286 1.07346 0.923113 0.456979 0.553794 0.360164 0.447933 0.0751733 0.0968152 0.0320032 0.0100007
0.101405 0.98656 1.05927 0.913849 0.45105 0.546072 0.356029 0.437379 0.0727108 0.0950214 0.0311757 0.00978038
0.104275 0.974885 1.04517 0.904603 0.445094 0.538309 0.351879 0.426977 0.0702822 0.0932153 0.0303499 0.00956201
0.107227 0.963259 1.03115 0.89537 0.439108 0.530505 0.347711 0.416724 0.0678885 0.0913974 0.0295265 0.00934563
0.110262 0.951678 1.01721 0.886147 0.433091 0.522659 0.343522 0.406619 0.0655311 0.0895685 0.0287062 0.00913122
0.113382 0.94014 1.00335 0.876929 0.427039 0.514768 0.33931 0.396659 0.0632109 0.0877292 0.0278896 0.0089188
0.116591 0.92864 0.989569 0.867711 0.420952 0.506832 0.335072 0.386843 0.060929 0.0858801 0.0270773 0.00870837
0.119891 0.917174 0.975861 0.858488 0.414828 0.49885 0.330806 0.377167 0.0586865 0.0840221 0.0262701 0.00849992
0.123285 0.905739 0.962223 0.849255 0.408663 0.490819 0.326507 0.367631 0.0564843 0.0821559 0.0254684 0.00829347
0.126774 0.894329 0.948652 0.840006 0.402456 0.482738 0.322173 0.358233 0.0543234 0.0802823 0.0246731 0.00808903
0.130362 0.88294 0.935144 0.830735 0.396204 0.474607 0.317802 0.34897 0.0522046 0.0784024 0.0238846 0.00788659
0.134052 0.871566 0.921695 0.821437 0.389906 0.466423 0.313389 0.339841 0.0501287 0.0765169 0.0231037 0.00768618
0.137846 0.860202 0.908299 0.812106 0.383559 0.458186 0.308932 0.330844 0.0480965 0.0746268 0.022331 0.00748781
0.141747 0.848842 0.894951 0.802734 0.37716 0.449894 0.304427 0.321977 0.0461088 0.0727331 0.021567 0.0072915
0.145759 0.837481 0.881647 0.793314 0.370708 0.441545 0.299871 0.313239 0.0441661 0.070837 0.0208124 0.00709725
0.149885 0.82611 0.868379 0.783841 0.3642 0.43314 0.295261 0.304627 0.042269 0.0689394 0.0200677 0.00690509
0.154127 0.814724 0.855142 0.774305 0.357634 0.424676 0.290593 0.296142 0.040418 0.0670415 0.0193335 0.00671504
0.158489 0.803314 0.841928 0.7647 0.351008 0.416153 0.285864 0.28778 0.0386137 0.0651445 0.0186103 0.00652712
0.162975 0.791874 0.82873 0.755017 0.344319 0.407569 0.28107 0.279541 0.0368564 0.0632497 0.0178987 0.00634136
0.167588 0.780394 0.815541 0.745248 0.337566 0.398924 0.276208 0.271423 0.0351463 0.0613582 0.0171992 0.00615778
0.172331 0.768867 0.802351 0.735383 0.330746 0.390218 0.271275 0.263426 0.0334839 0.0594714 0.0165121 0.0059764
0.177209 0.757284 0.789153 0.725414 0.323858 0.381449 0.266267 0.255547 0.0318692 0.0575906 0.0158381 0.00579727
0.182224 0.745634 0.775936 0.715332 0.3169 0.372617 0.261182 0.247787 0.0303024 0.0557172 0.0151774 0.00562039
0.187382 0.733908 0.762692 0.705125 0.309869 0.363722 0.256017 0.240143 0.0287835 0.0538526 0.0145306 0.00544582
0.192685 0.722097 0.749409 0.694784 0.302766 0.354764 0.250767 0.232615 0.0273125 0.0519982 0.0138979 0.00527357
0.198139 0.710188 0.736077 0.684299 0.295588 0.345743 0.245432 0.225203 0.0258894 0.0501555 0.0132798 0.00510368
0.203747 0.698171 0.722685 0.673657 0.288334 0.33666 0.240008 0.217904 0.0245139 0.048326 0.0126764 0.00493618
0.209514 0.686035 0.709221 0.662849 0.281005 0.327516 0.234494 0.210719 0.0231859 0.0465112 0.0120882 0.00477112
0.215443 0.673768 0.695673 0.651863 0.2736 0.318313 0.228887 0.203647 0.021905 0.0447127 0.0115153 0.00460851
0.221541 0.661357 0.682028 0.640686 0.266118 0.30905 0.223186 0.196688 0.020671 0.042932 0.010958 0.0044484
0.227812 0.648789 0.668273 0.629306 0.258561 0.299732 0.217391 0.18984 0.0194834 0.0411707 0.0104164 0.00429082
0.234259 0.636052 0.654394 0.61771 0.25093 0.290361 0.2115 0.183104 0.0183418 0.0394304 0.00989075 0.00413579
0.24089 0.623132 0.640377 0.605886 0.243227 0.280939 0.205514 0.176479 0.0172456 0.0377126 0.00938108 0.00398335
0.247708 0.610015 0.626209 0.59382 0.235453 0.271472 0.199434 0.169965 0.0161942 0.036019 0.00888749 0.00383353
0.254719 0.596686 0.611873 0.581499 0.227612 0.261963 0.193261 0.163562 0.0151871 0.0343512 0.00841004 0.00368635
0.261928 0.583129 0.597353 0.568906 0.219708 0.252418 0.186997 0.15727 0.0142234 0.0327107 0.00794871 0.00354182
0.269341 0.569329 0.582632 0.556027 0.211745 0.242844 0.180646 0.151088 0.0133025 0.0310991 0.0075035 0.00339995
0.276965 0.555267 0.56769 0.542843 0.20373 0.233248 0.174212 0.145018 0.0124236 0.0295179 0.00707431 0.00326074
0.284804 0.540917 0.552502 0.529331 0.195669 0.223638 0.1677 0.139059 0.0115857 0.0279688 0.00666103 0.00312414
0.292864 0.526244 0.537032 0.515456 0.18757 0.214023 0.161117 0.133213 0.0107881 0.0264532 0.00626348 0.00299011
0.301153 0.511174 0.521203 0.501144 0.17944 0.204412 0.154467 0.127481 0.0100297 0.0249724 0.00588139 0.00285846
0.309677 0.495406 0.504715 0.486097 0.171277 0.194805 0.147749 0.121866 0.00930927 0.0235281 0.00551419 0.00272872
0.318442 0.481513 0.490558 0.472468 0.165722 0.188712 0.142732 0.119776 0.00904511 0.0229899 0.00537757 0.00267849
0.321833 0.475933 0.484722 0.467144 0.162718 0.18518 0.140255 0.117724 0.00878891 0.0224628 0.00524451 0.00262914
0.325224 0.470374 0.478914 0.461833 0.159745 0.181691 0.137798 0.115707 0.00854038 0.0219464 0.00511488 0.00258064
0.328614 0.464835 0.473135 0.456536 0.156803 0.178244 0.135362 0.113726 0.00829928 0.0214407 0.0049886 0.00253298
0.332005 0.459318 0.467383 0.451252 0.153893 0.174838 0.132947 0.11178 0.00806533 0.0209453 0.00486555 0.00248614
0.335396 0.45382 0.461658 0.445981 0.151013 0.171473 0.130553 0.109867 0.00783831 0.0204601 0.00474564 0.0024401
0.338787 0.448341 0.455959 0.440723 0.148165 0.16815 0.12818 0.107987 0.00761798 0.0199849 0.00462878 0.00239483
0.342178 0.442883 0.450287 0.435479 0.145347 0.164867 0.125828 0.106139 0.00740412 0.0195195 0.00451488 0.00235034
0.345569 0.437443 0.44464 0.430247 0.142561 0.161625 0.123497 0.104321 0.00719651 0.0190637 0.00440385 0.00230658
0.348959 0.432023 0.439018 0.425028 0.139805 0.158423 0.121188 0.102535 0.00699495 0.0186173 0.0042956 0.00226356
0.35235 0.426622 0.433421 0.419823 0.137081 0.155261 0.118901 0.100778 0.00679923 0.01818 0.00419007 0.00222126
0.355741 0.42124 0.427849 0.414631 0.134387 0.152139 0.116636 0.0990502 0.00660917 0.0177519 0.00408716 0.00217965
0.359132 0.415877 0.422301 0.409452 0.131725 0.149057 0.114392 0.0973508 0.00642459 0.0173326 0.00398681 0.00213873
0.362523 0.410533 0.416778 0.404287 0.129093 0.146015 0.112171 0.0956791 0.0062453 0.0169219 0.00388893 0.00209848
0.365914 0.405207 0.411278 0.399136 0.126492 0.143012 0.109973 0.0940344 0.00607114 0.0165198 0.00379347 0.00205888
0.369305 0.399901 0.405803 0.393999 0.123923 0.140049 0.107797 0.0924163 0.00590194 0.0161261 0.00370034 0.00201993
0.372695 0.394614 0.400351 0.388876 0.121384 0.137124 0.105643 0.090824 0.00573754 0.0157405 0.00360949 0.0019816
0.376086 0.389346 0.394923 0.383768 0.118876 0.134239 0.103513 0.089257 0.00557779 0.015363 0.00352085 0.0019439
0.379477 0.384097 0.389519 0.378674 0.116399 0.131392 0.101405 0.0877148 0.00542254 0.0149934 0.00343436 0.0019068
0.382868 0.378868 0.384139 0.373596 0.113952 0.128584 0.0993209 0.0861968 0.00527166 0.0146314 0.00334996 0.00187029
0.386259 0.373658 0.378783 0.368533 0.111537 0.125814 0.0972599 0.0847025 0.005125 0.0142771 0.00326759 0.00183436
0.38965 0.368468 0.37345 0.363486 0.109153 0.123083 0.0952224 0.0832315 0.00498243 0.0139302 0.0031872 0.00179901
0.39304 0.363298 0.368142 0.358454 0.106799 0.120389 0.0932083 0.0817831 0.00484383 0.0135906 0.00310873 0.00176422
0.396431 0.358149 0.362858 0.35344 0.104476 0.117734 0.091218 0.080357 0.00470908 0.0132581 0.00303213 0.00172997
0.399822 0.35302 0.357598 0.348442 0.102184 0.115117 0.0892516 0.0789526 0.00457805 0.0129326 0.00295735 0.00169626
0.403213 0.347912 0.352363 0.343461 0.0999229 0.112537 0.0873089 0.0775696 0.00445064 0.012614 0.00288433 0.00166309
0.406604 0.342825 0.347152 0.338498 0.0976925 0.109995 0.0853903 0.0762075 0.00432672 0.0123021 0.00281304 0.00163043
0.409995 0.33776 0.341966 0.333554 0.0954928 0.10749 0.0834959 0.0748659 0.00420621 0.0119969 0.00274343 0.00159829
0.413385 0.332716 0.336805 0.328627 0.0933237 0.105022 0.0816256 0.0735444 0.00408899 0.0116981 0.00267545 0.00156665
0.416776 0.327695 0.33167 0.32372 0.0911853 0.102591 0.0797796 0.0722426 0.00397496 0.0114057 0.00260906 0.0015355
0.420167 0.322696 0.32656 0.318832 0.0890776 0.100197 0.077958 0.07096 0.00386404 0.0111195 0.00254421 0.00150483
0.423558 0.317721 0.321477 0.313965 0.0870004 0.0978399 0.0761609 0.0696965 0.00375612 0.0108395 0.00248088 0.00147465
0.426949 0.312768 0.31642 0.309117 0.0849537 0.0955191 0.0743883 0.0684515 0.00365112 0.0105654 0.00241901 0.00144493
0.43034 0.30784 0.311389 0.304291 0.0829374 0.0932347 0.0726402 0.0672247 0.00354896 0.0102972 0.00235857 0.00141567
0.43373 0.302936 0.306385 0.299486 0.0809516 0.0909865 0.0709168 0.0660158 0.00344954 0.0100348 0.00229953 0.00138687
0.437121 0.298056 0.301409 0.294704 0.0789961 0.0887742 0.069218 0.0648246 0.0033528 0.0097781 0.00224185 0.00135851
0.440512 0.293202 0.296461 0.289943 0.0770708 0.0865977 0.0675439 0.0636505 0.00325864 0.00952691 0.00218549 0.0013306
0.443903 0.288373 0.29154 0.285206 0.0751756 0.0844568 0.0658945 0.0624934 0.00316701 0.00928116 0.00213042 0.00130312
0.447294 0.283571 0.286648 0.280493 0.0733105 0.0823513 0.0642697 0.061353 0.00307782 0.00904076 0.00207661 0.00127606
0.450685 0.278795 0.281786 0.275804 0.0714754 0.080281 0.0626698 0.0602289 0.00299101 0.00880559 0.00202403 0.00124943
0.454075 0.274046 0.276952 0.271139 0.0696702 0.0782458 0.0610946 0.0591209 0.0029065 0.00857557 0.00197265 0.0012232
0.457466 0.269325 0.272149 0.2665 0.0678947 0.0762453 0.0595442 0.0580287 0.00282424 0.00835058 0.00192244 0.00119739
0.460857 0.264632 0.267376 0.261887 0.066149 0.0742795 0.0580184 0.0569521 0.00274416 0.00813053 0.00187336 0.00117198
0.464248 0.259967 0.262633 0.257301 0.0644327 0.072348 0.0565173 0.0558907 0.00266619 0.00791534 0.0018254 0.00114697
0.467639 0.255332 0.257922 0.252742 0.0627459 0.0704508 0.055041 0.0548444 0.00259028 0.0077049 0.00177853 0.00112234
0.47103 0.250727 0.253243 0.24821 0.0610883 0.0685874 0.0535892 0.0538129 0.00251638 0.00749912 0.00173271 0.0010981
0.47442 0.246152 0.248596 0.243707 0.0594599 0.0667578 0.052162 0.0527959 0.00244442 0.00729792 0.00168793 0.00107425
0.477811 0.241608 0.243982 0.239233 0.0578605 0.0649617 0.0507593 0.0517933 0.00237435 0.0071012 0.00164416 0.00105076
0.481202 0.237095 0.239401 0.234789 0.05629 0.0631988 0.0493811 0.0508048 0.00230612 0.00690889 0.00160137 0.00102765
0.484593 0.232614 0.234854 0.230374 0.0547481 0.061469 0.0480272 0.0498302 0.00223969 0.00672089 0.00155955 0.0010049
0.487984 0.228166 0.230341 0.225991 0.0532347 0.0597719 0.0466976 0.0488693 0.00217499 0.00653712 0.00151867 0.000982518
0.491375 0.223751 0.225863 0.221639 0.0517498 0.0581073 0.0453923 0.0479219 0.00211199 0.00635751 0.00147871 0.000960488
0.494765 0.219369 0.22142 0.217319 0.050293 0.056475 0.044111 0.0469878 0.00205064 0.00618197 0.00143965 0.000938811
0.498156 0.215022 0.217013 0.213031 0.0488642 0.0548746 0.0428538 0.0460668 0.0019909 0.00601042 0.00140147 0.00091748
0.501547 0.21071 0.212642 0.208777 0.0474633 0.053306 0.0416205 0.0451588 0.00193271 0.00584278 0.00136415 0.000896493
0.504938 0.206433 0.208309 0.204557 0.0460899 0.0517689 0.0404109 0.0442635 0.00187605 0.00567899 0.00132766 0.000875846
0.508329 0.202192 0.204013 0.200371 0.044744 0.050263 0.039225 0.0433808 0.00182086 0.00551897 0.001292 0.000855533
0.51172 0.197987 0.199754 0.19622 0.0434253 0.0487879 0.0380626 0.0425105 0.00176712 0.00536264 0.00125714 0.000835551
0.51511 0.19382 0.195535 0.192105 0.0421336 0.0473435 0.0369237 0.0416524 0.00171478 0.00520993 0.00122307 0.000815897
0.518501 0.18969 0.191354 0.188027 0.0408687 0.0459294 0.0358079 0.0408065 0.00166381 0.00506077 0.00118976 0.000796567
0.521892 0.185599 0.187213 0.183985 0.0396303 0.0445454 0.0347152 0.0399725 0.00161417 0.0049151 0.00115721 0.000777557
0.525283 0.181546 0.183112 0.17998 0.0384182 0.0431911 0.0336454 0.0391503 0.00156582 0.00477284 0.00112539 0.000758862
0.528674 0.177533 0.179052 0.176014 0.0372323 0.0418662 0.0325983 0.0383397 0.00151874 0.00463394 0.00109429 0.000740481
0.532065 0.17356 0.175032 0.172087 0.0360722 0.0405705 0.0315738 0.0375406 0.00147289 0.00449831 0.00106389 0.000722409
0.535455 0.169627 0.171055 0.168198 0.0349377 0.0393036 0.0305717 0.036753 0.00142825 0.00436591 0.00103418 0.000704644
0.538846 0.165735 0.167119 0.16435 0.0338285 0.0380652 0.0295918 0.0359765 0.00138477 0.00423667 0.00100515 0.000687181
0.542237 0.161884 0.163226 0.160542 0.0327444 0.0368549 0.0286339 0.0352112 0.00134243 0.00411052 0.000976783 0.000670017
0.545628 0.158075 0.159377 0.156774 0.0316852 0.0356726 0.0276978 0.0344569 0.0013012 0.00398741 0.00094906 0.00065315
0.549019 0.154309 0.15557 0.153048 0.0306505 0.0345178 0.0267832 0.0337134 0.00126105 0.00386728 0.000921971 0.000636575
0.55241 0.150586 0.151808 0.149364 0.0296401 0.0333902 0.02589 0.0329807 0.00122196 0.00375006 0.000895503 0.000620291
0.5558 0.146907 0.148091 0.145723 0.0286537 0.0322894 0.025018 0.0322586 0.0011839 0.0036357 0.000869643 0.000604294
0.559191 0.143271 0.144418 0.142124 0.0276911 0.0312152 0.0241669 0.0315471 0.00114685 0.00352415 0.000844379 0.000588581
0.562582 0.13968 0.140791 0.138569 0.0267519 0.0301672 0.0233365 0.030846 0.00111077 0.00341535 0.000819699 0.000573149
0.565973 0.136134 0.13721 0.135058 0.0258358 0.029145 0.0225266 0.0301552 0.00107565 0.00330924 0.000795591 0.000557995
0.569364 0.132633 0.133674 0.131592 0.0249426 0.0281484 0.0217369 0.0294746 0.00104146 0.00320577 0.000772044 0.000543117
0.572755 0.129178 0.130186 0.12817 0.024072 0.0271769 0.0209671 0.0288041 0.00100819 0.00310489 0.000749046 0.00052851
0.576146 0.125769 0.126745 0.124793 0.0232237 0.0262302 0.0202171 0.0281436 0.000975794 0.00300654 0.000726588 0.000514174
0.579536 0.122407 0.123351 0.121462 0.0223973 0.025308 0.0194866 0.0274931 0.000944268 0.00291069 0.000704657 0.000500105
0.582927 0.119091 0.120005 0.118178 0.0215926 0.0244098 0.0187753 0.0268524 0.000913587 0.00281727 0.000683244 0.000486299
0.586318 0.115824 0.116707 0.11494 0.0208092 0.0235354 0.018083 0.0262214 0.000883731 0.00272623 0.000662339 0.000472755
0.589709 0.112603 0.113458 0.111749 0.0200469 0.0226844 0.0174093 0.0256001 0.000854679 0.00263754 0.000641932 0.00045947
0.5931 0.109431 0.110258 0.108605 0.0193052 0.0218564 0.0167541 0.0249884 0.000826413 0.00255114 0.000622013 0.000446441
0.596491 0.106307 0.107106 0.105508 0.018584 0.021051 0.0161171 0.0243861 0.000798913 0.00246699 0.000602573 0.000433666
0.599881 0.103232 0.104004 0.10246 0.0178829 0.020268 0.0154979 0.0237932 0.000772162 0.00238503 0.000583602 0.000421141
0.603272 0.100206 0.100952 0.0994599 0.0172016 0.0195068 0.0148963 0.0232097 0.000746141 0.00230523 0.000565092 0.000408865
0.606663 0.0972291 0.0979499 0.0965083 0.0165397 0.0187672 0.0143121 0.0226354 0.000720834 0.00222755 0.000547034 0.000396834
0.610054 0.0943016 0.0949979 0.0936054 0.0158969 0.0180488 0.0137449 0.0220703 0.000696223 0.00215193 0.000529419 0.000385046
0.613445 0.0914239 0.0920962 0.0907516 0.0152729 0.0173512 0.0131945 0.0215142 0.000672292 0.00207834 0.000512238 0.000373499
0.616836 0.088596 0.089245 0.087947 0.0146673 0.0166741 0.0126606 0.0209672 0.000649026 0.00200673 0.000495484 0.00036219
0.620226 0.0858182 0.0864446 0.0851918 0.0140799 0.016017 0.0121429 0.0204291 0.000626408 0.00193707 0.000479148 0.000351116
0.623617 0.0830907 0.0836951 0.0824862 0.0135104 0.0153797 0.0116411 0.0198999 0.000604423 0.00186931 0.000463223 0.000340275
0.627008 0.0804135 0.0809965 0.0798304 0.0129583 0.0147617 0.0111549 0.0193795 0.000583057 0.00180341 0.0004477 0.000329664
0.630399 0.0777867 0.078349 0.0772244 0.0124233 0.0141627 0.010684 0.0188678 0.000562294 0.00173934 0.000432572 0.000319281
0.63379 0.0752106 0.0757528 0.0746685 0.0119052 0.0135822 0.0102281 0.0183648 0.000542122 0.00167705 0.000417832 0.000309124
0.637181 0.0726852 0.0732078 0.0721627 0.0114035 0.0130201 0.00978704 0.0178704 0.000522526 0.00161651 0.000403472 0.00029919
0.640571 0.0702105 0.070714 0.069707 0.0109181 0.0124758 0.0093604 0.0173845 0.000503492 0.00155768 0.000389485 0.000289475
0.643962 0.0677864 0.0682715 0.0673014 0.0104484 0.011949 0.00894791 0.016907 0.000485008 0.00150052 0.000375864 0.000279979
0.647353 0.0654131 0.0658802 0.0649461 0.0099943 0.0114393 0.00854929 0.016438 0.000467061 0.00144501 0.000362602 0.000270698
0.650744 0.0630905 0.0635401 0.0626408 0.00955534 0.0109464 0.00816424 0.0159773 0.000449638 0.0013911 0.000349692 0.000261629
0.654135 0.0608185 0.0612512 0.0603857 0.00913123 0.01047 0.00779248 0.0155248 0.000432727 0.00133875 0.000337127 0.000252771
0.657526 0.0585971 0.0590134 0.0581808 0.00872165 0.0100096 0.0074337 0.0150806 0.000416317 0.00128794 0.000324902 0.000244121
0.660916 0.0564261 0.0568265 0.0560257 0.00832626 0.0095649 0.00708763 0.0146445 0.000400395 0.00123864 0.000313009 0.000235676
0.664307 0.0543055 0.0546904 0.0539205 0.00794476 0.00913556 0.00675396 0.0142165 0.00038495 0.0011908 0.000301442 0.000227434
0.667698 0.052235 0.052605 0.051865 0.00757681 0.0087212 0.00643241 0.0137965 0.000369971 0.0011444 0.000290195 0.000219392
0.671089 0.0502146 0.05057 0.0498592 0.00722209 0.00832149 0.00612269 0.0133844 0.000355447 0.0010994 0.000279262 0.000211548
0.67448 0.0482439 0.0485853 0.0479025 0.0068803 0.00793607 0.00582453 0.0129803 0.000341367 0.00105577 0.000268637 0.000203899
0.677871 0.0463228 0.0466505 0.0459951 0.00655111 0.0075646 0.00553762 0.012584 0.000327722 0.00101349 0.000258313 0.000196443
0.681261 0.0444511 0.0447656 0.0441366 0.00623421 0.00720672 0.00526169 0.0121954 0.0003145 0.000972515 0.000248285 0.000189177
0.684652 0.0426283 0.04293 0.0423266 0.00592929 0.00686211 0.00499646 0.0118145 0.000301692 0.000932825 0.000238547 0.000182099
0.688043 0.0408543 0.0411436 0.040565 0.00563604 0.00653043 0.00474165 0.0114413 0.000289288 0.000894388 0.000229093 0.000175206
0.691434 0.0391286 0.0394059 0.0388513 0.00535416 0.00621133 0.00449698 0.0110757 0.000277278 0.000857175 0.000219919 0.000168496
0.694825 0.0374509 0.0377166 0.0371853 0.00508334 0.0059045 0.00426219 0.0107176 0.000265654 0.000821158 0.000211017 0.000161965
0.698216 0.035821 0.0360754 0.0355665 0.0048233 0.0056096 0.00403699 0.0103669 0.000254405 0.000786308 0.000202383 0.000155613
0.701606 0.0342382 0.0344817 0.0339946 0.00457372 0.00532632 0.00382112 0.0100237 0.000243523 0.000752598 0.000194011 0.000149435
0.704997 0.0327021 0.0329351 0.0324691 0.00433432 0.00505432 0.00361431 0.00968773 0.000232999 0.000720002 0.000185897 0.000143429
0.708388 0.0312125 0.0314353 0.0309897 0.0041048 0.0047933 0.00341631 0.00935906 0.000222825 0.000688493 0.000178034 0.000137594
0.711779 0.0297687 0.0299817 0.0295557 0.00388489 0.00454293 0.00322684 0.00903761 0.000212992 0.000658045 0.000170418 0.000131925
0.71517 0.0283703 0.0285738 0.0281668 0.00367429 0.00430293 0.00304566 0.00872329 0.000203491 0.000628632 0.000163044 0.000126422
0.718561 0.0270167 0.027211 0.0268224 0.00347274 0.00407297 0.00287251 0.00841605 0.000194315 0.00060023 0.000155906 0.00012108
0.721951 0.0257073 0.0258928 0.0255219 0.00327996 0.00385277 0.00270714 0.00811582 0.000185455 0.000572812 0.000148999 0.000115898
0.725342 0.0244417 0.0246186 0.0242648 0.00309566 0.00364202 0.00254931 0.00782255 0.000176904 0.000546356 0.000142319 0.000110873
0.728733 0.0232191 0.0233878 0.0230505 0.0029196 0.00344044 0.00239876 0.00753615 0.000168654 0.000520836 0.000135861 0.000106003
0.732124 0.0220391 0.0221998 0.0218784 0.0027515 0.00324773 0.00225527 0.00725658 0.000160697 0.00049623 0.000129619 0.000101284
0.735515 0.0209009 0.0210539 0.0207478 0.00259111 0.00306363 0.0021186 0.00698375 0.000153026 0.000472514 0.00012359 9.67141e-05
0.738906 0.0198039 0.0199495 0.0196582 0.00243818 0.00288784 0.00198851 0.00671761 0.000145634 0.000449666 0.000117769 9.2291e-05
0.742296 0.0187474 0.0188859 0.0186089 0.00229244 0.0027201 0.00186478 0.00645809 0.000138514 0.000427663 0.00011215 8.8012e-05
0.745687 0.0177307 0.0178624 0.0175991 0.00215367 0.00256015 0.00174718 0.00620511 0.000131658 0.000406483 0.00010673 8.38743e-05
0.749078 0.0167532 0.0168783 0.0166282 0.00202161 0.00240771 0.0016355 0.00595862 0.00012506 0.000386104 0.000101503 7.98755e-05
0.752469 0.0158141 0.0159328 0.0156954 0.00189603 0.00226253 0.00152952 0.00571854 0.000118713 0.000366505 9.6466e-05 7.60128e-05
0.75586 0.0149126 0.0150252 0.0148 0.0017767 0.00212436 0.00142903 0.0054848 0.00011261 0.000347666 9.16137e-05 7.22838e-05
0.759251 0.014048 0.0141548 0.0139413 0.00166339 0.00199295 0.00133382 0.00525733 0.000106745 0.000329565 8.6942e-05 6.86857e-05
0.762641 0.0132196 0.0133207 0.0131184 0.00155587 0.00186806 0.00124369 0.00503606 0.000101111 0.000312183 8.24465e-05 6.5216e-05
0.766032 0.0124264 0.0125221 0.0123307 0.00145394 0.00174944 0.00115844 0.00482092 9.57024e-05 0.0002955 7.8123e-05 6.18721e-05
0.769423 0.0116679 0.0117584 0.0115774 0.00135738 0.00163687 0.00107788 0.00461184 9.05126e-05 0.000279495 7.39672e-05 5.86513e-05
0.772814 0.010943 0.0110286 0.0108575 0.00126597 0.00153012 0.00100182 0.00440874 8.55356e-05 0.00026415 6.9975e-05 5.55512e-05
0.776205 0.0102511 0.0103319 0.0101704 0.00117952 0.00142897 0.000930074 0.00421155 8.07654e-05 0.000249446 6.61423e-05 5.2569e-05
0.779596 0.00959133 0.00966753 0.00951513 0.00109782 0.00133319 0.000862459 0.0040202 7.61961e-05 0.000235365 6.2465e-05 4.97023e-05
0.782986 0.00896279 0.00903461 0.00889097 0.00102069 0.00124258 0.000798802 0.0038346 7.1822e-05 0.000221888 5.8939e-05 4.69484e-05
0.786377 0.00836468 0.00843232 0.00829704 0.000947927 0.00115692 0.000738929 0.00365469 6.76375e-05 0.000208997 5.55604e-05 4.43047e-05
0.789768 0.00779614 0.00785977 0.0077325 0.00087935 0.00107603 0.000682675 0.00348038 6.36369e-05 0.000196675 5.23253e-05 4.17687e-05
0.793159 0.00725633 0.00731615 0.00719652 0.000814782 0.000999687 0.000629877 0.0033116 5.98147e-05 0.000184905 4.92297e-05 3.93379e-05
0.79655 0.0067444 0.00680057 0.00668824 0.000754045 0.000927714 0.000580375 0.00314828 5.61657e-05 0.000173669 4.62698e-05 3.70096e-05
0.799941 0.00625949 0.00631217 0.00620681 0.000696969 0.00085992 0.000534018 0.00299032 5.26844e-05 0.000162951 4.34418e-05 3.47813e-05
0.803332 0.00580073 0.0058501 0.00575137 0.000643389 0.000796124 0.000490655 0.00283766 4.93657e-05 0.000152735 4.0742e-05 3.26505e-05
0.806722 0.00536729 0.00541349 0.00532108 0.000593145 0.000736149 0.000450141 0.00269021 4.62046e-05 0.000143004 3.81666e-05 3.06146e-05
0.810113 0.00495829 0.00500148 0.00491509 0.000546078 0.000679821 0.000412335 0.00254789 4.31959e-05 0.000133743 3.57121e-05 2.86712e-05
0.813504 0.00457288 0.00461322 0.00453255 0.000502039 0.000626975 0.000377102 0.00241062 4.03348e-05 0.000124936 3.33746e-05 2.68177e-05
0.816895 0.00421021 0.00424783 0.0041726 0.000460879 0.000577448 0.000344311 0.00227832 3.76164e-05 0.000116569 3.11508e-05 2.50516e-05
0.820286 0.00386944 0.00390448 0.00383441 0.000422458 0.000531083 0.000313832 0.0021509 3.50359e-05 0.000108626 2.9037e-05 2.33706e-05
0.823677 0.00354972 0.00358231 0.00351713 0.000386636 0.000487727 0.000285544 0.00202828 3.25887e-05 0.000101092 2.70298e-05 2.1772e-05
0.827067 0.00325022 0.00328049 0.00321995 0.00035328 0.000447234 0.000259327 0.00191037 3.02701e-05 9.39536e-05 2.51257e-05 2.02535e-05
0.830458 0.00297011 0.00299818 0.00294203 0.000322263 0.00040946 0.000235067 0.00179709 2.80758e-05 8.71965e-05 2.33214e-05 1.88126e-05
0.833849 0.00270856 0.00273457 0.00268256 0.000293459 0.000374266 0.000212652 0.00168835 2.60012e-05 8.0807e-05 2.16135e-05 1.74469e-05
0.83724 0.00246479 0.00248883 0.00244074 0.000266748 0.000341519 0.000191976 0.00158407 2.4042e-05 7.47715e-05 1.99987e-05 1.61541e-05
0.840631 0.00223797 0.00226016 0.00221577 0.000242014 0.000311091 0.000172937 0.00148416 2.21939e-05 6.90768e-05 1.84738e-05 1.49317e-05
0.844022 0.00202733 0.00204778 0.00200688 0.000219146 0.000282856 0.000155436 0.00138852 2.04528e-05 6.37099e-05 1.70355e-05 1.37775e-05
0.847412 0.00183209 0.00185091 0.00181328 0.000198037 0.000256695 0.000139379 0.00129708 1.88146e-05 5.86581e-05 1.56807e-05 1.2689e-05
0.850803 0.0016515 0.00166877 0.00163422 0.000178584 0.000232493 0.000124675 0.00120974 1.72752e-05 5.3909e-05 1.44063e-05 1.16639e-05
0.854194 0.0014848 0.00150063 0.00146896 0.000160687 0.000210137 0.000111236 0.00112642 1.58306e-05 4.94504e-05 1.32092e-05 1.07e-05
0.857585 0.00133126 0.00134573 0.00131678 0.000144251 0.000189521 9.89804e-05 0.00104701 1.44771e-05 4.52703e-05 1.20864e-05 9.79509e-06
0.860976 0.00119017 0.00120338 0.00117696 0.000129185 0.000170542 8.78277e-05 0.000971434 1.32108e-05 4.13572e-05 1.10349e-05 8.9468e-06
0.864367 0.00106083 0.00107286 0.0010488 0.000115402 0.000153101 7.7702e-05 0.000899596 1.20279e-05 3.76995e-05 1.00518e-05 8.15297e-06
0.867757 0.000942562 0.000953487 0.000931638 0.000102817 0.000137104 6.85312e-05 0.000831405 1.0925e-05 3.42863e-05 9.13433e-06 7.41142e-06
0.871148 0.000834701 0.000844599 0.000824803 9.13525e-05 0.000122459 6.0246e-05 0.000766768 9.89828e-06 3.11064e-05 8.27954e-06 6.71999e-06
0.874539 0.000736603 0.000745547 0.000727658 8.09305e-05 0.00010908 5.27811e-05 0.000705591 8.9444e-06 2.81494e-05 7.48472e-06 6.07656e-06
0.87793 0.000647643 0.000655703 0.000639583 7.14787e-05 9.68834e-05 4.6074e-05 0.000647781 8.05993e-06 2.54047e-05 6.74713e-06 5.47903e-06
0.881321 0.000567218 0.00057446 0.000559977 6.29278e-05 8.57901e-05 4.00656e-05 0.000593243 7.24152e-06 2.28623e-05 6.06412e-06 4.92532e-06
0.884712 0.000494744 0.00050123 0.000488258 5.52121e-05 7.57243e-05 3.47e-05 0.000541884 6.48591e-06 2.05121e-05 5.43307e-06 4.41342e-06
0.888102 0.000429658 0.000435448 0.000423868 4.8269e-05 6.66136e-05 2.99243e-05 0.000493607 5.78993e-06 1.83446e-05 4.85142e-06 3.94131e-06
0.891493 0.000371417 0.000376568 0.000366267 4.2039e-05 5.83893e-05 2.56887e-05 0.000448319 5.15046e-06 1.63503e-05 4.31665e-06 3.50703e-06
0.894884 0.000319502 0.000324066 0.000314937 3.64659e-05 5.09859e-05 2.1946e-05 0.000405922 4.56448e-06 1.45199e-05 3.82632e-06 3.10865e-06
0.898275 0.000273414 0.000277443 0.000269385 3.14967e-05 4.43413e-05 1.8652e-05 0.000366323 4.02902e-06 1.28447e-05 3.37803e-06 2.74428e-06
0.901666 0.000232677 0.000236218 0.000229135 2.7081e-05 3.83967e-05 1.57653e-05 0.000329423 3.54121e-06 1.13157e-05 2.96942e-06 2.41204e-06
0.905057 0.000196835 0.000199933 0.000193737 2.31716e-05 3.30962e-05 1.3247e-05 0.000295127 3.09825e-06 9.92459e-06 2.5982e-06 2.11013e-06
0.908447 0.000165458 0.000168156 0.000162761 1.97239e-05 2.8387e-05 1.10608e-05 0.000263338 2.69741e-06 8.66311e-06 2.26215e-06 1.83676e-06
0.911838 0.000138136 0.000140472 0.000135799 1.6696e-05 2.42192e-05 9.17273e-06 0.00023396 2.33604e-06 7.52324e-06 1.95908e-06 1.59019e-06
0.915229 0.00011448 0.000116492 0.000112469 1.40487e-05 2.05459e-05 7.55148e-06 0.000206895 2.01156e-06 6.49722e-06 1.68687e-06 1.36873e-06
0.91862 9.41267e-05 9.58482e-05 9.24052e-05 1.17453e-05 1.73228e-05 6.1678e-06 0.000182047 1.72149e-06 5.57751e-06 1.44347e-06 1.1707e-06
0.922011 7.67318e-05 7.81952e-05 7.52684e-05 9.75156e-06 1.45084e-05 4.99474e-06 0.000159319 1.46339e-06 4.75683e-06 1.22686e-06 9.94502e-07
0.925402 6.19742e-05 6.32091e-05 6.07392e-05 8.03554e-06 1.20636e-05 4.00744e-06 0.000138615 1.23494e-06 4.0281e-06 1.03512e-06 8.38564e-07
0.928792 4.95541e-05 5.05879e-05 4.85202e-05 6.56757e-06 9.95208e-06 3.18306e-06 0.000119836 1.03386e-06 3.38451e-06 8.66345e-07 7.0136e-07
0.932183 3.9193e-05 4.0051e-05 3.8335e-05 5.32019e-06 8.13965e-06 2.50074e-06 0.000102887 8.57974e-07 2.81946e-06 7.18731e-07 5.81413e-07
0.935574 3.06334e-05 3.13386e-05 2.99283e-05 4.26803e-06 6.59462e-06 1.94144e-06 8.7671e-05 7.05177e-07 2.32659e-06 5.90517e-07 4.77295e-07
0.938965 2.36383e-05 2.42118e-05 2.30649e-05 3.3877e-06 5.28749e-06 1.48791e-06 7.40923e-05 5.73445e-07 1.89979e-06 4.80008e-07 3.87624e-07
0.942356 1.79907e-05 1.84515e-05 1.75299e-05 2.65776e-06 4.19093e-06 1.12458e-06 6.2055e-05 4.60833e-07 1.53318e-06 3.85576e-07 3.11072e-07
0.945747 1.34931e-05 1.38586e-05 1.31276e-05 2.05857e-06 3.27967e-06 8.37475e-07 5.14639e-05 3.65478e-07 1.2211e-06 3.05657e-07 2.46358e-07
0.949137 9.9671e-06 1.02527e-05 9.6815e-06 1.5723e-06 2.53045e-06 6.14143e-07 4.22245e-05 2.856e-07 9.58153e-07 2.38755e-07 1.92259e-07
0.952528 7.25247e-06 7.47197e-06 7.03297e-06 1.18273e-06 1.9219e-06 4.43557e-07 3.4243e-05 2.19502e-07 7.39173e-07 1.83442e-07 1.47603e-07
0.955919 5.20687e-06 5.37244e-06 5.0413e-06 8.75274e-07 1.43451e-06 3.16039e-07 2.74267e-05 1.65572e-07 5.59235e-07 1.38357e-07 1.11274e-07
0.95931 3.70494e-06 3.82723e-06 3.58266e-06 6.36845e-07 1.05051e-06 2.23181e-07 2.16841e-05 1.22281e-07 4.13664e-07 1.02212e-07 8.22142e-08
0.962701 2.63777e-06 2.72596e-06 2.54958e-06 4.55796e-07 7.53824e-07 1.57767e-07 1.69256e-05 8.81896e-08 2.98029e-07 7.379e-08 5.94232e-08
0.966092 1.91217e-06 1.97412e-06 1.85023e-06 3.21852e-07 5.30006e-07 1.13699e-07 1.30642e-05 6.19444e-08 2.08153e-07 5.19482e-08 4.19617e-08
0.969482 1.45024e-06 1.49252e-06 1.40796e-06 2.26056e-07 3.66173e-07 8.59396e-08 1.00164e-05 4.22827e-08 1.40117e-07 3.56183e-08 2.89517e-08
0.972873 1.18908e-06 1.21711e-06 1.16105e-06 1.60727e-07 2.50988e-07 7.04665e-08 7.70459e-06 2.8033e-08 9.02607e-08 2.38096e-08 1.95792e-08
0.976264 1.08135e-06 1.09946e-06 1.06323e-06 1.19476e-07 1.7467e-07 6.4282e-08 6.06184e-06 1.81167e-08 5.51942e-08 1.56094e-08 1.30947e-08
0.979655 1.09773e-06 1.10928e-06 1.08618e-06 9.73447e-08 1.29148e-07 6.55418e-08 5.04196e-06 1.15495e-08 3.18029e-08 1.01849e-08 8.81442e-09
0.983046 1.23589e-06 1.24333e-06 1.22845e-06 9.13311e-08 1.08588e-07 7.40746e-08 4.64841e-06 7.43998e-09 1.72565e-08 6.78104e-09 6.11835e-09
0.986437 1.55655e-06 1.56153e-06 1.55157e-06 1.02558e-07 1.11574e-07 9.35426e-08 5.03661e-06 4.98013e-09 9.01585e-09 4.71027e-09 4.43848e-09
0.989827 2.42774e-06 2.43112e-06 2.42436e-06 1.50979e-07 1.55799e-07 1.4616e-07 7.099e-06 3.38167e-09 4.81983e-09 3.2859e-09 3.1893e-09
0.993218 1.18213e-05 1.18217e-05 1.1821e-05 7.15733e-07 7.18804e-07 7.12663e-07 4.18376e-05 3.61529e-10 3.07046e-09 1.81646e-10 0
4.01075e-314 inf inf inf inf inf inf 0.000266039 14.6723 0.562358 0.365698 0.219286
