9.72476e-05 41.6956 42.9358 40.4555 26.0418 26.9819 25.1016 38.5006 1.24014 0.940132 0.590624 0.580908
0.0001 41.4052 42.6381 40.1723 25.8577 26.7919 24.9235 38.1217 1.23287 0.934183 0.585794 0.575974
0.00010283 41.1184 42.3441 39.8928 25.676 26.6043 24.7478 37.746 1.22564 0.928272 0.581 0.571074
0.000105741 40.8409 42.0593 39.6224 25.5002 26.4226 24.5778 37.3733 1.21845 0.922398 0.576242 0.56621
0.000108734 40.5496 41.7609 39.3383 25.3157 26.2323 24.3991 37.0037 1.2113 0.91656 0.571519 0.561379
0.000111811 40.2601 41.4643 39.0559 25.1323 26.0431 24.2215 36.6371 1.2042 0.91076 0.566832 0.556583
0.000114976 39.9722 41.1694 38.7751 24.9499 25.8549 24.0449 36.2736 1.19713 0.904996 0.562179 0.55182
0.00011823 39.6861 40.8762 38.4959 24.7687 25.6679 23.8694 35.9131 1.19011 0.899269 0.557561 0.547092
0.000121576 39.4015 40.5846 38.2184 24.5885 25.482 23.6949 35.5556 1.18312 0.893577 0.552979 0.542397
0.000125017 39.1186 40.2948 37.9425 24.4093 25.2972 23.5214 35.2011 1.17618 0.887921 0.54843 0.537736
0.000128556 38.8374 40.0067 37.6681 24.2312 25.1135 23.3489 34.8495 1.16927 0.882301 0.543916 0.533107
0.000132194 38.5578 39.7202 37.3954 24.0542 24.9309 23.1774 34.5008 1.16241 0.876716 0.539437 0.528513
0.000135936 38.2798 39.4354 37.1242 23.8782 24.7493 23.007 34.155 1.15558 0.871167 0.534991 0.52395
0.000139783 38.0035 39.1522 36.8547 23.7032 24.5688 22.8375 33.8121 1.14879 0.865652 0.530578 0.51942
0.000143739 37.7287 38.8708 36.5867 23.5293 24.3894 22.6691 33.472 1.14204 0.860172 0.5262 0.514923
0.000147808 37.4555 38.5909 36.3202 23.3563 24.2111 22.5016 33.1348 1.13533 0.854727 0.521854 0.510457
0.000151991 37.184 38.3127 36.0553 23.1845 24.0338 22.3351 32.8005 1.12866 0.849316 0.517542 0.506024
0.000156293 36.914 38.0361 35.792 23.0136 23.8575 22.1697 32.4689 1.12202 0.843939 0.513263 0.501623
0.000160717 36.6457 37.7611 35.5302 22.8437 23.6823 22.0051 32.1401 1.11542 0.838596 0.509016 0.497253
0.000165265 36.3788 37.4877 35.27 22.6749 23.5082 21.8416 31.8141 1.10886 0.833286 0.504802 0.492914
0.000169943 36.1136 37.2159 35.0112 22.5071 23.3351 21.6791 31.4908 1.10234 0.828011 0.500621 0.488607
0.000174753 35.8499 36.9457 34.754 22.3402 23.163 21.5175 31.1702 1.09585 0.822768 0.496472 0.484331
0.000179699 35.5877 36.6771 34.4983 22.1744 22.9919 21.3568 30.8524 1.0894 0.817558 0.492355 0.480085
0.000184785 35.3271 36.4101 34.2442 22.0095 22.8219 21.1972 30.5372 1.08298 0.812382 0.48827 0.475871
0.000190015 35.0681 36.1447 33.9914 21.8457 22.6529 21.0384 30.2247 1.07661 0.807237 0.484216 0.471686
0.000195393 34.8105 35.8808 33.7403 21.6828 22.4849 20.8806 29.9149 1.07026 0.802126 0.480194 0.467532
0.000200923 34.5545 35.6184 33.4905 21.5209 22.3179 20.7238 29.6076 1.06396 0.797046 0.476203 0.463408
0.00020661 34.3 35.3577 33.2423 21.3599 22.1519 20.5679 29.303 1.05768 0.791999 0.472243 0.459314
0.000212458 34.0469 35.0984 32.9955 21.1999 21.9869 20.4129 29.001 1.05145 0.786983 0.468314 0.455249
0.000218471 33.7955 34.8407 32.7502 21.0409 21.8229 20.2589 28.7015 1.04524 0.781999 0.464417 0.451214
0.000224655 33.5454 34.5845 32.5064 20.8828 21.6599 20.1058 28.4046 1.03908 0.777047 0.46055 0.447208
0.000231013 33.2969 34.3298 32.2639 20.7257 21.4978 19.9536 28.1102 1.03294 0.772125 0.456712 0.443232
0.000237551 33.0498 34.0767 32.023 20.5696 21.3368 19.8023 27.8184 1.02684 0.767235 0.452906 0.439284
0.000244275 32.8042 33.825 31.7834 20.4143 21.1767 19.6519 27.529 1.02078 0.762376 0.449129 0.435365
0.000251189 32.5601 33.5748 31.5454 20.26 21.0176 19.5025 27.2421 1.01475 0.757547 0.445383 0.431475
0.000258298 32.3174 33.3262 31.3087 20.1067 20.8594 19.3539 26.9577 1.00875 0.752748 0.441666 0.427613
0.000265609 32.0762 33.079 31.0734 19.9542 20.7022 19.2063 26.6757 1.00278 0.74798 0.437978 0.423779
0.000273126 31.8364 32.8332 30.8395 19.8027 20.546 19.0595 26.3962 0.996848 0.743242 0.43432 0.419974
0.000280857 31.598 32.589 30.6071 19.6521 20.3907 18.9136 26.1191 0.990947 0.738533 0.430692 0.416196
0.000288806 31.3611 32.3462 30.376 19.5025 20.2363 18.7686 25.8443 0.985079 0.733855 0.427092 0.412446
0.00029698 31.1255 32.1048 30.1463 19.3537 20.0829 18.6245 25.572 0.979242 0.729205 0.423521 0.408724
0.000305386 30.8915 31.8649 29.918 19.2058 19.9304 18.4813 25.3019 0.973438 0.724585 0.41998 0.405029
0.000314029 30.6587 31.6264 29.6911 19.0589 19.7789 18.3389 25.0343 0.967665 0.719994 0.416466 0.401361
0.000322917 30.4274 31.3894 29.4655 18.9128 19.6282 18.1974 24.7689 0.961923 0.715432 0.412981 0.39772
0.000332057 30.1975 31.1537 29.2413 18.7676 19.4785 18.0567 24.5059 0.956212 0.710898 0.409524 0.394105
0.000341455 29.969 30.9195 29.0184 18.6233 19.3297 17.9169 24.2451 0.950532 0.706393 0.406095 0.390518
0.000351119 29.7418 30.6867 28.7969 18.4799 19.1818 17.778 23.9866 0.944882 0.701917 0.402694 0.386957
0.000361057 29.516 30.4553 28.5768 18.3374 19.0348 17.6399 23.7304 0.939263 0.697468 0.399321 0.383423
0.000371276 29.2916 30.2253 28.3579 18.1957 18.8888 17.5027 23.4764 0.933674 0.693047 0.395975 0.379914
0.000381784 29.0685 29.9966 28.1404 18.0549 18.7436 17.3663 23.2246 0.928115 0.688654 0.392657 0.376432
0.00039259 28.8468 29.7694 27.9242 17.915 18.5993 17.2307 22.975 0.922585 0.684289 0.389366 0.372975
0.000403702 28.6264 29.5435 27.7093 17.7759 18.4559 17.096 22.7277 0.917084 0.67995 0.386102 0.369544
0.000415128 28.4074 29.319 27.4958 17.6377 18.3133 16.9621 22.4825 0.911613 0.675639 0.382865 0.366139
0.000426877 28.1897 29.0958 27.2835 17.5003 18.1717 16.829 22.2394 0.90617 0.671355 0.379655 0.362759
0.000438959 27.9733 28.874 27.0725 17.3638 18.0309 16.6967 21.9985 0.900756 0.667098 0.376472 0.359404
0.000451383 27.7582 28.6536 26.8628 17.2281 17.891 16.5653 21.7597 0.89537 0.662867 0.373315 0.356074
0.000464159 27.5444 28.4344 26.6544 17.0933 17.752 16.4346 21.5231 0.890012 0.658663 0.370184 0.352769
0.000477296 27.332 28.2166 26.4473 16.9593 17.6138 16.3048 21.2885 0.884682 0.654485 0.367079 0.349489
0.000490805 27.1208 28.0002 26.2414 16.8261 17.4765 16.1758 21.056 0.87938 0.650333 0.364 0.346232
0.000504697 26.9109 27.785 26.0368 16.6938 17.34 16.0476 20.8256 0.874105 0.646207 0.360948 0.343001
0.000518981 26.7023 27.5712 25.8334 16.5622 17.2044 15.9201 20.5972 0.868856 0.642107 0.357921 0.339794
0.00053367 26.495 27.3586 25.6313 16.4315 17.0696 15.7935 20.3709 0.863635 0.638032 0.354919 0.336611
0.000548775 26.2889 27.1474 25.4305 16.3016 16.9356 15.6677 20.1466 0.85844 0.633982 0.351943 0.333451
0.000564307 26.0841 26.9374 25.2309 16.1725 16.8025 15.5426 19.9242 0.853272 0.629957 0.348992 0.330316
0.000580278 25.8806 26.7287 25.0325 16.0443 16.6702 15.4183 19.7039 0.848129 0.625958 0.346066 0.327204
0.000596702 25.6783 26.5213 24.8353 15.9168 16.5387 15.2948 19.4855 0.843013 0.621983 0.343165 0.324116
0.000613591 25.4773 26.3152 24.6394 15.7901 16.4081 15.172 19.2691 0.837922 0.618033 0.340288 0.32105
0.000630957 25.2775 26.1103 24.4446 15.6642 16.2783 15.0501 19.0547 0.832856 0.614107 0.337437 0.318008
0.000648815 25.0789 25.9067 24.2511 15.5391 16.1493 14.9288 18.8421 0.827815 0.610205 0.334609 0.314989
0.000667179 24.8816 25.7044 24.0588 15.4147 16.021 14.8084 18.6315 0.822799 0.606328 0.331806 0.311993
0.000686062 24.6854 25.5032 23.8676 15.2912 15.8936 14.6887 18.4228 0.817808 0.602474 0.329027 0.30902
0.00070548 24.4905 25.3034 23.6777 15.1684 15.767 14.5697 18.216 0.812841 0.598644 0.326273 0.306069
0.000725448 24.2968 25.1047 23.4889 15.0464 15.6412 14.4515 18.0111 0.807897 0.594837 0.323542 0.30314
0.00074598 24.1043 24.9073 23.3013 14.9251 15.5162 14.3341 17.808 0.802978 0.591054 0.320834 0.300234
0.000767094 23.913 24.7111 23.1149 14.8046 15.3919 14.2174 17.6067 0.798082 0.587294 0.318151 0.29735
0.000788805 23.7229 24.5161 22.9297 14.6849 15.2685 14.1014 17.4073 0.793209 0.583557 0.31549 0.294487
0.000811131 23.5339 24.3223 22.7456 14.566 15.1458 13.9861 17.2097 0.788359 0.579842 0.312853 0.291647
0.000834088 23.3462 24.1297 22.5626 14.4477 15.0239 13.8716 17.0139 0.783532 0.576151 0.310239 0.288828
0.000857696 23.1596 23.9383 22.3808 14.3303 14.9027 13.7578 16.8199 0.778728 0.572482 0.307648 0.286031
0.000881971 22.9741 23.7481 22.2002 14.2135 14.7824 13.6447 16.6277 0.773945 0.568835 0.30508 0.283255
0.000906934 22.7898 23.559 22.0206 14.0975 14.6627 13.5323 16.4372 0.769185 0.56521 0.302534 0.280501
0.000932603 22.6067 23.3712 21.8423 13.9823 14.5439 13.4207 16.2485 0.764446 0.561607 0.300011 0.277767
0.000958999 22.4247 23.1845 21.665 13.8677 14.4258 13.3097 16.0615 0.759729 0.558025 0.29751 0.275054
0.000986142 22.2439 22.9989 21.4889 13.754 14.3084 13.1995 15.8762 0.755033 0.554466 0.295031 0.272363
0.00101405 22.0642 22.8145 21.3138 13.6409 14.1918 13.0899 15.6927 0.750357 0.550927 0.292575 0.269692
0.00104275 21.8856 22.6313 21.1399 13.5285 14.0759 12.9811 15.5108 0.745702 0.54741 0.29014 0.267041
0.00107227 21.7081 22.4492 20.9671 13.4169 13.9608 12.873 15.3307 0.741068 0.543914 0.287727 0.264411
0.00110262 21.5318 22.2682 20.7953 13.3059 13.8464 12.7655 15.1522 0.736453 0.540438 0.285335 0.261801
0.00113382 21.3565 22.0884 20.6247 13.1957 13.7327 12.6587 14.9753 0.731859 0.536984 0.282965 0.259212
0.00116591 21.1824 21.9097 20.4551 13.0862 13.6197 12.5526 14.8001 0.727284 0.53355 0.280617 0.256642
0.00119891 21.0094 21.7321 20.2866 12.9773 13.5075 12.4472 14.6266 0.722728 0.530136 0.278289 0.254092
0.00123285 20.8374 21.5556 20.1192 12.8692 13.3959 12.3425 14.4547 0.718191 0.526742 0.275982 0.251562
0.00126774 20.6666 21.3802 19.9529 12.7618 13.2851 12.2384 14.2843 0.713673 0.523368 0.273697 0.249052
0.00130362 20.4968 21.2059 19.7876 12.655 13.175 12.135 14.1156 0.709173 0.520014 0.271432 0.246561
0.00134052 20.3281 21.0328 19.6234 12.5489 13.0656 12.0322 13.9484 0.704692 0.51668 0.269187 0.244089
0.00137846 20.1604 20.8607 19.4602 12.4435 12.9569 11.9302 13.7828 0.700228 0.513365 0.266963 0.241636
0.00141747 19.9938 20.6896 19.2981 12.3388 12.8489 11.8287 13.6188 0.695782 0.510069 0.264759 0.239203
0.00145759 19.8283 20.5197 19.137 12.2348 12.7416 11.728 13.4564 0.691353 0.506793 0.262575 0.236788
0.00149885 19.6639 20.3508 18.9769 12.1314 12.6349 11.6279 13.2954 0.686941 0.503535 0.26041 0.234393
0.00154127 19.5004 20.183 18.8179 12.0287 12.529 11.5284 13.136 0.682546 0.500296 0.258266 0.232016
0.00158489 19.3381 20.0162 18.6599 11.9266 12.4237 11.4295 12.9781 0.678168 0.497075 0.256141 0.229657
0.00162975 19.1767 19.8505 18.5029 11.8252 12.3191 11.3314 12.8217 0.673805 0.493873 0.254036 0.227317
0.00167588 19.0164 19.6859 18.3469 11.7245 12.2152 11.2338 12.6668 0.669459 0.49069 0.25195 0.224995
0.00172331 18.8571 19.5222 18.192 11.6244 12.1119 11.1369 12.5133 0.665128 0.487524 0.249883 0.222692
0.00177209 18.6988 19.3596 18.038 11.5249 12.0093 11.0406 12.3614 0.660813 0.484376 0.247835 0.220406
0.00182224 18.5416 19.1981 17.885 11.4261 11.9074 10.9449 12.2109 0.656512 0.481245 0.245806 0.218138
0.00187382 18.3853 19.0375 17.7331 11.3279 11.8061 10.8498 12.0618 0.652226 0.478132 0.243795 0.215889
0.00192685 18.23 18.878 17.5821 11.2304 11.7054 10.7554 11.9141 0.647955 0.475036 0.241803 0.213656
0.00198139 18.0758 18.7195 17.4321 11.1335 11.6054 10.6615 11.7679 0.643698 0.471958 0.239829 0.211442
0.00203747 17.9225 18.562 17.283 11.0372 11.5061 10.5683 11.6231 0.639455 0.468896 0.237873 0.209244
0.00209514 17.7702 18.4054 17.135 10.9415 11.4074 10.4757 11.4797 0.635225 0.465851 0.235935 0.207064
0.00215443 17.6189 18.2499 16.9879 10.8465 11.3093 10.3837 11.3377 0.631009 0.462823 0.234015 0.204902
0.00221541 17.4686 18.0954 16.8417 10.7521 11.2119 10.2923 11.197 0.626805 0.459811 0.232113 0.202756
0.00227812 17.3192 17.9418 16.6966 10.6583 11.1151 10.2014 11.0577 0.622615 0.456816 0.230228 0.200627
0.00234259 17.1708 17.7892 16.5523 10.5651 11.0189 10.1112 10.9198 0.618436 0.453836 0.22836 0.198515
0.0024089 17.0233 17.6376 16.4091 10.4724 10.9233 10.0216 10.7832 0.61427 0.450872 0.226509 0.19642
0.00247708 16.8768 17.4869 16.2667 10.3804 10.8284 9.93252 10.648 0.610115 0.447924 0.224676 0.194341
0.00254719 16.7313 17.3372 16.1253 10.289 10.734 9.84405 10.514 0.605972 0.444991 0.222859 0.192279
0.00261928 16.5867 17.1885 15.9848 10.1982 10.6403 9.75615 10.3814 0.601841 0.442074 0.221059 0.190233
0.00269341 16.443 17.0407 15.8453 10.108 10.5472 9.66882 10.2501 0.59772 0.439172 0.219275 0.188203
0.00276965 16.3002 16.8938 15.7066 10.0184 10.4546 9.58207 10.1201 0.593609 0.436284 0.217507 0.18619
0.00284804 16.1584 16.7479 15.5689 9.92929 10.3627 9.49588 9.99136 0.589509 0.433412 0.215755 0.184192
0.00292864 16.0175 16.6029 15.4321 9.84081 10.2714 9.41026 9.86389 0.585419 0.430553 0.214019 0.18221
0.00301153 15.8775 16.4588 15.2962 9.75291 10.1806 9.3252 9.73769 0.581338 0.42771 0.212299 0.180244
0.00309677 15.7384 16.3157 15.1612 9.66557 10.0905 9.24069 9.61274 0.577267 0.42488 0.210595 0.178294
0.00318442 15.6002 16.1735 15.027 9.57881 10.0009 9.15674 9.48903 0.573205 0.422065 0.208905 0.176359
0.00327455 15.463 16.0321 14.8938 9.4926 9.91186 9.07334 9.36655 0.569152 0.419263 0.207231 0.174439
0.00336723 15.3266 15.8917 14.7615 9.40695 9.82343 8.99048 9.2453 0.565107 0.416475 0.205571 0.172535
0.00346253 15.1911 15.7521 14.63 9.32186 9.73556 8.90816 9.12525 0.56107 0.4137 0.203927 0.170646
0.00356053 15.0565 15.6135 14.4994 9.23732 9.64826 8.82638 9.00642 0.557041 0.410939 0.202297 0.168772
0.00366131 14.9227 15.4757 14.3697 9.15333 9.56152 8.74514 8.88877 0.553019 0.40819 0.200681 0.166913
0.00376494 14.7898 15.3388 14.2408 9.06989 9.47534 8.66444 8.77231 0.549005 0.405454 0.199079 0.165069
0.0038715 14.6578 15.2028 14.1128 8.98699 9.38972 8.58425 8.65703 0.544997 0.402731 0.197491 0.16324
0.00398107 14.5267 15.0677 13.9857 8.90462 9.30464 8.5046 8.5429 0.540996 0.400021 0.195917 0.161425
0.00409375 14.3964 14.9334 13.8594 8.82279 9.22011 8.42547 8.42994 0.537001 0.397323 0.194356 0.159625
0.00420962 14.267 14.8 13.734 8.74149 9.13613 8.34685 8.31812 0.533013 0.394637 0.192809 0.157839
0.00432876 14.1384 14.6674 13.6094 8.66071 9.05268 8.26875 8.20743 0.529029 0.391962 0.191274 0.156068
0.00445128 14.0106 14.5357 13.4856 8.58046 8.96976 8.19116 8.09788 0.525052 0.3893 0.189753 0.15431
0.00457727 13.8837 14.4048 13.3626 8.50073 8.88738 8.11408 7.98944 0.521079 0.386648 0.188244 0.152567
0.00470682 13.7576 14.2747 13.2405 8.42151 8.80552 8.03751 7.88212 0.517111 0.384009 0.186747 0.150838
0.00484003 13.6324 14.1455 13.1192 8.34281 8.72419 7.96143 7.77589 0.513147 0.38138 0.185263 0.149122
0.00497702 13.5079 14.0171 12.9988 8.26461 8.64337 7.88585 7.67076 0.509187 0.378762 0.183791 0.14742
0.00511789 13.3843 13.8895 12.8791 8.18692 8.56308 7.81077 7.56671 0.505232 0.376154 0.18233 0.145732
0.00526274 13.2615 13.7628 12.7602 8.10973 8.48329 7.73617 7.46373 0.501279 0.373558 0.180881 0.144058
0.0054117 13.1395 13.6368 12.6422 8.03304 8.40401 7.66207 7.36182 0.49733 0.370971 0.179443 0.142397
0.00556486 13.0183 13.5117 12.5249 7.95684 8.32523 7.58845 7.26096 0.493384 0.368395 0.178016 0.140749
0.00572237 12.8979 13.3873 12.4084 7.88113 8.24696 7.5153 7.16116 0.48944 0.365828 0.1766 0.139115
0.00588433 12.7782 13.2637 12.2927 7.8059 8.16918 7.44263 7.06239 0.485499 0.363271 0.175194 0.137493
0.00605088 12.6594 13.141 12.1778 7.73116 8.09189 7.37044 6.96466 0.48156 0.360724 0.173799 0.135885
0.00622213 12.5413 13.019 12.0637 7.6569 8.01509 7.29872 6.86794 0.477622 0.358185 0.172414 0.13429
0.00639824 12.4241 12.8977 11.9504 7.58311 7.93877 7.22746 6.77225 0.473686 0.355656 0.171039 0.132707
0.00657933 12.3075 12.7773 11.8378 7.5098 7.86293 7.15666 6.67756 0.469751 0.353136 0.169673 0.131137
0.00676555 12.1918 12.6576 11.726 7.43695 7.78757 7.08633 6.58386 0.465817 0.350624 0.168316 0.12958
0.00695704 12.0768 12.5387 11.6149 7.36457 7.71269 7.01645 6.49115 0.461884 0.34812 0.166969 0.128035
0.00715394 11.9626 12.4205 11.5046 7.29264 7.63827 6.94702 6.39943 0.457951 0.345625 0.16563 0.126503
0.00735642 11.8491 12.3031 11.395 7.22117 7.56431 6.87804 6.30868 0.454018 0.343138 0.1643 0.124983
0.00756463 11.7363 12.1864 11.2862 7.15016 7.49082 6.8095 6.2189 0.450085 0.340658 0.162978 0.123475
0.00777874 11.6243 12.0705 11.1782 7.0796 7.41778 6.74141 6.13007 0.446151 0.338186 0.161664 0.121979
0.0079989 11.513 11.9552 11.0708 7.00947 7.3452 6.67375 6.04219 0.442217 0.335722 0.160358 0.120496
0.0082253 11.4025 11.8408 10.9642 6.9398 7.27306 6.60653 5.95525 0.438282 0.333264 0.159059 0.119024
0.0084581 11.2927 11.727 10.8583 6.87056 7.20137 6.53974 5.86924 0.434345 0.330814 0.157767 0.117564
0.00869749 11.1836 11.614 10.7532 6.80175 7.13012 6.47338 5.78416 0.430408 0.32837 0.156483 0.116116
0.00894366 11.0752 11.5016 10.6487 6.73337 7.05931 6.40744 5.7 0.426468 0.325932 0.155205 0.11468
0.00919679 10.9675 11.39 10.545 6.66543 6.98893 6.34192 5.61675 0.422527 0.323501 0.153933 0.113255
0.00945709 10.8605 11.2791 10.4419 6.5979 6.91897 6.27682 5.5344 0.418584 0.321076 0.152667 0.111841
0.00972476 10.7542 11.1689 10.3396 6.53079 6.84945 6.21214 5.45295 0.414638 0.318656 0.151407 0.110439
0.01 10.6487 11.0594 10.238 6.4641 6.78034 6.14786 5.37238 0.41069 0.316242 0.150153 0.109048
0.010283 10.5438 10.9505 10.137 6.39782 6.71165 6.08398 5.29269 0.40674 0.313834 0.148904 0.107668
0.0105741 10.4396 10.8424 10.0368 6.33194 6.64337 6.02051 5.21388 0.402786 0.31143 0.147659 0.1063
0.0108734 10.336 10.7349 9.93721 6.26647 6.57551 5.95744 5.13592 0.39883 0.309032 0.14642 0.104942
0.0111811 10.2332 10.6281 9.83831 6.2014 6.50804 5.89476 5.05883 0.39487 0.306638 0.145184 0.103595
0.0114976 10.131 10.5219 9.74009 6.13673 6.44098 5.83248 4.98258 0.390908 0.304249 0.143953 0.102259
0.011823 10.0295 10.4164 9.64254 6.07245 6.37431 5.77058 4.90718 0.386941 0.301864 0.142726 0.100934
0.0121576 9.92861 10.3116 9.54564 6.00855 6.30804 5.70907 4.83262 0.382972 0.299483 0.141502 0.0996196
0.0125017 9.82841 10.2074 9.44941 5.94504 6.24215 5.64794 4.75888 0.378999 0.297105 0.140281 0.0983155
0.0128556 9.72885 10.1039 9.35383 5.88192 6.17665 5.58719 4.68596 0.375021 0.294731 0.139063 0.0970219
0.0132194 9.62993 10.001 9.25889 5.81916 6.11153 5.5268 4.61386 0.371041 0.292361 0.137848 0.0957387
0.0135936 9.53166 9.89871 9.1646 5.75679 6.04678 5.46679 4.54256 0.367056 0.289994 0.136634 0.0944657
0.0139783 9.43401 9.79708 9.07095 5.69478 5.9824 5.40715 4.47207 0.363067 0.287629 0.135423 0.093203
0.0143739 9.337 9.69608 8.97793 5.63313 5.9184 5.34786 4.40237 0.359074 0.285267 0.134214 0.0919503
0.0147808 9.24062 9.59569 8.88554 5.57185 5.85476 5.28894 4.33345 0.355078 0.282908 0.133006 0.0907077
0.0151991 9.14485 9.49593 8.79377 5.51092 5.79147 5.23037 4.26531 0.351077 0.280551 0.1318 0.089475
0.0156293 9.04969 9.39677 8.70262 5.45035 5.72854 5.17215 4.19794 0.347072 0.278196 0.130594 0.0882522
0.0160717 8.95515 9.29821 8.61209 5.39012 5.66597 5.11428 4.13134 0.343064 0.275842 0.129389 0.0870392
0.0165265 8.86121 9.20026 8.52216 5.33024 5.60373 5.05675 4.06549 0.339051 0.27349 0.128184 0.0858358
0.0169943 8.76787 9.1029 8.43283 5.2707 5.54184 4.99957 4.0004 0.335035 0.27114 0.126979 0.0846421
0.0174753 8.67512 9.00614 8.34411 5.2115 5.48029 4.94271 3.93606 0.331014 0.26879 0.125774 0.0834579
0.0179699 8.58296 8.90995 8.25597 5.15264 5.41908 4.8862 3.87245 0.32699 0.266441 0.124568 0.0822832
0.0184785 8.49139 8.81436 8.16843 5.0941 5.35819 4.83001 3.80957 0.322963 0.264093 0.123362 0.0811179
0.0190015 8.4004 8.71933 8.08147 5.03589 5.29763 4.77414 3.74741 0.318931 0.261746 0.122155 0.0799619
0.0195393 8.30998 8.62488 7.99508 4.978 5.23739 4.7186 3.68598 0.314897 0.259398 0.120946 0.0788152
0.0200923 8.22013 8.53099 7.90927 4.92042 5.17747 4.66337 3.62526 0.31086 0.257051 0.119736 0.0776776
0.020661 8.13084 8.43766 7.82402 4.86316 5.11787 4.60846 3.56524 0.306819 0.254703 0.118525 0.076549
0.0212458 8.04212 8.34489 7.73934 4.80621 5.05857 4.55386 3.50592 0.302776 0.252355 0.117311 0.0754295
0.0218471 7.95394 8.25267 7.65521 4.74957 4.99957 4.49956 3.44729 0.298731 0.250006 0.116095 0.074319
0.0224655 7.86632 8.161 7.57163 4.69322 4.94088 4.44557 3.38935 0.294684 0.247657 0.114877 0.0732173
0.0231013 7.77924 8.06987 7.4886 4.63718 4.88248 4.39187 3.33209 0.290634 0.245306 0.113656 0.0721244
0.0237551 7.69269 7.97928 7.40611 4.58143 4.82438 4.33847 3.2755 0.286583 0.242954 0.112433 0.0710403
0.0244275 7.60669 7.88922 7.32415 4.52596 4.76656 4.28536 3.21958 0.282531 0.240601 0.111206 0.0699648
0.0251189 7.52121 7.79969 7.24273 4.47078 4.70903 4.23254 3.16431 0.278478 0.238246 0.109977 0.068898
0.0258298 7.43625 7.71067 7.16182 4.41589 4.65178 4.18 3.10971 0.274425 0.235889 0.108744 0.0678397
0.0265609 7.35181 7.62218 7.08144 4.36127 4.5948 4.12774 3.05574 0.270372 0.23353 0.107507 0.0667898
0.0273126 7.26788 7.5342 7.00156 4.30692 4.53809 4.07575 3.00243 0.26632 0.231169 0.106267 0.0657484
0.0280857 7.18446 7.44673 6.9222 4.25284 4.48165 4.02404 2.94974 0.262268 0.228805 0.105023 0.0647154
0.0288806 7.10155 7.35977 6.84333 4.19903 4.42547 3.97259 2.89769 0.258218 0.226439 0.103776 0.0636906
0.029698 7.01913 7.2733 6.76496 4.14548 4.36955 3.92141 2.84626 0.25417 0.22407 0.102524 0.0626741
0.0305386 6.9372 7.18732 6.68708 4.09219 4.31388 3.87049 2.79545 0.250124 0.221698 0.101269 0.0616657
0.0314029 6.85576 7.10184 6.60968 4.03915 4.25847 3.81983 2.74524 0.246082 0.219323 0.100009 0.0606655
0.0322917 6.7748 7.01684 6.53276 3.98636 4.2033 3.76941 2.69564 0.242043 0.216944 0.098745 0.0596734
0.0332057 6.69431 6.93232 6.45631 3.93381 4.14838 3.71925 2.64665 0.238009 0.214563 0.0974769 0.0586892
0.0341455 6.6143 6.84828 6.38032 3.88151 4.09369 3.66933 2.59824 0.23398 0.212177 0.0962045 0.057713
0.0351119 6.53475 6.76471 6.30479 3.82945 4.03923 3.61966 2.55042 0.229957 0.209788 0.0949279 0.0567448
0.0361057 6.45566 6.6816 6.22972 3.77762 3.98501 3.57022 2.50319 0.225941 0.207396 0.0936471 0.0557844
0.0371276 6.37702 6.59895 6.15509 3.72601 3.93101 3.52102 2.45653 0.221931 0.204999 0.0923621 0.0548319
0.0381784 6.29883 6.51676 6.0809 3.67464 3.87724 3.47204 2.41044 0.21793 0.202598 0.0910729 0.0538871
0.039259 6.22109 6.43503 6.00715 3.62349 3.82368 3.4233 2.36491 0.213938 0.200193 0.0897796 0.05295
0.0403702 6.14378 6.35374 5.93383 3.57256 3.77034 3.37477 2.31994 0.209956 0.197784 0.0884822 0.0520207
0.0415128 6.06691 6.27289 5.86092 3.52184 3.71721 3.32647 2.27552 0.205984 0.19537 0.0871809 0.051099
0.0426877 5.99045 6.19248 5.78843 3.47133 3.66428 3.27838 2.23165 0.202024 0.192952 0.0858758 0.0501849
0.0438959 5.91442 6.1125 5.71635 3.42103 3.61156 3.2305 2.18832 0.198077 0.19053 0.0845671 0.0492784
0.0451383 5.83881 6.03295 5.64466 3.37094 3.55905 3.18284 2.14553 0.194143 0.188103 0.0832548 0.0483794
0.0464159 5.7636 5.95382 5.57338 3.32105 3.50672 3.13538 2.10326 0.190223 0.185671 0.0819392 0.0474879
0.0477296 5.68879 5.87511 5.50247 3.27136 3.45459 3.08812 2.06152 0.186319 0.183235 0.0806204 0.0466039
0.0490805 5.61439 5.79682 5.43195 3.22186 3.40265 3.04106 2.0203 0.182431 0.180794 0.0792988 0.0457274
0.0504697 5.54037 5.71893 5.36181 3.17255 3.3509 2.9942 1.9796 0.178561 0.178348 0.0779744 0.0448583
0.0518981 5.46674 5.64144 5.29203 3.12343 3.29933 2.94753 1.9394 0.174709 0.175898 0.0766477 0.0439965
0.053367 5.39348 5.56436 5.2226 3.0745 3.24794 2.90105 1.8997 0.170877 0.173443 0.0753188 0.0431422
0.0548775 5.3206 5.48766 5.15353 3.02574 3.19673 2.85476 1.8605 0.167065 0.170983 0.073988 0.0422952
0.0564307 5.24808 5.41136 5.08481 2.97717 3.14569 2.80865 1.82179 0.163276 0.168519 0.0726558 0.0414555
0.0580278 5.17593 5.33544 5.01642 2.92877 3.09482 2.76272 1.78357 0.159509 0.16605 0.0713223 0.0406232
0.0596702 5.10413 5.25989 4.94836 2.88055 3.04413 2.71698 1.74583 0.155766 0.163577 0.0699881 0.0397981
0.0613591 5.03267 5.18472 4.88062 2.8325 2.9936 2.6714 1.70857 0.152049 0.1611 0.0686534 0.0389804
0.0630957 4.96156 5.10991 4.8132 2.78462 2.94324 2.626 1.67178 0.148357 0.158618 0.0673187 0.0381699
0.0648815 4.89078 5.03547 4.74608 2.73691 2.89304 2.58078 1.63546 0.144694 0.156132 0.0659843 0.0373667
0.0667179 4.82032 4.96138 4.67926 2.68936 2.843 2.53571 1.59959 0.141059 0.153643 0.0646507 0.0365708
0.0686062 4.75019 4.88764 4.61274 2.64197 2.79312 2.49082 1.56419 0.137454 0.151149 0.0633184 0.0357822
0.070548 4.68037 4.81425 4.54649 2.59475 2.7434 2.4461 1.52924 0.13388 0.148652 0.0619878 0.0350008
0.0725448 4.61086 4.7412 4.48052 2.54768 2.69384 2.40153 1.49473 0.130339 0.146152 0.0606594 0.0342267
0.074598 4.54165 4.66848 4.41482 2.50078 2.64443 2.35713 1.46067 0.12683 0.143649 0.0593337 0.0334599
0.0767094 4.47273 4.59609 4.34938 2.45403 2.59518 2.31289 1.42704 0.123357 0.141143 0.0580111 0.0327004
0.0788805 4.4041 4.52402 4.28418 2.40744 2.54608 2.26881 1.39385 0.119919 0.138634 0.0566924 0.0319482
0.0811131 4.33575 4.45227 4.21923 2.36101 2.49713 2.22489 1.36109 0.116518 0.136123 0.0553778 0.0312033
0.0834088 4.26767 4.38083 4.15452 2.31473 2.44834 2.18112 1.32875 0.113156 0.13361 0.0540681 0.0304657
0.0857696 4.19986 4.30969 4.09002 2.26861 2.3997 2.13751 1.29683 0.109832 0.131095 0.0527637 0.0297355
0.0881971 4.1323 4.23885 4.02575 2.22264 2.35122 2.09406 1.26533 0.106549 0.12858 0.0514652 0.0290127
0.0906934 4.06499 4.1683 3.96169 2.17683 2.3029 2.05077 1.23425 0.103308 0.126063 0.0501733 0.0282973
0.0932603 3.99793 4.09804 3.89782 2.13118 2.25473 2.00764 1.20357 0.100109 0.123547 0.0488883 0.0275893
0.0958999 3.9311 4.02805 3.83415 2.08569 2.20672 1.96466 1.17329 0.0969531 0.12103 0.0476111 0.0268888
0.0986142 3.8645 3.95834 3.77066 2.04036 2.15887 1.92185 1.14342 0.0938423 0.118514 0.0463421 0.0261958
0.101405 3.79812 3.8889 3.70735 1.99519 2.11119 1.87919 1.11395 0.0907773 0.116 0.0450819 0.0255104
0.104275 3.73196 3.81971 3.6442 1.95019 2.06367 1.8367 1.08487 0.0877588 0.113487 0.0438312 0.0248326
0.107227 3.666 3.75079 3.58121 1.90535 2.01633 1.79438 1.05618 0.084788 0.110976 0.0425904 0.0241624
0.110262 3.60023 3.6821 3.51837 1.86069 1.96916 1.75222 1.02789 0.0818657 0.108469 0.0413603 0.0234999
0.113382 3.53466 3.61366 3.45567 1.8162 1.92216 1.71023 0.999973 0.0789928 0.105965 0.0401414 0.0228452
0.116591 3.46928 3.54545 3.39311 1.77189 1.87535 1.66842 0.972442 0.0761701 0.103465 0.0389343 0.0221983
0.119891 3.40407 3.47747 3.33067 1.72776 1.82873 1.62679 0.945292 0.0733985 0.100971 0.0377395 0.0215593
0.123285 3.33903 3.4097 3.26835 1.68382 1.78231 1.58534 0.91852 0.0706787 0.0984822 0.0365577 0.0209282
0.126774 3.27415 3.34216 3.20613 1.64008 1.73608 1.54408 0.892122 0.0680114 0.0960002 0.0353894 0.0203051
0.130362 3.20942 3.27482 3.14402 1.59654 1.69007 1.50302 0.866098 0.0653973 0.0935257 0.0342352 0.0196902
0.134052 3.14485 3.20768 3.08201 1.55321 1.64427 1.46215 0.840446 0.062837 0.0910595 0.0330956 0.0190834
0.137846 3.08041 3.14074 3.02008 1.5101 1.5987 1.4215 0.815163 0.0603312 0.0886025 0.0319712 0.0184848
0.141747 3.01611 3.07399 2.95823 1.46721 1.55337 1.38106 0.790248 0.0578802 0.0861557 0.0308625 0.0178946
0.145759 2.95194 3.00743 2.89646 1.42456 1.50828 1.34084 0.765701 0.0554847 0.0837201 0.02977 0.0173129
0.149885 2.8879 2.94104 2.83475 1.38215 1.46345 1.30086 0.741519 0.053145 0.0812965 0.0286943 0.0167396
0.154127 2.82397 2.87483 2.77311 1.34 1.41889 1.26112 0.717701 0.0508614 0.0788862 0.0276357 0.016175
0.158489 2.76016 2.80879 2.71152 1.29812 1.37461 1.22163 0.694249 0.0486344 0.0764901 0.0265949 0.0156191
0.162975 2.69645 2.74292 2.64999 1.25652 1.33063 1.18241 0.67116 0.0464641 0.0741094 0.0255722 0.0150721
0.167588 2.63285 2.6772 2.5885 1.21522 1.28696 1.14347 0.648434 0.0443508 0.0717452 0.024568 0.014534
0.172331 2.56935 2.61165 2.52706 1.17422 1.24362 1.10482 0.626072 0.0422947 0.0693988 0.0235829 0.0140049
0.177209 2.50595 2.54625 2.46566 1.13355 1.20062 1.06648 0.604074 0.0402957 0.0670712 0.0226172 0.013485
0.182224 2.44265 2.481 2.4043 1.09322 1.15798 1.02846 0.582441 0.0383539 0.0647638 0.0216713 0.0129744
0.187382 2.37944 2.41591 2.34297 1.05325 1.11573 0.990772 0.561173 0.0364694 0.0624778 0.0207455 0.0124732
0.192685 2.31633 2.35098 2.28169 1.01366 1.07387 0.953443 0.54027 0.034642 0.0602145 0.0198402 0.0119815
0.198139 2.25332 2.28619 2.22045 0.974464 1.03244 0.916488 0.519735 0.0328716 0.0579753 0.0189557 0.0114995
0.203747 2.19041 2.22157 2.15925 0.935689 0.99145 0.879927 0.499569 0.031158 0.0557615 0.0180923 0.0110272
0.209514 2.1276 2.1571 2.0981 0.897357 0.950931 0.843782 0.479773 0.029501 0.0535744 0.0172503 0.0105649
0.215443 2.0649 2.0928 2.037 0.859491 0.910907 0.808076 0.46035 0.0279002 0.0514155 0.0164299 0.0101125
0.221541 2.00232 2.02867 1.97596 0.822115 0.871401 0.772829 0.441301 0.0263553 0.0492861 0.0156313 0.0096703
0.227812 1.93986 1.96473 1.915 0.785258 0.832446 0.738071 0.422629 0.0248659 0.0471877 0.0148548 0.00923835
0.234259 1.87754 1.90097 1.85411 0.748946 0.794068 0.703824 0.404336 0.0234315 0.0451216 0.0141004 0.00881677
0.24089 1.81537 1.83742 1.79332 0.71321 0.756299 0.67012 0.386426 0.0220516 0.0430894 0.0133685 0.00840567
0.247708 1.75337 1.77409 1.73264 0.67808 0.719173 0.636988 0.368902 0.0207255 0.0410925 0.0126589 0.00800514
0.254719 1.69155 1.711 1.6721 0.643592 0.682724 0.60446 0.351766 0.0194528 0.0391323 0.0119719 0.00761528
0.261928 1.62994 1.64817 1.61171 0.609782 0.646992 0.572571 0.335022 0.0182326 0.0372101 0.0113074 0.00723613
0.269341 1.56857 1.58563 1.5515 0.576689 0.612016 0.541362 0.318674 0.0170642 0.0353274 0.0106654 0.00686775
0.276965 1.50746 1.52341 1.49152 0.54436 0.577846 0.510875 0.302727 0.0159467 0.0334856 0.0100459 0.00651013
0.284804 1.44667 1.46155 1.43179 0.512852 0.544537 0.481166 0.287184 0.0148793 0.0316859 0.00944867 0.00616321
0.292864 1.38624 1.4001 1.37237 0.48224 0.51217 0.452311 0.272051 0.013861 0.0299295 0.0088735 0.00582681
0.301153 1.32624 1.33913 1.31335 0.452666 0.480884 0.424449 0.257335 0.0128903 0.0282176 0.00831984 0.00550052
0.309677 1.26685 1.27881 1.25488 0.424613 0.451164 0.398063 0.243049 0.0119655 0.0265506 0.0077864 0.00518311
0.318442 1.22323 1.23485 1.2116 0.406998 0.432926 0.38107 0.237766 0.0116238 0.025928 0.00758597 0.00506138
0.321833 1.20131 1.2126 1.19002 0.396409 0.421728 0.37109 0.232596 0.011292 0.0253188 0.00739068 0.00494243
0.325224 1.17969 1.19066 1.16872 0.38605 0.410772 0.361328 0.227538 0.01097 0.0247225 0.00720039 0.00482618
0.328614 1.15835 1.169 1.14769 0.375918 0.400056 0.351779 0.222588 0.0106573 0.0241388 0.00701494 0.00471256
0.332005 1.13729 1.14765 1.12694 0.366007 0.389575 0.342439 0.217743 0.0103537 0.0235676 0.00683422 0.00460151
0.335396 1.11651 1.12657 1.10646 0.356314 0.379322 0.333305 0.213001 0.0100589 0.0230086 0.00665808 0.00449296
0.338787 1.09601 1.10578 1.08624 0.346834 0.369296 0.324373 0.20836 0.00977253 0.0224615 0.0064864 0.00438685
0.342178 1.07578 1.08527 1.06628 0.337564 0.35949 0.315638 0.203816 0.00949444 0.021926 0.00631905 0.00428313
0.345569 1.05581 1.06504 1.04659 0.328499 0.349901 0.307097 0.199369 0.00922431 0.0214019 0.00615592 0.00418173
0.348959 1.03611 1.04507 1.02715 0.319636 0.340525 0.298747 0.195014 0.00896191 0.0208889 0.00599689 0.00408259
0.35235 1.01667 1.02538 1.00796 0.31097 0.331357 0.290583 0.190751 0.00870698 0.0203869 0.00584185 0.00398567
0.355741 0.997485 1.00594 0.989025 0.302498 0.322394 0.282603 0.186578 0.0084593 0.0198957 0.00569069 0.0038909
0.359132 0.978553 0.986772 0.970334 0.294217 0.313632 0.274802 0.182491 0.00821864 0.0194149 0.00554331 0.00379824
0.362523 0.959873 0.967858 0.951888 0.286122 0.305066 0.267178 0.178489 0.00798479 0.0189444 0.0053996 0.00370764
0.365914 0.941441 0.949198 0.933683 0.278211 0.296695 0.259727 0.17457 0.00775753 0.0184839 0.00525946 0.00361905
0.369305 0.923253 0.930789 0.915716 0.270479 0.288512 0.252446 0.170733 0.00753666 0.0180333 0.00512281 0.00353242
0.372695 0.905307 0.912629 0.897985 0.262924 0.280516 0.245331 0.166975 0.00732199 0.0175924 0.00498954 0.0034477
0.376086 0.887601 0.894714 0.880487 0.255542 0.272703 0.238381 0.163294 0.00711334 0.0171609 0.00485958 0.00336485
0.379477 0.870132 0.877042 0.863221 0.24833 0.265068 0.231591 0.159689 0.00691051 0.0167387 0.00473283 0.00328383
0.382868 0.852897 0.85961 0.846183 0.241284 0.25761 0.224959 0.156159 0.00671335 0.0163255 0.0046092 0.00320459
0.386259 0.835895 0.842416 0.829373 0.234402 0.250324 0.218481 0.1527 0.00652167 0.0159213 0.00448862 0.0031271
0.38965 0.819121 0.825457 0.812786 0.227681 0.243207 0.212155 0.149313 0.00633531 0.0155258 0.00437102 0.00305131
0.39304 0.802576 0.80873 0.796422 0.221118 0.236257 0.205979 0.145995 0.00615412 0.0151388 0.0042563 0.00297718
0.396431 0.786257 0.792235 0.780279 0.214709 0.229469 0.199949 0.142745 0.00597795 0.0147602 0.0041444 0.00290468
0.399822 0.77016 0.775967 0.764354 0.208452 0.222841 0.194062 0.139561 0.00580665 0.0143898 0.00403525 0.00283378
0.403213 0.754285 0.759925 0.748645 0.202343 0.216371 0.188316 0.136443 0.00564007 0.0140274 0.00392877 0.00276442
0.406604 0.738629 0.744107 0.733151 0.196381 0.210054 0.182708 0.133387 0.00547807 0.0136729 0.00382489 0.00269659
0.409995 0.723189 0.72851 0.717869 0.190562 0.203889 0.177236 0.130394 0.00532054 0.0133262 0.00372356 0.00263024
0.413385 0.707966 0.713133 0.702798 0.184884 0.197871 0.171897 0.127462 0.00516733 0.012987 0.00362471 0.00256534
0.416776 0.692955 0.697973 0.687936 0.179344 0.191999 0.166689 0.12459 0.00501832 0.0126552 0.00352827 0.00250187
0.420167 0.678157 0.68303 0.673283 0.173939 0.18627 0.161609 0.121775 0.00487339 0.0123306 0.00343419 0.00243978
0.423558 0.663567 0.6683 0.658835 0.168667 0.180681 0.156654 0.119018 0.00473243 0.0120133 0.0033424 0.00237906
0.426949 0.649187 0.653782 0.644592 0.163526 0.175228 0.151823 0.116317 0.00459533 0.0117028 0.00325285 0.00231966
0.43034 0.635013 0.639475 0.630551 0.158512 0.169911 0.147112 0.11367 0.00446196 0.0113993 0.00316548 0.00226156
0.43373 0.621043 0.625375 0.616711 0.153623 0.164725 0.14252 0.111077 0.00433224 0.0111024 0.00308024 0.00220474
0.437121 0.607277 0.611483 0.603071 0.148857 0.159669 0.138045 0.108536 0.00420605 0.0108121 0.00299708 0.00214916
0.440512 0.593712 0.597795 0.589629 0.144211 0.15474 0.133683 0.106047 0.00408329 0.0105283 0.00291595 0.00209479
0.443903 0.580348 0.584312 0.576384 0.139684 0.149935 0.129433 0.103608 0.00396388 0.0102507 0.00283679 0.00204162
0.447294 0.567182 0.57103 0.563334 0.135273 0.145252 0.125293 0.101219 0.00384772 0.00997942 0.00275957 0.00198962
0.450685 0.554213 0.557947 0.550478 0.130975 0.140689 0.121261 0.0988778 0.00373471 0.00971416 0.00268422 0.00193876
0.454075 0.54144 0.545064 0.537815 0.126788 0.136243 0.117333 0.096584 0.00362478 0.00945486 0.00261071 0.00188901
0.457466 0.528861 0.532378 0.525343 0.122711 0.131912 0.113509 0.0943366 0.00351783 0.00920138 0.00253899 0.00184036
0.460857 0.516474 0.519888 0.513061 0.11874 0.127694 0.109786 0.0921346 0.00341379 0.00895363 0.00246903 0.00179278
0.464248 0.504279 0.507592 0.500967 0.114874 0.123585 0.106162 0.0899771 0.00331257 0.00871148 0.00240077 0.00174625
0.467639 0.492275 0.495489 0.48906 0.111111 0.119585 0.102636 0.0878633 0.0032141 0.00847483 0.00233417 0.00170075
0.47103 0.480458 0.483576 0.47734 0.107448 0.115691 0.0992043 0.0857923 0.0031183 0.00824356 0.00226921 0.00165625
0.47442 0.468829 0.471854 0.465804 0.103884 0.111901 0.095866 0.0837632 0.0030251 0.00801757 0.00220583 0.00161273
0.477811 0.457386 0.46032 0.454451 0.100416 0.108213 0.092619 0.0817753 0.00293443 0.00779677 0.002144 0.00157018
0.481202 0.446127 0.448973 0.443281 0.0970425 0.104624 0.0894614 0.0798276 0.00284623 0.00758103 0.00208369 0.00152857
0.484593 0.435051 0.437812 0.432291 0.0937617 0.101132 0.0863914 0.0779194 0.00276042 0.00737027 0.00202486 0.00148789
0.487984 0.424158 0.426835 0.421481 0.0905714 0.0977357 0.083407 0.0760499 0.00267695 0.00716438 0.00196747 0.00144811
0.491375 0.413445 0.41604 0.410849 0.0874697 0.094433 0.0805064 0.0742184 0.00259574 0.00696328 0.00191149 0.00140922
0.494765 0.402911 0.405428 0.400394 0.0844549 0.0912218 0.0776881 0.0724241 0.00251674 0.00676685 0.00185689 0.0013712
0.498156 0.392555 0.394995 0.390115 0.0815249 0.0881 0.0749499 0.0706663 0.0024399 0.00657502 0.00180363 0.00133404
0.501547 0.382376 0.384741 0.380011 0.078678 0.0850657 0.0722903 0.0689444 0.00236514 0.00638769 0.00175169 0.0012977
0.504938 0.372372 0.374665 0.37008 0.0759125 0.0821172 0.0697077 0.0672575 0.00229243 0.00620477 0.00170104 0.00126219
0.508329 0.362542 0.364764 0.360321 0.0732263 0.0792525 0.0672002 0.0656051 0.0022217 0.00602618 0.00165163 0.00122747
0.51172 0.352886 0.355038 0.350733 0.070618 0.0764699 0.0647662 0.0639865 0.0021529 0.00585182 0.00160346 0.00119354
0.51511 0.3434 0.345486 0.341314 0.0680858 0.0737674 0.0624041 0.062401 0.00208598 0.00568161 0.00155648 0.00116038
0.518501 0.334085 0.336106 0.332064 0.0656278 0.0711433 0.0601124 0.060848 0.0020209 0.00551548 0.00151067 0.00112797
0.521892 0.324939 0.326897 0.322981 0.0632425 0.0685959 0.0578892 0.0593268 0.0019576 0.00535333 0.001466 0.0010963
0.525283 0.315961 0.317857 0.314064 0.0609283 0.0661234 0.0557332 0.057837 0.00189604 0.0051951 0.00142245 0.00106536
0.528674 0.307148 0.308985 0.305312 0.0586835 0.0637242 0.0536428 0.0563778 0.00183617 0.0050407 0.00137999 0.00103512
0.532065 0.298501 0.300279 0.296723 0.0565064 0.0613964 0.0516163 0.0549488 0.00177795 0.00489005 0.0013386 0.00100558
0.535455 0.290018 0.291739 0.288297 0.0543956 0.0591386 0.0496525 0.0535493 0.00172134 0.00474308 0.00129825 0.000976723
0.538846 0.281697 0.283363 0.280031 0.0523495 0.0569492 0.0477498 0.0521788 0.00166629 0.00459971 0.00125892 0.000948533
0.542237 0.273537 0.27515 0.271924 0.0503666 0.0548264 0.0459067 0.0508367 0.00161277 0.00445988 0.00122058 0.000920999
0.545628 0.265537 0.267097 0.263976 0.0484452 0.0527687 0.0441217 0.0495225 0.00156073 0.00432351 0.00118322 0.000894107
0.549019 0.257695 0.259205 0.256185 0.0465841 0.0507747 0.0423936 0.0482358 0.00151014 0.00419053 0.00114681 0.000867844
0.55241 0.25001 0.251471 0.248549 0.0447818 0.0488427 0.040721 0.0469759 0.00146096 0.00406087 0.00111133 0.000842199
0.5558 0.242481 0.243894 0.241068 0.0430368 0.0469713 0.0391023 0.0457425 0.00141315 0.00393446 0.00107676 0.000817159
0.559191 0.235106 0.236473 0.23374 0.0413477 0.0451589 0.0375364 0.0445349 0.00136668 0.00381125 0.00104308 0.000792713
0.562582 0.227884 0.229206 0.226563 0.0397131 0.0434043 0.0360219 0.0433528 0.00132152 0.00369116 0.00101026 0.000768848
0.565973 0.220814 0.222092 0.219537 0.0381317 0.0417058 0.0345576 0.0421957 0.00127762 0.00357413 0.000978301 0.000745554
0.569364 0.213894 0.215129 0.212659 0.0366021 0.0400622 0.033142 0.041063 0.00123497 0.00346009 0.000947168 0.000722819
0.572755 0.207123 0.208316 0.205929 0.035123 0.038472 0.031774 0.0399545 0.00119352 0.00334899 0.000916846 0.000700632
0.576146 0.200498 0.201652 0.199345 0.0336932 0.036934 0.0304524 0.0388695 0.00115325 0.00324077 0.000887318 0.000678983
0.579536 0.19402 0.195134 0.192906 0.0323113 0.0354467 0.029176 0.0378077 0.00111413 0.00313536 0.000858567 0.000657862
0.582927 0.187686 0.188762 0.18661 0.0309762 0.0340089 0.0279435 0.0367688 0.00107612 0.00303271 0.000830574 0.000637257
0.586318 0.181495 0.182534 0.180456 0.0296865 0.0326193 0.0267538 0.0357521 0.0010392 0.00293275 0.000803323 0.000617159
0.589709 0.175446 0.176449 0.174442 0.0284412 0.0312766 0.0256057 0.0347575 0.00100335 0.00283544 0.000776797 0.000597558
0.5931 0.169536 0.170504 0.168567 0.0272389 0.0299796 0.0244982 0.0337844 0.000968528 0.00274072 0.00075098 0.000578444
0.596491 0.163765 0.164699 0.16283 0.0260786 0.0287271 0.02343 0.0328324 0.000934717 0.00264853 0.000725856 0.000559808
0.599881 0.15813 0.159032 0.157229 0.0249591 0.0275179 0.0224002 0.0319013 0.000901888 0.00255882 0.00070141 0.00054164
0.603272 0.152632 0.153502 0.151761 0.0238793 0.0263508 0.0214077 0.0309906 0.000870018 0.00247155 0.000677627 0.000523932
0.606663 0.147266 0.148105 0.146427 0.022838 0.0252247 0.0204514 0.0300999 0.000839082 0.00238664 0.000654492 0.000506674
0.610054 0.142034 0.142843 0.141225 0.0218343 0.0241384 0.0195303 0.029229 0.000809057 0.00230406 0.000631991 0.000489858
0.613445 0.136931 0.137711 0.136151 0.0208671 0.0230909 0.0186434 0.0283774 0.000779919 0.00222376 0.000610109 0.000473475
0.616836 0.131958 0.13271 0.131207 0.0199353 0.022081 0.0177896 0.0275448 0.000751646 0.00214569 0.000588832 0.000457515
0.620226 0.127113 0.127837 0.126388 0.0190379 0.0211077 0.0169682 0.0267309 0.000724216 0.00206979 0.000568147 0.000441972
0.623617 0.122393 0.12309 0.121695 0.018174 0.02017 0.016178 0.0259353 0.000697608 0.00199603 0.000548041 0.000426837
0.627008 0.117797 0.118469 0.117125 0.0173425 0.0192668 0.0154181 0.0251577 0.000671802 0.00192435 0.000528501 0.000412102
0.630399 0.113324 0.113971 0.112678 0.0165425 0.0183972 0.0146878 0.0243978 0.000646776 0.00185472 0.000509514 0.000397758
0.63379 0.108972 0.109595 0.10835 0.015773 0.0175601 0.013986 0.0236553 0.000622511 0.00178708 0.000491068 0.000383799
0.637181 0.104739 0.105338 0.10414 0.0150332 0.0167546 0.0133119 0.0229298 0.000598987 0.00172139 0.00047315 0.000370216
0.640571 0.100624 0.1012 0.100048 0.0143222 0.0159798 0.0126646 0.0222211 0.000576187 0.00165761 0.000455749 0.000357002
0.643962 0.0966245 0.0971786 0.0960704 0.013639 0.0152347 0.0120433 0.0215289 0.000554091 0.00159569 0.000438852 0.00034415
0.647353 0.0927392 0.0932719 0.0922065 0.0129828 0.0145184 0.0114472 0.0208529 0.000532682 0.0015356 0.000422449 0.000331652
0.650744 0.0889663 0.0894782 0.0884543 0.0123528 0.0138301 0.0108755 0.0201928 0.000511942 0.0014773 0.000406529 0.000319501
0.654135 0.0853041 0.0857959 0.0848122 0.0117482 0.0131689 0.0103275 0.0195483 0.000491854 0.00142074 0.000391079 0.000307691
0.657526 0.0817508 0.0822232 0.0812784 0.0111681 0.012534 0.00980222 0.0189192 0.000472401 0.00136588 0.00037609 0.000296213
0.660916 0.0783046 0.0787582 0.0778511 0.0106118 0.0119245 0.00929908 0.0183051 0.000453567 0.00131269 0.000361552 0.000285063
0.664307 0.0749639 0.0753993 0.0745286 0.0100784 0.0113396 0.00881731 0.0177058 0.000435337 0.00126112 0.000347452 0.000274232
0.667698 0.0717269 0.0721446 0.0713092 0.00956734 0.0107785 0.0083562 0.0171211 0.000417694 0.00121115 0.000333783 0.000263715
0.671089 0.0685917 0.0689923 0.0681911 0.00907777 0.0102405 0.00791504 0.0165507 0.000400623 0.00116273 0.000320533 0.000253504
0.67448 0.0655566 0.0659407 0.0651725 0.00860899 0.00972481 0.00749317 0.0159943 0.00038411 0.00111582 0.000307693 0.000243594
0.677871 0.0626198 0.0629879 0.0622517 0.00816031 0.00923071 0.00708991 0.0154517 0.00036814 0.0010704 0.000295253 0.000233978
0.681261 0.0597795 0.0601322 0.0594268 0.00773106 0.00875748 0.00670463 0.0149227 0.0003527 0.00102642 0.000283204 0.00022465
0.684652 0.0570338 0.0573716 0.056696 0.00732056 0.00830441 0.0063367 0.0144069 0.000337774 0.000983858 0.000271537 0.000215604
0.688043 0.054381 0.0547044 0.0540577 0.00692816 0.00787083 0.00598549 0.0139043 0.000323351 0.000942672 0.000260243 0.000206834
0.691434 0.0518193 0.0521287 0.0515099 0.00655323 0.00745607 0.0056504 0.0134145 0.000309416 0.000902831 0.000249312 0.000198334
0.694825 0.0493468 0.0496428 0.0490509 0.00619517 0.00705947 0.00533086 0.0129373 0.000295956 0.000864303 0.000238737 0.000190098
0.698216 0.0469617 0.0472447 0.0466788 0.00585336 0.00668042 0.0050263 0.0124725 0.00028296 0.000827056 0.000228509 0.000182121
0.701606 0.0446622 0.0449326 0.0443918 0.00552723 0.00631828 0.00473617 0.0120198 0.000270414 0.000791059 0.000218619 0.000174397
0.704997 0.0424465 0.0427048 0.0421881 0.00521619 0.00597247 0.00445991 0.0115792 0.000258307 0.000756281 0.000209059 0.000166921
0.708388 0.0403127 0.0405593 0.040066 0.0049197 0.00564239 0.00419701 0.0111502 0.000246627 0.000722691 0.000199822 0.000159686
0.711779 0.038259 0.0384943 0.0380236 0.00463722 0.00532748 0.00394696 0.0107328 0.000235363 0.00069026 0.000190899 0.000152688
0.71517 0.0362836 0.0365081 0.0360591 0.00436822 0.00502718 0.00370926 0.0103267 0.000224502 0.000658959 0.000182282 0.000145921
0.718561 0.0343847 0.0345987 0.0341706 0.00411219 0.00474095 0.00348343 0.00993173 0.000214035 0.000628758 0.000173965 0.00013938
0.721951 0.0325604 0.0327643 0.0323564 0.00386864 0.00446827 0.00326901 0.00954766 0.000203951 0.000599631 0.000165938 0.00013306
0.725342 0.030809 0.0310032 0.0306147 0.00363708 0.00420863 0.00306553 0.00917431 0.000194238 0.000571548 0.000158196 0.000126955
0.728733 0.0291286 0.0293135 0.0289437 0.00341704 0.00396152 0.00287256 0.00881148 0.000184887 0.000544483 0.000150731 0.000121062
0.732124 0.0275174 0.0276933 0.0273415 0.00320806 0.00372647 0.00268965 0.00845898 0.000175887 0.00051841 0.000143536 0.000115374
0.735515 0.0259738 0.026141 0.0258065 0.00300971 0.00350302 0.00251641 0.00811661 0.000167229 0.000493301 0.000136604 0.000109887
0.738906 0.0244957 0.0246546 0.0243368 0.00282156 0.00329069 0.00235243 0.00778419 0.000158903 0.000469132 0.000129928 0.000104597
0.742296 0.0230816 0.0232325 0.0229307 0.00264318 0.00308906 0.00219731 0.00746153 0.0001509 0.000445876 0.000123501 9.94975e-05
0.745687 0.0217296 0.0218728 0.0215864 0.00247418 0.00289769 0.00205067 0.00714845 0.00014321 0.00042351 0.000117317 9.45852e-05
0.749078 0.020438 0.0205738 0.0203022 0.00231416 0.00271616 0.00191215 0.00684477 0.000135824 0.000402009 0.000111369 8.98549e-05
0.752469 0.019205 0.0193338 0.0190763 0.00216274 0.00254408 0.00178139 0.00655032 0.000128734 0.000381348 0.000105652 8.53024e-05
0.75586 0.018029 0.0181509 0.017907 0.00201955 0.00238105 0.00165804 0.00626491 0.000121931 0.000361505 0.000100158 8.0923e-05
0.759251 0.0169081 0.0170235 0.0167927 0.00188424 0.0022267 0.00154178 0.00598837 0.000115406 0.000342456 9.48819e-05 7.67123e-05
0.762641 0.0158407 0.0159499 0.0157316 0.00175646 0.00208064 0.00143229 0.00572053 0.000109151 0.000324179 8.98175e-05 7.26661e-05
0.766032 0.0148252 0.0149283 0.014722 0.00163589 0.00194254 0.00132924 0.00546122 0.000103158 0.000306652 8.49588e-05 6.878e-05
0.769423 0.0138598 0.0139572 0.0137624 0.00152219 0.00181204 0.00123234 0.00521028 9.74198e-05 0.000289852 8.03e-05 6.50498e-05
0.772814 0.0129429 0.0130348 0.012851 0.00141505 0.00168881 0.00114129 0.00496754 9.19274e-05 0.000273759 7.58355e-05 6.14714e-05
0.776205 0.0120729 0.0121596 0.0119862 0.00131418 0.00157253 0.00105583 0.00473283 8.66738e-05 0.000258351 7.15597e-05 5.80406e-05
0.779596 0.0112482 0.0113298 0.0111665 0.00121928 0.00146288 0.000975669 0.00450599 8.16514e-05 0.000243607 6.74669e-05 5.47535e-05
0.782986 0.0104671 0.010544 0.0103903 0.00113006 0.00135957 0.000900556 0.00428686 7.68531e-05 0.000229509 6.3552e-05 5.16059e-05
0.786377 0.00972817 0.00980044 0.0096559 0.00104627 0.00126231 0.000830238 0.00407529 7.22716e-05 0.000216035 5.98094e-05 4.8594e-05
0.789768 0.00902981 0.00909771 0.00896191 0.000967637 0.0011708 0.000764471 0.00387112 6.79e-05 0.000203167 5.62341e-05 4.5714e-05
0.793159 0.0083705 0.00843423 0.00830677 0.000893907 0.00108479 0.000703023 0.00367419 6.37315e-05 0.000190884 5.28209e-05 4.29619e-05
0.79655 0.00774875 0.00780851 0.00768899 0.000824838 0.00100401 0.000645668 0.00348435 5.97595e-05 0.00017917 4.95647e-05 4.03341e-05
0.799941 0.00716308 0.00721906 0.0071071 0.000760197 0.000928202 0.000592192 0.00330145 5.59773e-05 0.000168005 4.64607e-05 3.78268e-05
0.803332 0.00661205 0.00666443 0.00655968 0.000699758 0.000857129 0.000542387 0.00312533 5.23786e-05 0.000157371 4.3504e-05 3.54364e-05
0.806722 0.00609424 0.0061432 0.00604529 0.000643303 0.000790555 0.000496052 0.00295586 4.89571e-05 0.000147251 4.06898e-05 3.31592e-05
0.810113 0.00560825 0.00565396 0.00556254 0.000590625 0.000728253 0.000452997 0.00279288 4.57067e-05 0.000137628 3.80135e-05 3.09919e-05
0.813504 0.00515272 0.00519534 0.0051101 0.000541522 0.000670007 0.000413037 0.00263624 4.26215e-05 0.000128485 3.54705e-05 2.89308e-05
0.816895 0.00472631 0.004766 0.00468661 0.000495803 0.000615607 0.000375998 0.0024858 3.96956e-05 0.000119804 3.30563e-05 2.69725e-05
0.820286 0.0043277 0.00436462 0.00429078 0.000453281 0.000564852 0.000341711 0.00234143 3.69232e-05 0.000111571 3.07665e-05 2.51137e-05
0.823677 0.00395563 0.00398992 0.00392133 0.00041378 0.000517548 0.000310012 0.00220297 3.42987e-05 0.000103768 2.85967e-05 2.3351e-05
0.827067 0.00360883 0.00364064 0.00357701 0.00037713 0.000473511 0.000280749 0.00207028 3.18167e-05 9.63809e-05 2.65427e-05 2.16811e-05
0.830458 0.00328609 0.00331557 0.00325662 0.000343168 0.000432562 0.000253774 0.00194323 2.94718e-05 8.93941e-05 2.46003e-05 2.0101e-05
0.833849 0.00298622 0.00301348 0.00295897 0.000311737 0.000394529 0.000228944 0.00182168 2.72589e-05 8.27927e-05 2.27655e-05 1.86073e-05
0.83724 0.00270807 0.00273324 0.00268289 0.000282688 0.00035925 0.000206126 0.00170549 2.51726e-05 7.65621e-05 2.10342e-05 1.71969e-05
0.840631 0.00245049 0.0024737 0.00242728 0.000255879 0.000326567 0.000185191 0.00159453 2.32082e-05 7.06879e-05 1.94025e-05 1.58669e-05
0.844022 0.0022124 0.00223376 0.00219104 0.000231172 0.000296328 0.000166016 0.00148866 2.13606e-05 6.51564e-05 1.78665e-05 1.46142e-05
0.847412 0.00199274 0.00201236 0.00197311 0.000208438 0.000268391 0.000148484 0.00138774 1.96252e-05 5.99538e-05 1.64226e-05 1.34358e-05
0.850803 0.00179046 0.00180846 0.00177247 0.000187551 0.000242618 0.000132485 0.00129165 1.79971e-05 5.50667e-05 1.5067e-05 1.23289e-05
0.854194 0.00160459 0.00162106 0.00158811 0.000168394 0.000218877 0.000117912 0.00120025 1.6472e-05 5.04822e-05 1.3796e-05 1.12906e-05
0.857585 0.00143414 0.00144918 0.00141909 0.000150854 0.000197042 0.000104666 0.00111341 1.50453e-05 4.61876e-05 1.26062e-05 1.03181e-05
0.860976 0.00127818 0.00129189 0.00126447 0.000134822 0.000176993 9.26521e-05 0.001031 1.37128e-05 4.21703e-05 1.1494e-05 9.4087e-06
0.864367 0.00113581 0.00114828 0.00112334 0.000120197 0.000158616 8.17792e-05 0.000952903 1.24701e-05 3.84182e-05 1.04561e-05 8.55967e-06
0.867757 0.00100617 0.00101749 0.00099486 0.000106882 0.000141801 7.19623e-05 0.000878979 1.13132e-05 3.49195e-05 9.48922e-06 7.76838e-06
0.871148 0.000888423 0.000898661 0.000878185 9.47833e-05 0.000126446 6.31207e-05 0.000809105 1.02381e-05 3.16626e-05 8.59004e-06 7.03225e-06
0.874539 0.000781758 0.000790999 0.000772517 8.38146e-05 0.000112451 5.51784e-05 0.000743156 9.24077e-06 2.86362e-05 7.75542e-06 6.34876e-06
0.87793 0.000685408 0.000693726 0.000677091 7.38927e-05 9.9722e-05 4.80634e-05 0.000681006 8.31744e-06 2.58293e-05 6.98226e-06 5.71543e-06
0.881321 0.000598637 0.000606101 0.000591173 6.49391e-05 8.81702e-05 4.17079e-05 0.000622533 7.4644e-06 2.32312e-05 6.26756e-06 5.12983e-06
0.884712 0.000520737 0.000527415 0.000514059 5.68797e-05 7.7711e-05 3.60483e-05 0.000567613 6.67803e-06 2.08313e-05 5.60836e-06 4.58961e-06
0.888102 0.000451035 0.000456989 0.00044508 4.96445e-05 6.82641e-05 3.10249e-05 0.000516125 5.9548e-06 1.86196e-05 5.00178e-06 4.09243e-06
0.891493 0.000388888 0.000394179 0.000383596 4.31675e-05 5.97537e-05 2.65814e-05 0.000467948 5.2913e-06 1.65862e-05 4.44504e-06 3.63604e-06
0.894884 0.000333684 0.000338369 0.000329 3.73866e-05 5.21079e-05 2.26653e-05 0.000422962 4.68418e-06 1.47213e-05 3.9354e-06 3.21824e-06
0.898275 0.000284845 0.000288976 0.000280715 3.22432e-05 4.52589e-05 1.92276e-05 0.000381047 4.13023e-06 1.30156e-05 3.4702e-06 2.83687e-06
0.901666 0.000241821 0.000245447 0.000238194 2.76824e-05 3.91425e-05 1.62224e-05 0.000342087 3.6263e-06 1.14601e-05 3.04686e-06 2.48984e-06
0.905057 0.00020409 0.00020726 0.000200921 2.36528e-05 3.36986e-05 1.3607e-05 0.000305963 3.16935e-06 1.00458e-05 2.66288e-06 2.17509e-06
0.908447 0.000171164 0.000173921 0.000168408 2.01061e-05 2.88702e-05 1.13419e-05 0.000272559 2.75643e-06 8.76419e-06 2.31581e-06 1.89065e-06
0.911838 0.000142581 0.000144966 0.000140196 1.69971e-05 2.46041e-05 9.39018e-06 0.000241759 2.38469e-06 7.60697e-06 2.00328e-06 1.63458e-06
0.915229 0.000117908 0.00011996 0.000115857 1.4284e-05 2.08501e-05 7.71797e-06 0.000213451 2.05136e-06 6.56606e-06 1.72301e-06 1.405e-06
0.91862 9.67414e-05 9.84952e-05 9.49876e-05 1.19276e-05 1.75612e-05 6.29389e-06 0.00018752 1.75378e-06 5.63367e-06 1.47276e-06 1.20011e-06
0.922011 7.87022e-05 8.01916e-05 7.72129e-05 9.89131e-06 1.46935e-05 5.08908e-06 0.000163853 1.48936e-06 4.80223e-06 1.2504e-06 1.01812e-06
0.925402 6.34397e-05 6.46953e-05 6.21841e-05 8.14156e-06 1.2206e-05 4.0771e-06 0.00014234 1.25561e-06 4.06446e-06 1.05384e-06 8.57353e-07
0.928792 5.06285e-05 5.16786e-05 4.95784e-05 6.64709e-06 1.00604e-05 3.23377e-06 0.00012287 1.05014e-06 3.41332e-06 8.81077e-07 7.16143e-07
0.932183 3.99684e-05 4.0839e-05 3.90977e-05 5.37909e-06 8.22111e-06 2.53706e-06 0.000105334 8.70647e-07 2.84203e-06 7.30186e-07 5.92906e-07
0.935574 3.11832e-05 3.18981e-05 3.04683e-05 4.31105e-06 6.6551e-06 1.96701e-06 8.96231e-05 7.14913e-07 2.34405e-06 5.99306e-07 4.86112e-07
0.938965 2.40207e-05 2.46015e-05 2.34399e-05 3.41866e-06 5.33176e-06 1.50555e-06 7.5631e-05 5.80814e-07 1.9131e-06 4.86653e-07 3.94289e-07
0.942356 1.82509e-05 1.87172e-05 1.77846e-05 2.67966e-06 4.22282e-06 1.13649e-06 6.32518e-05 4.6632e-07 1.54316e-06 3.90517e-07 3.16027e-07
0.945747 1.36658e-05 1.40353e-05 1.32964e-05 2.07378e-06 3.30224e-06 8.45322e-07 5.2381e-05 3.69489e-07 1.22846e-06 3.09264e-07 2.49975e-07
0.949137 1.00786e-05 1.03671e-05 9.79012e-06 1.58263e-06 2.5461e-06 6.19166e-07 4.29155e-05 2.88472e-07 9.63468e-07 2.41333e-07 1.94843e-07
0.952528 7.3222e-06 7.54371e-06 7.10069e-06 1.18959e-06 1.93251e-06 4.46671e-07 3.47537e-05 2.21509e-07 7.42922e-07 1.85239e-07 1.49405e-07
0.955919 5.2489e-06 5.41584e-06 5.08197e-06 8.79708e-07 1.44152e-06 3.17898e-07 2.7796e-05 1.66936e-07 5.6181e-07 1.39576e-07 1.12496e-07
0.95931 3.72923e-06 3.85241e-06 3.60606e-06 6.39621e-07 1.055e-06 2.24244e-07 2.19446e-05 1.23179e-07 4.15377e-07 1.03012e-07 8.30165e-08
0.962701 2.65114e-06 2.73989e-06 2.56238e-06 4.57472e-07 7.566e-07 1.58345e-07 1.71041e-05 8.87584e-08 2.99127e-07 7.42959e-08 5.99302e-08
0.966092 1.91913e-06 1.98142e-06 1.85684e-06 3.22823e-07 5.31651e-07 1.13996e-07 1.31824e-05 6.2289e-08 2.08827e-07 5.22538e-08 4.22679e-08
0.969482 1.45365e-06 1.49613e-06 1.41117e-06 2.26592e-07 3.67101e-07 8.60827e-08 1.00918e-05 4.24807e-08 1.40509e-07 3.57934e-08 2.91271e-08
0.972873 1.19068e-06 1.21882e-06 1.16254e-06 1.61007e-07 2.51481e-07 7.05321e-08 7.75072e-06 2.81399e-08 9.04745e-08 2.39039e-08 1.96737e-08
0.976264 1.08211e-06 1.10028e-06 1.06393e-06 1.19615e-07 1.74917e-07 6.43126e-08 6.08899e-06 1.81707e-08 5.53021e-08 1.56571e-08 1.31424e-08
0.979655 1.09816e-06 1.10974e-06 1.08659e-06 9.7412e-08 1.29265e-07 6.55593e-08 5.0577e-06 1.15751e-08 3.18527e-08 1.02077e-08 8.83729e-09
0.983046 1.23625e-06 1.2437e-06 1.2288e-06 9.1367e-08 1.08645e-07 7.40892e-08 4.65814e-06 7.45215e-09 1.72778e-08 6.79213e-09 6.12945e-09
0.986437 1.55696e-06 1.56194e-06 1.55197e-06 1.02585e-07 1.1161e-07 9.35597e-08 5.04422e-06 4.98664e-09 9.02506e-09 4.71646e-09 4.44467e-09
0.989827 2.42837e-06 2.43176e-06 2.42498e-06 1.51011e-07 1.55835e-07 1.46186e-07 7.10825e-06 3.38579e-09 4.82451e-09 3.28995e-09 3.19335e-09
0.993218 1.18244e-05 1.18248e-05 1.1824e-05 7.15864e-07 7.18935e-07 7.12793e-07 4.18908e-05 3.61598e-10 3.07112e-09 1.81646e-10 0
4.01075e-314 inf inf inf inf inf inf 0.00244107 38.5006 1.24014 0.940132 0.590624
