9.72476e-05 8.14287 8.74908 7.53667 3.57 3.96819 3.17182 15.8538 0.606205 0.398186 0.236924 0.227522
0.0001 8.09107 8.69492 7.48722 3.54704 3.94333 3.15076 15.7007 0.603852 0.396285 0.235074 0.22557
0.00010283 8.03986 8.64137 7.43835 3.52435 3.91875 3.12995 15.5489 0.601512 0.394396 0.233238 0.223631
0.000105741 7.99015 8.58934 7.39097 3.50231 3.89483 3.10979 15.3983 0.599184 0.392521 0.231416 0.221706
0.000108734 7.93826 8.53513 7.34139 3.47933 3.86999 3.08867 15.2488 0.596869 0.390659 0.229609 0.219794
0.000111811 7.88665 8.48122 7.29209 3.45649 3.8453 3.06768 15.1006 0.594567 0.38881 0.227815 0.217895
0.000114976 7.83533 8.4276 7.24305 3.43377 3.82074 3.0468 14.9535 0.592276 0.386974 0.226036 0.216009
0.00011823 7.78428 8.37428 7.19428 3.41118 3.79633 3.02603 14.8077 0.589998 0.38515 0.224271 0.214136
0.000121576 7.73352 8.32125 7.14579 3.38872 3.77206 3.00538 14.6629 0.587732 0.383339 0.22252 0.212276
0.000125017 7.68304 8.26852 7.09756 3.36639 3.74793 2.98485 14.5194 0.585479 0.381541 0.220782 0.210429
0.000128556 7.63283 8.21606 7.04959 3.34418 3.72393 2.96442 14.377 0.583237 0.379755 0.219059 0.208595
0.000132194 7.5829 8.16391 7.0019 3.3221 3.70008 2.94412 14.2357 0.581007 0.377981 0.217349 0.206773
0.000135936 7.53325 8.11204 6.95446 3.30015 3.67637 2.92393 14.0956 0.578789 0.37622 0.215653 0.204964
0.000139783 7.48386 8.06044 6.90728 3.27832 3.65279 2.90384 13.9566 0.576582 0.374471 0.21397 0.203167
0.000143739 7.43476 8.00915 6.86037 3.25661 3.62935 2.88388 13.8187 0.574387 0.372734 0.212302 0.201383
0.000147808 7.38592 7.95812 6.81371 3.23503 3.60604 2.86402 13.6819 0.572204 0.37101 0.210647 0.199611
0.000151991 7.33735 7.90738 6.76732 3.21357 3.58287 2.84427 13.5463 0.570032 0.369297 0.209005 0.197852
0.000156293 7.28905 7.85692 6.72118 3.19223 3.55983 2.82464 13.4117 0.567871 0.367597 0.207376 0.196104
0.000160717 7.24102 7.80674 6.6753 3.17102 3.53693 2.80511 13.2782 0.565721 0.365908 0.205762 0.194369
0.000165265 7.19325 7.75683 6.62967 3.14992 3.51415 2.78569 13.1459 0.563583 0.364231 0.20416 0.192646
0.000169943 7.14576 7.70721 6.5843 3.12895 3.49152 2.76639 13.0145 0.561455 0.362566 0.202571 0.190936
0.000174753 7.09852 7.65786 6.53918 3.1081 3.46902 2.74719 12.8843 0.559339 0.360912 0.200996 0.189237
0.000179699 7.05154 7.60877 6.49431 3.08737 3.44664 2.7281 12.7551 0.557233 0.35927 0.199434 0.18755
0.000184785 7.00483 7.55997 6.44969 3.06676 3.4244 2.70912 12.627 0.555138 0.35764 0.197885 0.185875
0.000190015 6.95837 7.51142 6.40532 3.04626 3.40228 2.69024 12.4999 0.553053 0.356021 0.196349 0.184211
0.000195393 6.91218 7.46315 6.3612 3.02589 3.3803 2.67147 12.3738 0.550979 0.354413 0.194825 0.182559
0.000200923 6.86624 7.41515 6.31732 3.00563 3.35845 2.65281 12.2488 0.548915 0.352817 0.193315 0.180919
0.00020661 6.82056 7.36742 6.27369 2.98549 3.33672 2.63426 12.1248 0.546862 0.351232 0.191818 0.179291
0.000212458 6.77512 7.31994 6.23031 2.96546 3.31512 2.6158 12.0018 0.544818 0.349658 0.190333 0.177674
0.000218471 6.72996 7.27274 6.18717 2.94555 3.29365 2.59746 11.8799 0.542785 0.348095 0.188861 0.176069
0.000224655 6.68504 7.2258 6.14427 2.92576 3.2723 2.57922 11.7589 0.540762 0.346543 0.187402 0.174475
0.000231013 6.64036 7.17911 6.10161 2.90608 3.25108 2.56108 11.6389 0.538748 0.345001 0.185955 0.172892
0.000237551 6.59595 7.13269 6.0592 2.88651 3.22998 2.54304 11.5199 0.536745 0.343471 0.184521 0.17132
0.000244275 6.55177 7.08652 6.01702 2.86706 3.20901 2.52511 11.4019 0.534751 0.341952 0.183099 0.16976
0.000251189 6.50785 7.04061 5.97508 2.84772 3.18816 2.50728 11.2849 0.532766 0.340443 0.18169 0.168211
0.000258298 6.46417 6.99496 5.93338 2.82849 3.16744 2.48955 11.1689 0.530791 0.338944 0.180293 0.166673
0.000265609 6.42074 6.94957 5.89192 2.80938 3.14684 2.47192 11.0538 0.528825 0.337457 0.178909 0.165145
0.000273126 6.37755 6.90442 5.85068 2.79038 3.12636 2.4544 10.9397 0.526869 0.335979 0.177536 0.163629
0.000280857 6.33461 6.85953 5.80969 2.77149 3.106 2.43697 10.8265 0.524922 0.334513 0.176176 0.162124
0.000288806 6.29191 6.81489 5.76893 2.7527 3.08576 2.41965 10.7142 0.522983 0.333056 0.174828 0.16063
0.00029698 6.24944 6.7705 5.72839 2.73403 3.06564 2.40242 10.6029 0.521054 0.33161 0.173493 0.159146
0.000305386 6.20722 6.72636 5.68809 2.71547 3.04564 2.3853 10.4925 0.519133 0.330174 0.172169 0.157673
0.000314029 6.16524 6.68246 5.64801 2.69701 3.02576 2.36827 10.3831 0.517221 0.328748 0.170857 0.15621
0.000322917 6.12349 6.63881 5.60817 2.67867 3.006 2.35134 10.2746 0.515318 0.327332 0.169557 0.154759
0.000332057 6.08197 6.5954 5.56855 2.66043 2.98635 2.3345 10.1669 0.513423 0.325926 0.16827 0.153317
0.000341455 6.0407 6.55224 5.52916 2.6423 2.96683 2.31777 10.0602 0.511537 0.324529 0.166994 0.151887
0.000351119 5.99965 6.50931 5.49 2.62427 2.94742 2.30113 9.95438 0.509658 0.323143 0.165729 0.150466
0.000361057 5.95884 6.46663 5.45106 2.60636 2.92812 2.28459 9.84944 0.507788 0.321766 0.164477 0.149056
0.000371276 5.91827 6.42419 5.41234 2.58854 2.90894 2.26814 9.74539 0.505926 0.320399 0.163236 0.147656
0.000381784 5.87792 6.38199 5.37384 2.57084 2.88988 2.25179 9.64222 0.504072 0.319042 0.162007 0.146267
0.00039259 5.83779 6.34002 5.33557 2.55323 2.87093 2.23554 9.53992 0.502225 0.317694 0.16079 0.144887
0.000403702 5.7979 6.29829 5.29751 2.53573 2.85209 2.21938 9.43848 0.500387 0.316356 0.159584 0.143518
0.000415128 5.75824 6.25679 5.25968 2.51834 2.83336 2.20331 9.33791 0.498555 0.315026 0.158389 0.142159
0.000426877 5.71879 6.21553 5.22206 2.50105 2.81475 2.18734 9.23819 0.496732 0.313707 0.157206 0.14081
0.000438959 5.67958 6.17449 5.18466 2.48386 2.79625 2.17146 9.13932 0.494915 0.312396 0.156035 0.13947
0.000451383 5.64059 6.13369 5.14748 2.46677 2.77786 2.15567 9.04129 0.493106 0.311095 0.154874 0.138141
0.000464159 5.60182 6.09312 5.11051 2.44978 2.75959 2.13998 8.9441 0.491304 0.309802 0.153725 0.136821
0.000477296 5.56327 6.05278 5.07376 2.4329 2.74142 2.12438 8.84774 0.489508 0.308519 0.152588 0.135512
0.000490805 5.52494 6.01266 5.03722 2.41611 2.72336 2.10887 8.7522 0.48772 0.307245 0.151461 0.134212
0.000504697 5.48683 5.97277 5.00089 2.39943 2.70541 2.09345 8.65748 0.485938 0.305979 0.150346 0.132921
0.000518981 5.44894 5.9331 4.96477 2.38284 2.68757 2.07812 8.56358 0.484163 0.304722 0.149241 0.131641
0.00053367 5.41126 5.89365 4.92887 2.36636 2.66983 2.06289 8.47048 0.482394 0.303474 0.148148 0.130369
0.000548775 5.3738 5.85443 4.89317 2.34997 2.65221 2.04774 8.37818 0.480632 0.302235 0.147065 0.129108
0.000564307 5.33656 5.81543 4.85768 2.33368 2.63469 2.03268 8.28668 0.478876 0.301004 0.145994 0.127855
0.000580278 5.29952 5.77665 4.8224 2.31749 2.61727 2.01771 8.19597 0.477126 0.299781 0.144934 0.126613
0.000596702 5.2627 5.73809 4.78732 2.3014 2.59997 2.00283 8.10604 0.475381 0.298567 0.143884 0.125379
0.000613591 5.2261 5.69974 4.75245 2.2854 2.58276 1.98804 8.01689 0.473643 0.297362 0.142845 0.124155
0.000630957 5.1897 5.66161 4.71779 2.2695 2.56566 1.97333 7.92852 0.47191 0.296164 0.141817 0.12294
0.000648815 5.15351 5.62369 4.68333 2.25369 2.54867 1.95872 7.84091 0.470183 0.294975 0.140799 0.121734
0.000667179 5.11753 5.58599 4.64907 2.23798 2.53178 1.94419 7.75407 0.468461 0.293794 0.139792 0.120538
0.000686062 5.08176 5.5485 4.61501 2.22237 2.51499 1.92975 7.66798 0.466744 0.292621 0.138796 0.11935
0.00070548 5.04619 5.51122 4.58115 2.20685 2.4983 1.91539 7.58265 0.465033 0.291456 0.13781 0.118172
0.000725448 5.01083 5.47415 4.5475 2.19142 2.48172 1.90112 7.49806 0.463326 0.290299 0.136835 0.117002
0.00074598 4.97567 5.43729 4.51404 2.17608 2.46523 1.88693 7.41421 0.461624 0.289149 0.13587 0.115842
0.000767094 4.94071 5.40064 4.48078 2.16084 2.44885 1.87284 7.3311 0.459927 0.288007 0.134916 0.11469
0.000788805 4.90596 5.36419 4.44772 2.14569 2.43257 1.85882 7.24871 0.458235 0.286873 0.133971 0.113547
0.000811131 4.8714 5.32795 4.41485 2.13064 2.41638 1.84489 7.16706 0.456547 0.285747 0.133037 0.112413
0.000834088 4.83705 5.29191 4.38219 2.11567 2.4003 1.83104 7.08612 0.454863 0.284628 0.132114 0.111288
0.000857696 4.80289 5.25607 4.34971 2.1008 2.38431 1.81728 7.0059 0.453183 0.283516 0.1312 0.110171
0.000881971 4.76893 5.22044 4.31743 2.08601 2.36843 1.8036 6.92639 0.451507 0.282412 0.130297 0.109063
0.000906934 4.73517 5.18501 4.28534 2.07132 2.35263 1.79 6.84758 0.449835 0.281315 0.129403 0.107964
0.000932603 4.70161 5.14977 4.25344 2.05672 2.33694 1.77649 6.76947 0.448166 0.280225 0.12852 0.106873
0.000958999 4.66823 5.11473 4.22173 2.0422 2.32134 1.76306 6.69206 0.446501 0.279143 0.127646 0.105791
0.000986142 4.63505 5.07989 4.19022 2.02777 2.30584 1.74971 6.61534 0.444839 0.278067 0.126783 0.104717
0.00101405 4.60207 5.04525 4.15889 2.01344 2.29043 1.73644 6.5393 0.443181 0.276998 0.125929 0.103651
0.00104275 4.56927 5.0108 4.12775 1.99918 2.27512 1.72325 6.46394 0.441525 0.275936 0.125085 0.102594
0.00107227 4.53667 4.97654 4.0968 1.98502 2.2599 1.71014 6.38926 0.439872 0.274881 0.124251 0.101546
0.00110262 4.50425 4.94247 4.06603 1.97095 2.24478 1.69711 6.31524 0.438222 0.273833 0.123426 0.100505
0.00113382 4.47202 4.9086 4.03545 1.95696 2.22975 1.68416 6.2419 0.436574 0.272791 0.122611 0.0994727
0.00116591 4.43998 4.87491 4.00505 1.94305 2.21481 1.6713 6.16921 0.434929 0.271756 0.121806 0.0984486
0.00119891 4.40813 4.84141 3.97484 1.92923 2.19996 1.65851 6.09718 0.433286 0.270727 0.12101 0.0974325
0.00123285 4.37646 4.8081 3.94481 1.9155 2.1852 1.6458 6.0258 0.431644 0.269704 0.120223 0.0964246
0.00126774 4.34497 4.77498 3.91497 1.90185 2.17054 1.63316 5.95506 0.430005 0.268688 0.119446 0.0954247
0.00130362 4.31367 4.74204 3.88531 1.88829 2.15597 1.62061 5.88497 0.428367 0.267678 0.118679 0.0944328
0.00134052 4.28255 4.70928 3.85582 1.87481 2.14148 1.60813 5.81552 0.42673 0.266674 0.11792 0.0934488
0.00137846 4.25162 4.67671 3.82652 1.86141 2.12709 1.59573 5.74669 0.425095 0.265677 0.117171 0.0924727
0.00141747 4.22086 4.64432 3.79739 1.8481 2.11278 1.58341 5.6785 0.423461 0.264685 0.11643 0.0915045
0.00145759 4.19028 4.6121 3.76845 1.83486 2.09856 1.57117 5.61093 0.421827 0.263698 0.115699 0.090544
0.00149885 4.15987 4.58007 3.73968 1.82171 2.08443 1.559 5.54398 0.420194 0.262718 0.114977 0.0895913
0.00154127 4.12965 4.54821 3.71109 1.80865 2.07039 1.5469 5.47764 0.418562 0.261743 0.114263 0.0886464
0.00158489 4.0996 4.51653 3.68267 1.79566 2.05643 1.53488 5.41192 0.41693 0.260774 0.113559 0.0877091
0.00162975 4.06973 4.48503 3.65443 1.78275 2.04256 1.52294 5.34679 0.415298 0.25981 0.112863 0.0867795
0.00167588 4.04003 4.45369 3.62636 1.76993 2.02878 1.51107 5.28227 0.413666 0.258852 0.112176 0.0858575
0.00172331 4.0105 4.42253 3.59847 1.75718 2.01508 1.49928 5.21835 0.412034 0.257899 0.111498 0.0849429
0.00177209 3.98115 4.39155 3.57075 1.74451 2.00147 1.48756 5.15502 0.410401 0.256951 0.110828 0.0840359
0.00182224 3.95196 4.36073 3.54319 1.73193 1.98793 1.47592 5.09228 0.408767 0.256009 0.110167 0.0831364
0.00187382 3.92295 4.33008 3.51582 1.71942 1.97449 1.46435 5.03012 0.407133 0.255071 0.109514 0.0822442
0.00192685 3.8941 4.2996 3.48861 1.70698 1.96112 1.45285 4.96854 0.405497 0.254138 0.10887 0.0813594
0.00198139 3.86543 4.26929 3.46157 1.69463 1.94784 1.44142 4.90754 0.40386 0.25321 0.108233 0.080482
0.00203747 3.83692 4.23914 3.4347 1.68236 1.93464 1.43007 4.84711 0.402222 0.252287 0.107605 0.0796119
0.00209514 3.80858 4.20916 3.40799 1.67016 1.92152 1.41879 4.78725 0.400581 0.251368 0.106986 0.078749
0.00215443 3.7804 4.17934 3.38146 1.65803 1.90849 1.40758 4.72795 0.398939 0.250454 0.106374 0.0778932
0.00221541 3.75238 4.14968 3.35509 1.64599 1.89553 1.39644 4.66921 0.397294 0.249544 0.10577 0.0770447
0.00227812 3.72453 4.12018 3.32889 1.63401 1.88265 1.38538 4.61103 0.395647 0.248638 0.105174 0.0762033
0.00234259 3.69685 4.09084 3.30285 1.62212 1.86985 1.37438 4.5534 0.393997 0.247737 0.104586 0.0753689
0.0024089 3.66932 4.06166 3.27697 1.6103 1.85714 1.36346 4.49631 0.392344 0.24684 0.104005 0.0745416
0.00247708 3.64195 4.03264 3.25126 1.59855 1.8445 1.3526 4.43977 0.390688 0.245946 0.103432 0.0737213
0.00254719 3.61474 4.00377 3.22572 1.58688 1.83193 1.34182 4.38377 0.389029 0.245057 0.102867 0.072908
0.00261928 3.5877 3.97506 3.20033 1.57528 1.81945 1.3311 4.3283 0.387366 0.244171 0.102309 0.0721015
0.00269341 3.5608 3.9465 3.1751 1.56375 1.80704 1.32046 4.27337 0.385699 0.243289 0.101758 0.0713019
0.00276965 3.53407 3.91809 3.15004 1.55229 1.7947 1.30988 4.21896 0.384028 0.242411 0.101215 0.0705091
0.00284804 3.50749 3.88984 3.12513 1.54091 1.78245 1.29938 4.16508 0.382352 0.241536 0.100678 0.0697232
0.00292864 3.48106 3.86173 3.10039 1.5296 1.77026 1.28894 4.11172 0.380672 0.240664 0.100149 0.068944
0.00301153 3.45479 3.83378 3.0758 1.51836 1.75816 1.27857 4.05887 0.378987 0.239795 0.0996267 0.0681714
0.00309677 3.42867 3.80597 3.05137 1.50719 1.74612 1.26826 4.00654 0.377297 0.23893 0.0991112 0.0674056
0.00318442 3.4027 3.7783 3.0271 1.4961 1.73416 1.25803 3.95471 0.375602 0.238067 0.0986024 0.0666464
0.00327455 3.37688 3.75078 3.00298 1.48507 1.72227 1.24786 3.9034 0.373901 0.237207 0.0981003 0.0658937
0.00336723 3.35122 3.72341 2.97902 1.47411 1.71046 1.23776 3.85258 0.372194 0.23635 0.0976046 0.0651476
0.00346253 3.3257 3.69618 2.95522 1.46322 1.69872 1.22772 3.80226 0.370481 0.235496 0.0971153 0.064408
0.00356053 3.30032 3.66909 2.93156 1.4524 1.68704 1.21776 3.75244 0.368761 0.234644 0.0966323 0.0636749
0.00366131 3.2751 3.64213 2.90806 1.44165 1.67544 1.20785 3.70311 0.367035 0.233794 0.0961554 0.0629482
0.00376494 3.25002 3.61532 2.88472 1.43096 1.66391 1.19802 3.65426 0.365302 0.232946 0.0956846 0.0622279
0.0038715 3.22509 3.58865 2.86152 1.42035 1.65245 1.18825 3.6059 0.363561 0.232101 0.0952197 0.0615139
0.00398107 3.2003 3.56211 2.83848 1.4098 1.64106 1.17854 3.55802 0.361813 0.231257 0.0947606 0.0608062
0.00409375 3.17565 3.53571 2.81559 1.39932 1.62973 1.1689 3.51062 0.360058 0.230415 0.0943071 0.0601048
0.00420962 3.15114 3.50944 2.79285 1.3889 1.61847 1.15932 3.46369 0.358294 0.229575 0.0938591 0.0594096
0.00432876 3.12678 3.4833 2.77026 1.37855 1.60729 1.14981 3.41723 0.356522 0.228737 0.0934166 0.0587206
0.00445128 3.10256 3.4573 2.74781 1.36826 1.59616 1.14036 3.37124 0.354741 0.227899 0.0929793 0.0580377
0.00457727 3.07847 3.43142 2.72552 1.35804 1.58511 1.13098 3.32571 0.352952 0.227063 0.092547 0.0573609
0.00470682 3.05452 3.40568 2.70337 1.34789 1.57412 1.12166 3.28064 0.351153 0.226228 0.0921198 0.0566902
0.00484003 3.03072 3.38006 2.68137 1.3378 1.56319 1.1124 3.23603 0.349345 0.225394 0.0916974 0.0560255
0.00497702 3.00704 3.35457 2.65951 1.32777 1.55233 1.10321 3.19187 0.347527 0.224561 0.0912796 0.0553668
0.00511789 2.9835 3.3292 2.63781 1.3178 1.54153 1.09408 3.14817 0.345699 0.223728 0.0908664 0.054714
0.00526274 2.9601 3.30396 2.61624 1.3079 1.5308 1.08501 3.1049 0.34386 0.222896 0.0904575 0.0540672
0.0054117 2.93683 3.27884 2.59482 1.29806 1.52013 1.076 3.06209 0.342012 0.222065 0.0900529 0.0534262
0.00556486 2.9137 3.25385 2.57354 1.28829 1.50952 1.06705 3.01971 0.340152 0.221233 0.0896522 0.052791
0.00572237 2.89069 3.22897 2.55241 1.27857 1.49897 1.05817 2.97777 0.338281 0.220401 0.0892555 0.0521616
0.00588433 2.86782 3.20422 2.53142 1.26892 1.48849 1.04935 2.93627 0.336399 0.21957 0.0888625 0.0515379
0.00605088 2.84508 3.17958 2.51057 1.25932 1.47806 1.04058 2.89519 0.334505 0.218738 0.088473 0.05092
0.00622213 2.82246 3.15506 2.48986 1.24979 1.46769 1.03188 2.85455 0.332598 0.217905 0.0880869 0.0503077
0.00639824 2.79997 3.13065 2.46929 1.24031 1.45739 1.02324 2.81433 0.33068 0.217072 0.0877039 0.049701
0.00657933 2.77761 3.10636 2.44887 1.2309 1.44714 1.01466 2.77453 0.328749 0.216238 0.087324 0.0490999
0.00676555 2.75538 3.08219 2.42858 1.22154 1.43695 1.00614 2.73515 0.326805 0.215403 0.0869469 0.0485044
0.00695704 2.73327 3.05812 2.40843 1.21225 1.42681 0.99768 2.69618 0.324848 0.214567 0.0865725 0.0479143
0.00715394 2.71129 3.03417 2.38841 1.20301 1.41674 0.989278 2.65763 0.322878 0.213729 0.0862005 0.0473297
0.00735642 2.68943 3.01033 2.36854 1.19383 1.40672 0.980935 2.61949 0.320894 0.21289 0.0858307 0.0467506
0.00756463 2.6677 2.98659 2.3488 1.1847 1.39675 0.972652 2.58175 0.318896 0.21205 0.085463 0.0461768
0.00777874 2.64608 2.96297 2.3292 1.17563 1.38684 0.964426 2.54442 0.316883 0.211207 0.0850971 0.0456084
0.0079989 2.62459 2.93945 2.30973 1.16662 1.37698 0.956259 2.50749 0.314857 0.210362 0.0847329 0.0450452
0.0082253 2.60322 2.91603 2.2904 1.15767 1.36718 0.94815 2.47096 0.312815 0.209516 0.0843701 0.0444873
0.0084581 2.58196 2.89272 2.2712 1.14877 1.35743 0.940099 2.43482 0.310758 0.208666 0.0840086 0.0439347
0.00869749 2.56083 2.86952 2.25214 1.13992 1.34773 0.932106 2.39907 0.308686 0.207814 0.083648 0.0433872
0.00894366 2.53981 2.84641 2.23321 1.13113 1.33809 0.924169 2.36372 0.306599 0.206959 0.0832883 0.0428449
0.00919679 2.51891 2.82341 2.21442 1.12239 1.32849 0.91629 2.32875 0.304496 0.206102 0.0829291 0.0423076
0.00945709 2.49813 2.80051 2.19575 1.11371 1.31895 0.908467 2.29416 0.302376 0.20524 0.0825703 0.0417754
0.00972476 2.47746 2.7777 2.17722 1.10508 1.30945 0.9007 2.25996 0.300241 0.204376 0.0822116 0.0412483
0.01 2.45691 2.755 2.15882 1.0965 1.30001 0.89299 2.22613 0.298089 0.203508 0.0818527 0.0407261
0.010283 2.43646 2.73238 2.14054 1.08797 1.29061 0.885336 2.19268 0.29592 0.202636 0.0814936 0.0402088
0.0105741 2.41614 2.70987 2.1224 1.0795 1.28126 0.877737 2.1596 0.293734 0.20176 0.0811338 0.0396964
0.0108734 2.39592 2.68745 2.10439 1.07107 1.27195 0.870194 2.12689 0.291531 0.200879 0.0807732 0.0391889
0.0111811 2.37582 2.66513 2.08651 1.0627 1.26269 0.862705 2.09454 0.289311 0.199994 0.0804116 0.0386862
0.0114976 2.35582 2.6429 2.06875 1.05438 1.25348 0.855272 2.06256 0.287073 0.199105 0.0800487 0.0381883
0.011823 2.33594 2.62076 2.05112 1.0461 1.24431 0.847893 2.03095 0.284817 0.19821 0.0796842 0.0376951
0.0121576 2.31616 2.59871 2.03362 1.03788 1.23519 0.840568 1.99969 0.282544 0.197311 0.0793179 0.0372066
0.0125017 2.2965 2.57675 2.01624 1.0297 1.22611 0.833297 1.96879 0.280252 0.196406 0.0789496 0.0367227
0.0128556 2.27694 2.55488 1.999 1.02157 1.21707 0.82608 1.93824 0.277943 0.195495 0.0785789 0.0362435
0.0132194 2.25749 2.5331 1.98187 1.01349 1.20807 0.818916 1.90804 0.275615 0.194579 0.0782057 0.0357688
0.0135936 2.23814 2.51141 1.96487 1.00546 1.19912 0.811805 1.87819 0.273268 0.193656 0.0778297 0.0352986
0.0139783 2.2189 2.4898 1.948 0.997474 1.1902 0.804747 1.84868 0.270903 0.192727 0.0774506 0.0348329
0.0143739 2.19976 2.46828 1.93124 0.989533 1.18133 0.797741 1.81952 0.268519 0.191792 0.0770682 0.0343717
0.0147808 2.18073 2.44685 1.91461 0.981638 1.17249 0.790788 1.7907 0.266116 0.19085 0.0766822 0.0339149
0.0151991 2.1618 2.4255 1.89811 0.973788 1.16369 0.783887 1.76221 0.263695 0.189901 0.0762923 0.0334624
0.0156293 2.14298 2.40423 1.88172 0.965981 1.15493 0.777037 1.73407 0.261254 0.188944 0.0758984 0.0330142
0.0160717 2.12425 2.38305 1.86546 0.958219 1.1462 0.770239 1.70625 0.258795 0.187981 0.0755001 0.0325703
0.0165265 2.10563 2.36195 1.84932 0.9505 1.13751 0.763491 1.67876 0.256316 0.187009 0.0750971 0.0321306
0.0169943 2.08711 2.34093 1.83329 0.942824 1.12885 0.756794 1.6516 0.253819 0.18603 0.0746893 0.0316952
0.0174753 2.06869 2.31999 1.81739 0.935189 1.12023 0.750147 1.62477 0.251303 0.185042 0.0742763 0.0312638
0.0179699 2.05037 2.29914 1.8016 0.927596 1.11164 0.743551 1.59825 0.248768 0.184046 0.0738579 0.0308366
0.0184785 2.03215 2.27836 1.78593 0.920045 1.10309 0.737004 1.57206 0.246213 0.183041 0.0734339 0.0304135
0.0190015 2.01403 2.25767 1.77039 0.912533 1.09456 0.730506 1.54618 0.24364 0.182027 0.0730039 0.0299943
0.0195393 1.996 2.23705 1.75495 0.905061 1.08607 0.724058 1.52062 0.241049 0.181004 0.0725678 0.0295792
0.0200923 1.97807 2.21651 1.73964 0.897629 1.0776 0.717657 1.49537 0.238439 0.179971 0.0721253 0.029168
0.020661 1.96024 2.19605 1.72443 0.890234 1.06916 0.711305 1.47043 0.23581 0.178929 0.0716762 0.0287607
0.0212458 1.94251 2.17567 1.70935 0.882878 1.06075 0.705001 1.44579 0.233163 0.177877 0.0712201 0.0283572
0.0218471 1.92488 2.15537 1.69438 0.875559 1.05237 0.698745 1.42146 0.230498 0.176814 0.070757 0.0279576
0.0224655 1.90733 2.13515 1.67952 0.868276 1.04402 0.692535 1.39743 0.227815 0.175741 0.0702865 0.0275617
0.0231013 1.88989 2.115 1.66477 0.86103 1.03569 0.686372 1.37371 0.225114 0.174658 0.0698084 0.0271696
0.0237551 1.87254 2.09494 1.65014 0.853818 1.02738 0.680255 1.35027 0.222396 0.173563 0.0693225 0.0267812
0.0244275 1.85528 2.07494 1.63562 0.846641 1.0191 0.674184 1.32713 0.219661 0.172457 0.0688286 0.0263964
0.0251189 1.83812 2.05503 1.62121 0.839499 1.01084 0.668159 1.30429 0.21691 0.17134 0.0683265 0.0260152
0.0258298 1.82105 2.03519 1.60691 0.832389 1.0026 0.662178 1.28173 0.214142 0.170211 0.067816 0.0256376
0.0265609 1.80408 2.01544 1.59272 0.825311 0.994381 0.656242 1.25946 0.211357 0.16907 0.0672968 0.0252636
0.0273126 1.7872 1.99576 1.57864 0.818266 0.986182 0.650349 1.23747 0.208558 0.167917 0.0667689 0.024893
0.0280857 1.77041 1.97615 1.56467 0.811251 0.978002 0.6445 1.21576 0.205743 0.166751 0.0662321 0.0245258
0.0288806 1.75371 1.95663 1.5508 0.804267 0.969839 0.638694 1.19434 0.202913 0.165572 0.0656861 0.0241621
0.029698 1.73711 1.93718 1.53704 0.797312 0.961693 0.632931 1.17318 0.200069 0.164381 0.0651308 0.0238017
0.0305386 1.7206 1.91781 1.52339 0.790386 0.953562 0.627209 1.15231 0.197212 0.163177 0.0645662 0.0234447
0.0314029 1.70418 1.89852 1.50984 0.783487 0.945446 0.621529 1.1317 0.194341 0.161959 0.063992 0.0230909
0.0322917 1.68785 1.87931 1.49639 0.776616 0.937343 0.615889 1.11136 0.191458 0.160727 0.0634081 0.0227404
0.0332057 1.67161 1.86018 1.48305 0.769771 0.929253 0.610289 1.09129 0.188563 0.159482 0.0628145 0.0223931
0.0341455 1.65547 1.84112 1.46981 0.762951 0.921174 0.604729 1.07149 0.185657 0.158222 0.0622111 0.0220489
0.0351119 1.63941 1.82215 1.45667 0.756156 0.913105 0.599207 1.05194 0.18274 0.156949 0.0615977 0.0217079
0.0361057 1.62345 1.80326 1.44363 0.749384 0.905045 0.593724 1.03265 0.179814 0.155661 0.0609744 0.02137
0.0371276 1.60757 1.78445 1.43069 0.742635 0.896993 0.588278 1.01362 0.176879 0.154358 0.060341 0.0210351
0.0381784 1.59179 1.76572 1.41785 0.735908 0.888948 0.582868 0.994843 0.173936 0.15304 0.0596976 0.0207033
0.039259 1.57609 1.74708 1.40511 0.729202 0.880909 0.577495 0.976316 0.170985 0.151707 0.0590442 0.0203744
0.0403702 1.56049 1.72851 1.39246 0.722515 0.872875 0.572156 0.958037 0.168028 0.150359 0.0583807 0.0200485
0.0415128 1.54497 1.71003 1.37991 0.715848 0.864844 0.566852 0.940003 0.165065 0.148996 0.0577072 0.0197254
0.0426877 1.52954 1.69164 1.36745 0.709198 0.856815 0.561581 0.922213 0.162098 0.147617 0.0570237 0.0194053
0.0438959 1.5142 1.67333 1.35508 0.702565 0.848787 0.556343 0.904664 0.159127 0.146222 0.0563303 0.019088
0.0451383 1.49895 1.65511 1.3428 0.695948 0.840759 0.551137 0.887353 0.156153 0.144811 0.0556271 0.0187734
0.0464159 1.48379 1.63697 1.33062 0.689345 0.83273 0.545961 0.870277 0.153178 0.143385 0.0549142 0.0184617
0.0477296 1.46872 1.61892 1.31852 0.682756 0.824698 0.540814 0.853434 0.150202 0.141942 0.0541916 0.0181526
0.0490805 1.45373 1.60096 1.30651 0.67618 0.816662 0.535697 0.83682 0.147227 0.140483 0.0534597 0.0178463
0.0504697 1.43884 1.58309 1.29458 0.669614 0.808622 0.530606 0.820435 0.144253 0.139008 0.0527184 0.0175426
0.0518981 1.42402 1.56531 1.28274 0.663058 0.800574 0.525542 0.804275 0.141282 0.137516 0.051968 0.0172416
0.053367 1.4093 1.54762 1.27098 0.656511 0.792519 0.520504 0.788337 0.138316 0.136008 0.0512088 0.0169432
0.0548775 1.39466 1.53001 1.25931 0.649972 0.784455 0.515489 0.772619 0.135354 0.134483 0.0504409 0.0166473
0.0564307 1.38011 1.51251 1.24771 0.643439 0.776381 0.510497 0.757118 0.132399 0.132942 0.0496646 0.016354
0.0580278 1.36564 1.49509 1.23619 0.636911 0.768295 0.505526 0.741832 0.129451 0.131384 0.0488802 0.0160632
0.0596702 1.35126 1.47777 1.22474 0.630386 0.760196 0.500576 0.726757 0.126513 0.12981 0.048088 0.0157749
0.0613591 1.33695 1.46054 1.21337 0.623863 0.752082 0.495643 0.711893 0.123585 0.128219 0.0472883 0.015489
0.0630957 1.32274 1.4434 1.20207 0.61734 0.743952 0.490728 0.697235 0.120668 0.126612 0.0464815 0.0152056
0.0648815 1.3086 1.42637 1.19084 0.610817 0.735805 0.485829 0.682781 0.117764 0.124988 0.0456678 0.0149245
0.0667179 1.29455 1.40942 1.17967 0.604291 0.727639 0.480943 0.668528 0.114874 0.123348 0.0448478 0.0146459
0.0686062 1.28057 1.39257 1.16857 0.597762 0.719453 0.47607 0.654475 0.112 0.121692 0.0440218 0.0143696
0.070548 1.26668 1.37582 1.15754 0.591226 0.711246 0.471207 0.640619 0.109143 0.120019 0.0431902 0.0140957
0.0725448 1.25286 1.35916 1.14656 0.584683 0.703014 0.466352 0.626956 0.106304 0.118331 0.0423536 0.0138241
0.074598 1.23912 1.3426 1.13564 0.578131 0.694758 0.461505 0.613484 0.103484 0.116627 0.0415123 0.0135548
0.0767094 1.22545 1.32614 1.12477 0.571569 0.686476 0.456662 0.600201 0.100686 0.114907 0.0406669 0.0132877
0.0788805 1.21186 1.30977 1.11395 0.564994 0.678166 0.451822 0.587105 0.0979095 0.113172 0.0398178 0.0130229
0.0811131 1.19834 1.2935 1.10318 0.558404 0.669826 0.446982 0.574192 0.095157 0.111422 0.0389657 0.0127604
0.0834088 1.18489 1.27732 1.09246 0.551798 0.661455 0.442141 0.56146 0.0924295 0.109657 0.038111 0.0125001
0.0857696 1.17151 1.26124 1.08178 0.545174 0.653051 0.437296 0.548907 0.0897285 0.107878 0.0372543 0.0122421
0.0881971 1.15819 1.24525 1.07114 0.538529 0.644613 0.432445 0.53653 0.0870552 0.106084 0.0363962 0.0119862
0.0906934 1.14494 1.22935 1.06053 0.531863 0.636139 0.427586 0.524327 0.0844108 0.104277 0.0355373 0.0117325
0.0932603 1.13174 1.21354 1.04995 0.525171 0.627628 0.422715 0.512295 0.0817968 0.102456 0.0346781 0.0114811
0.0958999 1.11861 1.19782 1.0394 0.518454 0.619077 0.417831 0.500432 0.0792144 0.100623 0.0338194 0.0112318
0.0986142 1.10553 1.18219 1.02886 0.511707 0.610485 0.41293 0.488736 0.0766649 0.0987772 0.0329616 0.0109847
0.101405 1.0925 1.16665 1.01835 0.50493 0.60185 0.40801 0.477204 0.0741494 0.0969197 0.0321055 0.0107398
0.104275 1.07952 1.15119 1.00785 0.49812 0.59317 0.403069 0.465834 0.0716691 0.0950509 0.0312517 0.0104971
0.107227 1.06659 1.13581 0.997362 0.491273 0.584445 0.398102 0.454624 0.0692253 0.0931714 0.0304008 0.0102565
0.110262 1.05369 1.12051 0.986874 0.48439 0.575672 0.393108 0.443571 0.0668189 0.091282 0.0295534 0.0100181
0.113382 1.04084 1.10529 0.976384 0.477465 0.566849 0.388082 0.432673 0.0644512 0.0893832 0.0287103 0.00978193
0.116591 1.02801 1.09013 0.965887 0.470499 0.557974 0.383023 0.421929 0.0621232 0.0874757 0.027872 0.00954792
0.119891 1.01521 1.07505 0.955377 0.463487 0.549047 0.377926 0.411335 0.0598357 0.0855605 0.0270392 0.00931612
0.123285 1.00244 1.06003 0.944847 0.456427 0.540065 0.372789 0.400891 0.0575899 0.0836381 0.0262126 0.00908652
0.126774 0.989678 1.04506 0.934292 0.449317 0.531027 0.367608 0.390593 0.0553866 0.0817096 0.0253928 0.00885914
0.130362 0.976931 1.03016 0.923704 0.442155 0.521931 0.362379 0.380441 0.0532266 0.0797758 0.0245804 0.008634
0.134052 0.964189 1.0153 0.913078 0.434938 0.512775 0.3571 0.370432 0.0511107 0.0778375 0.0237761 0.0084111
0.137846 0.951445 1.00049 0.902406 0.427663 0.503559 0.351767 0.360564 0.0490397 0.0758959 0.0229804 0.00819048
0.141747 0.938694 0.985708 0.89168 0.420328 0.49428 0.346376 0.350836 0.0470142 0.0739518 0.0221939 0.00797214
0.145759 0.925928 0.970963 0.880893 0.412931 0.484937 0.340924 0.341246 0.0450348 0.0720064 0.0214173 0.00775611
0.149885 0.913139 0.956241 0.870037 0.405468 0.475529 0.335408 0.331792 0.0431022 0.0700608 0.0206512 0.00754242
0.154127 0.90032 0.941537 0.859103 0.397939 0.466055 0.329823 0.322473 0.0412168 0.068116 0.0198959 0.00733109
0.158489 0.887463 0.926841 0.848084 0.39034 0.456514 0.324167 0.313288 0.039379 0.0661733 0.0191522 0.00712214
0.162975 0.874558 0.912147 0.836969 0.38267 0.446904 0.318436 0.304235 0.0375891 0.0642339 0.0184205 0.00691561
0.167588 0.861597 0.897444 0.825749 0.374926 0.437225 0.312627 0.295313 0.0358476 0.0622991 0.0177014 0.00671153
0.172331 0.84857 0.882725 0.814416 0.367106 0.427477 0.306736 0.28652 0.0341546 0.0603701 0.0169951 0.00650994
0.177209 0.835468 0.867978 0.802958 0.35921 0.417658 0.300762 0.277856 0.0325102 0.0584483 0.0163023 0.00631086
0.182224 0.82228 0.853195 0.791366 0.351235 0.40777 0.2947 0.269319 0.0309146 0.056535 0.0156234 0.00611433
0.187382 0.808997 0.838364 0.779629 0.34318 0.397811 0.288548 0.260909 0.0293678 0.0546317 0.0149587 0.0059204
0.192685 0.795606 0.823475 0.767736 0.335044 0.387784 0.282304 0.252624 0.0278698 0.0527398 0.0143085 0.00572909
0.198139 0.782096 0.808517 0.755676 0.326826 0.377687 0.275966 0.244464 0.0264204 0.0508607 0.0136733 0.00554046
0.203747 0.768457 0.793476 0.743437 0.318527 0.367523 0.269531 0.236429 0.0250194 0.0489959 0.0130533 0.00535454
0.209514 0.754675 0.778342 0.731008 0.310147 0.357294 0.263 0.228517 0.0236668 0.047147 0.0124488 0.00517138
0.215443 0.740739 0.763101 0.718377 0.301685 0.347 0.256369 0.220729 0.0223621 0.0453155 0.01186 0.00499101
0.221541 0.726636 0.747741 0.705531 0.293143 0.336646 0.24964 0.213063 0.0211049 0.0435029 0.0112872 0.00481348
0.227812 0.712352 0.732247 0.692458 0.284523 0.326234 0.242812 0.205521 0.0198949 0.0417108 0.0107304 0.00463882
0.234259 0.697876 0.716607 0.679144 0.275827 0.315768 0.235887 0.1981 0.0187316 0.0399407 0.01019 0.00446709
0.24089 0.683192 0.700807 0.665578 0.267059 0.305253 0.228865 0.190802 0.0176144 0.0381943 0.00966593 0.00429832
0.247708 0.668288 0.684831 0.651745 0.258221 0.294694 0.221748 0.183626 0.0165428 0.0364731 0.00915831 0.00413253
0.254719 0.653149 0.668665 0.637633 0.24932 0.284098 0.214541 0.176573 0.015516 0.0347787 0.00866717 0.00396977
0.261928 0.63776 0.652293 0.623227 0.24036 0.273472 0.207247 0.169643 0.0145334 0.0331127 0.00819253 0.00381006
0.269341 0.622106 0.6357 0.608511 0.231348 0.262825 0.199872 0.162835 0.0135942 0.0314766 0.00773434 0.00365341
0.276965 0.606167 0.618865 0.593469 0.222294 0.252165 0.192422 0.156152 0.0126977 0.0298719 0.00729254 0.00349981
0.284804 0.589922 0.601765 0.578079 0.213205 0.241505 0.184905 0.149593 0.0118428 0.0283002 0.006867 0.00334925
0.292864 0.573335 0.584364 0.562306 0.204093 0.230856 0.177331 0.14316 0.0110288 0.0267629 0.00645754 0.00320166
0.301153 0.556334 0.566588 0.546079 0.194972 0.220234 0.169711 0.136854 0.0102546 0.0252614 0.00606385 0.00305685
0.309677 0.538616 0.548135 0.529097 0.185855 0.209652 0.162058 0.130681 0.00951901 0.0237972 0.00568533 0.0029143
0.318442 0.523265 0.532514 0.514016 0.179688 0.202939 0.156436 0.128385 0.00924909 0.0232515 0.00554436 0.00285916
0.321833 0.516967 0.525954 0.507979 0.176323 0.19904 0.153606 0.126129 0.00898726 0.0227171 0.00540702 0.00280502
0.325224 0.510696 0.519429 0.501962 0.172995 0.195189 0.150802 0.123915 0.00873325 0.0221937 0.00527322 0.00275184
0.328614 0.504452 0.512938 0.495965 0.169705 0.191386 0.148024 0.121739 0.0084868 0.0216811 0.00514285 0.0026996
0.332005 0.498234 0.506481 0.489986 0.166453 0.187632 0.145274 0.119602 0.00824764 0.021179 0.00501581 0.00264829
0.335396 0.492042 0.500058 0.484027 0.163238 0.183925 0.14255 0.117502 0.00801554 0.0206873 0.004892 0.00259788
0.338787 0.485876 0.493667 0.478086 0.16006 0.180266 0.139854 0.115439 0.00779026 0.0202057 0.00477132 0.00254836
0.342178 0.479736 0.487308 0.472165 0.156919 0.176654 0.137185 0.113411 0.00757157 0.0197341 0.00465368 0.00249969
0.345569 0.473622 0.480981 0.466262 0.153816 0.173088 0.134544 0.111419 0.00735925 0.0192723 0.00453899 0.00245187
0.348959 0.467532 0.474685 0.460379 0.15075 0.16957 0.13193 0.10946 0.0071531 0.01882 0.00442718 0.00240487
0.35235 0.461468 0.468421 0.454515 0.14772 0.166097 0.129343 0.107535 0.00695291 0.018377 0.00431815 0.00235868
0.355741 0.45543 0.462188 0.448671 0.144728 0.162671 0.126785 0.105642 0.00675848 0.0179433 0.00421182 0.00231329
0.359132 0.449416 0.455986 0.442846 0.141773 0.159291 0.124254 0.103781 0.00656964 0.0175186 0.00410813 0.00226866
0.362523 0.443428 0.449814 0.437042 0.138854 0.155957 0.121751 0.101951 0.00638621 0.0171027 0.00400698 0.00222479
0.365914 0.437465 0.443673 0.431257 0.135972 0.152668 0.119277 0.100151 0.006208 0.0166954 0.00390832 0.00218166
0.369305 0.431527 0.437562 0.425492 0.133127 0.149424 0.116831 0.0983805 0.00603485 0.0162967 0.00381207 0.00213926
0.372695 0.425615 0.431481 0.419748 0.130319 0.146225 0.114413 0.0966393 0.00586661 0.0159063 0.00371817 0.00209757
0.376086 0.419728 0.425431 0.414025 0.127547 0.143071 0.112023 0.0949265 0.00570311 0.015524 0.00362654 0.00205658
0.379477 0.413867 0.419411 0.408323 0.124812 0.139961 0.109662 0.0932415 0.00554421 0.0151497 0.00353713 0.00201627
0.382868 0.408032 0.413422 0.402642 0.122113 0.136896 0.10733 0.0915836 0.00538976 0.0147833 0.00344988 0.00197663
0.386259 0.402223 0.407463 0.396984 0.11945 0.133875 0.105026 0.0899524 0.00523963 0.0144245 0.00336472 0.00193764
0.38965 0.396441 0.401534 0.391347 0.116824 0.130898 0.102751 0.0883472 0.00509368 0.0140734 0.0032816 0.00189931
0.39304 0.390685 0.395636 0.385733 0.114234 0.127964 0.100505 0.0867675 0.00495178 0.0137296 0.00320047 0.0018616
0.396431 0.384956 0.389769 0.380142 0.111681 0.125074 0.0982876 0.0852127 0.00481381 0.013393 0.00312126 0.00182451
0.399822 0.379254 0.383933 0.374574 0.109163 0.122227 0.0960994 0.0836825 0.00467965 0.0130636 0.00304394 0.00178803
0.403213 0.373579 0.378128 0.36903 0.106681 0.119423 0.0939403 0.0821762 0.00454918 0.0127411 0.00296844 0.00175215
0.406604 0.367933 0.372355 0.36351 0.104236 0.116661 0.0918102 0.0806935 0.0044223 0.0124255 0.00289473 0.00171686
0.409995 0.362314 0.366613 0.358015 0.101826 0.113942 0.0897092 0.0792338 0.00429888 0.0121166 0.00282275 0.00168214
0.413385 0.356724 0.360903 0.352545 0.0994516 0.111266 0.0876373 0.0777967 0.00417883 0.0118142 0.00275245 0.00164799
0.416776 0.351163 0.355225 0.347101 0.097113 0.108631 0.0855946 0.0763817 0.00406206 0.0115184 0.0026838 0.00161439
0.420167 0.345631 0.34958 0.341683 0.0948099 0.106039 0.0835811 0.0749885 0.00394845 0.0112288 0.00261675 0.00158134
0.423558 0.340129 0.343967 0.336291 0.0925422 0.103488 0.0815967 0.0736166 0.00383792 0.0109455 0.00255126 0.00154882
0.426949 0.334658 0.338388 0.330927 0.0903098 0.100978 0.0796416 0.0722656 0.00373038 0.0106682 0.00248729 0.00151684
0.43034 0.329216 0.332842 0.325591 0.0881125 0.0985094 0.0777156 0.0709351 0.00362574 0.0103969 0.00242481 0.00148537
0.43373 0.323806 0.32733 0.320282 0.0859501 0.0960816 0.0758187 0.0696248 0.00352391 0.0101314 0.00236376 0.00145441
0.437121 0.318427 0.321852 0.315003 0.0838227 0.0936945 0.073951 0.0683343 0.00342482 0.00987172 0.00230413 0.00142395
0.440512 0.313081 0.316409 0.309752 0.08173 0.0913476 0.0721123 0.0670632 0.00332838 0.00961764 0.00224586 0.00139399
0.443903 0.307766 0.311001 0.304532 0.0796718 0.0890409 0.0703027 0.0658112 0.00323452 0.00936908 0.00218894 0.00136451
0.447294 0.302485 0.305628 0.299342 0.0776481 0.086774 0.0685222 0.064578 0.00314316 0.00912594 0.00213332 0.00133551
0.450685 0.297237 0.300292 0.294183 0.0756586 0.0845468 0.0667705 0.0633632 0.00305424 0.0088881 0.00207897 0.00130699
0.454075 0.292024 0.294991 0.289056 0.0737032 0.0823587 0.0650477 0.0621665 0.00296769 0.00865548 0.00202587 0.00127892
0.457466 0.286844 0.289728 0.283961 0.0717818 0.0802097 0.0633538 0.0609876 0.00288343 0.00842796 0.00197397 0.00125131
0.460857 0.2817 0.284501 0.278899 0.069894 0.0780995 0.0616886 0.0598262 0.0028014 0.00820545 0.00192326 0.00122416
0.464248 0.276591 0.279313 0.27387 0.0680398 0.0760276 0.0600519 0.0586821 0.00272155 0.00798786 0.00187371 0.00119744
0.467639 0.271519 0.274163 0.268875 0.0662189 0.073994 0.0584438 0.0575548 0.0026438 0.00777509 0.00182528 0.00117116
0.47103 0.266483 0.269051 0.263915 0.0644312 0.0719982 0.0568641 0.0564442 0.00256811 0.00756704 0.00177795 0.00114531
0.47442 0.261484 0.263978 0.25899 0.0626763 0.07004 0.0553127 0.0553501 0.00249441 0.00736363 0.00173169 0.00111989
0.477811 0.256523 0.258946 0.2541 0.0609542 0.068119 0.0537894 0.054272 0.00242266 0.00716477 0.00168648 0.00109488
0.481202 0.2516 0.253953 0.249248 0.0592646 0.066235 0.0522943 0.0532098 0.00235279 0.00697036 0.0016423 0.00107028
0.484593 0.246717 0.249001 0.244432 0.0576074 0.0643877 0.050827 0.0521633 0.00228476 0.00678033 0.00159912 0.00104609
0.487984 0.241872 0.244091 0.239654 0.055982 0.0625766 0.0493874 0.0511322 0.00221851 0.00659458 0.00155692 0.00102231
0.491375 0.237068 0.239222 0.234914 0.0543886 0.0608016 0.0479755 0.0501162 0.00215401 0.00641305 0.00151567 0.000998912
0.494765 0.232304 0.234395 0.230213 0.0528267 0.0590623 0.046591 0.0491152 0.00209119 0.00623563 0.00147536 0.000975909
0.498156 0.227581 0.229611 0.225551 0.051296 0.0573583 0.0452338 0.0481289 0.00203003 0.00606227 0.00143595 0.000953291
0.501547 0.2229 0.224871 0.22093 0.0497965 0.0556893 0.0439036 0.0471572 0.00197046 0.00589287 0.00139744 0.000931053
0.504938 0.218261 0.220174 0.216349 0.0483276 0.054055 0.0426003 0.0461997 0.00191246 0.00572736 0.00135981 0.000909189
0.508329 0.213665 0.215521 0.211809 0.0468894 0.052455 0.0413237 0.0452564 0.00185597 0.00556566 0.00132302 0.000887696
0.51172 0.209112 0.210913 0.207311 0.0454813 0.050889 0.0400736 0.0443269 0.00180097 0.00540771 0.00128707 0.000866568
0.51511 0.204603 0.206351 0.202856 0.0441032 0.0493566 0.0388498 0.0434112 0.0017474 0.00525342 0.00125194 0.0008458
0.518501 0.200139 0.201834 0.198443 0.0427548 0.0478575 0.0376521 0.042509 0.00169524 0.00510274 0.00121761 0.000825389
0.521892 0.195719 0.197363 0.194074 0.0414357 0.0463913 0.0364802 0.0416202 0.00164445 0.00495558 0.00118405 0.00080533
0.525283 0.191345 0.19294 0.18975 0.0401458 0.0449577 0.0353339 0.0407446 0.00159499 0.00481188 0.00115126 0.000785618
0.528674 0.187016 0.188563 0.185469 0.0388846 0.0435562 0.034213 0.039882 0.00154682 0.00467157 0.00111922 0.00076625
0.532065 0.182734 0.184234 0.181234 0.0376519 0.0421865 0.0331173 0.0390322 0.00149992 0.00453459 0.00108791 0.00074722
0.535455 0.1785 0.179954 0.177045 0.0364473 0.0408482 0.0320465 0.0381952 0.00145426 0.00440087 0.00105732 0.000728526
0.538846 0.174312 0.175722 0.172902 0.0352706 0.039541 0.0310003 0.0373706 0.00140979 0.00427035 0.00102742 0.000710163
0.542237 0.170173 0.171539 0.168806 0.0341215 0.0382644 0.0299785 0.0365585 0.00136649 0.00414296 0.000998218 0.000692127
0.545628 0.166082 0.167406 0.164758 0.0329995 0.0370181 0.0289808 0.0357586 0.00132434 0.00401864 0.000969685 0.000674414
0.549019 0.16204 0.163323 0.160757 0.0319044 0.0358017 0.028007 0.0349708 0.0012833 0.00389734 0.000941811 0.000657021
0.55241 0.158047 0.159291 0.156804 0.0308358 0.0346148 0.0270568 0.0341949 0.00124334 0.00377899 0.000914581 0.000639944
0.5558 0.154104 0.155309 0.1529 0.0297934 0.033457 0.0261299 0.0334308 0.00120444 0.00366353 0.000887984 0.000623178
0.559191 0.150212 0.151378 0.149045 0.0287769 0.0323279 0.025226 0.0326784 0.00116657 0.00355092 0.000862005 0.000606722
0.562582 0.14637 0.147499 0.14524 0.027786 0.031227 0.0243449 0.0319376 0.00112971 0.00344108 0.000836633 0.00059057
0.565973 0.142579 0.143673 0.141485 0.0268201 0.0301541 0.0234862 0.0312081 0.00109383 0.00333397 0.000811856 0.00057472
0.569364 0.138839 0.139898 0.137781 0.0258791 0.0291087 0.0226496 0.03049 0.0010589 0.00322954 0.00078766 0.000559167
0.572755 0.135152 0.136177 0.134127 0.0249626 0.0280903 0.0218349 0.029783 0.00102491 0.00312772 0.000764035 0.00054391
0.576146 0.131517 0.132508 0.130525 0.0240702 0.0270986 0.0210417 0.0290871 0.000991833 0.00302847 0.000740969 0.000528943
0.579536 0.127934 0.128893 0.126974 0.0232015 0.0261332 0.0202698 0.0284021 0.000959643 0.00293174 0.000718451 0.000514265
0.582927 0.124404 0.125332 0.123475 0.0223562 0.0251937 0.0195188 0.027728 0.000928321 0.00283747 0.00069647 0.000499871
0.586318 0.120927 0.121825 0.120029 0.021534 0.0242796 0.0187884 0.0270645 0.000897844 0.00274562 0.000675016 0.000485759
0.589709 0.117503 0.118372 0.116635 0.0207344 0.0233905 0.0180783 0.0264117 0.000868194 0.00265613 0.000654079 0.000471925
0.5931 0.114134 0.114973 0.113294 0.0199571 0.0225261 0.0173882 0.0257694 0.00083935 0.00256896 0.000633647 0.000458366
0.596491 0.110818 0.111629 0.110007 0.0192018 0.0216858 0.0167177 0.0251374 0.000811293 0.00248407 0.000613712 0.000445079
0.599881 0.107556 0.10834 0.106772 0.018468 0.0208694 0.0160666 0.0245158 0.000784005 0.0024014 0.000594264 0.00043206
0.603272 0.104349 0.105107 0.103592 0.0177554 0.0200763 0.0154345 0.0239043 0.000757466 0.00232091 0.000575292 0.000419308
0.606663 0.101197 0.101929 0.100465 0.0170636 0.0193062 0.0148211 0.023303 0.000731659 0.00224255 0.000556789 0.000406818
0.610054 0.0980992 0.0988057 0.0973926 0.0163923 0.0185586 0.014226 0.0227116 0.000706566 0.00216629 0.000538745 0.000394587
0.613445 0.0950564 0.0957386 0.0943742 0.0157411 0.0178332 0.013649 0.0221302 0.000682172 0.00209208 0.00052115 0.000382613
0.616836 0.0920687 0.0927271 0.0914102 0.0151096 0.0171294 0.0130897 0.0215586 0.000658458 0.00201987 0.000503997 0.000370893
0.620226 0.0891361 0.0897715 0.0885007 0.0144974 0.016447 0.0125478 0.0209967 0.00063541 0.00194963 0.000487277 0.000359423
0.623617 0.0862588 0.0868718 0.0856457 0.0139042 0.0157855 0.0120229 0.0204444 0.000613011 0.00188131 0.000470981 0.000348201
0.627008 0.0834368 0.084028 0.0828455 0.0133296 0.0151444 0.0115147 0.0199016 0.000591246 0.00181487 0.000455102 0.000337224
0.630399 0.08067 0.0812401 0.0800999 0.0127732 0.0145235 0.0110229 0.0193684 0.0005701 0.00175028 0.00043963 0.000326488
0.63379 0.0779586 0.0785082 0.077409 0.0122346 0.0139221 0.0105472 0.0188445 0.000549559 0.00168749 0.00042456 0.000315991
0.637181 0.0753025 0.0758321 0.0747729 0.0117136 0.0133401 0.0100871 0.0183298 0.000529608 0.00162647 0.000409882 0.00030573
0.640571 0.0727017 0.0732119 0.0721914 0.0112097 0.0127769 0.00964249 0.0178244 0.000510234 0.00156718 0.000395589 0.000295702
0.643962 0.0701561 0.0706475 0.0696646 0.0107225 0.0122321 0.00921292 0.0173281 0.000491423 0.00150958 0.000381675 0.000285904
0.647353 0.0676656 0.0681387 0.0671924 0.0102517 0.0117054 0.00879809 0.0168409 0.000473162 0.00145363 0.00036813 0.000276334
0.650744 0.0652301 0.0656855 0.0647746 0.00979697 0.0111963 0.00839766 0.0163626 0.000455438 0.00139931 0.00035495 0.000266988
0.654135 0.0628494 0.0632876 0.0624112 0.00935788 0.0107044 0.00801131 0.0158932 0.000438238 0.00134657 0.000342125 0.000257863
0.657526 0.0605234 0.060945 0.0601019 0.0089341 0.0102295 0.00763872 0.0154325 0.00042155 0.00129538 0.00032965 0.000248957
0.660916 0.058252 0.0586574 0.0578466 0.00852527 0.00977098 0.00727956 0.0149807 0.000405363 0.00124571 0.000317518 0.000240267
0.664307 0.0560348 0.0564245 0.0556452 0.00813103 0.00932855 0.00693351 0.0145374 0.000389663 0.00119752 0.000305721 0.00023179
0.667698 0.0538717 0.0542461 0.0534972 0.00775104 0.00890182 0.00660026 0.0141027 0.00037444 0.00115078 0.000294254 0.000223523
0.671089 0.0517623 0.052122 0.0514026 0.00738494 0.0084904 0.00627948 0.0136765 0.000359682 0.00110546 0.00028311 0.000215463
0.67448 0.0497064 0.0500518 0.049361 0.0070324 0.00809392 0.00597087 0.0132587 0.000345379 0.00106152 0.000272283 0.000207608
0.677871 0.0477036 0.0480351 0.0473721 0.00669305 0.00771199 0.00567411 0.0128493 0.00033152 0.00101894 0.000261766 0.000199954
0.681261 0.0457536 0.0460717 0.0454355 0.00636657 0.00734426 0.00538888 0.0124481 0.000318093 0.000977686 0.000251553 0.0001925
0.684652 0.043856 0.0441611 0.0435509 0.00605262 0.00699035 0.0051149 0.0120551 0.00030509 0.000937724 0.000241638 0.000185241
0.688043 0.0420105 0.042303 0.041718 0.00575087 0.0066499 0.00485184 0.0116702 0.000292499 0.000899026 0.000232016 0.000178176
0.691434 0.0402165 0.0404968 0.0399362 0.00546098 0.00632254 0.00459941 0.0112933 0.000280311 0.000861564 0.00022268 0.0001713
0.694825 0.0384736 0.0387422 0.0382051 0.00518263 0.00600794 0.00435732 0.0109244 0.000268517 0.000825308 0.000213624 0.000164613
0.698216 0.0367815 0.0370386 0.0365244 0.00491551 0.00570574 0.00412528 0.0105634 0.000257106 0.00079023 0.000204843 0.00015811
0.701606 0.0351395 0.0353855 0.0348934 0.00465928 0.00541558 0.00390297 0.0102101 0.000246069 0.000756303 0.000196331 0.000151789
0.704997 0.0335471 0.0337825 0.0333117 0.00441363 0.00513713 0.00369013 0.00986466 0.000235398 0.000723499 0.000188083 0.000145647
0.708388 0.0320038 0.0322289 0.0317787 0.00417826 0.00487005 0.00348647 0.00952684 0.000225084 0.000691792 0.000180093 0.000139682
0.711779 0.030509 0.0307242 0.0302939 0.00395286 0.00461402 0.00329171 0.0091966 0.000215117 0.000661154 0.000172355 0.00013389
0.71517 0.0290622 0.0292677 0.0288567 0.00373713 0.00436869 0.00310557 0.00887387 0.000205489 0.000631561 0.000164865 0.000128269
0.718561 0.0276627 0.0278589 0.0274665 0.00353078 0.00413376 0.00292779 0.00855857 0.000196192 0.000602987 0.000157618 0.000122816
0.721951 0.0263098 0.0264971 0.0261226 0.0033335 0.00390891 0.0027581 0.00825063 0.000187217 0.000575406 0.000150607 0.000117528
0.725342 0.025003 0.0251816 0.0248244 0.00314502 0.00369381 0.00259623 0.00794997 0.000178557 0.000548794 0.000143827 0.000112402
0.728733 0.0237415 0.0239117 0.0235713 0.00296504 0.00348817 0.00244192 0.00765652 0.000170203 0.000523126 0.000137275 0.000107435
0.732124 0.0225246 0.0226868 0.0223625 0.0027933 0.00329168 0.00229492 0.0073702 0.000162149 0.000498379 0.000130944 0.000102626
0.735515 0.0213517 0.0215061 0.0211973 0.00262952 0.00310405 0.00215499 0.00709093 0.000154385 0.00047453 0.000124831 9.797e-05
0.738906 0.0202219 0.0203688 0.020075 0.00247342 0.00292498 0.00202187 0.00681864 0.000146905 0.000451554 0.000118929 9.34655e-05
0.742296 0.0191346 0.0192743 0.0189949 0.00232475 0.00275419 0.00189532 0.00655325 0.000139701 0.000429431 0.000113234 8.91093e-05
0.745687 0.0180889 0.0182216 0.0179561 0.00218325 0.00259139 0.00177512 0.00629468 0.000132766 0.000408137 0.000107742 8.48986e-05
0.749078 0.0170841 0.0172102 0.016958 0.00204867 0.00243632 0.00166102 0.00604285 0.000126093 0.00038765 0.000102447 8.08308e-05
0.752469 0.0161193 0.016239 0.0159996 0.00192075 0.0022887 0.0015528 0.00579769 0.000119676 0.000367949 9.73458e-05 7.69029e-05
0.75586 0.0151938 0.0153073 0.0150803 0.00179925 0.00214826 0.00145024 0.00555912 0.000113506 0.000349013 9.24329e-05 7.31123e-05
0.759251 0.0143068 0.0144143 0.0141992 0.00168394 0.00201476 0.00135312 0.00532705 0.000107579 0.000330821 8.77039e-05 6.94562e-05
0.762641 0.0134573 0.0135592 0.0133554 0.00157458 0.00188793 0.00126122 0.00510141 0.000101886 0.000313352 8.31545e-05 6.59318e-05
0.766032 0.0126445 0.0127409 0.0125481 0.00147094 0.00176752 0.00117435 0.00488212 9.64213e-05 0.000296587 7.87802e-05 6.25364e-05
0.769423 0.0118676 0.0119588 0.0117764 0.0013728 0.00165331 0.0010923 0.0046691 9.11791e-05 0.000280505 7.45766e-05 5.92673e-05
0.772814 0.0111257 0.0112119 0.0110396 0.00127995 0.00154504 0.00101486 0.00446226 8.61529e-05 0.000265088 7.05395e-05 5.61216e-05
0.776205 0.0104179 0.0104993 0.0103366 0.00119217 0.00144248 0.000941853 0.00426153 8.13364e-05 0.000250316 6.66646e-05 5.30967e-05
0.779596 0.00974339 0.00982011 0.00966667 0.00110925 0.00134542 0.000873082 0.00406682 7.67238e-05 0.00023617 6.29476e-05 5.01898e-05
0.782986 0.00910117 0.00917348 0.00902886 0.001031 0.00125363 0.000808367 0.00387805 7.23091e-05 0.000222633 5.93845e-05 4.73983e-05
0.786377 0.00849039 0.00855848 0.0084223 0.000957213 0.0011669 0.000747527 0.00369514 6.80865e-05 0.000209686 5.59712e-05 4.47194e-05
0.789768 0.00791014 0.00797419 0.00784609 0.000887701 0.00108501 0.000690391 0.00351799 6.40502e-05 0.000197311 5.27034e-05 4.21505e-05
0.793159 0.00735952 0.00741971 0.00729932 0.000822279 0.00100777 0.000636788 0.00334654 6.01948e-05 0.00018549 4.95774e-05 3.96888e-05
0.79655 0.00683762 0.00689414 0.00678111 0.000760764 0.000934972 0.000586556 0.00318069 5.65147e-05 0.000174208 4.65891e-05 3.73318e-05
0.799941 0.00634355 0.00639655 0.00629054 0.00070298 0.000866426 0.000539533 0.00302036 5.30044e-05 0.000163447 4.37346e-05 3.50767e-05
0.803332 0.00587637 0.00592603 0.00582671 0.000648757 0.000801946 0.000495567 0.00286546 4.96588e-05 0.00015319 4.10101e-05 3.29209e-05
0.806722 0.0054352 0.00548167 0.00538873 0.000597928 0.000741349 0.000454507 0.00271591 4.64725e-05 0.000143421 3.84118e-05 3.08618e-05
0.810113 0.00501914 0.00506258 0.0049757 0.000550334 0.000684458 0.000416209 0.00257161 4.34405e-05 0.000134124 3.59358e-05 2.88968e-05
0.813504 0.00462728 0.00466784 0.00458672 0.000505816 0.000631101 0.000380532 0.00243248 4.05577e-05 0.000125285 3.35785e-05 2.70233e-05
0.816895 0.00425873 0.00429655 0.00422091 0.000464226 0.000581113 0.000347339 0.00229844 3.78192e-05 0.000116887 3.13363e-05 2.52387e-05
0.820286 0.00391261 0.00394783 0.00387739 0.000425416 0.000534331 0.000316501 0.00216939 3.52201e-05 0.000108915 2.92055e-05 2.35404e-05
0.823677 0.00358803 0.00362079 0.00355528 0.000389245 0.0004906 0.00028789 0.00204525 3.27557e-05 0.000101355 2.71826e-05 2.1926e-05
0.827067 0.00328413 0.00331455 0.00325371 0.000355576 0.000449769 0.000261384 0.00192592 3.04213e-05 9.41924e-05 2.5264e-05 2.03928e-05
0.830458 0.00300005 0.00302826 0.00297184 0.000324278 0.000411691 0.000236865 0.00181131 2.82124e-05 8.74129e-05 2.34463e-05 1.89384e-05
0.833849 0.00273492 0.00276105 0.0027088 0.000295223 0.000376226 0.00021422 0.00170134 2.61243e-05 8.10026e-05 2.17261e-05 1.75604e-05
0.83724 0.00248793 0.00251208 0.00246377 0.000268288 0.000343236 0.00019334 0.0015959 2.41527e-05 7.4948e-05 2.01e-05 1.62561e-05
0.840631 0.00225822 0.00228051 0.00223593 0.000243356 0.000312591 0.00017412 0.00149492 2.22933e-05 6.92356e-05 1.85647e-05 1.50233e-05
0.844022 0.002045 0.00206554 0.00202445 0.000220312 0.000284164 0.000156459 0.0013983 2.05419e-05 6.38526e-05 1.71169e-05 1.38594e-05
0.847412 0.00184746 0.00186635 0.00182856 0.000199047 0.000257832 0.000140261 0.00130594 1.88941e-05 5.87859e-05 1.57534e-05 1.27622e-05
0.850803 0.00166481 0.00168216 0.00164746 0.000179455 0.000233478 0.000125432 0.00121775 1.73461e-05 5.40233e-05 1.44711e-05 1.17291e-05
0.854194 0.00149629 0.00151219 0.0014804 0.000161436 0.000210989 0.000111884 0.00113364 1.58936e-05 4.95522e-05 1.32668e-05 1.0758e-05
0.857585 0.00134115 0.00135568 0.00132661 0.000144894 0.000190255 9.95329e-05 0.00105351 1.4533e-05 4.53609e-05 1.21374e-05 9.84645e-06
0.860976 0.00119864 0.0012119 0.00118538 0.000129735 0.000171172 8.8297e-05 0.000977271 1.32601e-05 4.14375e-05 1.108e-05 8.99219e-06
0.864367 0.00106806 0.00108013 0.00105599 0.00011587 0.00015364 7.80992e-05 0.000904823 1.20715e-05 3.77706e-05 1.00916e-05 8.19296e-06
0.867757 0.000948708 0.000959671 0.000937744 0.000103215 0.000137564 6.88658e-05 0.000836074 1.09632e-05 3.43489e-05 9.16924e-06 7.44654e-06
0.871148 0.000839899 0.000849831 0.000829967 9.16882e-05 0.00012285 6.05267e-05 0.000770925 9.93176e-06 3.11615e-05 8.31011e-06 6.75073e-06
0.874539 0.000740978 0.000749952 0.000732005 8.1213e-05 0.000109411 5.30154e-05 0.000709282 8.97362e-06 2.81976e-05 7.51138e-06 6.10337e-06
0.87793 0.000651309 0.000659394 0.000643223 7.17154e-05 9.71621e-05 4.62686e-05 0.000651048 8.08533e-06 2.54468e-05 6.77031e-06 5.50233e-06
0.881321 0.000570272 0.000577536 0.000563009 6.31253e-05 8.60241e-05 4.02264e-05 0.000596125 7.26352e-06 2.28988e-05 6.08418e-06 4.94549e-06
0.884712 0.000497274 0.000503779 0.000490769 5.5376e-05 7.59197e-05 3.48322e-05 0.000544417 6.50489e-06 2.05438e-05 5.45037e-06 4.4308e-06
0.888102 0.000431741 0.000437547 0.000425935 4.84042e-05 6.67761e-05 3.00324e-05 0.000495826 5.80622e-06 1.83719e-05 4.86626e-06 3.95623e-06
0.891493 0.000373122 0.000378287 0.000367958 4.21501e-05 5.85237e-05 2.57764e-05 0.000450254 5.16438e-06 1.63737e-05 4.32934e-06 3.51978e-06
0.894884 0.000320888 0.000325464 0.000316312 3.65567e-05 5.10966e-05 2.20168e-05 0.000407603 4.57632e-06 1.45399e-05 3.8371e-06 3.11949e-06
0.898275 0.000274533 0.000278572 0.000270494 3.15703e-05 4.44319e-05 1.87087e-05 0.000367776 4.03904e-06 1.28616e-05 3.38714e-06 2.75343e-06
0.901666 0.000233572 0.000237122 0.000230023 2.71404e-05 3.84704e-05 1.58104e-05 0.000330673 3.54964e-06 1.133e-05 2.97708e-06 2.41974e-06
0.905057 0.000197547 0.000200652 0.000194442 2.32191e-05 3.31558e-05 1.32825e-05 0.000296198 3.1053e-06 9.93663e-06 2.6046e-06 2.11656e-06
0.908447 0.000166019 0.000168722 0.000163315 1.97617e-05 2.84348e-05 1.10885e-05 0.00026425 2.70326e-06 8.67315e-06 2.26746e-06 1.8421e-06
0.911838 0.000138573 0.000140914 0.000136232 1.67258e-05 2.42573e-05 9.19422e-06 0.000234731 2.34086e-06 7.53156e-06 1.96346e-06 1.59459e-06
0.915229 0.000114818 0.000116833 0.000112802 1.4072e-05 2.05761e-05 7.56794e-06 0.000207544 2.01551e-06 6.50406e-06 1.69045e-06 1.37232e-06
0.91862 9.43844e-05 9.61091e-05 9.26597e-05 1.17634e-05 1.73465e-05 6.18028e-06 0.000182589 1.72469e-06 5.5831e-06 1.44637e-06 1.17362e-06
0.922011 7.69262e-05 7.83922e-05 7.54603e-05 9.76543e-06 1.45268e-05 5.00409e-06 0.000159769 1.46597e-06 4.76134e-06 1.2292e-06 9.96846e-07
0.925402 6.2119e-05 6.3356e-05 6.0882e-05 8.04606e-06 1.20778e-05 4.01434e-06 0.000138984 1.23699e-06 4.03172e-06 1.03697e-06 8.40429e-07
0.928792 4.96604e-05 5.06958e-05 4.86249e-05 6.57547e-06 9.96284e-06 3.18809e-06 0.000120137 1.03548e-06 3.38738e-06 8.67808e-07 7.02828e-07
0.932183 3.92698e-05 4.0129e-05 3.84106e-05 5.32605e-06 8.14775e-06 2.50434e-06 0.00010313 8.59234e-07 2.8217e-06 7.19869e-07 5.82555e-07
0.935574 3.06879e-05 3.13941e-05 2.99818e-05 4.27231e-06 6.60064e-06 1.94398e-06 8.78649e-05 7.06146e-07 2.32833e-06 5.9139e-07 4.78171e-07
0.938965 2.36763e-05 2.42504e-05 2.31021e-05 3.39078e-06 5.2919e-06 1.48966e-06 7.42452e-05 5.74178e-07 1.90112e-06 4.80669e-07 3.88287e-07
0.942356 1.80166e-05 1.84779e-05 1.75552e-05 2.65994e-06 4.19411e-06 1.12576e-06 6.21739e-05 4.61379e-07 1.53417e-06 3.86067e-07 3.11565e-07
0.945747 1.35103e-05 1.38762e-05 1.31444e-05 2.06009e-06 3.28192e-06 8.38256e-07 5.15551e-05 3.65877e-07 1.22183e-06 3.06016e-07 2.46718e-07
0.949137 9.97818e-06 1.02641e-05 9.69229e-06 1.57333e-06 2.53201e-06 6.14643e-07 4.22932e-05 2.85886e-07 9.58683e-07 2.39012e-07 1.92517e-07
0.952528 7.25941e-06 7.47911e-06 7.03971e-06 1.18341e-06 1.92296e-06 4.43867e-07 3.42938e-05 2.19702e-07 7.39546e-07 1.83621e-07 1.47783e-07
0.955919 5.21105e-06 5.37676e-06 5.04535e-06 8.75716e-07 1.43521e-06 3.16224e-07 2.74634e-05 1.65708e-07 5.59492e-07 1.38478e-07 1.11396e-07
0.95931 3.70737e-06 3.82974e-06 3.585e-06 6.37122e-07 1.05096e-06 2.23287e-07 2.171e-05 1.22371e-07 4.13834e-07 1.02292e-07 8.22942e-08
0.962701 2.63911e-06 2.72735e-06 2.55086e-06 4.55963e-07 7.54101e-07 1.57824e-07 1.69434e-05 8.82464e-08 2.98138e-07 7.38405e-08 5.94738e-08
0.966092 1.91287e-06 1.97485e-06 1.85089e-06 3.21949e-07 5.3017e-07 1.13729e-07 1.3076e-05 6.19788e-08 2.08221e-07 5.19786e-08 4.19922e-08
0.969482 1.45058e-06 1.49288e-06 1.40828e-06 2.2611e-07 3.66266e-07 8.59539e-08 1.00239e-05 4.23025e-08 1.40156e-07 3.56358e-08 2.89692e-08
0.972873 1.18924e-06 1.21728e-06 1.1612e-06 1.60755e-07 2.51037e-07 7.0473e-08 7.70919e-06 2.80437e-08 9.02821e-08 2.3819e-08 1.95886e-08
0.976264 1.08142e-06 1.09954e-06 1.0633e-06 1.1949e-07 1.74695e-07 6.42851e-08 6.06455e-06 1.81221e-08 5.5205e-08 1.56142e-08 1.30995e-08
0.979655 1.09777e-06 1.10933e-06 1.08622e-06 9.73515e-08 1.29159e-07 6.55436e-08 5.04353e-06 1.1552e-08 3.18079e-08 1.01872e-08 8.8167e-09
0.983046 1.23593e-06 1.24337e-06 1.22849e-06 9.13347e-08 1.08593e-07 7.40761e-08 4.64938e-06 7.4412e-09 1.72586e-08 6.78215e-09 6.11946e-09
0.986437 1.55659e-06 1.56157e-06 1.55161e-06 1.02561e-07 1.11578e-07 9.35443e-08 5.03737e-06 4.98078e-09 9.01677e-09 4.71089e-09 4.4391e-09
0.989827 2.4278e-06 2.43119e-06 2.42442e-06 1.50983e-07 1.55803e-07 1.46162e-07 7.09993e-06 3.38208e-09 4.8203e-09 3.28631e-09 3.1897e-09
0.993218 1.18217e-05 1.1822e-05 1.18213e-05 7.15747e-07 7.18817e-07 7.12676e-07 4.1843e-05 3.61536e-10 3.07053e-09 1.81646e-10 -2.11758e-22
4.01075e-314 inf inf inf inf inf inf 0.000308452 15.8538 0.606205 0.398186 0.236924
