9.72476e-05 19.3198 20.2844 18.3552 10.6781 11.3673 9.98887 27.3271 0.96456 0.689212 0.412789 0.402796
0.0001 19.1924 20.152 18.2328 10.6063 11.2916 9.92106 27.0608 0.959617 0.685284 0.409479 0.399379
0.00010283 19.0665 20.0212 18.1118 10.5355 11.2168 9.85408 26.7967 0.9547 0.681381 0.406195 0.395986
0.000105741 18.9444 19.8942 17.9946 10.4667 11.1442 9.78922 26.5348 0.94981 0.677502 0.402935 0.392617
0.000108734 18.8168 19.7617 17.8718 10.3949 11.0685 9.72121 26.2749 0.944946 0.673646 0.3997 0.389271
0.000111811 18.6898 19.6299 17.7497 10.3234 10.9932 9.6536 26.0172 0.940108 0.669816 0.39649 0.385949
0.000114976 18.5636 19.4989 17.6283 10.2524 10.9184 9.58635 25.7616 0.935296 0.666008 0.393304 0.38265
0.00011823 18.4381 19.3686 17.5076 10.1817 10.8439 9.5195 25.508 0.93051 0.662225 0.390142 0.379374
0.000121576 18.3133 19.239 17.3875 10.1115 10.7699 9.45302 25.2565 0.925749 0.658466 0.387005 0.376121
0.000125017 18.1891 19.1101 17.2681 10.0416 10.6964 9.38692 25.0071 0.921014 0.654729 0.383892 0.372892
0.000128556 18.0657 18.982 17.1494 9.9722 10.6232 9.32119 24.7597 0.916305 0.651016 0.380802 0.369684
0.000132194 17.943 18.8546 17.0313 9.90317 10.5505 9.25584 24.5144 0.91162 0.647327 0.377737 0.3665
0.000135936 17.8209 18.7279 16.9139 9.83452 10.4782 9.19086 24.271 0.906961 0.64366 0.374695 0.363339
0.000139783 17.6995 18.6018 16.7972 9.76626 10.4063 9.12625 24.0297 0.902326 0.640017 0.371676 0.360199
0.000143739 17.5788 18.4765 16.6811 9.69841 10.3348 9.06201 23.7903 0.897715 0.636396 0.368682 0.357082
0.000147808 17.4588 18.3519 16.5657 9.63093 10.2637 8.99813 23.5529 0.893129 0.632797 0.36571 0.353987
0.000151991 17.3395 18.228 16.4509 9.56384 10.1931 8.93462 23.3175 0.888568 0.629222 0.362761 0.350914
0.000156293 17.2208 18.1048 16.3368 9.49714 10.1228 8.87147 23.084 0.88403 0.625668 0.359836 0.347863
0.000160717 17.1028 17.9823 16.2233 9.43083 10.053 8.80869 22.8524 0.879516 0.622137 0.356934 0.344833
0.000165265 16.9854 17.8605 16.1104 9.36489 9.98352 8.74626 22.6228 0.875026 0.618627 0.354054 0.341825
0.000169943 16.8688 17.7393 15.9982 9.29934 9.91448 8.6842 22.395 0.87056 0.61514 0.351198 0.338839
0.000174753 16.7527 17.6189 15.8866 9.23417 9.84584 8.62249 22.1692 0.866117 0.611675 0.348363 0.335874
0.000179699 16.6374 17.4991 15.7757 9.16937 9.7776 8.56113 21.9452 0.861697 0.608231 0.345551 0.332929
0.000184785 16.5227 17.38 15.6654 9.10495 9.70976 8.50014 21.7231 0.8573 0.604808 0.342762 0.330007
0.000190015 16.4086 17.2615 15.5557 9.04089 9.6423 8.43949 21.5028 0.852926 0.601407 0.339995 0.327105
0.000195393 16.2952 17.1437 15.4466 8.97722 9.57524 8.37919 21.2844 0.848575 0.598027 0.33725 0.324224
0.000200923 16.1824 17.0266 15.3381 8.91391 9.50858 8.31924 21.0678 0.844246 0.594669 0.334526 0.321363
0.00020661 16.0702 16.9102 15.2303 8.85097 9.4423 8.25964 20.853 0.83994 0.591331 0.331825 0.318523
0.000212458 15.9587 16.7944 15.1231 8.78839 9.37641 8.20038 20.64 0.835655 0.588014 0.329145 0.315704
0.000218471 15.8479 16.6793 15.0165 8.72619 9.31091 8.14147 20.4288 0.831393 0.584718 0.326488 0.312905
0.000224655 15.7376 16.5648 14.9105 8.66434 9.24578 8.0829 20.2194 0.827153 0.581442 0.323852 0.310126
0.000231013 15.628 16.451 14.8051 8.60285 9.18104 8.02467 20.0117 0.822934 0.578186 0.321237 0.307367
0.000237551 15.5191 16.3378 14.7003 8.54173 9.11669 7.96678 19.8058 0.818737 0.574951 0.318643 0.304628
0.000244275 15.4107 16.2252 14.5961 8.48096 9.0527 7.90923 19.6016 0.81456 0.571736 0.316071 0.301909
0.000251189 15.3029 16.1133 14.4925 8.42055 8.98909 7.85201 19.3991 0.810406 0.568542 0.313519 0.29921
0.000258298 15.1958 16.0021 14.3895 8.36049 8.92586 7.79513 19.1984 0.806272 0.565367 0.310989 0.29653
0.000265609 15.0893 15.8915 14.2871 8.30079 8.863 7.73858 18.9993 0.802158 0.562211 0.30848 0.29387
0.000273126 14.9834 15.7815 14.1853 8.24143 8.80051 7.68236 18.8019 0.798066 0.559075 0.305991 0.291229
0.000280857 14.8781 15.6721 14.0841 8.18243 8.73839 7.62647 18.6062 0.793994 0.555959 0.303523 0.288608
0.000288806 14.7734 15.5634 13.9835 8.12378 8.67664 7.57092 18.4122 0.789942 0.552863 0.301075 0.286005
0.00029698 14.6693 15.4552 13.8834 8.06546 8.61525 7.51568 18.2198 0.78591 0.549785 0.298648 0.283422
0.000305386 14.5658 15.3477 13.7839 8.0075 8.55423 7.46078 18.0291 0.781898 0.546727 0.296242 0.280857
0.000314029 14.4629 15.2408 13.685 7.94988 8.49356 7.40619 17.84 0.777906 0.543687 0.293855 0.278311
0.000322917 14.3606 15.1346 13.5867 7.8926 8.43326 7.35193 17.6525 0.773933 0.540666 0.291488 0.275784
0.000332057 14.2589 15.0289 13.4889 7.83565 8.37332 7.29799 17.4666 0.76998 0.537664 0.289142 0.273275
0.000341455 14.1578 14.9239 13.3918 7.77905 8.31373 7.24437 17.2823 0.766045 0.534681 0.286815 0.270785
0.000351119 14.0573 14.8194 13.2951 7.72278 8.2545 7.19107 17.0996 0.76213 0.531716 0.284508 0.268314
0.000361057 13.9573 14.7155 13.1991 7.66685 8.19562 7.13808 16.9184 0.758234 0.528769 0.282221 0.26586
0.000371276 13.8579 14.6123 13.1036 7.61125 8.13709 7.08541 16.7388 0.754356 0.525841 0.279954 0.263425
0.000381784 13.7591 14.5096 13.0086 7.55598 8.07891 7.03305 16.5608 0.750497 0.52293 0.277705 0.261007
0.00039259 13.6609 14.4076 12.9143 7.50104 8.02108 6.98101 16.3843 0.746656 0.520038 0.275477 0.258607
0.000403702 13.5633 14.3061 12.8204 7.44643 7.96359 6.92927 16.2093 0.742834 0.517163 0.273267 0.256225
0.000415128 13.4662 14.2052 12.7271 7.39215 7.90646 6.87784 16.0358 0.739029 0.514306 0.271076 0.253861
0.000426877 13.3696 14.1049 12.6344 7.33819 7.84966 6.82672 15.8639 0.735242 0.511466 0.268905 0.251514
0.000438959 13.2737 14.0052 12.5422 7.28456 7.7932 6.77591 15.6934 0.731472 0.508644 0.266753 0.249185
0.000451383 13.1783 13.906 12.4506 7.23125 7.73709 6.72541 15.5244 0.72772 0.50584 0.264619 0.246873
0.000464159 13.0834 13.8074 12.3595 7.17826 7.68131 6.6752 15.3569 0.723985 0.503052 0.262504 0.244579
0.000477296 12.9892 13.7094 12.2689 7.12559 7.62587 6.6253 15.1909 0.720267 0.500282 0.260408 0.242301
0.000490805 12.8954 13.612 12.1789 7.07323 7.57075 6.5757 15.0263 0.716566 0.497528 0.25833 0.240041
0.000504697 12.8022 13.5151 12.0894 7.02119 7.51598 6.5264 14.8631 0.712881 0.494791 0.256271 0.237797
0.000518981 12.7096 13.4188 12.0004 6.96947 7.46154 6.4774 14.7014 0.709213 0.492071 0.25423 0.23557
0.00053367 12.6175 13.3231 11.9119 6.91806 7.40742 6.42869 14.541 0.705562 0.489367 0.252207 0.23336
0.000548775 12.5259 13.2279 11.824 6.86695 7.35363 6.38028 14.3821 0.701926 0.48668 0.250203 0.231167
0.000564307 12.4349 13.1332 11.7366 6.81617 7.30018 6.33216 14.2246 0.698306 0.484009 0.248216 0.22899
0.000580278 12.3445 13.0392 11.6498 6.76569 7.24704 6.28433 14.0685 0.694702 0.481354 0.246248 0.226829
0.000596702 12.2545 12.9456 11.5634 6.71551 7.19423 6.2368 13.9138 0.691113 0.478715 0.244297 0.224685
0.000613591 12.1651 12.8526 11.4776 6.66564 7.14174 6.18955 13.7604 0.68754 0.476092 0.242364 0.222557
0.000630957 12.0762 12.7602 11.3922 6.61608 7.08956 6.14259 13.6084 0.683982 0.473485 0.240448 0.220445
0.000648815 11.9879 12.6683 11.3074 6.56682 7.03771 6.09593 13.4577 0.680439 0.470894 0.23855 0.218349
0.000667179 11.9 12.5769 11.2231 6.51786 6.98617 6.04954 13.3084 0.67691 0.468318 0.236669 0.216269
0.000686062 11.8127 12.4861 11.1393 6.4692 6.93495 6.00344 13.1604 0.673396 0.465757 0.234806 0.214205
0.00070548 11.7259 12.3958 11.056 6.42083 6.88404 5.95762 13.0137 0.669897 0.463212 0.23296 0.212156
0.000725448 11.6396 12.306 10.9732 6.37277 6.83345 5.91209 12.8683 0.666411 0.460682 0.231131 0.210123
0.00074598 11.5539 12.2168 10.8909 6.32499 6.78316 5.86683 12.7242 0.662939 0.458167 0.229319 0.208106
0.000767094 11.4686 12.1281 10.8091 6.27752 6.73319 5.82185 12.5814 0.659482 0.455667 0.227524 0.206104
0.000788805 11.3838 12.0399 10.7278 6.23034 6.68352 5.77715 12.4399 0.656037 0.453181 0.225746 0.204117
0.000811131 11.2996 11.9522 10.647 6.18344 6.63415 5.73273 12.2997 0.652606 0.450711 0.223984 0.202145
0.000834088 11.2159 11.8651 10.5667 6.13684 6.58509 5.68859 12.1607 0.649188 0.448255 0.222239 0.200189
0.000857696 11.1326 11.7784 10.4868 6.09052 6.53634 5.64471 12.023 0.645783 0.445813 0.220511 0.198247
0.000881971 11.0499 11.6923 10.4075 6.0445 6.48788 5.60111 11.8865 0.642391 0.443385 0.218799 0.196321
0.000906934 10.9676 11.6066 10.3286 5.99875 6.43972 5.55778 11.7513 0.639011 0.440972 0.217103 0.194409
0.000932603 10.8859 11.5215 10.2502 5.95329 6.39187 5.51472 11.6172 0.635644 0.438572 0.215423 0.192512
0.000958999 10.8046 11.4369 10.1723 5.90811 6.3443 5.47193 11.4844 0.632288 0.436187 0.21376 0.19063
0.000986142 10.7238 11.3528 10.0949 5.86322 6.29703 5.4294 11.3528 0.628945 0.433815 0.212112 0.188762
0.00101405 10.6436 11.2692 10.0179 5.8186 6.25006 5.38715 11.2224 0.625613 0.431457 0.210481 0.186909
0.00104275 10.5637 11.186 9.94145 5.77426 6.20338 5.34515 11.0932 0.622293 0.429112 0.208865 0.18507
0.00107227 10.4844 11.1034 9.86544 5.7302 6.15699 5.30342 10.9652 0.618983 0.426781 0.207265 0.183245
0.00110262 10.4056 11.0213 9.78989 5.68642 6.11088 5.26196 10.8383 0.615685 0.424463 0.20568 0.181434
0.00113382 10.3272 10.9396 9.71481 5.64291 6.06507 5.22075 10.7126 0.612398 0.422158 0.204111 0.179638
0.00116591 10.2493 10.8584 9.64019 5.59967 6.01953 5.1798 10.588 0.609121 0.419866 0.202557 0.177855
0.00119891 10.1719 10.7777 9.56603 5.5567 5.97429 5.13912 10.4646 0.605854 0.417587 0.201019 0.176087
0.00123285 10.0949 10.6975 9.49233 5.514 5.92933 5.09868 10.3424 0.602598 0.415321 0.199495 0.174332
0.00126774 10.0184 10.6178 9.41909 5.47158 5.88465 5.05851 10.2212 0.599351 0.413067 0.197987 0.172591
0.00130362 9.94242 10.5385 9.34631 5.42942 5.84024 5.01859 10.1012 0.596114 0.410826 0.196494 0.170864
0.00134052 9.86685 10.4597 9.27397 5.38752 5.79612 4.97893 9.98231 0.592887 0.408597 0.195015 0.16915
0.00137846 9.79176 10.3814 9.20209 5.34589 5.75227 4.93951 9.8645 0.589668 0.40638 0.193551 0.16745
0.00141747 9.71711 10.3036 9.13065 5.30453 5.7087 4.90035 9.7478 0.586459 0.404176 0.192102 0.165763
0.00145759 9.64292 10.2262 9.05966 5.26342 5.66541 4.86144 9.63217 0.583258 0.401983 0.190667 0.164089
0.00149885 9.56918 10.1492 8.98911 5.22258 5.62238 4.82278 9.51763 0.580066 0.399802 0.189246 0.162429
0.00154127 9.49589 10.0728 8.91901 5.182 5.57963 4.78436 9.40415 0.576882 0.397633 0.18784 0.160781
0.00158489 9.42305 9.99676 8.84934 5.14167 5.53714 4.74619 9.29174 0.573706 0.395475 0.186448 0.159147
0.00162975 9.35066 9.9212 8.78012 5.1016 5.49493 4.70827 9.18038 0.570538 0.393329 0.18507 0.157526
0.00167588 9.27871 9.84609 8.71133 5.06179 5.45298 4.67059 9.07007 0.567378 0.391194 0.183706 0.155917
0.00172331 9.2072 9.77143 8.64298 5.02223 5.4113 4.63316 8.9608 0.564224 0.38907 0.182355 0.154321
0.00177209 9.13613 9.69721 8.57506 4.98292 5.36988 4.59596 8.85255 0.561078 0.386957 0.181019 0.152738
0.00182224 9.0655 9.62344 8.50756 4.94387 5.32872 4.55901 8.74534 0.557939 0.384855 0.179696 0.151168
0.00187382 8.9953 9.5501 8.44049 4.90506 5.28783 4.5223 8.63913 0.554806 0.382764 0.178386 0.14961
0.00192685 8.92553 9.47721 8.37385 4.8665 5.24719 4.48582 8.53394 0.551679 0.380683 0.177089 0.148064
0.00198139 8.85619 9.40475 8.30763 4.8282 5.20681 4.44958 8.42974 0.548558 0.378613 0.175806 0.146531
0.00203747 8.78728 9.33272 8.24184 4.79013 5.16669 4.41358 8.32653 0.545443 0.376553 0.174536 0.14501
0.00209514 8.7188 9.26113 8.17646 4.75232 5.12682 4.37781 8.22431 0.542334 0.374504 0.173279 0.143501
0.00215443 8.65073 9.18996 8.1115 4.71474 5.08721 4.34228 8.12307 0.53923 0.372464 0.172034 0.142005
0.00221541 8.58309 9.11922 8.04696 4.67741 5.04784 4.30698 8.0228 0.536131 0.370434 0.170803 0.14052
0.00227812 8.51587 9.0489 7.98283 4.64032 5.00873 4.27191 7.92349 0.533036 0.368414 0.169583 0.139047
0.00234259 8.44906 8.97901 7.91911 4.60347 4.96987 4.23706 7.82514 0.529946 0.366404 0.168377 0.137587
0.0024089 8.38267 8.90953 7.85581 4.56685 4.93126 4.20245 7.72773 0.526861 0.364403 0.167182 0.136138
0.00247708 8.31669 8.84047 7.79291 4.53048 4.89289 4.16807 7.63126 0.523779 0.362411 0.166 0.1347
0.00254719 8.25112 8.77182 7.73042 4.49434 4.85477 4.13391 7.53573 0.520701 0.360429 0.164829 0.133275
0.00261928 8.18595 8.70358 7.66833 4.45843 4.81689 4.09998 7.44113 0.517626 0.358455 0.163671 0.13186
0.00269341 8.1212 8.63575 7.60664 4.42276 4.77925 4.06627 7.34744 0.514555 0.35649 0.162524 0.130458
0.00276965 8.05684 8.56832 7.54535 4.38732 4.74186 4.03279 7.25467 0.511486 0.354535 0.161389 0.129066
0.00284804 7.99288 8.5013 7.48446 4.35211 4.7047 3.99952 7.1628 0.50842 0.352587 0.160265 0.127686
0.00292864 7.92933 8.43468 7.42397 4.31713 4.66778 3.96648 7.07183 0.505356 0.350648 0.159152 0.126317
0.00301153 7.86617 8.36846 7.36387 4.28238 4.6311 3.93366 6.98176 0.502294 0.348718 0.158051 0.12496
0.00309677 7.8034 8.30263 7.30417 4.24785 4.59465 3.90106 6.89256 0.499234 0.346795 0.156961 0.123613
0.00318442 7.74103 8.23721 7.24486 4.21356 4.55844 3.86867 6.80425 0.496175 0.344881 0.155881 0.122277
0.00327455 7.67905 8.17216 7.18593 4.17948 4.52245 3.8365 6.71681 0.493118 0.342974 0.154812 0.120953
0.00336723 7.61745 8.10751 7.12739 4.14562 4.4867 3.80455 6.63023 0.490061 0.341075 0.153754 0.119639
0.00346253 7.55624 8.04325 7.06923 4.11199 4.45118 3.77281 6.54451 0.487005 0.339183 0.152706 0.118336
0.00356053 7.49541 7.97936 7.01146 4.07858 4.41588 3.74128 6.45964 0.48395 0.337299 0.151668 0.117043
0.00366131 7.43497 7.91586 6.95407 4.04539 4.38081 3.70997 6.37562 0.480894 0.335422 0.15064 0.115761
0.00376494 7.3749 7.85274 6.89706 4.01242 4.34597 3.67886 6.29243 0.477838 0.333551 0.149622 0.11449
0.0038715 7.31521 7.78999 6.84043 3.97966 4.31134 3.64797 6.21008 0.474782 0.331688 0.148614 0.113229
0.00398107 7.25589 7.72762 6.78417 3.94711 4.27694 3.61728 6.12856 0.471725 0.329832 0.147615 0.111978
0.00409375 7.19695 7.66562 6.72829 3.91478 4.24276 3.5868 6.04785 0.468666 0.327982 0.146625 0.110738
0.00420962 7.13838 7.60399 6.67277 3.88266 4.2088 3.55653 5.96795 0.465607 0.326138 0.145645 0.109507
0.00432876 7.08018 7.54272 6.61763 3.85076 4.17506 3.52646 5.88886 0.462545 0.3243 0.144674 0.108287
0.00445128 7.02234 7.48182 6.56286 3.81906 4.14153 3.49659 5.81058 0.459482 0.322469 0.143711 0.107078
0.00457727 6.96487 7.42128 6.50845 3.78757 4.10821 3.46693 5.73308 0.456416 0.320643 0.142757 0.105878
0.00470682 6.90776 7.3611 6.45441 3.75629 4.07511 3.43746 5.65638 0.453348 0.318823 0.141812 0.104688
0.00484003 6.85101 7.30128 6.40073 3.72521 4.04222 3.4082 5.58045 0.450277 0.317008 0.140874 0.103507
0.00497702 6.79461 7.24181 6.34741 3.69434 4.00954 3.37914 5.50531 0.447203 0.315199 0.139945 0.102337
0.00511789 6.73857 7.1827 6.29444 3.66367 3.97706 3.35027 5.43093 0.444126 0.313395 0.139023 0.101176
0.00526274 6.68289 7.12393 6.24184 3.6332 3.9448 3.3216 5.35731 0.441044 0.311596 0.138109 0.100025
0.0054117 6.62755 7.06551 6.18959 3.60293 3.91273 3.29313 5.28446 0.437959 0.309802 0.137203 0.0988832
0.00556486 6.57257 7.00744 6.1377 3.57286 3.88087 3.26485 5.21235 0.43487 0.308012 0.136304 0.097751
0.00572237 6.51793 6.94971 6.08615 3.54299 3.84921 3.23676 5.141 0.431775 0.306227 0.135411 0.0966282
0.00588433 6.46364 6.89231 6.03496 3.51331 3.81776 3.20887 5.07038 0.428677 0.304446 0.134526 0.0955147
0.00605088 6.40969 6.83526 5.98411 3.48383 3.7865 3.18116 5.00049 0.425573 0.302669 0.133647 0.0944105
0.00622213 6.35608 6.77854 5.93362 3.45454 3.75544 3.15365 4.93134 0.422463 0.300896 0.132774 0.0933154
0.00639824 6.30281 6.72215 5.88346 3.42544 3.72457 3.12632 4.8629 0.419348 0.299127 0.131908 0.0922294
0.00657933 6.24987 6.6661 5.83365 3.39654 3.6939 3.09918 4.79519 0.416227 0.297361 0.131047 0.0911524
0.00676555 6.19727 6.61037 5.78417 3.36782 3.66342 3.07222 4.72818 0.4131 0.295598 0.130192 0.0900844
0.00695704 6.14501 6.55497 5.73504 3.33929 3.63313 3.04545 4.66188 0.409966 0.293839 0.129343 0.0890253
0.00715394 6.09307 6.49989 5.68624 3.31095 3.60303 3.01886 4.59629 0.406826 0.292082 0.128498 0.087975
0.00735642 6.04146 6.44513 5.63778 3.28278 3.57311 2.99246 4.53138 0.403678 0.290328 0.127659 0.0869334
0.00756463 5.99017 6.3907 5.58965 3.25481 3.54338 2.96623 4.46717 0.400524 0.288577 0.126824 0.0859004
0.00777874 5.93921 6.33657 5.54185 3.22701 3.51384 2.94018 4.40364 0.397361 0.286828 0.125994 0.0848761
0.0079989 5.88857 6.28276 5.49438 3.19939 3.48447 2.91431 4.34079 0.394192 0.285081 0.125168 0.0838602
0.0082253 5.83825 6.22927 5.44724 3.17196 3.45529 2.88862 4.27861 0.391014 0.283336 0.124346 0.0828529
0.0084581 5.78825 6.17608 5.40042 3.1447 3.42629 2.8631 4.2171 0.387827 0.281593 0.123527 0.0818539
0.00869749 5.73856 6.12319 5.35393 3.11761 3.39746 2.83776 4.15625 0.384633 0.279852 0.122712 0.0808632
0.00894366 5.68919 6.07062 5.30776 3.0907 3.36881 2.81259 4.09605 0.38143 0.278111 0.121901 0.0798807
0.00919679 5.64013 6.01834 5.26191 3.06396 3.34033 2.78759 4.03651 0.378217 0.276372 0.121092 0.0789065
0.00945709 5.59137 5.96637 5.21637 3.03739 3.31202 2.76276 3.97762 0.374996 0.274634 0.120286 0.0779402
0.00972476 5.54292 5.91469 5.17116 3.01099 3.28389 2.73809 3.91936 0.371766 0.272896 0.119482 0.0769821
0.01 5.49478 5.8633 5.12625 2.98476 3.25592 2.7136 3.86174 0.368526 0.271159 0.11868 0.0760319
0.010283 5.44693 5.81221 5.08166 2.95869 3.22811 2.68927 3.80475 0.365276 0.269422 0.117881 0.0750895
0.0105741 5.39939 5.76141 5.03738 2.93279 3.20047 2.6651 3.74839 0.362017 0.267685 0.117082 0.074155
0.0108734 5.35215 5.7109 4.9934 2.90704 3.17299 2.6411 3.69265 0.358747 0.265948 0.116286 0.0732283
0.0111811 5.3052 5.66067 4.94973 2.88146 3.14567 2.61725 3.63752 0.355468 0.264211 0.11549 0.0723092
0.0114976 5.25855 5.61073 4.90637 2.85604 3.11852 2.59357 3.583 0.352178 0.262473 0.114695 0.0713978
0.011823 5.21219 5.56106 4.86331 2.83078 3.09151 2.57004 3.52909 0.348877 0.260734 0.1139 0.0704939
0.0121576 5.16611 5.51168 4.82055 2.80567 3.06466 2.54667 3.47578 0.345566 0.258994 0.113106 0.0695975
0.0125017 5.12033 5.46257 4.77808 2.78071 3.03797 2.52346 3.42307 0.342245 0.257253 0.112311 0.0687085
0.0128556 5.07483 5.41374 4.73591 2.75591 3.01142 2.5004 3.37094 0.338912 0.255511 0.111516 0.0678268
0.0132194 5.02961 5.36518 4.69404 2.73125 2.98502 2.47749 3.3194 0.335569 0.253767 0.110721 0.0669524
0.0135936 4.98467 5.31689 4.65246 2.70675 2.95877 2.45473 3.26844 0.332215 0.252021 0.109924 0.0660852
0.0139783 4.94001 5.26886 4.61116 2.68239 2.93266 2.43212 3.21805 0.32885 0.250272 0.109127 0.0652252
0.0143739 4.89563 5.2211 4.57015 2.65817 2.90669 2.40965 3.16824 0.325474 0.248522 0.108328 0.0643723
0.0147808 4.85152 5.17361 4.52943 2.6341 2.88087 2.38733 3.11899 0.322087 0.246768 0.107527 0.0635264
0.0151991 4.80768 5.12637 4.48899 2.61017 2.85518 2.36515 3.0703 0.318689 0.245012 0.106724 0.0626874
0.0156293 4.76411 5.07939 4.44883 2.58637 2.82962 2.34312 3.02217 0.31528 0.243253 0.105918 0.0618553
0.0160717 4.72081 5.03267 4.40895 2.56271 2.8042 2.32122 2.97459 0.311859 0.241491 0.10511 0.0610301
0.0165265 4.67778 4.98621 4.36935 2.53919 2.77891 2.29946 2.92756 0.308428 0.239725 0.1043 0.0602116
0.0169943 4.635 4.93999 4.33002 2.51579 2.75375 2.27784 2.88107 0.304986 0.237955 0.103486 0.0593997
0.0174753 4.59249 4.89403 4.29096 2.49253 2.72871 2.25635 2.83511 0.301534 0.236182 0.102668 0.0585946
0.0179699 4.55024 4.84831 4.25217 2.4694 2.7038 2.23499 2.78969 0.29807 0.234404 0.101847 0.057796
0.0184785 4.50824 4.80284 4.21364 2.44639 2.67901 2.21377 2.7448 0.294596 0.232622 0.101022 0.0570039
0.0190015 4.46649 4.75761 4.17538 2.4235 2.65434 2.19267 2.70043 0.291112 0.230835 0.100193 0.0562183
0.0195393 4.425 4.71262 4.13738 2.40074 2.62978 2.1717 2.65657 0.287617 0.229044 0.0993588 0.055439
0.0200923 4.38375 4.66787 4.09964 2.3781 2.60534 2.15085 2.61324 0.284112 0.227247 0.0985203 0.0546661
0.020661 4.34276 4.62335 4.06216 2.35557 2.58101 2.13012 2.57041 0.280597 0.225445 0.0976769 0.0538994
0.0212458 4.302 4.57908 4.02493 2.33315 2.55679 2.10952 2.52808 0.277073 0.223638 0.0968282 0.053139
0.0218471 4.26149 4.53503 3.98795 2.31085 2.53268 2.08903 2.48626 0.27354 0.221824 0.0959741 0.0523847
0.0224655 4.22122 4.49121 3.95122 2.28866 2.50866 2.06865 2.44493 0.269997 0.220005 0.0951144 0.0516364
0.0231013 4.18118 4.44763 3.91473 2.26657 2.48475 2.04839 2.40409 0.266446 0.21818 0.0942488 0.0508943
0.0237551 4.14138 4.40426 3.87849 2.24459 2.46094 2.02825 2.36374 0.262886 0.216348 0.0933772 0.0501581
0.0244275 4.10181 4.36113 3.84249 2.22272 2.43723 2.00821 2.32387 0.259318 0.21451 0.0924993 0.0494278
0.0251189 4.06247 4.31821 3.80672 2.20094 2.4136 1.98827 2.28448 0.255743 0.212665 0.0916149 0.0487034
0.0258298 4.02335 4.27551 3.77119 2.17926 2.39007 1.96844 2.24556 0.25216 0.210813 0.0907239 0.0479847
0.0265609 3.98446 4.23303 3.73589 2.15767 2.36662 1.94871 2.20711 0.248571 0.208953 0.0898262 0.0472719
0.0273126 3.94579 4.19077 3.70082 2.13617 2.34326 1.92909 2.16913 0.244976 0.207087 0.0889215 0.0465647
0.0280857 3.90734 4.14872 3.66597 2.11477 2.31998 1.90955 2.1316 0.241374 0.205212 0.0880097 0.0458632
0.0288806 3.86911 4.10688 3.63134 2.09345 2.29678 1.89012 2.09453 0.237768 0.20333 0.0870907 0.0451673
0.029698 3.83109 4.06525 3.59694 2.07221 2.27365 1.87077 2.05791 0.234157 0.20144 0.0861643 0.0444769
0.0305386 3.79328 4.02383 3.56274 2.05105 2.25059 1.85151 2.02174 0.230542 0.199542 0.0852306 0.043792
0.0314029 3.75568 3.98261 3.52876 2.02997 2.22761 1.83234 1.98601 0.226923 0.197635 0.0842893 0.0431126
0.0322917 3.71829 3.94159 3.49499 2.00897 2.20469 1.81325 1.95071 0.223302 0.19572 0.0833405 0.0424386
0.0332057 3.6811 3.90078 3.46142 1.98803 2.18183 1.79424 1.91585 0.219678 0.193797 0.082384 0.0417699
0.0341455 3.6441 3.86016 3.42805 1.96717 2.15903 1.77531 1.88142 0.216054 0.191864 0.0814198 0.0411065
0.0351119 3.60731 3.81973 3.39488 1.94637 2.13629 1.75645 1.84741 0.212428 0.189922 0.0804479 0.0404483
0.0361057 3.5707 3.7795 3.3619 1.92563 2.11361 1.73766 1.81382 0.208803 0.187972 0.0794683 0.0397954
0.0371276 3.53429 3.73947 3.32911 1.90496 2.09097 1.71895 1.78065 0.205179 0.186012 0.078481 0.0391476
0.0381784 3.49806 3.69962 3.29651 1.88434 2.06838 1.70029 1.74789 0.201557 0.184042 0.0774861 0.038505
0.039259 3.46202 3.65996 3.26408 1.86377 2.04583 1.68171 1.71553 0.197937 0.182064 0.0764835 0.0378674
0.0403702 3.42616 3.62048 3.23184 1.84325 2.02333 1.66318 1.68358 0.194321 0.180075 0.0754734 0.0372349
0.0415128 3.39048 3.58119 3.19977 1.82278 2.00086 1.6447 1.65203 0.19071 0.178077 0.0744558 0.0366074
0.0426877 3.35497 3.54207 3.16786 1.80235 1.97842 1.62628 1.62087 0.187104 0.176069 0.0734309 0.0359849
0.0438959 3.31963 3.50313 3.13612 1.78196 1.95601 1.60791 1.5901 0.183505 0.174051 0.0723987 0.0353672
0.0451383 3.28446 3.46437 3.10454 1.76161 1.93363 1.58959 1.55972 0.179913 0.172023 0.0713595 0.0347545
0.0464159 3.24945 3.42578 3.07312 1.74129 1.91128 1.57131 1.52972 0.17633 0.169985 0.0703134 0.0341466
0.0477296 3.2146 3.38736 3.04184 1.721 1.88894 1.55306 1.50009 0.172757 0.167937 0.0692606 0.0335436
0.0490805 3.17991 3.3491 3.01071 1.70074 1.86662 1.53486 1.47084 0.169194 0.165878 0.0682013 0.0329453
0.0504697 3.14537 3.31101 2.97972 1.6805 1.84431 1.51669 1.44196 0.165643 0.16381 0.0671357 0.0323518
0.0518981 3.11097 3.27308 2.94887 1.66027 1.82201 1.49854 1.41344 0.162105 0.161731 0.0660642 0.031763
0.053367 3.07672 3.2353 2.91814 1.64007 1.79971 1.48042 1.38528 0.158581 0.159643 0.0649869 0.031179
0.0548775 3.04261 3.19769 2.88754 1.61987 1.77741 1.46233 1.35748 0.155072 0.157544 0.0639043 0.0305996
0.0564307 3.00864 3.16022 2.85706 1.59968 1.75512 1.44425 1.33004 0.15158 0.155435 0.0628165 0.0300248
0.0580278 2.97479 3.1229 2.82669 1.5795 1.73282 1.42619 1.30294 0.148106 0.153316 0.061724 0.0294548
0.0596702 2.94108 3.08573 2.79643 1.55932 1.71051 1.40813 1.27618 0.14465 0.151188 0.0606272 0.0288893
0.0613591 2.90748 3.04869 2.76627 1.53914 1.68818 1.39009 1.24977 0.141215 0.149049 0.0595263 0.0283284
0.0630957 2.874 3.0118 2.7362 1.51895 1.66585 1.37204 1.22369 0.137801 0.146901 0.0584219 0.0277721
0.0648815 2.84063 2.97504 2.70622 1.49875 1.64349 1.354 1.19794 0.134409 0.144743 0.0573143 0.0272203
0.0667179 2.80737 2.93841 2.67633 1.47853 1.62111 1.33596 1.17252 0.131042 0.142575 0.0562039 0.0266732
0.0686062 2.77421 2.90191 2.64651 1.4583 1.5987 1.3179 1.14743 0.1277 0.140399 0.0550914 0.0261305
0.070548 2.74115 2.86553 2.61676 1.43805 1.57626 1.29984 1.12266 0.124384 0.138213 0.0539771 0.0255924
0.0725448 2.70817 2.82927 2.58707 1.41777 1.55379 1.28176 1.0982 0.121096 0.136018 0.0528615 0.0250588
0.074598 2.67528 2.79312 2.55744 1.39747 1.53129 1.26366 1.07406 0.117837 0.133815 0.0517452 0.0245297
0.0767094 2.64247 2.75708 2.52786 1.37714 1.50874 1.24554 1.05022 0.114608 0.131604 0.0506286 0.0240052
0.0788805 2.60973 2.72114 2.49832 1.35677 1.48616 1.22739 1.0267 0.111411 0.129384 0.0495124 0.0234851
0.0811131 2.57706 2.6853 2.46881 1.33637 1.46352 1.20921 1.00347 0.108246 0.127157 0.0483971 0.0229696
0.0834088 2.54445 2.64956 2.43933 1.31592 1.44084 1.191 0.980545 0.105115 0.124923 0.0472833 0.0224586
0.0857696 2.51188 2.6139 2.40986 1.29543 1.41811 1.17275 0.957914 0.10202 0.122681 0.0461715 0.0219522
0.0881971 2.47937 2.57833 2.38041 1.27489 1.39533 1.15446 0.935574 0.098961 0.120433 0.0450624 0.0214502
0.0906934 2.4469 2.54284 2.35096 1.25431 1.37249 1.13613 0.913523 0.0959396 0.118179 0.0439565 0.0209529
0.0932603 2.41446 2.50742 2.3215 1.23367 1.34959 1.11775 0.891756 0.0929569 0.115919 0.0428545 0.0204601
0.0958999 2.38204 2.47206 2.29203 1.21298 1.32663 1.09932 0.870272 0.0900141 0.113654 0.0417569 0.0199719
0.0986142 2.34965 2.43676 2.26253 1.19222 1.30361 1.08084 0.849066 0.0871123 0.111385 0.0406645 0.0194883
0.101405 2.31726 2.40151 2.233 1.17141 1.28052 1.0623 0.828135 0.0842527 0.109111 0.0395778 0.0190093
0.104275 2.28487 2.36631 2.20343 1.15054 1.25738 1.04371 0.807478 0.0814361 0.106834 0.0384975 0.018535
0.107227 2.25248 2.33114 2.17382 1.12961 1.23416 1.02505 0.78709 0.0786637 0.104554 0.0374242 0.0180654
0.110262 2.22007 2.29601 2.14414 1.1086 1.21088 1.00633 0.766969 0.0759364 0.102272 0.0363585 0.0176005
0.113382 2.18764 2.2609 2.11439 1.08754 1.18752 0.987549 0.747113 0.0732551 0.099988 0.0353011 0.0171403
0.116591 2.15518 2.2258 2.08456 1.0664 1.1641 0.968698 0.727518 0.0706208 0.0977036 0.0342525 0.016685
0.119891 2.12268 2.19072 2.05465 1.0452 1.14062 0.949778 0.708183 0.0680343 0.0954193 0.0332134 0.0162345
0.123285 2.09013 2.15563 2.02464 1.02393 1.11706 0.93079 0.689105 0.0654963 0.0931358 0.0321845 0.0157889
0.126774 2.05753 2.12053 1.99452 1.00258 1.09344 0.911731 0.670282 0.0630078 0.0908541 0.0311662 0.0153482
0.130362 2.02485 2.08542 1.96428 0.981175 1.06975 0.8926 0.651712 0.0605693 0.0885749 0.0301592 0.0149125
0.134052 1.9921 2.05028 1.93392 0.959698 1.046 0.873399 0.633392 0.0581815 0.0862992 0.0291641 0.0144818
0.137846 1.95926 2.01511 1.90342 0.938155 1.02218 0.854127 0.615322 0.0558449 0.084028 0.0281815 0.0140562
0.141747 1.92633 1.97989 1.87277 0.916547 0.998309 0.834785 0.597499 0.0535603 0.0817622 0.0272119 0.0136358
0.145759 1.89329 1.94462 1.84196 0.894876 0.974379 0.815373 0.579922 0.051328 0.0795029 0.0262558 0.0132206
0.149885 1.86014 1.90929 1.81099 0.873146 0.950397 0.795895 0.56259 0.0491485 0.0772511 0.0253138 0.0128107
0.154127 1.82687 1.87389 1.77984 0.85136 0.926368 0.776352 0.545501 0.0470222 0.075008 0.0243863 0.0124062
0.158489 1.79345 1.8384 1.74851 0.829521 0.902296 0.756747 0.528655 0.0449493 0.0727747 0.023474 0.0120071
0.162975 1.7599 1.80283 1.71697 0.807635 0.878188 0.737083 0.51205 0.0429301 0.0705523 0.0225771 0.0116135
0.167588 1.7262 1.76716 1.68523 0.785707 0.854049 0.717365 0.495686 0.0409649 0.0683421 0.0216963 0.0112256
0.172331 1.69233 1.73139 1.65328 0.763744 0.829889 0.697598 0.479563 0.0390537 0.0661453 0.0208319 0.0108433
0.177209 1.65829 1.69549 1.6211 0.741751 0.805714 0.677788 0.46368 0.0371967 0.0639632 0.0199842 0.0104668
0.182224 1.62408 1.65947 1.58868 0.719738 0.781535 0.65794 0.448037 0.0353938 0.061797 0.0191538 0.0100961
0.187382 1.58967 1.62332 1.55603 0.697712 0.75736 0.638064 0.432634 0.033645 0.0596482 0.018341 0.00973147
0.192685 1.55507 1.58702 1.52312 0.675685 0.733203 0.618166 0.417472 0.0319503 0.0575181 0.017546 0.00937285
0.198139 1.52027 1.55058 1.48996 0.653666 0.709074 0.598258 0.402551 0.0303093 0.055408 0.0167692 0.00902038
0.203747 1.48526 1.51398 1.45653 0.631667 0.684987 0.578348 0.387872 0.028722 0.0533194 0.0160109 0.00867416
0.209514 1.45003 1.47721 1.42284 0.609703 0.660957 0.558449 0.373435 0.027188 0.0512536 0.0152714 0.00833429
0.215443 1.41457 1.44028 1.38887 0.587786 0.636999 0.538574 0.359241 0.025707 0.0492123 0.0145508 0.00800087
0.221541 1.3789 1.40317 1.35462 0.565934 0.61313 0.518737 0.345293 0.0242786 0.0471967 0.0138494 0.007674
0.227812 1.34299 1.36589 1.32008 0.544161 0.58937 0.498953 0.331591 0.0229024 0.0452084 0.0131673 0.00735378
0.234259 1.30685 1.32842 1.28527 0.522488 0.565737 0.479239 0.318137 0.0215778 0.0432488 0.0125047 0.00704031
0.24089 1.27047 1.29077 1.25017 0.500934 0.542254 0.459615 0.304933 0.0203042 0.0413195 0.0118617 0.00673366
0.247708 1.23386 1.25294 1.21478 0.479521 0.518942 0.440099 0.291981 0.0190812 0.0394219 0.0112384 0.00643395
0.254719 1.19702 1.21493 1.17911 0.458272 0.495829 0.420714 0.279284 0.0179079 0.0375575 0.0106348 0.00614123
0.261928 1.15995 1.17674 1.14317 0.437212 0.47294 0.401485 0.266843 0.0167837 0.0357277 0.010051 0.00585557
0.269341 1.12266 1.13837 1.10695 0.416372 0.450306 0.382438 0.254662 0.0157079 0.033934 0.00948686 0.00557703
0.276965 1.08515 1.09983 1.07047 0.395782 0.42796 0.363604 0.242745 0.0146795 0.0321779 0.0089424 0.00530561
0.284804 1.04743 1.06113 1.03373 0.37548 0.405941 0.34502 0.231093 0.0136977 0.0304606 0.00841745 0.0050413
0.292864 1.0095 1.02226 0.996741 0.355516 0.3843 0.326733 0.219713 0.0127614 0.0287836 0.00791177 0.00478398
0.301153 0.97135 0.983219 0.95948 0.335968 0.363116 0.30882 0.208608 0.0118695 0.0271478 0.00742495 0.00453336
0.309677 0.932824 0.943844 0.921803 0.317068 0.342623 0.291514 0.19779 0.0110204 0.0255544 0.00695598 0.00428853
0.318442 0.90291 0.913617 0.892202 0.304879 0.329839 0.279919 0.193779 0.0107074 0.0249599 0.00678024 0.00419437
0.321833 0.888856 0.899259 0.878452 0.29779 0.322168 0.273412 0.189849 0.0104036 0.024378 0.00660897 0.00410219
0.325224 0.874935 0.885044 0.864826 0.290827 0.314635 0.267018 0.185998 0.0101088 0.0238083 0.00644205 0.00401196
0.328614 0.861147 0.87097 0.851325 0.283988 0.307238 0.260737 0.182223 0.0098225 0.0232506 0.00627936 0.00392361
0.332005 0.84749 0.857035 0.837945 0.277271 0.299976 0.254567 0.178523 0.00954458 0.0227046 0.00612078 0.00383711
0.335396 0.833962 0.843237 0.824688 0.270676 0.292846 0.248506 0.174897 0.00927473 0.0221702 0.00596618 0.00375241
0.338787 0.820564 0.829577 0.811552 0.2642 0.285847 0.242553 0.171342 0.00901268 0.021647 0.00581546 0.00366948
0.342178 0.807294 0.816052 0.798536 0.257842 0.278976 0.236707 0.167857 0.00875818 0.0211348 0.00566851 0.00358826
0.345569 0.79415 0.802661 0.785639 0.2516 0.272233 0.230966 0.16444 0.008511 0.0206334 0.00552523 0.00350872
0.348959 0.781133 0.789404 0.772862 0.245473 0.265616 0.22533 0.16109 0.00827089 0.0201426 0.0053855 0.00343082
0.35235 0.76824 0.776277 0.760202 0.239459 0.259122 0.219797 0.157804 0.00803763 0.0196622 0.00524924 0.00335452
0.355741 0.75547 0.763281 0.747659 0.233558 0.25275 0.214366 0.154583 0.00781101 0.019192 0.00511635 0.00327979
0.359132 0.742825 0.750416 0.735234 0.227767 0.246498 0.209035 0.151424 0.00759081 0.0187316 0.00498674 0.00320659
0.362523 0.730302 0.737679 0.722925 0.222085 0.240366 0.203804 0.148325 0.00737684 0.0182811 0.00486032 0.00313489
0.365914 0.7179 0.725069 0.710731 0.21651 0.23435 0.19867 0.145286 0.0071689 0.01784 0.00473699 0.00306465
0.369305 0.705619 0.712586 0.698652 0.211042 0.228451 0.193634 0.142306 0.00696681 0.0174083 0.00461669 0.00299584
0.372695 0.693459 0.700229 0.686689 0.205679 0.222665 0.188693 0.139382 0.00677039 0.0169858 0.00449933 0.00292843
0.376086 0.681419 0.687998 0.67484 0.20042 0.216992 0.183847 0.136514 0.00657946 0.0165723 0.00438482 0.00286239
0.379477 0.669499 0.675893 0.663105 0.195262 0.21143 0.179095 0.1337 0.00639385 0.0161676 0.0042731 0.00279769
0.382868 0.657696 0.66391 0.651483 0.190206 0.205978 0.174435 0.13094 0.00621341 0.0157715 0.00416409 0.0027343
0.386259 0.646013 0.652051 0.639975 0.185249 0.200633 0.169865 0.128232 0.00603797 0.0153838 0.00405773 0.00267219
0.38965 0.634447 0.640314 0.628579 0.180391 0.195395 0.165386 0.125576 0.0058674 0.0150045 0.00395393 0.00261133
0.39304 0.622999 0.6287 0.617297 0.175629 0.190263 0.160996 0.122969 0.00570153 0.0146332 0.00385264 0.00255171
0.396431 0.611668 0.617208 0.606127 0.170964 0.185234 0.156694 0.120411 0.00554024 0.0142699 0.00375378 0.00249328
0.399822 0.600453 0.605837 0.59507 0.166392 0.180307 0.152478 0.117902 0.00538338 0.0139144 0.00365731 0.00243603
0.403213 0.589356 0.594586 0.584125 0.161914 0.175481 0.148348 0.115439 0.00523082 0.0135666 0.00356315 0.00237993
0.406604 0.578374 0.583456 0.573292 0.157528 0.170754 0.144302 0.113022 0.00508245 0.0132263 0.00347125 0.00232496
0.409995 0.567508 0.572446 0.56257 0.153233 0.166126 0.14034 0.110651 0.00493813 0.0128933 0.00338155 0.0022711
0.413385 0.556758 0.561556 0.55196 0.149027 0.161594 0.136459 0.108324 0.00479775 0.0125675 0.00329399 0.00221831
0.416776 0.546123 0.550784 0.541462 0.144909 0.157158 0.13266 0.10604 0.0046612 0.0122487 0.00320852 0.00216659
0.420167 0.535604 0.540132 0.531075 0.140878 0.152815 0.128942 0.103799 0.00452836 0.0119369 0.0031251 0.00211591
0.423558 0.525199 0.529598 0.5208 0.136934 0.148565 0.125302 0.101599 0.00439912 0.0116319 0.00304366 0.00206624
0.426949 0.514909 0.519182 0.510636 0.133073 0.144407 0.12174 0.0994404 0.00427339 0.0113335 0.00296416 0.00201757
0.43034 0.504734 0.508885 0.500583 0.129297 0.140338 0.118255 0.0973216 0.00415107 0.0110416 0.00288655 0.00196987
0.43373 0.494673 0.498705 0.490641 0.125602 0.136358 0.114846 0.0952421 0.00403205 0.0107561 0.00281078 0.00192314
0.437121 0.484726 0.488642 0.48081 0.121989 0.132466 0.111512 0.093201 0.00391625 0.0104769 0.00273682 0.00187734
0.440512 0.474893 0.478697 0.47109 0.118455 0.128659 0.108251 0.0911978 0.00380357 0.0102039 0.0026646 0.00183246
0.443903 0.465174 0.468868 0.461481 0.115 0.124937 0.105064 0.0892315 0.00369392 0.00993685 0.00259411 0.00178849
0.447294 0.455569 0.459157 0.451982 0.111623 0.121299 0.101947 0.0873016 0.00358723 0.00967572 0.00252528 0.0017454
0.450685 0.446078 0.449562 0.442595 0.108322 0.117743 0.098902 0.0854073 0.0034834 0.00942038 0.00245809 0.00170317
0.454075 0.4367 0.440083 0.433318 0.105097 0.114268 0.0959262 0.0835479 0.00338237 0.00917072 0.00239248 0.0016618
0.457466 0.427436 0.43072 0.424152 0.101946 0.110872 0.0930189 0.0817229 0.00328405 0.00892662 0.00232844 0.00162126
0.460857 0.418285 0.421474 0.415097 0.0988673 0.107555 0.0901793 0.0799316 0.00318836 0.00868799 0.00226591 0.00158154
0.464248 0.409247 0.412343 0.406152 0.0958609 0.104316 0.0874062 0.0781732 0.00309525 0.0084547 0.00220486 0.00154263
0.467639 0.400323 0.403327 0.397318 0.0929253 0.101152 0.0846986 0.0764474 0.00300462 0.00822666 0.00214526 0.0015045
0.47103 0.391511 0.394428 0.388595 0.0900594 0.0980632 0.0820556 0.0747533 0.00291643 0.00800377 0.00208707 0.00146715
0.47442 0.382812 0.385643 0.379982 0.0872621 0.095048 0.0794762 0.0730906 0.00283059 0.00778591 0.00203026 0.00143055
0.477811 0.374226 0.376973 0.371479 0.0845322 0.0921052 0.0769592 0.0714585 0.00274706 0.00757301 0.0019748 0.0013947
0.481202 0.365753 0.368419 0.363087 0.0818688 0.0892337 0.0745038 0.0698565 0.00266576 0.00736495 0.00192065 0.00135958
0.484593 0.357392 0.359979 0.354805 0.0792706 0.0864322 0.0721089 0.0682842 0.00258664 0.00716164 0.0018678 0.00132517
0.487984 0.349144 0.351653 0.346634 0.0767367 0.0836997 0.0697737 0.0667409 0.00250964 0.00696299 0.0018162 0.00129147
0.491375 0.341008 0.343442 0.338573 0.0742659 0.0810348 0.067497 0.0652261 0.00243469 0.00676891 0.00176582 0.00125846
0.494765 0.332984 0.335345 0.330622 0.0718572 0.0784365 0.0652779 0.0637394 0.00236176 0.00657931 0.00171665 0.00122613
0.498156 0.325072 0.327362 0.322781 0.0695095 0.0759036 0.0631154 0.0622803 0.00229078 0.00639411 0.00166865 0.00119447
0.501547 0.317271 0.319493 0.31505 0.0672219 0.0734351 0.0610087 0.0608482 0.0022217 0.0062132 0.0016218 0.00116346
0.504938 0.309583 0.311738 0.307429 0.0649931 0.0710296 0.0589566 0.0594426 0.00215447 0.00603652 0.00157606 0.00113309
0.508329 0.302006 0.304095 0.299917 0.0628223 0.0686863 0.0569583 0.0580633 0.00208905 0.00586397 0.00153142 0.00110335
0.51172 0.294541 0.296566 0.292515 0.0607083 0.0664038 0.0550129 0.0567095 0.00202539 0.00569548 0.00148785 0.00107424
0.51511 0.287186 0.28915 0.285223 0.0586502 0.0641812 0.0531192 0.0553811 0.00196343 0.00553097 0.00144533 0.00104573
0.518501 0.279943 0.281846 0.27804 0.0566469 0.0620173 0.0512766 0.0540774 0.00190315 0.00537036 0.00140383 0.00101782
0.521892 0.27281 0.274655 0.270966 0.0546975 0.0599111 0.049484 0.0527981 0.00184448 0.00521356 0.00136334 0.000990495
0.525283 0.265788 0.267576 0.264001 0.0528009 0.0578614 0.0477404 0.0515428 0.0017874 0.00506051 0.00132382 0.000963748
0.528674 0.258877 0.260608 0.257145 0.0509562 0.0558673 0.0460451 0.050311 0.00173186 0.00491113 0.00128526 0.000937569
0.532065 0.252075 0.253753 0.250397 0.0491623 0.0539276 0.0443969 0.0491024 0.00167782 0.00476535 0.00124763 0.000911946
0.535455 0.245383 0.247008 0.243758 0.0474183 0.0520414 0.0427952 0.0479165 0.00162525 0.0046231 0.00121092 0.00088687
0.538846 0.2388 0.240375 0.237226 0.0457231 0.0502075 0.0412388 0.0467531 0.0015741 0.0044843 0.0011751 0.000862332
0.542237 0.232327 0.233852 0.230803 0.044076 0.0484249 0.0397272 0.0456117 0.00152433 0.0043489 0.00114016 0.000838322
0.545628 0.225963 0.227439 0.224487 0.0424759 0.0466927 0.0382591 0.0444919 0.00147593 0.00421681 0.00110608 0.000814831
0.549019 0.219707 0.221136 0.218278 0.0409219 0.0450098 0.0368339 0.0433934 0.00142884 0.00408797 0.00107283 0.00079185
0.55241 0.21356 0.214943 0.212177 0.0394129 0.0433752 0.0354506 0.0423159 0.00138304 0.00396233 0.00104041 0.000769371
0.5558 0.20752 0.208859 0.206182 0.0379482 0.041788 0.0341084 0.0412591 0.00133849 0.0038398 0.00100878 0.000747384
0.559191 0.201588 0.202883 0.200293 0.0365267 0.0402471 0.0328064 0.0402225 0.00129517 0.00372034 0.000977945 0.000725881
0.562582 0.195763 0.197016 0.19451 0.0351476 0.0387515 0.0315438 0.0392058 0.00125303 0.00360388 0.000947875 0.000704854
0.565973 0.190044 0.191256 0.188832 0.03381 0.0373004 0.0303197 0.0382088 0.00121206 0.00349036 0.000918556 0.000684295
0.569364 0.184432 0.185604 0.18326 0.032513 0.0358927 0.0291333 0.0372311 0.00117222 0.00337972 0.000889973 0.000664196
0.572755 0.178925 0.180059 0.177792 0.0312557 0.0345276 0.0279838 0.0362724 0.00113349 0.0032719 0.000862109 0.000644548
0.576146 0.173524 0.17462 0.172428 0.0300373 0.0332041 0.0268704 0.0353324 0.00109583 0.00316684 0.00083495 0.000625345
0.579536 0.168227 0.169287 0.167168 0.0288568 0.0319213 0.0257923 0.0344108 0.00105922 0.0030645 0.00080848 0.000606578
0.582927 0.163035 0.164059 0.162011 0.0277134 0.0306782 0.0247486 0.0335073 0.00102364 0.0029648 0.000782685 0.00058824
0.586318 0.157946 0.158935 0.156957 0.0266063 0.029474 0.0237386 0.0326217 0.000989056 0.0028677 0.00075755 0.000570323
0.589709 0.152961 0.153916 0.152005 0.0255347 0.0283078 0.0227615 0.0317536 0.000955444 0.00277314 0.000733061 0.000552822
0.5931 0.148077 0.149 0.147155 0.0244977 0.0271787 0.0218166 0.0309028 0.000922783 0.00268108 0.000709205 0.000535727
0.596491 0.143296 0.144187 0.142405 0.0234944 0.0260859 0.020903 0.030069 0.000891048 0.00259146 0.000685968 0.000519033
0.599881 0.138616 0.139476 0.137756 0.0225242 0.0250285 0.02002 0.0292519 0.000860215 0.00250422 0.000663337 0.000502733
0.603272 0.134037 0.134867 0.133206 0.0215863 0.0240056 0.0191669 0.0284514 0.000830264 0.00241932 0.000641299 0.000486819
0.606663 0.129557 0.130358 0.128756 0.0206797 0.0230164 0.018343 0.027667 0.000801173 0.00233672 0.000619841 0.000471286
0.610054 0.125177 0.12595 0.124404 0.0198039 0.0220602 0.0175475 0.0268987 0.000772919 0.00225635 0.000598952 0.000456126
0.613445 0.120895 0.12164 0.120149 0.0189579 0.0211361 0.0167797 0.0261461 0.000745482 0.00217818 0.000578618 0.000441334
0.616836 0.116711 0.117429 0.115992 0.018141 0.0202432 0.0160389 0.025409 0.000718843 0.00210216 0.000558829 0.000426902
0.620226 0.112623 0.113316 0.11193 0.0173526 0.0193809 0.0153244 0.0246871 0.000692982 0.00202825 0.000539573 0.000412825
0.623617 0.108632 0.1093 0.107964 0.0165919 0.0185483 0.0146355 0.0239803 0.000667879 0.00195639 0.000520839 0.000399097
0.627008 0.104736 0.10538 0.104093 0.0158581 0.0177446 0.0139716 0.0232883 0.000643516 0.00188654 0.000502614 0.00038571
0.630399 0.100935 0.101554 0.100315 0.0151506 0.0169692 0.0133319 0.0226108 0.000619874 0.00181866 0.000484889 0.000372661
0.63379 0.0972267 0.0978236 0.0966297 0.0144686 0.0162213 0.0127159 0.0219477 0.000596937 0.00175272 0.000467654 0.000359942
0.637181 0.0936115 0.0941862 0.0930368 0.0138115 0.0155001 0.0121228 0.0212988 0.000574685 0.00168866 0.000450896 0.000347547
0.640571 0.090088 0.0906411 0.0895349 0.0131786 0.014805 0.0115521 0.0206637 0.000553103 0.00162644 0.000434607 0.000335472
0.643962 0.0866554 0.0871875 0.0861232 0.0125692 0.0141352 0.0110031 0.0200424 0.000532175 0.00156603 0.000418776 0.00032371
0.647353 0.0833126 0.0838245 0.0828007 0.0119827 0.01349 0.0104753 0.0194346 0.000511883 0.00150738 0.000403393 0.000312256
0.650744 0.0800587 0.0805509 0.0795665 0.0114184 0.0128688 0.0099679 0.0188401 0.000492212 0.00145046 0.000388449 0.000301104
0.654135 0.0768927 0.0773659 0.0764196 0.0108757 0.0122709 0.00948044 0.0182587 0.000473147 0.00139523 0.000373934 0.000290249
0.657526 0.0738135 0.0742681 0.0733588 0.0103539 0.0116956 0.00901229 0.0176902 0.000454672 0.00134164 0.000359839 0.000279685
0.660916 0.0708201 0.0712568 0.0703833 0.00985257 0.0111422 0.0085629 0.0171344 0.000436773 0.00128967 0.000346155 0.000269408
0.664307 0.0679114 0.0683308 0.0674919 0.00937097 0.0106102 0.00813169 0.0165911 0.000419436 0.00123928 0.000332873 0.000259412
0.667698 0.0650863 0.0654889 0.0646836 0.00890854 0.010099 0.00771812 0.0160602 0.000402647 0.00119042 0.000319985 0.000249691
0.671089 0.0623438 0.0627302 0.0619574 0.00846471 0.00960779 0.00732164 0.0155414 0.000386392 0.00114308 0.00030748 0.000240242
0.67448 0.0596826 0.0600532 0.0593119 0.00803891 0.00913611 0.00694171 0.0150346 0.000370657 0.0010972 0.000295352 0.000231058
0.677871 0.0571016 0.0574571 0.0567462 0.00763058 0.00868334 0.00657782 0.0145395 0.000355429 0.00105276 0.000283592 0.000222135
0.681261 0.0545998 0.0549405 0.0542591 0.00723918 0.0082489 0.00622946 0.0140561 0.000340696 0.00100972 0.000272191 0.000213468
0.684652 0.0521759 0.0525023 0.0518494 0.00686418 0.00783223 0.00589612 0.0135841 0.000326445 0.000968058 0.000261141 0.000205051
0.688043 0.0498286 0.0501413 0.049516 0.00650504 0.00743277 0.00557731 0.0131233 0.000312665 0.000927731 0.000250436 0.000196881
0.691434 0.0475568 0.0478562 0.0472575 0.00616126 0.00704997 0.00527255 0.0126736 0.000299342 0.000888711 0.000240067 0.000188953
0.694825 0.0453592 0.0456457 0.0450728 0.00583234 0.0066833 0.00498137 0.0122349 0.000286465 0.000850966 0.000230026 0.000181261
0.698216 0.0432347 0.0435087 0.0429606 0.00551778 0.00633225 0.00470331 0.0118068 0.000274023 0.000814467 0.000220305 0.000173801
0.701606 0.0411818 0.0414438 0.0409198 0.0052171 0.00599629 0.00443792 0.0113894 0.000262005 0.000779183 0.000210899 0.000166569
0.704997 0.0391994 0.0394498 0.038949 0.00492985 0.00567493 0.00418476 0.0109824 0.000250399 0.000745084 0.000201799 0.00015956
0.708388 0.0372862 0.0375254 0.037047 0.00465554 0.00536768 0.0039434 0.0105856 0.000239195 0.000712142 0.000192998 0.000152769
0.711779 0.0354409 0.0356692 0.0352125 0.00439374 0.00507407 0.00371341 0.010199 0.000228383 0.000680328 0.00018449 0.000146193
0.71517 0.0336621 0.03388 0.0334441 0.00414401 0.00479362 0.0034944 0.00982226 0.000217952 0.000649613 0.000176267 0.000139826
0.718561 0.0319485 0.0321564 0.0317406 0.00390591 0.00452588 0.00328594 0.00945533 0.000207892 0.000619971 0.000168323 0.000133665
0.721951 0.0302988 0.030497 0.0301006 0.00367904 0.00427041 0.00308766 0.00909804 0.000198193 0.000591375 0.00016065 0.000127704
0.725342 0.0287117 0.0289006 0.0285229 0.00346298 0.00402677 0.00289918 0.00875022 0.000188846 0.000563796 0.000153244 0.000121941
0.728733 0.0271858 0.0273657 0.027006 0.00325733 0.00379454 0.00272012 0.00841174 0.000179841 0.000537211 0.000146097 0.00011637
0.732124 0.0257198 0.025891 0.0255486 0.00306171 0.0035733 0.00255012 0.00808243 0.000171169 0.000511592 0.000139202 0.000110987
0.735515 0.0243123 0.0244751 0.0241495 0.00287573 0.00336265 0.00238882 0.00776215 0.000162821 0.000486914 0.000132554 0.000105789
0.738906 0.0229619 0.0231167 0.0228071 0.00269904 0.00316219 0.00223588 0.00745077 0.000154788 0.000463154 0.000126147 0.000100771
0.742296 0.0216673 0.0218144 0.0215203 0.00253126 0.00297154 0.00209097 0.00714812 0.000147061 0.000440286 0.000119974 9.59298e-05
0.745687 0.0204272 0.0205668 0.0202875 0.00237205 0.00279034 0.00195377 0.00685407 0.000139632 0.000418286 0.00011403 9.12605e-05
0.749078 0.01924 0.0193725 0.0191076 0.00222108 0.00261821 0.00182395 0.00656847 0.000132492 0.000397131 0.000108308 8.67596e-05
0.752469 0.0181046 0.0182302 0.017979 0.002078 0.0024548 0.0017012 0.00629118 0.000125634 0.000376798 0.000102804 8.24231e-05
0.75586 0.0170195 0.0171385 0.0169004 0.00194251 0.00229977 0.00158524 0.00602207 0.00011905 0.000357265 9.7511e-05 7.82472e-05
0.759251 0.0159833 0.016096 0.0158705 0.00181428 0.00215278 0.00147577 0.005761 0.00011273 0.000338508 9.24239e-05 7.4228e-05
0.762641 0.0149947 0.0151013 0.014888 0.00169301 0.00201352 0.0013725 0.00550782 0.000106669 0.000320507 8.75372e-05 7.03619e-05
0.766032 0.0140523 0.0141531 0.0139514 0.00157841 0.00188165 0.00127517 0.0052624 0.000100858 0.000303239 8.28455e-05 6.66449e-05
0.769423 0.0131547 0.01325 0.0130594 0.0014702 0.00175688 0.00118351 0.0050246 9.52902e-05 0.000286684 7.83436e-05 6.30736e-05
0.772814 0.0123007 0.0123907 0.0122108 0.00136809 0.00163891 0.00109726 0.00479429 8.9958e-05 0.000270821 7.40263e-05 5.96441e-05
0.776205 0.0114889 0.0115738 0.0114041 0.00127181 0.00152744 0.00101618 0.00457134 8.48544e-05 0.00025563 6.98883e-05 5.63529e-05
0.779596 0.010718 0.0107979 0.010638 0.00118112 0.00142221 0.000940027 0.00435561 7.99726e-05 0.00024109 6.59248e-05 5.31965e-05
0.782986 0.00998652 0.0100618 0.00991121 0.00109575 0.00132293 0.000868564 0.00414697 7.53058e-05 0.000227182 6.21307e-05 5.01712e-05
0.786377 0.0092933 0.00936415 0.00922245 0.00101545 0.00122934 0.000801567 0.00394529 7.08472e-05 0.000213887 5.85011e-05 4.72736e-05
0.789768 0.008637 0.00870359 0.00857041 0.000940006 0.00114119 0.00073882 0.00375043 6.65905e-05 0.000201186 5.50313e-05 4.45002e-05
0.793159 0.00801632 0.00807885 0.00795379 0.000869174 0.00105824 0.000680113 0.00356228 6.25291e-05 0.000189061 5.17166e-05 4.18477e-05
0.79655 0.00742999 0.00748865 0.00737134 0.000802738 0.000980231 0.000625244 0.0033807 5.86568e-05 0.000177493 4.85521e-05 3.93126e-05
0.799941 0.00687676 0.00693173 0.00682179 0.000740483 0.000906948 0.000574018 0.00320556 5.49675e-05 0.000166465 4.55335e-05 3.68916e-05
0.803332 0.00635538 0.00640683 0.00630392 0.000682203 0.000838162 0.000526244 0.00303674 5.14552e-05 0.000155959 4.26563e-05 3.45814e-05
0.806722 0.00586462 0.00591273 0.0058165 0.000627701 0.000773659 0.000481743 0.0028741 4.8114e-05 0.000145958 3.99158e-05 3.23788e-05
0.810113 0.00540327 0.0054482 0.00535833 0.000576785 0.000713231 0.000440339 0.00271753 4.49381e-05 0.000136446 3.7308e-05 3.02805e-05
0.813504 0.00497013 0.00501205 0.0049282 0.000529269 0.000656675 0.000401864 0.0025669 4.19219e-05 0.000127405 3.48284e-05 2.82834e-05
0.816895 0.00456403 0.00460309 0.00452497 0.000484977 0.000603798 0.000366157 0.00242208 3.90598e-05 0.00011882 3.24728e-05 2.63844e-05
0.820286 0.00418383 0.00422018 0.00414748 0.000443737 0.000554412 0.000333062 0.00228294 3.63464e-05 0.000110675 3.02372e-05 2.45803e-05
0.823677 0.00382838 0.00386216 0.0037946 0.000405385 0.00050834 0.000302431 0.00214938 3.37763e-05 0.000102955 2.81174e-05 2.28681e-05
0.827067 0.00349657 0.00352792 0.00346523 0.000369762 0.000465406 0.000274119 0.00202126 3.13445e-05 9.56436e-05 2.61095e-05 2.12448e-05
0.830458 0.00318732 0.00321637 0.00315827 0.000336716 0.000425443 0.00024799 0.00189846 2.90458e-05 8.87268e-05 2.42096e-05 1.97074e-05
0.833849 0.00289956 0.00292643 0.00287268 0.000306102 0.000388292 0.000223912 0.00178086 2.68753e-05 8.21899e-05 2.24137e-05 1.8253e-05
0.83724 0.00263224 0.00265707 0.00260741 0.000277779 0.000353798 0.00020176 0.00166834 2.4828e-05 7.60187e-05 2.07182e-05 1.68787e-05
0.840631 0.00238434 0.00240724 0.00236144 0.000251613 0.000321812 0.000181414 0.00156078 2.28992e-05 7.01992e-05 1.91192e-05 1.55817e-05
0.844022 0.00215488 0.00217596 0.00213379 0.000227476 0.000292194 0.000162758 0.00145805 2.10842e-05 6.47177e-05 1.76132e-05 1.43591e-05
0.847412 0.00194287 0.00196225 0.00192349 0.000205244 0.000264805 0.000145683 0.00136005 1.93784e-05 5.9561e-05 1.61965e-05 1.32083e-05
0.850803 0.00174738 0.00176516 0.0017296 0.000184801 0.000239516 0.000130085 0.00126665 1.77775e-05 5.47159e-05 1.48658e-05 1.21264e-05
0.854194 0.0015675 0.00158377 0.00155122 0.000166032 0.000216202 0.000115863 0.00117772 1.6277e-05 5.01696e-05 1.36174e-05 1.11109e-05
0.857585 0.00140232 0.0014172 0.00138745 0.000148832 0.000194742 0.000102923 0.00109316 1.48726e-05 4.59098e-05 1.2448e-05 1.0159e-05
0.860976 0.001251 0.00126456 0.00123744 0.000133098 0.000175022 9.11738e-05 0.00101285 1.35603e-05 4.19241e-05 1.13544e-05 9.26825e-06
0.864367 0.00111269 0.00112502 0.00110035 0.000118732 0.000156932 8.0531e-05 0.000936668 1.23358e-05 3.82007e-05 1.03332e-05 8.43606e-06
0.867757 0.000986577 0.000997772 0.000975381 0.000105641 0.000140369 7.09128e-05 0.000864497 1.11954e-05 3.47279e-05 9.3814e-06 7.65994e-06
0.871148 0.000871892 0.000882027 0.000861757 9.37366e-05 0.000125231 6.22423e-05 0.000796224 1.0135e-05 3.14944e-05 8.49575e-06 6.93743e-06
0.874539 0.000767879 0.00077703 0.000758728 8.29355e-05 0.000111424 5.44465e-05 0.000731733 9.15088e-06 2.8489e-05 7.67325e-06 6.26615e-06
0.87793 0.000673815 0.000682054 0.000665575 7.31574e-05 9.88584e-05 4.74565e-05 0.000670908 8.23937e-06 2.5701e-05 6.91093e-06 5.64371e-06
0.881321 0.000589002 0.000596399 0.000581606 6.4327e-05 8.74466e-05 4.12073e-05 0.000613636 7.39686e-06 2.31197e-05 6.20586e-06 5.06782e-06
0.884712 0.000512775 0.000519395 0.000506155 5.63726e-05 7.71075e-05 3.56377e-05 0.000559801 6.61984e-06 2.07349e-05 5.55522e-06 4.5362e-06
0.888102 0.000444493 0.000450398 0.000438589 4.92265e-05 6.77631e-05 3.06899e-05 0.000509292 5.90488e-06 1.85366e-05 4.95622e-06 4.04664e-06
0.891493 0.000383548 0.000388796 0.000378299 4.28249e-05 5.93398e-05 2.63099e-05 0.000461994 5.24867e-06 1.65149e-05 4.40616e-06 3.59697e-06
0.894884 0.000329354 0.000334002 0.000324706 3.71073e-05 5.17678e-05 2.24468e-05 0.000417796 4.64796e-06 1.46605e-05 3.90238e-06 3.18507e-06
0.898275 0.000281359 0.000285458 0.000277259 3.20169e-05 4.49809e-05 1.90529e-05 0.000376585 4.09962e-06 1.2964e-05 3.44231e-06 2.80885e-06
0.901666 0.000239034 0.000242634 0.000235433 2.75002e-05 3.89167e-05 1.60837e-05 0.000338251 3.60057e-06 1.14165e-05 3.02344e-06 2.4663e-06
0.905057 0.000201882 0.000205029 0.000198734 2.35071e-05 3.35163e-05 1.34979e-05 0.000302682 3.14786e-06 1.00092e-05 2.64332e-06 2.15545e-06
0.908447 0.000169429 0.000172167 0.00016669 1.99904e-05 2.87241e-05 1.12567e-05 0.000269768 2.7386e-06 8.73371e-06 2.29959e-06 1.87436e-06
0.911838 0.00014123 0.0001436 0.00013886 1.69061e-05 2.44878e-05 9.32434e-06 0.0002394 2.37e-06 7.58173e-06 1.98992e-06 1.62117e-06
0.915229 0.000116868 0.000118907 0.000114828 1.42129e-05 2.07582e-05 7.66759e-06 0.000211469 2.03935e-06 6.54532e-06 1.71209e-06 1.39405e-06
0.91862 9.59482e-05 9.76922e-05 9.42042e-05 1.18725e-05 1.74892e-05 6.25575e-06 0.000185866 1.74403e-06 5.61675e-06 1.46392e-06 1.19123e-06
0.922011 7.8105e-05 7.95865e-05 7.66235e-05 9.84912e-06 1.46377e-05 5.06057e-06 0.000162483 1.48152e-06 4.78855e-06 1.24329e-06 1.011e-06
0.925402 6.29959e-05 6.42452e-05 6.17465e-05 8.10956e-06 1.21631e-05 4.05605e-06 0.000141215 1.24938e-06 4.05351e-06 1.04819e-06 8.51684e-07
0.928792 5.03033e-05 5.13486e-05 4.92581e-05 6.62311e-06 1.00278e-05 3.21846e-06 0.000121954 1.04523e-06 3.40465e-06 8.76634e-07 7.11684e-07
0.932183 3.97339e-05 4.06007e-05 3.8867e-05 5.36134e-06 8.19657e-06 2.5261e-06 0.000104595 8.66828e-07 2.83523e-06 7.26732e-07 5.89441e-07
0.935574 3.10171e-05 3.17291e-05 3.03051e-05 4.29809e-06 6.63688e-06 1.9593e-06 8.90343e-05 7.1198e-07 2.33879e-06 5.96657e-07 4.83455e-07
0.938965 2.39052e-05 2.44838e-05 2.33266e-05 3.40933e-06 5.31843e-06 1.50023e-06 7.51671e-05 5.78595e-07 1.9091e-06 4.84651e-07 3.92281e-07
0.942356 1.81724e-05 1.8637e-05 1.77077e-05 2.67306e-06 4.21322e-06 1.1329e-06 6.28911e-05 4.64668e-07 1.54016e-06 3.89029e-07 3.14535e-07
0.945747 1.36137e-05 1.3982e-05 1.32454e-05 2.0692e-06 3.29545e-06 8.42959e-07 5.21047e-05 3.68282e-07 1.22625e-06 3.08178e-07 2.48886e-07
0.949137 1.0045e-05 1.03326e-05 9.75738e-06 1.57952e-06 2.54139e-06 6.17654e-07 4.27073e-05 2.87607e-07 9.6187e-07 2.40557e-07 1.94066e-07
0.952528 7.3012e-06 7.5221e-06 7.08029e-06 1.18753e-06 1.92932e-06 4.45733e-07 3.45999e-05 2.20905e-07 7.41795e-07 1.84698e-07 1.48863e-07
0.955919 5.23625e-06 5.40278e-06 5.06973e-06 8.78375e-07 1.43941e-06 3.17338e-07 2.76848e-05 1.66526e-07 5.61036e-07 1.39209e-07 1.12129e-07
0.95931 3.72193e-06 3.84484e-06 3.59902e-06 6.38786e-07 1.05365e-06 2.23924e-07 2.18662e-05 1.22909e-07 4.14862e-07 1.02772e-07 8.27753e-08
0.962701 2.64712e-06 2.73571e-06 2.55853e-06 4.56968e-07 7.55766e-07 1.58171e-07 1.70504e-05 8.85874e-08 2.98797e-07 7.41438e-08 5.97778e-08
0.966092 1.91704e-06 1.97922e-06 1.85485e-06 3.22532e-07 5.31157e-07 1.13907e-07 1.31469e-05 6.21854e-08 2.08625e-07 5.21619e-08 4.21758e-08
0.969482 1.45263e-06 1.49505e-06 1.4102e-06 2.26431e-07 3.66822e-07 8.60398e-08 1.00691e-05 4.24212e-08 1.40391e-07 3.57408e-08 2.90744e-08
0.972873 1.1902e-06 1.2183e-06 1.16209e-06 1.60923e-07 2.51333e-07 7.05125e-08 7.73686e-06 2.81078e-08 9.04103e-08 2.38756e-08 1.96453e-08
0.976264 1.08188e-06 1.10003e-06 1.06372e-06 1.19573e-07 1.74843e-07 6.43035e-08 6.08084e-06 1.81545e-08 5.52697e-08 1.56427e-08 1.31281e-08
0.979655 1.09803e-06 1.1096e-06 1.08647e-06 9.73919e-08 1.2923e-07 6.55541e-08 5.05297e-06 1.15674e-08 3.18378e-08 1.02009e-08 8.83042e-09
0.983046 1.23614e-06 1.24359e-06 1.22869e-06 9.13563e-08 1.08628e-07 7.40849e-08 4.65522e-06 7.4485e-09 1.72714e-08 6.7888e-09 6.12612e-09
0.986437 1.55683e-06 1.56182e-06 1.55185e-06 1.02577e-07 1.11599e-07 9.35546e-08 5.04193e-06 4.98469e-09 9.02229e-09 4.7146e-09 4.44282e-09
0.989827 2.42818e-06 2.43157e-06 2.4248e-06 1.51001e-07 1.55825e-07 1.46178e-07 7.10548e-06 3.38455e-09 4.82311e-09 3.28874e-09 3.19214e-09
0.993218 1.18235e-05 1.18238e-05 1.18231e-05 7.15825e-07 7.18896e-07 7.12754e-07 4.18749e-05 3.61577e-10 3.07092e-09 1.81646e-10 -2.11758e-22
4.01075e-314 inf inf inf inf inf inf 0.000971394 27.3271 0.96456 0.689212 0.412789
