9.72476e-05 3.61567 3.91449 3.31685 1.3158 1.47455 1.15705 6.98886 0.298818 0.158751 0.0756181 0.067662
0.0001 3.59482 3.89329 3.29635 1.30829 1.46676 1.14983 6.92915 0.298471 0.158461 0.0751811 0.0671383
0.00010283 3.5743 3.87243 3.27617 1.30091 1.45909 1.14274 6.86984 0.298126 0.158174 0.074748 0.0666176
0.000105741 3.55495 3.85273 3.25716 1.29395 1.45184 1.13605 6.81092 0.297783 0.157891 0.0743186 0.0660997
0.000108734 3.53391 3.83135 3.23646 1.28638 1.44399 1.12877 6.7524 0.297443 0.157611 0.073893 0.0655847
0.000111811 3.51298 3.81008 3.21587 1.27886 1.4362 1.12153 6.69427 0.297105 0.157335 0.0734714 0.0650727
0.000114976 3.49216 3.78893 3.19539 1.27138 1.42845 1.11432 6.63653 0.29677 0.157062 0.0730533 0.0645634
0.00011823 3.47145 3.76789 3.17501 1.26395 1.42074 1.10715 6.57918 0.296437 0.156792 0.0726392 0.064057
0.000121576 3.45085 3.74695 3.15474 1.25655 1.41307 1.10002 6.52221 0.296106 0.156526 0.0722288 0.0635535
0.000125017 3.43035 3.72613 3.13457 1.24919 1.40545 1.09293 6.46563 0.295777 0.156263 0.0718222 0.0630527
0.000128556 3.40996 3.70541 3.11451 1.24188 1.39788 1.08587 6.40943 0.295451 0.156003 0.0714193 0.0625547
0.000132194 3.38968 3.68481 3.09455 1.2346 1.39035 1.07885 6.3536 0.295127 0.155746 0.0710204 0.0620597
0.000135936 3.36951 3.66431 3.0747 1.22736 1.38286 1.07187 6.29815 0.294805 0.155493 0.0706251 0.0615673
0.000139783 3.34943 3.64392 3.05495 1.22017 1.37541 1.06492 6.24308 0.294485 0.155243 0.0702335 0.0610777
0.000143739 3.32947 3.62364 3.0353 1.21301 1.36801 1.05802 6.18837 0.294167 0.154996 0.0698459 0.0605909
0.000147808 3.30961 3.60346 3.01576 1.20589 1.36065 1.05114 6.13404 0.293852 0.154752 0.0694618 0.0601068
0.000151991 3.28986 3.58339 2.99632 1.19882 1.35333 1.04431 6.08008 0.293538 0.154512 0.0690816 0.0596255
0.000156293 3.2702 3.56343 2.97698 1.19178 1.34605 1.0375 6.02648 0.293227 0.154274 0.0687052 0.0591469
0.000160717 3.25066 3.54357 2.95774 1.18478 1.33882 1.03074 5.97325 0.292917 0.15404 0.0683325 0.058671
0.000165265 3.23121 3.52382 2.9386 1.17782 1.33163 1.02401 5.92038 0.29261 0.153809 0.0679635 0.0581978
0.000169943 3.21187 3.50417 2.91956 1.1709 1.32448 1.01732 5.86786 0.292304 0.153581 0.0675983 0.0577274
0.000174753 3.19263 3.48463 2.90062 1.16402 1.31737 1.01066 5.81571 0.292 0.153357 0.0672369 0.0572596
0.000179699 3.17349 3.46518 2.88179 1.15717 1.3103 1.00403 5.76391 0.291699 0.153135 0.0668791 0.0567944
0.000184785 3.15445 3.44585 2.86305 1.15036 1.30328 0.997448 5.71247 0.291399 0.152916 0.0665252 0.056332
0.000190015 3.13551 3.42661 2.84441 1.1436 1.2963 0.990895 5.66138 0.2911 0.152701 0.0661749 0.0558721
0.000195393 3.11667 3.40748 2.82587 1.13686 1.28935 0.984377 5.61063 0.290804 0.152488 0.0658285 0.0554149
0.000200923 3.09793 3.38844 2.80742 1.13017 1.28245 0.977893 5.56024 0.290509 0.152279 0.0654857 0.0549604
0.00020661 3.07929 3.36951 2.78908 1.12352 1.27559 0.971445 5.51019 0.290216 0.152073 0.0651467 0.0545084
0.000212458 3.06075 3.35068 2.77083 1.1169 1.26877 0.96503 5.46049 0.289924 0.151869 0.0648113 0.0540591
0.000218471 3.04231 3.33195 2.75268 1.11032 1.26199 0.958651 5.41112 0.289634 0.151669 0.0644798 0.0536124
0.000224655 3.02397 3.31331 2.73462 1.10378 1.25525 0.952305 5.3621 0.289346 0.151471 0.064152 0.0531682
0.000231013 3.00572 3.29478 2.71666 1.09727 1.24855 0.945992 5.31341 0.289059 0.151277 0.0638279 0.0527266
0.000237551 2.98757 3.27635 2.6988 1.0908 1.24189 0.939715 5.26506 0.288774 0.151086 0.0635076 0.0522876
0.000244275 2.96952 3.25801 2.68103 1.08437 1.23526 0.933469 5.21705 0.28849 0.150897 0.0631908 0.0518511
0.000251189 2.95156 3.23977 2.66335 1.07797 1.22868 0.927258 5.16936 0.288207 0.150711 0.0628779 0.0514172
0.000258298 2.9337 3.22162 2.64577 1.07161 1.22214 0.921081 5.12201 0.287926 0.150529 0.0625687 0.0509858
0.000265609 2.91593 3.20358 2.62828 1.06529 1.21563 0.914936 5.07499 0.287646 0.150349 0.0622632 0.050557
0.000273126 2.89826 3.18562 2.61089 1.059 1.20917 0.908824 5.02829 0.287367 0.150172 0.0619614 0.0501306
0.000280857 2.88068 3.16777 2.59359 1.05274 1.20274 0.902747 4.98192 0.28709 0.149998 0.0616634 0.0497068
0.000288806 2.8632 3.15001 2.57638 1.04653 1.19635 0.896701 4.93586 0.286814 0.149826 0.0613691 0.0492855
0.00029698 2.8458 3.13234 2.55927 1.04035 1.19 0.890688 4.89014 0.286539 0.149658 0.0610784 0.0488665
0.000305386 2.82851 3.11477 2.54225 1.0342 1.18369 0.884708 4.84473 0.286265 0.149492 0.0607915 0.0484502
0.000314029 2.8113 3.0973 2.52531 1.02809 1.17742 0.878759 4.79964 0.285992 0.149329 0.0605083 0.0480362
0.000322917 2.79419 3.07991 2.50847 1.02201 1.17118 0.872843 4.75486 0.28572 0.149169 0.0602288 0.0476248
0.000332057 2.77717 3.06262 2.49172 1.01597 1.16498 0.866959 4.7104 0.285449 0.149011 0.059953 0.0472157
0.000341455 2.76024 3.04542 2.47506 1.00996 1.15882 0.861108 4.66624 0.285179 0.148857 0.0596809 0.0468092
0.000351119 2.7434 3.02831 2.45849 1.00399 1.1527 0.855288 4.6224 0.284909 0.148705 0.0594125 0.046405
0.000361057 2.72665 3.01129 2.44201 0.998055 1.14661 0.8495 4.57887 0.284641 0.148556 0.0591479 0.0460032
0.000371276 2.70999 2.99436 2.42562 0.992152 1.14056 0.843743 4.53564 0.284373 0.148409 0.0588869 0.0456039
0.000381784 2.69342 2.97752 2.40931 0.986282 1.13455 0.838017 4.49272 0.284106 0.148265 0.0586296 0.045207
0.00039259 2.67694 2.96078 2.3931 0.980447 1.12857 0.832323 4.4501 0.28384 0.148124 0.0583761 0.0448124
0.000403702 2.66054 2.94412 2.37697 0.974645 1.12263 0.82666 4.40779 0.283574 0.147985 0.0581262 0.0444202
0.000415128 2.64424 2.92755 2.36093 0.968877 1.11673 0.821028 4.36577 0.283308 0.147849 0.05788 0.0440305
0.000426877 2.62802 2.91107 2.34498 0.963142 1.11086 0.815427 4.32405 0.283044 0.147715 0.0576376 0.043643
0.000438959 2.61189 2.89467 2.32911 0.957442 1.10503 0.809857 4.28263 0.282779 0.147584 0.0573988 0.043258
0.000451383 2.59585 2.87837 2.31334 0.951773 1.09923 0.804317 4.2415 0.282515 0.147456 0.0571637 0.0428752
0.000464159 2.57989 2.86215 2.29764 0.946138 1.09347 0.798808 4.20067 0.282251 0.14733 0.0569323 0.0424948
0.000477296 2.56402 2.84601 2.28204 0.940536 1.08774 0.79333 4.16012 0.281987 0.147207 0.0567046 0.0421168
0.000490805 2.54824 2.82996 2.26651 0.934966 1.08205 0.787881 4.11987 0.281724 0.147086 0.0564806 0.041741
0.000504697 2.53254 2.814 2.25108 0.92943 1.0764 0.782463 4.0799 0.281461 0.146967 0.0562603 0.0413676
0.000518981 2.51692 2.79812 2.23573 0.923925 1.07078 0.777074 4.04022 0.281197 0.146851 0.0560436 0.0409965
0.00053367 2.50139 2.78232 2.22046 0.918453 1.06519 0.771715 4.00082 0.280934 0.146737 0.0558307 0.0406277
0.000548775 2.48594 2.76661 2.20527 0.913012 1.05964 0.766386 3.96171 0.28067 0.146626 0.0556214 0.0402611
0.000564307 2.47058 2.75099 2.19017 0.907604 1.05412 0.761087 3.92288 0.280407 0.146517 0.0554158 0.0398969
0.000580278 2.4553 2.73544 2.17515 0.902227 1.04864 0.755817 3.88433 0.280143 0.146411 0.0552138 0.0395349
0.000596702 2.4401 2.71997 2.16022 0.896883 1.04319 0.750576 3.84605 0.279878 0.146307 0.0550156 0.0391751
0.000613591 2.42498 2.70459 2.14537 0.891569 1.03777 0.745365 3.80805 0.279614 0.146205 0.054821 0.0388177
0.000630957 2.40994 2.68929 2.1306 0.886287 1.03239 0.740182 3.77033 0.279349 0.146105 0.05463 0.0384624
0.000648815 2.39499 2.67407 2.11591 0.881037 1.02704 0.735029 3.73288 0.279083 0.146008 0.0544428 0.0381095
0.000667179 2.38012 2.65893 2.1013 0.875817 1.02173 0.729904 3.69571 0.278817 0.145913 0.0542591 0.0377587
0.000686062 2.36532 2.64387 2.08677 0.870628 1.01645 0.724808 3.6588 0.27855 0.14582 0.0540792 0.0374102
0.00070548 2.35061 2.62889 2.07233 0.86547 1.0112 0.719741 3.62216 0.278282 0.145729 0.0539028 0.0370639
0.000725448 2.33598 2.61399 2.05796 0.860343 1.00598 0.714702 3.58579 0.278013 0.14564 0.0537302 0.0367198
0.00074598 2.32142 2.59916 2.04368 0.855245 1.0008 0.709691 3.54968 0.277744 0.145554 0.0535611 0.0363779
0.000767094 2.30695 2.58442 2.02947 0.850179 0.995648 0.704709 3.51384 0.277473 0.14547 0.0533957 0.0360382
0.000788805 2.29255 2.56975 2.01535 0.845142 0.99053 0.699755 3.47826 0.277201 0.145387 0.053234 0.0357007
0.000811131 2.27823 2.55516 2.0013 0.840136 0.985443 0.694828 3.44295 0.276929 0.145307 0.0530758 0.0353653
0.000834088 2.26399 2.54064 1.98733 0.835159 0.980388 0.68993 3.40789 0.276654 0.145229 0.0529213 0.0350322
0.000857696 2.24982 2.5262 1.97344 0.830212 0.975365 0.68506 3.37309 0.276379 0.145153 0.0527704 0.0347012
0.000881971 2.23573 2.51183 1.95963 0.825295 0.970373 0.680216 3.33854 0.276102 0.145078 0.0526231 0.0343724
0.000906934 2.22172 2.49754 1.94589 0.820407 0.965413 0.675401 3.30426 0.275823 0.145006 0.0524794 0.0340457
0.000932603 2.20778 2.48332 1.93224 0.815548 0.960484 0.670613 3.27022 0.275543 0.144936 0.0523393 0.0337211
0.000958999 2.19392 2.46918 1.91865 0.810719 0.955586 0.665851 3.23644 0.27526 0.144867 0.0522027 0.0333987
0.000986142 2.18013 2.4551 1.90515 0.805918 0.950719 0.661118 3.20291 0.274976 0.144801 0.0520698 0.0330784
0.00101405 2.16642 2.44111 1.89172 0.801147 0.945883 0.656411 3.16963 0.27469 0.144736 0.0519404 0.0327603
0.00104275 2.15277 2.42718 1.87837 0.796404 0.941077 0.651731 3.1366 0.274402 0.144673 0.0518145 0.0324442
0.00107227 2.13921 2.41332 1.8651 0.79169 0.936301 0.647078 3.10381 0.274112 0.144611 0.0516922 0.0321303
0.00110262 2.12572 2.39954 1.8519 0.787003 0.931555 0.642452 3.07127 0.273819 0.144552 0.0515735 0.0318185
0.00113382 2.1123 2.38582 1.83877 0.782346 0.92684 0.637852 3.03897 0.273524 0.144494 0.0514582 0.0315088
0.00116591 2.09895 2.37217 1.82572 0.777716 0.922154 0.633278 3.00692 0.273227 0.144438 0.0513465 0.0312011
0.00119891 2.08567 2.3586 1.81274 0.773114 0.917497 0.628732 2.97511 0.272927 0.144383 0.0512383 0.0308956
0.00123285 2.07246 2.34509 1.79984 0.76854 0.91287 0.624211 2.94353 0.272624 0.14433 0.0511336 0.0305921
0.00126774 2.05933 2.33165 1.78701 0.763995 0.908273 0.619716 2.9122 0.272318 0.144278 0.0510323 0.0302907
0.00130362 2.04627 2.31828 1.77426 0.759476 0.903704 0.615248 2.8811 0.272009 0.144228 0.0509345 0.0299914
0.00134052 2.03327 2.30497 1.76157 0.754985 0.899164 0.610805 2.85024 0.271697 0.14418 0.0508402 0.0296941
0.00137846 2.02035 2.29173 1.74897 0.750521 0.894653 0.606388 2.81961 0.271382 0.144132 0.0507493 0.0293989
0.00141747 2.00749 2.27855 1.73643 0.746084 0.89017 0.601997 2.78922 0.271063 0.144087 0.0506618 0.0291057
0.00145759 1.99471 2.26545 1.72396 0.741674 0.885716 0.597631 2.75906 0.270741 0.144042 0.0505777 0.0288145
0.00149885 1.98199 2.2524 1.71157 0.73729 0.881289 0.593291 2.72913 0.270415 0.143999 0.050497 0.0285254
0.00154127 1.96934 2.23942 1.69925 0.732934 0.876891 0.588976 2.69942 0.270085 0.143957 0.0504196 0.0282383
0.00158489 1.95675 2.2265 1.687 0.728603 0.87252 0.584687 2.66995 0.269751 0.143916 0.0503456 0.0279532
0.00162975 1.94424 2.21365 1.67482 0.7243 0.868177 0.580423 2.6407 0.269413 0.143877 0.0502749 0.0276702
0.00167588 1.93179 2.20086 1.66271 0.720022 0.863861 0.576184 2.61168 0.269071 0.143839 0.0502076 0.0273891
0.00172331 1.9194 2.18813 1.65068 0.715771 0.859572 0.571969 2.58289 0.268725 0.143801 0.0501434 0.0271101
0.00177209 1.90708 2.17546 1.63871 0.711545 0.85531 0.56778 2.55431 0.268374 0.143765 0.0500826 0.026833
0.00182224 1.89483 2.16285 1.62681 0.707345 0.851075 0.563615 2.52596 0.268018 0.14373 0.050025 0.026558
0.00187382 1.88264 2.1503 1.61498 0.703171 0.846866 0.559475 2.49783 0.267657 0.143695 0.0499706 0.0262849
0.00192685 1.87051 2.13781 1.60322 0.699022 0.842683 0.55536 2.46992 0.267292 0.143662 0.0499193 0.0260138
0.00198139 1.85845 2.12537 1.59153 0.694898 0.838527 0.551269 2.44223 0.266921 0.143629 0.0498713 0.0257447
0.00203747 1.84646 2.113 1.57991 0.6908 0.834397 0.547202 2.41476 0.266545 0.143597 0.0498263 0.0254775
0.00209514 1.83452 2.10068 1.56836 0.686726 0.830292 0.54316 2.3875 0.266163 0.143566 0.0497844 0.0252123
0.00215443 1.82265 2.08842 1.55687 0.682677 0.826213 0.539141 2.36045 0.265776 0.143536 0.0497456 0.024949
0.00221541 1.81084 2.07622 1.54546 0.678653 0.822159 0.535147 2.33362 0.265382 0.143506 0.0497099 0.0246877
0.00227812 1.79909 2.06407 1.53411 0.674653 0.81813 0.531176 2.30701 0.264983 0.143477 0.0496771 0.0244284
0.00234259 1.7874 2.05198 1.52282 0.670678 0.814126 0.52723 2.2806 0.264577 0.143448 0.0496473 0.0241709
0.0024089 1.77577 2.03994 1.51161 0.666727 0.810146 0.523307 2.2544 0.264165 0.14342 0.0496204 0.0239154
0.00247708 1.76421 2.02795 1.50046 0.6628 0.806191 0.519408 2.22842 0.263747 0.143392 0.0495964 0.0236619
0.00254719 1.7527 2.01602 1.48938 0.658897 0.802261 0.515533 2.20264 0.263321 0.143364 0.0495752 0.0234102
0.00261928 1.74125 2.00414 1.47836 0.655017 0.798354 0.511681 2.17707 0.262889 0.143337 0.0495568 0.0231605
0.00269341 1.72986 1.99231 1.46741 0.651161 0.794471 0.507852 2.1517 0.262449 0.143309 0.0495412 0.0229126
0.00276965 1.71852 1.98053 1.45652 0.647329 0.790611 0.504046 2.12654 0.262002 0.143282 0.0495283 0.0226667
0.00284804 1.70725 1.9688 1.4457 0.643519 0.786775 0.500264 2.10159 0.261547 0.143255 0.0495181 0.0224226
0.00292864 1.69603 1.95712 1.43495 0.639733 0.782961 0.496505 2.07683 0.261084 0.143228 0.0495105 0.0221805
0.00301153 1.68487 1.94549 1.42426 0.63597 0.77917 0.492769 2.05228 0.260614 0.143201 0.0495054 0.0219402
0.00309677 1.67377 1.9339 1.41363 0.632229 0.775403 0.489056 2.02793 0.260135 0.143173 0.0495029 0.0217018
0.00318442 1.66272 1.92237 1.40307 0.628511 0.771657 0.485365 2.00378 0.259647 0.143146 0.0495029 0.0214653
0.00327455 1.65173 1.91088 1.39258 0.624815 0.767933 0.481698 1.97982 0.259151 0.143118 0.0495052 0.0212306
0.00336723 1.64079 1.89944 1.38214 0.621142 0.764232 0.478052 1.95607 0.258646 0.14309 0.0495099 0.0209978
0.00346253 1.62991 1.88804 1.37177 0.617491 0.760552 0.47443 1.93251 0.258132 0.143061 0.0495169 0.0207669
0.00356053 1.61907 1.87668 1.36147 0.613861 0.756893 0.47083 1.90915 0.257609 0.143031 0.0495261 0.0205378
0.00366131 1.6083 1.86537 1.35122 0.610254 0.753255 0.467252 1.88598 0.257075 0.143001 0.0495375 0.0203105
0.00376494 1.59757 1.85411 1.34104 0.606667 0.749638 0.463697 1.863 0.256532 0.142971 0.049551 0.0200851
0.0038715 1.5869 1.84288 1.33092 0.603103 0.746042 0.460163 1.84022 0.255979 0.142939 0.0495665 0.0198615
0.00398107 1.57628 1.8317 1.32087 0.599559 0.742466 0.456652 1.81763 0.255415 0.142907 0.049584 0.0196397
0.00409375 1.56572 1.82056 1.31087 0.596037 0.73891 0.453163 1.79523 0.254841 0.142873 0.0496033 0.0194198
0.00420962 1.5552 1.80945 1.30094 0.592535 0.735374 0.449696 1.77302 0.254256 0.142839 0.0496245 0.0192016
0.00432876 1.54473 1.79839 1.29107 0.589054 0.731857 0.446251 1.751 0.253659 0.142803 0.0496473 0.0189853
0.00445128 1.53431 1.78737 1.28126 0.585593 0.728359 0.442828 1.72917 0.253052 0.142766 0.0496719 0.0187707
0.00457727 1.52395 1.77638 1.27151 0.582153 0.72488 0.439426 1.70752 0.252432 0.142727 0.049698 0.018558
0.00470682 1.51363 1.76543 1.26183 0.578733 0.72142 0.436046 1.68606 0.251801 0.142687 0.0497255 0.018347
0.00484003 1.50336 1.75451 1.2522 0.575333 0.717979 0.432687 1.66479 0.251158 0.142646 0.0497545 0.0181378
0.00497702 1.49313 1.74363 1.24263 0.571952 0.714555 0.42935 1.6437 0.250502 0.142603 0.0497847 0.0179304
0.00511789 1.48296 1.73279 1.23313 0.568591 0.711149 0.426034 1.62279 0.249833 0.142558 0.0498162 0.0177247
0.00526274 1.47283 1.72198 1.22368 0.56525 0.70776 0.422739 1.60206 0.249151 0.142511 0.0498487 0.0175208
0.0054117 1.46275 1.7112 1.21429 0.561927 0.704389 0.419466 1.58152 0.248456 0.142462 0.0498823 0.0173187
0.00556486 1.45271 1.70046 1.20496 0.558624 0.701035 0.416214 1.56116 0.247747 0.14241 0.0499167 0.0171183
0.00572237 1.44272 1.68974 1.19569 0.555339 0.697696 0.412982 1.54098 0.247024 0.142357 0.049952 0.0169196
0.00588433 1.43277 1.67906 1.18649 0.552073 0.694375 0.409772 1.52098 0.246287 0.142301 0.0499879 0.0167227
0.00605088 1.42287 1.66841 1.17733 0.548826 0.691068 0.406583 1.50115 0.245536 0.142243 0.0500244 0.0165275
0.00622213 1.41301 1.65778 1.16824 0.545596 0.687778 0.403414 1.48151 0.24477 0.142182 0.0500613 0.016334
0.00639824 1.4032 1.64719 1.15921 0.542385 0.684503 0.400267 1.46204 0.243989 0.142118 0.0500985 0.0161422
0.00657933 1.39342 1.63662 1.15023 0.539191 0.681242 0.397139 1.44274 0.243192 0.142051 0.050136 0.0159521
0.00676555 1.38369 1.62607 1.14131 0.536015 0.677996 0.394033 1.42362 0.24238 0.141982 0.0501735 0.0157637
0.00695704 1.37401 1.61556 1.13245 0.532856 0.674764 0.390947 1.40468 0.241552 0.141909 0.050211 0.015577
0.00715394 1.36436 1.60506 1.12365 0.529714 0.671546 0.387882 1.38591 0.240707 0.141832 0.0502483 0.015392
0.00735642 1.35475 1.5946 1.1149 0.526589 0.668342 0.384836 1.36731 0.239846 0.141753 0.0502853 0.0152087
0.00756463 1.34518 1.58415 1.10622 0.523481 0.66515 0.381812 1.34888 0.238968 0.141669 0.0503218 0.015027
0.00777874 1.33566 1.57373 1.09758 0.520389 0.661971 0.378807 1.33062 0.238072 0.141582 0.0503578 0.014847
0.0079989 1.32617 1.56333 1.08901 0.517313 0.658804 0.375822 1.31254 0.23716 0.141491 0.0503929 0.0146686
0.0082253 1.31672 1.55295 1.08049 0.514254 0.65565 0.372858 1.29462 0.236229 0.141396 0.0504272 0.0144918
0.0084581 1.30731 1.54259 1.07203 0.51121 0.652507 0.369914 1.27687 0.23528 0.141296 0.0504604 0.0143167
0.00869749 1.29793 1.53225 1.06362 0.508182 0.649375 0.366989 1.2593 0.234313 0.141193 0.0504923 0.0141433
0.00894366 1.2886 1.52192 1.05527 0.505169 0.646253 0.364085 1.24188 0.233327 0.141084 0.0505229 0.0139714
0.00919679 1.2793 1.51162 1.04698 0.502171 0.643142 0.3612 1.22464 0.232322 0.140971 0.050552 0.0138012
0.00945709 1.27003 1.50133 1.03874 0.499188 0.640041 0.358335 1.20756 0.231297 0.140853 0.0505793 0.0136325
0.00972476 1.2608 1.49106 1.03055 0.49622 0.63695 0.35549 1.19064 0.230253 0.14073 0.0506047 0.0134654
0.01 1.25161 1.4808 1.02242 0.493266 0.633867 0.352664 1.17389 0.229189 0.140602 0.0506281 0.0133
0.010283 1.24245 1.47056 1.01435 0.490326 0.630793 0.349858 1.1573 0.228105 0.140468 0.0506492 0.013136
0.0105741 1.23333 1.46033 1.00633 0.4874 0.627728 0.347071 1.14088 0.227 0.140328 0.0506678 0.0129737
0.0108734 1.22423 1.45011 0.998361 0.484487 0.62467 0.344304 1.12462 0.225874 0.140183 0.0506839 0.0128129
0.0111811 1.21518 1.4399 0.99045 0.481588 0.621619 0.341556 1.10851 0.224727 0.140031 0.0506971 0.0126537
0.0114976 1.20615 1.42971 0.982593 0.478702 0.618575 0.338828 1.09257 0.223558 0.139874 0.0507073 0.012496
0.011823 1.19716 1.41953 0.97479 0.475828 0.615538 0.336119 1.07679 0.222368 0.13971 0.0507144 0.0123398
0.0121576 1.1882 1.40935 0.96704 0.472967 0.612506 0.333428 1.06117 0.221156 0.139539 0.050718 0.0121851
0.0125017 1.17927 1.39919 0.959344 0.470119 0.60948 0.330757 1.04571 0.219922 0.139362 0.050718 0.012032
0.0128556 1.17037 1.38903 0.951701 0.467282 0.606459 0.328105 1.0304 0.218665 0.139177 0.0507142 0.0118803
0.0132194 1.1615 1.37888 0.944112 0.464457 0.603442 0.325472 1.01525 0.217385 0.138985 0.0507063 0.0117301
0.0135936 1.15266 1.36874 0.936575 0.461643 0.600429 0.322858 1.00026 0.216082 0.138786 0.0506942 0.0115814
0.0139783 1.14385 1.3586 0.929092 0.458841 0.59742 0.320262 0.985423 0.214756 0.138579 0.0506776 0.0114342
0.0143739 1.13507 1.34847 0.921661 0.456049 0.594413 0.317685 0.970742 0.213406 0.138364 0.0506564 0.0112884
0.0147808 1.12632 1.33835 0.914283 0.453268 0.591409 0.315128 0.956213 0.212033 0.13814 0.0506302 0.0111441
0.0151991 1.11759 1.32823 0.906957 0.450497 0.588406 0.312589 0.941839 0.210636 0.137909 0.050599 0.0110012
0.0156293 1.1089 1.31811 0.899682 0.447736 0.585405 0.310068 0.927617 0.209214 0.137669 0.0505623 0.0108597
0.0160717 1.10023 1.308 0.89246 0.444985 0.582405 0.307566 0.913547 0.207768 0.137419 0.0505201 0.0107197
0.0165265 1.09159 1.29789 0.88529 0.442243 0.579404 0.305082 0.899629 0.206298 0.137161 0.050472 0.010581
0.0169943 1.08297 1.28778 0.878172 0.43951 0.576404 0.302617 0.885861 0.204803 0.136893 0.050418 0.0104437
0.0174753 1.07439 1.27767 0.871105 0.436786 0.573402 0.30017 0.872243 0.203283 0.136616 0.0503576 0.0103078
0.0179699 1.06583 1.26757 0.864089 0.43407 0.570399 0.297741 0.858774 0.201738 0.136329 0.0502907 0.0101733
0.0184785 1.05729 1.25746 0.857124 0.431362 0.567393 0.29533 0.845454 0.200168 0.136032 0.050217 0.0100401
0.0190015 1.04878 1.24736 0.850211 0.428662 0.564385 0.292938 0.832281 0.198573 0.135724 0.0501364 0.0099083
0.0195393 1.0403 1.23725 0.843348 0.425969 0.561374 0.290564 0.819255 0.196953 0.135405 0.0500485 0.0097778
0.0200923 1.03184 1.22715 0.836535 0.423283 0.558359 0.288207 0.806375 0.195307 0.135076 0.0499532 0.00964861
0.020661 1.02341 1.21705 0.829774 0.420604 0.555339 0.285869 0.793641 0.193636 0.134735 0.0498502 0.00952074
0.0212458 1.015 1.20694 0.823062 0.417931 0.552314 0.283549 0.781051 0.19194 0.134383 0.0497392 0.00939415
0.0218471 1.00662 1.19684 0.816401 0.415265 0.549284 0.281246 0.768605 0.190217 0.134019 0.0496201 0.00926884
0.0224655 0.99826 1.18673 0.80979 0.412604 0.546247 0.278961 0.756303 0.18847 0.133643 0.0494926 0.00914481
0.0231013 0.989925 1.17662 0.803228 0.409948 0.543203 0.276694 0.744143 0.186697 0.133254 0.0493564 0.00902202
0.0237551 0.981615 1.16651 0.796716 0.407298 0.540151 0.274444 0.732124 0.184899 0.132853 0.0492114 0.00890048
0.0244275 0.973329 1.1564 0.790254 0.404652 0.537091 0.272212 0.720247 0.183075 0.132439 0.0490573 0.00878017
0.0251189 0.965067 1.14629 0.78384 0.40201 0.534022 0.269998 0.708509 0.181227 0.132012 0.0488939 0.00866107
0.0258298 0.95683 1.13618 0.777476 0.399372 0.530943 0.267801 0.696911 0.179353 0.131571 0.048721 0.00854318
0.0265609 0.948616 1.12607 0.771161 0.396737 0.527854 0.265621 0.685451 0.177455 0.131117 0.0485383 0.00842647
0.0273126 0.940426 1.11596 0.764895 0.394106 0.524754 0.263458 0.674129 0.175532 0.130648 0.0483457 0.00831093
0.0280857 0.932261 1.10584 0.758677 0.391477 0.521642 0.261312 0.662944 0.173584 0.130165 0.0481429 0.00819656
0.0288806 0.92412 1.09573 0.752507 0.388851 0.518518 0.259184 0.651894 0.171612 0.129667 0.0479297 0.00808333
0.029698 0.916003 1.08562 0.746386 0.386226 0.51538 0.257072 0.64098 0.169617 0.129154 0.0477061 0.00797123
0.0305386 0.907911 1.07551 0.740313 0.383603 0.512229 0.254978 0.630201 0.167597 0.128626 0.0474717 0.00786025
0.0314029 0.899843 1.0654 0.734288 0.380982 0.509064 0.2529 0.619554 0.165555 0.128082 0.0472264 0.00775038
0.0322917 0.8918 1.05529 0.72831 0.378361 0.505883 0.250839 0.60904 0.16349 0.127522 0.04697 0.0076416
0.0332057 0.883782 1.04518 0.72238 0.375741 0.502687 0.248795 0.598658 0.161402 0.126946 0.0467024 0.00753389
0.0341455 0.875789 1.03508 0.716497 0.37312 0.499474 0.246767 0.588407 0.159292 0.126354 0.0464234 0.00742724
0.0351119 0.867822 1.02498 0.710662 0.370499 0.496243 0.244755 0.578285 0.157161 0.125744 0.0461329 0.00732164
0.0361057 0.859881 1.01489 0.704872 0.367877 0.492995 0.24276 0.568293 0.155008 0.125118 0.0458308 0.00721707
0.0371276 0.851965 1.0048 0.69913 0.365254 0.489728 0.240781 0.558428 0.152835 0.124474 0.0455169 0.00711352
0.0381784 0.844077 0.99472 0.693434 0.362629 0.486441 0.238818 0.548691 0.150643 0.123812 0.0451912 0.00701097
0.039259 0.836215 0.984646 0.687784 0.360002 0.483134 0.23687 0.539079 0.148431 0.123132 0.0448534 0.0069094
0.0403702 0.828381 0.974581 0.682181 0.357373 0.479807 0.234939 0.529593 0.1462 0.122434 0.0445037 0.00680882
0.0415128 0.820575 0.964527 0.676623 0.354741 0.476458 0.233024 0.520231 0.143952 0.121717 0.0441419 0.00670919
0.0426877 0.812797 0.954483 0.67111 0.352105 0.473087 0.231123 0.510992 0.141687 0.120982 0.0437679 0.0066105
0.0438959 0.805048 0.944453 0.665642 0.349466 0.469693 0.229239 0.501875 0.139405 0.120227 0.0433818 0.00651275
0.0451383 0.797328 0.934436 0.66022 0.346822 0.466275 0.227369 0.492879 0.137108 0.119453 0.0429835 0.00641591
0.0464159 0.789638 0.924434 0.654842 0.344174 0.462832 0.225515 0.484003 0.134796 0.118659 0.042573 0.00631997
0.0477296 0.781979 0.914449 0.649508 0.34152 0.459365 0.223675 0.475246 0.132471 0.117845 0.0421504 0.00622492
0.0490805 0.774351 0.904483 0.644219 0.338861 0.455872 0.221851 0.466606 0.130132 0.117011 0.0417156 0.00613073
0.0504697 0.766755 0.894537 0.638972 0.336196 0.452353 0.22004 0.458084 0.127782 0.116156 0.0412688 0.00603741
0.0518981 0.759192 0.884613 0.63377 0.333525 0.448806 0.218244 0.449677 0.125422 0.115281 0.04081 0.00594493
0.053367 0.751661 0.874713 0.62861 0.330847 0.445232 0.216462 0.441385 0.123051 0.114385 0.0403394 0.00585327
0.0548775 0.744165 0.864837 0.623493 0.328162 0.44163 0.214694 0.433206 0.120672 0.113468 0.039857 0.00576244
0.0564307 0.736704 0.85499 0.618418 0.325469 0.437998 0.21294 0.425139 0.118286 0.112529 0.039363 0.0056724
0.0580278 0.729278 0.845171 0.613385 0.322768 0.434337 0.211198 0.417184 0.115893 0.111569 0.0388575 0.00558315
0.0596702 0.721888 0.835383 0.608393 0.320058 0.430645 0.209471 0.409338 0.113495 0.110587 0.0383408 0.00549468
0.0613591 0.714536 0.825629 0.603443 0.317339 0.426923 0.207755 0.401601 0.111093 0.109584 0.0378131 0.00540697
0.0630957 0.707221 0.81591 0.598532 0.314611 0.423169 0.206052 0.393972 0.108689 0.108558 0.0372745 0.00532
0.0648815 0.699945 0.806228 0.593662 0.311872 0.419383 0.204362 0.386448 0.106283 0.107511 0.0367254 0.00523377
0.0667179 0.692708 0.796585 0.588831 0.309124 0.415565 0.202683 0.37903 0.103877 0.106441 0.036166 0.00514827
0.0686062 0.685511 0.786984 0.584039 0.306364 0.411713 0.201016 0.371716 0.101473 0.105349 0.0355966 0.00506347
0.070548 0.678356 0.777427 0.579285 0.303593 0.407828 0.199359 0.364504 0.0990711 0.104234 0.0350176 0.00497938
0.0725448 0.671242 0.767915 0.574568 0.300811 0.403908 0.197714 0.357394 0.0966735 0.103097 0.0344293 0.00489597
0.074598 0.66417 0.758452 0.569889 0.298016 0.399954 0.196078 0.350383 0.0942815 0.101938 0.0338321 0.00481325
0.0767094 0.657142 0.749038 0.565245 0.295209 0.395965 0.194452 0.343472 0.0918965 0.100756 0.0332263 0.00473119
0.0788805 0.650157 0.739677 0.560637 0.292388 0.39194 0.192836 0.336657 0.0895199 0.0995521 0.0326125 0.00464978
0.0811131 0.643217 0.73037 0.556064 0.289553 0.387879 0.191228 0.329939 0.0871531 0.0983256 0.031991 0.00456903
0.0834088 0.636322 0.721119 0.551524 0.286705 0.383782 0.189628 0.323316 0.0847978 0.0970769 0.0313624 0.00448891
0.0857696 0.629472 0.711927 0.547017 0.283842 0.379648 0.188036 0.316787 0.0824552 0.095806 0.030727 0.00440942
0.0881971 0.622669 0.702796 0.542542 0.280963 0.375477 0.18645 0.31035 0.080127 0.0945131 0.0300855 0.00433055
0.0906934 0.615912 0.693726 0.538097 0.278069 0.371268 0.184871 0.304004 0.0778146 0.0931984 0.0294383 0.0042523
0.0932603 0.609202 0.684722 0.533683 0.275159 0.367021 0.183297 0.297748 0.0755194 0.091862 0.028786 0.00417466
0.0958999 0.60254 0.675783 0.529296 0.272233 0.362737 0.181728 0.29158 0.073243 0.0905043 0.0281292 0.00409761
0.0986142 0.595924 0.666911 0.524937 0.269289 0.358414 0.180163 0.2855 0.0709868 0.0891255 0.0274684 0.00402117
0.101405 0.589357 0.658109 0.520604 0.266327 0.354053 0.178601 0.279505 0.0687524 0.087726 0.0268043 0.00394531
0.104275 0.582837 0.649378 0.516296 0.263347 0.349653 0.17704 0.273596 0.066541 0.0863061 0.0261376 0.00387005
0.107227 0.576364 0.640718 0.51201 0.260347 0.345214 0.175481 0.26777 0.0643541 0.0848661 0.0254687 0.00379536
0.110262 0.569939 0.632132 0.507745 0.257329 0.340735 0.173922 0.262026 0.0621932 0.0834066 0.0247984 0.00372126
0.113382 0.56356 0.62362 0.5035 0.25429 0.336218 0.172362 0.256363 0.0600596 0.081928 0.0241273 0.00364773
0.116591 0.557228 0.615182 0.499273 0.25123 0.331661 0.170799 0.25078 0.0579546 0.0804309 0.0234561 0.00357479
0.119891 0.550941 0.606821 0.495061 0.248149 0.327064 0.169233 0.245276 0.0558796 0.0789159 0.0227855 0.00350242
0.123285 0.544699 0.598535 0.490863 0.245045 0.322428 0.167661 0.239849 0.0538357 0.0773836 0.0221162 0.00343063
0.126774 0.538501 0.590325 0.486676 0.241918 0.317753 0.166084 0.234499 0.0518244 0.0758346 0.0214488 0.00335942
0.130362 0.532345 0.582192 0.482498 0.238768 0.313037 0.164498 0.229224 0.0498466 0.0742697 0.020784 0.0032888
0.134052 0.52623 0.574134 0.478327 0.235592 0.308282 0.162903 0.224024 0.0479036 0.0726897 0.0201226 0.00321875
0.137846 0.520155 0.566151 0.474158 0.232391 0.303487 0.161296 0.218897 0.0459964 0.0710954 0.0194652 0.0031493
0.141747 0.514117 0.558243 0.46999 0.229164 0.298652 0.159676 0.213842 0.0441262 0.0694877 0.0188125 0.00308044
0.145759 0.508113 0.550407 0.46582 0.225909 0.293777 0.158042 0.208859 0.0422937 0.0678676 0.0181652 0.00301217
0.149885 0.502143 0.542643 0.461643 0.222626 0.288861 0.15639 0.203945 0.0405001 0.066236 0.0175239 0.00294451
0.154127 0.496202 0.534948 0.457456 0.219312 0.283906 0.154718 0.199102 0.038746 0.064594 0.0168893 0.00287746
0.158489 0.490288 0.527321 0.453256 0.215968 0.278911 0.153026 0.194327 0.0370324 0.0629426 0.0162621 0.00281103
0.162975 0.484397 0.519757 0.449037 0.212592 0.273875 0.151309 0.18962 0.0353599 0.0612832 0.0156429 0.00274522
0.167588 0.478526 0.512255 0.444797 0.209182 0.268799 0.149566 0.18498 0.0337292 0.0596168 0.0150323 0.00268005
0.172331 0.472669 0.50481 0.440529 0.205738 0.263683 0.147793 0.180407 0.0321408 0.0579447 0.0144309 0.00261551
0.177209 0.466823 0.497419 0.436228 0.202257 0.258526 0.145989 0.1759 0.0305953 0.0562683 0.0138393 0.00255163
0.182224 0.460983 0.490076 0.431889 0.198739 0.253328 0.14415 0.171457 0.0290932 0.0545889 0.0132581 0.00248841
0.187382 0.455142 0.482777 0.427507 0.195181 0.248089 0.142273 0.167079 0.0276346 0.052908 0.0126877 0.00242586
0.192685 0.449295 0.475515 0.423075 0.191582 0.242809 0.140355 0.162765 0.0262201 0.051227 0.0121287 0.00236398
0.198139 0.443435 0.468284 0.418585 0.18794 0.237488 0.138393 0.158514 0.0248497 0.0495474 0.0115815 0.0023028
0.203747 0.437555 0.461078 0.414031 0.184254 0.232125 0.136383 0.154326 0.0235236 0.0478709 0.0110466 0.00224231
0.209514 0.431647 0.453889 0.409405 0.18052 0.226719 0.134321 0.1502 0.0222418 0.0461991 0.0105244 0.00218252
0.215443 0.425703 0.446708 0.404699 0.176738 0.221272 0.132205 0.146137 0.0210044 0.0445335 0.0100153 0.00212344
0.221541 0.419714 0.439525 0.399903 0.172906 0.215781 0.13003 0.142134 0.0198112 0.0428759 0.00951959 0.00206508
0.227812 0.41367 0.432332 0.395008 0.16902 0.210248 0.127792 0.138193 0.0186621 0.041228 0.00903759 0.00200744
0.234259 0.40756 0.425117 0.390003 0.16508 0.204672 0.125489 0.134311 0.0175568 0.0395916 0.00856958 0.00195053
0.24089 0.401372 0.417867 0.384877 0.161083 0.199051 0.123115 0.13049 0.016495 0.0379684 0.00811577 0.00189435
0.247708 0.395094 0.410571 0.379618 0.157027 0.193387 0.120667 0.126728 0.0154763 0.0363603 0.00767636 0.00183889
0.254719 0.388712 0.403213 0.374212 0.15291 0.187679 0.118141 0.123025 0.0145002 0.0347691 0.0072515 0.00178416
0.261928 0.382211 0.395777 0.368644 0.148729 0.181926 0.115533 0.119381 0.0135663 0.0331965 0.00684129 0.00173014
0.269341 0.375571 0.388245 0.362897 0.144484 0.176128 0.112839 0.115793 0.012674 0.0316445 0.0064458 0.00167683
0.276965 0.368771 0.380593 0.356948 0.14017 0.170285 0.110055 0.112263 0.0118225 0.0301149 0.00606505 0.0016242
0.284804 0.361782 0.372794 0.350771 0.135786 0.164395 0.107176 0.108789 0.0110112 0.0286095 0.00569903 0.00157223
0.292864 0.35456 0.3648 0.344321 0.131326 0.158456 0.104195 0.105371 0.0102394 0.0271302 0.00534768 0.00152086
0.301153 0.347007 0.356513 0.3375 0.126775 0.152454 0.101096 0.102007 0.00950619 0.0256788 0.00501086 0.00147002
0.309677 0.338622 0.347433 0.329812 0.122047 0.146305 0.0977901 0.0987009 0.00881081 0.0242573 0.00468837 0.00141949
0.318442 0.330234 0.338791 0.321678 0.118675 0.142401 0.0949477 0.0974674 0.00855685 0.0237268 0.00456935 0.00139966
0.321833 0.327474 0.335785 0.319163 0.116979 0.140186 0.0937731 0.0962535 0.00831069 0.0232064 0.00445358 0.00138009
0.325224 0.324714 0.332786 0.316642 0.115294 0.13799 0.0925985 0.0950587 0.00807204 0.0226959 0.00434094 0.00136079
0.328614 0.321955 0.329796 0.314115 0.113619 0.135814 0.0914237 0.0938825 0.00784065 0.0221951 0.00423134 0.00134174
0.332005 0.319196 0.326812 0.31158 0.111953 0.133657 0.090249 0.0927243 0.00761629 0.0217039 0.00412469 0.00132293
0.335396 0.316436 0.323835 0.309037 0.110297 0.131519 0.0890747 0.0915835 0.0073987 0.0212221 0.0040209 0.00130436
0.338787 0.313675 0.320863 0.306488 0.10865 0.1294 0.0879008 0.0904595 0.00718766 0.0207496 0.00391989 0.00128602
0.342178 0.310913 0.317896 0.30393 0.107014 0.1273 0.0867276 0.089352 0.00698296 0.0202861 0.00382157 0.00126791
0.345569 0.308149 0.314933 0.301364 0.105387 0.125218 0.085555 0.0882604 0.00678438 0.0198316 0.00372585 0.00125002
0.348959 0.305382 0.311974 0.29879 0.103769 0.123155 0.0843835 0.0871842 0.00659172 0.0193859 0.00363267 0.00123235
0.35235 0.302613 0.309017 0.296208 0.102162 0.121111 0.0832131 0.0861229 0.00640478 0.0189487 0.00354194 0.00121488
0.355741 0.29984 0.306064 0.293617 0.100564 0.119084 0.0820441 0.0850762 0.00622338 0.0185201 0.00345359 0.00119762
0.359132 0.297065 0.303112 0.291017 0.0989764 0.117076 0.0808766 0.0840435 0.00604733 0.0180998 0.00336755 0.00118055
0.362523 0.294285 0.300162 0.288409 0.0973986 0.115086 0.079711 0.0830245 0.00587645 0.0176877 0.00328375 0.00116368
0.365914 0.291502 0.297213 0.285792 0.0958307 0.113114 0.0785471 0.0820187 0.00571059 0.0172836 0.00320213 0.001147
0.369305 0.288715 0.294265 0.283166 0.094273 0.11116 0.0773856 0.0810258 0.00554956 0.0168874 0.00312261 0.0011305
0.372695 0.285924 0.291317 0.280531 0.0927256 0.109225 0.0762266 0.0800452 0.00539323 0.016499 0.00304515 0.00111418
0.376086 0.283128 0.28837 0.277887 0.0911883 0.107307 0.0750701 0.0790768 0.00524144 0.0161182 0.00296967 0.00109803
0.379477 0.280328 0.285422 0.275234 0.0896613 0.105406 0.0739164 0.0781201 0.00509403 0.0157449 0.00289612 0.00108206
0.382868 0.277523 0.282474 0.272572 0.0881449 0.103524 0.0727659 0.0771747 0.00495088 0.015379 0.00282445 0.00106626
0.386259 0.274714 0.279525 0.269902 0.0866391 0.101659 0.0716187 0.0762403 0.00481185 0.0150204 0.00275459 0.00105062
0.38965 0.271899 0.276576 0.267222 0.0851438 0.0998126 0.070475 0.0753166 0.00467679 0.0146688 0.0026865 0.00103513
0.39304 0.26908 0.273626 0.264534 0.0836594 0.0979836 0.0693351 0.0744033 0.0045456 0.0143243 0.00262012 0.00101981
0.396431 0.266256 0.270674 0.261838 0.0821859 0.0961724 0.0681993 0.0735 0.00441815 0.0139866 0.0025554 0.00100464
0.399822 0.263427 0.267721 0.259132 0.0807234 0.094379 0.0670677 0.0726064 0.00429432 0.0136556 0.00249231 0.000989621
0.403213 0.260593 0.264767 0.256419 0.079272 0.0926034 0.0659407 0.0717223 0.00417399 0.0133313 0.00243078 0.00097475
0.406604 0.257754 0.261811 0.253697 0.077832 0.0908455 0.0648185 0.0708474 0.00405706 0.0130135 0.00237077 0.000960023
0.409995 0.25491 0.258854 0.250967 0.0764033 0.0891055 0.0637012 0.0699813 0.00394342 0.0127021 0.00231225 0.000945439
0.413385 0.252062 0.255895 0.248229 0.0749862 0.0873832 0.0625892 0.0691239 0.00383298 0.012397 0.00225516 0.000930994
0.416776 0.249209 0.252935 0.245484 0.0735808 0.0856789 0.0614827 0.0682748 0.00372562 0.0120981 0.00219948 0.000916686
0.420167 0.246352 0.249973 0.242731 0.0721871 0.0839923 0.0603819 0.0674339 0.00362126 0.0118052 0.00214515 0.000902513
0.423558 0.24349 0.24701 0.239971 0.0708054 0.0823237 0.0592871 0.0666008 0.00351981 0.0115183 0.00209214 0.000888474
0.426949 0.240625 0.244046 0.237204 0.0694358 0.0806731 0.0581986 0.0657754 0.00342118 0.0112372 0.00204042 0.000874565
0.43034 0.237755 0.24108 0.23443 0.0680784 0.0790403 0.0571165 0.0649574 0.00332527 0.0109619 0.00198994 0.000860785
0.43373 0.234882 0.238114 0.23165 0.0667334 0.0774256 0.0560411 0.0641467 0.00323201 0.0106923 0.00194068 0.000847131
0.437121 0.232005 0.235146 0.228863 0.0654008 0.0758289 0.0549726 0.0633429 0.00314132 0.0104282 0.0018926 0.000833604
0.440512 0.229124 0.232177 0.226071 0.0640808 0.0742503 0.0539114 0.062546 0.00305313 0.0101695 0.00184566 0.0008202
0.443903 0.226241 0.229208 0.223274 0.0627737 0.0726898 0.0528575 0.0617556 0.00296735 0.00991617 0.00179984 0.000806918
0.447294 0.223355 0.226239 0.220471 0.0614794 0.0711475 0.0518113 0.0609717 0.00288391 0.0096681 0.00175511 0.000793757
0.450685 0.220467 0.223269 0.217664 0.0601981 0.0696233 0.0507729 0.060194 0.00280275 0.00942521 0.00171143 0.000780715
0.454075 0.217576 0.2203 0.214852 0.05893 0.0681173 0.0497426 0.0594225 0.0027238 0.00918738 0.00166878 0.000767792
0.457466 0.214684 0.217331 0.212037 0.0576751 0.0666297 0.0487206 0.0586568 0.00264699 0.00895453 0.00162712 0.000754986
0.460857 0.21179 0.214363 0.209218 0.0564337 0.0651603 0.0477072 0.057897 0.00257226 0.00872657 0.00158644 0.000742296
0.464248 0.208895 0.211395 0.206396 0.0552059 0.0637093 0.0467025 0.0571427 0.00249955 0.00850341 0.00154671 0.000729721
0.467639 0.206 0.208429 0.203571 0.0539917 0.0622766 0.0457067 0.0563939 0.0024288 0.00828497 0.0015079 0.000717261
0.47103 0.203104 0.205464 0.200744 0.0527912 0.0608624 0.0447201 0.0556505 0.00235995 0.00807116 0.00146999 0.000704914
0.47442 0.200209 0.202502 0.197916 0.0516047 0.0594666 0.0437428 0.0549123 0.00229295 0.0078619 0.00143296 0.00069268
0.477811 0.197314 0.199541 0.195086 0.0504322 0.0580893 0.0427751 0.0541792 0.00222775 0.0076571 0.00139677 0.000680558
0.481202 0.19442 0.196584 0.192255 0.0492738 0.0567304 0.0418171 0.053451 0.00216429 0.00745669 0.00136142 0.000668547
0.484593 0.191527 0.19363 0.189425 0.0481296 0.0553902 0.040869 0.0527278 0.00210252 0.00726058 0.00132687 0.000656648
0.487984 0.188637 0.190679 0.186595 0.0469997 0.0540684 0.039931 0.0520093 0.0020424 0.00706871 0.00129311 0.000644859
0.491375 0.185749 0.187733 0.183765 0.0458843 0.0527653 0.0390033 0.0512955 0.00198388 0.00688098 0.00126012 0.00063318
0.494765 0.182864 0.184791 0.180937 0.0447834 0.0514807 0.038086 0.0505863 0.00192692 0.00669733 0.00122788 0.000621611
0.498156 0.179983 0.181854 0.178111 0.0436971 0.0502147 0.0371794 0.0498815 0.00187147 0.00651768 0.00119637 0.000610151
0.501547 0.177105 0.178923 0.175288 0.0426254 0.0489674 0.0362835 0.0491812 0.00181748 0.00634197 0.00116557 0.000598801
0.504938 0.174232 0.175997 0.172467 0.0415686 0.0477387 0.0353985 0.0484852 0.00176492 0.00617011 0.00113547 0.000587559
0.508329 0.171365 0.173078 0.169651 0.0405266 0.0465286 0.0345245 0.0477936 0.00171375 0.00600204 0.00110604 0.000576427
0.51172 0.168503 0.170167 0.166839 0.0394995 0.0453372 0.0336618 0.0471061 0.00166393 0.00583768 0.00107728 0.000565403
0.51511 0.165647 0.167263 0.164032 0.0384873 0.0441643 0.0328104 0.0464228 0.00161543 0.00567698 0.00104916 0.000554488
0.518501 0.162798 0.164367 0.16123 0.0374902 0.0430101 0.0319704 0.0457436 0.0015682 0.00551986 0.00102167 0.000543682
0.521892 0.159957 0.161479 0.158435 0.0365082 0.0418745 0.031142 0.0450685 0.00152221 0.00536626 0.000994794 0.000532985
0.525283 0.157124 0.158601 0.155647 0.0355413 0.0407574 0.0303252 0.0443973 0.00147743 0.00521611 0.000968519 0.000522396
0.528674 0.1543 0.155733 0.152866 0.0345896 0.039659 0.0295203 0.0437302 0.00143383 0.00506935 0.000942831 0.000511916
0.532065 0.151485 0.152876 0.150093 0.0336531 0.038579 0.0287272 0.043067 0.00139137 0.00492591 0.000917716 0.000501545
0.535455 0.14868 0.15003 0.14733 0.0327318 0.0375176 0.0279461 0.0424078 0.00135003 0.00478575 0.000893161 0.000491283
0.538846 0.145885 0.147195 0.144576 0.0318258 0.0364746 0.027177 0.0417525 0.00130977 0.00464878 0.000869153 0.000481131
0.542237 0.143102 0.144373 0.141832 0.030935 0.03545 0.02642 0.041101 0.00127057 0.00451497 0.00084568 0.000471087
0.545628 0.140331 0.141564 0.139099 0.0300595 0.0344438 0.0256753 0.0404534 0.00123239 0.00438424 0.000822729 0.000461154
0.549019 0.137573 0.138768 0.136378 0.0291993 0.0334559 0.0249428 0.0398097 0.00119522 0.00425654 0.00080029 0.00045133
0.55241 0.134828 0.135987 0.133669 0.0283544 0.0324862 0.0242226 0.0391698 0.00115902 0.00413181 0.00077835 0.000441616
0.5558 0.132097 0.133221 0.130973 0.0275248 0.0315348 0.0235148 0.0385338 0.00112377 0.00401001 0.000756899 0.000432013
0.559191 0.129381 0.13047 0.128291 0.0267104 0.0306015 0.0228194 0.0379017 0.00108944 0.00389106 0.000735927 0.00042252
0.562582 0.12668 0.127736 0.125624 0.0259113 0.0296862 0.0221363 0.0372734 0.00105602 0.00377493 0.000715423 0.000413138
0.565973 0.123995 0.125018 0.122971 0.0251273 0.0287889 0.0214658 0.036649 0.00102348 0.00366155 0.000695377 0.000403867
0.569364 0.121327 0.122318 0.120335 0.0243586 0.0279094 0.0208077 0.0360284 0.000991786 0.00355088 0.000675779 0.000394707
0.572755 0.118676 0.119637 0.117715 0.0236049 0.0270478 0.0201621 0.0354118 0.000960931 0.00344286 0.000656621 0.000385659
0.576146 0.116043 0.116974 0.115112 0.0228664 0.0262038 0.019529 0.0347991 0.000930889 0.00333744 0.000637892 0.000376722
0.579536 0.11343 0.114331 0.112528 0.0221429 0.0253775 0.0189083 0.0341904 0.000901639 0.00323458 0.000619585 0.000367898
0.582927 0.110835 0.111708 0.109962 0.0214344 0.0245686 0.0183002 0.0335856 0.000873162 0.00313423 0.00060169 0.000359186
0.586318 0.108261 0.109107 0.107416 0.0207408 0.0237771 0.0177044 0.0329848 0.000845439 0.00303633 0.0005842 0.000350587
0.589709 0.105708 0.106527 0.10489 0.020062 0.0230028 0.0171211 0.032388 0.000818451 0.00294084 0.000567105 0.000342101
0.5931 0.103176 0.103969 0.102384 0.0193979 0.0222457 0.0165502 0.0317954 0.00079218 0.00284772 0.000550399 0.000333728
0.596491 0.100667 0.101434 0.0999005 0.0187486 0.0215055 0.0159917 0.0312068 0.000766608 0.00275692 0.000534074 0.000325468
0.599881 0.0981807 0.0989225 0.097439 0.0181138 0.0207822 0.0154454 0.0306224 0.000741717 0.00266839 0.000518121 0.000317322
0.603272 0.0957179 0.0964354 0.0950004 0.0174935 0.0200756 0.0149114 0.0300421 0.000717493 0.0025821 0.000502535 0.00030929
0.606663 0.0932792 0.0939731 0.0925853 0.0168876 0.0193856 0.0143896 0.0294661 0.000693917 0.00249799 0.000487307 0.000301372
0.610054 0.0908656 0.0915366 0.0901946 0.016296 0.018712 0.01388 0.0288944 0.000670975 0.00241602 0.000472431 0.000293568
0.613445 0.0884774 0.089126 0.0878287 0.0157185 0.0180547 0.0133824 0.028327 0.000648652 0.00233616 0.000457901 0.000285878
0.616836 0.0861154 0.0867423 0.0854885 0.0151551 0.0174135 0.0128968 0.0277639 0.000626932 0.00225836 0.000443709 0.000278303
0.620226 0.0837802 0.084386 0.0831744 0.0146057 0.0167882 0.0124231 0.0272053 0.000605801 0.00218259 0.000429849 0.000270843
0.623617 0.0814724 0.0820576 0.0808872 0.01407 0.0161788 0.0119612 0.0266512 0.000585245 0.00210879 0.000416316 0.000263498
0.627008 0.0791926 0.0797578 0.0786273 0.0135479 0.0155849 0.011511 0.0261015 0.000565251 0.00203694 0.000403103 0.000256267
0.630399 0.0769414 0.0774872 0.0763956 0.0130394 0.0150064 0.0110725 0.0255565 0.000545805 0.00196699 0.000390204 0.000249152
0.63379 0.0747193 0.0752462 0.0741924 0.0125443 0.0144432 0.0106454 0.0250161 0.000526895 0.00189891 0.000377614 0.000242151
0.637181 0.072527 0.0730355 0.0720185 0.0120624 0.0138951 0.0102298 0.0244804 0.000508507 0.00183266 0.000365326 0.000235266
0.640571 0.070365 0.0708556 0.0698743 0.0115936 0.0133618 0.00982542 0.0239495 0.000490629 0.00176819 0.000353336 0.000228495
0.643962 0.0682338 0.068707 0.0677605 0.0111377 0.0128432 0.00943223 0.0234234 0.000473251 0.00170549 0.000341638 0.00022184
0.647353 0.0661339 0.0665902 0.0656775 0.0106946 0.0123391 0.00905007 0.0229022 0.000456359 0.0016445 0.000330226 0.000215299
0.650744 0.0640657 0.0645056 0.0636257 0.010264 0.0118492 0.00867883 0.0223859 0.000439943 0.0015852 0.000319096 0.000208873
0.654135 0.0620298 0.0624538 0.0616058 0.0098459 0.0113735 0.00831835 0.0218746 0.000423992 0.00152755 0.000308243 0.000202562
0.657526 0.0600267 0.0604352 0.0596182 0.00944003 0.0109116 0.00796851 0.0213683 0.000408495 0.00147152 0.000297661 0.000196366
0.660916 0.0580567 0.0584502 0.0576633 0.00904624 0.0104633 0.00762916 0.0208672 0.000393441 0.00141707 0.000287346 0.000190283
0.664307 0.0561204 0.0564992 0.0557416 0.00866434 0.0100285 0.00730016 0.0203713 0.000378821 0.00136418 0.000277294 0.000184315
0.667698 0.0542179 0.0545825 0.0538532 0.00829415 0.00960695 0.00698135 0.0198806 0.000364624 0.0013128 0.000267498 0.000178461
0.671089 0.0523497 0.0527006 0.0519989 0.00793548 0.00919839 0.00667258 0.0193952 0.00035084 0.00126291 0.000257956 0.000172721
0.67448 0.0505164 0.0508538 0.0501789 0.00758816 0.00880263 0.00637369 0.0189152 0.000337461 0.00121447 0.000248662 0.000167094
0.677871 0.0487179 0.0490424 0.0483934 0.00725198 0.00841944 0.00608452 0.0184406 0.000324476 0.00116746 0.000239612 0.000161579
0.681261 0.0469546 0.0472665 0.0466428 0.00692675 0.00804859 0.00580491 0.0179714 0.000311877 0.00112184 0.000230802 0.000156178
0.684652 0.045227 0.0455266 0.0449273 0.00661229 0.00768988 0.0055347 0.0175079 0.000299656 0.00107759 0.000222228 0.000150889
0.688043 0.0435352 0.043823 0.0432474 0.00630838 0.00734305 0.00527371 0.0170499 0.000287802 0.00103467 0.000213884 0.000145711
0.691434 0.0418793 0.0421556 0.041603 0.00601484 0.00700791 0.00502178 0.0165976 0.000276309 0.000993061 0.000205768 0.000140645
0.694825 0.0402597 0.0405248 0.0399945 0.00573146 0.00668418 0.00477873 0.016151 0.000265167 0.000952728 0.000197875 0.000135689
0.698216 0.0386764 0.0389307 0.038422 0.00545803 0.00637167 0.00454438 0.0157102 0.000254368 0.000913645 0.000190202 0.000130844
0.701606 0.0371296 0.0373735 0.0368857 0.00519435 0.00607014 0.00431857 0.0152752 0.000243905 0.000875784 0.000182743 0.000126108
0.704997 0.0356194 0.0358532 0.0353856 0.00494023 0.00577935 0.00410111 0.0148461 0.00023377 0.000839118 0.000175496 0.000121481
0.708388 0.0341459 0.0343699 0.0339219 0.00469544 0.00549907 0.00389182 0.0144229 0.000223956 0.000803621 0.000168457 0.000116963
0.711779 0.0327091 0.0329236 0.0324947 0.0044598 0.00522907 0.00369054 0.0140057 0.000214454 0.000769265 0.000161621 0.000112552
0.71517 0.0313091 0.0315143 0.0311038 0.00423309 0.00496912 0.00349706 0.0135945 0.000205258 0.000736026 0.000154986 0.000108248
0.718561 0.0299457 0.0301421 0.0297494 0.0040151 0.00471898 0.00331122 0.0131894 0.00019636 0.000703878 0.000148547 0.00010405
0.721951 0.0286191 0.0288069 0.0284314 0.00380563 0.00447842 0.00313283 0.0127905 0.000187755 0.000672795 0.000142301 9.99581e-05
0.725342 0.0273291 0.0275085 0.0271497 0.00360446 0.00424722 0.00296171 0.0123977 0.000179433 0.000642753 0.000136244 9.59705e-05
0.728733 0.0260756 0.026247 0.0259042 0.0034114 0.00402513 0.00279768 0.0120111 0.00017139 0.000613727 0.000130372 9.20865e-05
0.732124 0.0248585 0.0250221 0.0246949 0.00322624 0.00381193 0.00264054 0.0116308 0.000163619 0.000585694 0.000124683 8.83053e-05
0.735515 0.0236776 0.0238337 0.0235215 0.00304877 0.0036074 0.00249014 0.0112568 0.000156112 0.00055863 0.000119173 8.4626e-05
0.738906 0.0225327 0.0226816 0.0223839 0.00287878 0.00341129 0.00234627 0.0108891 0.000148864 0.000532512 0.000113838 8.10476e-05
0.742296 0.0214237 0.0215656 0.0212818 0.00271607 0.00322339 0.00220876 0.0105278 0.000141869 0.000507316 0.000108675 7.75691e-05
0.745687 0.0203502 0.0204853 0.0202151 0.00256045 0.00304347 0.00207743 0.0101729 0.000135119 0.000483021 0.000103681 7.41895e-05
0.749078 0.019312 0.0194406 0.0191834 0.0024117 0.0028713 0.00195209 0.00982435 0.000128611 0.000459604 9.88512e-05 7.09077e-05
0.752469 0.0183088 0.0184311 0.0181864 0.00226963 0.00270667 0.00183258 0.0094823 0.000122337 0.000437043 9.41837e-05 6.77227e-05
0.75586 0.0173402 0.0174565 0.0172239 0.00213403 0.00254935 0.00171872 0.00914672 0.000116291 0.000415317 8.96749e-05 6.46334e-05
0.759251 0.0164059 0.0165163 0.0162954 0.00200472 0.00239913 0.00161032 0.00881765 0.000110469 0.000394405 8.53215e-05 6.16385e-05
0.762641 0.0155054 0.0156103 0.0154006 0.0018815 0.00225578 0.00150721 0.00849509 0.000104864 0.000374285 8.11202e-05 5.87369e-05
0.766032 0.0146385 0.0147379 0.014539 0.00176417 0.0021191 0.00140923 0.00817907 9.94712e-05 0.000354938 7.70679e-05 5.59274e-05
0.769423 0.0138045 0.0138988 0.0137102 0.00165254 0.00198888 0.00131619 0.00786961 9.4285e-05 0.000336343 7.31614e-05 5.32087e-05
0.772814 0.0130031 0.0130924 0.0129138 0.00154642 0.0018649 0.00122794 0.00756671 8.93e-05 0.00031848 6.93975e-05 5.05797e-05
0.776205 0.0122338 0.0123183 0.0121492 0.00144563 0.00174696 0.0011443 0.00727038 8.45112e-05 0.00030133 6.57732e-05 4.80389e-05
0.779596 0.0114959 0.0115758 0.011416 0.00134998 0.00163486 0.00106511 0.00698063 7.99133e-05 0.000284874 6.22853e-05 4.55852e-05
0.782986 0.0107891 0.0108646 0.0107136 0.0012593 0.00152839 0.000990207 0.00669746 7.55012e-05 0.000269092 5.89308e-05 4.3217e-05
0.786377 0.0101127 0.010184 0.0100414 0.0011734 0.00142736 0.000919432 0.00642087 7.12701e-05 0.000253966 5.57067e-05 4.09332e-05
0.789768 0.00946616 0.00953338 0.00939895 0.0010921 0.00133158 0.000852626 0.00615087 6.72151e-05 0.000239478 5.26098e-05 3.87323e-05
0.793159 0.00884884 0.00891217 0.00878551 0.00101524 0.00124085 0.000789636 0.00588744 6.33312e-05 0.000225609 4.96373e-05 3.66128e-05
0.79655 0.00826014 0.00831975 0.00820053 0.00094265 0.00115499 0.000730308 0.00563058 5.96138e-05 0.000212342 4.67861e-05 3.45734e-05
0.799941 0.00769941 0.00775547 0.00764335 0.000874152 0.00107381 0.000674493 0.00538028 5.60582e-05 0.000199659 4.40532e-05 3.26125e-05
0.803332 0.007166 0.00721866 0.00711334 0.00080959 0.000997133 0.000622046 0.00513651 5.26598e-05 0.000187543 4.14358e-05 3.07288e-05
0.806722 0.00665921 0.00670863 0.0066098 0.0007488 0.000924778 0.000572822 0.00489927 4.94141e-05 0.000175978 3.89309e-05 2.89207e-05
0.810113 0.00617838 0.0062247 0.00613207 0.000691626 0.000856572 0.00052668 0.00466853 4.63166e-05 0.000164946 3.65356e-05 2.71868e-05
0.813504 0.0057228 0.00576616 0.00567944 0.000637915 0.000792346 0.000483484 0.00444427 4.33629e-05 0.000154431 3.42471e-05 2.55254e-05
0.816895 0.00529175 0.0053323 0.0052512 0.000587516 0.000731933 0.000443099 0.00422646 4.05487e-05 0.000144417 3.20625e-05 2.3935e-05
0.820286 0.0048845 0.00492237 0.00484663 0.000540282 0.000675171 0.000405394 0.00401507 3.78698e-05 0.000134888 2.99789e-05 2.24142e-05
0.823677 0.00450034 0.00453566 0.00446501 0.000496071 0.0006219 0.000370241 0.00381007 3.53219e-05 0.00012583 2.79936e-05 2.09613e-05
0.827067 0.00413851 0.00417141 0.00410561 0.00045474 0.000571965 0.000337515 0.00361142 3.2901e-05 0.000117225 2.61037e-05 1.95747e-05
0.830458 0.00379826 0.00382887 0.00376766 0.000416155 0.000525215 0.000307095 0.00341908 3.06028e-05 0.00010906 2.43066e-05 1.82528e-05
0.833849 0.00347887 0.00350729 0.00345044 0.000380183 0.000481502 0.000278864 0.003233 2.84236e-05 0.000101319 2.25995e-05 1.69941e-05
0.83724 0.00317954 0.0032059 0.00315318 0.000346694 0.000440683 0.000252706 0.00305315 2.63592e-05 9.39884e-05 2.09796e-05 1.57969e-05
0.840631 0.00289954 0.00292395 0.00287514 0.000315564 0.000402618 0.000228511 0.00287946 2.44059e-05 8.70534e-05 1.94443e-05 1.46595e-05
0.844022 0.00263812 0.00266068 0.00261556 0.000286671 0.000367171 0.000206171 0.00271189 2.25597e-05 8.05002e-05 1.79908e-05 1.35805e-05
0.847412 0.0023945 0.00241532 0.00237368 0.000259896 0.000334211 0.000185581 0.00255038 2.0817e-05 7.43149e-05 1.66167e-05 1.25581e-05
0.850803 0.00216794 0.00218712 0.00214877 0.000235126 0.00030361 0.000166642 0.00239488 1.9174e-05 6.84841e-05 1.53191e-05 1.15906e-05
0.854194 0.00195769 0.00197532 0.00194006 0.000212249 0.000275244 0.000149255 0.0022453 1.76271e-05 6.29943e-05 1.40956e-05 1.06765e-05
0.857585 0.001763 0.00177918 0.00174683 0.000191159 0.000248992 0.000133327 0.0021016 1.61726e-05 5.78327e-05 1.29436e-05 9.81412e-06
0.860976 0.00158314 0.00159795 0.00156833 0.000171753 0.000224739 0.000118766 0.0019637 1.48072e-05 5.29864e-05 1.18604e-05 9.00177e-06
0.864367 0.00141737 0.0014309 0.00140384 0.00015393 0.000202373 0.000105487 0.00183152 1.35272e-05 4.84429e-05 1.08437e-05 8.23783e-06
0.867757 0.00126498 0.00127731 0.00125265 0.000137595 0.000181785 9.34054e-05 0.00170499 1.23293e-05 4.41898e-05 9.89088e-06 7.52065e-06
0.871148 0.00112524 0.00113645 0.00111403 0.000122656 0.000162871 8.24406e-05 0.00158404 1.12102e-05 4.02151e-05 8.99952e-06 6.84859e-06
0.874539 0.000997473 0.00100764 0.000987307 0.000109023 0.00014553 7.25158e-05 0.00146857 1.01664e-05 3.6507e-05 8.16719e-06 6.22001e-06
0.87793 0.000880981 0.000890176 0.000871786 9.66112e-05 0.000129665 6.35575e-05 0.0013585 9.19488e-06 3.30538e-05 7.39147e-06 5.63328e-06
0.881321 0.000775095 0.000783387 0.000766802 8.53393e-05 0.000115183 5.54951e-05 0.00125374 8.29235e-06 2.98442e-05 6.67001e-06 5.08677e-06
0.884712 0.000679158 0.000686614 0.000671702 7.51286e-05 0.000101996 4.82616e-05 0.0011542 7.4557e-06 2.6867e-05 6.00046e-06 4.57888e-06
0.888102 0.000592531 0.000599213 0.000585849 6.59044e-05 9.00159e-05 4.1793e-05 0.00105978 6.68187e-06 2.41114e-05 5.38051e-06 4.10798e-06
0.891493 0.000514591 0.000520559 0.000508623 5.75953e-05 7.91621e-05 3.60285e-05 0.000970379 5.96785e-06 2.15668e-05 4.80788e-06 3.67249e-06
0.894884 0.000444734 0.000450045 0.000439424 5.01331e-05 6.93557e-05 3.09105e-05 0.0008859 5.3107e-06 1.92226e-05 4.28035e-06 3.27081e-06
0.898275 0.000382375 0.000387082 0.000377667 4.34529e-05 6.05215e-05 2.63842e-05 0.000806235 4.70753e-06 1.70687e-05 3.79569e-06 2.90138e-06
0.901666 0.000326947 0.000331102 0.000322791 3.74931e-05 5.25882e-05 2.23981e-05 0.000731274 4.1555e-06 1.50951e-05 3.35174e-06 2.56265e-06
0.905057 0.000277907 0.000281558 0.000274255 3.21953e-05 4.54874e-05 1.89033e-05 0.000660905 3.65185e-06 1.3292e-05 2.94637e-06 2.25307e-06
0.908447 0.000234732 0.000237926 0.000231538 2.75041e-05 3.91542e-05 1.5854e-05 0.000595012 3.19388e-06 1.16501e-05 2.57748e-06 1.97112e-06
0.911838 0.00019692 0.000199699 0.000194141 2.33671e-05 3.35271e-05 1.32072e-05 0.000533478 2.77893e-06 1.016e-05 2.24301e-06 1.71529e-06
0.915229 0.000163993 0.000166398 0.000161589 1.97351e-05 2.85477e-05 1.09224e-05 0.00047618 2.40441e-06 8.81264e-06 1.94095e-06 1.48411e-06
0.91862 0.000135496 0.000137564 0.000133428 1.65614e-05 2.41606e-05 8.96211e-06 0.000422994 2.06781e-06 7.59925e-06 1.66931e-06 1.27612e-06
0.922011 0.000110996 0.000112763 0.000109229 1.38024e-05 2.03136e-05 7.29116e-06 0.000373791 1.76666e-06 6.51125e-06 1.42617e-06 1.08988e-06
0.925402 9.00839e-05 9.15825e-05 8.85854e-05 1.14172e-05 1.69575e-05 5.87696e-06 0.000328442 1.49856e-06 5.54029e-06 1.20963e-06 9.2397e-07
0.928792 7.23754e-05 7.36366e-05 7.11142e-05 9.36767e-06 1.40459e-05 4.6894e-06 0.000286812 1.26119e-06 4.67827e-06 1.01785e-06 7.77019e-07
0.932183 5.75091e-05 5.85614e-05 5.64568e-05 7.61801e-06 1.15353e-05 3.70069e-06 0.000248765 1.05228e-06 3.91732e-06 8.49028e-07 6.47667e-07
0.935574 4.51479e-05 4.60175e-05 4.42782e-05 6.1351e-06 9.3849e-06 2.88531e-06 0.000214161 8.69618e-07 3.2498e-06 7.01406e-07 5.34587e-07
0.938965 3.49782e-05 3.56893e-05 3.42672e-05 4.88826e-06 7.55656e-06 2.21996e-06 0.000182857 7.11082e-07 2.6683e-06 5.73284e-07 4.36486e-07
0.942356 2.67106e-05 2.72852e-05 2.6136e-05 3.84909e-06 6.01478e-06 1.68341e-06 0.000154708 5.74604e-07 2.16568e-06 4.63006e-07 3.52104e-07
0.945747 2.00788e-05 2.0537e-05 1.96206e-05 2.99151e-06 4.72653e-06 1.25649e-06 0.000129566 4.58193e-07 1.73502e-06 3.68971e-07 2.80215e-07
0.949137 1.48396e-05 1.51995e-05 1.44797e-05 2.29158e-06 3.66122e-06 9.21933e-07 0.000107279 3.59924e-07 1.36964e-06 2.8963e-07 2.19631e-07
0.952528 1.07728e-05 1.10507e-05 1.04948e-05 1.72747e-06 2.7906e-06 6.64333e-07 8.76938e-05 2.77951e-07 1.06314e-06 2.23491e-07 1.69203e-07
0.955919 7.68032e-06 7.89082e-06 7.46983e-06 1.27937e-06 2.08869e-06 4.70042e-07 7.06542e-05 2.10498e-07 8.09323e-07 1.69118e-07 1.27825e-07
0.95931 5.38596e-06 5.54183e-06 5.23009e-06 9.29378e-07 1.53167e-06 3.27084e-07 5.60014e-05 1.5587e-07 6.02295e-07 1.25134e-07 9.44306e-08
0.962701 3.73466e-06 3.84711e-06 3.62221e-06 6.61464e-07 1.09786e-06 2.25065e-07 4.35747e-05 1.12447e-07 4.36399e-07 9.02244e-08 6.80028e-08
0.966092 2.59202e-06 2.67071e-06 2.51333e-06 4.61352e-07 7.67605e-07 1.55099e-07 3.32118e-05 7.86931e-08 3.06253e-07 6.31401e-08 4.7571e-08
0.969482 1.84384e-06 1.897e-06 1.79069e-06 3.16475e-07 5.23225e-07 1.09726e-07 2.47497e-05 5.31566e-08 2.06749e-07 4.26971e-08 3.22156e-08
0.972873 1.39585e-06 1.43032e-06 1.36138e-06 2.15933e-07 3.48998e-07 8.28678e-08 1.80268e-05 3.44717e-08 1.33065e-07 2.77819e-08 2.10709e-08
0.976264 1.17429e-06 1.19566e-06 1.15293e-06 1.50491e-07 2.31162e-07 6.98195e-08 1.28862e-05 2.13638e-08 8.06711e-08 1.73542e-08 1.33275e-08
0.979655 1.12862e-06 1.14128e-06 1.11597e-06 1.1273e-07 1.58078e-07 6.7382e-08 9.18525e-06 1.26522e-08 4.53479e-08 1.04497e-08 8.23539e-09
0.983046 1.24146e-06 1.24871e-06 1.23421e-06 9.76345e-08 1.20834e-07 7.44345e-08 6.8211e-06 7.25294e-09 2.31999e-08 6.1826e-09 5.10529e-09
0.986437 1.57114e-06 1.57531e-06 1.56696e-06 1.05151e-07 1.15827e-07 9.44759e-08 5.82294e-06 4.17688e-09 1.06755e-08 3.74231e-09 3.3044e-09
0.989827 2.60108e-06 2.60357e-06 2.59858e-06 1.61255e-07 1.6584e-07 1.5667e-07 6.88293e-06 2.49411e-09 4.58524e-09 2.35482e-09 2.21428e-09
0.993218 1.0961e-05 1.09614e-05 1.09607e-05 6.63673e-07 6.6652e-07 6.60826e-07 3.80931e-05 3.3523e-10 2.84708e-09 1.68451e-10 0
4.01075e-314 inf inf inf inf inf inf 0.00011252 6.98886 0.298818 0.158751 0.0756181
