9.72476e-05 76.1215 77.1919 75.0511 45.0376 45.7971 44.2782 33.757 1.0704 0.759448 0.366869 0.358087
0.0001 75.5268 76.5916 74.4619 44.7054 45.4608 43.95 33.4583 1.06489 0.755406 0.364261 0.355384
0.00010283 74.9443 76.0037 73.8849 44.3795 45.1309 43.6281 33.1617 1.0594 0.751384 0.361671 0.352697
0.000105741 74.4057 75.4596 73.3518 44.0761 44.8235 43.3287 32.8672 1.05394 0.747384 0.359098 0.350027
0.000108734 73.8034 74.8519 72.7549 43.7399 44.4833 42.9965 32.5749 1.04851 0.743403 0.356543 0.347373
0.000111811 73.2052 74.2483 72.1621 43.4057 44.1452 42.6663 32.2847 1.0431 0.739444 0.354005 0.344737
0.000114976 72.6109 73.6486 71.5731 43.0735 43.809 42.338 31.9967 1.03772 0.735504 0.351485 0.342116
0.00011823 72.0206 73.0529 70.9882 42.7434 43.4749 42.0118 31.7108 1.03236 0.731586 0.348981 0.339511
0.000121576 71.4342 72.4612 70.4072 42.4152 43.1429 41.6875 31.4269 1.02703 0.727687 0.346495 0.336923
0.000125017 70.8518 71.8735 69.8301 42.089 42.8128 41.3652 31.1451 1.02173 0.723808 0.344026 0.33435
0.000128556 70.2732 71.2897 69.2568 41.7648 42.4847 41.0448 30.8654 1.01645 0.71995 0.341574 0.331794
0.000132194 69.6987 70.7099 68.6875 41.4426 42.1587 40.7264 30.5878 1.01119 0.716111 0.33914 0.329254
0.000135936 69.1279 70.1339 68.1219 41.1223 41.8346 40.41 30.3122 1.00596 0.712292 0.336722 0.326729
0.000139783 68.561 69.5617 67.5602 40.8039 41.5124 40.0954 30.0386 1.00076 0.708493 0.33432 0.32422
0.000143739 67.9979 68.9935 67.0023 40.4875 41.1922 39.7828 29.767 0.995577 0.704713 0.331936 0.321727
0.000147808 67.4385 68.4289 66.4481 40.173 40.874 39.4721 29.4975 0.99042 0.700953 0.329567 0.319249
0.000151991 66.883 67.8683 65.8977 39.8605 40.5577 39.1633 29.2299 0.985289 0.697212 0.327216 0.316787
0.000156293 66.3312 67.3114 65.351 39.5498 40.2433 38.8563 28.9643 0.980181 0.693491 0.324881 0.31434
0.000160717 65.7832 66.7583 64.8081 39.2411 39.9309 38.5513 28.7007 0.975097 0.689788 0.322563 0.311908
0.000165265 65.2388 66.2089 64.2688 38.9342 39.6203 38.2481 28.4391 0.970037 0.686105 0.32026 0.309491
0.000169943 64.6982 65.6632 63.7332 38.6292 39.3117 37.9468 28.1793 0.965001 0.68244 0.317975 0.30709
0.000174753 64.1612 65.1212 63.2013 38.3261 39.0049 37.6473 27.9215 0.959988 0.678795 0.315705 0.304704
0.000179699 63.6279 64.5829 62.6729 38.0248 38.7 37.3497 27.6657 0.954999 0.675168 0.313451 0.302333
0.000184785 63.0982 64.0483 62.1482 37.7255 38.397 37.0539 27.4117 0.950033 0.67156 0.311214 0.299977
0.000190015 62.5721 63.5172 61.627 37.4279 38.0959 36.7599 27.1596 0.94509 0.66797 0.308992 0.297635
0.000195393 62.0496 62.9898 61.1094 37.1322 37.7966 36.4678 26.9095 0.94017 0.664399 0.306787 0.295308
0.000200923 61.5307 62.4659 60.5954 36.8383 37.4991 36.1774 26.6611 0.935273 0.660846 0.304597 0.292995
0.00020661 61.0153 61.9457 60.0849 36.5462 37.2035 35.8889 26.4147 0.930399 0.657311 0.302423 0.290698
0.000212458 60.5034 61.4289 59.5778 36.2559 36.9097 35.6021 26.1701 0.925547 0.653794 0.300264 0.288414
0.000218471 59.9951 60.9158 59.0744 35.9674 36.6177 35.3171 25.9273 0.920717 0.650296 0.298121 0.286146
0.000224655 59.4902 60.4061 58.5743 35.6807 36.3276 35.0339 25.6863 0.91591 0.646815 0.295994 0.283891
0.000231013 58.9888 59.8999 58.0777 35.3958 36.0392 34.7525 25.4472 0.911124 0.643352 0.293882 0.28165
0.000237551 58.4909 59.3972 57.5845 35.1127 35.7526 34.4728 25.2099 0.906361 0.639907 0.291786 0.279425
0.000244275 57.9963 58.8979 57.0947 34.8313 35.4678 34.1948 24.9743 0.901619 0.636479 0.289704 0.277212
0.000251189 57.5052 58.4021 56.6083 34.5517 35.1847 33.9186 24.7406 0.896898 0.633069 0.287639 0.275014
0.000258298 57.0174 57.9096 56.1252 34.2738 34.9035 33.6441 24.5086 0.8922 0.629676 0.285588 0.27283
0.000265609 56.5331 57.4206 55.6456 33.9976 34.6239 33.3713 24.2783 0.887522 0.626301 0.283552 0.27066
0.000273126 56.052 56.9349 55.1692 33.7232 34.3461 33.1002 24.0498 0.882866 0.622942 0.281532 0.268503
0.000280857 55.5744 56.4526 54.6962 33.4505 34.0701 32.8309 23.823 0.87823 0.619601 0.279526 0.26636
0.000288806 55.1 55.9736 54.2264 33.1795 33.7958 32.5632 23.598 0.873615 0.616277 0.277536 0.264231
0.00029698 54.6289 55.4979 53.7599 32.9102 33.5231 32.2972 23.3747 0.869021 0.61297 0.27556 0.262115
0.000305386 54.1611 55.0255 53.2967 32.6426 33.2523 32.0329 23.153 0.864448 0.60968 0.273599 0.260013
0.000314029 53.6965 54.5564 52.8366 32.3766 32.9831 31.7702 22.9331 0.859894 0.606406 0.271652 0.257923
0.000322917 53.2352 54.0906 52.3798 32.1124 32.7156 31.5093 22.7149 0.855361 0.603149 0.269721 0.255848
0.000332057 52.7771 53.6279 51.9262 31.8498 32.4497 31.2499 22.4983 0.850848 0.599908 0.267804 0.253785
0.000341455 52.3222 53.1685 51.4758 31.5889 32.1856 30.9922 22.2833 0.846355 0.596684 0.265901 0.251736
0.000351119 51.8705 52.7123 51.0286 31.3296 31.9231 30.7361 22.0701 0.841881 0.593476 0.264013 0.2497
0.000361057 51.4219 52.2593 50.5845 31.072 31.6622 30.4817 21.8584 0.837427 0.590284 0.262139 0.247677
0.000371276 50.9765 51.8095 50.1435 30.8159 31.4031 30.2288 21.6484 0.832993 0.587109 0.26028 0.245667
0.000381784 50.5342 51.3627 49.7056 30.5615 31.1455 29.9776 21.44 0.828577 0.583949 0.258434 0.243669
0.00039259 50.095 50.9192 49.2708 30.3088 30.8896 29.728 21.2332 0.824181 0.580805 0.256603 0.241684
0.000403702 49.6588 50.4786 48.839 30.0576 30.6353 29.4799 21.028 0.819804 0.577677 0.254786 0.239712
0.000415128 49.2258 50.0412 48.4103 29.808 30.3826 29.2335 20.8244 0.815445 0.574565 0.252983 0.237753
0.000426877 48.7958 49.6069 47.9847 29.56 30.1315 28.9886 20.6224 0.811105 0.571468 0.251194 0.235806
0.000438959 48.3689 49.1756 47.5621 29.3137 29.8821 28.7453 20.4219 0.806783 0.568387 0.249419 0.233872
0.000451383 47.9449 48.7474 47.1424 29.0688 29.6341 28.5035 20.223 0.80248 0.565322 0.247657 0.23195
0.000464159 47.524 48.3222 46.7258 28.8256 29.3878 28.2633 20.0256 0.798194 0.562271 0.24591 0.230041
0.000477296 47.106 47.9 46.3121 28.5839 29.1431 28.0246 19.8298 0.793927 0.559236 0.244176 0.228144
0.000490805 46.691 47.4807 45.9013 28.3437 28.8999 27.7875 19.6355 0.789677 0.556216 0.242456 0.226259
0.000504697 46.279 47.0644 45.4935 28.1051 28.6583 27.5519 19.4427 0.785445 0.553211 0.240749 0.224386
0.000518981 45.8698 46.6511 45.0886 27.868 28.4183 27.3178 19.2514 0.78123 0.550221 0.239056 0.222525
0.00053367 45.4636 46.2407 44.6866 27.6325 28.1797 27.0852 19.0616 0.777033 0.547246 0.237376 0.220677
0.000548775 45.0603 45.8331 44.2874 27.3984 27.9427 26.8542 18.8733 0.772852 0.544285 0.23571 0.21884
0.000564307 44.6599 45.4286 43.8912 27.1659 27.7073 26.6246 18.6865 0.768689 0.541339 0.234057 0.217015
0.000580278 44.2623 45.0268 43.4977 26.9349 27.4733 26.3965 18.5011 0.764542 0.538408 0.232417 0.215202
0.000596702 43.8676 44.628 43.1071 26.7054 27.2409 26.1699 18.3172 0.760412 0.53549 0.23079 0.2134
0.000613591 43.4756 44.2319 42.7193 26.4773 27.0099 25.9447 18.1347 0.756298 0.532588 0.229177 0.211611
0.000630957 43.0865 43.8387 42.3343 26.2508 26.7805 25.7211 17.9537 0.752201 0.529699 0.227576 0.209832
0.000648815 42.7003 43.4484 41.9521 26.0257 26.5525 25.4988 17.7741 0.748119 0.526825 0.225989 0.208066
0.000667179 42.3167 43.0608 41.5727 25.802 26.326 25.2781 17.596 0.744054 0.523964 0.224414 0.206311
0.000686062 41.936 42.676 41.196 25.5798 26.1009 25.0587 17.4192 0.740004 0.521118 0.222853 0.204567
0.00070548 41.5579 42.2939 40.822 25.3591 25.8774 24.8408 17.2438 0.735969 0.518285 0.221304 0.202834
0.000725448 41.1826 41.9146 40.4507 25.1398 25.6553 24.6243 17.0699 0.73195 0.515466 0.219767 0.201113
0.00074598 40.81 41.538 40.0821 24.9219 25.4346 24.4093 16.8973 0.727946 0.512661 0.218244 0.199403
0.000767094 40.4402 41.1641 39.7162 24.7055 25.2154 24.1956 16.7261 0.723957 0.509869 0.216733 0.197704
0.000788805 40.073 40.7929 39.353 24.4905 24.9976 23.9834 16.5562 0.719983 0.507091 0.215234 0.196016
0.000811131 39.7084 40.4244 38.9924 24.2769 24.7812 23.7725 16.3878 0.716024 0.504326 0.213748 0.194339
0.000834088 39.3465 40.0586 38.6344 24.0647 24.5662 23.5631 16.2206 0.712079 0.501574 0.212274 0.192673
0.000857696 38.9872 39.6954 38.2791 23.8538 24.3527 23.355 16.0548 0.708148 0.498835 0.210813 0.191018
0.000881971 38.6306 39.3348 37.9263 23.6444 24.1405 23.1483 15.8904 0.704231 0.49611 0.209364 0.189373
0.000906934 38.2765 38.9768 37.5762 23.4363 23.9297 22.9429 15.7272 0.700328 0.493397 0.207926 0.18774
0.000932603 37.925 38.6215 37.2286 23.2297 23.7204 22.739 15.5654 0.696439 0.490697 0.206502 0.186117
0.000958999 37.5761 38.2687 36.8836 23.0243 23.5123 22.5363 15.4048 0.692563 0.48801 0.205088 0.184504
0.000986142 37.2298 37.9185 36.5411 22.8204 23.3057 22.335 15.2456 0.688701 0.485335 0.203688 0.182903
0.00101405 36.886 37.5708 36.2011 22.6178 23.1004 22.1351 15.0876 0.684851 0.482673 0.202299 0.181311
0.00104275 36.5447 37.2257 35.8637 22.4165 22.8965 21.9365 14.931 0.681015 0.480023 0.200921 0.17973
0.00107227 36.2059 36.8831 35.5287 22.2166 22.694 21.7392 14.7756 0.677191 0.477386 0.199556 0.17816
0.00110262 35.8696 36.543 35.1962 22.018 22.4927 21.5432 14.6214 0.67338 0.474761 0.198202 0.176599
0.00113382 35.5358 36.2054 34.8662 21.8207 22.2928 21.3485 14.4685 0.669581 0.472147 0.196859 0.175049
0.00116591 35.2045 35.8702 34.5387 21.6247 22.0942 21.1551 14.3169 0.665795 0.469546 0.195529 0.173509
0.00119891 34.8756 35.5376 34.2135 21.43 21.897 20.963 14.1665 0.66202 0.466957 0.194209 0.171979
0.00123285 34.5491 35.2073 33.8908 21.2366 21.701 20.7723 14.0173 0.658257 0.46438 0.192901 0.170459
0.00126774 34.225 34.8795 33.5705 21.0446 21.5064 20.5827 13.8693 0.654506 0.461814 0.191605 0.168949
0.00130362 33.9034 34.5541 33.2526 20.8538 21.313 20.3945 13.7226 0.650765 0.459259 0.190319 0.167449
0.00134052 33.5841 34.2311 32.9371 20.6643 21.121 20.2075 13.577 0.647036 0.456717 0.189045 0.165959
0.00137846 33.2672 33.9105 32.6239 20.476 20.9302 20.0218 13.4327 0.643318 0.454185 0.187782 0.164479
0.00141747 32.9527 33.5923 32.3131 20.289 20.7407 19.8374 13.2895 0.639611 0.451665 0.186529 0.163008
0.00145759 32.6405 33.2764 32.0046 20.1033 20.5525 19.6541 13.1475 0.635914 0.449156 0.185288 0.161547
0.00149885 32.3306 32.9628 31.6984 19.9188 20.3655 19.4722 13.0067 0.632227 0.446658 0.184057 0.160096
0.00154127 32.0231 32.6516 31.3945 19.7356 20.1798 19.2914 12.8671 0.62855 0.444171 0.182837 0.158654
0.00158489 31.7178 32.3427 31.0929 19.5536 19.9953 19.1119 12.7286 0.624884 0.441695 0.181628 0.157221
0.00162975 31.4149 32.0361 30.7936 19.3728 19.812 18.9336 12.5912 0.621226 0.439229 0.18043 0.155798
0.00167588 31.1142 31.7318 30.4966 19.1933 19.63 18.7565 12.455 0.617579 0.436774 0.179242 0.154385
0.00172331 30.8158 31.4297 30.2018 19.0149 19.4492 18.5806 12.3199 0.61394 0.43433 0.178064 0.15298
0.00177209 30.5196 31.1299 29.9093 18.8378 19.2697 18.4059 12.186 0.610311 0.431896 0.176897 0.151585
0.00182224 30.2256 30.8323 29.6189 18.6618 19.0913 18.2324 12.0531 0.60669 0.429472 0.17574 0.150199
0.00187382 29.9339 30.537 29.3308 18.4871 18.9142 18.0601 11.9214 0.603077 0.427058 0.174593 0.148823
0.00192685 29.6443 30.2438 29.0449 18.3136 18.7382 17.8889 11.7908 0.599473 0.424654 0.173456 0.147455
0.00198139 29.357 29.9529 28.7611 18.1412 18.5635 17.7189 11.6613 0.595878 0.422261 0.172329 0.146096
0.00203747 29.0718 29.6641 28.4795 17.97 18.3899 17.5501 11.5328 0.592289 0.419877 0.171211 0.144746
0.00209514 28.7888 29.3775 28.2001 17.8 18.2175 17.3825 11.4055 0.588709 0.417503 0.170104 0.143405
0.00215443 28.5079 29.0931 27.9228 17.6311 18.0463 17.216 11.2792 0.585136 0.415138 0.169006 0.142073
0.00221541 28.2292 28.8108 27.6476 17.4634 17.8762 17.0506 11.154 0.58157 0.412783 0.167918 0.14075
0.00227812 27.9526 28.5306 27.3746 17.2969 17.7073 16.8864 11.0298 0.578011 0.410437 0.16684 0.139436
0.00234259 27.6781 28.2525 27.1036 17.1314 17.5395 16.7233 10.9067 0.574458 0.4081 0.16577 0.13813
0.0024089 27.4057 27.9766 26.8348 16.9672 17.3729 16.5614 10.7846 0.570912 0.405773 0.16471 0.136832
0.00247708 27.1354 27.7027 26.568 16.804 17.2075 16.4006 10.6636 0.567372 0.403454 0.16366 0.135544
0.00254719 26.8671 27.4309 26.3033 16.642 17.0431 16.2408 10.5436 0.563839 0.401145 0.162618 0.134263
0.00261928 26.6009 27.1612 26.0406 16.481 16.8799 16.0822 10.4246 0.56031 0.398844 0.161585 0.132991
0.00269341 26.3367 26.8935 25.7799 16.3212 16.7178 15.9247 10.3067 0.556788 0.396552 0.160561 0.131728
0.00276965 26.0746 26.6279 25.5213 16.1625 16.5568 15.7682 10.1897 0.55327 0.394268 0.159546 0.130473
0.00284804 25.8145 26.3642 25.2647 16.0049 16.3969 15.6129 10.0738 0.549758 0.391993 0.15854 0.129226
0.00292864 25.5564 26.1026 25.0101 15.8483 16.2381 15.4586 9.95881 0.54625 0.389726 0.157542 0.127987
0.00301153 25.3002 25.843 24.7575 15.6929 16.0804 15.3054 9.84485 0.542747 0.387467 0.156552 0.126756
0.00309677 25.0461 25.5853 24.5068 15.5385 15.9237 15.1533 9.73186 0.539248 0.385216 0.155571 0.125534
0.00318442 24.7939 25.3297 24.2582 15.3852 15.7682 15.0023 9.61984 0.535752 0.382973 0.154598 0.124319
0.00327455 24.5437 25.0759 24.0114 15.233 15.6137 14.8522 9.5088 0.532261 0.380738 0.153632 0.123113
0.00336723 24.2954 24.8241 23.7666 15.0818 15.4603 14.7033 9.39872 0.528773 0.37851 0.152675 0.121914
0.00346253 24.049 24.5743 23.5237 14.9317 15.3079 14.5554 9.28959 0.525288 0.37629 0.151726 0.120724
0.00356053 23.8045 24.3264 23.2827 14.7826 15.1566 14.4085 9.18141 0.521806 0.374077 0.150784 0.119541
0.00366131 23.562 24.0803 23.0437 14.6345 15.0064 14.2626 9.07417 0.518327 0.371872 0.14985 0.118366
0.00376494 23.3213 23.8362 22.8065 14.4875 14.8572 14.1178 8.96786 0.514851 0.369674 0.148923 0.117198
0.0038715 23.0825 23.5939 22.5711 14.3415 14.709 13.974 8.86249 0.511376 0.367482 0.148003 0.116039
0.00398107 22.8456 23.3535 22.3377 14.1965 14.5618 13.8312 8.75803 0.507903 0.365298 0.147091 0.114886
0.00409375 22.6105 23.115 22.1061 14.0525 14.4156 13.6894 8.6545 0.504432 0.36312 0.146185 0.113742
0.00420962 22.3773 22.8783 21.8763 13.9096 14.2705 13.5486 8.55186 0.500963 0.360949 0.145286 0.112605
0.00432876 22.1459 22.6434 21.6484 13.7676 14.1264 13.4088 8.45014 0.497494 0.358784 0.144394 0.111475
0.00445128 21.9163 22.4103 21.4223 13.6266 13.9833 13.27 8.34931 0.494027 0.356625 0.143509 0.110353
0.00457727 21.6885 22.1791 21.198 13.4866 13.8411 13.1322 8.24937 0.49056 0.354473 0.14263 0.109238
0.00470682 21.4625 21.9496 20.9754 13.3476 13.7 12.9953 8.15031 0.487093 0.352327 0.141757 0.10813
0.00484003 21.2383 21.7219 20.7547 13.2096 13.5598 12.8594 8.05213 0.483627 0.350186 0.14089 0.10703
0.00497702 21.0158 21.496 20.5357 13.0726 13.4206 12.7245 7.95483 0.48016 0.348052 0.140029 0.105936
0.00511789 20.7951 21.2718 20.3184 12.9365 13.2824 12.5905 7.85839 0.476693 0.345922 0.139173 0.10485
0.00526274 20.5762 21.0494 20.103 12.8013 13.1451 12.4575 7.7628 0.473225 0.343799 0.138324 0.103771
0.0054117 20.359 20.8287 19.8892 12.6671 13.0088 12.3254 7.66807 0.469756 0.34168 0.137479 0.102699
0.00556486 20.1435 20.6098 19.6772 12.5339 12.8734 12.1943 7.57419 0.466286 0.339567 0.13664 0.101634
0.00572237 19.9297 20.3925 19.4669 12.4016 12.739 12.0641 7.48115 0.462815 0.337459 0.135806 0.100576
0.00588433 19.7176 20.1769 19.2583 12.2702 12.6055 11.9348 7.38895 0.459342 0.335356 0.134977 0.0995246
0.00605088 19.5072 19.9631 19.0513 12.1397 12.473 11.8065 7.29757 0.455867 0.333257 0.134153 0.0984802
0.00622213 19.2985 19.7508 18.8461 12.0102 12.3414 11.6791 7.20702 0.452389 0.331163 0.133333 0.0974424
0.00639824 19.0914 19.5403 18.6425 11.8816 12.2107 11.5525 7.11729 0.44891 0.329073 0.132517 0.0964114
0.00657933 18.8859 19.3314 18.4405 11.7539 12.0809 11.4269 7.02837 0.445427 0.326988 0.131706 0.095387
0.00676555 18.6822 19.1241 18.2402 11.6271 11.952 11.3022 6.94025 0.441941 0.324906 0.130898 0.0943693
0.00695704 18.48 18.9185 18.0416 11.5012 11.824 11.1783 6.85294 0.438453 0.322829 0.130094 0.0933581
0.00715394 18.2795 18.7144 17.8445 11.3761 11.6969 11.0554 6.76641 0.43496 0.320755 0.129294 0.0923535
0.00735642 18.0805 18.512 17.6491 11.252 11.5707 10.9333 6.68068 0.431465 0.318685 0.128497 0.0913553
0.00756463 17.8832 18.3112 17.4552 11.1287 11.4454 10.8121 6.59574 0.427965 0.316618 0.127703 0.0903635
0.00777874 17.6874 18.1119 17.263 11.0064 11.3209 10.6918 6.51156 0.424461 0.314555 0.126912 0.0893781
0.0079989 17.4932 17.9142 17.0723 10.8848 11.1973 10.5723 6.42817 0.420952 0.312495 0.126124 0.0883989
0.0082253 17.3006 17.7181 16.8832 10.7642 11.0746 10.4537 6.34553 0.417439 0.310438 0.125338 0.0874261
0.0084581 17.1096 17.5235 16.6956 10.6444 10.9527 10.336 6.26366 0.413922 0.308383 0.124555 0.0864595
0.00869749 16.92 17.3304 16.5096 10.5254 10.8317 10.2191 6.18255 0.410399 0.306331 0.123773 0.0854991
0.00894366 16.732 17.1389 16.3252 10.4073 10.7116 10.103 6.10218 0.406871 0.304282 0.122994 0.0845448
0.00919679 16.5455 16.9489 16.1422 10.29 10.5922 9.98776 6.02256 0.403337 0.302235 0.122216 0.0835965
0.00945709 16.3605 16.7603 15.9607 10.1735 10.4737 9.87335 5.94368 0.399798 0.30019 0.121439 0.0826543
0.00972476 16.1771 16.5733 15.7808 10.0579 10.3561 9.75976 5.86553 0.396253 0.298147 0.120664 0.0817181
0.01 15.9951 16.3878 15.6023 9.9431 10.2392 9.64699 5.78811 0.392702 0.296106 0.119889 0.0807879
0.010283 15.8145 16.2037 15.4254 9.82909 10.1232 9.53503 5.71141 0.389145 0.294067 0.119115 0.0798635
0.0105741 15.6354 16.021 15.2499 9.7159 10.0079 9.42387 5.63543 0.385582 0.292028 0.118342 0.0789449
0.0108734 15.4578 15.8398 15.0758 9.60351 9.8935 9.31352 5.56016 0.382012 0.289992 0.117568 0.0780322
0.0111811 15.2816 15.6601 14.9032 9.49191 9.77987 9.20396 5.4856 0.378435 0.287956 0.116795 0.0771252
0.0114976 15.1069 15.4817 14.732 9.38111 9.66703 9.09519 5.41174 0.374851 0.285921 0.116022 0.076224
0.011823 14.9336 15.3048 14.5623 9.27108 9.55497 8.98719 5.33857 0.371261 0.283887 0.115247 0.0753284
0.0121576 14.7616 15.1293 14.394 9.16183 9.44368 8.87998 5.2661 0.367664 0.281853 0.114473 0.0744385
0.0125017 14.5911 14.9552 14.2271 9.05335 9.33317 8.77353 5.19432 0.364059 0.27982 0.113697 0.0735541
0.0128556 14.422 14.7824 14.0615 8.94564 9.22343 8.66785 5.12321 0.360447 0.277787 0.112919 0.0726753
0.0132194 14.2542 14.611 13.8974 8.83869 9.11444 8.56293 5.05278 0.356828 0.275754 0.112141 0.0718019
0.0135936 14.0878 14.441 13.7346 8.73249 9.00621 8.45877 4.98302 0.353201 0.273721 0.11136 0.0709341
0.0139783 13.9228 14.2723 13.5732 8.62704 8.89873 8.35535 4.91393 0.349567 0.271688 0.110578 0.0700716
0.0143739 13.7591 14.105 13.4132 8.52233 8.79198 8.25268 4.8455 0.345926 0.269654 0.109793 0.0692145
0.0147808 13.5967 13.939 13.2545 8.41836 8.68598 8.15074 4.77772 0.342276 0.267619 0.109006 0.0683628
0.0151991 13.4357 13.7743 13.0971 8.31512 8.5807 8.04954 4.71059 0.338619 0.265583 0.108216 0.0675163
0.0156293 13.276 13.6109 12.941 8.2126 8.47615 7.94906 4.64411 0.334955 0.263546 0.107423 0.0666751
0.0160717 13.1176 13.4489 12.7863 8.11081 8.37231 7.8493 4.57827 0.331283 0.261508 0.106627 0.0658391
0.0165265 12.9605 13.2881 12.6329 8.00972 8.26919 7.75025 4.51306 0.327603 0.259469 0.105827 0.0650083
0.0169943 12.8046 13.1285 12.4807 7.90935 8.16677 7.65192 4.44849 0.323916 0.257428 0.105023 0.0641826
0.0174753 12.6501 12.9703 12.3298 7.80967 8.06506 7.55429 4.38454 0.320221 0.255385 0.104216 0.063362
0.0179699 12.4967 12.8133 12.1802 7.71069 7.96403 7.45735 4.32121 0.316519 0.25334 0.103404 0.0625465
0.0184785 12.3447 12.6575 12.0319 7.61241 7.8637 7.36111 4.2585 0.31281 0.251293 0.102588 0.0617361
0.0190015 12.1939 12.503 11.8848 7.5148 7.76405 7.26556 4.19639 0.309093 0.249243 0.101767 0.0609306
0.0195393 12.0443 12.3497 11.739 7.41788 7.66507 7.17069 4.1349 0.305369 0.247191 0.100941 0.06013
0.0200923 11.896 12.1976 11.5943 7.32163 7.56677 7.07649 4.074 0.301639 0.245136 0.100111 0.0593344
0.020661 11.7488 12.0467 11.4509 7.22604 7.46912 6.98297 4.0137 0.297901 0.243078 0.0992744 0.0585437
0.0212458 11.6029 11.897 11.3087 7.13112 7.37214 6.89011 3.95399 0.294157 0.241017 0.0984327 0.0577578
0.0218471 11.4581 11.7485 11.1677 7.03686 7.27581 6.7979 3.89487 0.290407 0.238953 0.0975852 0.0569768
0.0224655 11.3146 11.6012 11.0279 6.94324 7.18013 6.70636 3.83633 0.28665 0.236885 0.0967318 0.0562005
0.0231013 11.1722 11.4551 10.8893 6.85027 7.08508 6.61545 3.77836 0.282888 0.234814 0.0958722 0.055429
0.0237551 11.0309 11.3101 10.7518 6.75794 6.99068 6.5252 3.72097 0.27912 0.232739 0.0950063 0.0546622
0.0244275 10.8909 11.1662 10.6155 6.66624 6.8969 6.43558 3.66415 0.275347 0.23066 0.094134 0.0539002
0.0251189 10.7519 11.0235 10.4804 6.57517 6.80375 6.34659 3.60789 0.271569 0.228576 0.0932549 0.0531428
0.0258298 10.6141 10.8819 10.3463 6.48472 6.71121 6.25823 3.55218 0.267787 0.226488 0.092369 0.05239
0.0265609 10.4774 10.7414 10.2134 6.39489 6.61929 6.17049 3.49703 0.264 0.224396 0.0914762 0.0516419
0.0273126 10.3418 10.602 10.0816 6.30567 6.52797 6.08337 3.44243 0.26021 0.222299 0.0905763 0.0508983
0.0280857 10.2074 10.4638 9.95094 6.21705 6.43725 5.99686 3.38837 0.256416 0.220197 0.0896691 0.0501594
0.0288806 10.074 10.3266 9.82135 6.12904 6.34713 5.91095 3.33485 0.252619 0.218091 0.0887545 0.0494249
0.029698 9.94165 10.1905 9.69283 6.04162 6.2576 5.82564 3.28187 0.24882 0.215978 0.0878326 0.048695
0.0305386 9.81041 10.0554 9.56539 5.95478 6.16864 5.74092 3.22942 0.245019 0.213861 0.086903 0.0479695
0.0314029 9.68023 9.92145 9.43902 5.86854 6.08028 5.6568 3.17749 0.241217 0.211738 0.0859659 0.0472486
0.0322917 9.5511 9.78852 9.31369 5.78287 5.99248 5.57326 3.12608 0.237414 0.20961 0.0850211 0.0465321
0.0332057 9.42301 9.65662 9.1894 5.69777 5.90524 5.49029 3.07518 0.233611 0.207475 0.0840685 0.04582
0.0341455 9.29595 9.52576 9.06614 5.61324 5.81857 5.4079 3.0248 0.229809 0.205335 0.0831082 0.0451123
0.0351119 9.16991 9.39592 8.9439 5.52927 5.73246 5.32608 2.97493 0.226008 0.203189 0.0821401 0.0444091
0.0361057 9.04488 9.26708 8.82267 5.44586 5.6469 5.24482 2.92555 0.222208 0.201036 0.0811642 0.0437102
0.0371276 8.92084 9.13925 8.70243 5.363 5.56188 5.16412 2.87668 0.218411 0.198878 0.0801805 0.0430156
0.0381784 8.7978 9.01241 8.58318 5.28069 5.4774 5.08398 2.82829 0.214618 0.196712 0.0791891 0.0423255
0.039259 8.67573 8.88656 8.4649 5.19892 5.39346 5.00438 2.7804 0.210829 0.194541 0.07819 0.0416396
0.0403702 8.55463 8.76168 8.34759 5.11768 5.31005 4.92532 2.73299 0.207044 0.192362 0.0771833 0.0409581
0.0415128 8.4345 8.63776 8.23123 5.03698 5.22716 4.8468 2.68606 0.203266 0.190177 0.076169 0.0402809
0.0426877 8.3153 8.5148 8.11581 4.9568 5.14479 4.76882 2.6396 0.199494 0.187985 0.0751473 0.039608
0.0438959 8.19705 8.39278 8.00132 4.87715 5.06293 4.69136 2.59362 0.195729 0.185786 0.0741182 0.0389394
0.0451383 8.07972 8.27169 7.88775 4.79801 4.98159 4.61443 2.5481 0.191973 0.18358 0.0730819 0.0382751
0.0464159 7.96331 8.15154 7.77508 4.71938 4.90074 4.53801 2.50304 0.188227 0.181367 0.0720386 0.037615
0.0477296 7.8478 8.03229 7.66331 4.64126 4.8204 4.46211 2.45844 0.18449 0.179147 0.0709885 0.0369593
0.0490805 7.7332 7.91396 7.55243 4.56364 4.74056 4.38672 2.41429 0.180765 0.17692 0.0699317 0.0363078
0.0504697 7.61947 7.79652 7.44242 4.48652 4.6612 4.31183 2.37059 0.177053 0.174686 0.0688685 0.0356606
0.0518981 7.50662 7.67998 7.33327 4.40989 4.58233 4.23744 2.32733 0.173353 0.172444 0.0677991 0.0350177
0.053367 7.39464 7.56431 7.22497 4.33375 4.50395 4.16355 2.28451 0.169669 0.170196 0.0667237 0.0343791
0.0548775 7.28351 7.44951 7.11751 4.2581 4.42604 4.09016 2.24213 0.165999 0.16794 0.0656427 0.0337447
0.0564307 7.17322 7.33556 7.01087 4.18292 4.3486 4.01725 2.20018 0.162347 0.165676 0.0645563 0.0331146
0.0580278 7.06376 7.22247 6.90505 4.10823 4.27163 3.94482 2.15866 0.158712 0.163406 0.0634649 0.0324889
0.0596702 6.95512 7.11022 6.80003 4.034 4.19513 3.87287 2.11756 0.155096 0.161128 0.0623688 0.0318674
0.0613591 6.8473 6.9988 6.6958 3.96025 4.11909 3.80141 2.07687 0.1515 0.158844 0.0612683 0.0312503
0.0630957 6.74027 6.8882 6.59234 3.88696 4.04351 3.73041 2.03661 0.147926 0.156552 0.0601638 0.0306375
0.0648815 6.63403 6.77841 6.48966 3.81413 3.96839 3.65988 1.99675 0.144374 0.154253 0.0590558 0.030029
0.0667179 6.52857 6.66941 6.38772 3.74177 3.89372 3.58982 1.9573 0.140845 0.151948 0.0579446 0.0294249
0.0686062 6.42387 6.56121 6.28653 3.66986 3.81949 3.52022 1.91825 0.137342 0.149636 0.0568306 0.0288251
0.070548 6.31993 6.45379 6.18607 3.5984 3.74572 3.45108 1.8796 0.133864 0.147317 0.0557144 0.0282298
0.0725448 6.21673 6.34714 6.08632 3.52739 3.67239 3.3824 1.84134 0.130414 0.144992 0.0545963 0.0276389
0.074598 6.11426 6.24125 5.98727 3.45684 3.5995 3.31417 1.80348 0.126992 0.142661 0.0534769 0.0270524
0.0767094 6.01252 6.13612 5.88892 3.38672 3.52705 3.2464 1.766 0.1236 0.140323 0.0523566 0.0264704
0.0788805 5.91148 6.03171 5.79124 3.31705 3.45503 3.17907 1.72891 0.120239 0.13798 0.051236 0.0258929
0.0811131 5.81113 5.92804 5.69422 3.24783 3.38346 3.1122 1.69219 0.11691 0.135631 0.0501156 0.0253199
0.0834088 5.71148 5.82509 5.59786 3.17904 3.31232 3.04577 1.65585 0.113614 0.133277 0.0489958 0.0247515
0.0857696 5.61249 5.72285 5.50214 3.1107 3.24161 2.97978 1.61989 0.110353 0.130918 0.0478774 0.0241877
0.0881971 5.51417 5.6213 5.40705 3.04279 3.17134 2.91424 1.5843 0.107128 0.128554 0.0467608 0.0236285
0.0906934 5.41651 5.52044 5.31257 2.97532 3.10151 2.84914 1.54907 0.103939 0.126186 0.0456465 0.023074
0.0932603 5.31947 5.42026 5.21868 2.90829 3.03211 2.78448 1.5142 0.100789 0.123814 0.0445353 0.0225242
0.0958999 5.22307 5.32074 5.12539 2.8417 2.96314 2.72027 1.4797 0.0976783 0.121438 0.0434276 0.0219792
0.0986142 5.12727 5.22188 5.03267 2.77555 2.89461 2.6565 1.44556 0.0946077 0.119059 0.042324 0.021439
0.101405 5.03208 5.12366 4.94051 2.70984 2.82652 2.59317 1.41177 0.0915788 0.116677 0.0412252 0.0209037
0.104275 4.93748 5.02608 4.84889 2.64458 2.75887 2.53028 1.37833 0.0885924 0.114293 0.0401317 0.0203734
0.107227 4.84346 4.92911 4.75781 2.57975 2.69166 2.46785 1.34525 0.0856497 0.111907 0.0390442 0.019848
0.110262 4.75001 4.83276 4.66726 2.51538 2.6249 2.40586 1.31251 0.0827518 0.10952 0.0379632 0.0193277
0.113382 4.65711 4.73701 4.57721 2.45145 2.55859 2.34432 1.28012 0.0798995 0.107133 0.0368894 0.0188124
0.116591 4.56475 4.64184 4.48765 2.38798 2.49273 2.28324 1.24807 0.0770939 0.104745 0.0358233 0.0183024
0.119891 4.47292 4.54725 4.39858 2.32497 2.42733 2.22261 1.21637 0.0743359 0.102358 0.0347657 0.0177976
0.123285 4.38161 4.45323 4.30998 2.26242 2.36239 2.16244 1.18501 0.0716264 0.0999726 0.033717 0.0172982
0.126774 4.2908 4.35977 4.22183 2.20034 2.29792 2.10275 1.15399 0.0689662 0.0975889 0.0326778 0.0168041
0.130362 4.20049 4.26685 4.13414 2.13873 2.23393 2.04352 1.1233 0.0663562 0.0952081 0.0316488 0.0163155
0.134052 4.11067 4.17446 4.04687 2.0776 2.17043 1.98477 1.09296 0.0637971 0.0928307 0.0306306 0.0158326
0.137846 4.02131 4.0826 3.96002 2.01696 2.10742 1.92651 1.06295 0.0612896 0.0904577 0.0296237 0.0153552
0.141747 3.93242 3.99126 3.87359 1.95682 2.04491 1.86873 1.03328 0.0588344 0.08809 0.0286287 0.0148837
0.145759 3.84398 3.90042 3.78755 1.89719 1.98292 1.81146 1.00395 0.0564321 0.0857284 0.0276461 0.0144179
0.149885 3.75598 3.81007 3.7019 1.83808 1.92145 1.7547 0.974959 0.0540833 0.0833739 0.0266765 0.0139582
0.154127 3.66841 3.7202 3.61663 1.77949 1.86052 1.69847 0.946303 0.0517885 0.0810275 0.0257204 0.0135045
0.158489 3.58126 3.63081 3.53172 1.72145 1.80014 1.64276 0.917987 0.0495481 0.0786901 0.0247784 0.0130569
0.162975 3.49453 3.54189 3.44717 1.66396 1.74032 1.5876 0.890011 0.0473626 0.0763629 0.0238509 0.0126156
0.167588 3.4082 3.45343 3.36297 1.60704 1.68109 1.53299 0.862376 0.0452323 0.0740469 0.0229385 0.0121807
0.172331 3.32226 3.36542 3.2791 1.5507 1.62244 1.47896 0.835085 0.0431575 0.0717433 0.0220416 0.0117523
0.177209 3.23672 3.27785 3.19558 1.49496 1.56442 1.42551 0.80814 0.0411384 0.0694533 0.0211606 0.0113305
0.182224 3.15155 3.19073 3.11238 1.43985 1.50703 1.37267 0.781542 0.0391752 0.067178 0.0202961 0.0109155
0.187382 3.06677 3.10404 3.0295 1.38537 1.45029 1.32045 0.755296 0.037268 0.0649187 0.0194484 0.0105074
0.192685 2.98236 3.01778 2.94695 1.33155 1.39422 1.26887 0.729403 0.0354169 0.0626767 0.018618 0.0101062
0.198139 2.89833 2.93195 2.8647 1.27841 1.33886 1.21795 0.703868 0.0336218 0.0604534 0.0178052 0.00971221
0.203747 2.81466 2.84655 2.78278 1.22597 1.28422 1.16772 0.678694 0.0318828 0.05825 0.0170104 0.00932548
0.209514 2.73137 2.76157 2.70117 1.17426 1.23033 1.11819 0.653887 0.0301997 0.0560681 0.0162339 0.00894614
0.215443 2.64846 2.67703 2.61988 1.12331 1.17722 1.0694 0.629449 0.0285723 0.0539089 0.0154761 0.00857435
0.221541 2.56592 2.59292 2.53892 1.07314 1.12491 1.02137 0.605387 0.0270003 0.051774 0.0147372 0.00821023
0.227812 2.48377 2.50925 2.45828 1.02379 1.07345 0.97412 0.581706 0.0254835 0.0496648 0.0140176 0.00785393
0.234259 2.40201 2.42603 2.37799 0.975274 1.02286 0.927691 0.558411 0.0240216 0.0475829 0.0133174 0.00750558
0.24089 2.32067 2.34328 2.29805 0.927645 0.973174 0.882115 0.535509 0.022614 0.0455298 0.0126369 0.0071653
0.247708 2.23975 2.26101 2.21849 0.880933 0.92444 0.837426 0.513006 0.0212605 0.0435069 0.0119762 0.00683323
0.254719 2.15928 2.17924 2.13932 0.83518 0.876696 0.793664 0.49091 0.0199603 0.0415159 0.0113356 0.00650947
0.261928 2.07929 2.098 2.06057 0.790428 0.829986 0.750869 0.469227 0.0187129 0.0395583 0.0107152 0.00619413
0.269341 1.9998 2.01732 1.98228 0.746727 0.784363 0.709091 0.447965 0.0175177 0.0376357 0.010115 0.00588729
0.276965 1.92087 1.93724 1.9045 0.704141 0.73989 0.668391 0.427133 0.016374 0.0357495 0.0095351 0.00558901
0.284804 1.84255 1.85783 1.82727 0.662747 0.696648 0.628846 0.40674 0.0152809 0.0339013 0.00897544 0.00529929
0.292864 1.76495 1.77919 1.75071 0.62267 0.654763 0.590578 0.386795 0.0142375 0.0320926 0.0084359 0.00501806
0.301153 1.68825 1.70149 1.675 0.584177 0.614501 0.553852 0.367311 0.0132427 0.0303247 0.00791613 0.00474502
0.309677 1.61328 1.62557 1.60098 0.548592 0.577191 0.519994 0.348307 0.0122949 0.0285985 0.00741512 0.00447919
0.318442 1.55748 1.56943 1.54554 0.525576 0.553528 0.497623 0.341256 0.0119447 0.0279526 0.0072266 0.00437658
0.321833 1.5294 1.541 1.51779 0.511746 0.539065 0.484426 0.334345 0.0116047 0.0273198 0.00704284 0.00427625
0.325224 1.5017 1.51297 1.49043 0.498226 0.524925 0.471526 0.327572 0.0112746 0.0266998 0.0068637 0.00417813
0.328614 1.47439 1.48534 1.46343 0.485009 0.511101 0.458917 0.320932 0.0109541 0.0260923 0.00668906 0.00408216
0.332005 1.44745 1.4581 1.43681 0.47209 0.497587 0.446593 0.314423 0.0106428 0.025497 0.0065188 0.0039883
0.335396 1.42089 1.43123 1.41055 0.459462 0.484375 0.434548 0.308041 0.0103405 0.0249138 0.00635279 0.0038965
0.338787 1.39469 1.40474 1.38465 0.447119 0.471461 0.422777 0.301785 0.0100469 0.0243424 0.00619092 0.00380671
0.342178 1.36886 1.37862 1.35909 0.435056 0.458838 0.411273 0.29565 0.00976167 0.0237825 0.00603308 0.00371887
0.345569 1.34337 1.35286 1.33389 0.423266 0.4465 0.400032 0.289635 0.00948461 0.023234 0.00587916 0.00363295
0.348959 1.31824 1.32745 1.30902 0.411745 0.434441 0.389048 0.283737 0.00921545 0.0226966 0.00572906 0.00354889
0.35235 1.29344 1.3024 1.28449 0.400486 0.422656 0.378316 0.277953 0.00895394 0.0221701 0.00558267 0.00346666
0.355741 1.26899 1.27769 1.26029 0.389486 0.41114 0.367832 0.272281 0.00869984 0.0216542 0.00543989 0.00338621
0.359132 1.24487 1.25333 1.23642 0.378738 0.399887 0.357589 0.266719 0.00845292 0.0211489 0.00530064 0.0033075
0.362523 1.22109 1.2293 1.21287 0.368237 0.388891 0.347584 0.261264 0.00821297 0.0206538 0.00516481 0.0032305
0.365914 1.19762 1.2056 1.18964 0.35798 0.378149 0.337811 0.255913 0.00797977 0.0201688 0.00503232 0.00315515
0.369305 1.17448 1.18223 1.16673 0.34796 0.367654 0.328266 0.250665 0.00775312 0.0196937 0.00490308 0.00308143
0.372695 1.15165 1.15919 1.14412 0.338174 0.357402 0.318945 0.245518 0.00753282 0.0192283 0.004777 0.00300929
0.376086 1.12914 1.13646 1.12182 0.328616 0.347388 0.309843 0.240469 0.00731868 0.0187724 0.00465401 0.00293871
0.379477 1.10694 1.11405 1.09983 0.319282 0.337608 0.300956 0.235516 0.00711051 0.0183259 0.00453402 0.00286964
0.382868 1.08504 1.09195 1.07813 0.310168 0.328057 0.29228 0.230658 0.00690814 0.0178885 0.00441696 0.00280205
0.386259 1.06344 1.07015 1.05673 0.30127 0.31873 0.28381 0.225892 0.0067114 0.0174601 0.00430275 0.00273591
0.38965 1.04214 1.04866 1.03562 0.292582 0.309623 0.275542 0.221217 0.00652011 0.0170405 0.00419132 0.00267119
0.39304 1.02114 1.02747 1.01481 0.284103 0.300732 0.267473 0.21663 0.00633412 0.0166296 0.0040826 0.00260786
0.396431 1.00043 1.00658 0.994275 0.275826 0.292053 0.259599 0.21213 0.00615328 0.0162271 0.00397653 0.00254588
0.399822 0.980005 0.985983 0.974028 0.267748 0.283581 0.251915 0.207716 0.00597743 0.015833 0.00387302 0.00248523
0.403213 0.959867 0.965674 0.954061 0.259865 0.275312 0.244418 0.203385 0.00580642 0.015447 0.00377202 0.00242587
0.406604 0.940013 0.945653 0.934373 0.252174 0.267243 0.237105 0.199136 0.00564012 0.0150691 0.00367348 0.00236778
0.409995 0.920438 0.925916 0.914959 0.244671 0.25937 0.229972 0.194967 0.0054784 0.014699 0.00357731 0.00231093
0.413385 0.90114 0.906461 0.895819 0.237351 0.251688 0.223014 0.190876 0.00532111 0.0143366 0.00348348 0.00225529
0.416776 0.882117 0.887285 0.876949 0.230212 0.244194 0.21623 0.186863 0.00516814 0.0139818 0.00339191 0.00220085
0.420167 0.863364 0.868383 0.858345 0.223249 0.236884 0.209615 0.182925 0.00501935 0.0136345 0.00330255 0.00214756
0.423558 0.844881 0.849756 0.840007 0.21646 0.229754 0.203166 0.179062 0.00487464 0.0132944 0.00321535 0.00209541
0.426949 0.826665 0.831399 0.821931 0.209841 0.222802 0.196879 0.175271 0.00473388 0.0129615 0.00313026 0.00204438
0.43034 0.808712 0.813309 0.804115 0.203388 0.216023 0.190752 0.171551 0.00459696 0.0126356 0.00304722 0.00199443
0.43373 0.791021 0.795485 0.786557 0.197098 0.209415 0.184781 0.167901 0.00446378 0.0123167 0.00296619 0.00194556
0.437121 0.773589 0.777923 0.769255 0.190968 0.202973 0.178964 0.164319 0.00433423 0.0120045 0.00288711 0.00189772
0.440512 0.756416 0.760624 0.752207 0.184995 0.196694 0.173296 0.160805 0.00420821 0.0116989 0.00280994 0.00185091
0.443903 0.739497 0.743583 0.735412 0.179175 0.190575 0.167775 0.157356 0.00408561 0.0113998 0.00273463 0.0018051
0.447294 0.722831 0.726797 0.718865 0.173506 0.184613 0.162399 0.153973 0.00396636 0.0111072 0.00266113 0.00176027
0.450685 0.706415 0.710265 0.702564 0.167984 0.178805 0.157163 0.150652 0.00385034 0.0108208 0.00258941 0.00171639
0.454075 0.690248 0.693985 0.68651 0.162606 0.173147 0.152066 0.147394 0.00373748 0.0105406 0.00251943 0.00167346
0.457466 0.674327 0.677955 0.6707 0.15737 0.167637 0.147104 0.144197 0.00362768 0.0102664 0.00245113 0.00163145
0.460857 0.658652 0.662173 0.655131 0.152273 0.162271 0.142274 0.14106 0.00352087 0.00999818 0.00238448 0.00159034
0.464248 0.643219 0.646636 0.639802 0.14731 0.157046 0.137575 0.137981 0.00341695 0.00973576 0.00231944 0.00155011
0.467639 0.628027 0.631342 0.624711 0.142481 0.15196 0.133002 0.134961 0.00331586 0.00947906 0.00225597 0.00151075
0.47103 0.613073 0.61629 0.609855 0.137782 0.14701 0.128554 0.131997 0.00321751 0.00922798 0.00219404 0.00147224
0.47442 0.598355 0.601477 0.595234 0.13321 0.142192 0.124228 0.129088 0.00312184 0.00898239 0.00213361 0.00143455
0.477811 0.583874 0.586902 0.580845 0.128763 0.137505 0.12002 0.126234 0.00302876 0.00874221 0.00207464 0.00139768
0.481202 0.569625 0.572563 0.566687 0.124437 0.132945 0.11593 0.123433 0.0029382 0.00850733 0.0020171 0.00136161
0.484593 0.555608 0.558458 0.552758 0.120231 0.128509 0.111954 0.120685 0.00285011 0.00827765 0.00196096 0.00132631
0.487984 0.54182 0.544584 0.539056 0.116142 0.124195 0.108089 0.117989 0.00276441 0.00805307 0.00190618 0.00129178
0.491375 0.52826 0.530941 0.525579 0.112167 0.120001 0.104334 0.115343 0.00268104 0.00783351 0.00185273 0.001258
0.494765 0.514926 0.517526 0.512326 0.108304 0.115923 0.100686 0.112747 0.00259994 0.00761886 0.00180059 0.00122496
0.498156 0.501817 0.504338 0.499296 0.104551 0.11196 0.0971417 0.1102 0.00252105 0.00740904 0.00174971 0.00119263
0.501547 0.48893 0.491374 0.486485 0.100904 0.108108 0.0937001 0.1077 0.0024443 0.00720395 0.00170008 0.00116102
0.504938 0.476264 0.478633 0.473894 0.097362 0.104366 0.0903585 0.105248 0.00236964 0.0070035 0.00165166 0.00113009
0.508329 0.463817 0.466114 0.46152 0.0939223 0.10073 0.0871147 0.102842 0.00229702 0.00680762 0.00160442 0.00109984
0.51172 0.451587 0.453814 0.449361 0.0905825 0.0971987 0.0839663 0.100481 0.00222639 0.0066162 0.00155835 0.00107026
0.51511 0.439573 0.441731 0.437416 0.0873404 0.0937696 0.0809113 0.0981644 0.00215768 0.00642917 0.00151341 0.00104133
0.518501 0.427774 0.429865 0.425683 0.0841938 0.0904403 0.0779474 0.0958919 0.00209085 0.00624645 0.00146957 0.00101304
0.521892 0.416186 0.418212 0.41416 0.0811407 0.0872086 0.0750727 0.0936624 0.00202585 0.00606795 0.00142681 0.000985372
0.525283 0.404809 0.406772 0.402847 0.0781787 0.0840723 0.0722851 0.0914751 0.00196264 0.0058936 0.00138511 0.000958321
0.528674 0.393642 0.395543 0.39174 0.0753057 0.081029 0.0695824 0.0893293 0.00190116 0.00572331 0.00134444 0.000931873
0.532065 0.382681 0.384522 0.38084 0.0725197 0.0780767 0.0669627 0.0872242 0.00184136 0.005557 0.00130478 0.000906015
0.535455 0.371926 0.373709 0.370143 0.0698187 0.0752133 0.0644241 0.0851591 0.00178322 0.00539461 0.00126611 0.000880737
0.538846 0.361375 0.363102 0.359648 0.0672005 0.0724366 0.0619645 0.0831333 0.00172668 0.00523606 0.0012284 0.000856027
0.542237 0.351026 0.352698 0.349354 0.0646634 0.0697446 0.0595821 0.0811462 0.0016717 0.00508127 0.00119163 0.000831874
0.545628 0.340878 0.342496 0.339259 0.0622052 0.0671354 0.057275 0.079197 0.00161825 0.00493017 0.00115578 0.000808268
0.549019 0.330928 0.332494 0.329362 0.0598241 0.0646068 0.0550414 0.0772852 0.00156627 0.0047827 0.00112084 0.000785197
0.55241 0.321175 0.322691 0.319659 0.0575183 0.0621571 0.0528796 0.0754099 0.00151574 0.00463877 0.00108677 0.000762652
0.5558 0.311618 0.313084 0.310151 0.0552858 0.0597842 0.0507875 0.0735707 0.00146662 0.00449833 0.00105357 0.000740623
0.559191 0.302254 0.303673 0.300835 0.0531248 0.0574861 0.0487635 0.0717669 0.00141887 0.0043613 0.0010212 0.0007191
0.562582 0.293082 0.294454 0.291709 0.0510336 0.0552612 0.046806 0.0699979 0.00137245 0.00422762 0.000989662 0.000698073
0.565973 0.2841 0.285427 0.282773 0.0490104 0.0531076 0.0449132 0.0682631 0.00132733 0.00409723 0.000958925 0.000677532
0.569364 0.275306 0.27659 0.274023 0.0470535 0.0510235 0.0430834 0.0665619 0.00128348 0.00397005 0.000928974 0.000657469
0.572755 0.266699 0.26794 0.265458 0.0451611 0.0490072 0.0413151 0.0648938 0.00124087 0.00384604 0.000899792 0.000637874
0.576146 0.258277 0.259476 0.257077 0.0433317 0.0470568 0.0396066 0.0632581 0.00119946 0.00372512 0.000871362 0.000618738
0.579536 0.250037 0.251196 0.248878 0.0415636 0.0451708 0.0379563 0.0616544 0.00115923 0.00360723 0.000843666 0.000600054
0.582927 0.241979 0.243099 0.240859 0.0398551 0.0433474 0.0363628 0.0600821 0.00112014 0.00349232 0.00081669 0.000581811
0.586318 0.2341 0.235182 0.233017 0.0382047 0.0415851 0.0348244 0.0585406 0.00108216 0.00338032 0.000790416 0.000564002
0.589709 0.226398 0.227443 0.225353 0.0366109 0.0398821 0.0333397 0.0570295 0.00104526 0.00327118 0.00076483 0.000546619
0.5931 0.218872 0.219881 0.217862 0.0350722 0.038237 0.0319073 0.0555483 0.00100943 0.00316484 0.000739916 0.000529653
0.596491 0.211519 0.212494 0.210545 0.0335869 0.0366482 0.0305257 0.0540964 0.000974628 0.00306125 0.000715658 0.000513096
0.599881 0.204339 0.20528 0.203398 0.0321538 0.0351141 0.0291934 0.0526734 0.00094083 0.00296035 0.000692044 0.000496942
0.603272 0.197328 0.198236 0.19642 0.0307713 0.0336334 0.0279092 0.0512787 0.000908011 0.00286208 0.000669058 0.000481181
0.606663 0.190485 0.191361 0.189609 0.0294381 0.0322045 0.0266717 0.049912 0.000876147 0.00276639 0.000646686 0.000465808
0.610054 0.183808 0.184654 0.182963 0.0281527 0.0308259 0.0254795 0.0485728 0.000845214 0.00267324 0.000624915 0.000450814
0.613445 0.177296 0.178111 0.176481 0.0269139 0.0294964 0.0243313 0.0472606 0.000815187 0.00258256 0.000603732 0.000436192
0.616836 0.170945 0.171731 0.170159 0.0257202 0.0282145 0.0232259 0.0459749 0.000786044 0.00249432 0.000583123 0.000421935
0.620226 0.164755 0.165513 0.163997 0.0245705 0.0269789 0.022162 0.0447154 0.000757763 0.00240845 0.000563076 0.000408036
0.623617 0.158723 0.159453 0.157992 0.0234634 0.0257883 0.0211385 0.0434817 0.00073032 0.00232491 0.000543579 0.000394489
0.627008 0.152847 0.15355 0.152143 0.0223976 0.0246413 0.020154 0.0422732 0.000703697 0.00224365 0.000524618 0.000381286
0.630399 0.147125 0.147802 0.146447 0.0213721 0.0235367 0.0192074 0.0410896 0.00067787 0.00216462 0.000506183 0.000368422
0.63379 0.141555 0.142207 0.140902 0.0203855 0.0224732 0.0182977 0.0399306 0.000652821 0.00208778 0.000488262 0.000355889
0.637181 0.136135 0.136763 0.135506 0.0194367 0.0214497 0.0174236 0.0387956 0.000628529 0.00201308 0.000470843 0.000343682
0.640571 0.130863 0.131468 0.130258 0.0185245 0.020465 0.016584 0.0376844 0.000604975 0.00194048 0.000453915 0.000331794
0.643962 0.125736 0.126319 0.125154 0.0176479 0.0195179 0.015778 0.0365965 0.000582141 0.00186993 0.000437467 0.000320218
0.647353 0.120754 0.121314 0.120194 0.0168058 0.0186072 0.0150044 0.0355316 0.000560007 0.00180139 0.000421488 0.00030895
0.650744 0.115913 0.116452 0.115374 0.015997 0.0177318 0.0142622 0.0344893 0.000538557 0.00173481 0.000405968 0.000297983
0.654135 0.111212 0.111729 0.110694 0.0152205 0.0168907 0.0135504 0.0334693 0.000517772 0.00167016 0.000390897 0.000287311
0.657526 0.106648 0.107145 0.10615 0.0144754 0.0160828 0.012868 0.0324712 0.000497636 0.00160739 0.000376264 0.000276928
0.660916 0.102219 0.102697 0.101741 0.0137606 0.015307 0.0122141 0.0314946 0.000478132 0.00154646 0.000362059 0.00026683
0.664307 0.0979228 0.0983821 0.0974636 0.0130751 0.0145624 0.0115878 0.0305392 0.000459244 0.00148732 0.000348274 0.000257009
0.667698 0.0937578 0.0941987 0.0933168 0.012418 0.0138479 0.010988 0.0296048 0.000440956 0.00142995 0.000334898 0.000247461
0.671089 0.0897214 0.0901446 0.0892981 0.0117883 0.0131626 0.010414 0.0286909 0.000423253 0.0013743 0.000321922 0.000238181
0.67448 0.0858115 0.0862176 0.0854054 0.0111851 0.0125055 0.0098648 0.0277972 0.000406119 0.00132034 0.000309337 0.000229163
0.677871 0.0820257 0.0824153 0.0816362 0.0106077 0.0118757 0.00933963 0.0269235 0.00038954 0.00126802 0.000297134 0.000220402
0.681261 0.0783621 0.0787356 0.0779886 0.010055 0.0112723 0.00883764 0.0260694 0.000373501 0.00121731 0.000285305 0.000211893
0.684652 0.0748183 0.0751762 0.0744603 0.00952619 0.0106944 0.00835801 0.0252346 0.000357989 0.00116817 0.00027384 0.00020363
0.688043 0.071392 0.071735 0.071049 0.00902054 0.0101411 0.00789997 0.0244189 0.000342989 0.00112057 0.000262731 0.00019561
0.691434 0.068081 0.0684095 0.0677525 0.00853721 0.00961169 0.00746274 0.0236218 0.000328489 0.00107447 0.000251971 0.000187826
0.694825 0.0648832 0.0651977 0.0645687 0.00807541 0.00910525 0.00704557 0.0228432 0.000314474 0.00102984 0.000241551 0.000180274
0.698216 0.0617963 0.0620972 0.0614953 0.00763437 0.00862101 0.00664773 0.0220827 0.000300933 0.000986644 0.000231462 0.00017295
0.701606 0.058818 0.0591058 0.0585301 0.00721336 0.00815821 0.00626852 0.0213401 0.000287853 0.000944845 0.000221698 0.000165848
0.704997 0.0559459 0.0562211 0.0556707 0.00681166 0.00771607 0.00590724 0.0206151 0.000275222 0.000904413 0.000212251 0.000158964
0.708388 0.0531781 0.0534411 0.0529151 0.00642855 0.00729386 0.00556323 0.0199074 0.000263027 0.000865315 0.000203113 0.000152294
0.711779 0.0505121 0.0507634 0.0502608 0.00606335 0.00689087 0.00523583 0.0192167 0.000251258 0.00082752 0.000194276 0.000145832
0.71517 0.0479456 0.0481855 0.0477057 0.00571541 0.0065064 0.00492441 0.0185428 0.000239902 0.000790996 0.000185734 0.000139575
0.718561 0.0454766 0.0457056 0.0452477 0.00538406 0.00613977 0.00462834 0.0178855 0.000228949 0.000755712 0.000177479 0.000133518
0.721951 0.0431027 0.0433211 0.0428843 0.00506867 0.00579031 0.00434704 0.0172444 0.000218388 0.000721638 0.000169504 0.000127657
0.725342 0.0408217 0.0410299 0.0406135 0.00476865 0.0054574 0.00407991 0.0166194 0.000208208 0.000688745 0.000161804 0.000121988
0.728733 0.0386313 0.0388297 0.0384329 0.00448339 0.00514039 0.00382639 0.0160101 0.000198398 0.000657003 0.00015437 0.000116506
0.732124 0.0365293 0.0367183 0.0363404 0.00421231 0.00483869 0.00358592 0.0154163 0.000188949 0.000626383 0.000147196 0.000111207
0.735515 0.0345136 0.0346934 0.0343337 0.00395485 0.0045517 0.00335799 0.0148378 0.000179851 0.000596857 0.000140276 0.000106088
0.738906 0.0325818 0.0327529 0.0324107 0.00371046 0.00427886 0.00314207 0.0142744 0.000171093 0.000568397 0.000133604 0.000101144
0.742296 0.0307318 0.0308945 0.0305691 0.00347863 0.0040196 0.00293765 0.0137257 0.000162666 0.000540976 0.000127173 9.63704e-05
0.745687 0.0289614 0.029116 0.0288069 0.00325882 0.00377339 0.00274426 0.0131917 0.000154562 0.000514567 0.000120977 9.17645e-05
0.749078 0.0272685 0.0274152 0.0271217 0.00305056 0.0035397 0.00256142 0.0126719 0.000146771 0.000489144 0.000115009 8.73221e-05
0.752469 0.0256508 0.02579 0.0255115 0.00285335 0.00331803 0.00238867 0.0121663 0.000139283 0.00046468 0.000109265 8.30393e-05
0.75586 0.0241062 0.0242382 0.0239741 0.00266672 0.00310787 0.00222557 0.0116746 0.000132091 0.00044115 0.000103739 7.89123e-05
0.759251 0.0226325 0.0227577 0.0225073 0.00249023 0.00290876 0.00207171 0.0111966 0.000125186 0.000418529 9.84236e-05 7.49375e-05
0.762641 0.0212277 0.0213463 0.0211092 0.00232344 0.00272023 0.00192665 0.010732 0.000118559 0.000396793 9.33144e-05 7.11111e-05
0.766032 0.0198897 0.0200019 0.0197775 0.00216592 0.00254184 0.00179001 0.0102806 0.000112202 0.000375916 8.84057e-05 6.74295e-05
0.769423 0.0186164 0.0187225 0.0185103 0.00201726 0.00237314 0.00166139 0.00984222 0.000106108 0.000355876 8.36919e-05 6.38892e-05
0.772814 0.0174057 0.0175059 0.0173054 0.00187707 0.00221372 0.00154042 0.00941666 0.000100268 0.000336649 7.91679e-05 6.04866e-05
0.776205 0.0162555 0.0163502 0.0161608 0.00174496 0.00206318 0.00142675 0.00900369 9.46747e-05 0.000318212 7.48283e-05 5.72183e-05
0.779596 0.0151639 0.0152533 0.0150746 0.00162057 0.00192111 0.00132002 0.00860311 8.93209e-05 0.000300543 7.0668e-05 5.40808e-05
0.782986 0.0141289 0.0142131 0.0140447 0.00150352 0.00178714 0.0012199 0.0082147 8.41992e-05 0.000283618 6.6682e-05 5.10707e-05
0.786377 0.0131485 0.0132278 0.0130692 0.00139348 0.0016609 0.00112607 0.00783826 7.93024e-05 0.000267417 6.28653e-05 4.81847e-05
0.789768 0.0122208 0.0122954 0.0121462 0.00129012 0.00154204 0.0010382 0.00747358 7.46234e-05 0.000251918 5.92129e-05 4.54194e-05
0.793159 0.0113438 0.011414 0.0112737 0.00119311 0.00143021 0.000956013 0.00712048 7.01554e-05 0.0002371 5.57202e-05 4.27717e-05
0.79655 0.0105157 0.0105816 0.0104498 0.00110215 0.00132509 0.000879203 0.00677874 6.58917e-05 0.000222943 5.23823e-05 4.02382e-05
0.799941 0.00973462 0.00979644 0.00967279 0.00101692 0.00122635 0.000807498 0.00644816 6.18256e-05 0.000209426 4.91947e-05 3.78158e-05
0.803332 0.0089987 0.00905665 0.00894075 0.000937157 0.00113369 0.000740628 0.00612856 5.79509e-05 0.000196529 4.61528e-05 3.55014e-05
0.806722 0.00830618 0.00836044 0.00825192 0.000862571 0.0010468 0.000678337 0.00581972 5.42611e-05 0.000184233 4.32521e-05 3.32919e-05
0.810113 0.00765528 0.00770603 0.00760453 0.000792895 0.000965414 0.000620376 0.00552147 5.07501e-05 0.000172519 4.04883e-05 3.11842e-05
0.813504 0.00704428 0.00709169 0.00699687 0.000727876 0.000889243 0.000566509 0.00523361 4.74119e-05 0.000161367 3.78569e-05 2.91753e-05
0.816895 0.00647147 0.00651571 0.00642723 0.000667267 0.000818027 0.000516506 0.00495594 4.42405e-05 0.000150761 3.53538e-05 2.72622e-05
0.820286 0.00593519 0.00597642 0.00589396 0.00061083 0.00075151 0.00047015 0.00468827 4.12303e-05 0.00014068 3.29748e-05 2.54421e-05
0.823677 0.00543381 0.00547218 0.00539543 0.000558339 0.000689447 0.00042723 0.00443042 3.83755e-05 0.000131108 3.07158e-05 2.37119e-05
0.827067 0.00496573 0.0050014 0.00493006 0.000509574 0.000631602 0.000387547 0.0041822 3.56707e-05 0.000122028 2.85728e-05 2.20689e-05
0.830458 0.0045294 0.00456251 0.00449629 0.000464328 0.000577749 0.000350906 0.00394341 3.31103e-05 0.000113421 2.65418e-05 2.05103e-05
0.833849 0.0041233 0.00415399 0.00409261 0.000422399 0.000527671 0.000317126 0.00371387 3.06892e-05 0.000105272 2.46189e-05 1.90333e-05
0.83724 0.00374595 0.00377435 0.00371755 0.000383595 0.000481159 0.00028603 0.00349339 2.84022e-05 9.75646e-05 2.28003e-05 1.76351e-05
0.840631 0.0033959 0.00342214 0.00336965 0.000347733 0.000438014 0.000257451 0.0032818 2.62441e-05 9.02817e-05 2.10824e-05 1.6313e-05
0.844022 0.00307173 0.00309594 0.00304752 0.000314636 0.000398044 0.000231228 0.0030789 2.42101e-05 8.34081e-05 1.94613e-05 1.50645e-05
0.847412 0.00277208 0.00279438 0.00274979 0.000284137 0.000361065 0.000207209 0.0028845 2.22952e-05 7.69282e-05 1.79336e-05 1.38868e-05
0.850803 0.00249563 0.00251613 0.00247514 0.000256075 0.000326902 0.000185248 0.00269844 2.04949e-05 7.0827e-05 1.64957e-05 1.27775e-05
0.854194 0.00224108 0.00225989 0.00222228 0.000230296 0.000295386 0.000165207 0.00252052 1.88044e-05 6.50898e-05 1.51441e-05 1.1734e-05
0.857585 0.00200718 0.0020244 0.00198996 0.000206656 0.000266357 0.000146954 0.00235055 1.72191e-05 5.97019e-05 1.38754e-05 1.07537e-05
0.860976 0.00179272 0.00180846 0.00177699 0.000185013 0.000239662 0.000130364 0.00218837 1.57348e-05 5.46492e-05 1.26862e-05 9.83433e-06
0.864367 0.00159653 0.00161088 0.00158218 0.000165236 0.000215154 0.000115318 0.00203378 1.43471e-05 4.99178e-05 1.15734e-05 8.97336e-06
0.867757 0.00141748 0.00143053 0.00140443 0.000147199 0.000192693 0.000101705 0.00188661 1.30518e-05 4.54942e-05 1.05337e-05 8.16845e-06
0.871148 0.00125448 0.00126632 0.00124263 0.000130781 0.000172146 8.94163e-05 0.00174668 1.18447e-05 4.1365e-05 9.5639e-06 7.41726e-06
0.874539 0.00110648 0.0011172 0.00109576 0.000115869 0.000153386 7.83519e-05 0.0016138 1.07218e-05 3.75173e-05 8.66101e-06 6.7175e-06
0.87793 0.000972467 0.000982147 0.000962788 0.000102355 0.000136293 6.84165e-05 0.00148779 9.67921e-06 3.39383e-05 7.822e-06 6.06691e-06
0.881321 0.000851476 0.000860189 0.000842763 9.01355e-05 0.000120751 5.95198e-05 0.00136848 8.71312e-06 3.06157e-05 7.04391e-06 5.4633e-06
0.884712 0.000742576 0.000750396 0.000734756 7.91144e-05 0.000106652 5.1577e-05 0.00125568 7.81978e-06 2.75373e-05 6.32385e-06 4.90448e-06
0.888102 0.000644878 0.000651874 0.000637883 6.91998e-05 9.38912e-05 4.45084e-05 0.00114921 6.99554e-06 2.46914e-05 5.65901e-06 4.38834e-06
0.891493 0.000557531 0.000563768 0.000551294 6.03052e-05 8.23714e-05 3.82389e-05 0.0010489 6.23687e-06 2.20663e-05 5.04663e-06 3.91278e-06
0.894884 0.000479724 0.000485264 0.000474184 5.23487e-05 7.19995e-05 3.2698e-05 0.000954557 5.54029e-06 1.96507e-05 4.48401e-06 3.47575e-06
0.898275 0.000410685 0.000415588 0.000405783 4.52535e-05 6.26874e-05 2.78197e-05 0.000866011 4.90246e-06 1.74338e-05 3.96851e-06 3.07526e-06
0.901666 0.000349682 0.000354002 0.000345362 3.8947e-05 5.43519e-05 2.35422e-05 0.00078308 4.32009e-06 1.54048e-05 3.49758e-06 2.70935e-06
0.905057 0.000296017 0.000299807 0.000292227 3.33612e-05 4.69145e-05 1.98079e-05 0.000705583 3.78999e-06 1.35533e-05 3.0687e-06 2.3761e-06
0.908447 0.000249032 0.000252341 0.000245723 2.84322e-05 4.03012e-05 1.65631e-05 0.00063334 3.30908e-06 1.18691e-05 2.67943e-06 2.07363e-06
0.911838 0.000208107 0.000210982 0.000205233 2.41001e-05 3.44424e-05 1.37579e-05 0.000566172 2.87433e-06 1.03423e-05 2.32738e-06 1.80011e-06
0.915229 0.000172657 0.00017514 0.000170174 2.03091e-05 2.92724e-05 1.13458e-05 0.000503898 2.48284e-06 8.96327e-06 2.01025e-06 1.55377e-06
0.91862 0.000142132 0.000144264 0.000140001 1.70068e-05 2.47296e-05 9.28409e-06 0.000446337 2.13176e-06 7.72275e-06 1.72577e-06 1.33286e-06
0.922011 0.000116019 0.000117837 0.000114201 1.41448e-05 2.07564e-05 7.53311e-06 0.000393309 1.81834e-06 6.61164e-06 1.47176e-06 1.13568e-06
0.925402 9.38367e-05 9.53766e-05 9.22968e-05 1.16776e-05 1.72987e-05 6.05644e-06 0.000344634 1.53993e-06 5.62114e-06 1.24609e-06 9.60593e-07
0.928792 7.51393e-05 7.64333e-05 7.38454e-05 9.56335e-06 1.43061e-05 4.82064e-06 0.00030013 1.29396e-06 4.74271e-06 1.04669e-06 8.05987e-07
0.932183 5.95131e-05 6.0591e-05 5.84351e-05 7.76325e-06 1.17313e-05 3.79515e-06 0.000259616 1.07792e-06 3.9681e-06 8.71575e-07 6.70311e-07
0.935574 4.65757e-05 4.74651e-05 4.56862e-05 6.24144e-06 9.53075e-06 2.95213e-06 0.00022291 8.89435e-07 3.28931e-06 7.18805e-07 5.52058e-07
0.938965 3.59761e-05 3.67023e-05 3.52499e-05 4.96493e-06 7.66356e-06 2.2663e-06 0.00018983 7.26175e-07 2.69863e-06 5.86516e-07 4.49771e-07
0.942356 2.7393e-05 2.79789e-05 2.68071e-05 3.90346e-06 6.09206e-06 1.71487e-06 0.000160194 5.85915e-07 2.18859e-06 4.72906e-07 3.62042e-07
0.945747 2.05341e-05 2.10006e-05 2.00676e-05 3.02934e-06 4.78137e-06 1.27732e-06 0.00013382 4.66516e-07 1.75202e-06 3.76243e-07 2.87513e-07
0.949137 1.51351e-05 1.5501e-05 1.47692e-05 2.31736e-06 3.69937e-06 9.35344e-07 0.000110524 3.65923e-07 1.38201e-06 2.9486e-07 2.24879e-07
0.952528 1.09586e-05 1.12407e-05 1.06764e-05 1.74462e-06 2.81655e-06 6.72693e-07 9.01231e-05 2.82172e-07 1.07193e-06 2.27163e-07 1.72888e-07
0.955919 7.79291e-06 8.0063e-06 7.57952e-06 1.29047e-06 2.10589e-06 4.75064e-07 7.24341e-05 2.13388e-07 8.15411e-07 1.71625e-07 1.3034e-07
0.95931 5.45133e-06 5.60911e-06 5.29354e-06 9.3635e-07 1.54273e-06 3.29971e-07 5.72734e-05 1.57785e-07 6.06379e-07 1.2679e-07 9.60924e-08
0.962701 3.77075e-06 3.88442e-06 3.65708e-06 6.65683e-07 1.10472e-06 2.26642e-07 4.44574e-05 1.13668e-07 4.3904e-07 9.12777e-08 6.9059e-08
0.966092 2.61082e-06 2.69026e-06 2.53138e-06 4.63797e-07 7.71684e-07 1.5591e-07 3.38034e-05 7.94376e-08 3.07887e-07 6.37792e-08 4.82118e-08
0.969482 1.853e-06 1.90658e-06 1.79941e-06 3.17822e-07 5.25529e-07 1.10115e-07 2.513e-05 5.35855e-08 2.07707e-07 4.30637e-08 3.25831e-08
0.972873 1.40002e-06 1.43472e-06 1.36532e-06 2.16631e-07 3.50221e-07 8.3042e-08 1.82592e-05 3.47026e-08 1.33589e-07 2.79783e-08 2.12677e-08
0.976264 1.17613e-06 1.19761e-06 1.15465e-06 1.5083e-07 2.31764e-07 6.98947e-08 1.30199e-05 2.14782e-08 8.09348e-08 1.74511e-08 1.34246e-08
0.979655 1.12952e-06 1.14223e-06 1.11682e-06 1.12886e-07 1.58353e-07 6.74186e-08 9.25712e-06 1.27038e-08 4.54671e-08 1.04934e-08 8.27917e-09
0.983046 1.2421e-06 1.24937e-06 1.23482e-06 9.77081e-08 1.20955e-07 7.44608e-08 6.8577e-06 7.27449e-09 2.32473e-08 6.20112e-09 5.12384e-09
0.986437 1.57184e-06 1.57603e-06 1.56765e-06 1.05198e-07 1.1589e-07 9.45054e-08 5.84264e-06 4.18616e-09 1.06924e-08 3.7507e-09 3.3128e-09
0.989827 2.60222e-06 2.60472e-06 2.59972e-06 1.6131e-07 1.65902e-07 1.56718e-07 6.8992e-06 2.49907e-09 4.5917e-09 2.3596e-09 2.21907e-09
0.993218 1.09658e-05 1.09662e-05 1.09655e-05 6.63878e-07 6.66726e-07 6.6103e-07 3.81754e-05 3.3534e-10 2.84811e-09 1.6845e-10 2.11758e-22
4.01075e-314 inf inf inf inf inf inf 0.00430595 33.757 1.0704 0.759448 0.366869
