9.72476e-05 112.095 113.209 110.982 61.3313 62.1332 60.5294 36.3083 1.11378 0.801862 0.396063 0.387511
0.0001 111.099 112.206 109.991 60.8451 61.6426 60.0476 35.9858 1.10788 0.797471 0.39322 0.384574
0.00010283 110.126 111.228 109.024 60.3689 61.162 59.5758 35.6656 1.102 0.793104 0.390395 0.381656
0.000105741 109.237 110.333 108.141 59.9286 60.7174 59.1398 35.3478 1.09616 0.788759 0.387589 0.378756
0.000108734 108.227 109.317 107.136 59.4361 60.2205 58.6516 35.0323 1.09035 0.784436 0.384802 0.375873
0.000111811 107.224 108.309 106.14 58.9468 59.727 58.1667 34.7191 1.08456 0.780137 0.382035 0.373009
0.000114976 106.23 107.309 105.151 58.4608 59.2366 57.6849 34.4083 1.0788 0.77586 0.379285 0.370162
0.00011823 105.244 106.317 104.171 57.9779 58.7495 57.2063 34.0997 1.07307 0.771605 0.376555 0.367333
0.000121576 104.266 105.333 103.198 57.4983 58.2657 56.7309 33.7934 1.06737 0.767372 0.373843 0.364521
0.000125017 103.295 104.357 102.233 57.0218 57.785 56.2587 33.4893 1.0617 0.763162 0.37115 0.361727
0.000128556 102.333 103.389 101.276 56.5485 57.3074 55.7895 33.1875 1.05605 0.758974 0.368475 0.35895
0.000132194 101.378 102.428 100.327 56.0783 56.8331 55.3235 32.8879 1.05043 0.754808 0.365819 0.356192
0.000135936 100.431 101.476 99.3859 55.6112 56.3619 54.8606 32.5905 1.04484 0.750663 0.36318 0.35345
0.000139783 99.4912 100.53 98.4519 55.1473 55.8938 54.4007 32.2953 1.03928 0.74654 0.36056 0.350724
0.000143739 98.5595 99.5932 97.5257 54.6864 55.4288 53.944 32.0023 1.03374 0.742439 0.357958 0.348017
0.000147808 97.6351 98.6634 96.6069 54.2285 54.9669 53.4902 31.7115 1.02823 0.738359 0.355374 0.345326
0.000151991 96.7184 97.7411 95.6956 53.7738 54.5081 53.0395 31.4228 1.02274 0.734301 0.352808 0.342652
0.000156293 95.8091 96.8263 94.7918 53.3221 54.0523 52.5918 31.1363 1.01729 0.730264 0.35026 0.339994
0.000160717 94.9071 95.919 93.8953 52.8734 53.5996 52.1471 30.8519 1.01186 0.726248 0.347729 0.337354
0.000165265 94.0125 95.0189 93.006 52.4276 53.1499 51.7054 30.5696 1.00645 0.722252 0.345216 0.334729
0.000169943 93.1252 94.1263 92.1242 51.9849 52.7032 51.2667 30.2895 1.00107 0.718278 0.342722 0.332122
0.000174753 92.2452 93.2409 91.2495 51.5452 52.2595 50.8309 30.0114 0.995719 0.714325 0.340244 0.329531
0.000179699 91.3722 92.3626 90.3819 51.1084 51.8188 50.398 29.7354 0.990391 0.710392 0.337783 0.326956
0.000184785 90.5066 91.4916 89.5215 50.6745 51.381 49.9681 29.4615 0.985089 0.70648 0.335341 0.324397
0.000190015 89.6478 90.6276 88.668 50.2436 50.9462 49.541 29.1896 0.979812 0.702588 0.332915 0.321854
0.000195393 88.7962 89.7707 87.8216 49.8156 50.5143 49.1168 28.9198 0.974561 0.698716 0.330506 0.319328
0.000200923 87.9515 88.9208 86.9821 49.3904 50.0853 48.6956 28.652 0.969334 0.694865 0.328115 0.316817
0.00020661 87.1137 88.0779 86.1496 48.9681 49.6592 48.2771 28.3862 0.964133 0.691033 0.32574 0.314322
0.000212458 86.2828 87.2417 85.3238 48.5487 49.2359 47.8615 28.1224 0.958956 0.687222 0.323383 0.311843
0.000218471 85.4588 86.4126 84.505 48.1322 48.8156 47.4487 27.8606 0.953803 0.68343 0.321042 0.30938
0.000224655 84.6415 85.5902 83.6928 47.7184 48.3981 47.0388 27.6008 0.948675 0.679659 0.318718 0.306932
0.000231013 83.8309 84.7744 82.8873 47.3075 47.9834 46.6316 27.3429 0.943571 0.675906 0.316411 0.304499
0.000237551 83.027 83.9655 82.0885 46.8994 47.5716 46.2272 27.087 0.938491 0.672174 0.314121 0.302083
0.000244275 82.2297 83.1631 81.2963 46.494 47.1624 45.8255 26.833 0.933435 0.668461 0.311847 0.299681
0.000251189 81.439 82.3674 80.5106 46.0914 46.7562 45.4266 26.581 0.928402 0.664767 0.309589 0.297295
0.000258298 80.6549 81.5783 79.7315 45.6915 46.3526 45.0305 26.3309 0.923393 0.661092 0.307348 0.294923
0.000265609 79.8772 80.7956 78.9588 45.2944 45.9519 44.637 26.0827 0.918408 0.657436 0.305123 0.292567
0.000273126 79.1059 80.0193 78.1925 44.9 45.5538 44.2462 25.8363 0.913445 0.653799 0.302914 0.290226
0.000280857 78.3411 79.2496 77.4326 44.5084 45.1586 43.8582 25.5919 0.908506 0.650182 0.300722 0.2879
0.000288806 77.5826 78.4862 76.679 44.1194 44.766 43.4728 25.3493 0.903589 0.646582 0.298546 0.285588
0.00029698 76.8303 77.729 75.9316 43.733 44.376 43.09 25.1086 0.898695 0.643002 0.296385 0.283291
0.000305386 76.0844 76.9782 75.1906 43.3494 43.9888 42.7099 24.8697 0.893824 0.63944 0.294241 0.281009
0.000314029 75.3446 76.2335 74.4556 42.9683 43.6042 42.3324 24.6326 0.888975 0.635896 0.292112 0.278742
0.000322917 74.611 75.4951 73.7268 42.5899 43.2223 41.9576 24.3974 0.884148 0.632371 0.289999 0.276489
0.000332057 73.8834 74.7628 73.0041 42.2141 42.843 41.5853 24.164 0.879343 0.628864 0.287902 0.27425
0.000341455 73.162 74.0366 72.2875 41.841 42.4663 41.2156 23.9323 0.87456 0.625375 0.285821 0.272026
0.000351119 72.4466 73.3164 71.5768 41.4704 42.0923 40.8485 23.7025 0.869799 0.621904 0.283755 0.269815
0.000361057 71.7372 72.6023 70.8721 41.1023 41.7208 40.4839 23.4744 0.865059 0.618451 0.281704 0.267619
0.000371276 71.0337 71.894 70.1734 40.7369 41.3519 40.1219 23.2481 0.860341 0.615015 0.279669 0.265438
0.000381784 70.3361 71.1917 69.4804 40.3739 40.9855 39.7623 23.0235 0.855643 0.611598 0.277649 0.26327
0.00039259 69.6443 70.4953 68.7933 40.0135 40.6217 39.4053 22.8007 0.850967 0.608197 0.275645 0.261116
0.000403702 68.9583 69.8046 68.112 39.6556 40.2605 39.0508 22.5796 0.846311 0.604814 0.273655 0.258975
0.000415128 68.2781 69.1198 67.4365 39.3002 39.9017 38.6988 22.3602 0.841677 0.601449 0.271681 0.256849
0.000426877 67.6036 68.4407 66.7666 38.9473 39.5454 38.3492 22.1425 0.837062 0.598101 0.269722 0.254736
0.000438959 66.9348 67.7673 66.1024 38.5969 39.1917 38.0021 21.9265 0.832468 0.59477 0.267778 0.252637
0.000451383 66.2716 67.0995 65.4437 38.2489 38.8404 37.6575 21.7122 0.827894 0.591455 0.265848 0.250551
0.000464159 65.6141 66.4374 64.7907 37.9034 38.4915 37.3152 21.4996 0.82334 0.588158 0.263934 0.248479
0.000477296 64.962 65.7808 64.1432 37.5603 38.1451 36.9754 21.2886 0.818806 0.584878 0.262034 0.24642
0.000490805 64.3155 65.1298 63.5012 37.2196 37.8012 36.638 21.0793 0.814291 0.581614 0.260149 0.244374
0.000504697 63.6745 64.4842 62.8647 36.8813 37.4596 36.3029 20.8717 0.809796 0.578367 0.258278 0.242342
0.000518981 63.0388 63.8441 62.2335 36.5454 37.1205 35.9702 20.6656 0.80532 0.575136 0.256422 0.240323
0.00053367 62.4086 63.2094 61.6077 36.2118 36.7838 35.6399 20.4612 0.800863 0.571921 0.254581 0.238316
0.000548775 61.7836 62.5801 60.9872 35.8807 36.4494 35.3119 20.2584 0.796425 0.568723 0.252754 0.236323
0.000564307 61.1641 61.9561 60.3721 35.5518 36.1174 34.9863 20.0571 0.792006 0.565541 0.250941 0.234343
0.000580278 60.5497 61.3373 59.7621 35.2253 35.7877 34.663 19.8575 0.787605 0.562375 0.249142 0.232375
0.000596702 59.9406 60.7239 59.1574 34.9012 35.4604 34.3419 19.6595 0.783223 0.559225 0.247358 0.23042
0.000613591 59.3368 60.1156 58.5579 34.5793 35.1354 34.0232 19.463 0.778859 0.556091 0.245587 0.228478
0.000630957 58.738 59.5125 57.9635 34.2597 34.8127 33.7068 19.268 0.774512 0.552972 0.243831 0.226549
0.000648815 58.1444 58.9145 57.3742 33.9424 34.4923 33.3926 19.0746 0.770184 0.549869 0.242088 0.224632
0.000667179 57.5558 58.3217 56.7899 33.6274 34.1742 33.0806 18.8828 0.765873 0.546782 0.24036 0.222727
0.000686062 56.9723 57.7338 56.2107 33.3146 33.8583 32.7709 18.6925 0.76158 0.54371 0.238645 0.220835
0.00070548 56.3937 57.151 55.6364 33.0041 33.5448 32.4634 18.5037 0.757304 0.540653 0.236944 0.218955
0.000725448 55.8201 56.5732 55.0671 32.6958 33.2334 32.1582 18.3164 0.753045 0.537611 0.235256 0.217087
0.00074598 55.2515 56.0003 54.5027 32.3897 32.9243 31.8551 18.1306 0.748803 0.534584 0.233582 0.215232
0.000767094 54.6877 55.4323 53.9431 32.0858 32.6174 31.5542 17.9462 0.744577 0.531573 0.231922 0.213388
0.000788805 54.1288 54.8692 53.3884 31.7841 32.3127 31.2555 17.7634 0.740368 0.528576 0.230275 0.211557
0.000811131 53.5747 54.3109 52.8385 31.4846 32.0102 30.959 17.582 0.736175 0.525594 0.228642 0.209737
0.000834088 53.0254 53.7574 52.2934 31.1872 31.7099 30.6646 17.4021 0.731999 0.522626 0.227021 0.20793
0.000857696 52.4808 53.2086 51.7529 30.892 31.4117 30.3724 17.2236 0.727838 0.519673 0.225414 0.206134
0.000881971 51.9409 52.6646 51.2172 30.599 31.1157 30.0822 17.0466 0.723693 0.516735 0.22382 0.20435
0.000906934 51.4057 52.1252 50.6861 30.308 30.8218 29.7942 16.871 0.719564 0.513811 0.222239 0.202577
0.000932603 50.8751 51.5906 50.1597 30.0192 30.5301 29.5083 16.6968 0.71545 0.510901 0.220672 0.200816
0.000958999 50.3491 51.0605 49.6378 29.7324 30.2404 29.2244 16.524 0.711351 0.508005 0.219116 0.199067
0.000986142 49.8277 50.535 49.1204 29.4478 29.9529 28.9427 16.3526 0.707267 0.505123 0.217574 0.197329
0.00101405 49.3108 50.014 48.6076 29.1653 29.6675 28.663 16.1826 0.703198 0.502254 0.216045 0.195602
0.00104275 48.7984 49.4975 48.0993 28.8848 29.3842 28.3854 16.014 0.699143 0.4994 0.214528 0.193887
0.00107227 48.2905 48.9856 47.5954 28.6063 29.1029 28.1098 15.8467 0.695103 0.496559 0.213024 0.192183
0.00110262 47.787 48.4781 47.0959 28.3299 28.8236 27.8362 15.6809 0.691077 0.493732 0.211532 0.19049
0.00113382 47.2879 47.9749 46.6008 28.0555 28.5464 27.5646 15.5163 0.687065 0.490918 0.210053 0.188808
0.00116591 46.7931 47.4762 46.11 27.7831 28.2713 27.295 15.3532 0.683066 0.488118 0.208586 0.187138
0.00119891 46.3027 46.9818 45.6236 27.5128 27.9981 27.0275 15.1913 0.679081 0.48533 0.207132 0.185478
0.00123285 45.8166 46.4917 45.1414 27.2444 27.727 26.7619 15.0308 0.67511 0.482556 0.205689 0.183829
0.00126774 45.3347 46.0059 44.6636 26.978 27.4578 26.4982 14.8716 0.671151 0.479795 0.204259 0.182191
0.00130362 44.8571 45.5243 44.1899 26.7136 27.1907 26.2366 14.7137 0.667205 0.477047 0.202841 0.180563
0.00134052 44.3836 45.0469 43.7203 26.4511 26.9254 25.9768 14.5571 0.663272 0.474311 0.201435 0.178947
0.00137846 43.9144 44.5737 43.255 26.1906 26.6622 25.719 14.4018 0.659352 0.471588 0.200041 0.177341
0.00141747 43.4492 44.1046 42.7937 25.932 26.4009 25.4631 14.2478 0.655443 0.468877 0.198658 0.175745
0.00145759 42.9881 43.6397 42.3366 25.6753 26.1415 25.2092 14.095 0.651547 0.466179 0.197287 0.17416
0.00149885 42.5312 43.1788 41.8835 25.4206 25.8841 24.9571 13.9436 0.647663 0.463493 0.195928 0.172586
0.00154127 42.0782 42.722 41.4344 25.1677 25.6285 24.7069 13.7933 0.64379 0.46082 0.19458 0.171021
0.00158489 41.6293 42.2692 40.9893 24.9167 25.3749 24.4586 13.6444 0.639928 0.458158 0.193244 0.169468
0.00162975 41.1843 41.8204 40.5482 24.6677 25.1232 24.2121 13.4966 0.636078 0.455509 0.191919 0.167924
0.00167588 40.7433 41.3755 40.1111 24.4204 24.8733 23.9675 13.3501 0.632239 0.452871 0.190605 0.16639
0.00172331 40.3062 40.9346 39.6778 24.175 24.6253 23.7248 13.2048 0.62841 0.450245 0.189303 0.164867
0.00177209 39.873 40.4976 39.2484 23.9315 24.3791 23.4839 13.0608 0.624592 0.44763 0.188012 0.163354
0.00182224 39.4437 40.0644 38.8229 23.6898 24.1348 23.2448 12.9179 0.620784 0.445027 0.186731 0.16185
0.00187382 39.0181 39.6351 38.4011 23.4499 23.8923 23.0074 12.7762 0.616986 0.442436 0.185462 0.160357
0.00192685 38.5964 39.2096 37.9832 23.2118 23.6516 22.7719 12.6358 0.613198 0.439855 0.184203 0.158873
0.00198139 38.1784 38.7878 37.569 22.9755 23.4128 22.5382 12.4965 0.609419 0.437286 0.182955 0.157399
0.00203747 37.7642 38.3698 37.1585 22.741 23.1757 22.3063 12.3583 0.60565 0.434728 0.181718 0.155935
0.00209514 37.3536 37.9555 36.7517 22.5083 22.9404 22.0761 12.2214 0.601889 0.43218 0.180491 0.15448
0.00215443 36.9468 37.5449 36.3486 22.2773 22.7069 21.8476 12.0856 0.598138 0.429644 0.179275 0.153035
0.00221541 36.5435 37.1379 35.9491 22.0481 22.4752 21.621 11.9509 0.594395 0.427118 0.178069 0.1516
0.00227812 36.144 36.7346 35.5533 21.8206 22.2452 21.396 11.8174 0.590661 0.424602 0.176873 0.150174
0.00234259 35.748 36.3349 35.161 21.5949 22.017 21.1728 11.6851 0.586935 0.422097 0.175687 0.148757
0.0024089 35.3555 35.9387 34.7723 21.3709 21.7905 20.9512 11.5538 0.583216 0.419603 0.174512 0.14735
0.00247708 34.9667 35.5462 34.3871 21.1485 21.5657 20.7314 11.4237 0.579505 0.417118 0.173346 0.145952
0.00254719 34.5813 35.1571 34.0055 20.9279 21.3426 20.5133 11.2947 0.575802 0.414643 0.17219 0.144563
0.00261928 34.1994 34.7715 33.6273 20.709 21.1212 20.2968 11.1668 0.572106 0.412179 0.171044 0.143184
0.00269341 33.8209 34.3893 33.2525 20.4917 20.9014 20.082 11.04 0.568417 0.409724 0.169907 0.141813
0.00276965 33.4459 34.0106 32.8811 20.2761 20.6834 19.8688 10.9142 0.564734 0.407278 0.16878 0.140452
0.00284804 33.0743 33.6353 32.5132 20.0622 20.467 19.6574 10.7896 0.561058 0.404843 0.167662 0.139099
0.00292864 32.706 33.2634 32.1486 19.8499 20.2523 19.4475 10.666 0.557388 0.402416 0.166553 0.137756
0.00301153 32.3411 32.8948 31.7874 19.6393 20.0393 19.2393 10.5435 0.553724 0.399999 0.165453 0.136421
0.00309677 31.9795 32.5296 31.4294 19.4302 19.8278 19.0327 10.4221 0.550065 0.397591 0.164363 0.135095
0.00318442 31.6212 32.1676 31.0748 19.2228 19.618 18.8276 10.3016 0.546412 0.395192 0.163281 0.133778
0.00327455 31.2662 31.809 30.7235 19.017 19.4098 18.6242 10.1823 0.542764 0.392802 0.162208 0.132469
0.00336723 30.9144 31.4536 30.3753 18.8128 19.2032 18.4224 10.064 0.539121 0.390421 0.161144 0.131169
0.00346253 30.5659 31.1014 30.0304 18.6102 18.9982 18.2221 9.94668 0.535482 0.388048 0.160088 0.129878
0.00356053 30.2205 30.7523 29.6886 18.4091 18.7948 18.0234 9.83041 0.531848 0.385684 0.15904 0.128595
0.00366131 29.8783 30.4065 29.3501 18.2096 18.593 17.8263 9.71516 0.528218 0.383328 0.158001 0.12732
0.00376494 29.5392 30.0638 29.0146 18.0117 18.3927 17.6307 9.60091 0.524592 0.38098 0.15697 0.126054
0.0038715 29.2032 29.7242 28.6822 17.8153 18.1939 17.4366 9.48766 0.520969 0.37864 0.155946 0.124796
0.00398107 28.8704 29.3877 28.353 17.6204 17.9967 17.2441 9.37541 0.51735 0.376308 0.154931 0.123547
0.00409375 28.5405 29.0543 28.0268 17.4271 17.8011 17.0531 9.26414 0.513733 0.373984 0.153923 0.122305
0.00420962 28.2138 28.7239 27.7037 17.2353 17.6069 16.8636 9.15385 0.51012 0.371668 0.152923 0.121072
0.00432876 27.89 28.3965 27.3835 17.0449 17.4143 16.6756 9.04454 0.506509 0.369359 0.15193 0.119847
0.00445128 27.5693 28.0722 27.0664 16.8561 17.2232 16.489 8.93619 0.5029 0.367058 0.150944 0.11863
0.00457727 27.2514 27.7507 26.7522 16.6687 17.0335 16.304 8.8288 0.499294 0.364764 0.149965 0.117421
0.00470682 26.9366 27.4323 26.4409 16.4829 16.8454 16.1204 8.72236 0.495689 0.362476 0.148993 0.11622
0.00484003 26.6246 27.1167 26.1326 16.2985 16.6587 15.9383 8.61687 0.492085 0.360196 0.148028 0.115026
0.00497702 26.3156 26.8041 25.8271 16.1155 16.4734 15.7576 8.51232 0.488483 0.357923 0.14707 0.113841
0.00511789 26.0094 26.4943 25.5245 15.934 16.2897 15.5783 8.4087 0.484882 0.355656 0.146118 0.112663
0.00526274 25.7061 26.1874 25.2248 15.7539 16.1073 15.4005 8.306 0.481281 0.353395 0.145172 0.111493
0.0054117 25.4056 25.8833 24.9279 15.5753 15.9264 15.2241 8.20422 0.477681 0.351141 0.144232 0.11033
0.00556486 25.1079 25.582 24.6338 15.398 15.7469 15.0491 8.10336 0.474081 0.348894 0.143298 0.109175
0.00572237 24.813 25.2834 24.3425 15.2222 15.5688 14.8755 8.00341 0.470481 0.346652 0.14237 0.108028
0.00588433 24.5208 24.9877 24.0539 15.0477 15.3921 14.7033 7.90435 0.466881 0.344416 0.141448 0.106888
0.00605088 24.2313 24.6946 23.7681 14.8747 15.2169 14.5325 7.80618 0.46328 0.342186 0.14053 0.105756
0.00622213 23.9446 24.4043 23.4849 14.703 15.043 14.3631 7.7089 0.459678 0.339961 0.139618 0.10463
0.00639824 23.6606 24.1166 23.2045 14.5327 14.8705 14.195 7.61251 0.456075 0.337742 0.138711 0.103513
0.00657933 23.3792 23.8317 22.9267 14.3638 14.6993 14.0282 7.51698 0.452471 0.335528 0.137809 0.102402
0.00676555 23.1005 23.5493 22.6516 14.1962 14.5295 13.8628 7.42233 0.448865 0.333319 0.136912 0.101299
0.00695704 22.8244 23.2696 22.3791 14.0299 14.361 13.6988 7.32853 0.445257 0.331116 0.136019 0.100202
0.00715394 22.5508 22.9925 22.1092 13.865 14.1939 13.5361 7.23559 0.441647 0.328917 0.13513 0.0991133
0.00735642 22.2799 22.7179 21.8418 13.7014 14.0281 13.3746 7.14351 0.438035 0.326722 0.134245 0.0980312
0.00756463 22.0115 22.4459 21.5771 13.5391 13.8636 13.2145 7.05226 0.434421 0.324532 0.133364 0.0969561
0.00777874 21.7457 22.1765 21.3148 13.3781 13.7004 13.0557 6.96185 0.430803 0.322347 0.132486 0.095888
0.0079989 21.4823 21.9095 21.0551 13.2184 13.5385 12.8982 6.87227 0.427183 0.320165 0.131612 0.0948267
0.0082253 21.2215 21.645 20.7979 13.0599 13.3779 12.742 6.78352 0.423559 0.317988 0.130741 0.0937722
0.0084581 20.9631 21.383 20.5432 12.9028 13.2186 12.587 6.69558 0.419932 0.315814 0.129873 0.0927246
0.00869749 20.7072 21.1235 20.2909 12.7469 13.0606 12.4333 6.60846 0.416301 0.313644 0.129008 0.0916837
0.00894366 20.4537 20.8663 20.041 12.5923 12.9038 12.2808 6.52215 0.412667 0.311478 0.128146 0.0906495
0.00919679 20.2026 20.6116 19.7936 12.4389 12.7483 12.1296 6.43663 0.409028 0.309314 0.127285 0.0896219
0.00945709 19.9539 20.3593 19.5485 12.2868 12.594 11.9796 6.35192 0.405385 0.307154 0.126427 0.0886009
0.00972476 19.7075 20.1093 19.3058 12.1359 12.4409 11.8309 6.26799 0.401738 0.304997 0.125571 0.0875864
0.01 19.4635 19.8616 19.0655 11.9862 12.2891 11.6834 6.18484 0.398086 0.302843 0.124716 0.0865784
0.010283 19.2219 19.6163 18.8274 11.8377 12.1384 11.5371 6.10247 0.394429 0.300691 0.123863 0.0855769
0.0105741 18.9825 19.3733 18.5917 11.6905 11.989 11.3919 6.02088 0.390767 0.298542 0.123011 0.0845817
0.0108734 18.7454 19.1325 18.3583 11.5444 11.8408 11.248 5.94004 0.3871 0.296395 0.122159 0.0835929
0.0111811 18.5106 18.894 18.1272 11.3995 11.6938 11.1053 5.85998 0.383428 0.29425 0.121309 0.0826104
0.0114976 18.278 18.6578 17.8983 11.2558 11.5479 10.9637 5.78066 0.37975 0.292107 0.120459 0.0816341
0.011823 18.0477 18.4238 17.6717 11.1133 11.4032 10.8233 5.70209 0.376066 0.289965 0.119609 0.0806641
0.0121576 17.8196 18.192 17.4472 10.9719 11.2597 10.684 5.62427 0.372377 0.287826 0.118759 0.0797001
0.0125017 17.5936 17.9623 17.2249 10.8316 11.1173 10.5459 5.54719 0.368683 0.285687 0.117908 0.0787424
0.0128556 17.3698 17.7348 17.0049 10.6925 10.9761 10.409 5.47083 0.364982 0.28355 0.117058 0.0777906
0.0132194 17.1482 17.5095 16.7869 10.5546 10.836 10.2732 5.39521 0.361275 0.281414 0.116206 0.0768449
0.0135936 16.9287 17.2863 16.5711 10.4177 10.697 10.1384 5.32031 0.357562 0.279279 0.115354 0.0759052
0.0139783 16.7113 17.0652 16.3575 10.282 10.5591 10.0049 5.24612 0.353843 0.277144 0.1145 0.0749714
0.0143739 16.496 16.8461 16.1459 10.1474 10.4224 9.87237 5.17264 0.350118 0.27501 0.113644 0.0740435
0.0147808 16.2828 16.6292 15.9364 10.0139 10.2867 9.74098 5.09987 0.346386 0.272876 0.112787 0.0731215
0.0151991 16.0716 16.4143 15.729 9.88143 10.1522 9.61069 5.02779 0.342648 0.270742 0.111928 0.0722052
0.0156293 15.8625 16.2014 15.5236 9.75008 10.0187 9.48147 4.95641 0.338904 0.268608 0.111067 0.0712947
0.0160717 15.6554 15.9905 15.3202 9.6198 9.88627 9.35332 4.88572 0.335154 0.266474 0.110203 0.07039
0.0165265 15.4502 15.7816 15.1188 9.49058 9.75492 9.22624 4.81572 0.331397 0.26434 0.109337 0.0694909
0.0169943 15.2471 15.5747 14.9195 9.36242 9.62462 9.10021 4.74639 0.327634 0.262205 0.108467 0.0685974
0.0174753 15.0459 15.3698 14.722 9.2353 9.49537 8.97524 4.67773 0.323865 0.260068 0.107595 0.0677096
0.0179699 14.8467 15.1668 14.5266 9.10923 9.36716 8.8513 4.60974 0.32009 0.257931 0.106719 0.0668274
0.0184785 14.6494 14.9657 14.3331 8.98418 9.23997 8.72839 4.54242 0.316308 0.255793 0.105839 0.0659507
0.0190015 14.4539 14.7665 14.1414 8.86016 9.11381 8.6065 4.47574 0.312521 0.253654 0.104955 0.0650794
0.0195393 14.2604 14.5691 13.9517 8.73715 8.98866 8.48563 4.40973 0.308728 0.251512 0.104067 0.0642137
0.0200923 14.0688 14.3737 13.7638 8.61514 8.86451 8.36577 4.34436 0.304929 0.24937 0.103175 0.0633533
0.020661 13.879 14.1801 13.5779 8.49413 8.74135 8.24691 4.27962 0.301125 0.247225 0.102279 0.0624983
0.0212458 13.691 13.9883 13.3937 8.37411 8.61918 8.12903 4.21553 0.297316 0.245078 0.101377 0.0616487
0.0218471 13.5049 13.7984 13.2114 8.25506 8.49799 8.01214 4.15207 0.293501 0.242929 0.100471 0.0608044
0.0224655 13.3205 13.6102 13.0308 8.13699 8.37777 7.89622 4.08923 0.289681 0.240777 0.0995598 0.0599654
0.0231013 13.138 13.4238 12.8521 8.01988 8.25851 7.78126 4.02701 0.285857 0.238623 0.098643 0.0591316
0.0237551 12.9572 13.2392 12.6752 7.90373 8.1402 7.66727 3.96541 0.282028 0.236466 0.0977207 0.0583031
0.0244275 12.7781 13.0563 12.4999 7.78853 8.02283 7.55422 3.90442 0.278196 0.234306 0.0967928 0.0574797
0.0251189 12.6008 12.8752 12.3265 7.67426 7.9064 7.44212 3.84403 0.274359 0.232143 0.0958589 0.0566615
0.0258298 12.4252 12.6957 12.1547 7.56093 7.7909 7.33095 3.78425 0.270519 0.229976 0.0949191 0.0558485
0.0265609 12.2513 12.518 11.9847 7.44851 7.67632 7.22071 3.72506 0.266676 0.227806 0.0939731 0.0550405
0.0273126 12.0791 12.3419 11.8163 7.33702 7.56265 7.11139 3.66646 0.262831 0.225632 0.0930208 0.0542376
0.0280857 11.9085 12.1675 11.6496 7.22643 7.44988 7.00297 3.60845 0.258983 0.223455 0.0920621 0.0534398
0.0288806 11.7396 11.9948 11.4845 7.11673 7.33801 6.89546 3.55101 0.255134 0.221273 0.0910969 0.052647
0.029698 11.5724 11.8236 11.3211 7.00793 7.22702 6.78885 3.49415 0.251283 0.219087 0.090125 0.0518592
0.0305386 11.4067 11.6541 11.1592 6.90002 7.11692 6.68312 3.43787 0.247431 0.216898 0.0891464 0.0510764
0.0314029 11.2426 11.4862 10.999 6.79298 7.00768 6.57828 3.38214 0.24358 0.214703 0.0881609 0.0502985
0.0322917 11.0801 11.3198 10.8404 6.68681 6.89931 6.4743 3.32698 0.239728 0.212504 0.0871686 0.0495256
0.0332057 10.9192 11.1551 10.6833 6.58149 6.79179 6.37119 3.27237 0.235877 0.2103 0.0861694 0.0487576
0.0341455 10.7598 10.9918 10.5278 6.47703 6.68512 6.26894 3.21832 0.232028 0.208092 0.0851631 0.0479945
0.0351119 10.6019 10.8301 10.3737 6.37342 6.57929 6.16754 3.16481 0.228181 0.205878 0.0841499 0.0472363
0.0361057 10.4456 10.6699 10.2212 6.27064 6.4743 6.06698 3.11184 0.224337 0.203659 0.0831297 0.0464829
0.0371276 10.2907 10.5112 10.0702 6.16869 6.37012 5.96725 3.05941 0.220497 0.201435 0.0821025 0.0457344
0.0381784 10.1374 10.354 9.9207 6.06756 6.26677 5.86835 3.00751 0.21666 0.199205 0.0810683 0.0449907
0.039259 9.98545 10.1983 9.77262 5.96725 6.16422 5.77028 2.95613 0.212829 0.19697 0.0800272 0.0442519
0.0403702 9.83499 10.044 9.62599 5.86775 6.06248 5.67302 2.90528 0.209004 0.19473 0.0789793 0.0435178
0.0415128 9.68596 9.89115 9.48078 5.76904 5.96153 5.57656 2.85494 0.205185 0.192483 0.0779245 0.0427886
0.0426877 9.53835 9.73972 9.33697 5.67113 5.86136 5.4809 2.80512 0.201373 0.190231 0.0768631 0.0420641
0.0438959 9.39213 9.5897 9.19456 5.57401 5.76198 5.38604 2.7558 0.19757 0.187973 0.075795 0.0413445
0.0451383 9.24729 9.44107 9.05352 5.47767 5.66338 5.29196 2.70699 0.193776 0.185709 0.0747205 0.0406296
0.0464159 9.10382 9.29381 8.91383 5.38209 5.56553 5.19865 2.65867 0.189993 0.183439 0.0736397 0.0399195
0.0477296 8.9617 9.14792 8.77548 5.28729 5.46845 5.10612 2.61085 0.18622 0.181163 0.0725528 0.0392141
0.0490805 8.82091 9.00337 8.63845 5.19324 5.37212 5.01436 2.56351 0.182459 0.178881 0.0714599 0.0385135
0.0504697 8.68144 8.86015 8.50273 5.09995 5.27654 4.92335 2.51667 0.178712 0.176593 0.0703613 0.0378177
0.0518981 8.54327 8.71825 8.36829 5.0074 5.1817 4.8331 2.4703 0.174978 0.174298 0.0692571 0.0371267
0.053367 8.40638 8.57764 8.23512 4.91559 5.08758 4.74359 2.4244 0.17126 0.171997 0.0681477 0.0364404
0.0548775 8.27076 8.43832 8.1032 4.82451 4.9942 4.65482 2.37898 0.167557 0.169691 0.0670333 0.0357589
0.0564307 8.13639 8.30027 7.97252 4.73416 4.90154 4.56679 2.33402 0.163872 0.167377 0.0659142 0.0350822
0.0580278 8.00326 8.16347 7.84306 4.64454 4.80959 4.47948 2.28952 0.160206 0.165058 0.0647906 0.0344103
0.0596702 7.87135 8.02791 7.71479 4.55562 4.71836 4.39289 2.24548 0.156558 0.162733 0.063663 0.0337432
0.0613591 7.74064 7.89357 7.58771 4.46742 4.62782 4.30702 2.2019 0.152932 0.160401 0.0625317 0.0330809
0.0630957 7.61112 7.76045 7.46179 4.37992 4.53798 4.22186 2.15876 0.149327 0.158063 0.0613969 0.0324234
0.0648815 7.48277 7.62851 7.33702 4.29312 4.44884 4.1374 2.11606 0.145745 0.15572 0.0602591 0.0317708
0.0667179 7.35557 7.49776 7.21338 4.20702 4.36039 4.05365 2.07381 0.142187 0.15337 0.0591188 0.0311231
0.0686062 7.22951 7.36817 7.09086 4.1216 4.27262 3.97059 2.03199 0.138654 0.151015 0.0579762 0.0304802
0.070548 7.10458 7.23972 6.96943 4.03687 4.18552 3.88822 1.99061 0.135148 0.148654 0.0568319 0.0298422
0.0725448 6.98075 7.11241 6.84908 3.95282 4.09911 3.80653 1.94965 0.13167 0.146288 0.0556863 0.0292091
0.074598 6.858 6.98622 6.72978 3.86944 4.01336 3.72552 1.90912 0.12822 0.143917 0.0545398 0.028581
0.0767094 6.73633 6.86113 6.61153 3.78674 3.92828 3.6452 1.86901 0.124801 0.14154 0.053393 0.0279579
0.0788805 6.61572 6.73713 6.49431 3.7047 3.84386 3.56554 1.82931 0.121412 0.139159 0.0522463 0.0273398
0.0811131 6.49615 6.6142 6.37809 3.62333 3.7601 3.48656 1.79003 0.118057 0.136772 0.0511002 0.0267268
0.0834088 6.3776 6.49233 6.26287 3.54262 3.677 3.40824 1.75115 0.114734 0.134382 0.0499553 0.0261188
0.0857696 6.26006 6.37151 6.14861 3.46257 3.59455 3.33058 1.71268 0.111447 0.131987 0.0488121 0.025516
0.0881971 6.14351 6.2517 6.03531 3.38317 3.51276 3.25358 1.67462 0.108196 0.129589 0.0476712 0.0249183
0.0906934 6.02793 6.13291 5.92295 3.30443 3.43162 3.17725 1.63695 0.104982 0.127187 0.046533 0.0243258
0.0932603 5.91332 6.01512 5.81151 3.22635 3.35113 3.10157 1.59968 0.101806 0.124781 0.0453982 0.0237385
0.0958999 5.79964 5.89831 5.70097 3.14891 3.27128 3.02654 1.5628 0.0986701 0.122374 0.0442673 0.0231566
0.0986142 5.68689 5.78247 5.59132 3.07213 3.19209 2.95216 1.52631 0.0955745 0.119963 0.0431409 0.02258
0.101405 5.57505 5.66757 5.48253 2.99599 3.11354 2.87844 1.49021 0.0925208 0.117551 0.0420196 0.0220089
0.104275 5.46411 5.55362 5.3746 2.92051 3.03565 2.80537 1.4545 0.0895099 0.115137 0.040904 0.0214432
0.107227 5.35404 5.44058 5.26749 2.84568 2.9584 2.73295 1.41917 0.0865427 0.112723 0.0397946 0.020883
0.110262 5.24483 5.32845 5.16121 2.77149 2.8818 2.66119 1.38421 0.0836206 0.110308 0.0386921 0.0203284
0.113382 5.13647 5.21721 5.05572 2.69797 2.80586 2.59008 1.34964 0.0807443 0.107893 0.0375971 0.0197795
0.116591 5.02894 5.10685 4.95102 2.6251 2.73058 2.51962 1.31544 0.0779148 0.105479 0.0365101 0.0192363
0.119891 4.92222 4.99735 4.84708 2.55289 2.65595 2.44982 1.28162 0.0751332 0.103066 0.0354318 0.0186989
0.123285 4.8163 4.8887 4.7439 2.48134 2.582 2.38069 1.24817 0.0724002 0.100655 0.0343628 0.0181674
0.126774 4.71116 4.78088 4.64144 2.41046 2.50871 2.31222 1.21509 0.0697167 0.0982469 0.0333035 0.0176419
0.130362 4.60679 4.67387 4.53971 2.34026 2.4361 2.24441 1.18238 0.0670836 0.0958423 0.0322547 0.0171224
0.134052 4.50317 4.56767 4.43867 2.27073 2.36417 2.17728 1.15004 0.0645015 0.0934418 0.0312169 0.0166091
0.137846 4.40029 4.46226 4.33832 2.20188 2.29293 2.11084 1.11807 0.0619712 0.0910464 0.0301907 0.016102
0.141747 4.29814 4.35764 4.23865 2.13373 2.22239 2.04508 1.08648 0.0594935 0.0886568 0.0291766 0.0156012
0.145759 4.1967 4.25377 4.13963 2.06628 2.15256 1.98001 1.05525 0.0570688 0.086274 0.0281752 0.0151068
0.149885 4.09595 4.15065 4.04125 1.99954 2.08344 1.91565 1.02439 0.0546979 0.0838989 0.0271871 0.014619
0.154127 3.99589 4.04827 3.94351 1.93353 2.01506 1.85199 0.993898 0.0523811 0.0815324 0.0262127 0.0141379
0.158489 3.8965 3.94662 3.84638 1.86824 1.94742 1.78906 0.963781 0.050119 0.0791756 0.0252526 0.0136634
0.162975 3.79777 3.84569 3.74986 1.8037 1.88053 1.72687 0.934036 0.047912 0.0768294 0.0243074 0.0131959
0.167588 3.69969 3.74546 3.65393 1.73992 1.81441 1.66542 0.904666 0.0457605 0.074495 0.0233774 0.0127353
0.172331 3.60226 3.64592 3.55859 1.67691 1.74908 1.60473 0.875672 0.0436647 0.0721735 0.0224632 0.0122818
0.177209 3.50545 3.54707 3.46383 1.61469 1.68455 1.54482 0.847056 0.0416249 0.069866 0.0215652 0.0118355
0.182224 3.40927 3.44891 3.36962 1.55328 1.62085 1.4857 0.818822 0.0396413 0.0675737 0.020684 0.0113967
0.187382 3.3137 3.35141 3.27598 1.49269 1.55798 1.42739 0.790972 0.037714 0.065298 0.0198198 0.0109652
0.192685 3.21874 3.25458 3.1829 1.43294 1.49598 1.3699 0.763509 0.0358431 0.06304 0.0189732 0.0105415
0.198139 3.12439 3.15842 3.09036 1.37407 1.43487 1.31326 0.736437 0.0340287 0.060801 0.0181445 0.0101254
0.203747 3.03064 3.06291 2.99837 1.31608 1.37466 1.25749 0.709761 0.0322705 0.0585825 0.0173341 0.0097173
0.209514 2.9375 2.96807 2.90693 1.259 1.31539 1.20262 0.683485 0.0305687 0.0563858 0.0165423 0.00931719
0.215443 2.84497 2.87389 2.81604 1.20287 1.25708 1.14866 0.657614 0.0289229 0.0542123 0.0157696 0.00892526
0.221541 2.75304 2.78037 2.72571 1.1477 1.19977 1.09564 0.632152 0.0273331 0.0520634 0.015016 0.00854164
0.227812 2.66173 2.68753 2.63593 1.09354 1.14348 1.0436 0.607106 0.0257988 0.0499407 0.0142821 0.00816647
0.234259 2.57105 2.59537 2.54673 1.0404 1.08825 0.992555 0.582483 0.0243198 0.0478456 0.0135679 0.00779989
0.24089 2.481 2.5039 2.45811 0.988328 1.03411 0.942549 0.558287 0.0228956 0.0457795 0.0128738 0.00744202
0.247708 2.39162 2.41315 2.3701 0.937358 0.981102 0.893614 0.534526 0.0215259 0.0437442 0.0122 0.00709299
0.254719 2.30292 2.32313 2.28271 0.887527 0.929268 0.845786 0.511208 0.02021 0.0417411 0.0115466 0.00675292
0.261928 2.21492 2.23387 2.19597 0.838883 0.878655 0.799112 0.48834 0.0189475 0.0397717 0.0109137 0.00642191
0.269341 2.12767 2.14541 2.10994 0.791477 0.829315 0.75364 0.465929 0.0177376 0.0378376 0.0103014 0.00610004
0.276965 2.04122 2.0578 2.02464 0.74537 0.78131 0.70943 0.443986 0.0165797 0.0359403 0.00970988 0.00578737
0.284804 1.95564 1.97111 1.94017 0.700647 0.734729 0.666566 0.422517 0.015473 0.0340814 0.00913899 0.00548389
0.292864 1.87104 1.88546 1.85662 0.65744 0.689702 0.625178 0.401536 0.0144165 0.0322623 0.00858862 0.00518951
0.301153 1.78765 1.80106 1.77424 0.616039 0.646523 0.585554 0.381052 0.0134091 0.0304842 0.00805844 0.00490393
0.309677 1.70655 1.719 1.6941 0.577919 0.606668 0.549171 0.361086 0.0124491 0.0287481 0.00754736 0.00462608
0.318442 1.64672 1.65882 1.63463 0.553361 0.581459 0.525263 0.353682 0.0120943 0.0280984 0.00735494 0.0045189
0.321833 1.61625 1.628 1.6045 0.538521 0.565983 0.511059 0.346428 0.0117497 0.0274618 0.00716738 0.00441412
0.325224 1.58622 1.59763 1.5748 0.524024 0.550862 0.497186 0.339319 0.0114152 0.0268381 0.00698455 0.00431168
0.328614 1.55663 1.56772 1.54554 0.509863 0.53609 0.483636 0.332353 0.0110904 0.026227 0.00680631 0.00421152
0.332005 1.52747 1.53825 1.5167 0.49603 0.521659 0.470402 0.325525 0.010775 0.0256282 0.00663254 0.00411359
0.335396 1.49874 1.5092 1.48827 0.482519 0.50756 0.457477 0.318834 0.0104686 0.0250416 0.00646312 0.00401784
0.338787 1.47042 1.48059 1.46025 0.469322 0.493789 0.444855 0.312275 0.0101711 0.0244668 0.00629793 0.0039242
0.342178 1.44251 1.45239 1.43263 0.456433 0.480336 0.432529 0.305847 0.00988204 0.0239036 0.00613686 0.00383264
0.345569 1.415 1.4246 1.4054 0.443845 0.467197 0.420493 0.299545 0.00960126 0.0233519 0.00597979 0.0037431
0.348959 1.38789 1.39722 1.37856 0.431552 0.454363 0.40874 0.293367 0.00932847 0.0228113 0.00582662 0.00365554
0.35235 1.36117 1.37024 1.35211 0.419547 0.441829 0.397266 0.287311 0.00906343 0.0222817 0.00567725 0.0035699
0.355741 1.33484 1.34364 1.32603 0.407826 0.429589 0.386063 0.281374 0.00880591 0.0217629 0.00553157 0.00348614
0.359132 1.30888 1.31744 1.30032 0.396381 0.417636 0.375126 0.275553 0.00855566 0.0212546 0.0053895 0.00340422
0.362523 1.2833 1.29161 1.27498 0.385207 0.405964 0.364451 0.269846 0.00831247 0.0207567 0.00525092 0.00332409
0.365914 1.25808 1.26616 1.25 0.374299 0.394568 0.35403 0.26425 0.00807612 0.0202689 0.00511576 0.00324572
0.369305 1.23322 1.24107 1.22538 0.363651 0.383442 0.34386 0.258763 0.00784641 0.0197911 0.00498392 0.00316906
0.372695 1.20873 1.21635 1.2011 0.353258 0.372581 0.333935 0.253383 0.00762314 0.019323 0.00485531 0.00309408
0.376086 1.18458 1.19199 1.17718 0.343113 0.361978 0.324249 0.248107 0.00740611 0.0188645 0.00472986 0.00302072
0.379477 1.16078 1.16798 1.15359 0.333213 0.351629 0.314798 0.242933 0.00719514 0.0184154 0.00460748 0.00294897
0.382868 1.13733 1.14432 1.13034 0.323553 0.341528 0.305577 0.23786 0.00699004 0.0179755 0.00448809 0.00287878
0.386259 1.11422 1.12101 1.10743 0.314127 0.331671 0.296582 0.232884 0.00679064 0.0175447 0.00437162 0.00281011
0.38965 1.09144 1.09803 1.08484 0.30493 0.322053 0.287807 0.228005 0.00659678 0.0171227 0.004258 0.00274294
0.39304 1.06899 1.07539 1.06258 0.295958 0.312668 0.279249 0.223219 0.0064083 0.0167094 0.00414714 0.00267723
0.396431 1.04686 1.05309 1.04064 0.287207 0.303512 0.270902 0.218526 0.00622502 0.0163047 0.00403898 0.00261294
0.399822 1.02506 1.03111 1.01901 0.278671 0.29458 0.262763 0.213923 0.00604681 0.0159083 0.00393346 0.00255004
0.403213 1.00358 1.00945 0.997704 0.270347 0.285867 0.254827 0.209408 0.00587352 0.0155202 0.0038305 0.00248851
0.406604 0.98241 0.988115 0.976705 0.26223 0.27737 0.24709 0.20498 0.005705 0.0151402 0.00373004 0.00242831
0.409995 0.961554 0.967095 0.956013 0.254316 0.269084 0.239548 0.200636 0.00554111 0.014768 0.00363203 0.00236942
0.413385 0.941007 0.946389 0.935626 0.2466 0.261003 0.232196 0.196376 0.00538173 0.0144036 0.00353639 0.0023118
0.416776 0.920765 0.925991 0.915538 0.239079 0.253126 0.225032 0.192198 0.00522672 0.0140469 0.00344307 0.00225543
0.420167 0.900823 0.905899 0.895747 0.231748 0.245446 0.218051 0.188099 0.00507596 0.0136976 0.00335202 0.00220028
0.423558 0.88118 0.886109 0.876251 0.224604 0.23796 0.211248 0.184079 0.00492933 0.0133557 0.00326317 0.00214632
0.426949 0.861833 0.86662 0.857046 0.217643 0.230664 0.204622 0.180135 0.00478671 0.013021 0.00317648 0.00209354
0.43034 0.842778 0.847426 0.83813 0.210861 0.223554 0.198167 0.176267 0.00464799 0.0126933 0.00309188 0.00204189
0.43373 0.824013 0.828526 0.8195 0.204254 0.216626 0.191881 0.172472 0.00451306 0.0123726 0.00300934 0.00199137
0.437121 0.805533 0.809915 0.801151 0.197819 0.209877 0.18576 0.16875 0.00438181 0.0120587 0.00292879 0.00194194
0.440512 0.787338 0.791592 0.783084 0.191551 0.203303 0.1798 0.165099 0.00425414 0.0117515 0.0028502 0.00189358
0.443903 0.769424 0.773554 0.765294 0.185449 0.1969 0.173998 0.161517 0.00412995 0.0114508 0.00277351 0.00184627
0.447294 0.751788 0.755797 0.747778 0.179507 0.190664 0.168351 0.158004 0.00400914 0.0111566 0.00269867 0.00179998
0.450685 0.734426 0.738318 0.730535 0.173723 0.184592 0.162855 0.154557 0.00389163 0.0108687 0.00262565 0.0017547
0.454075 0.717339 0.721116 0.713562 0.168094 0.178681 0.157507 0.151177 0.00377731 0.0105869 0.0025544 0.00171041
0.457466 0.700523 0.704189 0.696857 0.162615 0.172926 0.152304 0.14786 0.0036661 0.0103113 0.00248488 0.00166707
0.460857 0.683973 0.687531 0.680415 0.157284 0.167326 0.147243 0.144607 0.00355792 0.0100417 0.00241705 0.00162468
0.464248 0.66769 0.671143 0.664237 0.152098 0.161876 0.14232 0.141416 0.00345268 0.00977787 0.00235086 0.00158322
0.467639 0.651669 0.655019 0.648319 0.147054 0.156573 0.137534 0.138285 0.0033503 0.00951982 0.00228627 0.00154265
0.47103 0.63591 0.639161 0.632659 0.142148 0.151415 0.13288 0.135214 0.00325071 0.00926742 0.00222326 0.00150298
0.47442 0.620409 0.623563 0.617255 0.137377 0.146397 0.128356 0.132202 0.00315383 0.00902056 0.00216178 0.00146417
0.477811 0.605165 0.608225 0.602105 0.132739 0.141518 0.12396 0.129247 0.00305958 0.00877914 0.0021018 0.00142621
0.481202 0.590174 0.593141 0.587206 0.12823 0.136773 0.119687 0.126348 0.0029679 0.00854305 0.00204327 0.00138908
0.484593 0.575434 0.578313 0.572556 0.123849 0.132161 0.115536 0.123505 0.00287872 0.00831219 0.00198618 0.00135276
0.487984 0.560945 0.563737 0.558153 0.119591 0.127677 0.111504 0.120715 0.00279196 0.00808647 0.00193047 0.00131725
0.491375 0.546703 0.54941 0.543995 0.115454 0.12332 0.107588 0.117979 0.00270756 0.00786579 0.00187613 0.00128251
0.494765 0.532706 0.535331 0.53008 0.111436 0.119086 0.103786 0.115296 0.00262547 0.00765006 0.00182312 0.00124855
0.498156 0.518952 0.521498 0.516406 0.107533 0.114973 0.100094 0.112663 0.00254561 0.00743918 0.00177141 0.00121533
0.501547 0.505439 0.507907 0.502971 0.103744 0.110977 0.096511 0.110081 0.00246794 0.00723306 0.00172096 0.00118285
0.504938 0.492165 0.494557 0.489773 0.100065 0.107097 0.0930336 0.107549 0.00239238 0.00703162 0.00167176 0.00115108
0.508329 0.479127 0.481446 0.476809 0.0964944 0.103329 0.0896596 0.105064 0.00231889 0.00683477 0.00162376 0.00112003
0.51172 0.466325 0.468572 0.464077 0.0930292 0.0996716 0.0863868 0.102628 0.00224741 0.00664241 0.00157695 0.00108966
0.51511 0.453755 0.455932 0.451577 0.089667 0.0961215 0.0832126 0.100238 0.00217789 0.00645447 0.00153129 0.00105998
0.518501 0.441415 0.443525 0.439305 0.0864055 0.0926764 0.0801347 0.0978942 0.00211028 0.00627085 0.00148677 0.00103096
0.521892 0.429304 0.431348 0.427259 0.0832423 0.0893337 0.0771508 0.0955954 0.00204452 0.00609149 0.00144334 0.00100259
0.525283 0.417419 0.4194 0.415438 0.0801749 0.0860912 0.0742586 0.0933409 0.00198057 0.0059163 0.001401 0.000974857
0.528674 0.405759 0.407677 0.40384 0.0772012 0.0829464 0.0714561 0.0911298 0.00191838 0.00574519 0.00135971 0.000947751
0.532065 0.394321 0.396179 0.392463 0.0743191 0.0798972 0.068741 0.0889613 0.00185791 0.0055781 0.00131944 0.000921259
0.535455 0.383103 0.384902 0.381304 0.071526 0.076941 0.0661111 0.0868348 0.0017991 0.00541494 0.00128019 0.000895368
0.538846 0.372104 0.373846 0.370362 0.0688201 0.0740757 0.0635644 0.0847494 0.00174192 0.00525564 0.00124192 0.000870066
0.542237 0.361321 0.363007 0.359635 0.066199 0.0712991 0.0610989 0.0827045 0.00168633 0.00510013 0.00120461 0.000845342
0.545628 0.350752 0.352385 0.34912 0.0636608 0.0686091 0.0587125 0.0806992 0.00163228 0.00494833 0.00116824 0.000821185
0.549019 0.340396 0.341976 0.338816 0.0612032 0.0660033 0.056403 0.078733 0.00157973 0.00480017 0.00113278 0.000797583
0.55241 0.33025 0.331779 0.328721 0.0588244 0.06348 0.0541688 0.0768051 0.00152864 0.00465559 0.00109823 0.000774525
0.5558 0.320312 0.321791 0.318833 0.0565224 0.0610369 0.0520079 0.0749148 0.00147898 0.00451451 0.00106455 0.000752001
0.559191 0.31058 0.312011 0.309149 0.054295 0.0586719 0.0499182 0.0730615 0.00143072 0.00437686 0.00103173 0.000730001
0.562582 0.301052 0.302436 0.299669 0.0521405 0.0563831 0.0478979 0.0712445 0.0013838 0.00424259 0.000999754 0.000708514
0.565973 0.291727 0.293065 0.290388 0.0500571 0.0541687 0.0459455 0.0694632 0.00133821 0.00411161 0.000968593 0.00068753
0.569364 0.282601 0.283895 0.281307 0.0480428 0.0520266 0.0440589 0.067717 0.0012939 0.00398387 0.000938234 0.00066704
0.572755 0.273673 0.274924 0.272423 0.0460958 0.0499551 0.0422365 0.0660052 0.00125084 0.00385931 0.000908658 0.000647033
0.576146 0.264942 0.266151 0.263733 0.0442143 0.0479522 0.0404765 0.0643273 0.001209 0.00373787 0.000879848 0.000627501
0.579536 0.256403 0.257572 0.255235 0.0423967 0.0460162 0.0387773 0.0626827 0.00116835 0.00361947 0.000851787 0.000608435
0.582927 0.248057 0.249186 0.246928 0.0406412 0.0441453 0.0371371 0.0610708 0.00112886 0.00350406 0.000824458 0.000589825
0.586318 0.2399 0.240991 0.23881 0.0389461 0.0423377 0.0355545 0.0594911 0.0010905 0.00339159 0.000797845 0.000571662
0.589709 0.231931 0.232984 0.230878 0.0373098 0.0405918 0.0340278 0.0579429 0.00105324 0.00328199 0.000771931 0.000553938
0.5931 0.224147 0.225164 0.22313 0.0357306 0.0389059 0.0325554 0.0564258 0.00101705 0.00317521 0.000746702 0.000536645
0.596491 0.216547 0.217528 0.215565 0.0342071 0.0372783 0.0311359 0.0549393 0.000981902 0.00307118 0.000722142 0.000519773
0.599881 0.209127 0.210075 0.208179 0.0327376 0.0357074 0.0297677 0.0534827 0.000947775 0.00296986 0.000698236 0.000503316
0.603272 0.201886 0.202801 0.200972 0.0313206 0.0341918 0.0284494 0.0520557 0.00091464 0.00287119 0.000674969 0.000487264
0.606663 0.194823 0.195705 0.19394 0.0299546 0.0327298 0.0271795 0.0506576 0.000882473 0.00277512 0.000652328 0.000471611
0.610054 0.187933 0.188785 0.187082 0.0286383 0.0313198 0.0259567 0.0492881 0.000851247 0.00268159 0.000630298 0.000456348
0.613445 0.181217 0.182037 0.180396 0.02737 0.0299606 0.0247795 0.0479466 0.00082094 0.00259055 0.000608865 0.000441467
0.616836 0.17467 0.175461 0.173878 0.0261485 0.0286505 0.0236466 0.0466327 0.000791527 0.00250196 0.000588017 0.000426962
0.620226 0.168291 0.169054 0.167528 0.0249724 0.0273882 0.0225567 0.0453459 0.000762987 0.00241575 0.00056774 0.000412825
0.623617 0.162078 0.162814 0.161343 0.0238404 0.0261723 0.0215085 0.0440858 0.000735296 0.00233189 0.000548022 0.00039905
0.627008 0.156029 0.156738 0.155321 0.0227511 0.0250014 0.0205008 0.0428519 0.000708434 0.00225032 0.000528849 0.000385628
0.630399 0.150141 0.150823 0.149459 0.0217033 0.0238742 0.0195323 0.0416438 0.000682378 0.00217099 0.000510211 0.000372553
0.63379 0.144412 0.145069 0.143755 0.0206956 0.0227895 0.0186018 0.0404611 0.00065711 0.00209386 0.000492094 0.000359818
0.637181 0.13884 0.139472 0.138207 0.0197269 0.0217458 0.017708 0.0393033 0.000632607 0.00201888 0.000474488 0.000347418
0.640571 0.133422 0.134031 0.132813 0.018796 0.0207421 0.01685 0.03817 0.000608852 0.00194601 0.00045738 0.000335344
0.643962 0.128156 0.128742 0.12757 0.0179017 0.0197769 0.0160265 0.0370609 0.000585824 0.00187521 0.00044076 0.000323591
0.647353 0.12304 0.123604 0.122477 0.0170429 0.0188493 0.0152365 0.0359755 0.000563505 0.00180642 0.000424616 0.000312153
0.650744 0.118072 0.118614 0.11753 0.0162184 0.017958 0.0144788 0.0349135 0.000541878 0.0017396 0.000408938 0.000301023
0.654135 0.113249 0.11377 0.112728 0.0154271 0.0171019 0.0137524 0.0338744 0.000520923 0.00167472 0.000393715 0.000290195
0.657526 0.108569 0.109069 0.108068 0.0146681 0.0162798 0.0130563 0.032858 0.000500625 0.00161172 0.000378937 0.000279663
0.660916 0.104029 0.10451 0.103548 0.0139401 0.0154907 0.0123895 0.0318638 0.000480966 0.00155058 0.000364594 0.000269422
0.664307 0.0996276 0.10009 0.0991657 0.0132423 0.0147335 0.011751 0.0308915 0.000461929 0.00149124 0.000350676 0.000259465
0.667698 0.0953619 0.0958054 0.0949184 0.0125736 0.0140072 0.0111399 0.0299407 0.000443499 0.00143368 0.000337173 0.000249787
0.671089 0.0912298 0.0916555 0.0908041 0.011933 0.0133109 0.0105552 0.0290112 0.00042566 0.00137784 0.000324076 0.000240382
0.67448 0.0872288 0.0876372 0.0868204 0.0113197 0.0126434 0.00999596 0.0281024 0.000408397 0.0013237 0.000311376 0.000231245
0.677871 0.0833565 0.0837482 0.0829648 0.0107326 0.0120038 0.00946138 0.0272142 0.000391694 0.00127121 0.000299062 0.000222371
0.681261 0.0796105 0.0799861 0.079235 0.0101709 0.0113912 0.00895057 0.0263461 0.000375537 0.00122033 0.000287127 0.000213753
0.684652 0.0759885 0.0763484 0.0756286 0.00963373 0.0108048 0.00846269 0.025498 0.000359912 0.00117104 0.000275562 0.000205387
0.688043 0.0724881 0.0728329 0.0721433 0.0091202 0.0102435 0.00799691 0.0246693 0.000344805 0.00112328 0.000264358 0.000197268
0.691434 0.0691068 0.069437 0.0687766 0.00862949 0.00970653 0.00755245 0.0238599 0.000330202 0.00107704 0.000253506 0.000189391
0.694825 0.0658424 0.0661585 0.0655263 0.00816078 0.00919305 0.00712851 0.0230695 0.00031609 0.00103227 0.000242998 0.000181749
0.698216 0.0626924 0.0629949 0.06239 0.00771331 0.00870225 0.00672437 0.0222976 0.000302456 0.000988941 0.000232827 0.00017434
0.701606 0.0596544 0.0599437 0.0593651 0.00728628 0.00823329 0.00633926 0.0215441 0.000289288 0.000947016 0.000222984 0.000167157
0.704997 0.056726 0.0570025 0.0564494 0.00687896 0.00778542 0.0059725 0.0208087 0.000276572 0.000906463 0.000213461 0.000160196
0.708388 0.0539048 0.0541691 0.0536405 0.00649062 0.00735786 0.00562337 0.0200909 0.000264298 0.00086725 0.000204251 0.000153453
0.711779 0.0511886 0.051441 0.0509361 0.00612054 0.00694989 0.0052912 0.0193907 0.000252452 0.000829345 0.000195346 0.000146922
0.71517 0.0485747 0.0488158 0.0483337 0.00576805 0.00656077 0.00497534 0.0187077 0.000241024 0.000792716 0.000186739 0.000140599
0.718561 0.0460611 0.0462911 0.0458311 0.00543248 0.00618981 0.00467515 0.0180415 0.000230003 0.000757332 0.000178423 0.000134479
0.721951 0.0436451 0.0438645 0.0434258 0.00511318 0.00583634 0.00439001 0.0173921 0.000219376 0.000723163 0.000170391 0.000128559
0.725342 0.0413246 0.0415337 0.0411155 0.00480951 0.00549969 0.00411933 0.016759 0.000209135 0.000690179 0.000162635 0.000122833
0.728733 0.039097 0.0392963 0.0388978 0.00452086 0.00517921 0.00386251 0.016142 0.000199266 0.000658351 0.000155148 0.000117297
0.732124 0.0369602 0.03715 0.0367704 0.00424665 0.00487429 0.003619 0.0155409 0.000189762 0.000627649 0.000147925 0.000111948
0.735515 0.0349117 0.0350923 0.0347311 0.00398628 0.00458432 0.00338823 0.0149554 0.000180611 0.000598045 0.000140958 0.000106781
0.738906 0.0329493 0.0331211 0.0327775 0.0037392 0.00430871 0.00316969 0.0143853 0.000171804 0.000569511 0.000134241 0.000101791
0.742296 0.0310706 0.031234 0.0309073 0.00350488 0.0040469 0.00296286 0.0138303 0.00016333 0.00054202 0.000127768 9.6975e-05
0.745687 0.0292734 0.0294286 0.0291183 0.00328277 0.00379832 0.00276723 0.0132901 0.000155182 0.000515544 0.000121532 9.23286e-05
0.749078 0.0275554 0.0277028 0.0274081 0.00307239 0.00356244 0.00258233 0.0127646 0.000147348 0.000490058 0.000115528 8.7848e-05
0.752469 0.0259144 0.0260542 0.0257745 0.00287322 0.00333875 0.00240768 0.0122535 0.000139821 0.000465534 0.000109748 8.35291e-05
0.75586 0.024348 0.0244806 0.0242154 0.00268479 0.00312674 0.00224284 0.0117565 0.000132592 0.000441948 0.000104188 7.93681e-05
0.759251 0.0228541 0.0229797 0.0227284 0.00250664 0.00292592 0.00208737 0.0112735 0.000125652 0.000419273 9.88413e-05 7.53612e-05
0.762641 0.0214304 0.0215494 0.0213114 0.00233833 0.00273581 0.00194084 0.0108041 0.000118992 0.000397486 9.37025e-05 7.15046e-05
0.766032 0.0200749 0.0201875 0.0199623 0.0021794 0.00255597 0.00180284 0.0103482 0.000112604 0.000376562 8.87659e-05 6.77947e-05
0.769423 0.0187853 0.0188918 0.0186788 0.00202946 0.00238594 0.00167298 0.0099056 0.00010648 0.000356477 8.40259e-05 6.42277e-05
0.772814 0.0175596 0.0176602 0.0174589 0.00188809 0.0022253 0.00155088 0.00947598 0.000100613 0.000337208 7.94772e-05 6.08e-05
0.776205 0.0163955 0.0164905 0.0163005 0.0017549 0.00207363 0.00143617 0.00905916 9.49938e-05 0.000318731 7.51145e-05 5.75082e-05
0.779596 0.0152911 0.0153807 0.0152014 0.00162952 0.00193054 0.0013285 0.00865492 8.96159e-05 0.000301023 7.09325e-05 5.43486e-05
0.782986 0.0142442 0.0143286 0.0141597 0.00151158 0.00179564 0.00122751 0.00826305 8.44715e-05 0.000284063 6.69261e-05 5.13179e-05
0.786377 0.0132528 0.0133324 0.0131733 0.00140072 0.00166855 0.00113289 0.00788334 7.95535e-05 0.000267829 6.30904e-05 4.84125e-05
0.789768 0.0123151 0.0123899 0.0122402 0.00129661 0.00154891 0.00104431 0.00751558 7.48546e-05 0.000252299 5.94202e-05 4.56292e-05
0.793159 0.0114288 0.0114992 0.0113585 0.00119892 0.00143638 0.000961472 0.00715955 7.03681e-05 0.000237451 5.59108e-05 4.29646e-05
0.79655 0.0105923 0.0106583 0.0105262 0.00110734 0.00133061 0.000884074 0.00681505 6.6087e-05 0.000223267 5.25574e-05 4.04153e-05
0.799941 0.00980341 0.00986541 0.0097414 0.00102156 0.00123128 0.000811836 0.00648187 6.20049e-05 0.000209724 4.93554e-05 3.79783e-05
0.803332 0.0090604 0.00911851 0.00900228 0.000941286 0.00113809 0.000744483 0.00615982 5.81151e-05 0.000196803 4.63e-05 3.56502e-05
0.806722 0.0083614 0.00841582 0.00830699 0.000866241 0.00105073 0.000681757 0.00584868 5.44113e-05 0.000184484 4.33867e-05 3.3428e-05
0.810113 0.00770461 0.0077555 0.00765372 0.000796154 0.000968903 0.000623404 0.00554826 5.08873e-05 0.000172749 4.06112e-05 3.13084e-05
0.813504 0.00708825 0.00713578 0.00704071 0.000730762 0.00089234 0.000569184 0.00525835 4.7537e-05 0.000161578 3.7969e-05 2.92886e-05
0.816895 0.00651057 0.00655493 0.00646622 0.000669818 0.000820771 0.000518865 0.00497876 4.43545e-05 0.000150953 3.54559e-05 2.73653e-05
0.820286 0.00596988 0.00601121 0.00592854 0.00061308 0.000753936 0.000472224 0.0047093 4.13339e-05 0.000140856 3.30676e-05 2.55358e-05
0.823677 0.00546451 0.00550298 0.00542604 0.000560319 0.000691587 0.000429051 0.00444977 3.84695e-05 0.000131268 3.08e-05 2.37969e-05
0.827067 0.00499284 0.0050286 0.00495709 0.000511314 0.000633487 0.00038914 0.00419996 3.57558e-05 0.000122173 2.8649e-05 2.21459e-05
0.830458 0.00455328 0.00458647 0.00452009 0.000465851 0.000579405 0.000352298 0.0039597 3.31873e-05 0.000113553 2.66106e-05 2.05799e-05
0.833849 0.00414427 0.00417503 0.00411352 0.000423731 0.000529123 0.000318339 0.00372879 3.07587e-05 0.000105392 2.4681e-05 1.9096e-05
0.83724 0.00376431 0.00379278 0.00373585 0.000384756 0.000482429 0.000287083 0.00350703 2.84647e-05 9.76726e-05 2.28563e-05 1.76915e-05
0.840631 0.00341193 0.00343823 0.00338563 0.000348742 0.000439121 0.000258363 0.00329424 2.63003e-05 9.03792e-05 2.11327e-05 1.63638e-05
0.844022 0.00308569 0.00310995 0.00306143 0.000315511 0.000399007 0.000232015 0.00309023 2.42605e-05 8.34958e-05 1.95064e-05 1.511e-05
0.847412 0.0027842 0.00280654 0.00276186 0.000284893 0.0003619 0.000207887 0.00289481 2.23403e-05 7.7007e-05 1.79739e-05 1.39275e-05
0.850803 0.00250611 0.00252665 0.00248558 0.000256727 0.000327625 0.000185829 0.00270778 2.05351e-05 7.08976e-05 1.65317e-05 1.28138e-05
0.854194 0.00225011 0.00226895 0.00223127 0.000230857 0.00029601 0.000165704 0.00252898 1.88402e-05 6.51528e-05 1.51761e-05 1.17663e-05
0.857585 0.00201494 0.00203219 0.00199769 0.000207136 0.000266894 0.000147378 0.00235819 1.7251e-05 5.97581e-05 1.39038e-05 1.07824e-05
0.860976 0.00179936 0.00181512 0.00178359 0.000185423 0.000240122 0.000130724 0.00219526 1.5763e-05 5.46992e-05 1.27114e-05 9.85968e-06
0.864367 0.00160219 0.00161656 0.00158781 0.000165585 0.000215547 0.000115623 0.00203997 1.4372e-05 4.99621e-05 1.15956e-05 8.99573e-06
0.867757 0.00142228 0.00143535 0.00140921 0.000147495 0.000193028 0.000101961 0.00189216 1.30736e-05 4.55333e-05 1.05532e-05 8.18812e-06
0.871148 0.00125853 0.0012704 0.00124667 0.000131031 0.00017243 8.96312e-05 0.00175164 1.18639e-05 4.13995e-05 9.58102e-06 7.43451e-06
0.874539 0.00110989 0.00112063 0.00109915 0.000116079 0.000153626 7.85314e-05 0.00161822 1.07386e-05 3.75475e-05 8.67598e-06 6.73257e-06
0.87793 0.000975321 0.000985015 0.000965627 0.00010253 0.000136495 6.85655e-05 0.00149173 9.69383e-06 3.39648e-05 7.83503e-06 6.08004e-06
0.881321 0.000853852 0.000862577 0.000845126 9.02818e-05 0.000120921 5.9643e-05 0.00137196 8.72581e-06 3.06388e-05 7.05521e-06 5.47468e-06
0.884712 0.000744544 0.000752374 0.000736713 7.92357e-05 0.000106793 5.16783e-05 0.00125876 7.83075e-06 2.75574e-05 6.33362e-06 4.91432e-06
0.888102 0.000646497 0.000653502 0.000639492 6.92999e-05 9.40086e-05 4.45912e-05 0.00115192 7.00499e-06 2.47087e-05 5.66741e-06 4.3968e-06
0.891493 0.000558856 0.000565101 0.000552611 6.03873e-05 8.24685e-05 3.83062e-05 0.00105127 6.24496e-06 2.20812e-05 5.05382e-06 3.92002e-06
0.894884 0.000480801 0.000486348 0.000475254 5.24158e-05 7.20793e-05 3.27523e-05 0.000956633 5.54719e-06 1.96635e-05 4.49014e-06 3.48192e-06
0.898275 0.000411554 0.000416463 0.000406646 4.53079e-05 6.27527e-05 2.78632e-05 0.000867817 4.90831e-06 1.74447e-05 3.97371e-06 3.08049e-06
0.901666 0.000350377 0.000354702 0.000346052 3.89909e-05 5.4405e-05 2.35768e-05 0.000784643 4.32502e-06 1.54141e-05 3.50196e-06 2.71376e-06
0.905057 0.000296569 0.000300363 0.000292775 3.33963e-05 4.69574e-05 1.98352e-05 0.000706929 3.79413e-06 1.35611e-05 3.07237e-06 2.37979e-06
0.908447 0.000249467 0.00025278 0.000246155 2.84601e-05 4.03357e-05 1.65845e-05 0.000634494 3.31253e-06 1.18756e-05 2.68248e-06 2.0767e-06
0.911838 0.000208447 0.000211324 0.00020557 2.41221e-05 3.44698e-05 1.37744e-05 0.000567155 2.87719e-06 1.03477e-05 2.32991e-06 1.80266e-06
0.915229 0.00017292 0.000175405 0.000170435 2.03263e-05 2.9294e-05 1.13585e-05 0.00050473 2.48518e-06 8.96775e-06 2.01232e-06 1.55586e-06
0.91862 0.000142333 0.000144467 0.000140199 1.70202e-05 2.47466e-05 9.29376e-06 0.000447037 2.13367e-06 7.72642e-06 1.72746e-06 1.33456e-06
0.922011 0.00011617 0.00011799 0.000114351 1.4155e-05 2.07696e-05 7.54036e-06 0.000393894 1.81988e-06 6.61463e-06 1.47312e-06 1.13705e-06
0.925402 9.39498e-05 9.54909e-05 9.24086e-05 1.16853e-05 1.73089e-05 6.0618e-06 0.000345119 1.54117e-06 5.62354e-06 1.24717e-06 9.61685e-07
0.928792 7.52224e-05 7.65174e-05 7.39275e-05 9.56919e-06 1.43138e-05 4.82456e-06 0.000300528 1.29493e-06 4.74462e-06 1.04755e-06 8.0685e-07
0.932183 5.95731e-05 6.06518e-05 5.84945e-05 7.76758e-06 1.17372e-05 3.79797e-06 0.00025994 1.07869e-06 3.96961e-06 8.72246e-07 6.70986e-07
0.935574 4.66184e-05 4.75084e-05 4.57283e-05 6.2446e-06 9.53509e-06 2.95412e-06 0.000223171 8.90024e-07 3.29048e-06 7.19323e-07 5.52578e-07
0.938965 3.60058e-05 3.67325e-05 3.52792e-05 4.96721e-06 7.66674e-06 2.26768e-06 0.000190038 7.26623e-07 2.69953e-06 5.86909e-07 4.50166e-07
0.942356 2.74133e-05 2.79995e-05 2.6827e-05 3.90508e-06 6.09435e-06 1.71581e-06 0.000160357 5.86251e-07 2.18927e-06 4.732e-07 3.62337e-07
0.945747 2.05476e-05 2.10144e-05 2.00809e-05 3.03047e-06 4.78299e-06 1.27794e-06 0.000133946 4.66763e-07 1.75253e-06 3.76459e-07 2.8773e-07
0.949137 1.51439e-05 1.551e-05 1.47778e-05 2.31812e-06 3.7005e-06 9.35741e-07 0.00011062 3.66101e-07 1.38238e-06 2.95016e-07 2.25035e-07
0.952528 1.09641e-05 1.12464e-05 1.06818e-05 1.74513e-06 2.81732e-06 6.72942e-07 9.01952e-05 2.82297e-07 1.07219e-06 2.27272e-07 1.72997e-07
0.955919 7.79625e-06 8.00972e-06 7.58277e-06 1.2908e-06 2.10639e-06 4.75213e-07 7.24869e-05 2.13474e-07 8.15591e-07 1.71699e-07 1.30414e-07
0.95931 5.45326e-06 5.6111e-06 5.29541e-06 9.36557e-07 1.54306e-06 3.30057e-07 5.73111e-05 1.57842e-07 6.065e-07 1.26839e-07 9.61416e-08
0.962701 3.77182e-06 3.88552e-06 3.65811e-06 6.65808e-07 1.10493e-06 2.26689e-07 4.44835e-05 1.13705e-07 4.39118e-07 9.13089e-08 6.90902e-08
0.966092 2.61137e-06 2.69083e-06 2.53191e-06 4.63869e-07 7.71804e-07 1.55934e-07 3.38209e-05 7.94596e-08 3.07935e-07 6.37981e-08 4.82307e-08
0.969482 1.85327e-06 1.90687e-06 1.79967e-06 3.17862e-07 5.25597e-07 1.10127e-07 2.51413e-05 5.35982e-08 2.07735e-07 4.30745e-08 3.2594e-08
0.972873 1.40014e-06 1.43485e-06 1.36543e-06 2.16652e-07 3.50257e-07 8.30472e-08 1.82661e-05 3.47094e-08 1.33605e-07 2.79841e-08 2.12735e-08
0.976264 1.17619e-06 1.19767e-06 1.1547e-06 1.5084e-07 2.31782e-07 6.9897e-08 1.30238e-05 2.14816e-08 8.09426e-08 1.7454e-08 1.34274e-08
0.979655 1.12955e-06 1.14226e-06 1.11685e-06 1.1289e-07 1.58361e-07 6.74196e-08 9.25924e-06 1.27053e-08 4.54706e-08 1.04947e-08 8.28046e-09
0.983046 1.24212e-06 1.24939e-06 1.23484e-06 9.77102e-08 1.20959e-07 7.44615e-08 6.85877e-06 7.27512e-09 2.32487e-08 6.20166e-09 5.12438e-09
0.986437 1.57186e-06 1.57605e-06 1.56768e-06 1.05199e-07 1.15892e-07 9.45062e-08 5.84322e-06 4.18644e-09 1.06929e-08 3.75095e-09 3.31305e-09
0.989827 2.60226e-06 2.60476e-06 2.59976e-06 1.61311e-07 1.65903e-07 1.5672e-07 6.89968e-06 2.49922e-09 4.59189e-09 2.35975e-09 2.21921e-09
0.993218 1.0966e-05 1.09663e-05 1.09657e-05 6.63883e-07 6.66732e-07 6.61035e-07 3.81778e-05 3.35343e-10 2.84814e-09 1.6845e-10 0
4.01075e-314 inf inf inf inf inf inf 0.00588634 36.3083 1.11378 0.801862 0.396063
