9.72476e-05 43.5695 44.56 42.5789 27.2785 27.962 26.595 29.4034 0.990535 0.683525 0.317398 0.308275
0.0001 43.2736 44.2593 42.2878 27.0929 27.773 26.4128 29.1447 0.985718 0.680089 0.315182 0.30596
0.00010283 42.9828 43.9637 42.0019 26.9105 27.5871 26.2338 28.8879 0.980922 0.676669 0.312981 0.303659
0.000105741 42.7105 43.6867 41.7344 26.7396 27.4128 26.0663 28.633 0.976149 0.673266 0.310796 0.301373
0.000108734 42.4115 43.3829 41.4401 26.552 27.2219 25.8821 28.3799 0.971397 0.669881 0.308625 0.2991
0.000111811 42.1141 43.0808 41.1475 26.3655 27.032 25.699 28.1286 0.966667 0.666513 0.30647 0.296842
0.000114976 41.8184 42.7803 40.8564 26.18 26.8432 25.5169 27.8791 0.961958 0.663161 0.304329 0.294597
0.00011823 41.5244 42.4816 40.5671 25.9956 26.6554 25.3358 27.6315 0.957271 0.659826 0.302204 0.292366
0.000121576 41.232 42.1846 40.2794 25.8122 26.4687 25.1557 27.3856 0.952605 0.656509 0.300093 0.290149
0.000125017 40.9412 41.8892 39.9933 25.6299 26.2831 24.9767 27.1415 0.947961 0.653207 0.297997 0.287946
0.000128556 40.6521 41.5955 39.7088 25.4485 26.0985 24.7986 26.8993 0.943337 0.649923 0.295916 0.285756
0.000132194 40.3647 41.3034 39.4259 25.2682 25.9149 24.6216 26.6587 0.938735 0.646655 0.293849 0.28358
0.000135936 40.0788 41.013 39.1447 25.089 25.7324 24.4456 26.4199 0.934153 0.643403 0.291797 0.281418
0.000139783 39.7946 40.7242 38.865 24.9107 25.5508 24.2705 26.1829 0.929592 0.640167 0.28976 0.279268
0.000143739 39.512 40.437 38.5869 24.7334 25.3704 24.0965 25.9476 0.925051 0.636948 0.287737 0.277132
0.000147808 39.2309 40.1515 38.3104 24.5571 25.1909 23.9234 25.714 0.920531 0.633745 0.285728 0.275009
0.000151991 38.9515 39.8676 38.0355 24.3819 25.0125 23.7513 25.4822 0.916031 0.630557 0.283734 0.2729
0.000156293 38.6737 39.5852 37.7621 24.2076 24.835 23.5802 25.252 0.911551 0.627386 0.281754 0.270804
0.000160717 38.3975 39.3045 37.4904 24.0343 24.6585 23.4101 25.0235 0.907091 0.624231 0.279788 0.26872
0.000165265 38.1227 39.0254 37.2201 23.862 24.4831 23.2409 24.7967 0.902651 0.621091 0.277836 0.266649
0.000169943 37.8497 38.7479 36.9514 23.6907 24.3087 23.0727 24.5716 0.898231 0.617968 0.275898 0.264592
0.000174753 37.5781 38.4719 36.6843 23.5204 24.1352 22.9055 24.3481 0.893831 0.614859 0.273975 0.262548
0.000179699 37.3081 38.1975 36.4186 23.351 23.9628 22.7392 24.1263 0.88945 0.611766 0.272065 0.260515
0.000184785 37.0396 37.9247 36.1545 23.1826 23.7913 22.5739 23.9061 0.885088 0.608689 0.270169 0.258496
0.000190015 36.7727 37.6534 35.8919 23.0151 23.6208 22.4095 23.6876 0.880746 0.605627 0.268287 0.25649
0.000195393 36.5073 37.3837 35.6308 22.8487 23.4512 22.2461 23.4706 0.876422 0.60258 0.266419 0.254495
0.000200923 36.2434 37.1155 35.3713 22.6831 23.2827 22.0836 23.2553 0.872118 0.599549 0.264565 0.252514
0.00020661 35.981 36.8488 35.1132 22.5186 23.1151 21.922 23.0416 0.867833 0.596532 0.262724 0.250545
0.000212458 35.7201 36.5837 34.8566 22.3549 22.9484 21.7614 22.8295 0.863566 0.593531 0.260897 0.248588
0.000218471 35.4608 36.3201 34.6015 22.1922 22.7828 21.6017 22.6189 0.859318 0.590544 0.259083 0.246643
0.000224655 35.2029 36.058 34.3478 22.0305 22.618 21.4429 22.4099 0.855088 0.587573 0.257283 0.244711
0.000231013 34.9465 35.7974 34.0956 21.8696 22.4542 21.285 22.2025 0.850876 0.584616 0.255496 0.242791
0.000237551 34.6916 35.5383 33.8449 21.7097 22.2914 21.128 21.9966 0.846683 0.581673 0.253723 0.240883
0.000244275 34.4382 35.2807 33.5957 21.5507 22.1295 20.972 21.7922 0.842508 0.578746 0.251963 0.238987
0.000251189 34.1862 35.0245 33.3478 21.3927 21.9685 20.8168 21.5894 0.838351 0.575832 0.250216 0.237103
0.000258298 33.9357 34.7699 33.1015 21.2355 21.8084 20.6626 21.3881 0.834211 0.572934 0.248483 0.23523
0.000265609 33.6866 34.5167 32.8565 21.0792 21.6493 20.5092 21.1883 0.830089 0.570049 0.246762 0.23337
0.000273126 33.439 34.265 32.613 20.9239 21.4911 20.3567 20.9901 0.825985 0.567179 0.245055 0.231521
0.000280857 33.1928 34.0147 32.3709 20.7695 21.3338 20.2051 20.7933 0.821898 0.564323 0.243361 0.229684
0.000288806 32.9481 33.7659 32.1303 20.6159 21.1774 20.0544 20.5979 0.817828 0.561481 0.241679 0.227859
0.00029698 32.7047 33.5185 31.891 20.4632 21.0219 19.9046 20.4041 0.813775 0.558652 0.240011 0.226045
0.000305386 32.4628 33.2726 31.6531 20.3115 20.8673 19.7557 20.2117 0.80974 0.555838 0.238355 0.224243
0.000314029 32.2223 33.0281 31.4166 20.1606 20.7136 19.6076 20.0208 0.805721 0.553038 0.236713 0.222452
0.000322917 31.9832 32.785 31.1815 20.0106 20.5608 19.4603 19.8314 0.801718 0.550251 0.235083 0.220672
0.000332057 31.7455 32.5433 30.9478 19.8615 20.4089 19.314 19.6433 0.797733 0.547478 0.233465 0.218904
0.000341455 31.5092 32.303 30.7155 19.7132 20.2579 19.1685 19.4567 0.793764 0.544719 0.231861 0.217147
0.000351119 31.2743 32.0641 30.4845 19.5658 20.1078 19.0238 19.2715 0.789811 0.541973 0.230269 0.215401
0.000361057 31.0408 31.8266 30.2549 19.4193 19.9585 18.88 19.0878 0.785874 0.539241 0.228689 0.213667
0.000371276 30.8086 31.5905 30.0266 19.2736 19.8101 18.7371 18.9054 0.781953 0.536521 0.227122 0.211943
0.000381784 30.5777 31.3558 29.7997 19.1288 19.6626 18.5949 18.7244 0.778048 0.533815 0.225568 0.210231
0.00039259 30.3483 31.1224 29.5741 18.9848 19.5159 18.4537 18.5448 0.774158 0.531123 0.224025 0.208529
0.000403702 30.1202 30.8904 29.3499 18.8416 19.3701 18.3132 18.3666 0.770285 0.528443 0.222495 0.206838
0.000415128 29.8934 30.6598 29.127 18.6994 19.2251 18.1736 18.1897 0.766426 0.525776 0.220978 0.205158
0.000426877 29.668 30.4306 28.9054 18.5579 19.081 18.0348 18.0142 0.762583 0.523122 0.219472 0.203489
0.000438959 29.4439 30.2026 28.6851 18.4173 18.9378 17.8968 17.8401 0.758755 0.520481 0.217979 0.201831
0.000451383 29.2211 29.9761 28.4662 18.2775 18.7953 17.7596 17.6673 0.754942 0.517853 0.216498 0.200183
0.000464159 28.9997 29.7508 28.2485 18.1385 18.6538 17.6233 17.4958 0.751144 0.515237 0.215028 0.198545
0.000477296 28.7795 29.5269 28.0322 18.0004 18.513 17.4878 17.3256 0.74736 0.512634 0.213571 0.196919
0.000490805 28.5607 29.3042 27.8171 17.8631 18.3731 17.353 17.1568 0.743591 0.510043 0.212126 0.195302
0.000504697 28.3431 29.083 27.6033 17.7265 18.234 17.2191 16.9892 0.739837 0.507465 0.210693 0.193696
0.000518981 28.1269 28.863 27.3908 17.5908 18.0957 17.0859 16.823 0.736096 0.504899 0.209271 0.192101
0.00053367 27.9119 28.6443 27.1795 17.4559 17.9583 16.9536 16.658 0.73237 0.502345 0.207861 0.190515
0.000548775 27.6982 28.4269 26.9696 17.3218 17.8216 16.822 16.4944 0.728658 0.499803 0.206463 0.18894
0.000564307 27.4858 28.2108 26.7609 17.1885 17.6858 16.6912 16.332 0.724959 0.497274 0.205077 0.187375
0.000580278 27.2747 27.996 26.5534 17.056 17.5508 16.5612 16.1708 0.721274 0.494756 0.203702 0.18582
0.000596702 27.0648 27.7824 26.3472 16.9243 17.4165 16.432 16.011 0.717603 0.49225 0.202338 0.184275
0.000613591 26.8562 27.5701 26.1422 16.7933 17.2831 16.3036 15.8523 0.713944 0.489756 0.200987 0.18274
0.000630957 26.6488 27.3591 25.9385 16.6632 17.1505 16.1759 15.695 0.710299 0.487274 0.199646 0.181215
0.000648815 26.4427 27.1494 25.736 16.5338 17.0186 16.049 15.5388 0.706667 0.484803 0.198317 0.1797
0.000667179 26.2378 26.9409 25.5348 16.4052 16.8875 15.9228 15.3839 0.703048 0.482344 0.197 0.178195
0.000686062 26.0341 26.7336 25.3347 16.2773 16.7572 15.7975 15.2302 0.699441 0.479896 0.195693 0.1767
0.00070548 25.8317 26.5275 25.1358 16.1503 16.6277 15.6728 15.0777 0.695847 0.47746 0.194398 0.175214
0.000725448 25.6305 26.3227 24.9382 16.024 16.499 15.5489 14.9264 0.692265 0.475035 0.193114 0.173738
0.00074598 25.4305 26.1192 24.7418 15.8984 16.371 15.4258 14.7763 0.688696 0.472621 0.191841 0.172271
0.000767094 25.2317 25.9168 24.5465 15.7736 16.2438 15.3034 14.6273 0.685138 0.470218 0.190579 0.170814
0.000788805 25.0341 25.7157 24.3525 15.6495 16.1174 15.1817 14.4796 0.681592 0.467827 0.189328 0.169367
0.000811131 24.8377 25.5157 24.1596 15.5262 15.9917 15.0608 14.333 0.678058 0.465446 0.188088 0.167928
0.000834088 24.6425 25.317 23.9679 15.4037 15.8668 14.9406 14.1876 0.674535 0.463076 0.186859 0.1665
0.000857696 24.4484 25.1194 23.7774 15.2818 15.7426 14.8211 14.0434 0.671024 0.460717 0.185641 0.16508
0.000881971 24.2556 24.9231 23.588 15.1608 15.6191 14.7024 13.9003 0.667524 0.458368 0.184433 0.16367
0.000906934 24.0639 24.7279 23.3998 15.0404 15.4964 14.5844 13.7583 0.664035 0.45603 0.183236 0.162269
0.000932603 23.8734 24.5339 23.2128 14.9208 15.3745 14.4671 13.6175 0.660556 0.453703 0.18205 0.160877
0.000958999 23.684 24.3411 23.0269 14.8018 15.2532 14.3504 13.4778 0.657089 0.451385 0.180874 0.159494
0.000986142 23.4958 24.1494 22.8422 14.6836 15.1327 14.2346 13.3392 0.653631 0.449079 0.179709 0.15812
0.00101405 23.3087 23.9589 22.6586 14.5662 15.0129 14.1194 13.2017 0.650184 0.446782 0.178554 0.156756
0.00104275 23.1228 23.7696 22.4761 14.4494 14.8939 14.0049 13.0653 0.646748 0.444495 0.17741 0.1554
0.00107227 22.938 23.5814 22.2947 14.3333 14.7756 13.8911 12.9301 0.64332 0.442219 0.176276 0.154053
0.00110262 22.7544 23.3943 22.1145 14.218 14.6579 13.778 12.7959 0.639903 0.439953 0.175152 0.152715
0.00113382 22.5719 23.2084 21.9354 14.1033 14.541 13.6656 12.6628 0.636495 0.437696 0.174039 0.151385
0.00116591 22.3904 23.0235 21.7574 13.9894 14.4248 13.5539 12.5308 0.633097 0.435449 0.172935 0.150065
0.00119891 22.2102 22.8399 21.5805 13.8761 14.3093 13.4429 12.3998 0.629708 0.433212 0.171842 0.148753
0.00123285 22.031 22.6573 21.4046 13.7635 14.1945 13.3326 12.2699 0.626327 0.430984 0.170759 0.147449
0.00126774 21.8529 22.4759 21.2299 13.6517 14.0804 13.2229 12.1411 0.622956 0.428766 0.169685 0.146154
0.00130362 21.6759 22.2955 21.0563 13.5405 13.967 13.1139 12.0133 0.619593 0.426557 0.168622 0.144868
0.00134052 21.5 22.1162 20.8838 13.4299 13.8543 13.0056 11.8865 0.616238 0.424357 0.167568 0.14359
0.00137846 21.3252 21.9381 20.7123 13.3201 13.7422 12.8979 11.7608 0.612892 0.422167 0.166524 0.142321
0.00141747 21.1515 21.761 20.5419 13.2109 13.6309 12.7909 11.6361 0.609554 0.419986 0.165489 0.141059
0.00145759 20.9788 21.585 20.3726 13.1024 13.5202 12.6846 11.5124 0.606223 0.417814 0.164465 0.139807
0.00149885 20.8072 21.4101 20.2043 12.9945 13.4102 12.5789 11.3898 0.6029 0.41565 0.163449 0.138562
0.00154127 20.6367 21.2363 20.0371 12.8873 13.3008 12.4738 11.2681 0.599585 0.413496 0.162443 0.137326
0.00158489 20.4672 21.0635 19.8709 12.7808 13.1922 12.3695 11.1475 0.596276 0.41135 0.161447 0.136097
0.00162975 20.2988 20.8918 19.7058 12.6749 13.0841 12.2657 11.0278 0.592975 0.409213 0.16046 0.134877
0.00167588 20.1314 20.7211 19.5418 12.5697 12.9768 12.1626 10.9091 0.58968 0.407084 0.159482 0.133665
0.00172331 19.9651 20.5515 19.3787 12.4651 12.8701 12.0601 10.7914 0.586392 0.404964 0.158513 0.132461
0.00177209 19.7998 20.3829 19.2167 12.3612 12.764 11.9583 10.6747 0.58311 0.402852 0.157553 0.131265
0.00182224 19.6355 20.2154 19.0557 12.2579 12.6586 11.8571 10.559 0.579835 0.400748 0.156602 0.130076
0.00187382 19.4723 20.0489 18.8957 12.1552 12.5539 11.7565 10.4442 0.576565 0.398652 0.15566 0.128896
0.00192685 19.3101 19.8834 18.7368 12.0532 12.4497 11.6566 10.3304 0.573301 0.396564 0.154727 0.127723
0.00198139 19.1488 19.7189 18.5788 11.9518 12.3462 11.5573 10.2175 0.570042 0.394485 0.153803 0.126558
0.00203747 18.9887 19.5554 18.4219 11.851 12.2434 11.4586 10.1055 0.566789 0.392412 0.152887 0.125401
0.00209514 18.8295 19.393 18.2659 11.7508 12.1412 11.3605 9.99452 0.56354 0.390348 0.15198 0.124251
0.00215443 18.6713 19.2315 18.111 11.6513 12.0396 11.263 9.88444 0.560297 0.388291 0.151081 0.123109
0.00221541 18.514 19.0711 17.957 11.5523 11.9386 11.1661 9.77528 0.557058 0.386242 0.150191 0.121975
0.00227812 18.3578 18.9117 17.804 11.454 11.8382 11.0698 9.66704 0.553823 0.3842 0.149309 0.120848
0.00234259 18.2026 18.7532 17.652 11.3563 11.7385 10.9741 9.55972 0.550593 0.382166 0.148435 0.119728
0.0024089 18.0483 18.5957 17.501 11.2592 11.6393 10.879 9.4533 0.547366 0.380138 0.147569 0.118616
0.00247708 17.895 18.4392 17.3509 11.1627 11.5408 10.7846 9.34777 0.544143 0.378118 0.146711 0.117511
0.00254719 17.7427 18.2836 17.2018 11.0668 11.4429 10.6906 9.24314 0.540924 0.376104 0.145861 0.116414
0.00261928 17.5914 18.1291 17.0537 10.9714 11.3455 10.5973 9.13939 0.537708 0.374097 0.145019 0.115323
0.00269341 17.441 17.9754 16.9065 10.8767 11.2488 10.5046 9.03653 0.534494 0.372097 0.144185 0.11424
0.00276965 17.2915 17.8228 16.7602 10.7825 11.1526 10.4124 8.93454 0.531283 0.370104 0.143358 0.113164
0.00284804 17.143 17.6711 16.6149 10.689 11.0571 10.3209 8.83342 0.528075 0.368117 0.142539 0.112095
0.00292864 16.9954 17.5203 16.4705 10.596 10.9621 10.2298 8.73317 0.524869 0.366136 0.141727 0.111033
0.00301153 16.8488 17.3704 16.3271 10.5036 10.8677 10.1394 8.63377 0.521665 0.364162 0.140922 0.109979
0.00309677 16.7031 17.2215 16.1846 10.4117 10.7739 10.0495 8.53522 0.518463 0.362194 0.140124 0.108931
0.00318442 16.5583 17.0735 16.043 10.3204 10.6807 9.96021 8.43752 0.515262 0.360231 0.139334 0.10789
0.00327455 16.4144 16.9265 15.9024 10.2297 10.588 9.87146 8.34066 0.512062 0.358275 0.13855 0.106856
0.00336723 16.2715 16.7803 15.7626 10.1396 10.4959 9.78326 8.24463 0.508864 0.356325 0.137773 0.105828
0.00346253 16.1294 16.6351 15.6238 10.05 10.4044 9.69561 8.14943 0.505666 0.35438 0.137003 0.104808
0.00356053 15.9883 16.4908 15.4858 9.96094 10.3134 9.6085 8.05506 0.502468 0.35244 0.136239 0.103794
0.00366131 15.848 16.3473 15.3488 9.87245 10.223 9.52195 7.9615 0.499271 0.350506 0.135482 0.102787
0.00376494 15.7087 16.2048 15.2126 9.78451 10.1331 9.43593 7.86875 0.496074 0.348577 0.134731 0.101786
0.0038715 15.5702 16.0631 15.0774 9.69711 10.0438 9.35046 7.77681 0.492876 0.346654 0.133986 0.100792
0.00398107 15.4327 15.9223 14.943 9.61025 9.95498 9.26551 7.68567 0.489678 0.344735 0.133247 0.099805
0.00409375 15.296 15.7825 14.8095 9.52392 9.86675 9.1811 7.59533 0.486479 0.342821 0.132514 0.098824
0.00420962 15.1602 15.6434 14.6769 9.43813 9.77905 9.09722 7.50578 0.483279 0.340912 0.131787 0.0978496
0.00432876 15.0252 15.5053 14.5451 9.35287 9.69188 9.01387 7.41701 0.480078 0.339008 0.131066 0.0968814
0.00445128 14.8911 15.368 14.4142 9.26814 9.60524 8.93103 7.32902 0.476875 0.337108 0.130349 0.0959197
0.00457727 14.7579 15.2316 14.2842 9.18392 9.51913 8.84871 7.2418 0.47367 0.335213 0.129638 0.0949642
0.00470682 14.6255 15.096 14.155 9.10022 9.43355 8.7669 7.15536 0.470463 0.333321 0.128933 0.0940149
0.00484003 14.494 14.9612 14.0267 9.01704 9.34848 8.68561 7.06967 0.467254 0.331434 0.128232 0.0930719
0.00497702 14.3633 14.8273 13.8992 8.93437 9.26392 8.60482 6.98475 0.464042 0.329551 0.127536 0.092135
0.00511789 14.2334 14.6943 13.7726 8.85221 9.17988 8.52454 6.90057 0.460827 0.327672 0.126844 0.0912043
0.00526274 14.1044 14.562 13.6468 8.77056 9.09635 8.44476 6.81715 0.457609 0.325796 0.126157 0.0902796
0.0054117 13.9762 14.4306 13.5219 8.6894 9.01332 8.36548 6.73446 0.454388 0.323924 0.125475 0.0893609
0.00556486 13.8489 14.3001 13.3977 8.60874 8.9308 8.28669 6.65252 0.451163 0.322055 0.124796 0.0884482
0.00572237 13.7223 14.1703 13.2744 8.52858 8.84877 8.20839 6.57131 0.447935 0.320189 0.124122 0.0875414
0.00588433 13.5966 14.0413 13.1519 8.44891 8.76723 8.13058 6.49082 0.444702 0.318326 0.123451 0.0866405
0.00605088 13.4717 13.9132 13.0302 8.36972 8.68619 8.05325 6.41105 0.441464 0.316467 0.122784 0.0857455
0.00622213 13.3476 13.7858 12.9094 8.29102 8.60563 7.97641 6.33201 0.438222 0.31461 0.122121 0.0848562
0.00639824 13.2243 13.6592 12.7893 8.21279 8.52555 7.90004 6.25367 0.434975 0.312756 0.12146 0.0839727
0.00657933 13.1017 13.5335 12.67 8.13504 8.44595 7.82414 6.17604 0.431723 0.310904 0.120803 0.0830949
0.00676555 12.98 13.4085 12.5515 8.05777 8.36682 7.74871 6.09912 0.428466 0.309055 0.120149 0.0822228
0.00695704 12.859 13.2842 12.4338 7.98096 8.28817 7.67376 6.02289 0.425203 0.307208 0.119497 0.0813563
0.00715394 12.7389 13.1608 12.3169 7.90462 8.20999 7.59926 5.94735 0.421934 0.305363 0.118848 0.0804953
0.00735642 12.6195 13.0381 12.2008 7.82874 8.13226 7.52522 5.8725 0.418658 0.30352 0.1182 0.0796399
0.00756463 12.5008 12.9162 12.0855 7.75332 8.055 7.45164 5.79833 0.415377 0.301678 0.117555 0.0787899
0.00777874 12.383 12.7951 11.9709 7.67836 7.9782 7.37852 5.72484 0.412089 0.299838 0.116912 0.0779455
0.0079989 12.2659 12.6747 11.8571 7.60384 7.90184 7.30584 5.65203 0.408794 0.298 0.116271 0.0771063
0.0082253 12.1495 12.555 11.744 7.52978 7.82594 7.23361 5.57988 0.405492 0.296162 0.11563 0.0762726
0.0084581 12.0339 12.4361 11.6317 7.45615 7.75048 7.16183 5.50839 0.402183 0.294326 0.114991 0.0754442
0.00869749 11.9191 12.3179 11.5202 7.38297 7.67546 7.09048 5.43756 0.398866 0.292491 0.114353 0.074621
0.00894366 11.805 12.2005 11.4094 7.31022 7.60088 7.01957 5.36739 0.395541 0.290656 0.113716 0.0738031
0.00919679 11.6916 12.0838 11.2994 7.23791 7.52673 6.94909 5.29787 0.392209 0.288822 0.113079 0.0729904
0.00945709 11.5789 11.9678 11.19 7.16602 7.45301 6.87903 5.22899 0.388869 0.286989 0.112443 0.0721827
0.00972476 11.467 11.8525 11.0815 7.09457 7.37972 6.80941 5.16075 0.38552 0.285156 0.111806 0.0713802
0.01 11.3558 11.738 10.9736 7.02353 7.30685 6.74021 5.09314 0.382163 0.283322 0.11117 0.0705828
0.010283 11.2453 11.6241 10.8665 6.95291 7.2344 6.67142 5.02617 0.378798 0.281489 0.110532 0.0697904
0.0105741 11.1355 11.5109 10.7601 6.88271 7.16236 6.60305 4.95982 0.375423 0.279655 0.109895 0.0690029
0.0108734 11.0264 11.3985 10.6544 6.81292 7.09074 6.53509 4.89409 0.37204 0.277821 0.109256 0.0682204
0.0111811 10.9181 11.2867 10.5494 6.74353 7.01952 6.46754 4.82898 0.368647 0.275986 0.108616 0.0674428
0.0114976 10.8104 11.1756 10.4452 6.67455 6.9487 6.4004 4.76448 0.365246 0.274151 0.107975 0.06667
0.011823 10.7034 11.0652 10.3416 6.60597 6.87828 6.33365 4.70059 0.361834 0.272314 0.107332 0.0659021
0.0121576 10.5971 10.9555 10.2387 6.53778 6.80826 6.2673 4.63731 0.358414 0.270476 0.106687 0.0651389
0.0125017 10.4915 10.8465 10.1365 6.46999 6.73862 6.20135 4.57462 0.354984 0.268637 0.10604 0.0643804
0.0128556 10.3865 10.7381 10.035 6.40258 6.66938 6.13578 4.51252 0.351544 0.266797 0.10539 0.0636267
0.0132194 10.2823 10.6304 9.93418 6.33556 6.60051 6.0706 4.45102 0.348094 0.264954 0.104738 0.0628776
0.0135936 10.1787 10.5233 9.83404 6.26892 6.53203 6.00581 4.3901 0.344635 0.26311 0.104083 0.0621331
0.0139783 10.0757 10.4169 9.73457 6.20266 6.46392 5.94139 4.32977 0.341166 0.261264 0.103425 0.0613932
0.0143739 9.97345 10.3111 9.63576 6.13677 6.39618 5.87735 4.27001 0.337686 0.259415 0.102763 0.0606579
0.0147808 9.87182 10.206 9.53762 6.07125 6.32881 5.81368 4.21082 0.334197 0.257564 0.102097 0.0599271
0.0151991 9.77083 10.1015 9.44014 6.00609 6.2618 5.75038 4.15219 0.330698 0.25571 0.101428 0.0592007
0.0156293 9.67049 9.99768 9.3433 5.9413 6.19515 5.68744 4.09414 0.327189 0.253854 0.100754 0.0584787
0.0160717 9.57078 9.89445 9.24711 5.87686 6.12886 5.62487 4.03664 0.323669 0.251994 0.100076 0.0577612
0.0165265 9.47171 9.79185 9.15157 5.81278 6.06291 5.56265 3.9797 0.32014 0.250132 0.0993936 0.057048
0.0169943 9.37326 9.68986 9.05666 5.74905 5.99732 5.50079 3.92331 0.316601 0.248265 0.0987059 0.0563391
0.0174753 9.27543 9.58849 8.96238 5.68567 5.93206 5.43927 3.86746 0.313052 0.246396 0.0980131 0.0556345
0.0179699 9.17823 9.48772 8.86873 5.62262 5.86715 5.3781 3.81216 0.309493 0.244522 0.0973147 0.0549342
0.0184785 9.08163 9.38756 8.77571 5.55992 5.80257 5.31728 3.75739 0.305925 0.242645 0.0966107 0.0542381
0.0190015 8.98565 9.28799 8.6833 5.49755 5.73832 5.25679 3.70315 0.302347 0.240763 0.0959008 0.0535462
0.0195393 8.89026 9.18902 8.5915 5.43552 5.6744 5.19664 3.64945 0.29876 0.238877 0.0951848 0.0528584
0.0200923 8.79547 9.09064 8.50031 5.37381 5.61079 5.13682 3.59627 0.295163 0.236987 0.0944623 0.0521748
0.020661 8.70128 8.99284 8.40972 5.31242 5.54751 5.07733 3.54361 0.291557 0.235091 0.0937333 0.0514952
0.0212458 8.60767 8.89562 8.31973 5.25135 5.48454 5.01816 3.49147 0.287943 0.233191 0.0929975 0.0508197
0.0218471 8.51465 8.79897 8.23033 5.19059 5.42188 4.95931 3.43984 0.28432 0.231286 0.0922546 0.0501482
0.0224655 8.4222 8.70289 8.14151 5.13015 5.35952 4.90077 3.38872 0.280688 0.229376 0.0915045 0.0494807
0.0231013 8.33032 8.60737 8.05327 5.07001 5.29747 4.84255 3.3381 0.277049 0.22746 0.090747 0.0488172
0.0237551 8.23902 8.51242 7.96562 5.01018 5.23572 4.78464 3.28798 0.273401 0.225538 0.0899819 0.0481577
0.0244275 8.14827 8.41802 7.87852 4.95064 5.17425 4.72703 3.23836 0.269747 0.223611 0.089209 0.047502
0.0251189 8.05808 8.32417 7.792 4.8914 5.11308 4.66973 3.18922 0.266085 0.221678 0.0884282 0.0468502
0.0258298 7.96844 8.23086 7.70603 4.83245 5.05219 4.61272 3.14058 0.262416 0.219738 0.0876392 0.0462023
0.0265609 7.87935 8.1381 7.62061 4.77379 4.99159 4.556 3.09242 0.258741 0.217792 0.0868419 0.0455582
0.0273126 7.7908 8.04586 7.53574 4.71541 4.93125 4.49957 3.04473 0.25506 0.21584 0.0860363 0.0449179
0.0280857 7.70279 7.95416 7.45142 4.65731 4.87119 4.44343 2.99752 0.251374 0.213881 0.0852221 0.0442813
0.0288806 7.61531 7.86299 7.36763 4.59949 4.8114 4.38757 2.95078 0.247683 0.211915 0.0843992 0.0436486
0.029698 7.52835 7.77234 7.28436 4.54193 4.75187 4.33199 2.90451 0.243988 0.209942 0.0835676 0.0430195
0.0305386 7.44191 7.6822 7.20163 4.48465 4.69261 4.27668 2.8587 0.240288 0.207962 0.0827271 0.0423942
0.0314029 7.35599 7.59258 7.11941 4.42762 4.6336 4.22165 2.81334 0.236585 0.205975 0.0818777 0.0417725
0.0322917 7.27058 7.50346 7.0377 4.37086 4.57484 4.16688 2.76844 0.23288 0.20398 0.0810193 0.0411546
0.0332057 7.18567 7.41485 6.9565 4.31435 4.51632 4.11237 2.72399 0.229173 0.201977 0.0801519 0.0405402
0.0341455 7.10127 7.32673 6.8758 4.25809 4.45805 4.05812 2.67999 0.225464 0.199967 0.0792754 0.0399295
0.0351119 7.01735 7.23911 6.7956 4.20208 4.40003 4.00413 2.63643 0.221754 0.197949 0.0783897 0.0393224
0.0361057 6.93392 7.15197 6.71588 4.14631 4.34223 3.95039 2.5933 0.218045 0.195923 0.077495 0.0387189
0.0371276 6.85098 7.06531 6.63664 4.09078 4.28467 3.89689 2.55061 0.214336 0.193888 0.0765912 0.0381189
0.0381784 6.76851 6.97914 6.55788 4.03548 4.22733 3.84364 2.50834 0.210629 0.191846 0.0756784 0.0375225
0.039259 6.68651 6.89343 6.47959 3.98042 4.17022 3.79063 2.4665 0.206924 0.189795 0.0747566 0.0369297
0.0403702 6.60498 6.8082 6.40175 3.92559 4.11332 3.73785 2.42508 0.203222 0.187735 0.0738258 0.0363404
0.0415128 6.5239 6.72343 6.32438 3.87097 4.05664 3.68531 2.38408 0.199525 0.185667 0.0728863 0.0357546
0.0426877 6.44328 6.63911 6.24745 3.81658 4.00017 3.63299 2.34349 0.195832 0.18359 0.071938 0.0351723
0.0438959 6.36311 6.55526 6.17096 3.76241 3.94391 3.58091 2.30331 0.192146 0.181504 0.0709811 0.0345936
0.0451383 6.28338 6.47184 6.09491 3.70845 3.88786 3.52904 2.26354 0.188466 0.17941 0.0700158 0.0340183
0.0464159 6.20408 6.38888 6.01929 3.65469 3.832 3.47739 2.22417 0.184794 0.177306 0.0690422 0.0334465
0.0477296 6.12522 6.30635 5.94408 3.60115 3.77634 3.42595 2.18519 0.181131 0.175194 0.0680605 0.0328782
0.0490805 6.04677 6.22425 5.8693 3.5478 3.72087 3.37473 2.1466 0.177478 0.173073 0.0670709 0.0323133
0.0504697 5.96875 6.14259 5.79491 3.49465 3.6656 3.32371 2.1084 0.173836 0.170942 0.0660737 0.0317519
0.0518981 5.89113 6.06134 5.72093 3.4417 3.6105 3.2729 2.07059 0.170206 0.168803 0.0650691 0.031194
0.053367 5.81393 5.98051 5.64734 3.38894 3.55559 3.22229 2.03316 0.166589 0.166654 0.0640574 0.0306396
0.0548775 5.73711 5.9001 5.57413 3.33637 3.50087 3.17187 1.99611 0.162986 0.164496 0.0630388 0.0300886
0.0564307 5.6607 5.82009 5.5013 3.28398 3.44631 3.12165 1.95942 0.159399 0.16233 0.0620138 0.0295412
0.0580278 5.58466 5.74049 5.42883 3.23178 3.39193 3.07163 1.92311 0.155828 0.160154 0.0609826 0.0289972
0.0596702 5.509 5.66128 5.35673 3.17975 3.33772 3.02179 1.88716 0.152275 0.157969 0.0599455 0.0284566
0.0613591 5.43372 5.58246 5.28498 3.12791 3.28368 2.97213 1.85158 0.148741 0.155776 0.058903 0.0279196
0.0630957 5.3588 5.50403 5.21357 3.07623 3.22981 2.92266 1.81635 0.145228 0.153573 0.0578555 0.0273861
0.0648815 5.28423 5.42597 5.1425 3.02473 3.17609 2.87337 1.78147 0.141735 0.151362 0.0568033 0.026856
0.0667179 5.21002 5.34829 5.07176 2.9734 3.12254 2.82425 1.74695 0.138266 0.149142 0.0557469 0.0263295
0.0686062 5.13615 5.27097 5.00133 2.92223 3.06914 2.77531 1.71277 0.13482 0.146914 0.0546868 0.0258066
0.070548 5.06262 5.19402 4.93122 2.87123 3.0159 2.72655 1.67893 0.131399 0.144677 0.0536234 0.0252872
0.0725448 4.98941 5.11742 4.86141 2.82038 2.96282 2.67795 1.64544 0.128005 0.142432 0.0525572 0.0247713
0.074598 4.91653 5.04117 4.79189 2.7697 2.90988 2.62953 1.61228 0.124638 0.140179 0.0514887 0.0242591
0.0767094 4.84396 4.96526 4.72265 2.71918 2.8571 2.58127 1.57945 0.1213 0.137919 0.0504185 0.0237504
0.0788805 4.77169 4.88968 4.6537 2.66882 2.80447 2.53317 1.54695 0.117993 0.13565 0.049347 0.0232455
0.0811131 4.69972 4.81444 4.585 2.61861 2.75199 2.48524 1.51477 0.114716 0.133375 0.0482748 0.0227441
0.0834088 4.62804 4.73951 4.51657 2.56856 2.69965 2.43747 1.48292 0.111473 0.131092 0.0472025 0.0222465
0.0857696 4.55664 4.66491 4.44838 2.51867 2.64747 2.38986 1.45139 0.108263 0.128803 0.0461307 0.0217526
0.0881971 4.48552 4.59061 4.38043 2.46893 2.59543 2.34242 1.42017 0.105089 0.126507 0.0450598 0.0212625
0.0906934 4.41466 4.51661 4.31271 2.41934 2.54355 2.29513 1.38926 0.101951 0.124206 0.0439906 0.0207761
0.0932603 4.34406 4.44291 4.24521 2.36991 2.49181 2.24801 1.35867 0.0988505 0.121898 0.0429236 0.0202936
0.0958999 4.2737 4.36949 4.17791 2.32063 2.44022 2.20105 1.32838 0.0957887 0.119586 0.0418595 0.019815
0.0986142 4.20359 4.29635 4.11082 2.27151 2.38878 2.15425 1.2984 0.0927668 0.117269 0.0407987 0.0193403
0.101405 4.1337 4.22349 4.04391 2.22255 2.3375 2.10761 1.26872 0.089786 0.114947 0.0397421 0.0188695
0.104275 4.06404 4.15088 3.97719 2.17375 2.28637 2.06113 1.23934 0.0868473 0.112622 0.0386901 0.0184028
0.107227 3.99458 4.07854 3.91063 2.12511 2.2354 2.01482 1.21026 0.0839517 0.110293 0.0376434 0.0179402
0.110262 3.92534 4.00644 3.84424 2.07664 2.1846 1.96867 1.18147 0.0811005 0.107962 0.0366027 0.0174816
0.113382 3.85628 3.93458 3.77799 2.02833 2.13396 1.9227 1.15297 0.0782945 0.105628 0.0355685 0.0170273
0.116591 3.78742 3.86295 3.71188 1.98019 2.08348 1.8769 1.12477 0.0755347 0.103293 0.0345416 0.0165771
0.119891 3.71873 3.79155 3.64591 1.93223 2.03319 1.83127 1.09685 0.0728221 0.100958 0.0335224 0.0161313
0.123285 3.65021 3.72036 3.58005 1.88445 1.98307 1.78583 1.06923 0.0701576 0.0986218 0.0325116 0.0156899
0.126774 3.58184 3.64939 3.5143 1.83685 1.93314 1.74057 1.04189 0.067542 0.0962867 0.0315099 0.0152529
0.130362 3.51363 3.57861 3.44865 1.78945 1.8834 1.6955 1.01483 0.0649761 0.093953 0.0305178 0.0148204
0.134052 3.44555 3.50801 3.38309 1.74224 1.83386 1.65062 0.988064 0.0624608 0.0916216 0.0295359 0.0143926
0.137846 3.37761 3.43761 3.31762 1.69524 1.78453 1.60595 0.961578 0.0599966 0.0892933 0.0285649 0.0139694
0.141747 3.30979 3.36738 3.25221 1.64845 1.73542 1.56148 0.935376 0.0575843 0.086969 0.0276052 0.0135509
0.145759 3.24209 3.29731 3.18686 1.60189 1.68654 1.51724 0.909457 0.0552245 0.0846496 0.0266575 0.0131373
0.149885 3.17449 3.22741 3.12157 1.55556 1.6379 1.47322 0.883822 0.0529177 0.0823362 0.0257223 0.0127287
0.154127 3.10698 3.15765 3.05632 1.50947 1.5895 1.42944 0.85847 0.0506645 0.0800297 0.0248001 0.0123251
0.158489 3.03957 3.08804 2.99111 1.46363 1.54137 1.3859 0.833403 0.0484652 0.0777311 0.0238915 0.0119266
0.162975 2.97224 3.01856 2.92592 1.41807 1.49351 1.34263 0.80862 0.0463203 0.0754416 0.022997 0.0115334
0.167588 2.90499 2.94922 2.86076 1.37278 1.44594 1.29962 0.784124 0.0442301 0.0731623 0.022117 0.0111455
0.172331 2.8378 2.87999 2.7956 1.32779 1.39869 1.2569 0.759915 0.0421949 0.0708944 0.0212521 0.010763
0.177209 2.77067 2.81089 2.73046 1.28311 1.35175 1.21447 0.735995 0.0402149 0.068639 0.0204026 0.0103862
0.182224 2.7036 2.74189 2.66531 1.23876 1.30516 1.17236 0.712367 0.0382901 0.0663974 0.0195691 0.010015
0.187382 2.63659 2.67301 2.60017 1.19476 1.25893 1.13059 0.689033 0.0364209 0.0641709 0.0187519 0.00964955
0.192685 2.56962 2.60423 2.53501 1.15112 1.21308 1.08916 0.665995 0.034607 0.0619608 0.0179514 0.00929006
0.198139 2.5027 2.53555 2.46985 1.10787 1.16764 1.0481 0.643257 0.0328486 0.0597684 0.017168 0.00893661
0.203747 2.43582 2.46697 2.40468 1.06503 1.12262 1.00743 0.620821 0.0311456 0.0575952 0.0164021 0.00858933
0.209514 2.36899 2.39849 2.33949 1.02262 1.07806 0.967176 0.598692 0.0294977 0.0554425 0.0156539 0.00824833
0.215443 2.3022 2.3301 2.2743 0.980669 1.03398 0.927357 0.576874 0.0279048 0.0533118 0.0149238 0.00791376
0.221541 2.23546 2.26183 2.2091 0.939204 0.990408 0.887999 0.555371 0.0263666 0.0512046 0.014212 0.00758574
0.227812 2.16878 2.19366 2.14389 0.898254 0.947376 0.849131 0.534189 0.0248829 0.0491223 0.0135189 0.0072644
0.234259 2.10215 2.1256 2.0787 0.85785 0.904917 0.810784 0.513331 0.0234531 0.0470666 0.0128446 0.00694987
0.24089 2.0356 2.05767 2.01352 0.818025 0.863064 0.772986 0.492805 0.0220769 0.0450388 0.0121893 0.00664227
0.247708 1.96913 1.98988 1.94837 0.778813 0.821854 0.735773 0.472615 0.0207538 0.0430406 0.0115532 0.00634172
0.254719 1.90276 1.92224 1.88327 0.740254 0.781328 0.699181 0.452768 0.0194833 0.0410736 0.0109365 0.00604833
0.261928 1.83651 1.85477 1.81824 0.70239 0.741529 0.66325 0.43327 0.0182646 0.0391392 0.0103393 0.0057622
0.269341 1.77041 1.7875 1.75331 0.665267 0.702506 0.628028 0.41413 0.0170971 0.0372391 0.00976153 0.00548342
0.276965 1.70449 1.72047 1.6885 0.628943 0.664318 0.593568 0.395354 0.0159802 0.0353749 0.00920335 0.00521205
0.284804 1.63879 1.6537 1.62387 0.59349 0.627037 0.559942 0.376951 0.0149129 0.0335479 0.00866468 0.00494811
0.292864 1.57338 1.58727 1.55949 0.559014 0.590773 0.527254 0.35893 0.0138944 0.0317598 0.00814538 0.00469152
0.301153 1.50838 1.5213 1.49545 0.525737 0.555748 0.495725 0.341303 0.0129236 0.0300118 0.00764515 0.00444205
0.309677 1.44421 1.4562 1.43221 0.494722 0.523027 0.466417 0.324086 0.0119988 0.0283049 0.00716303 0.00419878
0.318442 1.39559 1.40725 1.38393 0.474498 0.502165 0.446831 0.317693 0.0116574 0.0276667 0.00698183 0.0041048
0.321833 1.3717 1.38303 1.36037 0.462487 0.489528 0.435446 0.311423 0.011326 0.0270412 0.00680519 0.00401284
0.325224 1.34811 1.35911 1.3371 0.450728 0.477156 0.424299 0.305274 0.0110042 0.0264284 0.006633 0.00392285
0.328614 1.32481 1.3355 1.31412 0.439216 0.465043 0.413388 0.299243 0.0106918 0.0258279 0.00646513 0.00383479
0.332005 1.3018 1.31219 1.29141 0.427946 0.453186 0.402707 0.293328 0.0103885 0.0252396 0.00630146 0.00374861
0.335396 1.27907 1.28916 1.26898 0.416915 0.441578 0.392252 0.287525 0.0100939 0.0246631 0.00614188 0.00366427
0.338787 1.25662 1.26643 1.24681 0.406118 0.430216 0.38202 0.281833 0.00980779 0.0240983 0.00598627 0.00358172
0.342178 1.23445 1.24398 1.22492 0.39555 0.419095 0.372005 0.276249 0.00952988 0.0235448 0.00583452 0.00350092
0.345569 1.21255 1.22181 1.20329 0.385208 0.408211 0.362205 0.270771 0.00925993 0.0230026 0.00568654 0.00342183
0.348959 1.19092 1.19991 1.18192 0.375087 0.397559 0.352616 0.265396 0.00899767 0.0224713 0.00554222 0.00334441
0.35235 1.16955 1.17829 1.16081 0.365184 0.387135 0.343233 0.260122 0.00874287 0.0219508 0.00540146 0.00326863
0.355741 1.14845 1.15694 1.13995 0.355494 0.376935 0.334053 0.254947 0.00849531 0.0214409 0.00526416 0.00319445
0.359132 1.1276 1.13586 1.11935 0.346014 0.366955 0.325072 0.24987 0.00825475 0.0209413 0.00513024 0.00312182
0.362523 1.10701 1.11503 1.09899 0.336739 0.357191 0.316288 0.244887 0.00802097 0.0204518 0.00499961 0.00305072
0.365914 1.08668 1.09447 1.07888 0.327668 0.34764 0.307695 0.239997 0.00779379 0.0199723 0.00487217 0.00298112
0.369305 1.06659 1.07417 1.05902 0.318794 0.338297 0.299292 0.235198 0.00757298 0.0195026 0.00474785 0.00291297
0.372695 1.04676 1.05411 1.0394 0.310116 0.329159 0.291074 0.230488 0.00735836 0.0190424 0.00462657 0.00284624
0.376086 1.02716 1.03431 1.02001 0.30163 0.320221 0.283038 0.225866 0.00714974 0.0185916 0.00450824 0.00278091
0.379477 1.00782 1.01476 1.00087 0.293332 0.311482 0.275182 0.221329 0.00694694 0.0181501 0.00439279 0.00271695
0.382868 0.988707 0.995457 0.981958 0.285219 0.302936 0.267501 0.216877 0.00674979 0.0177176 0.00428014 0.00265432
0.386259 0.969837 0.976396 0.963279 0.277287 0.294581 0.259993 0.212506 0.00655812 0.0172939 0.00417023 0.00259299
0.38965 0.951204 0.957576 0.944832 0.269535 0.286414 0.252656 0.208216 0.00637176 0.016879 0.00406297 0.00253294
0.39304 0.932805 0.938996 0.926615 0.261957 0.27843 0.245485 0.204005 0.00619057 0.0164726 0.00395832 0.00247414
0.396431 0.914637 0.920652 0.908623 0.254552 0.270627 0.238477 0.199871 0.00601438 0.0160746 0.00385619 0.00241656
0.399822 0.8967 0.902543 0.890856 0.247316 0.263001 0.231631 0.195813 0.00584305 0.0156848 0.00375653 0.00236017
0.403213 0.878991 0.884667 0.873314 0.240246 0.255549 0.224943 0.191829 0.00567643 0.0153031 0.00365927 0.00230496
0.406604 0.861507 0.867022 0.855993 0.23334 0.248269 0.218411 0.187919 0.0055144 0.0149293 0.00356435 0.00225089
0.409995 0.844248 0.849605 0.838891 0.226594 0.241157 0.21203 0.18408 0.00535682 0.0145632 0.00347172 0.00219795
0.413385 0.827211 0.832415 0.822008 0.220005 0.23421 0.2058 0.180311 0.00520356 0.0142048 0.00338132 0.0021461
0.416776 0.810396 0.815451 0.805342 0.213571 0.227425 0.199717 0.17661 0.00505449 0.0138539 0.00329309 0.00209533
0.420167 0.793801 0.79871 0.788891 0.207288 0.220799 0.193778 0.172977 0.0049095 0.0135103 0.00320697 0.00204561
0.423558 0.777423 0.782191 0.772655 0.201155 0.214329 0.187981 0.169411 0.00476847 0.0131739 0.00312293 0.00199692
0.426949 0.761263 0.765894 0.756631 0.195168 0.208013 0.182324 0.165909 0.00463129 0.0128446 0.0030409 0.00194924
0.43034 0.745316 0.749814 0.740818 0.189325 0.201848 0.176803 0.162471 0.00449784 0.0125222 0.00296083 0.00190255
0.43373 0.729583 0.733951 0.725215 0.183624 0.19583 0.171417 0.159096 0.00436803 0.0122066 0.00288269 0.00185683
0.437121 0.714062 0.718304 0.709821 0.17806 0.189958 0.166163 0.155781 0.00424175 0.0118977 0.00280641 0.00181205
0.440512 0.698752 0.702871 0.694633 0.172633 0.184228 0.161038 0.152527 0.0041189 0.0115954 0.00273196 0.00176821
0.443903 0.683651 0.68765 0.679651 0.167339 0.178639 0.15604 0.149332 0.00399938 0.0112995 0.0026593 0.00172528
0.447294 0.668758 0.672641 0.664875 0.162176 0.173186 0.151166 0.146195 0.00388311 0.0110099 0.00258838 0.00168323
0.450685 0.654071 0.657841 0.650301 0.157142 0.167869 0.146415 0.143115 0.00376999 0.0107266 0.00251915 0.00164207
0.454075 0.639591 0.643251 0.635931 0.152234 0.162683 0.141785 0.140091 0.00365994 0.0104493 0.00245158 0.00160175
0.457466 0.625314 0.628866 0.621761 0.14745 0.157628 0.137272 0.137121 0.00355287 0.010178 0.00238563 0.00156228
0.460857 0.61124 0.614689 0.607791 0.142787 0.152699 0.132874 0.134205 0.00344869 0.0099125 0.00232126 0.00152363
0.464248 0.597368 0.600715 0.594021 0.138243 0.147896 0.12859 0.131342 0.00334734 0.0096528 0.00225843 0.00148579
0.467639 0.583697 0.586946 0.580448 0.133816 0.143215 0.124417 0.128531 0.00324873 0.00939874 0.00219711 0.00144874
0.47103 0.570225 0.573378 0.567073 0.129503 0.138654 0.120353 0.125771 0.00315278 0.00915023 0.00213726 0.00141246
0.47442 0.556952 0.560011 0.553893 0.125303 0.13421 0.116396 0.123061 0.00305944 0.00890715 0.00207884 0.00137695
0.477811 0.543876 0.546845 0.540907 0.121213 0.129883 0.112544 0.1204 0.00296861 0.0086694 0.00202183 0.00134217
0.481202 0.530996 0.533876 0.528116 0.117231 0.125668 0.108795 0.117787 0.00288025 0.0084369 0.00196619 0.00130813
0.484593 0.518311 0.521105 0.515517 0.113355 0.121565 0.105146 0.115222 0.00279427 0.00820953 0.00191188 0.0012748
0.487984 0.50582 0.508531 0.50311 0.109583 0.11757 0.101596 0.112703 0.00271063 0.00798721 0.00185888 0.00124218
0.491375 0.493522 0.496151 0.490893 0.105912 0.113682 0.0981424 0.11023 0.00262924 0.00776983 0.00180716 0.00121025
0.494765 0.481416 0.483966 0.478866 0.102341 0.109898 0.0947838 0.107802 0.00255007 0.00755731 0.00175669 0.00117899
0.498156 0.4695 0.471973 0.467027 0.0988675 0.106217 0.0915179 0.105418 0.00247303 0.00734956 0.00170743 0.00114839
0.501547 0.457774 0.460172 0.455376 0.0954894 0.102636 0.0883429 0.103077 0.00239809 0.00714649 0.00165937 0.00111844
0.504938 0.446236 0.448561 0.443911 0.092205 0.099153 0.085257 0.100779 0.00232518 0.00694801 0.00161247 0.00108913
0.508329 0.434886 0.43714 0.432631 0.0890123 0.0957664 0.0822583 0.0985223 0.00225424 0.00675402 0.00156671 0.00106045
0.51172 0.423722 0.425907 0.421536 0.0859093 0.0924737 0.0793448 0.0963071 0.00218524 0.00656446 0.00152206 0.00103238
0.51511 0.412743 0.414861 0.410625 0.082894 0.0892732 0.0765148 0.0941322 0.00211811 0.00637924 0.00147849 0.00100491
0.518501 0.401949 0.404001 0.399896 0.0799648 0.0861631 0.0737666 0.0919971 0.00205281 0.00619826 0.00143599 0.000978027
0.521892 0.391337 0.393326 0.389348 0.0771197 0.0831411 0.0710982 0.089901 0.00198929 0.00602146 0.00139452 0.000951728
0.525283 0.380908 0.382835 0.37898 0.0743568 0.0802056 0.0685081 0.0878433 0.0019275 0.00584876 0.00135407 0.000925997
0.528674 0.370659 0.372527 0.368792 0.0716744 0.0773545 0.0659944 0.0858232 0.0018674 0.00568007 0.0013146 0.000900824
0.532065 0.36059 0.362399 0.358781 0.0690708 0.0745861 0.0635555 0.0838402 0.00180894 0.00551533 0.00127611 0.000876199
0.535455 0.3507 0.352452 0.348948 0.0665442 0.0718986 0.0611897 0.0818937 0.00175209 0.00535445 0.00123857 0.000852111
0.538846 0.340988 0.342685 0.339291 0.0640928 0.0692902 0.0588955 0.079983 0.00169679 0.00519736 0.00120195 0.00082855
0.542237 0.331452 0.333095 0.329809 0.0617151 0.0667591 0.0566711 0.0781075 0.00164301 0.00504399 0.00116623 0.000805507
0.545628 0.32209 0.323681 0.3205 0.0594091 0.0643034 0.0545148 0.0762667 0.00159072 0.00489427 0.00113141 0.000782972
0.549019 0.312904 0.314443 0.311364 0.0571735 0.0619216 0.0524253 0.0744599 0.00153986 0.00474814 0.00109744 0.000760936
0.55241 0.30389 0.30538 0.302399 0.0550066 0.0596121 0.0504011 0.0726866 0.00149042 0.00460551 0.00106433 0.000739389
0.5558 0.295047 0.296489 0.293605 0.0529066 0.0573729 0.0484403 0.0709462 0.00144234 0.00446632 0.00103204 0.000718323
0.559191 0.286375 0.287771 0.284979 0.050872 0.0552025 0.0465415 0.0692382 0.00139559 0.00433052 0.00100056 0.000697728
0.562582 0.277872 0.279222 0.276522 0.0489014 0.0530994 0.0447034 0.0675621 0.00135014 0.00419802 0.000969877 0.000677596
0.565973 0.269538 0.270844 0.268232 0.0469932 0.051062 0.0429244 0.0659174 0.00130597 0.00406877 0.000939965 0.000657919
0.569364 0.26137 0.262633 0.260107 0.0451459 0.0490886 0.0412032 0.0643035 0.00126302 0.0039427 0.00091081 0.000638689
0.572755 0.253367 0.254588 0.252146 0.0433579 0.0471777 0.0395382 0.0627199 0.00122128 0.00381976 0.000882396 0.000619896
0.576146 0.245529 0.246709 0.244348 0.041628 0.0453278 0.0379281 0.0611661 0.00118071 0.00369988 0.000854706 0.000601534
0.579536 0.237853 0.238994 0.236712 0.0399545 0.0435375 0.0363715 0.0596418 0.00114128 0.003583 0.000827724 0.000583594
0.582927 0.230339 0.231442 0.229236 0.0383361 0.0418051 0.034867 0.0581463 0.00110297 0.00346906 0.000801435 0.000566069
0.586318 0.222985 0.224051 0.221919 0.0367714 0.0401294 0.0334134 0.0566792 0.00106574 0.003358 0.000775825 0.000548951
0.589709 0.21579 0.216819 0.21476 0.0352591 0.0385088 0.0320093 0.0552401 0.00102957 0.00324977 0.000750877 0.000532232
0.5931 0.208752 0.209746 0.207757 0.0337977 0.036942 0.0306534 0.0538286 0.000994436 0.00314432 0.000726577 0.000515906
0.596491 0.20187 0.20283 0.20091 0.0323861 0.0354276 0.0293445 0.0524441 0.000960302 0.00304157 0.000702912 0.000499966
0.599881 0.195143 0.19607 0.194216 0.0310228 0.0339643 0.0280813 0.0510863 0.000927149 0.00294149 0.000679867 0.000484404
0.603272 0.188568 0.189463 0.187674 0.0297066 0.0325507 0.0268626 0.0497548 0.00089495 0.00284402 0.000657429 0.000469213
0.606663 0.182146 0.18301 0.181282 0.0284363 0.0311854 0.0256872 0.0484491 0.000863682 0.0027491 0.000635585 0.000454387
0.610054 0.175873 0.176707 0.17504 0.0272107 0.0298673 0.024554 0.0471689 0.000833321 0.00265668 0.000614322 0.00043992
0.613445 0.169749 0.170553 0.168945 0.0260284 0.0285951 0.0234617 0.0459137 0.000803845 0.00256672 0.000593626 0.000425804
0.616836 0.163772 0.164547 0.162997 0.0248884 0.0273675 0.0224092 0.0446831 0.000775231 0.00247916 0.000573486 0.000412033
0.620226 0.157941 0.158688 0.157193 0.0237894 0.0261834 0.0213955 0.0434769 0.000747458 0.00239396 0.00055389 0.000398601
0.623617 0.152253 0.152973 0.151532 0.0227304 0.0250414 0.0204193 0.0422945 0.000720504 0.00231106 0.000534826 0.000385502
0.627008 0.146707 0.147402 0.146013 0.0217101 0.0239406 0.0194797 0.0411357 0.000694349 0.00223042 0.000516281 0.00037273
0.630399 0.141303 0.141972 0.140634 0.0207276 0.0228796 0.0185756 0.0400001 0.000668972 0.00215199 0.000498246 0.000360278
0.63379 0.136037 0.136681 0.135392 0.0197817 0.0218574 0.0177059 0.0388873 0.000644354 0.00207572 0.000480707 0.000348142
0.637181 0.130908 0.131529 0.130288 0.0188713 0.0208729 0.0168697 0.037797 0.000620476 0.00200158 0.000463656 0.000336314
0.640571 0.125915 0.126513 0.125318 0.0179955 0.019925 0.016066 0.0367289 0.000597319 0.00192951 0.00044708 0.00032479
0.643962 0.121056 0.121631 0.120481 0.0171531 0.0190126 0.0152937 0.0356825 0.000574865 0.00185947 0.00043097 0.000313564
0.647353 0.116329 0.116882 0.115776 0.0163433 0.0181347 0.0145519 0.0346577 0.000553096 0.00179142 0.000415316 0.00030263
0.650744 0.111733 0.112265 0.111201 0.015565 0.0172903 0.0138397 0.033654 0.000531994 0.00172531 0.000400106 0.000291982
0.654135 0.107265 0.107776 0.106753 0.0148173 0.0164784 0.0131561 0.0326712 0.000511544 0.00166112 0.000385332 0.000281617
0.657526 0.102924 0.103415 0.102432 0.0140992 0.0156979 0.0125004 0.0317089 0.000491728 0.00159878 0.000370984 0.000271527
0.660916 0.0987078 0.0991803 0.0982352 0.0134098 0.0149481 0.0118715 0.0307669 0.00047253 0.00153827 0.000357052 0.000261709
0.664307 0.0946149 0.0950688 0.094161 0.0127482 0.0142278 0.0112687 0.0298448 0.000453935 0.00147954 0.000343527 0.000252157
0.667698 0.0906434 0.0910793 0.0902075 0.0121136 0.0135362 0.0106911 0.0289423 0.000435927 0.00142256 0.000330401 0.000242866
0.671089 0.0867915 0.08721 0.086373 0.0115051 0.0128724 0.0101379 0.0280592 0.000418491 0.00136728 0.000317663 0.000233831
0.67448 0.0830571 0.0834587 0.0826555 0.0109219 0.0122355 0.00960821 0.0271952 0.000401612 0.00131367 0.000305306 0.000225047
0.677871 0.0794384 0.0798237 0.0790531 0.010363 0.0116247 0.00910135 0.0263499 0.000385277 0.00126169 0.000293321 0.000216509
0.681261 0.0759336 0.076303 0.0755641 0.00982783 0.0110391 0.00861652 0.0255232 0.000369471 0.00121131 0.0002817 0.000208213
0.684652 0.0725406 0.0728948 0.0721864 0.00931546 0.0104779 0.00815298 0.0247147 0.000354181 0.00116248 0.000270433 0.000200154
0.688043 0.0692576 0.069597 0.0689182 0.00882519 0.00994037 0.00771 0.0239242 0.000339393 0.00111518 0.000259514 0.000192328
0.691434 0.0660826 0.0664076 0.0657575 0.00835623 0.0094256 0.00728686 0.0231514 0.000325095 0.00106937 0.000248934 0.000184729
0.694825 0.0630137 0.0633249 0.0627024 0.00790788 0.00893289 0.00688286 0.0223961 0.000311273 0.00102501 0.000238686 0.000177354
0.698216 0.0600487 0.0603466 0.0597508 0.00747942 0.0084615 0.00649735 0.021658 0.000297916 0.000982078 0.000228761 0.000170197
0.701606 0.0571859 0.0574709 0.0569009 0.00707017 0.0080107 0.00612964 0.0209368 0.000285011 0.00094053 0.000219153 0.000163255
0.704997 0.0544232 0.0546957 0.0541507 0.00667944 0.00757977 0.0057791 0.0202323 0.000272546 0.000900338 0.000209854 0.000156523
0.708388 0.0517587 0.0520192 0.0514981 0.00630656 0.00716803 0.00544509 0.0195443 0.000260509 0.000861469 0.000200857 0.000149997
0.711779 0.0491901 0.049439 0.0489412 0.0059509 0.00677479 0.00512701 0.0188726 0.00024889 0.000823892 0.000192155 0.000143673
0.71517 0.0467158 0.0469534 0.0464781 0.00561184 0.00639942 0.00482427 0.0182168 0.000237677 0.000787575 0.000183741 0.000137547
0.718561 0.0443335 0.0445604 0.0441066 0.00528876 0.00604125 0.00453627 0.0175767 0.00022686 0.00075249 0.000175607 0.000131614
0.721951 0.0420414 0.0422578 0.0418249 0.00498107 0.00569968 0.00426247 0.0169522 0.000216427 0.000718605 0.000167748 0.000125871
0.725342 0.0398372 0.0400436 0.0396309 0.0046882 0.00537409 0.00400231 0.016343 0.000206369 0.000685892 0.000160156 0.000120313
0.728733 0.0377191 0.0379158 0.0375225 0.00440958 0.0050639 0.00375526 0.0157489 0.000196675 0.000654321 0.000152826 0.000114937
0.732124 0.0356851 0.0358724 0.0354978 0.00414465 0.00476852 0.00352079 0.0151696 0.000187336 0.000623863 0.00014575 0.000109738
0.735515 0.0337331 0.0339114 0.0335547 0.0038929 0.00448739 0.00329841 0.0146049 0.000178341 0.000594492 0.000138924 0.000104713
0.738906 0.031861 0.0320307 0.0316914 0.0036538 0.00421998 0.00308762 0.0140546 0.000169681 0.000566179 0.000132339 9.98588e-05
0.742296 0.030067 0.0302284 0.0299057 0.00342685 0.00396575 0.00288796 0.0135186 0.000161348 0.000538898 0.000125991 9.51706e-05
0.745687 0.028349 0.0285023 0.0281956 0.00321157 0.00372419 0.00269895 0.0129965 0.000153332 0.000512621 0.000119874 9.06449e-05
0.749078 0.0267049 0.0268505 0.0265593 0.00300748 0.0034948 0.00252015 0.0124882 0.000145623 0.000487323 0.000113981 8.62782e-05
0.752469 0.0251329 0.0252711 0.0249947 0.00281412 0.00327709 0.00235114 0.0119935 0.000138214 0.000462978 0.000108307 8.20669e-05
0.75586 0.0236309 0.023762 0.0234998 0.00263104 0.0030706 0.00219148 0.0115122 0.000131096 0.000439561 0.000102847 7.80073e-05
0.759251 0.0221969 0.0223212 0.0220727 0.00245782 0.00287487 0.00204077 0.011044 0.00012426 0.000417047 9.75939e-05 7.4096e-05
0.762641 0.020829 0.0209467 0.0207113 0.00229403 0.00268944 0.00189862 0.0105888 0.000117699 0.000395411 9.25435e-05 7.03294e-05
0.766032 0.0195253 0.0196367 0.0194139 0.00213927 0.0025139 0.00176464 0.0101463 0.000111404 0.00037463 8.76901e-05 6.67041e-05
0.769423 0.0182838 0.0183892 0.0181784 0.00199315 0.00234783 0.00163847 0.00971643 0.000105367 0.000354679 8.30284e-05 6.32166e-05
0.772814 0.0171026 0.0172021 0.017003 0.00185528 0.00219081 0.00151974 0.00929891 9.95818e-05 0.000335537 7.85532e-05 5.98638e-05
0.776205 0.0159797 0.0160738 0.0158857 0.00172529 0.00204247 0.00140811 0.00889357 9.404e-05 0.000317179 7.42595e-05 5.66421e-05
0.779596 0.0149134 0.0150021 0.0148246 0.00160284 0.00190242 0.00130325 0.00850021 8.87343e-05 0.000299585 7.01423e-05 5.35483e-05
0.782986 0.0139017 0.0139853 0.013818 0.00148757 0.0017703 0.00120484 0.00811865 8.36576e-05 0.000282731 6.61967e-05 5.05792e-05
0.786377 0.0129427 0.0130215 0.0128639 0.00137915 0.00164575 0.00111256 0.00774869 7.88029e-05 0.000266596 6.24177e-05 4.77316e-05
0.789768 0.0120348 0.0121089 0.0119606 0.00127727 0.00152842 0.00102611 0.00739015 7.41633e-05 0.00025116 5.88007e-05 4.50022e-05
0.793159 0.011176 0.0112457 0.0111062 0.0011816 0.001418 0.000945198 0.00704283 6.97322e-05 0.0002364 5.5341e-05 4.2388e-05
0.79655 0.0103645 0.01043 0.010299 0.00109185 0.00131415 0.000869553 0.00670656 6.55028e-05 0.000222298 5.2034e-05 3.98858e-05
0.799941 0.00959872 0.00966019 0.00953725 0.00100773 0.00121657 0.000798902 0.00638115 6.14689e-05 0.000208832 4.88752e-05 3.74926e-05
0.803332 0.00887677 0.0089344 0.00881915 0.00092897 0.00112495 0.000732987 0.00606641 5.7624e-05 0.000195983 4.58601e-05 3.52054e-05
0.806722 0.008197 0.00825096 0.00814304 0.000855288 0.00103902 0.000671556 0.00576215 5.3962e-05 0.000183732 4.29843e-05 3.30211e-05
0.810113 0.00755772 0.0076082 0.00750725 0.000786431 0.00095849 0.000614372 0.00546821 5.04769e-05 0.000172059 4.02437e-05 3.09369e-05
0.813504 0.00695729 0.00700445 0.00691013 0.000722149 0.000883096 0.000561202 0.0051844 4.71627e-05 0.000160947 3.76338e-05 2.89498e-05
0.816895 0.00639409 0.0064381 0.00635007 0.000662204 0.00081258 0.000511827 0.00491054 4.40136e-05 0.000150376 3.51507e-05 2.7057e-05
0.820286 0.00586651 0.00590754 0.00582549 0.000606362 0.000746692 0.000466033 0.00464644 4.1024e-05 0.00014033 3.27902e-05 2.52555e-05
0.823677 0.005373 0.00541119 0.00533481 0.000554405 0.000685195 0.000423616 0.00439193 3.81883e-05 0.000130789 3.05483e-05 2.35427e-05
0.827067 0.00491203 0.00494753 0.00487652 0.000506119 0.000627856 0.000384381 0.00414684 3.55011e-05 0.000121738 2.8421e-05 2.19157e-05
0.830458 0.0044821 0.00451505 0.00444914 0.0004613 0.000574458 0.000348142 0.00391097 3.2957e-05 0.000113158 2.64045e-05 2.03718e-05
0.833849 0.00408175 0.0041123 0.0040512 0.000419751 0.000524785 0.000314718 0.00368417 3.05508e-05 0.000105034 2.44951e-05 1.89083e-05
0.83724 0.00370954 0.00373782 0.00368126 0.000381287 0.000478636 0.000283938 0.00346624 2.82775e-05 9.7349e-05 2.26888e-05 1.75225e-05
0.840631 0.00336409 0.00339022 0.00333796 0.000345725 0.000435813 0.000255638 0.00325702 2.61321e-05 9.00872e-05 2.09822e-05 1.62119e-05
0.844022 0.00304403 0.00306814 0.00301992 0.000312895 0.000396128 0.000229662 0.00305633 2.41096e-05 8.3233e-05 1.93715e-05 1.49739e-05
0.847412 0.00274804 0.00277025 0.00272583 0.000282631 0.000359402 0.00020586 0.00286399 2.22053e-05 7.6771e-05 1.78533e-05 1.38058e-05
0.850803 0.00247483 0.00249524 0.00245441 0.000254777 0.000325463 0.00018409 0.00267982 2.04146e-05 7.06862e-05 1.6424e-05 1.27052e-05
0.854194 0.00222314 0.00224188 0.00220441 0.000229181 0.000294144 0.000164217 0.00250366 1.87329e-05 6.49639e-05 1.50803e-05 1.16696e-05
0.857585 0.00199177 0.00200893 0.00197462 0.0002057 0.000265289 0.00014611 0.00233533 1.71557e-05 5.95897e-05 1.38187e-05 1.06966e-05
0.860976 0.00177953 0.00179521 0.00176386 0.000184197 0.000238746 0.000129647 0.00217465 1.56787e-05 5.45494e-05 1.26361e-05 9.78379e-06
0.864367 0.00158529 0.00159959 0.00157099 0.000164542 0.000214371 0.000114712 0.00202145 1.42975e-05 4.98294e-05 1.15291e-05 8.92876e-06
0.867757 0.00140794 0.00142095 0.00139493 0.00014661 0.000192026 0.000101194 0.00187555 1.30081e-05 4.5416e-05 1.04947e-05 8.12921e-06
0.871148 0.00124642 0.00125822 0.00123461 0.000130284 0.00017158 8.89879e-05 0.00173678 1.18063e-05 4.12961e-05 9.52974e-06 7.38285e-06
0.874539 0.0010997 0.00111038 0.00108901 0.000115451 0.000152908 7.79942e-05 0.00160497 1.06883e-05 3.74568e-05 8.63116e-06 6.68742e-06
0.87793 0.000966789 0.000976439 0.000957139 0.000102005 0.00013589 6.81192e-05 0.00147994 9.65002e-06 3.38854e-05 7.796e-06 6.04073e-06
0.881321 0.000846748 0.000855436 0.00083806 8.98436e-05 0.000120413 5.9274e-05 0.00136152 8.68779e-06 3.05696e-05 7.02135e-06 5.44059e-06
0.884712 0.000738661 0.000746459 0.000730863 7.88722e-05 0.00010637 5.13749e-05 0.00124953 7.79788e-06 2.74973e-05 6.30436e-06 4.88486e-06
0.888102 0.000641655 0.000648631 0.000634678 6.9e-05 9.36568e-05 4.43433e-05 0.0011438 6.97669e-06 2.46567e-05 5.64224e-06 4.37146e-06
0.891493 0.000554894 0.000561114 0.000548673 6.01412e-05 8.21776e-05 3.81047e-05 0.00104415 6.22072e-06 2.20365e-05 5.03227e-06 3.89833e-06
0.894884 0.00047758 0.000483106 0.000472053 5.22149e-05 7.18401e-05 3.25896e-05 0.000950415 5.52652e-06 1.96252e-05 4.47177e-06 3.46344e-06
0.898275 0.000408955 0.000413846 0.000404064 4.51449e-05 6.2557e-05 2.77328e-05 0.000862409 4.89078e-06 1.74121e-05 3.95814e-06 3.06483e-06
0.901666 0.000348295 0.000352605 0.000343984 3.88594e-05 5.42458e-05 2.3473e-05 0.000779962 4.31023e-06 1.53864e-05 3.48883e-06 2.70055e-06
0.905057 0.000294914 0.000298695 0.000291132 3.32911e-05 4.68288e-05 1.97533e-05 0.000702897 3.78173e-06 1.35378e-05 3.06137e-06 2.36873e-06
0.908447 0.000248163 0.000251466 0.000244861 2.83765e-05 4.02325e-05 1.65204e-05 0.000631038 3.30219e-06 1.1856e-05 2.67332e-06 2.06749e-06
0.911838 0.000207429 0.000210298 0.000204561 2.40562e-05 3.43876e-05 1.37247e-05 0.00056421 2.86864e-06 1.03314e-05 2.32234e-06 1.79504e-06
0.915229 0.000172133 0.000174611 0.000169655 2.02747e-05 2.9229e-05 1.13204e-05 0.000502236 2.47816e-06 8.95432e-06 2.00611e-06 1.54961e-06
0.91862 0.000141732 0.00014386 0.000139604 1.69802e-05 2.46956e-05 9.26479e-06 0.000444939 2.12794e-06 7.71542e-06 1.7224e-06 1.32947e-06
0.922011 0.000115716 0.000117531 0.000113901 1.41243e-05 2.073e-05 7.51863e-06 0.000392142 1.81526e-06 6.60569e-06 1.46904e-06 1.13295e-06
0.925402 9.3611e-05 9.51485e-05 9.20736e-05 1.1662e-05 1.72784e-05 6.0457e-06 0.000343666 1.53747e-06 5.61634e-06 1.24391e-06 9.5841e-07
0.928792 7.49734e-05 7.62654e-05 7.36814e-05 9.5517e-06 1.42906e-05 4.8128e-06 0.000299335 1.29201e-06 4.73889e-06 1.04497e-06 8.04262e-07
0.932183 5.9393e-05 6.04694e-05 5.83166e-05 7.75461e-06 1.17197e-05 3.78952e-06 0.000258968 1.0764e-06 3.96509e-06 8.70233e-07 6.68964e-07
0.935574 4.64903e-05 4.73785e-05 4.5602e-05 6.23513e-06 9.5221e-06 2.94815e-06 0.000222388 8.88258e-07 3.28697e-06 7.17771e-07 5.5102e-07
0.938965 3.59165e-05 3.66417e-05 3.51912e-05 4.96038e-06 7.65722e-06 2.26355e-06 0.000189415 7.25279e-07 2.69683e-06 5.8573e-07 4.48982e-07
0.942356 2.73523e-05 2.79375e-05 2.6767e-05 3.90024e-06 6.08748e-06 1.713e-06 0.000159868 5.85244e-07 2.18724e-06 4.72318e-07 3.61452e-07
0.945747 2.0507e-05 2.0973e-05 2.0041e-05 3.0271e-06 4.77812e-06 1.27608e-06 0.000133567 4.66022e-07 1.75102e-06 3.75811e-07 2.8708e-07
0.949137 1.51175e-05 1.54831e-05 1.4752e-05 2.31583e-06 3.69711e-06 9.34548e-07 0.000110331 3.65568e-07 1.38128e-06 2.9455e-07 2.24568e-07
0.952528 1.09475e-05 1.12295e-05 1.06656e-05 1.74361e-06 2.81502e-06 6.72198e-07 8.99789e-05 2.81922e-07 1.07141e-06 2.26946e-07 1.72669e-07
0.955919 7.78623e-06 7.99945e-06 7.57301e-06 1.28982e-06 2.10487e-06 4.74766e-07 7.23286e-05 2.13217e-07 8.15051e-07 1.71476e-07 1.30191e-07
0.95931 5.44745e-06 5.60512e-06 5.28978e-06 9.35939e-07 1.54208e-06 3.298e-07 5.7198e-05 1.57672e-07 6.06138e-07 1.26692e-07 9.59941e-08
0.962701 3.76861e-06 3.88221e-06 3.65501e-06 6.65434e-07 1.10432e-06 2.26549e-07 4.44051e-05 1.13596e-07 4.38885e-07 9.12154e-08 6.89966e-08
0.966092 2.60971e-06 2.6891e-06 2.53031e-06 4.63652e-07 7.71443e-07 1.55862e-07 3.37684e-05 7.93936e-08 3.07791e-07 6.37415e-08 4.81739e-08
0.969482 1.85246e-06 1.90602e-06 1.7989e-06 3.17743e-07 5.25393e-07 1.10092e-07 2.51075e-05 5.35602e-08 2.0765e-07 4.3042e-08 3.25614e-08
0.972873 1.39978e-06 1.43446e-06 1.36509e-06 2.1659e-07 3.50149e-07 8.30318e-08 1.82455e-05 3.4689e-08 1.33558e-07 2.79667e-08 2.12561e-08
0.976264 1.17602e-06 1.19749e-06 1.15455e-06 1.5081e-07 2.31729e-07 6.98903e-08 1.3012e-05 2.14715e-08 8.09193e-08 1.74454e-08 1.34189e-08
0.979655 1.12947e-06 1.14217e-06 1.11677e-06 1.12876e-07 1.58337e-07 6.74164e-08 9.25288e-06 1.27008e-08 4.54601e-08 1.04908e-08 8.27659e-09
0.983046 1.24206e-06 1.24933e-06 1.23479e-06 9.77037e-08 1.20948e-07 7.44592e-08 6.85554e-06 7.27322e-09 2.32445e-08 6.20003e-09 5.12275e-09
0.986437 1.5718e-06 1.57599e-06 1.56762e-06 1.05195e-07 1.15886e-07 9.45036e-08 5.84148e-06 4.18562e-09 1.06914e-08 3.75021e-09 3.31231e-09
0.989827 2.60216e-06 2.60466e-06 2.59966e-06 1.61307e-07 1.65898e-07 1.56715e-07 6.89824e-06 2.49878e-09 4.59132e-09 2.35932e-09 2.21879e-09
0.993218 1.09656e-05 1.09659e-05 1.09652e-05 6.63866e-07 6.66714e-07 6.61018e-07 3.81705e-05 3.35333e-10 2.84805e-09 1.6845e-10 2.11758e-22
4.01075e-314 inf inf inf inf inf inf 0.0025863 29.4034 0.990535 0.683525 0.317398
