9.72476e-05 4.52022 4.88161 4.15884 1.74481 1.94133 1.54829 8.24463 0.361383 0.196521 0.0884164 0.0800765
0.0001 4.49387 4.85465 4.13308 1.73471 1.93081 1.53861 8.1739 0.360784 0.1961 0.0878883 0.0794576
0.00010283 4.46792 4.82811 4.10774 1.72477 1.92045 1.52909 8.10365 0.360187 0.195683 0.0873647 0.0788423
0.000105741 4.44345 4.80305 4.08386 1.71539 1.91066 1.52012 8.03387 0.359593 0.195269 0.0868456 0.0782305
0.000108734 4.41686 4.77586 4.05786 1.70521 1.90006 1.51035 7.96457 0.359002 0.194859 0.0863309 0.077622
0.000111811 4.39041 4.74882 4.032 1.69508 1.88953 1.50063 7.89574 0.358414 0.194452 0.0858207 0.0770173
0.000114976 4.36409 4.72192 4.00626 1.68501 1.87905 1.49096 7.82737 0.357828 0.194049 0.0853149 0.0764158
0.00011823 4.33791 4.69515 3.98066 1.67499 1.86864 1.48134 7.75947 0.357245 0.19365 0.0848135 0.0758178
0.000121576 4.31186 4.66853 3.9552 1.66502 1.85828 1.47177 7.69203 0.356665 0.193255 0.0843166 0.0752233
0.000125017 4.28595 4.64204 3.92986 1.65511 1.84797 1.46225 7.62504 0.356087 0.192863 0.0838241 0.0746322
0.000128556 4.26017 4.61568 3.90466 1.64525 1.83773 1.45278 7.55852 0.355512 0.192474 0.083336 0.0740444
0.000132194 4.23453 4.58947 3.87959 1.63545 1.82754 1.44336 7.49244 0.35494 0.192089 0.0828524 0.0734602
0.000135936 4.20902 4.56339 3.85465 1.6257 1.81741 1.43399 7.42682 0.354369 0.191708 0.0823731 0.0728793
0.000139783 4.18364 4.53745 3.82984 1.616 1.80733 1.42467 7.36165 0.353802 0.19133 0.0818982 0.0723016
0.000143739 4.1584 4.51164 3.80517 1.60636 1.79731 1.4154 7.29692 0.353237 0.190956 0.0814278 0.0717275
0.000147808 4.13329 4.48596 3.78061 1.59676 1.78735 1.40618 7.23264 0.352674 0.190585 0.0809616 0.0711565
0.000151991 4.10831 4.46042 3.75619 1.58722 1.77744 1.397 7.16879 0.352114 0.190218 0.0804999 0.0705889
0.000156293 4.08346 4.43501 3.7319 1.57773 1.76759 1.38788 7.10539 0.351556 0.189854 0.0800426 0.0700246
0.000160717 4.05874 4.40974 3.70774 1.56829 1.75779 1.3788 7.04242 0.351 0.189493 0.0795897 0.0694636
0.000165265 4.03414 4.38459 3.6837 1.55891 1.74804 1.36977 6.97988 0.350446 0.189136 0.079141 0.0689058
0.000169943 4.00968 4.35958 3.65979 1.54957 1.73836 1.36079 6.91777 0.349895 0.188783 0.0786969 0.0683514
0.000174753 3.98535 4.33469 3.636 1.54029 1.72872 1.35186 6.8561 0.349346 0.188432 0.078257 0.0678002
0.000179699 3.96114 4.30994 3.61234 1.53106 1.71914 1.34297 6.79485 0.348799 0.188085 0.0778214 0.0672521
0.000184785 3.93706 4.28531 3.5888 1.52188 1.70962 1.33413 6.73402 0.348254 0.187742 0.0773903 0.0667074
0.000190015 3.9131 4.26081 3.56539 1.51274 1.70014 1.32534 6.67361 0.347712 0.187401 0.0769634 0.0661658
0.000195393 3.88927 4.23644 3.5421 1.50366 1.69073 1.3166 6.61363 0.347171 0.187064 0.076541 0.0656274
0.000200923 3.86557 4.2122 3.51894 1.49463 1.68136 1.3079 6.55405 0.346632 0.186731 0.0761228 0.0650922
0.00020661 3.84199 4.18809 3.4959 1.48565 1.67205 1.29925 6.4949 0.346095 0.1864 0.075709 0.0645601
0.000212458 3.81854 4.1641 3.47298 1.47671 1.66279 1.29064 6.43615 0.34556 0.186073 0.0752994 0.0640312
0.000218471 3.79521 4.14023 3.45018 1.46783 1.65358 1.28208 6.37781 0.345027 0.185749 0.0748943 0.0635055
0.000224655 3.772 4.11649 3.4275 1.459 1.64443 1.27357 6.31988 0.344496 0.185428 0.0744935 0.0629828
0.000231013 3.74891 4.09288 3.40494 1.45021 1.63532 1.2651 6.26236 0.343966 0.18511 0.0740969 0.0624633
0.000237551 3.72595 4.06939 3.38251 1.44148 1.62627 1.25668 6.20523 0.343438 0.184795 0.0737047 0.0619469
0.000244275 3.7031 4.04602 3.36019 1.43279 1.61727 1.2483 6.14851 0.342912 0.184484 0.0733167 0.0614335
0.000251189 3.68038 4.02277 3.33799 1.42415 1.60832 1.23997 6.09218 0.342388 0.184175 0.0729331 0.0609232
0.000258298 3.65778 3.99964 3.31591 1.41556 1.59943 1.23168 6.03625 0.341865 0.18387 0.0725537 0.060416
0.000265609 3.6353 3.97664 3.29395 1.40701 1.59058 1.22344 5.98071 0.341343 0.183568 0.0721787 0.0599118
0.000273126 3.61293 3.95376 3.27211 1.39851 1.58178 1.21524 5.92557 0.340823 0.183269 0.0718079 0.0594106
0.000280857 3.59069 3.93099 3.25038 1.39006 1.57304 1.20709 5.8708 0.340305 0.182973 0.0714415 0.0589126
0.000288806 3.56856 3.90835 3.22877 1.38166 1.56434 1.19898 5.81643 0.339788 0.182679 0.0710793 0.0584175
0.00029698 3.54655 3.88582 3.20728 1.37331 1.5557 1.19092 5.76244 0.339272 0.182389 0.0707214 0.0579253
0.000305386 3.52466 3.86342 3.1859 1.365 1.5471 1.1829 5.70883 0.338757 0.182102 0.0703678 0.0574362
0.000314029 3.50288 3.84112 3.16463 1.35673 1.53855 1.17492 5.65561 0.338244 0.181818 0.0700184 0.05695
0.000322917 3.48122 3.81895 3.14349 1.34852 1.53006 1.16698 5.60276 0.337732 0.181536 0.0696733 0.0564668
0.000332057 3.45967 3.79689 3.12245 1.34035 1.52161 1.15909 5.55028 0.337221 0.181258 0.0693324 0.0559866
0.000341455 3.43824 3.77495 3.10153 1.33222 1.51321 1.15124 5.49818 0.336711 0.180982 0.0689959 0.0555093
0.000351119 3.41692 3.75313 3.08072 1.32415 1.50486 1.14344 5.44645 0.336201 0.180709 0.0686636 0.0550349
0.000361057 3.39572 3.73141 3.06003 1.31611 1.49655 1.13567 5.39508 0.335693 0.18044 0.0683355 0.0545634
0.000371276 3.37463 3.70982 3.03944 1.30813 1.4883 1.12795 5.34409 0.335186 0.180172 0.0680117 0.0540948
0.000381784 3.35365 3.68833 3.01897 1.30018 1.48009 1.12027 5.29346 0.33468 0.179908 0.0676921 0.0536291
0.00039259 3.33278 3.66696 2.99861 1.29228 1.47193 1.11264 5.24319 0.334174 0.179646 0.0673768 0.0531663
0.000403702 3.31203 3.6457 2.97836 1.28443 1.46382 1.10504 5.19328 0.333669 0.179388 0.0670657 0.0527063
0.000415128 3.29138 3.62455 2.95822 1.27662 1.45575 1.09749 5.14373 0.333165 0.179131 0.0667588 0.0522492
0.000426877 3.27085 3.60351 2.93819 1.26886 1.44774 1.08998 5.09453 0.332661 0.178878 0.0664562 0.051795
0.000438959 3.25042 3.58258 2.91827 1.26114 1.43976 1.08251 5.04569 0.332158 0.178627 0.0661578 0.0513436
0.000451383 3.23011 3.56176 2.89845 1.25346 1.43184 1.07508 4.9972 0.331655 0.178379 0.0658636 0.050895
0.000464159 3.2099 3.54105 2.87875 1.24583 1.42396 1.06769 4.94906 0.331153 0.178133 0.0655737 0.0504492
0.000477296 3.1898 3.52046 2.85915 1.23824 1.41613 1.06035 4.90127 0.330651 0.177891 0.0652879 0.0500062
0.000490805 3.16981 3.49996 2.83966 1.23069 1.40834 1.05304 4.85383 0.330149 0.17765 0.0650064 0.049566
0.000504697 3.14993 3.47958 2.82028 1.22319 1.4006 1.04577 4.80672 0.329647 0.177412 0.064729 0.0491286
0.000518981 3.13015 3.4593 2.801 1.21573 1.3929 1.03855 4.75996 0.329146 0.177177 0.0644559 0.0486939
0.00053367 3.11048 3.43912 2.78183 1.20831 1.38525 1.03136 4.71354 0.328644 0.176944 0.0641869 0.048262
0.000548775 3.09091 3.41906 2.76277 1.20093 1.37765 1.02422 4.66746 0.328143 0.176714 0.0639222 0.0478328
0.000564307 3.07145 3.3991 2.74381 1.1936 1.37008 1.01711 4.62172 0.327641 0.176486 0.0636616 0.0474064
0.000580278 3.0521 3.37924 2.72496 1.18631 1.36257 1.01005 4.57631 0.327139 0.17626 0.0634052 0.0469827
0.000596702 3.03284 3.35948 2.70621 1.17906 1.35509 1.00302 4.53123 0.326637 0.176037 0.063153 0.0465617
0.000613591 3.01369 3.33983 2.68756 1.17185 1.34767 0.996034 4.48648 0.326134 0.175816 0.0629049 0.0461434
0.000630957 2.99465 3.32028 2.66902 1.16468 1.34028 0.989085 4.44206 0.325631 0.175597 0.062661 0.0457278
0.000648815 2.9757 3.30083 2.65058 1.15756 1.33294 0.982176 4.39796 0.325128 0.175381 0.0624213 0.0453149
0.000667179 2.95686 3.28149 2.63224 1.15047 1.32564 0.975306 4.35419 0.324624 0.175167 0.0621857 0.0449046
0.000686062 2.93812 3.26224 2.614 1.14343 1.31838 0.968474 4.31074 0.324119 0.174955 0.0619543 0.044497
0.00070548 2.91948 3.24309 2.59586 1.13643 1.31117 0.96168 4.26762 0.323613 0.174746 0.061727 0.0440921
0.000725448 2.90094 3.22405 2.57783 1.12946 1.304 0.954926 4.22481 0.323107 0.174539 0.0615038 0.0436898
0.00074598 2.8825 3.2051 2.5599 1.12254 1.29687 0.948208 4.18232 0.322599 0.174333 0.0612847 0.0432901
0.000767094 2.86416 3.18625 2.54207 1.11566 1.28979 0.94153 4.14014 0.322091 0.17413 0.0610698 0.0428931
0.000788805 2.84591 3.16749 2.52433 1.10882 1.28275 0.934888 4.09828 0.321581 0.173929 0.060859 0.0424987
0.000811131 2.82777 3.14884 2.5067 1.10201 1.27574 0.928285 4.05673 0.32107 0.17373 0.0606522 0.0421068
0.000834088 2.80972 3.13028 2.48916 1.09525 1.26879 0.921719 4.01549 0.320558 0.173533 0.0604496 0.0417176
0.000857696 2.79177 3.11182 2.47173 1.08853 1.26187 0.91519 3.97456 0.320044 0.173338 0.060251 0.041331
0.000881971 2.77392 3.09345 2.45439 1.08184 1.25499 0.908698 3.93393 0.319529 0.173145 0.0600565 0.0409469
0.000906934 2.75616 3.07517 2.43715 1.0752 1.24815 0.902243 3.89361 0.319012 0.172954 0.059866 0.0405654
0.000932603 2.7385 3.05699 2.42001 1.06859 1.24136 0.895826 3.85359 0.318494 0.172765 0.0596796 0.0401864
0.000958999 2.72093 3.0389 2.40296 1.06202 1.2346 0.889444 3.81387 0.317973 0.172577 0.0594972 0.03981
0.000986142 2.70346 3.02091 2.38601 1.05549 1.22788 0.8831 3.77445 0.317451 0.172392 0.0593189 0.0394361
0.00101405 2.68608 3.00301 2.36916 1.049 1.22121 0.876792 3.73533 0.316926 0.172208 0.0591446 0.0390648
0.00104275 2.6688 2.9852 2.3524 1.04255 1.21457 0.870519 3.6965 0.316399 0.172026 0.0589743 0.038696
0.00107227 2.6516 2.96747 2.33573 1.03613 1.20797 0.864284 3.65797 0.31587 0.171845 0.058808 0.0383297
0.00110262 2.6345 2.94984 2.31916 1.02975 1.20142 0.858084 3.61973 0.315339 0.171666 0.0586456 0.0379658
0.00113382 2.61749 2.9323 2.30269 1.02341 1.1949 0.851919 3.58178 0.314805 0.171489 0.0584872 0.0376045
0.00116591 2.60058 2.91485 2.28631 1.0171 1.18842 0.84579 3.54412 0.314268 0.171314 0.0583327 0.0372456
0.00119891 2.58375 2.89748 2.27002 1.01084 1.18198 0.839697 3.50675 0.313728 0.17114 0.0581822 0.0368893
0.00123285 2.56702 2.8802 2.25383 1.00461 1.17557 0.833639 3.46967 0.313186 0.170967 0.0580356 0.0365353
0.00126774 2.55037 2.86301 2.23773 0.998413 1.16921 0.827617 3.43286 0.31264 0.170796 0.0578929 0.0361839
0.00130362 2.53381 2.8459 2.22172 0.992255 1.16288 0.821629 3.39634 0.312092 0.170626 0.057754 0.0358349
0.00134052 2.51734 2.82888 2.2058 0.986134 1.15659 0.815676 3.36011 0.31154 0.170458 0.0576191 0.0354883
0.00137846 2.50097 2.81195 2.18998 0.980049 1.15034 0.809758 3.32415 0.310984 0.170291 0.057488 0.0351441
0.00141747 2.48467 2.7951 2.17425 0.973999 1.14412 0.803874 3.28847 0.310425 0.170125 0.0573606 0.0348024
0.00145759 2.46847 2.77833 2.1586 0.967986 1.13795 0.798025 3.25306 0.309862 0.169961 0.0572371 0.0344631
0.00149885 2.45235 2.76164 2.14305 0.962007 1.1318 0.79221 3.21793 0.309296 0.169797 0.0571174 0.0341261
0.00154127 2.43631 2.74504 2.12759 0.956064 1.1257 0.786429 3.18308 0.308725 0.169635 0.0570014 0.0337916
0.00158489 2.42037 2.72852 2.11222 0.950156 1.11963 0.780682 3.14849 0.30815 0.169474 0.0568891 0.0334595
0.00162975 2.40451 2.71208 2.09693 0.944284 1.1136 0.77497 3.11417 0.307571 0.169314 0.0567806 0.0331297
0.00167588 2.38873 2.69571 2.08174 0.938445 1.1076 0.76929 3.08013 0.306987 0.169155 0.0566758 0.0328023
0.00172331 2.37303 2.67943 2.06663 0.932641 1.10164 0.763645 3.04635 0.306399 0.168997 0.0565746 0.0324773
0.00177209 2.35742 2.66323 2.05162 0.926872 1.09571 0.758033 3.01283 0.305805 0.168839 0.056477 0.0321546
0.00182224 2.34189 2.6471 2.03669 0.921137 1.08982 0.752454 2.97958 0.305207 0.168683 0.056383 0.0318342
0.00187382 2.32645 2.63105 2.02185 0.915435 1.08396 0.746908 2.94659 0.304604 0.168527 0.0562927 0.0315162
0.00192685 2.31109 2.61508 2.00709 0.909768 1.07814 0.741395 2.91387 0.303995 0.168372 0.0562058 0.0312005
0.00198139 2.2958 2.59919 1.99242 0.904134 1.07235 0.735916 2.8814 0.303381 0.168218 0.0561224 0.0308871
0.00203747 2.2806 2.58336 1.97784 0.898533 1.0666 0.730469 2.84919 0.302761 0.168064 0.0560425 0.0305761
0.00209514 2.26548 2.56762 1.96334 0.892965 1.06088 0.725054 2.81724 0.302136 0.167911 0.0559661 0.0302673
0.00215443 2.25044 2.55194 1.94893 0.887431 1.05519 0.719672 2.78554 0.301504 0.167758 0.055893 0.0299608
0.00221541 2.23548 2.53634 1.93461 0.881929 1.04953 0.714323 2.7541 0.300866 0.167606 0.0558233 0.0296566
0.00227812 2.22059 2.52081 1.92037 0.87646 1.04391 0.709006 2.72291 0.300222 0.167454 0.055757 0.0293547
0.00234259 2.20579 2.50536 1.90622 0.871022 1.03832 0.70372 2.69197 0.299571 0.167302 0.0556939 0.029055
0.0024089 2.19106 2.48997 1.89214 0.865618 1.03277 0.698467 2.66128 0.298914 0.167151 0.055634 0.0287576
0.00247708 2.17641 2.47466 1.87816 0.860246 1.02725 0.693246 2.63084 0.298249 0.167 0.0555774 0.0284625
0.00254719 2.16183 2.45941 1.86425 0.854905 1.02175 0.688056 2.60065 0.297578 0.166848 0.0555239 0.0281696
0.00261928 2.14733 2.44423 1.85043 0.849595 1.01629 0.682898 2.5707 0.296899 0.166697 0.0554735 0.0278789
0.00269341 2.13291 2.42912 1.8367 0.844317 1.01086 0.677772 2.541 0.296212 0.166546 0.0554261 0.0275905
0.00276965 2.11856 2.41408 1.82304 0.839071 1.00547 0.672676 2.51154 0.295517 0.166394 0.0553818 0.0273042
0.00284804 2.10428 2.3991 1.80947 0.833855 1.0001 0.667612 2.48232 0.294815 0.166243 0.0553404 0.0270202
0.00292864 2.09008 2.38419 1.79598 0.82867 0.994761 0.662579 2.45334 0.294104 0.166091 0.0553019 0.0267383
0.00301153 2.07596 2.36934 1.78257 0.823516 0.989454 0.657577 2.4246 0.293385 0.165939 0.0552662 0.0264587
0.00309677 2.0619 2.35456 1.76924 0.818392 0.984178 0.652606 2.3961 0.292657 0.165786 0.0552333 0.0261812
0.00318442 2.04792 2.33984 1.756 0.813299 0.978931 0.647666 2.36783 0.29192 0.165633 0.0552032 0.0259059
0.00327455 2.034 2.32518 1.74283 0.808235 0.973713 0.642756 2.33981 0.291175 0.165479 0.0551756 0.0256328
0.00336723 2.02016 2.31058 1.72974 0.803201 0.968525 0.637877 2.31201 0.290419 0.165324 0.0551507 0.0253618
0.00346253 2.00639 2.29605 1.71674 0.798196 0.963365 0.633027 2.28445 0.289655 0.165169 0.0551283 0.025093
0.00356053 1.99269 2.28157 1.70381 0.793221 0.958234 0.628209 2.25712 0.28888 0.165013 0.0551084 0.0248263
0.00366131 1.97906 2.26715 1.69096 0.788275 0.953131 0.62342 2.23002 0.288095 0.164855 0.0550908 0.0245617
0.00376494 1.9655 2.2528 1.6782 0.783359 0.948056 0.618661 2.20315 0.2873 0.164697 0.0550755 0.0242993
0.0038715 1.952 2.2385 1.66551 0.778471 0.943009 0.613933 2.1765 0.286495 0.164538 0.0550625 0.024039
0.00398107 1.93857 2.22425 1.6529 0.773611 0.937989 0.609234 2.15009 0.285678 0.164377 0.0550516 0.0237807
0.00409375 1.92521 2.21006 1.64036 0.76878 0.932996 0.604565 2.1239 0.284851 0.164215 0.0550428 0.0235246
0.00420962 1.91192 2.19593 1.62791 0.763977 0.928029 0.599925 2.09793 0.284012 0.164052 0.055036 0.0232706
0.00432876 1.89869 2.18185 1.61553 0.759202 0.923089 0.595315 2.07219 0.283161 0.163887 0.0550311 0.0230186
0.00445128 1.88553 2.16783 1.60323 0.754454 0.918175 0.590734 2.04666 0.282299 0.163721 0.055028 0.0227687
0.00457727 1.87243 2.15385 1.591 0.749734 0.913287 0.586182 2.02136 0.281424 0.163552 0.0550265 0.0225208
0.00470682 1.8594 2.13993 1.57886 0.745041 0.908424 0.581659 1.99628 0.280537 0.163382 0.0550268 0.022275
0.00484003 1.84642 2.12606 1.56679 0.740376 0.903586 0.577166 1.97142 0.279638 0.16321 0.0550285 0.0220313
0.00497702 1.83352 2.11224 1.55479 0.735737 0.898773 0.572701 1.94678 0.278725 0.163036 0.0550316 0.0217895
0.00511789 1.82067 2.09847 1.54287 0.731124 0.893984 0.568265 1.92235 0.2778 0.16286 0.0550361 0.0215498
0.00526274 1.80789 2.08475 1.53103 0.726538 0.889219 0.563857 1.89814 0.27686 0.162681 0.0550418 0.0213121
0.0054117 1.79517 2.07107 1.51926 0.721978 0.884478 0.559479 1.87414 0.275907 0.1625 0.0550486 0.0210765
0.00556486 1.78251 2.05744 1.50757 0.717445 0.879761 0.555128 1.85035 0.27494 0.162316 0.0550563 0.0208428
0.00572237 1.7699 2.04386 1.49595 0.712936 0.875066 0.550806 1.82678 0.273958 0.16213 0.0550649 0.020611
0.00588433 1.75736 2.03032 1.4844 0.708453 0.870394 0.546513 1.80342 0.272962 0.161941 0.0550743 0.0203813
0.00605088 1.74488 2.01683 1.47293 0.703996 0.865744 0.542247 1.78027 0.271951 0.161748 0.0550843 0.0201535
0.00622213 1.73246 2.00338 1.46153 0.699563 0.861116 0.53801 1.75733 0.270924 0.161553 0.0550947 0.0199277
0.00639824 1.72009 1.98997 1.45021 0.695155 0.85651 0.5338 1.73459 0.269882 0.161355 0.0551056 0.0197038
0.00657933 1.70778 1.97661 1.43896 0.690772 0.851925 0.529619 1.71206 0.268824 0.161153 0.0551166 0.0194818
0.00676555 1.69553 1.96328 1.42778 0.686413 0.847361 0.525465 1.68974 0.26775 0.160948 0.0551278 0.0192618
0.00695704 1.68333 1.94999 1.41667 0.682078 0.842817 0.521339 1.66762 0.26666 0.160739 0.0551389 0.0190437
0.00715394 1.67119 1.93675 1.40564 0.677766 0.838293 0.51724 1.64571 0.265553 0.160526 0.0551498 0.0188274
0.00735642 1.65911 1.92354 1.39468 0.673478 0.833788 0.513169 1.624 0.264428 0.16031 0.0551604 0.0186131
0.00756463 1.64708 1.91036 1.38379 0.669214 0.829303 0.509125 1.60249 0.263287 0.160089 0.0551704 0.0184007
0.00777874 1.6351 1.89723 1.37297 0.664973 0.824837 0.505108 1.58118 0.262128 0.159864 0.0551798 0.0181901
0.0079989 1.62318 1.88413 1.36223 0.660754 0.820389 0.501119 1.56007 0.260951 0.159635 0.0551884 0.0179814
0.0082253 1.6113 1.87106 1.35155 0.656558 0.815959 0.497157 1.53916 0.259755 0.159401 0.0551961 0.0177745
0.0084581 1.59949 1.85803 1.34095 0.652384 0.811546 0.493221 1.51844 0.258541 0.159162 0.0552025 0.0175695
0.00869749 1.58772 1.84503 1.33041 0.648232 0.807151 0.489313 1.49793 0.257308 0.158919 0.0552077 0.0173663
0.00894366 1.576 1.83206 1.31995 0.644102 0.802772 0.485431 1.47761 0.256056 0.15867 0.0552114 0.0171649
0.00919679 1.56434 1.81912 1.30955 0.639993 0.79841 0.481576 1.45748 0.254785 0.158417 0.0552134 0.0169653
0.00945709 1.55272 1.80622 1.29923 0.635905 0.794063 0.477748 1.43755 0.253494 0.158158 0.0552135 0.0167675
0.00972476 1.54116 1.79334 1.28898 0.631839 0.789731 0.473946 1.41781 0.252183 0.157893 0.0552116 0.0165715
0.01 1.52964 1.7805 1.27879 0.627793 0.785415 0.470171 1.39827 0.250852 0.157622 0.0552075 0.0163772
0.010283 1.51818 1.76768 1.26868 0.623767 0.781113 0.466421 1.37891 0.2495 0.157346 0.0552009 0.0161847
0.0105741 1.50676 1.75488 1.25863 0.619762 0.776825 0.462699 1.35974 0.248127 0.157063 0.0551918 0.015994
0.0108734 1.49538 1.74212 1.24865 0.615776 0.77255 0.459002 1.34077 0.246733 0.156774 0.0551798 0.0158049
0.0111811 1.48406 1.72938 1.23874 0.61181 0.768289 0.455331 1.32198 0.245318 0.156479 0.0551648 0.0156176
0.0114976 1.47278 1.71666 1.2289 0.607863 0.764039 0.451687 1.30338 0.243881 0.156176 0.0551466 0.0154321
0.011823 1.46155 1.70397 1.21913 0.603935 0.759802 0.448068 1.28496 0.242422 0.155867 0.0551249 0.0152482
0.0121576 1.45036 1.6913 1.20942 0.600026 0.755577 0.444475 1.26673 0.240942 0.155551 0.0550996 0.015066
0.0125017 1.43922 1.67866 1.19978 0.596135 0.751362 0.440908 1.24869 0.239438 0.155227 0.0550704 0.0148854
0.0128556 1.42812 1.66603 1.19021 0.592262 0.747158 0.437366 1.23083 0.237912 0.154896 0.0550371 0.0147065
0.0132194 1.41707 1.65343 1.1807 0.588407 0.742964 0.43385 1.21315 0.236363 0.154557 0.0549994 0.0145293
0.0135936 1.40606 1.64085 1.17127 0.584569 0.738779 0.430359 1.19565 0.234792 0.15421 0.0549573 0.0143537
0.0139783 1.39509 1.62829 1.1619 0.580749 0.734603 0.426894 1.17834 0.233196 0.153854 0.0549103 0.0141797
0.0143739 1.38417 1.61575 1.15259 0.576945 0.730435 0.423454 1.1612 0.231578 0.153491 0.0548584 0.0140073
0.0147808 1.37329 1.60322 1.14335 0.573157 0.726276 0.420039 1.14424 0.229935 0.153118 0.0548012 0.0138365
0.0151991 1.36245 1.59072 1.13418 0.569386 0.722123 0.41665 1.12746 0.228269 0.152737 0.0547386 0.0136673
0.0156293 1.35165 1.57823 1.12507 0.565631 0.717977 0.413285 1.11086 0.226579 0.152346 0.0546702 0.0134996
0.0160717 1.3409 1.56576 1.11603 0.561891 0.713838 0.409945 1.09443 0.224865 0.151946 0.0545959 0.0133335
0.0165265 1.33018 1.55331 1.10706 0.558167 0.709704 0.40663 1.07818 0.223126 0.151537 0.0545153 0.0131689
0.0169943 1.31951 1.54087 1.09814 0.554457 0.705574 0.40334 1.0621 0.221363 0.151117 0.0544284 0.0130058
0.0174753 1.30887 1.52845 1.0893 0.550762 0.70145 0.400074 1.0462 0.219575 0.150688 0.0543347 0.0128443
0.0179699 1.29828 1.51604 1.08052 0.547081 0.697328 0.396833 1.03047 0.217763 0.150248 0.0542341 0.0126842
0.0184785 1.28773 1.50365 1.0718 0.543414 0.693211 0.393617 1.01491 0.215926 0.149797 0.0541264 0.0125256
0.0190015 1.27721 1.49128 1.06315 0.53976 0.689095 0.390425 0.999518 0.214065 0.149335 0.0540112 0.0123685
0.0195393 1.26673 1.47891 1.05456 0.536119 0.684982 0.387257 0.984298 0.212178 0.148863 0.0538884 0.0122128
0.0200923 1.2563 1.46657 1.04603 0.532492 0.68087 0.384113 0.969246 0.210267 0.148378 0.0537576 0.0120586
0.020661 1.2459 1.45423 1.03757 0.528876 0.676759 0.380993 0.954362 0.208331 0.147883 0.0536188 0.0119057
0.0212458 1.23554 1.44191 1.02917 0.525273 0.672647 0.377898 0.939644 0.20637 0.147375 0.0534715 0.0117543
0.0218471 1.22522 1.4296 1.02083 0.521681 0.668535 0.374826 0.925093 0.204385 0.146855 0.0533156 0.0116042
0.0224655 1.21494 1.41731 1.01256 0.5181 0.664422 0.371778 0.910705 0.202375 0.146322 0.0531508 0.0114555
0.0231013 1.20469 1.40503 1.00435 0.51453 0.660307 0.368754 0.896482 0.20034 0.145777 0.0529769 0.0113082
0.0237551 1.19449 1.39277 0.996204 0.510971 0.65619 0.365753 0.882421 0.198281 0.145218 0.0527937 0.0111622
0.0244275 1.18432 1.38051 0.988119 0.507422 0.652069 0.362775 0.868522 0.196198 0.144647 0.0526009 0.0110175
0.0251189 1.17419 1.36828 0.980095 0.503883 0.647944 0.359821 0.854783 0.19409 0.144061 0.0523983 0.0108742
0.0258298 1.16409 1.35605 0.972133 0.500353 0.643815 0.356891 0.841204 0.191959 0.143462 0.0521857 0.0107321
0.0265609 1.15404 1.34384 0.964233 0.496831 0.63968 0.353983 0.827784 0.189804 0.142849 0.0519629 0.0105913
0.0273126 1.14402 1.33164 0.956394 0.493319 0.635539 0.351098 0.814521 0.187625 0.142221 0.0517297 0.0104517
0.0280857 1.13404 1.31946 0.948616 0.489814 0.631392 0.348236 0.801415 0.185424 0.141578 0.0514858 0.0103134
0.0288806 1.1241 1.3073 0.940899 0.486317 0.627238 0.345397 0.788464 0.183199 0.14092 0.0512311 0.0101763
0.029698 1.11419 1.29515 0.933242 0.482828 0.623075 0.34258 0.775668 0.180953 0.140247 0.0509654 0.0100405
0.0305386 1.10433 1.28301 0.925646 0.479345 0.618904 0.339786 0.763025 0.178684 0.139559 0.0506885 0.00990578
0.0314029 1.0945 1.2709 0.91811 0.475868 0.614723 0.337014 0.750534 0.176393 0.138854 0.0504002 0.00977227
0.0322917 1.08471 1.2588 0.910633 0.472398 0.610531 0.334264 0.738194 0.174081 0.138134 0.0501004 0.00963992
0.0332057 1.07496 1.24671 0.903216 0.468933 0.606329 0.331536 0.726004 0.171749 0.137396 0.049789 0.00950871
0.0341455 1.06525 1.23465 0.895858 0.465473 0.602115 0.32883 0.713963 0.169396 0.136643 0.0494657 0.00937863
0.0351119 1.05558 1.22261 0.888559 0.462018 0.597889 0.326146 0.702069 0.167024 0.135872 0.0491305 0.00924965
0.0361057 1.04595 1.21058 0.881318 0.458566 0.59365 0.323483 0.690323 0.164633 0.135084 0.0487832 0.00912177
0.0371276 1.03636 1.19858 0.874136 0.455119 0.589397 0.320841 0.678721 0.162224 0.134278 0.0484238 0.00899496
0.0381784 1.02681 1.1866 0.867012 0.451675 0.585129 0.31822 0.667264 0.159796 0.133454 0.0480522 0.00886921
0.039259 1.0173 1.17465 0.859946 0.448233 0.580846 0.31562 0.655949 0.157352 0.132613 0.0476682 0.0087445
0.0403702 1.00783 1.16272 0.852937 0.444794 0.576547 0.313041 0.644777 0.154892 0.131753 0.0472719 0.00862082
0.0415128 0.9984 1.15082 0.845984 0.441357 0.572231 0.310482 0.633744 0.152416 0.130874 0.0468631 0.00849814
0.0426877 0.989014 1.13894 0.839089 0.43792 0.567897 0.307943 0.622851 0.149925 0.129977 0.0464419 0.00837646
0.0438959 0.97967 1.12709 0.832249 0.434485 0.563545 0.305424 0.612097 0.147421 0.12906 0.0460083 0.00825576
0.0451383 0.970369 1.11527 0.825466 0.43105 0.559174 0.302925 0.601478 0.144904 0.128125 0.0455622 0.00813601
0.0464159 0.961112 1.10349 0.818737 0.427614 0.554783 0.300445 0.590996 0.142375 0.127169 0.0451038 0.00801721
0.0477296 0.951899 1.09173 0.812064 0.424178 0.550372 0.297984 0.580647 0.139835 0.126194 0.0446329 0.00789934
0.0490805 0.94273 1.08001 0.805445 0.420741 0.54594 0.295542 0.570431 0.137285 0.125199 0.0441498 0.00778238
0.0504697 0.933606 1.06833 0.79888 0.417301 0.541485 0.293118 0.560346 0.134726 0.124184 0.0436545 0.00766632
0.0518981 0.924528 1.05669 0.792369 0.41386 0.537007 0.290712 0.550392 0.132159 0.123148 0.0431471 0.00755114
0.053367 0.915497 1.04508 0.78591 0.410415 0.532507 0.288324 0.540566 0.129586 0.122092 0.0426277 0.00743683
0.0548775 0.906512 1.03352 0.779504 0.406967 0.527982 0.285952 0.530867 0.127008 0.121015 0.0420966 0.00732336
0.0564307 0.897575 1.022 0.77315 0.403515 0.523431 0.283598 0.521295 0.124425 0.119917 0.0415538 0.00721074
0.0580278 0.888686 1.01052 0.766847 0.400058 0.518856 0.28126 0.511847 0.121839 0.118798 0.0409996 0.00709894
0.0596702 0.879845 0.999096 0.760595 0.396596 0.514254 0.278938 0.502522 0.119251 0.117658 0.0404342 0.00698794
0.0613591 0.871054 0.987717 0.754392 0.393128 0.509624 0.276631 0.493318 0.116662 0.116496 0.0398578 0.00687775
0.0630957 0.862313 0.976388 0.748238 0.389654 0.504967 0.27434 0.484235 0.114075 0.115314 0.0392708 0.00676833
0.0648815 0.853622 0.965112 0.742133 0.386172 0.500282 0.272062 0.47527 0.11149 0.11411 0.0386733 0.00665968
0.0667179 0.844983 0.953891 0.736075 0.382683 0.495567 0.269799 0.466423 0.108908 0.112884 0.0380658 0.00655179
0.0686062 0.836395 0.942726 0.730064 0.379185 0.490822 0.267548 0.457691 0.106331 0.111637 0.0374486 0.00644464
0.070548 0.827859 0.931619 0.724099 0.375678 0.486047 0.26531 0.449074 0.10376 0.110369 0.036822 0.00633822
0.0725448 0.819376 0.920573 0.718178 0.372162 0.48124 0.263083 0.440569 0.101197 0.109079 0.0361864 0.00623252
0.074598 0.810945 0.909589 0.712302 0.368635 0.476402 0.260868 0.432176 0.0986435 0.107767 0.0355422 0.00612754
0.0767094 0.802568 0.898669 0.706468 0.365096 0.471531 0.258662 0.423892 0.0961005 0.106434 0.03489 0.00602325
0.0788805 0.794244 0.887814 0.700675 0.361546 0.466626 0.256466 0.415716 0.0935696 0.10508 0.0342301 0.00591965
0.0811131 0.785975 0.877027 0.694922 0.357983 0.461687 0.254278 0.407647 0.0910522 0.103704 0.033563 0.00581674
0.0834088 0.777759 0.866309 0.689209 0.354406 0.456714 0.252098 0.399683 0.08855 0.102308 0.0328892 0.00571449
0.0857696 0.769598 0.855662 0.683533 0.350815 0.451706 0.249925 0.391823 0.0860644 0.100891 0.0322093 0.00561291
0.0881971 0.76149 0.845087 0.677893 0.347209 0.446661 0.247757 0.384064 0.0835969 0.0994524 0.0315238 0.00551199
0.0906934 0.753437 0.834586 0.672288 0.343586 0.44158 0.245593 0.376406 0.0811488 0.0979939 0.0308332 0.00541172
0.0932603 0.745438 0.824159 0.666716 0.339947 0.436462 0.243432 0.368847 0.0787218 0.0965151 0.0301382 0.0053121
0.0958999 0.737492 0.813809 0.661174 0.336289 0.431306 0.241273 0.361386 0.0763173 0.0950165 0.0294394 0.00521312
0.0986142 0.729599 0.803536 0.655662 0.332613 0.426111 0.239115 0.35402 0.0739367 0.0934984 0.0287373 0.00511477
0.101405 0.721759 0.79334 0.650177 0.328916 0.420878 0.236955 0.346749 0.0715816 0.0919611 0.0280326 0.00501706
0.104275 0.71397 0.783223 0.644717 0.325199 0.415604 0.234794 0.339571 0.0692532 0.0904052 0.027326 0.00491998
0.107227 0.706233 0.773186 0.63928 0.321459 0.41029 0.232628 0.332484 0.0669529 0.0888309 0.0266181 0.00482353
0.110262 0.698545 0.763227 0.633863 0.317696 0.404935 0.230457 0.325487 0.0646822 0.087239 0.0259096 0.00472772
0.113382 0.690906 0.753348 0.628464 0.313908 0.399538 0.228278 0.318579 0.0624424 0.0856298 0.0252011 0.00463253
0.116591 0.683314 0.743549 0.623079 0.310095 0.394099 0.226091 0.311759 0.0602347 0.0840041 0.0244934 0.00453797
0.119891 0.675768 0.733828 0.617707 0.306254 0.388617 0.223892 0.305023 0.0580604 0.0823623 0.0237871 0.00444405
0.123285 0.668264 0.724185 0.612344 0.302385 0.38309 0.22168 0.298373 0.0559208 0.0807054 0.023083 0.00435076
0.126774 0.660803 0.71462 0.606986 0.298486 0.37752 0.219452 0.291805 0.0538169 0.0790339 0.0223817 0.00425812
0.130362 0.65338 0.70513 0.60163 0.294556 0.371904 0.217207 0.28532 0.05175 0.0773486 0.0216839 0.00416612
0.134052 0.645994 0.695715 0.596273 0.290592 0.366242 0.214942 0.278915 0.0497211 0.0756505 0.0209903 0.00407478
0.137846 0.63864 0.686372 0.590909 0.286594 0.360534 0.212654 0.272589 0.0477312 0.0739403 0.0203017 0.0039841
0.141747 0.631317 0.677098 0.585536 0.28256 0.354779 0.210341 0.266342 0.0457813 0.072219 0.0196186 0.00389409
0.145759 0.62402 0.667892 0.580148 0.278487 0.348975 0.208 0.260172 0.0438723 0.0704876 0.0189418 0.00380476
0.149885 0.616745 0.65875 0.57474 0.274375 0.343122 0.205628 0.254077 0.0420049 0.0687471 0.018272 0.00371612
0.154127 0.609488 0.649668 0.569308 0.270221 0.337219 0.203222 0.248058 0.0401801 0.0669987 0.0176097 0.00362818
0.158489 0.602244 0.640642 0.563845 0.266023 0.331266 0.200779 0.242112 0.0383984 0.0652434 0.0169556 0.00354095
0.162975 0.595008 0.631668 0.558347 0.261779 0.325261 0.198296 0.23624 0.0366606 0.0634826 0.0163104 0.00345445
0.167588 0.587773 0.622741 0.552806 0.257487 0.319204 0.195769 0.23044 0.0349672 0.0617173 0.0156747 0.00336869
0.172331 0.580535 0.613854 0.547217 0.253144 0.313093 0.193195 0.224711 0.0333187 0.0599489 0.0150489 0.00328369
0.177209 0.573287 0.605002 0.541571 0.24875 0.306928 0.190571 0.219052 0.0317155 0.0581787 0.0144337 0.00319945
0.182224 0.56602 0.596178 0.535862 0.2443 0.300708 0.187892 0.213463 0.030158 0.0564082 0.0138296 0.003116
0.187382 0.558728 0.587374 0.530082 0.239793 0.294432 0.185155 0.207944 0.0286465 0.0546388 0.0132371 0.00303336
0.192685 0.551402 0.578584 0.524221 0.235227 0.288099 0.182355 0.202493 0.0271811 0.052872 0.0126568 0.00295153
0.198139 0.544034 0.569796 0.518272 0.230599 0.281708 0.17949 0.19711 0.0257619 0.0511093 0.0120889 0.00287054
0.203747 0.536614 0.561003 0.512225 0.225906 0.275259 0.176554 0.191794 0.0243891 0.0493522 0.011534 0.00279041
0.209514 0.529131 0.552194 0.506069 0.221147 0.26875 0.173545 0.186545 0.0230626 0.0476024 0.0109924 0.00271114
0.215443 0.521576 0.543358 0.499793 0.216319 0.26218 0.170457 0.181362 0.0217824 0.0458616 0.0104644 0.00263277
0.221541 0.513936 0.534484 0.493387 0.211419 0.25555 0.167287 0.176246 0.0205481 0.0441314 0.0099505 0.00255529
0.227812 0.506198 0.525558 0.486839 0.206445 0.248859 0.164032 0.171195 0.0193596 0.0424135 0.00945081 0.00247874
0.234259 0.498351 0.516567 0.480134 0.201395 0.242105 0.160686 0.16621 0.0182166 0.0407096 0.00896561 0.00240312
0.24089 0.490379 0.507498 0.47326 0.196268 0.23529 0.157247 0.16129 0.0171186 0.0390216 0.00849512 0.00232845
0.247708 0.482268 0.498333 0.466202 0.191062 0.228413 0.153711 0.156434 0.0160653 0.0373512 0.00803948 0.00225473
0.254719 0.474 0.489056 0.458944 0.185775 0.221475 0.150074 0.151643 0.0150561 0.0357002 0.00759883 0.00218198
0.261928 0.465557 0.479648 0.451467 0.180405 0.214475 0.146335 0.146916 0.0140904 0.0340703 0.00717324 0.00211021
0.269341 0.456919 0.470087 0.443752 0.174953 0.207416 0.142489 0.142253 0.0131676 0.0324634 0.00676277 0.0020394
0.276965 0.448062 0.460349 0.435775 0.169416 0.200298 0.138535 0.137653 0.0122869 0.0308813 0.00636741 0.00196956
0.284804 0.438952 0.4504 0.427504 0.163795 0.193121 0.13447 0.133117 0.0114477 0.0293258 0.00598712 0.00190066
0.292864 0.42954 0.440189 0.418891 0.158087 0.185886 0.130289 0.128645 0.010649 0.0277986 0.00562181 0.00183266
0.301153 0.419717 0.429607 0.409827 0.152283 0.178585 0.125981 0.124237 0.00989011 0.0263015 0.00527134 0.00176547
0.309677 0.408923 0.418093 0.399753 0.146311 0.171148 0.121475 0.119895 0.00917002 0.0248365 0.00493541 0.00169883
0.318442 0.398483 0.40739 0.389577 0.142059 0.166349 0.117769 0.118273 0.00890675 0.0242899 0.00481114 0.00167275
0.321833 0.394865 0.403517 0.386214 0.139893 0.163647 0.116139 0.116677 0.0086515 0.0237538 0.0046902 0.00164704
0.325224 0.391249 0.399653 0.382845 0.137741 0.160969 0.114513 0.115105 0.00840401 0.023228 0.00457249 0.0016217
0.328614 0.387634 0.395798 0.37947 0.135603 0.158316 0.112891 0.113556 0.008164 0.0227125 0.00445791 0.00159673
0.332005 0.384019 0.391951 0.376088 0.133479 0.155686 0.111273 0.112031 0.00793123 0.0222069 0.00434637 0.0015721
0.335396 0.380405 0.388111 0.3727 0.13137 0.153081 0.109659 0.110528 0.00770544 0.0217111 0.00423777 0.00154781
0.338787 0.376791 0.384278 0.369305 0.129275 0.1505 0.10805 0.109048 0.00748641 0.021225 0.00413202 0.00152387
0.342178 0.373176 0.38045 0.365902 0.127193 0.147942 0.106445 0.107588 0.00727392 0.0207483 0.00402905 0.00150024
0.345569 0.369561 0.376629 0.362493 0.125127 0.145408 0.104846 0.10615 0.00706773 0.0202809 0.00392877 0.00147694
0.348959 0.365944 0.372812 0.359076 0.123075 0.142897 0.103252 0.104732 0.00686765 0.0198227 0.00383109 0.00145395
0.35235 0.362326 0.369 0.355653 0.121037 0.14041 0.101664 0.103333 0.00667346 0.0193734 0.00373594 0.00143127
0.355741 0.358707 0.365192 0.352222 0.119014 0.137947 0.100081 0.101954 0.00648499 0.0189329 0.00364325 0.00140888
0.359132 0.355085 0.361387 0.348783 0.117006 0.135507 0.0985051 0.100593 0.00630204 0.0185011 0.00355294 0.00138678
0.362523 0.351462 0.357587 0.345338 0.115013 0.133091 0.0969353 0.0992505 0.00612443 0.0180777 0.00346495 0.00136497
0.365914 0.347837 0.353789 0.341885 0.113035 0.130698 0.0953722 0.0979259 0.00595199 0.0176628 0.0033792 0.00134344
0.369305 0.34421 0.349994 0.338425 0.111072 0.128328 0.0938161 0.0966185 0.00578455 0.017256 0.00329563 0.00132219
0.372695 0.34058 0.346202 0.334958 0.109125 0.125982 0.0922673 0.0953281 0.00562195 0.0168572 0.00321417 0.0013012
0.376086 0.336949 0.342413 0.331485 0.107192 0.123659 0.0907259 0.094054 0.00546404 0.0164664 0.00313478 0.00128048
0.379477 0.333315 0.338626 0.328004 0.105276 0.121359 0.0891924 0.092796 0.00531066 0.0160834 0.00305737 0.00126001
0.382868 0.329679 0.33484 0.324517 0.103375 0.119083 0.0876671 0.0915536 0.00516167 0.0157079 0.00298191 0.00123979
0.386259 0.326041 0.331057 0.321024 0.10149 0.11683 0.0861502 0.0903265 0.00501694 0.01534 0.00290833 0.00121982
0.38965 0.3224 0.327276 0.317524 0.0996213 0.114601 0.0846419 0.0891142 0.00487632 0.0149794 0.00283657 0.0012001
0.39304 0.318758 0.323497 0.314018 0.0977686 0.112395 0.0831425 0.0879164 0.0047397 0.0146261 0.0027666 0.00118061
0.396431 0.315113 0.31972 0.310506 0.0959322 0.110212 0.0816524 0.0867327 0.00460693 0.0142798 0.00269835 0.00116135
0.399822 0.311467 0.315945 0.306989 0.0941123 0.108053 0.0801718 0.0855629 0.00447792 0.0139405 0.00263178 0.00114233
0.403213 0.30782 0.312172 0.303467 0.092309 0.105917 0.0787009 0.0844065 0.00435253 0.0136081 0.00256683 0.00112353
0.406604 0.304171 0.308401 0.29994 0.0905225 0.103805 0.0772401 0.0832632 0.00423065 0.0132824 0.00250348 0.00110495
0.409995 0.30052 0.304633 0.296408 0.088753 0.101716 0.0757897 0.0821327 0.00411219 0.0129633 0.00244166 0.00108659
0.413385 0.296869 0.300866 0.292872 0.0870004 0.0996511 0.0743498 0.0810148 0.00399702 0.0126507 0.00238134 0.00106844
0.416776 0.293217 0.297102 0.289332 0.0852651 0.0976096 0.0729207 0.0799091 0.00388506 0.0123444 0.00232248 0.00105051
0.420167 0.289565 0.293341 0.285789 0.0835472 0.0955916 0.0715028 0.0788154 0.00377621 0.0120444 0.00226503 0.00103278
0.423558 0.285912 0.289583 0.282242 0.0818468 0.0935973 0.0700962 0.0777333 0.00367036 0.0117506 0.00220896 0.00101525
0.426949 0.28226 0.285828 0.278693 0.0801641 0.0916268 0.0687014 0.0766626 0.00356743 0.0114627 0.00215423 0.000997933
0.43034 0.278608 0.282076 0.275141 0.0784992 0.0896801 0.0673184 0.0756031 0.00346734 0.0111808 0.0021008 0.000980809
0.43373 0.274958 0.278328 0.271588 0.0768523 0.087757 0.0659475 0.0745544 0.00336999 0.0109047 0.00204864 0.00096388
0.437121 0.271308 0.274583 0.268033 0.0752233 0.0858577 0.0645889 0.0735165 0.00327531 0.0106344 0.00199772 0.000947145
0.440512 0.26766 0.270843 0.264477 0.0736126 0.0839822 0.063243 0.0724889 0.00318321 0.0103696 0.00194799 0.0009306
0.443903 0.264014 0.267108 0.260921 0.0720202 0.0821306 0.0619099 0.0714716 0.00309363 0.0101103 0.00189944 0.000914243
0.447294 0.260371 0.263378 0.257365 0.0704463 0.0803028 0.0605898 0.0704642 0.00300648 0.0098565 0.00185202 0.000898072
0.450685 0.256731 0.259653 0.253809 0.0688909 0.0784989 0.059283 0.0694667 0.00292169 0.00960796 0.00180571 0.000882084
0.454075 0.253094 0.255933 0.250255 0.0673542 0.0767189 0.0579896 0.0684787 0.0028392 0.00936463 0.00176048 0.000866277
0.457466 0.249461 0.25222 0.246702 0.0658364 0.0749628 0.0567099 0.0675001 0.00275893 0.00912643 0.0017163 0.00085065
0.460857 0.245833 0.248514 0.243152 0.0643374 0.0732306 0.0554441 0.0665307 0.00268083 0.00889326 0.00167314 0.0008352
0.464248 0.242209 0.244814 0.239604 0.0628574 0.0715224 0.0541924 0.0655704 0.00260483 0.00866502 0.00163098 0.000819926
0.467639 0.238591 0.241122 0.23606 0.0613965 0.0698382 0.0529549 0.0646189 0.00253087 0.00844163 0.00158979 0.000804825
0.47103 0.234979 0.237438 0.23252 0.0599548 0.0681778 0.0517318 0.0636761 0.0024589 0.00822299 0.00154955 0.000789896
0.47442 0.231374 0.233762 0.228985 0.0585324 0.0665414 0.0505234 0.0627419 0.00238885 0.00800903 0.00151023 0.000775138
0.477811 0.227775 0.230096 0.225455 0.0571293 0.064929 0.0493297 0.061816 0.00232067 0.00779966 0.00147181 0.000760549
0.481202 0.224185 0.226439 0.22193 0.0557457 0.0633405 0.0481509 0.0608984 0.0022543 0.0075948 0.00143427 0.000746128
0.484593 0.220602 0.222792 0.218413 0.0543815 0.0617759 0.0469872 0.0599889 0.00218971 0.00739435 0.00139758 0.000731872
0.487984 0.217029 0.219156 0.214902 0.0530369 0.0602351 0.0458387 0.0590874 0.00212683 0.00719825 0.00136172 0.000717782
0.491375 0.213466 0.215531 0.2114 0.0517119 0.0587183 0.0447055 0.0581938 0.00206562 0.00700641 0.00132668 0.000703855
0.494765 0.209912 0.211918 0.207906 0.0504065 0.0572252 0.0435877 0.0573079 0.00200603 0.00681875 0.00129244 0.000690091
0.498156 0.20637 0.208318 0.204422 0.0491208 0.055756 0.0424856 0.0564296 0.00194802 0.0066352 0.00125897 0.000676488
0.501547 0.202839 0.20473 0.200947 0.0478548 0.0543105 0.0413992 0.0555589 0.00189155 0.00645569 0.00122625 0.000663046
0.504938 0.19932 0.201156 0.197483 0.0466086 0.0528887 0.0403285 0.0546956 0.00183657 0.00628013 0.00119427 0.000649763
0.508329 0.195814 0.197597 0.194031 0.0453822 0.0514906 0.0392737 0.0538396 0.00178304 0.00610846 0.00116301 0.000636638
0.51172 0.192322 0.194052 0.190591 0.0441755 0.0501161 0.0382349 0.0529908 0.00173092 0.0059406 0.00113246 0.000623671
0.51511 0.188843 0.190524 0.187163 0.0429886 0.0487651 0.0372121 0.0521492 0.00168017 0.00577649 0.00110259 0.000610861
0.518501 0.18538 0.187011 0.18375 0.0418214 0.0474375 0.0362054 0.0513147 0.00163076 0.00561606 0.00107339 0.000598206
0.521892 0.181933 0.183516 0.18035 0.0406741 0.0461333 0.0352149 0.0504871 0.00158266 0.00545923 0.00104485 0.000585707
0.525283 0.178502 0.180038 0.176966 0.0395465 0.0448524 0.0342406 0.0496665 0.00153581 0.00530594 0.00101695 0.000573362
0.528674 0.175088 0.176578 0.173598 0.0384386 0.0435948 0.0332825 0.0488528 0.0014902 0.00515613 0.000989674 0.000561171
0.532065 0.171692 0.173138 0.170246 0.0373505 0.0423602 0.0323407 0.0480459 0.00144579 0.00500973 0.00096301 0.000549132
0.535455 0.168314 0.169717 0.166912 0.036282 0.0411487 0.0314153 0.0472458 0.00140255 0.00486668 0.000936944 0.000537247
0.538846 0.164956 0.166316 0.163596 0.0352331 0.03996 0.0305062 0.0464523 0.00136044 0.00472691 0.000911463 0.000525513
0.542237 0.161618 0.162937 0.160298 0.0342038 0.0387941 0.0296134 0.0456655 0.00131944 0.00459037 0.000886554 0.00051393
0.545628 0.1583 0.15958 0.157021 0.033194 0.0376509 0.028737 0.0448853 0.00127952 0.00445699 0.000862204 0.000502498
0.549019 0.155004 0.156245 0.153764 0.0322036 0.0365303 0.0278769 0.0441117 0.00124065 0.00432671 0.000838401 0.000491216
0.55241 0.15173 0.152933 0.150528 0.0312326 0.035432 0.0270331 0.0433447 0.0012028 0.00419948 0.000815133 0.000480084
0.5558 0.14848 0.149646 0.147314 0.0302808 0.0343561 0.0262056 0.0425841 0.00116595 0.00407525 0.00079239 0.000469101
0.559191 0.145252 0.146383 0.144122 0.0293483 0.0333022 0.0253943 0.0418301 0.00113008 0.00395394 0.000770158 0.000458267
0.562582 0.14205 0.143145 0.140955 0.0284348 0.0322703 0.0245993 0.0410825 0.00109514 0.00383552 0.000748429 0.000447581
0.565973 0.138872 0.139933 0.137811 0.0275404 0.0312603 0.0238205 0.0403414 0.00106113 0.00371991 0.000727191 0.000437043
0.569364 0.135721 0.136749 0.134693 0.0266648 0.0302719 0.0230577 0.0396067 0.00102802 0.00360708 0.000706435 0.000426653
0.572755 0.132596 0.133592 0.1316 0.025808 0.029305 0.022311 0.0388784 0.00099579 0.00349697 0.000686149 0.000416409
0.576146 0.129498 0.130463 0.128534 0.0249699 0.0283594 0.0215803 0.0381566 0.000964411 0.00338952 0.000666325 0.000406312
0.579536 0.126429 0.127363 0.125495 0.0241502 0.0274349 0.0208655 0.0374411 0.000933865 0.00328469 0.000646953 0.000396361
0.582927 0.123388 0.124292 0.122484 0.023349 0.0265314 0.0201666 0.0367321 0.000904132 0.00318242 0.000628024 0.000386556
0.586318 0.120377 0.121252 0.119501 0.022566 0.0256486 0.0194833 0.0360294 0.000875191 0.00308267 0.00060953 0.000376896
0.589709 0.117396 0.118243 0.116549 0.021801 0.0247864 0.0188156 0.0353332 0.000847023 0.00298539 0.00059146 0.000367382
0.5931 0.114445 0.115265 0.113626 0.021054 0.0239446 0.0181635 0.0346433 0.000819609 0.00289052 0.000573808 0.000358011
0.596491 0.111527 0.11232 0.110734 0.0203248 0.0231229 0.0175268 0.0339599 0.000792931 0.00279803 0.000556564 0.000348785
0.599881 0.10864 0.109407 0.107873 0.0196132 0.0223211 0.0169054 0.0332829 0.00076697 0.00270787 0.000539721 0.000339703
0.603272 0.105786 0.106528 0.105045 0.0189191 0.0215391 0.0162991 0.0326124 0.000741709 0.00261999 0.000523272 0.000330763
0.606663 0.102966 0.103683 0.102249 0.0182422 0.0207765 0.0157078 0.0319483 0.000717131 0.00253435 0.000507207 0.000321967
0.610054 0.10018 0.100873 0.0994869 0.0175823 0.0200332 0.0151314 0.0312907 0.000693219 0.00245091 0.000491521 0.000313313
0.613445 0.0974287 0.0980986 0.0967587 0.0169394 0.019309 0.0145698 0.0306395 0.000669958 0.00236961 0.000476205 0.000304801
0.616836 0.0947127 0.09536 0.0940653 0.0163131 0.0186036 0.0140227 0.0299949 0.000647333 0.00229043 0.000461253 0.00029643
0.620226 0.0920325 0.0926578 0.0914072 0.0157034 0.0179167 0.0134901 0.0293568 0.000625327 0.00221331 0.000446658 0.0002882
0.623617 0.0893888 0.0899928 0.0887849 0.01511 0.0172482 0.0129718 0.0287252 0.000603926 0.00213822 0.000432413 0.000280111
0.627008 0.0867821 0.0873652 0.086199 0.0145326 0.0165977 0.0124675 0.0281002 0.000583115 0.00206511 0.000418512 0.000272162
0.630399 0.084213 0.0847759 0.0836501 0.0139712 0.0159651 0.0119772 0.0274818 0.000562881 0.00199395 0.000404947 0.000264352
0.63379 0.0816818 0.082225 0.0811386 0.0134254 0.0153501 0.0115007 0.02687 0.000543211 0.0019247 0.000391714 0.000256681
0.637181 0.0791893 0.0797134 0.0786652 0.012895 0.0147523 0.0110377 0.0262649 0.00052409 0.00185732 0.000378805 0.000249149
0.640571 0.0767358 0.0772413 0.0762303 0.0123799 0.0141717 0.0105881 0.0256664 0.000505506 0.00179177 0.000366215 0.000241754
0.643962 0.0743217 0.0748091 0.0738342 0.0118798 0.0136078 0.0101518 0.0250746 0.000487446 0.00172801 0.000353938 0.000234496
0.647353 0.0719474 0.0724173 0.0714775 0.0113944 0.0130605 0.00972843 0.0244896 0.000469898 0.00166601 0.000341968 0.000227375
0.650744 0.0696134 0.0700662 0.0691605 0.0109236 0.0125294 0.00931791 0.0239113 0.00045285 0.00160573 0.000330299 0.00022039
0.654135 0.0673201 0.0677564 0.0668838 0.0104671 0.0120143 0.00892 0.0233399 0.00043629 0.00154714 0.000318927 0.00021354
0.657526 0.0650678 0.065488 0.0646476 0.0100247 0.0115149 0.00853451 0.0227752 0.000420207 0.0014902 0.000307845 0.000206824
0.660916 0.0628568 0.0632614 0.0624522 0.00959613 0.011031 0.00816125 0.0222174 0.00040459 0.00143488 0.000297048 0.000200242
0.664307 0.0606875 0.0610769 0.0602981 0.00918111 0.0105623 0.00779997 0.0216664 0.000389428 0.00138114 0.000286531 0.000193794
0.667698 0.0585601 0.0589348 0.0581854 0.00877945 0.0101084 0.0074505 0.0211224 0.000374711 0.00132895 0.000276289 0.000187477
0.671089 0.0564749 0.0568353 0.0561144 0.00839088 0.00966916 0.0071126 0.0205854 0.000360427 0.00127828 0.000266317 0.000181293
0.67448 0.0544321 0.0547787 0.0540855 0.00801517 0.00924427 0.00678607 0.0200552 0.000346568 0.0012291 0.000256611 0.000175239
0.677871 0.0524318 0.0527649 0.0520987 0.00765206 0.00883342 0.00647069 0.0195321 0.000333122 0.00118137 0.000247164 0.000169315
0.681261 0.0504743 0.0507943 0.0501542 0.0073013 0.00843636 0.00616625 0.0190161 0.000320081 0.00113506 0.000237972 0.00016352
0.684652 0.0485596 0.048867 0.0482522 0.00696265 0.00805279 0.00587251 0.018507 0.000307436 0.00109014 0.000229032 0.000157853
0.688043 0.0466879 0.0469831 0.0463927 0.00663585 0.00768243 0.00558926 0.0180051 0.000295176 0.00104659 0.000220337 0.000152313
0.691434 0.0448593 0.0451426 0.044576 0.00632064 0.00732501 0.00531628 0.0175103 0.000283293 0.00100436 0.000211884 0.0001469
0.694825 0.0430739 0.0433457 0.0428021 0.00601678 0.00698023 0.00505334 0.0170226 0.000271778 0.000963443 0.000203669 0.000141611
0.698216 0.0413316 0.0415922 0.041071 0.00572403 0.00664782 0.00480023 0.0165421 0.000260622 0.000923797 0.000195686 0.000136448
0.701606 0.0396324 0.0398822 0.0393826 0.0054421 0.0063275 0.0045567 0.0160688 0.000249818 0.000885398 0.000187931 0.000131407
0.704997 0.0379762 0.0382156 0.0377369 0.00517078 0.00601899 0.00432256 0.0156027 0.000239357 0.000848216 0.000180401 0.000126489
0.708388 0.0363631 0.0365924 0.0361339 0.00490979 0.00572202 0.00409757 0.0151438 0.00022923 0.000812225 0.00017309 0.000121692
0.711779 0.0347929 0.0350123 0.0345735 0.00465889 0.00543628 0.00388149 0.0146922 0.000219431 0.000777397 0.000165995 0.000117015
0.71517 0.0332654 0.0334754 0.0330555 0.00441783 0.00516153 0.00367412 0.0142479 0.000209951 0.000743707 0.000159112 0.000112457
0.718561 0.0317805 0.0319813 0.0315798 0.00418635 0.00489748 0.00347523 0.0138109 0.000200782 0.000711127 0.000152437 0.000108017
0.721951 0.030338 0.03053 0.0301461 0.00396422 0.00464385 0.00328459 0.0133812 0.000191917 0.000679632 0.000145965 0.000103693
0.725342 0.0289377 0.0291211 0.0287544 0.00375118 0.00440038 0.00310199 0.0129588 0.00018335 0.000649196 0.000139693 9.94852e-05
0.728733 0.0275793 0.0277544 0.0274042 0.003547 0.00416679 0.0029272 0.0125437 0.000175072 0.000619796 0.000133617 9.53912e-05
0.732124 0.0262625 0.0264296 0.0260954 0.00335141 0.00394282 0.00276001 0.012136 0.000167077 0.000591405 0.000127732 9.141e-05
0.735515 0.0249869 0.0251463 0.0248276 0.0031642 0.0037282 0.0026002 0.0117357 0.000159358 0.000564 0.000122036 8.75405e-05
0.738906 0.0237524 0.0239043 0.0236004 0.0029851 0.00352266 0.00244755 0.0113428 0.000151908 0.000537557 0.000116525 8.37813e-05
0.742296 0.0225583 0.022703 0.0224136 0.0028139 0.00332595 0.00230185 0.0109572 0.000144721 0.000512053 0.000111193 8.0131e-05
0.745687 0.0214044 0.0215422 0.0212666 0.00265035 0.00313781 0.00216288 0.010579 0.00013779 0.000487464 0.000106039 7.65883e-05
0.749078 0.0202902 0.0204213 0.0201591 0.00249422 0.00295798 0.00203045 0.0102083 0.000131109 0.000463768 0.000101058 7.31518e-05
0.752469 0.0192153 0.01934 0.0190906 0.00234527 0.00278622 0.00190433 0.00984485 0.000124671 0.000440942 9.62474e-05 6.98202e-05
0.75586 0.0181791 0.0182976 0.0180606 0.0022033 0.00262226 0.00178433 0.00948884 0.000118471 0.000418965 9.16024e-05 6.65918e-05
0.759251 0.0171811 0.0172936 0.0170686 0.00206806 0.00246587 0.00167024 0.00914021 0.000112502 0.000397814 8.71201e-05 6.34654e-05
0.762641 0.0162208 0.0163276 0.0161141 0.00193933 0.0023168 0.00156186 0.00879897 0.000106759 0.000377468 8.27968e-05 6.04395e-05
0.766032 0.0152977 0.0153989 0.0151964 0.00181691 0.00217482 0.001459 0.00846509 0.000101235 0.000357907 7.86292e-05 5.75124e-05
0.769423 0.014411 0.0145069 0.0143151 0.00170057 0.00203968 0.00136146 0.00813857 9.59254e-05 0.00033911 7.46138e-05 5.46828e-05
0.772814 0.0135602 0.013651 0.0134694 0.0015901 0.00191115 0.00126904 0.0078194 9.0824e-05 0.000321056 7.07471e-05 5.19491e-05
0.776205 0.0127447 0.0128306 0.0126588 0.00148529 0.00178902 0.00118157 0.00750756 8.59253e-05 0.000303726 6.70259e-05 4.93096e-05
0.779596 0.0119638 0.012045 0.0118825 0.00138594 0.00167304 0.00109885 0.00720303 8.12239e-05 0.000287099 6.34468e-05 4.67629e-05
0.782986 0.0112167 0.0112934 0.01114 0.00129185 0.00156301 0.0010207 0.0069058 7.67146e-05 0.000271157 6.00064e-05 4.43074e-05
0.786377 0.0105029 0.0105753 0.0104305 0.00120282 0.0014587 0.00094694 0.00661584 7.23921e-05 0.000255879 5.67014e-05 4.19414e-05
0.789768 0.00982154 0.00988979 0.00975329 0.00111865 0.0013599 0.000877403 0.00633312 6.82512e-05 0.000241249 5.35287e-05 3.96633e-05
0.793159 0.00917193 0.00923621 0.00910764 0.00103916 0.0012664 0.000811913 0.00605762 6.42869e-05 0.000227246 5.0485e-05 3.74715e-05
0.79655 0.00855331 0.00861381 0.00849282 0.000964154 0.00117801 0.000750301 0.0057893 6.04941e-05 0.000213853 4.75671e-05 3.53643e-05
0.799941 0.0079649 0.00802177 0.00790804 0.000893455 0.00109451 0.000692402 0.00552814 5.68679e-05 0.000201053 4.47717e-05 3.334e-05
0.803332 0.00740593 0.00745933 0.00735252 0.000826882 0.00101571 0.000638056 0.00527409 5.34036e-05 0.000188826 4.20959e-05 3.1397e-05
0.806722 0.0068756 0.0069257 0.0068255 0.000764263 0.000941421 0.000587106 0.00502713 5.00962e-05 0.000177157 3.95364e-05 2.95335e-05
0.810113 0.0063731 0.00642005 0.00632616 0.000705427 0.000871455 0.000539398 0.00478719 4.69413e-05 0.000166029 3.70902e-05 2.77479e-05
0.813504 0.00589763 0.00594156 0.00585369 0.000650206 0.00080563 0.000494783 0.00455425 4.39341e-05 0.000155423 3.47543e-05 2.60384e-05
0.816895 0.00544836 0.00548943 0.00540729 0.00059844 0.000743766 0.000453115 0.00432826 4.10701e-05 0.000145325 3.25255e-05 2.44033e-05
0.820286 0.00502446 0.00506281 0.00498612 0.00054997 0.000685688 0.000414252 0.00410915 3.8345e-05 0.000135718 3.04009e-05 2.28408e-05
0.823677 0.00462509 0.00466085 0.00458934 0.000504642 0.000631228 0.000378055 0.00389689 3.57542e-05 0.000126587 2.83775e-05 2.13493e-05
0.827067 0.00424943 0.00428272 0.00421613 0.000462307 0.000580221 0.000344392 0.00369142 3.32935e-05 0.000117914 2.64524e-05 1.9927e-05
0.830458 0.00389661 0.00392757 0.00386566 0.000422818 0.000532504 0.000313132 0.00349267 3.09586e-05 0.000109686 2.46226e-05 1.85721e-05
0.833849 0.00356582 0.00359456 0.00353707 0.000386036 0.000487923 0.000284149 0.00330059 2.87453e-05 0.000101887 2.28853e-05 1.72828e-05
0.83724 0.00325621 0.00328286 0.00322956 0.000351822 0.000446325 0.000257319 0.00311512 2.66497e-05 9.45026e-05 2.12376e-05 1.60574e-05
0.840631 0.00296694 0.00299161 0.00294227 0.000320044 0.000407562 0.000232526 0.00293617 2.46675e-05 8.75179e-05 1.96767e-05 1.48942e-05
0.844022 0.00269717 0.00271996 0.00267437 0.000290574 0.000371493 0.000209655 0.00276369 2.27948e-05 8.09189e-05 1.81997e-05 1.37913e-05
0.847412 0.00244607 0.0024671 0.00242505 0.000263287 0.000337978 0.000188596 0.00259761 2.10278e-05 7.46914e-05 1.68039e-05 1.27471e-05
0.850803 0.00221283 0.00223219 0.00219347 0.000238062 0.000306884 0.000169241 0.00243783 1.93626e-05 6.88218e-05 1.54866e-05 1.17596e-05
0.854194 0.00199662 0.00201442 0.00197883 0.000214784 0.000278081 0.000151488 0.0022843 1.77953e-05 6.32966e-05 1.4245e-05 1.08273e-05
0.857585 0.00179664 0.00181297 0.00178032 0.00019334 0.000251443 0.000135238 0.00213692 1.63223e-05 5.81025e-05 1.30765e-05 9.9482e-06
0.860976 0.00161209 0.00162703 0.00159715 0.000173623 0.000226849 0.000120396 0.00199561 1.494e-05 5.32266e-05 1.19784e-05 9.12071e-06
0.864367 0.00144219 0.00145583 0.00142855 0.000155528 0.000204184 0.000106872 0.00186029 1.36447e-05 4.86561e-05 1.0948e-05 8.34301e-06
0.867757 0.00128616 0.00129859 0.00127373 0.000138955 0.000183333 9.45764e-05 0.00173086 1.2433e-05 4.43784e-05 9.98288e-06 7.61338e-06
0.871148 0.00114324 0.00115454 0.00113194 0.000123808 0.00016419 8.34267e-05 0.00160722 1.13013e-05 4.03815e-05 9.08038e-06 6.93007e-06
0.874539 0.00101269 0.00102294 0.00100245 0.000109996 0.000146649 7.33424e-05 0.0014893 1.02462e-05 3.66532e-05 8.23801e-06 6.29137e-06
0.87793 0.000893786 0.00090305 0.000884521 9.74288e-05 0.000130611 6.42469e-05 0.00137697 9.26455e-06 3.31819e-05 7.45328e-06 5.69554e-06
0.881321 0.000785812 0.000794165 0.000777459 8.60232e-05 0.000115979 5.60672e-05 0.00127015 8.35293e-06 2.9956e-05 6.72374e-06 5.14088e-06
0.884712 0.000688078 0.000695586 0.00068057 7.56979e-05 0.000102662 4.87337e-05 0.00116873 7.50816e-06 2.69642e-05 6.04697e-06 4.62571e-06
0.888102 0.000599911 0.000606638 0.000593184 6.63759e-05 9.05715e-05 4.21803e-05 0.0010726 6.72711e-06 2.41956e-05 5.4206e-06 4.14835e-06
0.891493 0.000520659 0.000526666 0.000514652 5.79836e-05 7.96229e-05 3.63443e-05 0.000981649 6.00668e-06 2.16393e-05 4.84229e-06 3.70711e-06
0.894884 0.00044969 0.000455034 0.000444346 5.04511e-05 6.97359e-05 3.11663e-05 0.000895766 5.34387e-06 1.92848e-05 4.30972e-06 3.30037e-06
0.898275 0.000386392 0.000391128 0.000381657 4.37117e-05 6.08335e-05 2.659e-05 0.000814833 4.73571e-06 1.71217e-05 3.82064e-06 2.92649e-06
0.901666 0.00033018 0.000334359 0.000326001 3.77024e-05 5.28425e-05 2.25623e-05 0.000738734 4.17932e-06 1.51401e-05 3.37281e-06 2.58385e-06
0.905057 0.000280488 0.00028416 0.000276816 3.23634e-05 4.56935e-05 1.90333e-05 0.000667345 3.67186e-06 1.33301e-05 2.96406e-06 2.27086e-06
0.908447 0.000236773 0.000239984 0.000233563 2.76381e-05 3.93201e-05 1.59561e-05 0.000600542 3.21057e-06 1.1682e-05 2.59224e-06 1.98595e-06
0.911838 0.000198521 0.000201313 0.000195728 2.34731e-05 3.36596e-05 1.32866e-05 0.0005382 2.79276e-06 1.01865e-05 2.25523e-06 1.72758e-06
0.915229 0.000165235 0.000167651 0.000162819 1.98181e-05 2.86527e-05 1.09835e-05 0.000480187 2.41579e-06 8.83459e-06 1.951e-06 1.49421e-06
0.91862 0.000136449 0.000138526 0.000134372 1.66259e-05 2.42432e-05 9.00866e-06 0.000426371 2.0771e-06 7.61726e-06 1.6775e-06 1.28435e-06
0.922011 0.000111718 0.000113493 0.000109944 1.38521e-05 2.0378e-05 7.32617e-06 0.000376618 1.77417e-06 6.52589e-06 1.43279e-06 1.09653e-06
0.925402 9.06248e-05 9.21293e-05 8.91202e-05 1.14551e-05 1.70072e-05 5.90297e-06 0.000330789 1.50458e-06 5.55209e-06 1.21493e-06 9.29292e-07
0.928792 7.27744e-05 7.40404e-05 7.15085e-05 9.39612e-06 1.40838e-05 4.70844e-06 0.000288744 1.26596e-06 4.68768e-06 1.02205e-06 7.81232e-07
0.932183 5.77989e-05 5.88549e-05 5.67429e-05 7.63915e-06 1.15639e-05 3.71441e-06 0.000250341 1.05601e-06 3.92474e-06 8.52309e-07 6.50962e-07
0.935574 4.53546e-05 4.62271e-05 4.44821e-05 6.1506e-06 9.40617e-06 2.89503e-06 0.000215432 8.72506e-07 3.25557e-06 7.0394e-07 5.37131e-07
0.938965 3.51229e-05 3.58362e-05 3.44096e-05 4.89944e-06 7.57218e-06 2.22671e-06 0.000183871 7.13283e-07 2.67274e-06 5.75212e-07 4.38422e-07
0.942356 2.68097e-05 2.7386e-05 2.62335e-05 3.85703e-06 6.02606e-06 1.688e-06 0.000155507 5.76255e-07 2.16903e-06 4.64449e-07 3.53553e-07
0.945747 2.0145e-05 2.06044e-05 1.96856e-05 2.99704e-06 4.73454e-06 1.25953e-06 0.000130186 4.59408e-07 1.73751e-06 3.70032e-07 2.8128e-07
0.949137 1.48826e-05 1.52434e-05 1.45218e-05 2.29535e-06 3.6668e-06 9.23891e-07 0.000107752 3.60801e-07 1.37146e-06 2.90394e-07 2.20397e-07
0.952528 1.07999e-05 1.10784e-05 1.05213e-05 1.72998e-06 2.7944e-06 6.65555e-07 8.80483e-05 2.78568e-07 1.06442e-06 2.24028e-07 1.69742e-07
0.955919 7.69676e-06 7.90769e-06 7.48584e-06 1.28099e-06 2.09121e-06 4.70777e-07 7.09141e-05 2.10921e-07 8.10215e-07 1.69484e-07 1.28192e-07
0.95931 5.39552e-06 5.55167e-06 5.23937e-06 9.304e-07 1.53329e-06 3.27507e-07 5.61872e-05 1.5615e-07 6.02893e-07 1.25376e-07 9.46738e-08
0.962701 3.73994e-06 3.85257e-06 3.62731e-06 6.62083e-07 1.09887e-06 2.25297e-07 4.37037e-05 1.12626e-07 4.36786e-07 9.03786e-08 6.81575e-08
0.966092 2.59478e-06 2.67358e-06 2.51598e-06 4.6171e-07 7.68203e-07 1.55217e-07 3.32983e-05 7.88022e-08 3.06493e-07 6.32337e-08 4.76648e-08
0.969482 1.84518e-06 1.8984e-06 1.79196e-06 3.16673e-07 5.23563e-07 1.09783e-07 2.48054e-05 5.32195e-08 2.0689e-07 4.27508e-08 3.22695e-08
0.972873 1.39646e-06 1.43097e-06 1.36196e-06 2.16035e-07 3.49177e-07 8.28934e-08 1.80609e-05 3.45056e-08 1.33142e-07 2.78107e-08 2.10997e-08
0.976264 1.17456e-06 1.19594e-06 1.15318e-06 1.5054e-07 2.3125e-07 6.98305e-08 1.29058e-05 2.13806e-08 8.07098e-08 1.73684e-08 1.33417e-08
0.979655 1.12876e-06 1.14142e-06 1.1161e-06 1.12753e-07 1.58118e-07 6.73874e-08 9.19579e-06 1.26598e-08 4.53654e-08 1.04561e-08 8.24181e-09
0.983046 1.24155e-06 1.24881e-06 1.2343e-06 9.76453e-08 1.20852e-07 7.44384e-08 6.82648e-06 7.25611e-09 2.32069e-08 6.18532e-09 5.10802e-09
0.986437 1.57124e-06 1.57542e-06 1.56706e-06 1.05158e-07 1.15836e-07 9.44802e-08 5.82583e-06 4.17824e-09 1.0678e-08 3.74354e-09 3.30564e-09
0.989827 2.60125e-06 2.60374e-06 2.59875e-06 1.61263e-07 1.65849e-07 1.56677e-07 6.88532e-06 2.49484e-09 4.58619e-09 2.35552e-09 2.21499e-09
0.993218 1.09617e-05 1.09621e-05 1.09614e-05 6.63703e-07 6.66551e-07 6.60856e-07 3.81052e-05 3.35247e-10 2.84723e-09 1.68451e-10 0
4.01075e-314 inf inf inf inf inf inf 0.000150567 8.24463 0.361383 0.196521 0.0884164
