9.72476e-05 12.5035 13.186 11.821 6.42394 6.84411 6.00377 16.5604 0.682473 0.420168 0.175452 0.166004
0.0001 12.4268 13.1069 11.7468 6.38408 6.80268 5.96549 16.4169 0.680041 0.418598 0.174303 0.164753
0.00010283 12.3514 13.029 11.6737 6.34487 6.7619 5.92783 16.2745 0.677618 0.417035 0.173163 0.16351
0.000105741 12.2802 12.9554 11.605 6.30791 6.72339 5.89243 16.133 0.675204 0.41548 0.172032 0.162274
0.000108734 12.2028 12.8756 11.53 6.26769 6.68163 5.85376 15.9925 0.6728 0.413933 0.170909 0.161045
0.000111811 12.1259 12.7963 11.4555 6.2277 6.6401 5.81531 15.853 0.670404 0.412393 0.169796 0.159824
0.000114976 12.0493 12.7173 11.3813 6.18791 6.59878 5.77705 15.7145 0.668017 0.410861 0.16869 0.158611
0.00011823 11.9732 12.6388 11.3075 6.14834 6.55768 5.73901 15.577 0.665639 0.409337 0.167593 0.157404
0.000121576 11.8974 12.5607 11.2341 6.10898 6.5168 5.70116 15.4405 0.663269 0.40782 0.166504 0.156206
0.000125017 11.822 12.4829 11.1611 6.06983 6.47614 5.66352 15.3049 0.660909 0.40631 0.165424 0.155014
0.000128556 11.7471 12.4056 11.0885 6.03088 6.43569 5.62608 15.1702 0.658557 0.404808 0.164352 0.15383
0.000132194 11.6725 12.3287 11.0163 5.99215 6.39546 5.58884 15.0365 0.656213 0.403313 0.163289 0.152653
0.000135936 11.5983 12.2522 10.9444 5.95362 6.35545 5.5518 14.9038 0.653878 0.401825 0.162234 0.151483
0.000139783 11.5245 12.176 10.8729 5.9153 6.31564 5.51495 14.772 0.651552 0.400345 0.161187 0.15032
0.000143739 11.4511 12.1003 10.8018 5.87718 6.27606 5.47831 14.6411 0.649234 0.398872 0.160148 0.149165
0.000147808 11.378 12.025 10.7311 5.83927 6.23667 5.44186 14.5112 0.646924 0.397406 0.159118 0.148016
0.000151991 11.3054 11.95 10.6608 5.80156 6.1975 5.40561 14.3822 0.644623 0.395947 0.158096 0.146874
0.000156293 11.2331 11.8755 10.5908 5.76405 6.15854 5.36955 14.2541 0.642329 0.394495 0.157083 0.14574
0.000160717 11.1613 11.8013 10.5212 5.72674 6.11979 5.33369 14.127 0.640044 0.393051 0.156077 0.144613
0.000165265 11.0897 11.7275 10.452 5.68963 6.08125 5.29802 14.0007 0.637767 0.391613 0.15508 0.143492
0.000169943 11.0186 11.6541 10.3831 5.65273 6.04291 5.26255 13.8753 0.635497 0.390182 0.154091 0.142379
0.000174753 10.9479 11.5811 10.3146 5.61602 6.00478 5.22726 13.7509 0.633236 0.388758 0.153109 0.141272
0.000179699 10.8775 11.5085 10.2465 5.57951 5.96685 5.19217 13.6273 0.630982 0.387342 0.152136 0.140172
0.000184785 10.8075 11.4362 10.1787 5.5432 5.92913 5.15727 13.5046 0.628737 0.385932 0.151172 0.139079
0.000190015 10.7378 11.3643 10.1113 5.50708 5.89161 5.12255 13.3828 0.626498 0.384528 0.150215 0.137993
0.000195393 10.6686 11.2928 10.0443 5.47116 5.85429 5.08803 13.2619 0.624268 0.383132 0.149266 0.136913
0.000200923 10.5997 11.2217 9.97761 5.43544 5.81718 5.05369 13.1419 0.622045 0.381742 0.148325 0.13584
0.00020661 10.5311 11.151 9.91129 5.3999 5.78026 5.01955 13.0227 0.619829 0.380359 0.147392 0.134774
0.000212458 10.4629 11.0806 9.84532 5.36456 5.74355 4.98558 12.9044 0.617621 0.378982 0.146467 0.133715
0.000218471 10.3951 11.0106 9.77972 5.32942 5.70703 4.95181 12.7869 0.61542 0.377613 0.14555 0.132662
0.000224655 10.3277 10.9409 9.71446 5.29446 5.67071 4.91821 12.6703 0.613226 0.376249 0.144641 0.131616
0.000231013 10.2606 10.8716 9.64955 5.2597 5.63459 4.8848 12.5545 0.61104 0.374892 0.14374 0.130576
0.000237551 10.1939 10.8027 9.585 5.22512 5.59867 4.85158 12.4395 0.60886 0.373542 0.142847 0.129543
0.000244275 10.1275 10.7342 9.52079 5.19073 5.56293 4.81853 12.3255 0.606688 0.372198 0.141961 0.128516
0.000251189 10.0615 10.666 9.45693 5.15654 5.5274 4.78567 12.2122 0.604522 0.37086 0.141084 0.127495
0.000258298 9.99579 10.5981 9.39342 5.12252 5.49205 4.75299 12.0997 0.602364 0.369529 0.140214 0.126482
0.000265609 9.93047 10.5307 9.33025 5.0887 5.4569 4.72049 11.9881 0.600212 0.368204 0.139352 0.125474
0.000273126 9.86549 10.4636 9.26742 5.05505 5.42194 4.68817 11.8773 0.598066 0.366885 0.138497 0.124473
0.000280857 9.80087 10.3968 9.20495 5.0216 5.38717 4.65603 11.7673 0.595928 0.365573 0.137651 0.123478
0.000288806 9.7366 10.3304 9.1428 4.98833 5.3526 4.62406 11.6581 0.593796 0.364267 0.136812 0.122489
0.00029698 9.67266 10.2643 9.08099 4.95524 5.31821 4.59227 11.5498 0.59167 0.362966 0.13598 0.121507
0.000305386 9.60908 10.1986 9.01953 4.92234 5.28401 4.56067 11.4422 0.589551 0.361672 0.135157 0.120531
0.000314029 9.54583 10.1333 8.95839 4.88961 5.24999 4.52922 11.3354 0.587438 0.360384 0.134341 0.119561
0.000322917 9.48292 10.0683 8.89759 4.85707 5.21617 4.49796 11.2293 0.585331 0.359102 0.133532 0.118597
0.000332057 9.42035 10.0036 8.83712 4.8247 5.18252 4.46687 11.1241 0.58323 0.357825 0.132732 0.11764
0.000341455 9.35813 9.93926 8.77699 4.79251 5.14907 4.43596 11.0197 0.581135 0.356555 0.131938 0.116688
0.000351119 9.29623 9.87528 8.71719 4.76051 5.1158 4.40522 10.916 0.579046 0.35529 0.131153 0.115743
0.000361057 9.23467 9.81164 8.65771 4.72868 5.08271 4.37465 10.8131 0.576963 0.354032 0.130375 0.114803
0.000371276 9.17345 9.74834 8.59857 4.69703 5.0498 4.34425 10.7109 0.574886 0.352779 0.129604 0.11387
0.000381784 9.11255 9.68537 8.53974 4.66555 5.01708 4.31402 10.6095 0.572814 0.351532 0.128841 0.112943
0.00039259 9.05199 9.62273 8.48124 4.63425 4.98454 4.28396 10.5089 0.570748 0.35029 0.128085 0.112021
0.000403702 8.99175 9.56043 8.42306 4.60312 4.95217 4.25406 10.409 0.568687 0.349054 0.127337 0.111106
0.000415128 8.93184 9.49847 8.36521 4.57216 4.91999 4.22434 10.3098 0.566632 0.347824 0.126596 0.110196
0.000426877 8.87225 9.43683 8.30767 4.54138 4.88798 4.19478 10.2114 0.564582 0.346599 0.125862 0.109292
0.000438959 8.81299 9.37553 8.25046 4.51078 4.85615 4.1654 10.1138 0.562537 0.345379 0.125136 0.108394
0.000451383 8.75405 9.31455 8.19355 4.48034 4.8245 4.13617 10.0168 0.560498 0.344165 0.124417 0.107502
0.000464159 8.69544 9.2539 8.13697 4.45007 4.79303 4.10711 9.92061 0.558463 0.342957 0.123706 0.106616
0.000477296 8.63714 9.19357 8.08071 4.41997 4.76173 4.07822 9.82512 0.556433 0.341754 0.123002 0.105735
0.000490805 8.57916 9.13356 8.02475 4.39004 4.7306 4.04949 9.73035 0.554408 0.340556 0.122305 0.10486
0.000504697 8.5215 9.07388 7.96911 4.36028 4.69965 4.02092 9.63629 0.552388 0.339363 0.121615 0.103991
0.000518981 8.46415 9.01452 7.91377 4.33069 4.66887 3.99252 9.54294 0.550372 0.338176 0.120932 0.103127
0.00053367 8.40711 8.95547 7.85875 4.30127 4.63826 3.96427 9.45029 0.548361 0.336993 0.120257 0.102269
0.000548775 8.35039 8.89674 7.80403 4.27201 4.60782 3.93619 9.35835 0.546354 0.335816 0.119589 0.101417
0.000564307 8.29398 8.83833 7.74963 4.24292 4.57756 3.90827 9.2671 0.544351 0.334644 0.118928 0.10057
0.000580278 8.23787 8.78023 7.69552 4.21399 4.54746 3.88051 9.17654 0.542352 0.333477 0.118274 0.0997288
0.000596702 8.18208 8.72244 7.64172 4.18522 4.51754 3.85291 9.08667 0.540358 0.332315 0.117628 0.098893
0.000613591 8.12659 8.66496 7.58823 4.15662 4.48778 3.82546 8.99749 0.538367 0.331158 0.116988 0.0980627
0.000630957 8.07141 8.60779 7.53503 4.12818 4.45819 3.79817 8.90898 0.536381 0.330005 0.116355 0.0972379
0.000648815 8.01653 8.55093 7.48214 4.0999 4.42876 3.77105 8.82115 0.534398 0.328858 0.11573 0.0964185
0.000667179 7.96196 8.49438 7.42954 4.07179 4.3995 3.74407 8.73399 0.532418 0.327715 0.115111 0.0956045
0.000686062 7.90768 8.43813 7.37724 4.04383 4.37041 3.71725 8.64749 0.530442 0.326577 0.114499 0.0947958
0.00070548 7.85371 8.38218 7.32524 4.01603 4.34148 3.69059 8.56167 0.52847 0.325444 0.113895 0.0939925
0.000725448 7.80003 8.32653 7.27353 3.9884 4.31271 3.66408 8.47649 0.5265 0.324315 0.113297 0.0931946
0.00074598 7.74665 8.27118 7.22212 3.96092 4.28411 3.63773 8.39198 0.524534 0.32319 0.112706 0.0924018
0.000767094 7.69357 8.21614 7.171 3.9336 4.25567 3.61153 8.30811 0.522571 0.322071 0.112122 0.0916144
0.000788805 7.64078 8.16139 7.12017 3.90643 4.22739 3.58548 8.22489 0.52061 0.320955 0.111545 0.0908322
0.000811131 7.58828 8.10693 7.06963 3.87942 4.19927 3.55958 8.14231 0.518652 0.319845 0.110975 0.0900552
0.000834088 7.53608 8.05278 7.01938 3.85257 4.17131 3.53383 8.06037 0.516697 0.318738 0.110411 0.0892835
0.000857696 7.48416 7.9989 6.96942 3.82587 4.14351 3.50824 7.97907 0.514745 0.317636 0.109854 0.0885168
0.000881971 7.43253 7.94533 6.91974 3.79933 4.11587 3.48279 7.8984 0.512794 0.316538 0.109304 0.0877552
0.000906934 7.38119 7.89204 6.87035 3.77294 4.08838 3.45749 7.81836 0.510846 0.315444 0.108761 0.0869988
0.000932603 7.33014 7.83904 6.82124 3.7467 4.06105 3.43235 7.73893 0.5089 0.314354 0.108224 0.0862475
0.000958999 7.27937 7.78633 6.77241 3.72061 4.03388 3.40734 7.66013 0.506956 0.313268 0.107694 0.0855011
0.000986142 7.22889 7.7339 6.72387 3.69468 4.00686 3.38249 7.58194 0.505014 0.312187 0.10717 0.0847598
0.00101405 7.17868 7.68176 6.67561 3.66889 3.98 3.35778 7.50437 0.503073 0.311109 0.106653 0.0840235
0.00104275 7.12876 7.62989 6.62763 3.64326 3.95329 3.33322 7.4274 0.501134 0.310035 0.106143 0.0832921
0.00107227 7.07912 7.57831 6.57992 3.61778 3.92674 3.30881 7.35103 0.499196 0.308965 0.105639 0.0825658
0.00110262 7.02975 7.52701 6.53249 3.59244 3.90034 3.28454 7.27527 0.49726 0.307899 0.105142 0.0818442
0.00113382 6.98066 7.47599 6.48534 3.56725 3.87409 3.26041 7.20011 0.495324 0.306837 0.104651 0.0811276
0.00116591 6.93185 7.42524 6.43846 3.54221 3.84798 3.23643 7.12554 0.49339 0.305778 0.104166 0.0804159
0.00119891 6.88331 7.37477 6.39186 3.51731 3.82204 3.21259 7.05155 0.491456 0.304722 0.103688 0.079709
0.00123285 6.83504 7.32457 6.34552 3.49256 3.79624 3.18889 6.97816 0.489523 0.303671 0.103216 0.0790068
0.00126774 6.78705 7.27464 6.29946 3.46796 3.77059 3.16534 6.90534 0.48759 0.302622 0.10275 0.0783095
0.00130362 6.73933 7.22499 6.25367 3.44351 3.74508 3.14193 6.8331 0.485657 0.301577 0.10229 0.077617
0.00134052 6.69187 7.1756 6.20815 3.41919 3.71973 3.11866 6.76144 0.483725 0.300536 0.101837 0.0769291
0.00137846 6.64469 7.12648 6.16289 3.39502 3.69452 3.09552 6.69035 0.481792 0.299498 0.10139 0.076246
0.00141747 6.59776 7.07762 6.1179 3.37099 3.66946 3.07253 6.61983 0.47986 0.298463 0.100949 0.0755675
0.00145759 6.55111 7.02903 6.07318 3.34711 3.64454 3.04968 6.54987 0.477927 0.297431 0.100514 0.0748937
0.00149885 6.50471 6.98071 6.02872 3.32336 3.61977 3.02696 6.48047 0.475993 0.296402 0.100085 0.0742245
0.00154127 6.45858 6.93264 5.98453 3.29976 3.59514 3.00438 6.41163 0.474059 0.295376 0.0996621 0.07356
0.00158489 6.41271 6.88484 5.94059 3.27629 3.57065 2.98194 6.34335 0.472124 0.294353 0.099245 0.0729
0.00162975 6.36711 6.83729 5.89692 3.25297 3.54631 2.95964 6.27561 0.470187 0.293333 0.0988339 0.0722446
0.00167588 6.32176 6.79001 5.85351 3.22979 3.5221 2.93747 6.20842 0.46825 0.292316 0.0984286 0.0715936
0.00172331 6.27666 6.74297 5.81035 3.20674 3.49804 2.91544 6.14178 0.466311 0.291301 0.098029 0.0709472
0.00177209 6.23183 6.6962 5.76746 3.18383 3.47412 2.89354 6.07568 0.46437 0.290289 0.0976352 0.0703053
0.00182224 6.18724 6.64967 5.72482 3.16106 3.45034 2.87178 6.01011 0.462428 0.28928 0.097247 0.0696678
0.00187382 6.14292 6.6034 5.68243 3.13842 3.4267 2.85015 5.94508 0.460483 0.288273 0.0968645 0.0690347
0.00192685 6.09884 6.55738 5.64031 3.11592 3.40319 2.82866 5.88058 0.458536 0.287268 0.0964874 0.068406
0.00198139 6.05502 6.51161 5.59843 3.09356 3.37983 2.80729 5.8166 0.456587 0.286266 0.096116 0.0677817
0.00203747 6.01144 6.46608 5.55681 3.07133 3.3566 2.78606 5.75315 0.454636 0.285266 0.0957499 0.0671618
0.00209514 5.96812 6.4208 5.51544 3.04923 3.3335 2.76496 5.69022 0.452681 0.284269 0.0953892 0.0665461
0.00215443 5.92504 6.37576 5.47432 3.02727 3.31054 2.744 5.62781 0.450724 0.283273 0.0950339 0.0659348
0.00221541 5.88221 6.33097 5.43345 3.00544 3.28772 2.72316 5.56591 0.448763 0.282279 0.0946838 0.0653277
0.00227812 5.83962 6.28642 5.39282 2.98374 3.26503 2.70245 5.50452 0.446799 0.281288 0.0943388 0.0647249
0.00234259 5.79728 6.24211 5.35245 2.96217 3.24247 2.68188 5.44365 0.444831 0.280298 0.093999 0.0641263
0.0024089 5.75518 6.19804 5.31232 2.94074 3.22005 2.66143 5.38327 0.442859 0.27931 0.0936643 0.0635319
0.00247708 5.71332 6.1542 5.27244 2.91943 3.19776 2.64111 5.3234 0.440884 0.278324 0.0933345 0.0629418
0.00254719 5.6717 6.1106 5.2328 2.89825 3.17559 2.62092 5.26402 0.438904 0.277339 0.0930096 0.0623557
0.00261928 5.63032 6.06724 5.1934 2.87721 3.15356 2.60085 5.20515 0.436919 0.276356 0.0926895 0.0617737
0.00269341 5.58917 6.0241 5.15424 2.85629 3.13166 2.58091 5.14676 0.43493 0.275374 0.0923742 0.0611959
0.00276965 5.54827 5.9812 5.11533 2.8355 3.10989 2.5611 5.08886 0.432936 0.274393 0.0920635 0.0606221
0.00284804 5.5076 5.93853 5.07666 2.81483 3.08825 2.54142 5.03145 0.430937 0.273414 0.0917574 0.0600524
0.00292864 5.46716 5.89609 5.03823 2.79429 3.06673 2.52186 4.97453 0.428932 0.272436 0.0914558 0.0594866
0.00301153 5.42696 5.85388 5.00003 2.77388 3.04534 2.50242 4.91808 0.426921 0.271459 0.0911586 0.0589249
0.00309677 5.38698 5.81189 4.96208 2.75359 3.02407 2.48311 4.86211 0.424905 0.270482 0.0908657 0.0583672
0.00318442 5.34724 5.77013 4.92436 2.73343 3.00294 2.46392 4.80662 0.422883 0.269507 0.0905771 0.0578134
0.00327455 5.30773 5.72858 4.88687 2.71339 2.98192 2.44486 4.75159 0.420854 0.268532 0.0902926 0.0572635
0.00336723 5.26844 5.68726 4.84962 2.69348 2.96103 2.42592 4.69704 0.418819 0.267558 0.0900121 0.0567175
0.00346253 5.22939 5.64616 4.81261 2.67368 2.94027 2.4071 4.64295 0.416777 0.266585 0.0897355 0.0561754
0.00356053 5.19055 5.60528 4.77582 2.65401 2.91962 2.3884 4.58932 0.414727 0.265612 0.0894628 0.0556371
0.00366131 5.15194 5.56462 4.73927 2.63446 2.8991 2.36982 4.53616 0.412671 0.264639 0.0891938 0.0551027
0.00376494 5.11356 5.52417 4.70295 2.61503 2.8787 2.35137 4.48345 0.410607 0.263667 0.0889284 0.0545721
0.0038715 5.0754 5.48393 4.66686 2.59573 2.85842 2.33303 4.4312 0.408535 0.262694 0.0886665 0.0540452
0.00398107 5.03746 5.44391 4.631 2.57654 2.83826 2.31482 4.37939 0.406454 0.261722 0.088408 0.053522
0.00409375 4.99973 5.4041 4.59537 2.55747 2.81822 2.29672 4.32804 0.404366 0.260749 0.0881527 0.0530026
0.00420962 4.96223 5.3645 4.55996 2.53852 2.7983 2.27874 4.27713 0.402269 0.259777 0.0879006 0.0524869
0.00432876 4.92494 5.32511 4.52478 2.51968 2.77849 2.26088 4.22666 0.400163 0.258804 0.0876516 0.0519749
0.00445128 4.88787 5.28592 4.48983 2.50097 2.7588 2.24314 4.17664 0.398048 0.25783 0.0874054 0.0514665
0.00457727 4.85102 5.24694 4.45509 2.48237 2.73922 2.22551 4.12705 0.395924 0.256856 0.087162 0.0509616
0.00470682 4.81438 5.20817 4.42059 2.46388 2.71977 2.208 4.0779 0.393789 0.255881 0.0869213 0.0504604
0.00484003 4.77795 5.16959 4.3863 2.44552 2.70042 2.19061 4.02918 0.391645 0.254905 0.086683 0.0499628
0.00497702 4.74173 5.13122 4.35224 2.42726 2.68119 2.17333 3.98089 0.389491 0.253929 0.0864471 0.0494687
0.00511789 4.70572 5.09305 4.3184 2.40912 2.66207 2.15617 3.93302 0.387327 0.252951 0.0862134 0.0489781
0.00526274 4.66993 5.05508 4.28477 2.39109 2.64306 2.13912 3.88558 0.385151 0.251972 0.0859818 0.048491
0.0054117 4.63434 5.0173 4.25137 2.37318 2.62417 2.12219 3.83856 0.382965 0.250991 0.0857522 0.0480074
0.00556486 4.59895 4.97972 4.21819 2.35538 2.60538 2.10537 3.79196 0.380767 0.25001 0.0855242 0.0475272
0.00572237 4.56378 4.94233 4.18522 2.33768 2.58671 2.08866 3.74578 0.378558 0.249026 0.0852979 0.0470504
0.00588433 4.5288 4.90514 4.15247 2.3201 2.56814 2.07206 3.70001 0.376338 0.248041 0.0850731 0.0465771
0.00605088 4.49404 4.86814 4.11993 2.30263 2.54969 2.05558 3.65465 0.374105 0.247054 0.0848495 0.046107
0.00622213 4.45947 4.83133 4.08761 2.28527 2.53134 2.03921 3.6097 0.37186 0.246065 0.084627 0.0456403
0.00639824 4.4251 4.7947 4.0555 2.26802 2.51309 2.02294 3.56516 0.369602 0.245073 0.0844055 0.0451769
0.00657933 4.39094 4.75827 4.02361 2.25087 2.49495 2.00679 3.52102 0.367331 0.24408 0.0841847 0.0447168
0.00676555 4.35697 4.72202 3.99192 2.23384 2.47692 1.99075 3.47728 0.365048 0.243084 0.0839646 0.04426
0.00695704 4.3232 4.68595 3.96045 2.21691 2.45899 1.97482 3.43393 0.36275 0.242085 0.0837448 0.0438064
0.00715394 4.28963 4.65007 3.92919 2.20008 2.44116 1.959 3.39099 0.36044 0.241083 0.0835253 0.043356
0.00735642 4.25625 4.61437 3.89814 2.18336 2.42344 1.94328 3.34844 0.358115 0.240079 0.0833057 0.0429087
0.00756463 4.22307 4.57884 3.86729 2.16674 2.40581 1.92767 3.30628 0.355777 0.239071 0.083086 0.0424646
0.00777874 4.19008 4.5435 3.83666 2.15023 2.38829 1.91217 3.2645 0.353424 0.23806 0.082866 0.0420237
0.0079989 4.15728 4.50834 3.80622 2.13382 2.37087 1.89678 3.22312 0.351056 0.237046 0.0826453 0.0415858
0.0082253 4.12468 4.47335 3.776 2.11752 2.35354 1.88149 3.18211 0.348673 0.236029 0.0824239 0.041151
0.0084581 4.09226 4.43854 3.74598 2.10131 2.33632 1.8663 3.14149 0.346276 0.235007 0.0822015 0.0407193
0.00869749 4.06003 4.40389 3.71617 2.08521 2.31919 1.85122 3.10125 0.343863 0.233982 0.0819779 0.0402905
0.00894366 4.02799 4.36942 3.68656 2.0692 2.30215 1.83625 3.06138 0.341434 0.232952 0.0817529 0.0398648
0.00919679 3.99614 4.33513 3.65715 2.0533 2.28522 1.82138 3.02188 0.33899 0.231918 0.0815262 0.0394421
0.00945709 3.96447 4.301 3.62794 2.03749 2.26837 1.80661 2.98276 0.336529 0.23088 0.0812976 0.0390222
0.00972476 3.93298 4.26704 3.59893 2.02178 2.25162 1.79194 2.94401 0.334053 0.229838 0.081067 0.0386053
0.01 3.90168 4.23324 3.57012 2.00617 2.23496 1.77738 2.90562 0.33156 0.22879 0.080834 0.0381913
0.010283 3.87056 4.19961 3.54151 1.99065 2.21839 1.76291 2.8676 0.32905 0.227738 0.0805985 0.0377801
0.0105741 3.83962 4.16615 3.5131 1.97523 2.20191 1.74855 2.82994 0.326523 0.22668 0.0803602 0.0373718
0.0108734 3.80887 4.13284 3.48489 1.9599 2.18552 1.73429 2.79264 0.323979 0.225617 0.0801188 0.0369662
0.0111811 3.77828 4.0997 3.45687 1.94467 2.16922 1.72012 2.75569 0.321419 0.224549 0.0798741 0.0365635
0.0114976 3.74789 4.06673 3.42904 1.92953 2.153 1.70605 2.7191 0.31884 0.223475 0.079626 0.0361635
0.011823 3.71766 4.0339 3.40141 1.91448 2.13687 1.69208 2.68286 0.316244 0.222395 0.079374 0.0357662
0.0121576 3.68761 4.00124 3.37398 1.89952 2.12083 1.67821 2.64698 0.313631 0.221309 0.079118 0.0353716
0.0125017 3.65773 3.96873 3.34673 1.88465 2.10487 1.66443 2.61144 0.311 0.220216 0.0788577 0.0349797
0.0128556 3.62803 3.93638 3.31968 1.86987 2.08899 1.65075 2.57624 0.30835 0.219118 0.0785929 0.0345905
0.0132194 3.5985 3.90418 3.29282 1.85518 2.07319 1.63717 2.54139 0.305683 0.218012 0.0783232 0.0342038
0.0135936 3.56914 3.87214 3.26614 1.84057 2.05747 1.62367 2.50688 0.302997 0.2169 0.0780485 0.0338198
0.0139783 3.53995 3.84024 3.23966 1.82605 2.04184 1.61027 2.47271 0.300293 0.215781 0.0777685 0.0334383
0.0143739 3.51093 3.8085 3.21336 1.81162 2.02628 1.59697 2.43887 0.297571 0.214654 0.0774828 0.0330593
0.0147808 3.48208 3.77691 3.18725 1.79727 2.01079 1.58375 2.40537 0.29483 0.21352 0.0771914 0.0326829
0.0151991 3.45339 3.74546 3.16132 1.783 1.99538 1.57063 2.3722 0.292071 0.212378 0.0768938 0.032309
0.0156293 3.42487 3.71417 3.13558 1.76882 1.98005 1.55759 2.33936 0.289294 0.211229 0.0765898 0.0319375
0.0160717 3.39651 3.68301 3.11002 1.75471 1.96479 1.54464 2.30684 0.286498 0.210071 0.0762792 0.0315684
0.0165265 3.36832 3.65201 3.08464 1.74069 1.94959 1.53179 2.27465 0.283683 0.208905 0.0759616 0.0312018
0.0169943 3.34029 3.62114 3.05944 1.72674 1.93447 1.51901 2.24278 0.28085 0.20773 0.0756369 0.0308375
0.0174753 3.31242 3.59042 3.03443 1.71287 1.91942 1.50633 2.21123 0.277998 0.206547 0.0753047 0.0304755
0.0179699 3.28472 3.55984 3.00959 1.69908 1.90444 1.49373 2.18 0.275128 0.205355 0.0749649 0.0301159
0.0184785 3.25717 3.52941 2.98493 1.68537 1.88952 1.48121 2.14908 0.27224 0.204153 0.0746171 0.0297586
0.0190015 3.22978 3.49911 2.96044 1.67172 1.87466 1.46878 2.11848 0.269334 0.202942 0.074261 0.0294036
0.0195393 3.20254 3.46895 2.93613 1.65815 1.85987 1.45643 2.08818 0.266409 0.201722 0.0738966 0.0290508
0.0200923 3.17546 3.43893 2.912 1.64465 1.84514 1.44416 2.0582 0.263467 0.200492 0.0735233 0.0287002
0.020661 3.14854 3.40905 2.88803 1.63122 1.83047 1.43197 2.02852 0.260507 0.199251 0.0731412 0.0283519
0.0212458 3.12177 3.3793 2.86424 1.61786 1.81586 1.41986 1.99914 0.257529 0.198001 0.0727498 0.0280057
0.0218471 3.09515 3.34969 2.84062 1.60456 1.8013 1.40782 1.97007 0.254534 0.19674 0.0723489 0.0276616
0.0224655 3.06869 3.32021 2.81717 1.59133 1.7868 1.39587 1.94129 0.251521 0.195468 0.0719384 0.0273197
0.0231013 3.04237 3.29086 2.79388 1.57817 1.77235 1.38398 1.91281 0.248492 0.194185 0.071518 0.0269798
0.0237551 3.0162 3.26165 2.77076 1.56507 1.75796 1.37217 1.88462 0.245447 0.192892 0.0710875 0.026642
0.0244275 2.99019 3.23257 2.7478 1.55203 1.74361 1.36044 1.85673 0.242385 0.191587 0.0706466 0.0263063
0.0251189 2.96432 3.20362 2.72501 1.53904 1.72931 1.34877 1.82912 0.239307 0.19027 0.0701952 0.0259726
0.0258298 2.93859 3.1748 2.70238 1.52612 1.71506 1.33718 1.8018 0.236214 0.188942 0.0697331 0.0256408
0.0265609 2.91301 3.14611 2.6799 1.51325 1.70085 1.32565 1.77477 0.233105 0.187601 0.0692601 0.0253111
0.0273126 2.88757 3.11756 2.65759 1.50044 1.68669 1.31419 1.74802 0.229982 0.186249 0.0687759 0.0249833
0.0280857 2.86228 3.08912 2.63543 1.48768 1.67256 1.30279 1.72154 0.226845 0.184884 0.0682805 0.0246574
0.0288806 2.83712 3.06082 2.61343 1.47497 1.65848 1.29146 1.69535 0.223694 0.183506 0.0677737 0.0243334
0.029698 2.81211 3.03264 2.59158 1.46231 1.64443 1.28019 1.66943 0.220531 0.182116 0.0672553 0.0240113
0.0305386 2.78723 3.00458 2.56988 1.4497 1.63041 1.26898 1.64378 0.217354 0.180712 0.0667253 0.023691
0.0314029 2.76249 2.97666 2.54833 1.43713 1.61643 1.25783 1.6184 0.214166 0.179296 0.0661834 0.0233726
0.0322917 2.73789 2.94885 2.52692 1.42461 1.60247 1.24674 1.59329 0.210966 0.177866 0.0656296 0.023056
0.0332057 2.71342 2.92118 2.50566 1.41212 1.58855 1.2357 1.56844 0.207756 0.176422 0.0650639 0.0227412
0.0341455 2.68908 2.89362 2.48455 1.39968 1.57465 1.22472 1.54386 0.204535 0.174965 0.0644861 0.0224281
0.0351119 2.66488 2.86619 2.46357 1.38728 1.56077 1.21378 1.51954 0.201306 0.173494 0.0638961 0.0221168
0.0361057 2.64081 2.83887 2.44274 1.3749 1.54691 1.2029 1.49547 0.198068 0.172008 0.063294 0.0218072
0.0371276 2.61686 2.81168 2.42204 1.36257 1.53307 1.19206 1.47166 0.194822 0.170508 0.0626797 0.0214993
0.0381784 2.59304 2.78461 2.40147 1.35026 1.51925 1.18126 1.4481 0.19157 0.168994 0.0620532 0.0211931
0.039259 2.56935 2.75766 2.38104 1.33798 1.50544 1.17051 1.42479 0.188312 0.167465 0.0614145 0.0208885
0.0403702 2.54578 2.73083 2.36073 1.32573 1.49165 1.1598 1.40173 0.185049 0.165922 0.0607637 0.0205857
0.0415128 2.52233 2.70411 2.34055 1.3135 1.47786 1.14913 1.37891 0.181781 0.164363 0.0601008 0.0202844
0.0426877 2.49901 2.67752 2.3205 1.30129 1.46408 1.1385 1.35634 0.178511 0.16279 0.0594259 0.0199848
0.0438959 2.4758 2.65104 2.30056 1.28909 1.45029 1.12789 1.334 0.175238 0.161201 0.0587391 0.0196867
0.0451383 2.45271 2.62467 2.28074 1.27692 1.43651 1.11732 1.3119 0.171965 0.159597 0.0580405 0.0193903
0.0464159 2.42973 2.59842 2.26104 1.26475 1.42273 1.10678 1.29004 0.168691 0.157978 0.0573302 0.0190954
0.0477296 2.40687 2.57229 2.24145 1.2526 1.40894 1.09626 1.26841 0.165419 0.156343 0.0566084 0.018802
0.0490805 2.38412 2.54626 2.22197 1.24045 1.39515 1.08576 1.247 0.162148 0.154693 0.0558752 0.0185102
0.0504697 2.36147 2.52035 2.20259 1.22831 1.38134 1.07528 1.22583 0.158882 0.153027 0.055131 0.0182199
0.0518981 2.33893 2.49455 2.18331 1.21617 1.36751 1.06482 1.20487 0.155619 0.151345 0.0543759 0.0179311
0.053367 2.3165 2.46886 2.16414 1.20403 1.35367 1.05438 1.18414 0.152363 0.149648 0.0536101 0.0176438
0.0548775 2.29416 2.44328 2.14505 1.19188 1.33981 1.04394 1.16363 0.149114 0.147935 0.052834 0.017358
0.0564307 2.27193 2.4178 2.12606 1.17972 1.32593 1.03352 1.14333 0.145873 0.146206 0.0520479 0.0170737
0.0580278 2.24979 2.39243 2.10715 1.16755 1.31202 1.02309 1.12324 0.142641 0.144461 0.051252 0.0167909
0.0596702 2.22774 2.36716 2.08832 1.15537 1.29807 1.01267 1.10337 0.139421 0.142701 0.0504467 0.0165095
0.0613591 2.20578 2.342 2.06957 1.14317 1.2841 1.00225 1.0837 0.136212 0.140925 0.0496324 0.0162296
0.0630957 2.18391 2.31693 2.05089 1.13095 1.27008 0.991815 1.06424 0.133018 0.139133 0.0488095 0.0159511
0.0648815 2.16212 2.29196 2.03228 1.1187 1.25603 0.981374 1.04498 0.129838 0.137326 0.0479784 0.015674
0.0667179 2.14041 2.26709 2.01374 1.10642 1.24193 0.970921 1.02592 0.126674 0.135503 0.0471395 0.0153984
0.0686062 2.11878 2.24231 1.99525 1.09412 1.22778 0.960451 1.00705 0.123529 0.133665 0.0462933 0.0151243
0.070548 2.09722 2.21762 1.97682 1.08177 1.21358 0.949959 0.988386 0.120402 0.131812 0.0454403 0.0148515
0.0725448 2.07573 2.19302 1.95843 1.06939 1.19933 0.939444 0.969908 0.117296 0.129943 0.044581 0.0145802
0.074598 2.0543 2.16851 1.94009 1.05696 1.18502 0.928899 0.95162 0.114212 0.12806 0.0437159 0.0143103
0.0767094 2.03293 2.14408 1.92178 1.04448 1.17065 0.918322 0.933517 0.111151 0.126162 0.0428456 0.0140419
0.0788805 2.01162 2.11973 1.9035 1.03196 1.15621 0.907708 0.915599 0.108114 0.12425 0.0419705 0.0137749
0.0811131 1.99035 2.09545 1.88525 1.01938 1.1417 0.897054 0.897861 0.105104 0.122323 0.0410914 0.0135094
0.0834088 1.96913 2.07125 1.86701 1.00674 1.12712 0.886353 0.880302 0.102121 0.120383 0.0402088 0.0132453
0.0857696 1.94795 2.04712 1.84878 0.994032 1.11246 0.875604 0.86292 0.0991675 0.118428 0.0393232 0.0129826
0.0881971 1.9268 2.02305 1.83056 0.981261 1.09772 0.8648 0.84571 0.096244 0.116461 0.0384354 0.0127215
0.0906934 1.90569 1.99904 1.81233 0.968419 1.0829 0.853938 0.828671 0.0933519 0.114481 0.037546 0.0124618
0.0932603 1.88459 1.97508 1.7941 0.955502 1.06799 0.843014 0.811801 0.0904928 0.112488 0.0366555 0.0122036
0.0958999 1.86351 1.95117 1.77584 0.942506 1.05299 0.832022 0.795097 0.087668 0.110484 0.0357648 0.0119469
0.0986142 1.84243 1.92731 1.75756 0.929426 1.03789 0.820958 0.778557 0.0848786 0.108468 0.0348743 0.0116917
0.101405 1.82136 1.90349 1.73924 0.916259 1.0227 0.809819 0.762178 0.0821261 0.10644 0.0339849 0.0114381
0.104275 1.80029 1.8797 1.72087 0.903001 1.0074 0.798598 0.745958 0.0794116 0.104403 0.0330972 0.011186
0.107227 1.7792 1.85593 1.70246 0.889648 0.992003 0.787293 0.729895 0.0767363 0.102355 0.0322119 0.0109355
0.110262 1.75808 1.83219 1.68398 0.876196 0.976494 0.775898 0.713988 0.0741014 0.100298 0.0313296 0.0106866
0.113382 1.73694 1.80845 1.66544 0.862641 0.960874 0.764408 0.698233 0.071508 0.098233 0.0304511 0.0104394
0.116591 1.71577 1.78472 1.64681 0.84898 0.94514 0.75282 0.682628 0.0689571 0.0961596 0.0295771 0.0101938
0.119891 1.69454 1.76099 1.62809 0.835209 0.929288 0.74113 0.667173 0.0664499 0.0940791 0.0287081 0.00994991
0.123285 1.67326 1.73725 1.60927 0.821325 0.913317 0.729333 0.651864 0.0639873 0.0919921 0.027845 0.00970774
0.126774 1.65191 1.71348 1.59034 0.807324 0.897223 0.717424 0.636701 0.0615702 0.0898995 0.0269883 0.00946733
0.130362 1.63048 1.68968 1.57128 0.793203 0.881006 0.705401 0.621682 0.0591996 0.0878022 0.0261388 0.00922871
0.134052 1.60897 1.66585 1.5521 0.77896 0.864661 0.693259 0.606805 0.0568762 0.085701 0.0252971 0.00899193
0.137846 1.58737 1.64197 1.53276 0.764592 0.848189 0.680996 0.592069 0.0546009 0.0835969 0.0244638 0.00875702
0.141747 1.56565 1.61802 1.51328 0.750097 0.831588 0.668606 0.577473 0.0523743 0.0814909 0.0236396 0.00852404
0.145759 1.54381 1.59401 1.49362 0.735472 0.814856 0.656088 0.563015 0.0501972 0.079384 0.022825 0.00829302
0.149885 1.52184 1.56991 1.47377 0.720716 0.797993 0.643439 0.548695 0.0480701 0.0772772 0.0220207 0.00806402
0.154127 1.49973 1.54573 1.45374 0.705827 0.780999 0.630656 0.534512 0.0459935 0.0751717 0.0212273 0.00783709
0.158489 1.47747 1.52143 1.4335 0.690805 0.763874 0.617737 0.520464 0.043968 0.0730686 0.0204453 0.00761229
0.162975 1.45503 1.49703 1.41304 0.67565 0.746619 0.604681 0.506552 0.0419939 0.0709691 0.0196752 0.00738967
0.167588 1.43241 1.47248 1.39234 0.66036 0.729235 0.591486 0.492776 0.0400715 0.0688745 0.0189176 0.00716929
0.172331 1.4096 1.4478 1.3714 0.644937 0.711723 0.578152 0.479134 0.0382012 0.0667859 0.018173 0.00695121
0.177209 1.38658 1.42296 1.35019 0.629383 0.694088 0.564678 0.465627 0.0363832 0.0647048 0.0174418 0.0067355
0.182224 1.36333 1.39795 1.32872 0.613699 0.676331 0.551066 0.452255 0.0346175 0.0626324 0.0167245 0.00652222
0.187382 1.33985 1.37276 1.30695 0.597887 0.658457 0.537317 0.439019 0.0329043 0.0605702 0.0160215 0.00631145
0.192685 1.31612 1.34737 1.28488 0.581951 0.640471 0.523432 0.425919 0.0312435 0.0585196 0.0153331 0.00610325
0.198139 1.29213 1.32176 1.26249 0.565896 0.622378 0.509414 0.412956 0.0296352 0.056482 0.0146599 0.0058977
0.203747 1.26786 1.29593 1.23978 0.549727 0.604186 0.495268 0.400131 0.0280791 0.054459 0.014002 0.00569488
0.209514 1.24329 1.26986 1.21671 0.53345 0.585902 0.480998 0.387445 0.0265751 0.0524519 0.0133599 0.00549486
0.215443 1.21842 1.24354 1.19329 0.517073 0.567535 0.46661 0.3749 0.0251229 0.0504625 0.0127337 0.00529772
0.221541 1.19322 1.21694 1.1695 0.500604 0.549096 0.452111 0.362496 0.0237222 0.0484922 0.0121238 0.00510354
0.227812 1.16769 1.19007 1.14532 0.484053 0.530595 0.43751 0.350237 0.0223726 0.0465427 0.0115303 0.0049124
0.234259 1.14182 1.16289 1.12075 0.467431 0.512047 0.422816 0.338124 0.0210736 0.0446155 0.0109534 0.00472438
0.24089 1.11559 1.13541 1.09576 0.450752 0.493464 0.408039 0.32616 0.0198248 0.0427123 0.0103934 0.00453957
0.247708 1.08898 1.1076 1.07035 0.43403 0.474865 0.393195 0.314347 0.0186257 0.0408347 0.00985022 0.00435803
0.254719 1.06199 1.07946 1.04451 0.417281 0.456266 0.378297 0.302688 0.0174755 0.0389844 0.00932409 0.00417984
0.261928 1.0346 1.05097 1.01823 0.400526 0.437689 0.363363 0.291186 0.0163736 0.037163 0.00881502 0.00400508
0.269341 1.00681 1.02213 0.991488 0.383784 0.419156 0.348412 0.279845 0.0153192 0.035372 0.00832306 0.0038338
0.276965 0.97859 0.992902 0.964278 0.367082 0.400695 0.333468 0.268669 0.0143117 0.0336133 0.00784816 0.00366604
0.284804 0.949939 0.963289 0.936589 0.35045 0.382338 0.318561 0.257661 0.01335 0.0318883 0.00739027 0.00350183
0.292864 0.920821 0.933255 0.908388 0.33393 0.364129 0.303731 0.246828 0.0124334 0.0301987 0.00694926 0.00334113
0.301153 0.891157 0.902718 0.879596 0.317593 0.346139 0.289047 0.236174 0.0115608 0.028546 0.00652486 0.00318381
0.309677 0.860439 0.871169 0.849708 0.301715 0.328646 0.274783 0.225712 0.0107309 0.0269315 0.00611647 0.00302931
0.318442 0.834854 0.84528 0.824428 0.290924 0.317253 0.264595 0.221812 0.0104258 0.0263287 0.00596391 0.00296934
0.321833 0.823829 0.833958 0.813699 0.284905 0.310643 0.259168 0.217978 0.0101298 0.0257379 0.00581525 0.00291048
0.325224 0.812867 0.82271 0.803025 0.278971 0.30413 0.253812 0.21421 0.00984254 0.0251589 0.00567036 0.00285273
0.328614 0.801971 0.811535 0.792407 0.273121 0.297712 0.248529 0.210505 0.00956375 0.0245915 0.00552915 0.00279604
0.332005 0.791138 0.800431 0.781845 0.267354 0.291389 0.243318 0.206862 0.00929314 0.0240354 0.00539151 0.0027404
0.335396 0.780369 0.789399 0.771338 0.261669 0.28516 0.238179 0.20328 0.00903045 0.0234905 0.00525732 0.00268579
0.338787 0.769663 0.778438 0.760887 0.256067 0.279024 0.233111 0.199758 0.00877541 0.0229564 0.00512651 0.00263218
0.342178 0.75902 0.767547 0.750492 0.250546 0.272979 0.228113 0.196294 0.00852778 0.022433 0.00499896 0.00257955
0.345569 0.748439 0.756727 0.740152 0.245107 0.267027 0.223187 0.192888 0.00828732 0.0219202 0.0048746 0.00252789
0.348959 0.737922 0.745976 0.729868 0.239748 0.261165 0.21833 0.189537 0.00805379 0.0214176 0.00475332 0.00247716
0.35235 0.727467 0.735293 0.71964 0.234469 0.255394 0.213543 0.186242 0.00782698 0.0209251 0.00463505 0.00242736
0.355741 0.717074 0.72468 0.709467 0.229269 0.249712 0.208827 0.183 0.00760667 0.0204425 0.0045197 0.00237846
0.359132 0.706744 0.714136 0.699351 0.224148 0.244118 0.204179 0.17981 0.00739265 0.0199697 0.00440719 0.00233044
0.362523 0.696476 0.703661 0.689291 0.219106 0.238612 0.1996 0.176673 0.00718473 0.0195063 0.00429744 0.00228329
0.365914 0.686271 0.693253 0.679288 0.214142 0.233194 0.19509 0.173586 0.00698271 0.0190523 0.00419038 0.00223699
0.369305 0.676128 0.682915 0.669342 0.209255 0.227862 0.190647 0.170548 0.00678641 0.0186075 0.00408593 0.00219152
0.372695 0.666049 0.672644 0.659453 0.204445 0.222617 0.186273 0.167559 0.00659565 0.0181717 0.00398403 0.00214686
0.376086 0.656032 0.662442 0.649621 0.199711 0.217456 0.181966 0.164618 0.00641026 0.0177447 0.0038846 0.002103
0.379477 0.646078 0.652308 0.639848 0.195053 0.212379 0.177727 0.161723 0.00623008 0.0173264 0.00378758 0.00205992
0.382868 0.636188 0.642243 0.630133 0.19047 0.207387 0.173554 0.158874 0.00605494 0.0169166 0.0036929 0.00201761
0.386259 0.626361 0.632246 0.620477 0.185962 0.202477 0.169447 0.156071 0.0058847 0.0165151 0.0036005 0.00197606
0.38965 0.616599 0.622318 0.61088 0.181528 0.19765 0.165407 0.153311 0.00571919 0.0161218 0.00351032 0.00193524
0.39304 0.6069 0.612459 0.601342 0.177168 0.192905 0.161431 0.150594 0.00555829 0.0157366 0.00342231 0.00189514
0.396431 0.597266 0.602668 0.591865 0.172881 0.18824 0.157522 0.147921 0.00540185 0.0153592 0.0033364 0.00185575
0.399822 0.587698 0.592947 0.582448 0.168666 0.183656 0.153677 0.145288 0.00524973 0.0149896 0.00325254 0.00181706
0.403213 0.578194 0.583296 0.573092 0.164524 0.179151 0.149896 0.142697 0.00510181 0.0146275 0.00317068 0.00177906
0.406604 0.568756 0.573714 0.563798 0.160452 0.174725 0.14618 0.140146 0.00495796 0.0142729 0.00309077 0.00174172
0.409995 0.559384 0.564202 0.554566 0.156452 0.170378 0.142526 0.137634 0.00481806 0.0139257 0.00301276 0.00170504
0.413385 0.550079 0.554761 0.545397 0.152522 0.166108 0.138936 0.135161 0.004682 0.0135856 0.00293659 0.00166901
0.416776 0.54084 0.54539 0.536291 0.148662 0.161914 0.135409 0.132727 0.00454966 0.0132525 0.00286222 0.00163361
0.420167 0.531669 0.53609 0.527249 0.144871 0.157797 0.131944 0.130329 0.00442094 0.0129264 0.00278961 0.00159884
0.423558 0.522567 0.526862 0.518271 0.141148 0.153755 0.128541 0.127968 0.00429572 0.012607 0.00271871 0.00156467
0.426949 0.513532 0.517706 0.509358 0.137493 0.149788 0.125199 0.125644 0.00417392 0.0122943 0.00264947 0.00153111
0.43034 0.504566 0.508622 0.500511 0.133906 0.145894 0.121918 0.123355 0.00405542 0.0119882 0.00258186 0.00149814
0.43373 0.49567 0.49961 0.49173 0.130385 0.142074 0.118697 0.1211 0.00394013 0.0116885 0.00251584 0.00146574
0.437121 0.486844 0.490672 0.483016 0.126931 0.138326 0.115536 0.11888 0.00382797 0.011395 0.00245137 0.00143392
0.440512 0.478088 0.481807 0.474369 0.123542 0.13465 0.112435 0.116694 0.00371883 0.0111078 0.0023884 0.00140265
0.443903 0.469403 0.473016 0.46579 0.120219 0.131045 0.109392 0.11454 0.00361265 0.0108266 0.0023269 0.00137194
0.447294 0.46079 0.464299 0.457281 0.116959 0.127511 0.106408 0.11242 0.00350932 0.0105513 0.00226684 0.00134177
0.450685 0.452249 0.455658 0.44884 0.113764 0.124045 0.103482 0.110331 0.00340878 0.0102819 0.00220818 0.00131212
0.454075 0.44378 0.447091 0.440469 0.110631 0.120649 0.100613 0.108273 0.00331094 0.0100183 0.00215089 0.001283
0.457466 0.435385 0.438601 0.43217 0.107561 0.117321 0.0978003 0.106247 0.00321574 0.00976027 0.00209493 0.0012544
0.460857 0.427064 0.430187 0.423941 0.104552 0.11406 0.0950444 0.104251 0.00312308 0.00950777 0.00204027 0.0012263
0.464248 0.418817 0.42185 0.415784 0.101605 0.110866 0.0923443 0.102285 0.00303291 0.0092607 0.00198689 0.00119869
0.467639 0.410645 0.41359 0.4077 0.0987183 0.107737 0.0896993 0.100349 0.00294516 0.00901895 0.00193474 0.00117158
0.47103 0.402549 0.405408 0.399689 0.0958914 0.104674 0.0871089 0.098441 0.00285975 0.00878243 0.00188381 0.00114494
0.47442 0.394528 0.397305 0.391752 0.0931237 0.101675 0.0845727 0.0965621 0.00277663 0.00855104 0.00183405 0.00111878
0.477811 0.386585 0.389281 0.383889 0.0904147 0.0987394 0.08209 0.0947112 0.00269573 0.00832469 0.00178546 0.00109308
0.481202 0.378718 0.381335 0.376101 0.0877635 0.0958667 0.0796602 0.092888 0.00261699 0.00810327 0.00173799 0.00106785
0.484593 0.37093 0.37347 0.36839 0.0851694 0.0930561 0.0772827 0.091092 0.00254035 0.0078867 0.00169162 0.00104306
0.487984 0.36322 0.365686 0.360754 0.0826318 0.0903067 0.0749569 0.0893228 0.00246576 0.0076749 0.00164633 0.00101872
0.491375 0.355589 0.357982 0.353196 0.0801502 0.0876179 0.0726824 0.08758 0.00239316 0.00746776 0.00160209 0.00099481
0.494765 0.348037 0.35036 0.345715 0.0777237 0.0849889 0.0704585 0.0858633 0.00232249 0.00726521 0.00155888 0.000971333
0.498156 0.340566 0.342819 0.338312 0.0753517 0.0824188 0.0682845 0.0841721 0.00225371 0.00706716 0.00151667 0.00094828
0.501547 0.333175 0.335361 0.330988 0.0730334 0.079907 0.0661599 0.0825063 0.00218677 0.00687353 0.00147544 0.000925644
0.504938 0.325865 0.327986 0.323743 0.0707683 0.0774525 0.0640841 0.0808652 0.00212161 0.00668423 0.00143518 0.000903419
0.508329 0.318637 0.320695 0.316578 0.0685556 0.0750548 0.0620564 0.0792487 0.00205819 0.00649918 0.00139585 0.000881598
0.51172 0.31149 0.313487 0.309494 0.0663945 0.0727128 0.0600762 0.0776564 0.00199646 0.00631831 0.00135743 0.000860175
0.51511 0.304427 0.306364 0.302491 0.0642844 0.070426 0.0581429 0.0760878 0.00193639 0.00614153 0.00131991 0.000839145
0.518501 0.297447 0.299325 0.295569 0.0622247 0.0681934 0.0562559 0.0745428 0.00187791 0.00596877 0.00128327 0.000818501
0.521892 0.29055 0.292371 0.288729 0.0602145 0.0660144 0.0544145 0.0730208 0.001821 0.00579996 0.00124749 0.000798238
0.525283 0.283738 0.285504 0.281972 0.0582532 0.0638882 0.0526182 0.0715217 0.00176561 0.00563501 0.00121254 0.000778351
0.528674 0.27701 0.278722 0.275298 0.0563401 0.061814 0.0508663 0.0700451 0.0017117 0.00547386 0.00117842 0.000758833
0.532065 0.270367 0.272027 0.268708 0.0544744 0.0597908 0.0491579 0.0685907 0.00165924 0.00531644 0.00114509 0.00073968
0.535455 0.26381 0.265418 0.262202 0.0526555 0.0578181 0.0474928 0.0671582 0.00160818 0.00516268 0.00111255 0.000720886
0.538846 0.257338 0.258897 0.25578 0.0508826 0.0558951 0.0458701 0.0657473 0.0015585 0.0050125 0.00108077 0.000702446
0.542237 0.250953 0.252463 0.249443 0.049155 0.0540209 0.0442892 0.0643577 0.00151014 0.00486584 0.00104975 0.000684356
0.545628 0.244654 0.246117 0.243191 0.0474721 0.0521947 0.0427494 0.0629892 0.00146309 0.00472263 0.00101946 0.000666609
0.549019 0.238442 0.23986 0.237025 0.045833 0.0504158 0.0412502 0.0616414 0.00141731 0.00458281 0.000989888 0.000649201
0.55241 0.232318 0.23369 0.230945 0.0442372 0.0486835 0.0397909 0.0603141 0.00137276 0.00444631 0.00096102 0.000632128
0.5558 0.226281 0.22761 0.224951 0.0426838 0.0469969 0.0383707 0.0590071 0.00132942 0.00431307 0.00093284 0.000615385
0.559191 0.220332 0.221619 0.219044 0.0411722 0.0453552 0.0369891 0.05772 0.00128725 0.00418303 0.000905334 0.000598966
0.562582 0.214471 0.215717 0.213225 0.0397016 0.0437577 0.0356455 0.0564527 0.00124623 0.00405612 0.000878487 0.000582868
0.565973 0.208698 0.209904 0.207492 0.0382714 0.0422037 0.0343391 0.0552048 0.00120632 0.00393229 0.000852286 0.000567087
0.569364 0.203014 0.204182 0.201847 0.0368808 0.0406923 0.0330693 0.0539762 0.00116749 0.00381148 0.000826716 0.000551616
0.572755 0.197419 0.198549 0.19629 0.0355291 0.0392227 0.0318355 0.0527666 0.00112973 0.00369363 0.000801765 0.000536454
0.576146 0.191913 0.193006 0.19082 0.0342157 0.0377943 0.030637 0.0515758 0.001093 0.00357867 0.00077742 0.000521594
0.579536 0.186496 0.187554 0.185439 0.0329397 0.0364063 0.0294732 0.0504036 0.00105728 0.00346656 0.000753668 0.000507033
0.582927 0.181169 0.182191 0.180146 0.0317006 0.0350579 0.0283434 0.0492497 0.00102254 0.00335724 0.000730497 0.000492767
0.586318 0.17593 0.176919 0.174942 0.0304977 0.0337483 0.027247 0.048114 0.000988756 0.00325066 0.000707894 0.000478792
0.589709 0.170782 0.171738 0.169826 0.0293301 0.0324769 0.0261834 0.0469962 0.000955908 0.00314676 0.000685848 0.000465103
0.5931 0.165723 0.166646 0.164799 0.0281973 0.0312428 0.0251518 0.0458961 0.000923971 0.00304548 0.000664348 0.000451698
0.596491 0.160753 0.161646 0.15986 0.0270986 0.0300454 0.0241518 0.0448135 0.000892923 0.00294679 0.000643382 0.000438571
0.599881 0.155873 0.156735 0.15501 0.0260332 0.0288838 0.0231826 0.0437482 0.000862741 0.00285062 0.000622939 0.00042572
0.603272 0.151082 0.151915 0.150248 0.0250005 0.0277574 0.0222436 0.0427001 0.000833404 0.00275693 0.000603009 0.000413139
0.606663 0.146381 0.147185 0.145576 0.0239998 0.0266655 0.0213341 0.0416689 0.000804892 0.00266567 0.00058358 0.000400827
0.610054 0.141769 0.142546 0.140991 0.0230305 0.0256072 0.0204537 0.0406545 0.000777183 0.00257678 0.000564643 0.000388778
0.613445 0.137246 0.137996 0.136495 0.0220918 0.024582 0.0196016 0.0396566 0.000750259 0.00249023 0.000546188 0.000376989
0.616836 0.132812 0.133536 0.132088 0.0211831 0.0235891 0.0187772 0.0386752 0.000724101 0.00240597 0.000528205 0.000365458
0.620226 0.128467 0.129166 0.127768 0.0203038 0.0226278 0.0179799 0.03771 0.000698689 0.00232394 0.000510683 0.000354179
0.623617 0.124211 0.124885 0.123537 0.0194532 0.0216973 0.0172091 0.0367608 0.000674005 0.0022441 0.000493615 0.00034315
0.627008 0.120043 0.120693 0.119393 0.0186307 0.0207971 0.0164643 0.0358276 0.000650031 0.00216642 0.00047699 0.000332367
0.630399 0.115963 0.11659 0.115336 0.0178356 0.0199264 0.0157447 0.0349101 0.00062675 0.00209084 0.0004608 0.000321827
0.63379 0.111971 0.112575 0.111367 0.0170672 0.0190845 0.0150499 0.0340081 0.000604146 0.00201732 0.000445035 0.000311526
0.637181 0.108066 0.108648 0.107484 0.016325 0.0182708 0.0143792 0.0331216 0.000582201 0.00194582 0.000429687 0.000301461
0.640571 0.104248 0.104809 0.103687 0.0156083 0.0174846 0.013732 0.0322503 0.000560899 0.0018763 0.000414748 0.000291628
0.643962 0.100517 0.101058 0.0999771 0.0149166 0.0167253 0.0131078 0.0313941 0.000540226 0.00180872 0.000400209 0.000282025
0.647353 0.0968723 0.0973925 0.0963522 0.0142491 0.0159921 0.0125061 0.0305529 0.000520165 0.00174303 0.000386062 0.000272648
0.650744 0.0933131 0.0938138 0.0928124 0.0136053 0.0152845 0.0119261 0.0297264 0.000500701 0.00167921 0.000372299 0.000263494
0.654135 0.089839 0.0903209 0.0893572 0.0129847 0.0146019 0.0113675 0.0289147 0.000481821 0.00161719 0.000358912 0.00025456
0.657526 0.0864496 0.0869131 0.0859861 0.0123865 0.0139435 0.0108296 0.0281174 0.000463509 0.00155696 0.000345893 0.000245842
0.660916 0.0831442 0.0835899 0.0826984 0.0118103 0.0133088 0.0103118 0.0273345 0.000445752 0.00149847 0.000333236 0.000237337
0.664307 0.0799223 0.0803508 0.0794937 0.0112554 0.0126971 0.00981375 0.0265659 0.000428536 0.00144169 0.000320932 0.000229042
0.667698 0.0767832 0.077195 0.0763713 0.0107213 0.0121079 0.00933478 0.0258114 0.000411848 0.00138657 0.000308974 0.000220954
0.671089 0.0737261 0.0741218 0.0733304 0.0102075 0.0115406 0.00887442 0.0250708 0.000395675 0.00133308 0.000297355 0.00021307
0.67448 0.0707505 0.0711305 0.0703705 0.00971332 0.0109945 0.00843213 0.0243441 0.000380005 0.00128119 0.000286068 0.000205387
0.677871 0.0678556 0.0682204 0.0674907 0.00923827 0.0104691 0.00800741 0.023631 0.000364825 0.00123086 0.000275107 0.000197902
0.681261 0.0650406 0.0653907 0.0646904 0.00878181 0.00996387 0.00759976 0.0229316 0.000350122 0.00118206 0.000264464 0.000190611
0.684652 0.0623047 0.0626406 0.0619688 0.00834342 0.00947816 0.00720867 0.0222455 0.000335886 0.00113475 0.000254132 0.000183513
0.688043 0.0596471 0.0599692 0.059325 0.00792256 0.00901145 0.00683366 0.0215728 0.000322105 0.0010889 0.000244106 0.000176603
0.691434 0.0570669 0.0573756 0.0567581 0.00751874 0.00856321 0.00647426 0.0209133 0.000308767 0.00104447 0.000234379 0.000169879
0.694825 0.0545632 0.0548591 0.0542673 0.00713143 0.00813288 0.00612999 0.0202668 0.000295861 0.00100145 0.000224944 0.000163338
0.698216 0.0521351 0.0524185 0.0518517 0.00676017 0.00771995 0.00580038 0.0196333 0.000283376 0.000959782 0.000215795 0.000156977
0.701606 0.0497817 0.050053 0.0495104 0.00640444 0.00732389 0.00548499 0.0190126 0.000271303 0.00091945 0.000206927 0.000150792
0.704997 0.0475021 0.0477617 0.0472424 0.00606376 0.00694418 0.00518334 0.0184046 0.000259631 0.000880419 0.000198333 0.000144782
0.708388 0.045295 0.0455434 0.0450467 0.00573769 0.00658035 0.00489503 0.0178091 0.000248349 0.00084266 0.000190007 0.000138944
0.711779 0.0431597 0.0433972 0.0429223 0.00542573 0.00623188 0.00461959 0.0172262 0.000237447 0.000806142 0.000181943 0.000133274
0.71517 0.041095 0.0413219 0.0408681 0.00512746 0.0058983 0.00435662 0.0166555 0.000226917 0.000770838 0.000174136 0.000127769
0.718561 0.0390998 0.0393165 0.038883 0.00484241 0.00557912 0.00410569 0.0160971 0.000216749 0.000736716 0.000166581 0.000122427
0.721951 0.037173 0.03738 0.0369661 0.00457015 0.0052739 0.0038664 0.0155507 0.000206933 0.000703751 0.00015927 0.000117245
0.725342 0.0353136 0.0355111 0.0351161 0.00431026 0.00498218 0.00363835 0.0150164 0.00019746 0.000671913 0.0001522 0.00011222
0.728733 0.0335203 0.0337087 0.033332 0.00406232 0.0047035 0.00342115 0.0144939 0.000188321 0.000641175 0.000145365 0.000107349
0.732124 0.0317921 0.0319716 0.0316126 0.00382591 0.00443742 0.0032144 0.0139831 0.000179509 0.000611511 0.000138759 0.00010263
0.735515 0.0301277 0.0302987 0.0299567 0.00360064 0.00418353 0.00301774 0.013484 0.000171013 0.000582894 0.000132377 9.80596e-05
0.738906 0.0285259 0.0286887 0.028363 0.0033861 0.0039414 0.0028308 0.0129963 0.000162826 0.000555298 0.000126214 9.36353e-05
0.742296 0.0269855 0.0271404 0.0268305 0.00318191 0.00371061 0.00265322 0.0125201 0.000154941 0.000528697 0.000120266 8.93542e-05
0.745687 0.0255052 0.0256526 0.0253579 0.00298771 0.00349077 0.00248464 0.0120551 0.000147347 0.000503067 0.000114526 8.52137e-05
0.749078 0.0240839 0.024224 0.0239439 0.00280311 0.00328149 0.00232473 0.0116013 0.000140039 0.000478382 0.00010899 8.1211e-05
0.752469 0.0227203 0.0228533 0.0225873 0.00262777 0.00308239 0.00217315 0.0111586 0.000133008 0.000454617 0.000103654 7.73434e-05
0.75586 0.021413 0.0215392 0.0212867 0.00246132 0.00289308 0.00202957 0.0107268 0.000126247 0.00043175 9.85119e-05 7.36084e-05
0.759251 0.0201608 0.0202805 0.020041 0.00230344 0.0027132 0.00189368 0.0103058 0.000119747 0.000409757 9.35597e-05 7.00031e-05
0.762641 0.0189623 0.0190758 0.0188488 0.00215378 0.0025424 0.00176517 0.00989545 0.000113503 0.000388613 8.87927e-05 6.65249e-05
0.766032 0.0178164 0.0179239 0.0177089 0.00201202 0.00238032 0.00164373 0.00949571 0.000107507 0.000368297 8.42062e-05 6.31713e-05
0.769423 0.0167216 0.0168234 0.0166199 0.00187785 0.00222664 0.00152906 0.00910644 0.000101752 0.000348786 7.97958e-05 5.99395e-05
0.772814 0.0156767 0.0157729 0.0155804 0.00175095 0.00208101 0.00142089 0.00872751 9.6231e-05 0.000330059 7.5557e-05 5.68269e-05
0.776205 0.0146802 0.0147712 0.0145893 0.00163103 0.00194312 0.00131894 0.0083588 9.09376e-05 0.000312092 7.14854e-05 5.3831e-05
0.779596 0.013731 0.0138168 0.0136451 0.00151779 0.00181265 0.00122292 0.0080002 8.58651e-05 0.000294866 6.75767e-05 5.09491e-05
0.782986 0.0128275 0.0129086 0.0127465 0.00141095 0.0016893 0.00113259 0.00765159 8.10071e-05 0.000278358 6.38266e-05 4.81786e-05
0.786377 0.0119686 0.012045 0.0118923 0.00131023 0.00157278 0.00104768 0.00731285 7.63574e-05 0.000262549 6.02309e-05 4.55171e-05
0.789768 0.0111529 0.0112248 0.011081 0.00121536 0.00146278 0.000967945 0.00698386 7.19097e-05 0.000247419 5.67855e-05 4.29619e-05
0.793159 0.0103791 0.0104467 0.0103114 0.00112609 0.00135904 0.000893147 0.0066645 6.76579e-05 0.000232947 5.34863e-05 4.05106e-05
0.79655 0.00964571 0.0097093 0.00958211 0.00104217 0.00126128 0.000823054 0.00635464 6.35962e-05 0.000219113 5.03292e-05 3.81606e-05
0.799941 0.00895155 0.00901127 0.00889183 0.000963338 0.00116924 0.000757439 0.00605417 5.97187e-05 0.000205899 4.73103e-05 3.59094e-05
0.803332 0.00829528 0.0083513 0.00823926 0.000889369 0.00108266 0.000696082 0.00576297 5.60197e-05 0.000193286 4.44257e-05 3.37545e-05
0.806722 0.0076756 0.00772809 0.0076231 0.00082003 0.00100129 0.000638775 0.0054809 5.24936e-05 0.000181256 4.16714e-05 3.16934e-05
0.810113 0.00709117 0.00714031 0.00704204 0.000755101 0.00092489 0.000585312 0.00520785 4.91348e-05 0.000169789 3.90438e-05 2.97238e-05
0.813504 0.00654073 0.00658667 0.0064948 0.000694363 0.000853231 0.000535494 0.0049437 4.59379e-05 0.000158868 3.6539e-05 2.78431e-05
0.816895 0.006023 0.0060659 0.0059801 0.000637611 0.000786087 0.000489134 0.0046883 4.28977e-05 0.000148476 3.41533e-05 2.60489e-05
0.820286 0.00553671 0.00557672 0.0054967 0.000584643 0.000723239 0.000446047 0.00444155 4.0009e-05 0.000138596 3.1883e-05 2.43389e-05
0.823677 0.0050806 0.00511787 0.00504333 0.000535265 0.000664475 0.000406056 0.00420331 3.72667e-05 0.00012921 2.97247e-05 2.27107e-05
0.827067 0.00465343 0.0046881 0.00461877 0.00048929 0.000609591 0.000368989 0.00397345 3.46658e-05 0.000120301 2.76746e-05 2.11618e-05
0.830458 0.004254 0.00428621 0.0042218 0.000446538 0.000558392 0.000334684 0.00375185 3.22013e-05 0.000111854 2.57294e-05 1.969e-05
0.833849 0.00388111 0.00391098 0.00385124 0.000406835 0.000510688 0.000302983 0.00353837 2.98685e-05 0.000103853 2.38856e-05 1.82929e-05
0.83724 0.00353355 0.00356121 0.00350589 0.000370013 0.000466294 0.000273733 0.00333288 2.76627e-05 9.62809e-05 2.21398e-05 1.69683e-05
0.840631 0.00321017 0.00323575 0.00318459 0.000335912 0.000425035 0.000246789 0.00313525 2.55793e-05 8.91235e-05 2.04886e-05 1.57138e-05
0.844022 0.00290983 0.00293344 0.00288621 0.000304376 0.000386741 0.000222011 0.00294535 2.36136e-05 8.23653e-05 1.89287e-05 1.45271e-05
0.847412 0.00263139 0.00265316 0.00260963 0.000275257 0.000351249 0.000199266 0.00276304 2.17614e-05 7.59915e-05 1.7457e-05 1.3406e-05
0.850803 0.00237379 0.0023938 0.00235377 0.000248413 0.000318401 0.000178425 0.00258819 2.00182e-05 6.99877e-05 1.60702e-05 1.23484e-05
0.854194 0.00213592 0.0021543 0.00211754 0.000223706 0.000288045 0.000159366 0.00242066 1.83798e-05 6.43394e-05 1.47653e-05 1.1352e-05
0.857585 0.00191676 0.0019336 0.00189991 0.000201005 0.000260038 0.000141972 0.00226031 1.68421e-05 5.90329e-05 1.3539e-05 1.04146e-05
0.860976 0.00171526 0.00173066 0.00169986 0.000180185 0.000234239 0.00012613 0.002107 1.54008e-05 5.40543e-05 1.23883e-05 9.53404e-06
0.864367 0.00153045 0.0015445 0.00151639 0.000161125 0.000210516 0.000111735 0.0019606 1.40521e-05 4.93904e-05 1.13104e-05 8.70827e-06
0.867757 0.00136133 0.00137413 0.00134854 0.000143712 0.00018874 9.86839e-05 0.00182095 1.2792e-05 4.5028e-05 1.03021e-05 7.93515e-06
0.871148 0.00120699 0.00121861 0.00119537 0.000127835 0.000168789 8.68807e-05 0.00168793 1.16167e-05 4.09542e-05 9.36078e-06 7.21261e-06
0.874539 0.0010665 0.00107702 0.00105597 0.00011339 0.000150546 7.62335e-05 0.00156138 1.05224e-05 3.71565e-05 8.48341e-06 6.5386e-06
0.87793 0.000938972 0.000948478 0.000929467 0.000100278 0.0001339 6.6655e-05 0.00144117 9.50541e-06 3.36226e-05 7.66728e-06 5.91109e-06
0.881321 0.000823561 0.000832124 0.000814999 8.84031e-05 0.000118744 5.80627e-05 0.00132714 8.56223e-06 3.03404e-05 6.90963e-06 5.32809e-06
0.884712 0.000719439 0.000727129 0.00071175 7.76765e-05 0.000104975 5.03782e-05 0.00121914 7.6893e-06 2.72983e-05 6.20779e-06 4.78764e-06
0.888102 0.000625813 0.000632696 0.00061893 6.80124e-05 9.24971e-05 4.35278e-05 0.00111704 6.8832e-06 2.44846e-05 5.55913e-06 4.28781e-06
0.891493 0.000541918 0.000548059 0.000535778 5.93299e-05 8.12182e-05 3.74417e-05 0.00102068 6.14058e-06 2.18883e-05 4.96107e-06 3.82667e-06
0.894884 0.000467023 0.000472481 0.000461564 5.15523e-05 7.10505e-05 3.20541e-05 0.000929901 5.45817e-06 1.94982e-05 4.41107e-06 3.40236e-06
0.898275 0.000400425 0.000405257 0.000395592 4.46069e-05 6.19107e-05 2.73031e-05 0.000844561 4.83278e-06 1.73038e-05 3.90666e-06 3.01304e-06
0.901666 0.000341455 0.000345716 0.000337193 3.84255e-05 5.37201e-05 2.31309e-05 0.000764504 4.26129e-06 1.52946e-05 3.44542e-06 2.65688e-06
0.905057 0.000289474 0.000293214 0.000285733 3.29435e-05 4.64038e-05 1.94831e-05 0.000689575 3.74067e-06 1.34604e-05 3.02498e-06 2.33212e-06
0.908447 0.000243873 0.000247141 0.000240605 2.81e-05 3.98912e-05 1.63088e-05 0.000619617 3.26797e-06 1.17912e-05 2.64301e-06 2.03701e-06
0.911838 0.000204077 0.000206917 0.000201237 2.3838e-05 3.41155e-05 1.35606e-05 0.000554475 2.84031e-06 1.02775e-05 2.29726e-06 1.76984e-06
0.915229 0.00016954 0.000171995 0.000167085 2.0104e-05 2.90138e-05 1.11943e-05 0.000493988 2.45488e-06 8.90974e-06 1.98552e-06 1.52892e-06
0.91862 0.000139748 0.000141857 0.000137639 1.68479e-05 2.45267e-05 9.16897e-06 0.000437997 2.10897e-06 7.67888e-06 1.70564e-06 1.31263e-06
0.922011 0.000114217 0.000116017 0.000112417 1.40227e-05 2.05987e-05 7.44668e-06 0.000386341 1.79994e-06 6.57599e-06 1.45551e-06 1.11936e-06
0.925402 9.24919e-05 9.40171e-05 9.09667e-05 1.15848e-05 1.71773e-05 5.99239e-06 0.000338857 1.52521e-06 5.59244e-06 1.2331e-06 9.4755e-07
0.928792 7.41501e-05 7.54324e-05 7.28678e-05 9.49369e-06 1.42135e-05 4.77384e-06 0.000295381 1.2823e-06 4.71985e-06 1.03643e-06 7.95676e-07
0.932183 5.87967e-05 5.98655e-05 5.77279e-05 7.71159e-06 1.16617e-05 3.7615e-06 0.000255749 1.06881e-06 3.95009e-06 8.63554e-07 6.62256e-07
0.935574 4.60659e-05 4.69482e-05 4.51835e-05 6.20364e-06 9.47894e-06 2.92834e-06 0.000219794 8.82394e-07 3.2753e-06 7.12619e-07 5.45847e-07
0.938965 3.56201e-05 3.6341e-05 3.48993e-05 4.9377e-06 7.62558e-06 2.24983e-06 0.000187348 7.20814e-07 2.68788e-06 5.81814e-07 4.4505e-07
0.942356 2.71499e-05 2.77318e-05 2.6568e-05 3.88417e-06 6.06464e-06 1.70369e-06 0.000158243 5.819e-07 2.18047e-06 4.6939e-07 3.58512e-07
0.945747 2.0372e-05 2.08356e-05 1.99085e-05 3.01592e-06 4.76192e-06 1.26992e-06 0.000132308 4.63562e-07 1.746e-06 3.73661e-07 2.84922e-07
0.949137 1.503e-05 1.53938e-05 1.46662e-05 2.30822e-06 3.68585e-06 9.30584e-07 0.000109371 3.63795e-07 1.37763e-06 2.93005e-07 2.23017e-07
0.952528 1.08926e-05 1.11732e-05 1.06119e-05 1.73854e-06 2.80736e-06 6.69729e-07 8.92606e-05 2.80676e-07 1.06882e-06 2.25861e-07 1.71581e-07
0.955919 7.75294e-06 7.9653e-06 7.54058e-06 1.28654e-06 2.0998e-06 4.73284e-07 7.18025e-05 2.12364e-07 8.13256e-07 1.70736e-07 1.29448e-07
0.95931 5.42814e-06 5.58525e-06 5.27103e-06 9.33883e-07 1.53882e-06 3.28949e-07 5.68222e-05 1.57106e-07 6.04934e-07 1.26203e-07 9.55036e-08
0.962701 3.75796e-06 3.8712e-06 3.64472e-06 6.6419e-07 1.1023e-06 2.26084e-07 4.41445e-05 1.13236e-07 4.38106e-07 9.09047e-08 6.8685e-08
0.966092 2.60416e-06 2.68333e-06 2.52499e-06 4.62932e-07 7.70241e-07 1.55623e-07 3.35938e-05 7.91741e-08 3.07309e-07 6.3553e-08 4.79849e-08
0.969482 1.84976e-06 1.90319e-06 1.79632e-06 3.17346e-07 5.24714e-07 1.09978e-07 2.49954e-05 5.34338e-08 2.07368e-07 4.2934e-08 3.24531e-08
0.972873 1.39855e-06 1.43317e-06 1.36393e-06 2.16384e-07 3.49788e-07 8.29805e-08 1.8177e-05 3.46209e-08 1.33404e-07 2.79088e-08 2.11981e-08
0.976264 1.17548e-06 1.19692e-06 1.15404e-06 1.5071e-07 2.31551e-07 6.98682e-08 1.29726e-05 2.14378e-08 8.08416e-08 1.74168e-08 1.33903e-08
0.979655 1.12921e-06 1.14189e-06 1.11652e-06 1.12831e-07 1.58256e-07 6.74056e-08 9.23171e-06 1.26856e-08 4.5425e-08 1.0478e-08 8.2637e-09
0.983046 1.24187e-06 1.24914e-06 1.23461e-06 9.7682e-08 1.20913e-07 7.44515e-08 6.84476e-06 7.26688e-09 2.32306e-08 6.19458e-09 5.11729e-09
0.986437 1.57159e-06 1.57577e-06 1.56741e-06 1.05181e-07 1.15868e-07 9.44949e-08 5.83568e-06 4.18288e-09 1.06864e-08 3.74774e-09 3.30983e-09
0.989827 2.60182e-06 2.60432e-06 2.59932e-06 1.61291e-07 1.6588e-07 1.56701e-07 6.89346e-06 2.49732e-09 4.58942e-09 2.35791e-09 2.21738e-09
0.993218 1.09641e-05 1.09645e-05 1.09638e-05 6.63805e-07 6.66653e-07 6.60957e-07 3.81463e-05 3.35301e-10 2.84775e-09 1.6845e-10 0
4.01075e-314 inf inf inf inf inf inf 0.000583852 16.5604 0.682473 0.420168 0.175452
