9.72476e-05 3.52597 3.83402 3.21793 1.26411 1.44562 1.0826 7.72449 0.308042 0.18151 0.11048 0.102535
0.0001 3.50491 3.81235 3.19747 1.25657 1.43748 1.07566 7.65424 0.307439 0.18091 0.109724 0.101692
0.00010283 3.48412 3.79096 3.17728 1.24913 1.42945 1.06882 7.58449 0.306841 0.180316 0.108974 0.100854
0.000105741 3.46415 3.7704 3.15791 1.24198 1.42171 1.06225 7.51525 0.306247 0.179728 0.108229 0.100022
0.000108734 3.44299 3.74865 3.13733 1.23442 1.41356 1.05527 7.44652 0.305658 0.179146 0.10749 0.0991944
0.000111811 3.42194 3.72701 3.11686 1.2269 1.40547 1.04833 7.37828 0.305074 0.178569 0.106758 0.0983721
0.000114976 3.401 3.70549 3.09651 1.21942 1.39742 1.04142 7.31054 0.304494 0.177998 0.106031 0.0975545
0.00011823 3.38017 3.68409 3.07626 1.21199 1.38942 1.03456 7.2433 0.303919 0.177433 0.10531 0.096742
0.000121576 3.35946 3.66281 3.05611 1.2046 1.38147 1.02773 7.17655 0.303349 0.176873 0.104595 0.0959345
0.000125017 3.33886 3.64165 3.03608 1.19725 1.37357 1.02093 7.11028 0.302783 0.176318 0.103886 0.0951318
0.000128556 3.31837 3.6206 3.01615 1.18995 1.36572 1.01418 7.04451 0.302222 0.175769 0.103183 0.094334
0.000132194 3.298 3.59967 2.99634 1.18268 1.35791 1.00746 6.97921 0.301665 0.175226 0.102486 0.0935412
0.000135936 3.27773 3.57885 2.97662 1.17546 1.35015 1.00077 6.91439 0.301112 0.174688 0.101794 0.0927532
0.000139783 3.25757 3.55814 2.95701 1.16828 1.34243 0.994124 6.85005 0.300564 0.174156 0.101108 0.0919699
0.000143739 3.23753 3.53755 2.93751 1.16114 1.33477 0.987512 6.78618 0.30002 0.173629 0.100428 0.0911916
0.000147808 3.21759 3.51707 2.91811 1.15404 1.32715 0.980935 6.72278 0.29948 0.173107 0.0997539 0.0904178
0.000151991 3.19776 3.49671 2.89882 1.14698 1.31958 0.974394 6.65985 0.298944 0.17259 0.0990854 0.0896489
0.000156293 3.17804 3.47645 2.87963 1.13997 1.31205 0.967889 6.59738 0.298413 0.172079 0.0984226 0.0888848
0.000160717 3.15843 3.45631 2.86054 1.13299 1.30457 0.961418 6.53538 0.297885 0.171574 0.0977656 0.0881253
0.000165265 3.13892 3.43628 2.84156 1.12606 1.29713 0.954983 6.47384 0.297362 0.171073 0.0971142 0.0873705
0.000169943 3.11952 3.41636 2.82268 1.11916 1.28974 0.948584 6.41274 0.296843 0.170578 0.0964687 0.0866205
0.000174753 3.10023 3.39655 2.8039 1.11231 1.28239 0.942218 6.3521 0.296328 0.170088 0.0958288 0.085875
0.000179699 3.08104 3.37685 2.78522 1.10549 1.27509 0.935887 6.29192 0.295817 0.169603 0.0951945 0.0851341
0.000184785 3.06196 3.35726 2.76665 1.09872 1.26784 0.929592 6.23218 0.295309 0.169124 0.0945659 0.0843979
0.000190015 3.04297 3.33778 2.74817 1.09198 1.26063 0.923329 6.17288 0.294806 0.16865 0.0939429 0.0836661
0.000195393 3.0241 3.3184 2.72979 1.08528 1.25346 0.917102 6.11403 0.294306 0.16818 0.0933256 0.082939
0.000200923 3.00533 3.29914 2.71152 1.07862 1.24634 0.910909 6.05562 0.29381 0.167716 0.0927138 0.0822164
0.00020661 2.98666 3.27998 2.69334 1.07201 1.23926 0.904749 5.99764 0.293318 0.167257 0.0921077 0.0814983
0.000212458 2.96809 3.26092 2.67526 1.06543 1.23223 0.898623 5.9401 0.29283 0.166803 0.0915071 0.0807846
0.000218471 2.94963 3.24197 2.65729 1.05889 1.22524 0.892531 5.88298 0.292345 0.166354 0.0909123 0.0800756
0.000224655 2.93127 3.22313 2.6394 1.05238 1.21829 0.886473 5.82629 0.291863 0.16591 0.0903229 0.0793709
0.000231013 2.913 3.20439 2.62162 1.04592 1.21139 0.880447 5.77004 0.291385 0.165471 0.089739 0.0786705
0.000237551 2.89485 3.18576 2.60394 1.03949 1.20453 0.874455 5.7142 0.290911 0.165037 0.0891608 0.0779747
0.000244275 2.87678 3.16722 2.58634 1.0331 1.19771 0.868495 5.65878 0.29044 0.164608 0.0885879 0.0772832
0.000251189 2.85882 3.1488 2.56885 1.02675 1.19094 0.862569 5.60378 0.289972 0.164183 0.0880207 0.0765961
0.000258298 2.84096 3.13047 2.55145 1.02044 1.1842 0.856676 5.5492 0.289508 0.163764 0.0874589 0.0759133
0.000265609 2.8232 3.11225 2.53415 1.01416 1.17751 0.850815 5.49502 0.289047 0.16335 0.0869026 0.0752348
0.000273126 2.80553 3.09412 2.51695 1.00793 1.17087 0.844986 5.44126 0.288589 0.16294 0.0863518 0.0745606
0.000280857 2.78797 3.0761 2.49984 1.00172 1.16426 0.83919 5.3879 0.288134 0.162535 0.0858065 0.0738908
0.000288806 2.7705 3.05818 2.48282 0.995561 1.1577 0.833426 5.33495 0.287682 0.162135 0.0852667 0.0732252
0.00029698 2.75313 3.04036 2.46589 0.989433 1.15117 0.827693 5.28241 0.287234 0.161739 0.0847322 0.0725638
0.000305386 2.73585 3.02264 2.44906 0.983342 1.14469 0.821993 5.23025 0.286788 0.161349 0.0842032 0.0719067
0.000314029 2.71867 3.00502 2.43232 0.977287 1.13825 0.816324 5.1785 0.286345 0.160963 0.0836796 0.0712537
0.000322917 2.70159 2.98749 2.41568 0.971269 1.13185 0.810687 5.12714 0.285905 0.160581 0.0831614 0.070605
0.000332057 2.68459 2.97006 2.39913 0.965286 1.12549 0.805082 5.07618 0.285468 0.160205 0.0826486 0.0699604
0.000341455 2.6677 2.95273 2.38267 0.95934 1.11917 0.799508 5.0256 0.285034 0.159833 0.0821413 0.06932
0.000351119 2.6509 2.9355 2.36629 0.953429 1.11289 0.793964 4.97541 0.284602 0.159465 0.0816392 0.0686837
0.000361057 2.63419 2.91836 2.35002 0.947554 1.10666 0.788452 4.9256 0.284173 0.159102 0.0811426 0.0680515
0.000371276 2.61757 2.90132 2.33383 0.941715 1.10046 0.782971 4.87618 0.283747 0.158744 0.0806513 0.0674234
0.000381784 2.60105 2.88437 2.31773 0.935911 1.0943 0.777521 4.82713 0.283323 0.15839 0.0801653 0.0667994
0.00039259 2.58462 2.86752 2.30172 0.930141 1.08818 0.772101 4.77846 0.282901 0.15804 0.0796846 0.0661794
0.000403702 2.56828 2.85076 2.2858 0.924407 1.0821 0.766711 4.73017 0.282482 0.157695 0.0792093 0.0655634
0.000415128 2.55203 2.8341 2.26997 0.918707 1.07606 0.761352 4.68225 0.282065 0.157355 0.0787392 0.0649515
0.000426877 2.53588 2.81753 2.25423 0.913042 1.07006 0.756023 4.6347 0.281651 0.157019 0.0782745 0.0643436
0.000438959 2.51981 2.80105 2.23857 0.907412 1.0641 0.750725 4.58752 0.281238 0.156687 0.0778151 0.0637397
0.000451383 2.50383 2.78466 2.22301 0.901815 1.05817 0.745455 4.5407 0.280828 0.156359 0.0773609 0.0631397
0.000464159 2.48795 2.76836 2.20753 0.896253 1.05229 0.740216 4.49425 0.280419 0.156036 0.0769119 0.0625437
0.000477296 2.47215 2.75216 2.19213 0.890725 1.04644 0.735007 4.44815 0.280013 0.155717 0.0764683 0.0619517
0.000490805 2.45644 2.73604 2.17683 0.88523 1.04063 0.729827 4.40242 0.279609 0.155403 0.0760298 0.0613635
0.000504697 2.44081 2.72002 2.16161 0.879769 1.03486 0.724677 4.35704 0.279206 0.155092 0.0755966 0.0607793
0.000518981 2.42528 2.70408 2.14647 0.874342 1.02913 0.719555 4.31202 0.278805 0.154786 0.0751686 0.0601989
0.00053367 2.40983 2.68824 2.13143 0.868947 1.02343 0.714463 4.26734 0.278406 0.154484 0.0747458 0.0596224
0.000548775 2.39447 2.67248 2.11646 0.863586 1.01777 0.7094 4.22302 0.278008 0.154186 0.0743282 0.0590497
0.000564307 2.3792 2.65681 2.10158 0.858259 1.01215 0.704366 4.17904 0.277612 0.153892 0.0739158 0.0584809
0.000580278 2.36401 2.64122 2.08679 0.852963 1.00657 0.69936 4.13541 0.277217 0.153603 0.0735085 0.0579159
0.000596702 2.3489 2.62573 2.07208 0.847701 1.00102 0.694384 4.09212 0.276824 0.153317 0.0731064 0.0573547
0.000613591 2.33388 2.61031 2.05745 0.842471 0.995506 0.689435 4.04917 0.276431 0.153035 0.0727094 0.0567973
0.000630957 2.31895 2.59499 2.04291 0.837273 0.99003 0.684515 4.00656 0.276041 0.152758 0.0723176 0.0562436
0.000648815 2.3041 2.57975 2.02845 0.832107 0.984591 0.679624 3.96429 0.275651 0.152484 0.0719309 0.0556937
0.000667179 2.28933 2.56459 2.01407 0.826974 0.979188 0.67476 3.92235 0.275262 0.152214 0.0715492 0.0551475
0.000686062 2.27464 2.54952 1.99977 0.821872 0.97382 0.669924 3.88074 0.274874 0.151948 0.0711727 0.0546051
0.00070548 2.26004 2.53453 1.98555 0.816802 0.968488 0.665116 3.83946 0.274487 0.151686 0.0708012 0.0540664
0.000725448 2.24552 2.51962 1.97142 0.811764 0.963192 0.660336 3.79851 0.274101 0.151428 0.0704349 0.0535313
0.00074598 2.23108 2.5048 1.95737 0.806756 0.95793 0.655583 3.75789 0.273715 0.151173 0.0700735 0.0529999
0.000767094 2.21672 2.49005 1.94339 0.801781 0.952704 0.650859 3.71759 0.27333 0.150922 0.0697173 0.0524723
0.000788805 2.20245 2.47539 1.9295 0.796837 0.947512 0.646161 3.67761 0.272945 0.150675 0.069366 0.0519482
0.000811131 2.18825 2.46081 1.91569 0.791923 0.942355 0.641491 3.63795 0.272561 0.150432 0.0690197 0.0514278
0.000834088 2.17413 2.44631 1.90196 0.78704 0.937232 0.636848 3.5986 0.272177 0.150192 0.0686785 0.050911
0.000857696 2.1601 2.43189 1.8883 0.782188 0.932144 0.632231 3.55958 0.271793 0.149956 0.0683422 0.0503978
0.000881971 2.14614 2.41755 1.87473 0.777366 0.92709 0.627642 3.52086 0.27141 0.149724 0.0680109 0.0498882
0.000906934 2.13226 2.40328 1.86123 0.772574 0.922069 0.623079 3.48246 0.271026 0.149495 0.0676845 0.0493821
0.000932603 2.11845 2.3891 1.84781 0.767813 0.917082 0.618543 3.44437 0.270642 0.149269 0.0673631 0.0488796
0.000958999 2.10473 2.37499 1.83447 0.763081 0.912129 0.614034 3.40659 0.270258 0.149047 0.0670465 0.0483807
0.000986142 2.09108 2.36095 1.82121 0.75838 0.907209 0.609551 3.36911 0.269874 0.148829 0.0667349 0.0478853
0.00101405 2.07751 2.347 1.80802 0.753708 0.902322 0.605094 3.33193 0.269489 0.148614 0.0664282 0.0473934
0.00104275 2.06401 2.33312 1.79491 0.749066 0.897468 0.600664 3.29506 0.269103 0.148402 0.0661263 0.046905
0.00107227 2.05059 2.31931 1.78188 0.744453 0.892646 0.596259 3.25848 0.268717 0.148194 0.0658293 0.0464201
0.00110262 2.03725 2.30558 1.76892 0.739869 0.887857 0.591881 3.2222 0.26833 0.147988 0.0655371 0.0459387
0.00113382 2.02398 2.29192 1.75604 0.735314 0.883101 0.587528 3.18622 0.267942 0.147786 0.0652497 0.0454608
0.00116591 2.01078 2.27834 1.74323 0.730788 0.878376 0.583201 3.15054 0.267553 0.147588 0.0649671 0.0449862
0.00119891 1.99766 2.26483 1.7305 0.726291 0.873683 0.578899 3.11514 0.267163 0.147392 0.0646893 0.0445152
0.00123285 1.98461 2.25139 1.71784 0.721823 0.869022 0.574623 3.08004 0.266772 0.147199 0.0644162 0.0440475
0.00126774 1.97164 2.23802 1.70526 0.717383 0.864393 0.570373 3.04522 0.266379 0.14701 0.0641479 0.0435833
0.00130362 1.95874 2.22472 1.69275 0.712971 0.859795 0.566148 3.01069 0.265985 0.146824 0.0638843 0.0431225
0.00134052 1.94591 2.21149 1.68032 0.708588 0.855228 0.561948 2.97645 0.265589 0.14664 0.0636253 0.042665
0.00137846 1.93315 2.19834 1.66796 0.704232 0.850692 0.557773 2.94249 0.265191 0.14646 0.0633711 0.042211
0.00141747 1.92046 2.18525 1.65567 0.699905 0.846187 0.553622 2.90881 0.264791 0.146282 0.0631214 0.0417602
0.00145759 1.90784 2.17223 1.64345 0.695605 0.841712 0.549497 2.87541 0.264389 0.146107 0.0628764 0.0413129
0.00149885 1.89529 2.15928 1.63131 0.691332 0.837267 0.545397 2.84229 0.263985 0.145935 0.0626359 0.0408688
0.00154127 1.88282 2.14639 1.61924 0.687086 0.832852 0.54132 2.80944 0.263578 0.145766 0.0624 0.0404281
0.00158489 1.87041 2.13358 1.60724 0.682868 0.828468 0.537269 2.77687 0.263169 0.145599 0.0621687 0.0399907
0.00162975 1.85807 2.12083 1.59531 0.678677 0.824113 0.533242 2.74457 0.262757 0.145435 0.0619418 0.0395566
0.00167588 1.8458 2.10814 1.58345 0.674513 0.819787 0.529239 2.71255 0.262343 0.145274 0.0617195 0.0391258
0.00172331 1.83359 2.09552 1.57167 0.670376 0.815491 0.52526 2.68079 0.261925 0.145115 0.0615016 0.0386983
0.00177209 1.82146 2.08296 1.55995 0.666265 0.811224 0.521306 2.6493 0.261504 0.144959 0.0612881 0.038274
0.00182224 1.80939 2.07047 1.54831 0.66218 0.806985 0.517375 2.61807 0.26108 0.144805 0.0610789 0.0378529
0.00187382 1.79738 2.05804 1.53673 0.658122 0.802776 0.513468 2.58711 0.260653 0.144654 0.0608742 0.0374352
0.00192685 1.78545 2.04567 1.52522 0.65409 0.798594 0.509585 2.55641 0.260222 0.144504 0.0606737 0.0370206
0.00198139 1.77357 2.03336 1.51379 0.650083 0.794441 0.505726 2.52598 0.259787 0.144357 0.0604776 0.0366092
0.00203747 1.76177 2.02112 1.50242 0.646103 0.790315 0.50189 2.4958 0.259348 0.144213 0.0602856 0.0362011
0.00209514 1.75003 2.00893 1.49112 0.642148 0.786218 0.498078 2.46588 0.258905 0.14407 0.0600979 0.0357961
0.00215443 1.73835 1.9968 1.47989 0.638218 0.782148 0.494289 2.43621 0.258457 0.14393 0.0599144 0.0353943
0.00221541 1.72673 1.98474 1.46873 0.634314 0.778105 0.490523 2.4068 0.258005 0.143791 0.059735 0.0349957
0.00227812 1.71518 1.97273 1.45763 0.630435 0.774089 0.48678 2.37765 0.257549 0.143654 0.0595597 0.0346002
0.00234259 1.70369 1.96078 1.44661 0.626581 0.7701 0.483061 2.34874 0.257087 0.14352 0.0593884 0.0342079
0.0024089 1.69227 1.94889 1.43565 0.622751 0.766138 0.479364 2.32009 0.25662 0.143387 0.0592211 0.0338187
0.00247708 1.6809 1.93705 1.42475 0.618946 0.762202 0.47569 2.29168 0.256149 0.143256 0.0590579 0.0334327
0.00254719 1.6696 1.92527 1.41393 0.615166 0.758292 0.472039 2.26352 0.255671 0.143127 0.0588985 0.0330497
0.00261928 1.65835 1.91354 1.40316 0.61141 0.754408 0.468411 2.23561 0.255188 0.142999 0.058743 0.0326699
0.00269341 1.64717 1.90187 1.39247 0.607677 0.75055 0.464805 2.20794 0.254699 0.142873 0.0585913 0.0322931
0.00276965 1.63605 1.89025 1.38184 0.603969 0.746717 0.461221 2.18051 0.254204 0.142748 0.0584433 0.0319194
0.00284804 1.62498 1.87868 1.37128 0.600285 0.742909 0.45766 2.15333 0.253703 0.142624 0.0582991 0.0315488
0.00292864 1.61397 1.86717 1.36078 0.596624 0.739126 0.454122 2.12638 0.253195 0.142502 0.0581585 0.0311812
0.00301153 1.60303 1.85571 1.35035 0.592986 0.735368 0.450605 2.09967 0.252681 0.142382 0.0580215 0.0308167
0.00309677 1.59214 1.8443 1.33998 0.589372 0.731634 0.44711 2.0732 0.252159 0.142262 0.0578881 0.0304552
0.00318442 1.5813 1.83293 1.32967 0.585781 0.727925 0.443638 2.04696 0.251631 0.142143 0.0577582 0.0300967
0.00327455 1.57053 1.82162 1.31943 0.582213 0.724239 0.440187 2.02096 0.251095 0.142026 0.0576316 0.0297413
0.00336723 1.55981 1.81036 1.30926 0.578668 0.720577 0.436758 1.99519 0.250551 0.141909 0.0575085 0.0293888
0.00346253 1.54914 1.79914 1.29914 0.575145 0.716938 0.433351 1.96965 0.25 0.141794 0.0573886 0.0290393
0.00356053 1.53853 1.78797 1.28909 0.571644 0.713323 0.429965 1.94434 0.24944 0.141679 0.0572719 0.0286928
0.00366131 1.52798 1.77685 1.27911 0.568166 0.70973 0.426602 1.91925 0.248872 0.141564 0.0571584 0.0283493
0.00376494 1.51748 1.76577 1.26918 0.564709 0.70616 0.423259 1.8944 0.248296 0.14145 0.057048 0.0280087
0.0038715 1.50703 1.75474 1.25932 0.561275 0.702612 0.419937 1.86977 0.24771 0.141337 0.0569406 0.0276711
0.00398107 1.49664 1.74375 1.24952 0.557861 0.699086 0.416637 1.84537 0.247116 0.141224 0.0568361 0.0273364
0.00409375 1.4863 1.73281 1.23978 0.55447 0.695581 0.413359 1.82118 0.246512 0.141111 0.0567344 0.0270046
0.00420962 1.47601 1.72191 1.23011 0.5511 0.692099 0.410101 1.79722 0.245899 0.140999 0.0566356 0.0266757
0.00432876 1.46577 1.71104 1.22049 0.547751 0.688637 0.406864 1.77348 0.245276 0.140887 0.0565394 0.0263497
0.00445128 1.45558 1.70022 1.21094 0.544422 0.685196 0.403648 1.74996 0.244643 0.140774 0.0564458 0.0260267
0.00457727 1.44544 1.68944 1.20145 0.541114 0.681776 0.400453 1.72666 0.243999 0.140662 0.0563547 0.0257064
0.00470682 1.43536 1.6787 1.19201 0.537827 0.678376 0.397279 1.70358 0.243345 0.140549 0.0562661 0.0253891
0.00484003 1.42532 1.668 1.18264 0.53456 0.674996 0.394125 1.68071 0.24268 0.140436 0.0561797 0.0250746
0.00497702 1.41533 1.65734 1.17333 0.531314 0.671636 0.390992 1.65805 0.242003 0.140322 0.0560956 0.0247629
0.00511789 1.40539 1.64671 1.16408 0.528086 0.668294 0.387879 1.63561 0.241316 0.140208 0.0560136 0.0244541
0.00526274 1.3955 1.63612 1.15489 0.524879 0.664972 0.384786 1.61337 0.240616 0.140093 0.0559337 0.0241481
0.0054117 1.38566 1.62556 1.14575 0.521692 0.661669 0.381714 1.59135 0.239905 0.139977 0.0558557 0.0238449
0.00556486 1.37586 1.61504 1.13668 0.518523 0.658384 0.378663 1.56954 0.239181 0.139861 0.0557795 0.0235445
0.00572237 1.36611 1.60455 1.12766 0.515374 0.655117 0.375631 1.54794 0.238444 0.139743 0.055705 0.0232469
0.00588433 1.3564 1.5941 1.11871 0.512243 0.651867 0.372619 1.52654 0.237695 0.139624 0.055632 0.022952
0.00605088 1.34674 1.58368 1.10981 0.509132 0.648635 0.369628 1.50535 0.236932 0.139504 0.0555606 0.02266
0.00622213 1.33713 1.57328 1.10097 0.506038 0.64542 0.366656 1.48436 0.236156 0.139382 0.0554905 0.0223706
0.00639824 1.32756 1.56292 1.09219 0.502963 0.642222 0.363704 1.46358 0.235367 0.139259 0.0554216 0.022084
0.00657933 1.31803 1.55259 1.08346 0.499906 0.63904 0.360772 1.443 0.234563 0.139134 0.0553539 0.0218001
0.00676555 1.30854 1.54229 1.0748 0.496867 0.635874 0.357859 1.42262 0.233744 0.139007 0.0552871 0.021519
0.00695704 1.2991 1.53201 1.06619 0.493845 0.632723 0.354967 1.40244 0.232912 0.138878 0.0552212 0.0212405
0.00715394 1.2897 1.52176 1.05764 0.49084 0.629588 0.352093 1.38246 0.232064 0.138747 0.055156 0.0209647
0.00735642 1.28034 1.51154 1.04914 0.487853 0.626467 0.349239 1.36268 0.2312 0.138614 0.0550913 0.0206916
0.00756463 1.27102 1.50134 1.0407 0.484883 0.623361 0.346404 1.3431 0.230322 0.138478 0.0550271 0.0204212
0.00777874 1.26174 1.49117 1.03232 0.481929 0.620269 0.343589 1.32371 0.229427 0.13834 0.0549631 0.0201534
0.0079989 1.25251 1.48102 1.02399 0.478991 0.61719 0.340793 1.30451 0.228516 0.138199 0.0548993 0.0198882
0.0082253 1.24331 1.4709 1.01572 0.47607 0.614125 0.338015 1.28551 0.227589 0.138055 0.0548354 0.0196257
0.0084581 1.23415 1.46079 1.0075 0.473165 0.611072 0.335257 1.2667 0.226644 0.137907 0.0547714 0.0193658
0.00869749 1.22503 1.45071 0.999344 0.470275 0.608032 0.332518 1.24809 0.225683 0.137757 0.054707 0.0191085
0.00894366 1.21594 1.44065 0.991239 0.467401 0.605004 0.329798 1.22966 0.224704 0.137603 0.0546422 0.0188537
0.00919679 1.2069 1.4306 0.983189 0.464542 0.601988 0.327097 1.21142 0.223708 0.137445 0.0545767 0.0186016
0.00945709 1.19789 1.42058 0.975193 0.461698 0.598982 0.324414 1.19338 0.222693 0.137284 0.0545103 0.018352
0.00972476 1.18891 1.41057 0.967252 0.458869 0.595988 0.32175 1.17551 0.22166 0.137119 0.0544429 0.0181049
0.01 1.17997 1.40058 0.959366 0.456054 0.593003 0.319105 1.15784 0.220609 0.136949 0.0543744 0.0178604
0.010283 1.17107 1.39061 0.951533 0.453253 0.590029 0.316478 1.14035 0.219539 0.136775 0.0543044 0.0176184
0.0105741 1.1622 1.38065 0.943755 0.450466 0.587063 0.313869 1.12305 0.218449 0.136597 0.054233 0.0173788
0.0108734 1.15337 1.37071 0.93603 0.447693 0.584107 0.311279 1.10592 0.21734 0.136414 0.0541598 0.0171418
0.0111811 1.14457 1.36078 0.928358 0.444934 0.581159 0.308708 1.08899 0.216211 0.136226 0.0540847 0.0169073
0.0114976 1.1358 1.35086 0.920741 0.442187 0.578219 0.306154 1.07223 0.215062 0.136032 0.0540074 0.0166752
0.011823 1.12707 1.34096 0.913176 0.439453 0.575287 0.303619 1.05565 0.213892 0.135834 0.0539279 0.0164455
0.0121576 1.11837 1.33107 0.905663 0.436732 0.572361 0.301102 1.03925 0.212702 0.13563 0.0538458 0.0162183
0.0125017 1.1097 1.32119 0.898204 0.434023 0.569442 0.298603 1.02303 0.211491 0.13542 0.0537611 0.0159935
0.0128556 1.10106 1.31132 0.890797 0.431325 0.566529 0.296122 1.00699 0.210259 0.135204 0.0536734 0.0157711
0.0132194 1.09245 1.30145 0.883441 0.42864 0.563621 0.293658 0.991127 0.209006 0.134982 0.0535826 0.0155511
0.0135936 1.08387 1.2916 0.876139 0.425966 0.560719 0.291213 0.975437 0.207731 0.134753 0.0534885 0.0153334
0.0139783 1.07532 1.28176 0.868887 0.423303 0.55782 0.288785 0.959922 0.206434 0.134518 0.0533908 0.0151181
0.0143739 1.0668 1.27192 0.861688 0.42065 0.554925 0.286375 0.944581 0.205115 0.134275 0.0532894 0.0149052
0.0147808 1.05831 1.26209 0.85454 0.418008 0.552034 0.283982 0.929412 0.203773 0.134026 0.053184 0.0146945
0.0151991 1.04985 1.25226 0.847443 0.415377 0.549146 0.281607 0.914416 0.202409 0.133769 0.0530744 0.0144862
0.0156293 1.04142 1.24244 0.840397 0.412755 0.54626 0.27925 0.89959 0.201022 0.133505 0.0529604 0.0142801
0.0160717 1.03302 1.23263 0.833403 0.410142 0.543375 0.27691 0.884934 0.199613 0.133233 0.0528417 0.0140764
0.0165265 1.02464 1.22282 0.826458 0.407539 0.540491 0.274587 0.870447 0.19818 0.132952 0.0527182 0.0138748
0.0169943 1.01629 1.21301 0.819564 0.404945 0.537608 0.272281 0.856128 0.196724 0.132663 0.0525896 0.0136755
0.0174753 1.00796 1.20321 0.81272 0.402359 0.534725 0.269993 0.841976 0.195244 0.132366 0.0524557 0.0134785
0.0179699 0.999668 1.19341 0.805927 0.399781 0.531841 0.267722 0.827991 0.193741 0.13206 0.0523162 0.0132836
0.0184785 0.991398 1.18361 0.799183 0.397212 0.528956 0.265468 0.81417 0.192215 0.131744 0.0521709 0.0130909
0.0190015 0.983153 1.17382 0.792489 0.39465 0.526069 0.26323 0.800513 0.190664 0.131419 0.0520197 0.0129004
0.0195393 0.974934 1.16402 0.785845 0.392095 0.523179 0.26101 0.78702 0.18909 0.131085 0.0518622 0.0127121
0.0200923 0.966741 1.15423 0.779249 0.389546 0.520286 0.258807 0.77369 0.187491 0.13074 0.0516983 0.0125258
0.020661 0.958572 1.14444 0.772703 0.387005 0.51739 0.25662 0.76052 0.185869 0.130385 0.0515277 0.0123417
0.0212458 0.950428 1.13465 0.766205 0.384469 0.514489 0.25445 0.747512 0.184223 0.13002 0.0513502 0.0121597
0.0218471 0.942309 1.12486 0.759757 0.381939 0.511583 0.252296 0.734662 0.182553 0.129643 0.0511656 0.0119798
0.0224655 0.934214 1.11507 0.753356 0.379415 0.508671 0.250159 0.721971 0.180858 0.129256 0.0509736 0.0118019
0.0231013 0.926144 1.10528 0.747004 0.376896 0.505753 0.248039 0.709438 0.17914 0.128857 0.050774 0.011626
0.0237551 0.918098 1.0955 0.7407 0.374381 0.502828 0.245935 0.697061 0.177398 0.128447 0.0505666 0.0114522
0.0244275 0.910076 1.08571 0.734444 0.371871 0.499895 0.243847 0.68484 0.175631 0.128024 0.0503512 0.0112804
0.0251189 0.902078 1.07592 0.728236 0.369364 0.496954 0.241775 0.672774 0.173842 0.127589 0.0501276 0.0111105
0.0258298 0.894103 1.06613 0.722075 0.366861 0.494003 0.23972 0.660861 0.172028 0.127142 0.0498955 0.0109426
0.0265609 0.886153 1.05634 0.715961 0.364362 0.491043 0.23768 0.649101 0.170191 0.126682 0.0496549 0.0107767
0.0273126 0.878226 1.04656 0.709895 0.361864 0.488073 0.235656 0.637493 0.168331 0.126208 0.0494053 0.0106127
0.0280857 0.870323 1.03677 0.703875 0.35937 0.485091 0.233649 0.626036 0.166448 0.125721 0.0491468 0.0104505
0.0288806 0.862444 1.02699 0.697902 0.356877 0.482098 0.231657 0.614728 0.164542 0.12522 0.048879 0.0102903
0.029698 0.854588 1.0172 0.691975 0.354386 0.479092 0.229681 0.603569 0.162613 0.124705 0.0486018 0.0101319
0.0305386 0.846757 1.00742 0.686095 0.351896 0.476073 0.22772 0.592558 0.160662 0.124176 0.0483151 0.00997537
0.0314029 0.83895 0.997639 0.68026 0.349407 0.473039 0.225775 0.581693 0.158689 0.123632 0.0480186 0.00982065
0.0322917 0.831166 0.987861 0.674471 0.346919 0.469992 0.223845 0.570974 0.156695 0.123073 0.0477122 0.00966772
0.0332057 0.823407 0.978087 0.668728 0.34443 0.466928 0.221931 0.560399 0.15468 0.122499 0.0473958 0.00951657
0.0341455 0.815673 0.968317 0.66303 0.341941 0.463849 0.220032 0.549969 0.152643 0.121909 0.0470692 0.00936717
0.0351119 0.807964 0.958551 0.657377 0.339451 0.460753 0.218148 0.53968 0.150587 0.121303 0.0467322 0.00921951
0.0361057 0.800279 0.94879 0.651769 0.336959 0.45764 0.216279 0.529533 0.148511 0.120681 0.0463849 0.00907357
0.0371276 0.79262 0.939035 0.646205 0.334466 0.454508 0.214424 0.519527 0.146415 0.120042 0.0460269 0.00892931
0.0381784 0.784987 0.929288 0.640686 0.331971 0.451357 0.212585 0.509659 0.144301 0.119386 0.0456584 0.00878673
0.039259 0.777379 0.919548 0.63521 0.329474 0.448187 0.21076 0.49993 0.142169 0.118714 0.0452791 0.0086458
0.0403702 0.769798 0.909818 0.629779 0.326973 0.444997 0.20895 0.490338 0.140019 0.118023 0.044889 0.0085065
0.0415128 0.762244 0.900097 0.624391 0.324469 0.441785 0.207154 0.480882 0.137853 0.117316 0.0444881 0.0083688
0.0426877 0.754717 0.890388 0.619046 0.321962 0.438551 0.205372 0.47156 0.135671 0.11659 0.0440763 0.00823269
0.0438959 0.747218 0.880691 0.613744 0.31945 0.435295 0.203604 0.462373 0.133474 0.115846 0.0436536 0.00809814
0.0451383 0.739746 0.871008 0.608485 0.316933 0.432016 0.20185 0.453318 0.131262 0.115083 0.0432199 0.00796513
0.0464159 0.732304 0.86134 0.603268 0.314412 0.428713 0.20011 0.444394 0.129036 0.114301 0.0427754 0.00783365
0.0477296 0.724891 0.851689 0.598093 0.311885 0.425386 0.198384 0.4356 0.126798 0.113501 0.0423199 0.00770366
0.0490805 0.717507 0.842055 0.592959 0.309352 0.422033 0.196671 0.426936 0.124548 0.112681 0.0418536 0.00757516
0.0504697 0.710154 0.832441 0.587867 0.306813 0.418655 0.194971 0.418399 0.122287 0.111842 0.0413765 0.00744811
0.0518981 0.702832 0.822848 0.582816 0.304267 0.415249 0.193285 0.409989 0.120016 0.110982 0.0408887 0.0073225
0.053367 0.695541 0.813278 0.577805 0.301714 0.411817 0.191611 0.401704 0.117736 0.110103 0.0403903 0.00719831
0.0548775 0.688283 0.803732 0.572834 0.299153 0.408357 0.18995 0.393544 0.115449 0.109204 0.0398814 0.00707551
0.0564307 0.681058 0.794213 0.567903 0.296585 0.404869 0.188301 0.385506 0.113155 0.108284 0.0393621 0.00695409
0.0580278 0.673867 0.784721 0.563012 0.294008 0.401351 0.186664 0.37759 0.110855 0.107343 0.0388327 0.00683402
0.0596702 0.666709 0.77526 0.558159 0.291422 0.397804 0.18504 0.369795 0.10855 0.106382 0.0382932 0.00671528
0.0613591 0.659587 0.76583 0.553344 0.288827 0.394227 0.183427 0.362118 0.106243 0.1054 0.0377439 0.00659786
0.0630957 0.652501 0.756434 0.548568 0.286222 0.390619 0.181826 0.35456 0.103933 0.104397 0.0371851 0.00648174
0.0648815 0.645451 0.747073 0.543828 0.283608 0.38698 0.180235 0.347118 0.101622 0.103372 0.0366169 0.00636689
0.0667179 0.638438 0.737751 0.539126 0.280983 0.383309 0.178656 0.339792 0.0993124 0.102327 0.0360396 0.00625329
0.0686062 0.631464 0.728468 0.53446 0.278346 0.379606 0.177087 0.332579 0.097004 0.10126 0.0354535 0.00614094
0.070548 0.624528 0.719226 0.529829 0.275699 0.37587 0.175528 0.32548 0.0946986 0.100171 0.034859 0.00602981
0.0725448 0.617631 0.710029 0.525233 0.27304 0.372101 0.173979 0.318492 0.0923976 0.0990611 0.0342564 0.00591988
0.074598 0.610775 0.700877 0.520672 0.270369 0.368299 0.17244 0.311613 0.0901024 0.0979296 0.033646 0.00581113
0.0767094 0.603959 0.691773 0.516145 0.267686 0.364463 0.170909 0.304844 0.0878142 0.0967766 0.0330282 0.00570356
0.0788805 0.597184 0.682719 0.51165 0.26499 0.360592 0.169388 0.298182 0.0855346 0.0956021 0.0324034 0.00559714
0.0811131 0.590452 0.673717 0.507187 0.26228 0.356687 0.167874 0.291627 0.0832648 0.0944063 0.031772 0.00549185
0.0834088 0.583762 0.664769 0.502756 0.259557 0.352746 0.166368 0.285176 0.0810064 0.0931891 0.0311346 0.00538769
0.0857696 0.577116 0.655876 0.498355 0.25682 0.348771 0.16487 0.278829 0.0787606 0.0919507 0.0304915 0.00528464
0.0881971 0.570513 0.647042 0.493984 0.254069 0.34476 0.163378 0.272584 0.076529 0.0906913 0.0298432 0.00518268
0.0906934 0.563954 0.638267 0.489641 0.251303 0.340714 0.161892 0.266439 0.074313 0.089411 0.0291903 0.0050818
0.0932603 0.55744 0.629553 0.485326 0.248522 0.336632 0.160412 0.260395 0.0721139 0.0881101 0.0285333 0.004982
0.0958999 0.55097 0.620903 0.481037 0.245725 0.332514 0.158936 0.254448 0.0699332 0.0867888 0.0278726 0.00488324
0.0986142 0.544545 0.612317 0.476773 0.242912 0.32836 0.157465 0.248599 0.0677722 0.0854473 0.027209 0.00478554
0.101405 0.538166 0.603798 0.472533 0.240083 0.324169 0.155997 0.242845 0.0656325 0.0840861 0.0265429 0.00468887
0.104275 0.531832 0.595347 0.468316 0.237238 0.319943 0.154532 0.237186 0.0635153 0.0827054 0.025875 0.00459323
0.107227 0.525543 0.586965 0.464121 0.234375 0.315681 0.153069 0.231619 0.0614219 0.0813057 0.0252057 0.00449861
0.110262 0.519299 0.578653 0.459945 0.231495 0.311382 0.151607 0.226145 0.0593538 0.0798875 0.0245359 0.004405
0.113382 0.5131 0.570412 0.455788 0.228597 0.307048 0.150145 0.220761 0.0573122 0.0784512 0.023866 0.0043124
0.116591 0.506945 0.562244 0.451647 0.22568 0.302678 0.148683 0.215467 0.0552984 0.0769974 0.0231968 0.00422079
0.119891 0.500835 0.554149 0.447521 0.222745 0.298271 0.147218 0.21026 0.0533137 0.0755266 0.0225288 0.00413018
0.123285 0.494768 0.546127 0.443408 0.21979 0.29383 0.145751 0.205141 0.0513592 0.0740395 0.0218628 0.00404056
0.126774 0.488743 0.538179 0.439307 0.216816 0.289353 0.14428 0.200107 0.0494362 0.0725367 0.0211993 0.00395193
0.130362 0.482759 0.530305 0.435214 0.213822 0.284841 0.142803 0.195159 0.0475457 0.071019 0.020539 0.00386428
0.134052 0.476816 0.522505 0.431127 0.210807 0.280294 0.14132 0.190293 0.0456888 0.0694873 0.0198826 0.00377761
0.137846 0.470912 0.514778 0.427045 0.207771 0.275713 0.139828 0.18551 0.0438666 0.0679422 0.0192308 0.00369193
0.141747 0.465045 0.507125 0.422965 0.204713 0.271097 0.138328 0.180809 0.04208 0.0663847 0.0185841 0.00360722
0.145759 0.459213 0.499543 0.418883 0.201632 0.266448 0.136816 0.176188 0.04033 0.0648157 0.0179433 0.0035235
0.149885 0.453414 0.492032 0.414797 0.198528 0.261765 0.135292 0.171646 0.0386173 0.0632362 0.0173089 0.00344077
0.154127 0.447647 0.48459 0.410704 0.195401 0.257048 0.133754 0.167182 0.0369429 0.0616473 0.0166816 0.00335902
0.158489 0.441908 0.477216 0.406601 0.192249 0.252299 0.132199 0.162796 0.0353075 0.06005 0.016062 0.00327826
0.162975 0.436195 0.469907 0.402483 0.189072 0.247518 0.130627 0.158486 0.0337117 0.0584455 0.0154507 0.0031985
0.167588 0.430504 0.46266 0.398348 0.185869 0.242704 0.129034 0.154251 0.0321562 0.056835 0.0148483 0.00311972
0.172331 0.424832 0.455473 0.39419 0.182639 0.237859 0.12742 0.150091 0.0306415 0.0552198 0.0142553 0.00304195
0.177209 0.419174 0.448342 0.390006 0.179381 0.232983 0.12578 0.146005 0.029168 0.0536011 0.0136724 0.00296518
0.182224 0.413528 0.441264 0.385791 0.176095 0.228075 0.124115 0.141992 0.0277362 0.0519803 0.0130999 0.00288942
0.187382 0.407887 0.434233 0.38154 0.172779 0.223137 0.12242 0.13805 0.0263464 0.0503588 0.0125385 0.00281467
0.192685 0.402247 0.427246 0.377248 0.169431 0.218169 0.120693 0.13418 0.0249989 0.048738 0.0119885 0.00274093
0.198139 0.396603 0.420297 0.372909 0.166052 0.213171 0.118932 0.13038 0.0236938 0.0471195 0.0114505 0.0026682
0.203747 0.390948 0.41338 0.368517 0.162639 0.208144 0.117134 0.12665 0.0224312 0.0455048 0.0109248 0.00259649
0.209514 0.385276 0.406488 0.364065 0.159192 0.203087 0.115296 0.122989 0.0212112 0.0438954 0.0104118 0.0025258
0.215443 0.379581 0.399614 0.359547 0.155708 0.198001 0.113415 0.119396 0.0200338 0.042293 0.00991183 0.00245612
0.221541 0.373853 0.392752 0.354954 0.152187 0.192887 0.111488 0.11587 0.0188987 0.0406992 0.00942526 0.00238746
0.227812 0.368086 0.385892 0.35028 0.148628 0.187744 0.109512 0.11241 0.0178059 0.0391157 0.00895234 0.0023198
0.234259 0.362269 0.379024 0.345514 0.145028 0.182572 0.107484 0.109017 0.0167551 0.0375442 0.0084933 0.00225315
0.24089 0.356394 0.37214 0.340648 0.141386 0.177373 0.1054 0.105687 0.0157459 0.0359864 0.00804835 0.00218749
0.247708 0.35045 0.365228 0.335672 0.137702 0.172146 0.103258 0.102422 0.0147779 0.0344441 0.00761765 0.00212281
0.254719 0.344425 0.358276 0.330574 0.133972 0.166891 0.101053 0.0992192 0.0138508 0.032919 0.00720132 0.00205909
0.261928 0.338305 0.351269 0.325341 0.130196 0.161609 0.0987834 0.0960784 0.0129639 0.0314129 0.00679944 0.00199631
0.269341 0.332077 0.344193 0.31996 0.126372 0.1563 0.0964447 0.0929983 0.0121167 0.0299275 0.00641205 0.00193444
0.276965 0.325721 0.337029 0.314412 0.122498 0.150963 0.0940334 0.089978 0.0113085 0.0284646 0.00603914 0.00187345
0.284804 0.319214 0.329752 0.308675 0.118571 0.145597 0.0915451 0.0870161 0.0105386 0.027026 0.00568068 0.00181329
0.292864 0.31252 0.322326 0.302714 0.114587 0.1402 0.0889735 0.0841117 0.00980625 0.0256135 0.00533657 0.00175389
0.301153 0.305565 0.314676 0.296454 0.110534 0.134763 0.0863054 0.0812639 0.00911068 0.0242287 0.00500665 0.00169513
0.309677 0.29803 0.306481 0.289579 0.106352 0.129226 0.0834787 0.0784732 0.00845106 0.0228735 0.00469066 0.00163675
0.318442 0.290547 0.298757 0.282337 0.103416 0.125784 0.0810477 0.0774342 0.00821013 0.0223681 0.00457396 0.0016139
0.321833 0.288008 0.295985 0.280031 0.101913 0.123786 0.0800408 0.076413 0.00797658 0.0218724 0.00446042 0.00159137
0.325224 0.285473 0.293224 0.277723 0.100421 0.121807 0.0790345 0.075409 0.00775015 0.0213863 0.00434994 0.00156915
0.328614 0.282942 0.290473 0.275412 0.0989383 0.119848 0.0780286 0.0744217 0.00753062 0.0209097 0.00424242 0.00154722
0.332005 0.280414 0.287732 0.273097 0.0974657 0.117908 0.0770234 0.0734505 0.00731773 0.0204423 0.00413777 0.00152557
0.335396 0.277889 0.285 0.270778 0.0960028 0.115987 0.0760189 0.0724949 0.00711126 0.0199839 0.00403591 0.00150421
0.338787 0.275366 0.282277 0.268455 0.0945498 0.114084 0.0750152 0.0715544 0.006911 0.0195345 0.00393675 0.00148311
0.342178 0.272845 0.279561 0.266128 0.0931064 0.1122 0.0740125 0.0706286 0.00671674 0.0190939 0.0038402 0.00146227
0.345569 0.270324 0.276853 0.263796 0.0916728 0.110335 0.0730109 0.069717 0.00652827 0.0186619 0.0037462 0.00144169
0.348959 0.267805 0.274151 0.26146 0.0902488 0.108487 0.0720104 0.0688191 0.00634539 0.0182384 0.00365465 0.00142135
0.35235 0.265286 0.271454 0.259118 0.0888345 0.106658 0.0710113 0.0679345 0.00616794 0.0178232 0.00356548 0.00140126
0.355741 0.262768 0.268764 0.256772 0.0874298 0.104846 0.0700137 0.0670627 0.00599571 0.0174161 0.00347863 0.0013814
0.359132 0.260249 0.266078 0.254421 0.0860348 0.103052 0.0690177 0.0662035 0.00582854 0.0170171 0.00339402 0.00136176
0.362523 0.25773 0.263396 0.252064 0.0846495 0.101275 0.0680235 0.0653564 0.00566627 0.016626 0.00331159 0.00134235
0.365914 0.255211 0.260719 0.249702 0.0832738 0.0995165 0.0670312 0.0645209 0.00550873 0.0162426 0.00323126 0.00132315
0.369305 0.25269 0.258046 0.247334 0.0819079 0.0977747 0.066041 0.0636968 0.00535576 0.0158668 0.00315298 0.00130417
0.372695 0.250168 0.255376 0.244961 0.0805517 0.0960503 0.0650532 0.0628837 0.00520723 0.0154986 0.00307669 0.00128538
0.376086 0.247645 0.252708 0.242582 0.0792053 0.0943429 0.0640677 0.0620812 0.00506297 0.0151376 0.00300232 0.0012668
0.379477 0.245121 0.250044 0.240198 0.0778687 0.0926526 0.0630848 0.061289 0.00492286 0.0147839 0.00292983 0.00124841
0.382868 0.242595 0.247382 0.237808 0.076542 0.0909792 0.0621048 0.0605068 0.00478677 0.0144372 0.00285914 0.00123021
0.386259 0.240067 0.244722 0.235413 0.0752252 0.0893227 0.0611277 0.0597343 0.00465455 0.0140975 0.00279022 0.0012122
0.38965 0.237538 0.242064 0.233012 0.0739184 0.087683 0.0601538 0.0589712 0.0045261 0.0137646 0.002723 0.00119437
0.39304 0.235006 0.239408 0.230605 0.0726217 0.0860601 0.0591832 0.0582171 0.00440128 0.0134385 0.00265744 0.00117671
0.396431 0.232473 0.236753 0.228193 0.071335 0.0844539 0.0582161 0.0574719 0.00427999 0.0131189 0.00259349 0.00115923
0.399822 0.229937 0.234099 0.225775 0.0700586 0.0828644 0.0572528 0.0567352 0.00416211 0.0128058 0.0025311 0.00114192
0.403213 0.2274 0.231447 0.223352 0.0687924 0.0812915 0.0562934 0.0560068 0.00404753 0.012499 0.00247024 0.00112478
0.406604 0.22486 0.228796 0.220924 0.0675366 0.0797351 0.0553381 0.0552864 0.00393615 0.0121985 0.00241084 0.00110779
0.409995 0.222319 0.226147 0.218491 0.0662912 0.0781954 0.054387 0.0545738 0.00382788 0.0119042 0.00235288 0.00109097
0.413385 0.219775 0.223498 0.216053 0.0650563 0.0766721 0.0534405 0.0538688 0.0037226 0.0116158 0.0022963 0.0010743
0.416776 0.21723 0.22085 0.213609 0.0638321 0.0751654 0.0524987 0.053171 0.00362024 0.0113334 0.00224108 0.00105779
0.420167 0.214682 0.218203 0.211161 0.0626185 0.0736752 0.0515617 0.0524804 0.0035207 0.0110567 0.00218717 0.00104143
0.423558 0.212133 0.215557 0.208709 0.0614157 0.0722014 0.0506299 0.0517967 0.0034239 0.0107858 0.00213454 0.00102522
0.426949 0.209582 0.212912 0.206252 0.0602237 0.0707441 0.0497033 0.0511197 0.00332974 0.0105204 0.00208314 0.00100916
0.43034 0.20703 0.210268 0.203792 0.0590428 0.0693033 0.0487822 0.0504492 0.00323815 0.0102606 0.00203295 0.00099324
0.43373 0.204476 0.207625 0.201327 0.0578728 0.067879 0.0478667 0.049785 0.00314906 0.0100061 0.00198393 0.000977463
0.437121 0.201921 0.204984 0.198859 0.0567141 0.066471 0.0469572 0.0491269 0.00306238 0.00975694 0.00193605 0.000961827
0.440512 0.199365 0.202343 0.196387 0.0555666 0.0650796 0.0460536 0.0484749 0.00297804 0.00951298 0.00188928 0.000946329
0.443903 0.196808 0.199704 0.193912 0.0544305 0.0637046 0.0451564 0.0478286 0.00289598 0.00927412 0.00184358 0.000930969
0.447294 0.194251 0.197067 0.191435 0.0533058 0.0623461 0.0442655 0.047188 0.00281612 0.00904027 0.00179894 0.000915745
0.450685 0.191693 0.194431 0.188954 0.0521927 0.061004 0.0433813 0.0465529 0.0027384 0.00881135 0.00175531 0.000900656
0.454075 0.189135 0.191797 0.186472 0.0510912 0.0596784 0.0425039 0.0459232 0.00266276 0.00858726 0.00171267 0.000885699
0.457466 0.186577 0.189166 0.183988 0.0500014 0.0583693 0.0416335 0.0452986 0.00258914 0.00836791 0.001671 0.000870874
0.460857 0.184019 0.186536 0.181502 0.0489235 0.0570767 0.0407702 0.0446792 0.00251746 0.00815322 0.00163027 0.00085618
0.464248 0.181462 0.18391 0.179014 0.0478574 0.0558006 0.0399143 0.0440648 0.00244769 0.00794311 0.00159046 0.000841616
0.467639 0.178906 0.181286 0.176526 0.0468034 0.0545409 0.039066 0.0434552 0.00237976 0.00773748 0.00155153 0.000827181
0.47103 0.176351 0.178665 0.174038 0.0457616 0.0532978 0.0382253 0.0428503 0.00231362 0.00753626 0.00151348 0.000812874
0.47442 0.173798 0.176047 0.171549 0.0447319 0.0520712 0.0373925 0.0422501 0.00224922 0.00733936 0.00147627 0.000798695
0.477811 0.171247 0.173433 0.16906 0.0437144 0.0508611 0.0365677 0.0416544 0.00218651 0.00714671 0.00143988 0.000784642
0.481202 0.168698 0.170823 0.166573 0.0427094 0.0496676 0.0357511 0.0410632 0.00212544 0.00695822 0.0014043 0.000770716
0.484593 0.166152 0.168218 0.164086 0.0417167 0.0484906 0.0349429 0.0404763 0.00206596 0.00677383 0.0013695 0.000756916
0.487984 0.163609 0.165617 0.161601 0.0407366 0.0473301 0.0341431 0.0398937 0.00200803 0.00659346 0.00133547 0.000743242
0.491375 0.161069 0.163021 0.159118 0.0397691 0.0461861 0.033352 0.0393152 0.00195161 0.00641703 0.00130218 0.000729693
0.494765 0.158534 0.16043 0.156637 0.0388142 0.0450587 0.0325697 0.0387409 0.00189664 0.00624446 0.00126961 0.000716269
0.498156 0.156003 0.157846 0.154159 0.0378721 0.0439478 0.0317964 0.0381707 0.00184311 0.0060757 0.00123776 0.000702969
0.501547 0.153476 0.155267 0.151685 0.0369427 0.0428534 0.0310321 0.0376044 0.00179095 0.00591066 0.00120659 0.000689795
0.504938 0.150955 0.152695 0.149215 0.0360262 0.0417755 0.0302769 0.0370421 0.00174014 0.00574928 0.0011761 0.000676745
0.508329 0.148439 0.15013 0.146748 0.0351226 0.0407141 0.0295312 0.0364837 0.00169064 0.00559149 0.00114627 0.00066382
0.51172 0.14593 0.147572 0.144287 0.034232 0.0396692 0.0287948 0.0359291 0.00164241 0.00543722 0.00111708 0.00065102
0.51511 0.143427 0.145022 0.141831 0.0333544 0.0386408 0.028068 0.0353782 0.00159542 0.00528642 0.00108852 0.000638344
0.518501 0.140931 0.142481 0.139382 0.0324899 0.0376289 0.0273509 0.0348312 0.00154963 0.005139 0.00106057 0.000625794
0.521892 0.138443 0.139948 0.136938 0.0316384 0.0366333 0.0266435 0.0342878 0.00150501 0.00499492 0.00103322 0.000613369
0.525283 0.135963 0.137425 0.134502 0.0308001 0.0356542 0.025946 0.0337481 0.00146154 0.00485411 0.00100646 0.000601069
0.528674 0.133492 0.134911 0.132073 0.0299749 0.0346914 0.0252584 0.0332121 0.00141918 0.0047165 0.000980275 0.000588895
0.532065 0.13103 0.132408 0.129652 0.0291629 0.033745 0.0245809 0.0326797 0.0013779 0.00458205 0.000954647 0.000576846
0.535455 0.128578 0.129915 0.12724 0.0283642 0.0328149 0.0239135 0.0321509 0.00133767 0.00445068 0.000929567 0.000564924
0.538846 0.126135 0.127434 0.124837 0.0275786 0.031901 0.0232563 0.0316257 0.00129847 0.00432234 0.000905022 0.000553129
0.542237 0.123704 0.124964 0.122444 0.0268063 0.0310033 0.0226094 0.0311041 0.00126026 0.00419698 0.000881002 0.00054146
0.545628 0.121284 0.122507 0.120061 0.0260473 0.0301218 0.0219727 0.030586 0.00122303 0.00407453 0.000857496 0.000529919
0.549019 0.118876 0.120063 0.117689 0.0253015 0.0292564 0.0213465 0.0300715 0.00118675 0.00395495 0.000834491 0.000518505
0.55241 0.116481 0.117632 0.115329 0.0245689 0.0284071 0.0207307 0.0295606 0.00115139 0.00383817 0.000811979 0.000507219
0.5558 0.114098 0.115215 0.112981 0.0238496 0.0275737 0.0201254 0.0290533 0.00111694 0.00372416 0.000789948 0.000496062
0.559191 0.111729 0.112813 0.110646 0.0231434 0.0267563 0.0195306 0.0285495 0.00108336 0.00361284 0.000768389 0.000485033
0.562582 0.109375 0.110425 0.108324 0.0224505 0.0259547 0.0189463 0.0280493 0.00105064 0.00350418 0.000747293 0.000474134
0.565973 0.107035 0.108054 0.106016 0.0217708 0.0251689 0.0183727 0.0275526 0.00101875 0.00339812 0.00072665 0.000463365
0.569364 0.10471 0.105698 0.103723 0.0211042 0.0243988 0.0178096 0.0270596 0.000987681 0.00329461 0.00070645 0.000452726
0.572755 0.102402 0.103359 0.101444 0.0204507 0.0236443 0.0172571 0.0265702 0.000957403 0.0031936 0.000686687 0.000442217
0.576146 0.10011 0.101037 0.0991816 0.0198102 0.0229053 0.0167152 0.0260844 0.0009279 0.00309505 0.00066735 0.00043184
0.579536 0.0978345 0.0987337 0.0969354 0.0191828 0.0221818 0.0161839 0.0256022 0.000899154 0.00299891 0.000648432 0.000421593
0.582927 0.0955772 0.0964483 0.094706 0.0185684 0.0214735 0.0156633 0.0251237 0.000871145 0.00290513 0.000629924 0.000411479
0.586318 0.0933381 0.0941819 0.0924942 0.0179669 0.0207806 0.0151532 0.0246489 0.000843856 0.00281367 0.00061182 0.000401497
0.589709 0.0911179 0.0919352 0.0903006 0.0173782 0.0201027 0.0146537 0.0241778 0.000817271 0.00272448 0.000594111 0.000391647
0.5931 0.088917 0.0897084 0.0881257 0.0168023 0.0194399 0.0141648 0.0237105 0.000791371 0.00263751 0.000576791 0.000381931
0.596491 0.0867361 0.0875023 0.08597 0.0162392 0.0187919 0.0136864 0.0232469 0.000766141 0.00255273 0.000559851 0.000372347
0.599881 0.0845757 0.0853173 0.0838342 0.0156887 0.0181587 0.0132186 0.0227871 0.000741566 0.0024701 0.000543286 0.000362898
0.603272 0.0824365 0.0831541 0.0817189 0.0151507 0.0175402 0.0127611 0.0223312 0.000717629 0.00238956 0.000527088 0.000353582
0.606663 0.0803189 0.0810132 0.0796246 0.0146252 0.0169363 0.0123141 0.0218791 0.000694317 0.00231108 0.000511252 0.000344401
0.610054 0.0782235 0.0788951 0.0775519 0.014112 0.0163467 0.0118774 0.0214309 0.000671614 0.00223462 0.000495769 0.000335354
0.613445 0.0761509 0.0768004 0.0755013 0.0136112 0.0157713 0.0114511 0.0209866 0.000649506 0.00216014 0.000480636 0.000326442
0.616836 0.0741014 0.0747294 0.0734734 0.0131225 0.0152101 0.0110349 0.0205463 0.000627981 0.0020876 0.000465844 0.000317665
0.620226 0.0720759 0.0726829 0.0714689 0.0126459 0.0146629 0.010629 0.0201101 0.000607024 0.00201696 0.000451389 0.000309024
0.623617 0.0700746 0.0706612 0.069488 0.0121813 0.0141295 0.0102331 0.0196778 0.000586623 0.00194819 0.000437264 0.000300518
0.627008 0.0680982 0.0686649 0.0675314 0.0117285 0.0136097 0.00984725 0.0192497 0.000566765 0.00188124 0.000423464 0.000292147
0.630399 0.066147 0.0666945 0.0655996 0.0112874 0.0131035 0.00947134 0.0188256 0.000547438 0.00181608 0.000409984 0.000283912
0.63379 0.0642217 0.0647503 0.063693 0.010858 0.0126106 0.00910528 0.0184058 0.00052863 0.00175267 0.000396818 0.000275812
0.637181 0.0623226 0.0628329 0.0618122 0.01044 0.012131 0.00874898 0.0179901 0.00051033 0.00169099 0.000383961 0.000267848
0.640571 0.0604502 0.0609427 0.0599577 0.0100333 0.0116643 0.00840234 0.0175787 0.000492525 0.00163098 0.000371407 0.00026002
0.643962 0.058605 0.0590802 0.0581298 0.00963789 0.0112105 0.00806527 0.0171716 0.000475206 0.00157263 0.000359152 0.000252328
0.647353 0.0567875 0.0572458 0.0563291 0.00925353 0.0107694 0.00773764 0.0167688 0.000458361 0.00151589 0.000347191 0.000244771
0.650744 0.0549978 0.0554398 0.0545559 0.00888011 0.0103408 0.00741937 0.0163703 0.000441979 0.00146073 0.000335519 0.00023735
0.654135 0.0532367 0.0536627 0.0528106 0.00851746 0.00992459 0.00711033 0.0159763 0.000426052 0.00140713 0.00032413 0.000230064
0.657526 0.0515042 0.0519148 0.0510936 0.00816544 0.00952049 0.0068104 0.0155868 0.000410568 0.00135504 0.000313022 0.000222914
0.660916 0.0498009 0.0501965 0.0494054 0.00782392 0.00912836 0.00651948 0.0152017 0.000395518 0.00130444 0.000302188 0.000215898
0.664307 0.0481271 0.048508 0.0477462 0.00749272 0.00874801 0.00623742 0.0148212 0.000380893 0.00125529 0.000291624 0.000209017
0.667698 0.0464831 0.0468498 0.0461165 0.00717168 0.00837925 0.00596411 0.0144452 0.000366683 0.00120757 0.000281327 0.00020227
0.671089 0.0448692 0.0452221 0.0445163 0.00686066 0.0080219 0.00569942 0.0140739 0.000352879 0.00116124 0.000271291 0.000195657
0.67448 0.0432857 0.0436252 0.0429462 0.00655948 0.00767576 0.0054432 0.0137072 0.000339473 0.00111628 0.000261512 0.000189178
0.677871 0.0417329 0.0420593 0.0414064 0.00626799 0.00734064 0.00519533 0.0133452 0.000326455 0.00107265 0.000251986 0.000182832
0.681261 0.0402109 0.0405247 0.0398971 0.005986 0.00701634 0.00495567 0.012988 0.000313817 0.00103033 0.00024271 0.000176619
0.684652 0.03872 0.0390215 0.0384184 0.00571337 0.00670266 0.00472408 0.0126355 0.000301552 0.000989294 0.000233678 0.000170538
0.688043 0.0372604 0.0375501 0.0369708 0.00544991 0.00639941 0.0045004 0.0122878 0.00028965 0.000949504 0.000224887 0.000164588
0.691434 0.0358324 0.0361105 0.0355543 0.00519545 0.00610639 0.00428451 0.011945 0.000278104 0.000910939 0.000216333 0.000158769
0.694825 0.0344359 0.0347028 0.034169 0.00494982 0.00582339 0.00407625 0.011607 0.000266906 0.00087357 0.000208012 0.000153081
0.698216 0.0330712 0.0333273 0.0328152 0.00471284 0.00555022 0.00387547 0.011274 0.000256049 0.000837371 0.00019992 0.000147523
0.701606 0.0317384 0.0319839 0.0314929 0.00448434 0.00528666 0.00368202 0.0109458 0.000245524 0.000802317 0.000192053 0.000142093
0.704997 0.0304375 0.0306728 0.0302022 0.00426414 0.00503252 0.00349575 0.0106227 0.000235326 0.000768382 0.000184408 0.000136791
0.708388 0.0291686 0.0293941 0.0289432 0.00405205 0.00478759 0.00331651 0.0103045 0.000225445 0.00073554 0.00017698 0.000131617
0.711779 0.0279317 0.0281476 0.0277159 0.00384791 0.00455168 0.00314414 0.00999141 0.000215877 0.000703766 0.000169766 0.000126569
0.71517 0.0267269 0.0269335 0.0265203 0.00365153 0.00432456 0.00297849 0.00968334 0.000206613 0.000673037 0.000162762 0.000121647
0.718561 0.025554 0.0257516 0.0253563 0.00346273 0.00410605 0.0028194 0.00938035 0.000197647 0.000643327 0.000155965 0.000116849
0.721951 0.0244131 0.024602 0.0242241 0.00328133 0.00389594 0.00266671 0.00908246 0.000188972 0.000614614 0.00014937 0.000112174
0.725342 0.023304 0.0234846 0.0231234 0.00310715 0.00369402 0.00252028 0.00878969 0.000180581 0.000586873 0.000142975 0.000107622
0.728733 0.0222267 0.0223992 0.0220542 0.00294001 0.0035001 0.00237993 0.00850207 0.000172469 0.000560083 0.000136776 0.000103192
0.732124 0.0211811 0.0213457 0.0210164 0.00277974 0.00331396 0.00224552 0.0082196 0.000164629 0.000534219 0.000130768 9.88817e-05
0.735515 0.0201669 0.020324 0.0200098 0.00262615 0.00313541 0.00211689 0.00794231 0.000157054 0.000509261 0.00012495 9.46906e-05
0.738906 0.019184 0.0193338 0.0190343 0.00247907 0.00296425 0.00199388 0.00767021 0.000149739 0.000485185 0.000119317 9.06175e-05
0.742296 0.0182323 0.018375 0.0180896 0.00233831 0.00280028 0.00187634 0.00740332 0.000142677 0.00046197 0.000113865 8.6661e-05
0.745687 0.0173114 0.0174473 0.0171755 0.00220371 0.0026433 0.00176411 0.00714164 0.000135864 0.000439596 0.000108592 8.282e-05
0.749078 0.0164211 0.0165504 0.0162918 0.00207508 0.00249312 0.00165704 0.00688518 0.000129291 0.000418041 0.000103493 7.9093e-05
0.752469 0.0155612 0.0156842 0.0154382 0.00195225 0.00234953 0.00155496 0.00663395 0.000122955 0.000397284 9.85665e-05 7.54788e-05
0.75586 0.0147313 0.0148481 0.0146144 0.00183505 0.00221235 0.00145774 0.00638795 0.00011685 0.000377306 9.38078e-05 7.19759e-05
0.759251 0.0139311 0.0140421 0.0138201 0.0017233 0.00208139 0.00136522 0.00614719 0.000110969 0.000358085 8.92138e-05 6.85829e-05
0.762641 0.0131603 0.0132656 0.0130549 0.00161684 0.00195645 0.00127724 0.00591167 0.000105308 0.000339604 8.47812e-05 6.52983e-05
0.766032 0.0124184 0.0125182 0.0123185 0.0015155 0.00183734 0.00119366 0.00568138 9.98611e-05 0.000321841 8.05067e-05 6.21208e-05
0.769423 0.0117051 0.0117997 0.0116105 0.00141911 0.00172389 0.00111433 0.00545632 9.46228e-05 0.000304779 7.6387e-05 5.90487e-05
0.772814 0.01102 0.0111096 0.0109304 0.00132751 0.00161591 0.00103911 0.00523649 8.95879e-05 0.000288398 7.24188e-05 5.60804e-05
0.776205 0.0103625 0.0104473 0.0102778 0.00124053 0.00151321 0.000967848 0.00502187 8.47514e-05 0.000272679 6.85989e-05 5.32145e-05
0.779596 0.00973238 0.00981248 0.00965227 0.00115801 0.00141562 0.000900406 0.00481246 8.01082e-05 0.000257606 6.4924e-05 5.04492e-05
0.782986 0.00912898 0.00920464 0.00905333 0.0010798 0.00132296 0.000836641 0.00460823 7.56532e-05 0.000243159 6.13908e-05 4.77829e-05
0.786377 0.00855187 0.00862325 0.00848049 0.00100574 0.00123506 0.000776417 0.00440919 7.13816e-05 0.000229322 5.79963e-05 4.5214e-05
0.789768 0.0080005 0.00806779 0.00793321 0.000935674 0.00115175 0.000719597 0.0042153 6.72883e-05 0.000216077 5.47371e-05 4.27408e-05
0.793159 0.00747436 0.00753773 0.00741099 0.000869454 0.00107286 0.000666048 0.00402655 6.33687e-05 0.000203406 5.161e-05 4.03615e-05
0.79655 0.00697288 0.0070325 0.00691326 0.000806931 0.000998225 0.000615637 0.00384292 5.96179e-05 0.000191294 4.8612e-05 3.80744e-05
0.799941 0.0064955 0.00655154 0.00643947 0.00074796 0.000927682 0.000568237 0.00366438 5.60314e-05 0.000179723 4.57399e-05 3.58777e-05
0.803332 0.00604165 0.00609425 0.00598904 0.000692396 0.000861074 0.000523719 0.0034909 5.26044e-05 0.000168678 4.29905e-05 3.37696e-05
0.806722 0.00561071 0.00566005 0.00556138 0.000640102 0.000798244 0.000481961 0.00332246 4.93324e-05 0.000158142 4.03608e-05 3.17484e-05
0.810113 0.0052021 0.00524831 0.00515589 0.000590939 0.000739039 0.00044284 0.00315903 4.62109e-05 0.000148099 3.78477e-05 2.98121e-05
0.813504 0.00481519 0.00485843 0.00477196 0.000544774 0.000683309 0.000406238 0.00300056 4.32356e-05 0.000138535 3.5448e-05 2.7959e-05
0.816895 0.00444936 0.00448976 0.00440896 0.000501475 0.000630909 0.00037204 0.00284703 4.04019e-05 0.000129435 3.31588e-05 2.61872e-05
0.820286 0.00410396 0.00414167 0.00406626 0.000460913 0.000581695 0.000340131 0.00269839 3.77057e-05 0.000120782 3.09769e-05 2.44948e-05
0.823677 0.00377837 0.00381351 0.00374323 0.000422965 0.000535528 0.000310402 0.0025546 3.51426e-05 0.000112563 2.88995e-05 2.28799e-05
0.827067 0.00347193 0.00350463 0.00343922 0.000387508 0.000492271 0.000282745 0.00241562 3.27085e-05 0.000104763 2.69234e-05 2.13406e-05
0.830458 0.00318398 0.00321438 0.00315358 0.000354423 0.000451792 0.000257055 0.00228141 3.03992e-05 9.73683e-05 2.50458e-05 1.98749e-05
0.833849 0.00291387 0.00294209 0.00288566 0.000323595 0.00041396 0.000233231 0.00215191 2.82107e-05 9.03644e-05 2.32636e-05 1.84811e-05
0.83724 0.00266095 0.00268709 0.00263481 0.000294911 0.000378649 0.000211174 0.00202707 2.61388e-05 8.37378e-05 2.1574e-05 1.71571e-05
0.840631 0.00242455 0.00244873 0.00240037 0.000268263 0.000345738 0.000190787 0.00190684 2.41797e-05 7.74752e-05 1.9974e-05 1.5901e-05
0.844022 0.002204 0.00222633 0.00218168 0.000243543 0.000315106 0.00017198 0.00179117 2.23295e-05 7.15634e-05 1.84608e-05 1.47109e-05
0.847412 0.00199867 0.00201925 0.00197808 0.00022065 0.000286639 0.000154661 0.00168 2.05842e-05 6.59893e-05 1.70315e-05 1.35848e-05
0.850803 0.00180788 0.00182682 0.00178894 0.000199484 0.000260224 0.000138743 0.00157327 1.89402e-05 6.07403e-05 1.56833e-05 1.25208e-05
0.854194 0.00163098 0.00164838 0.00161359 0.000179948 0.000235752 0.000124144 0.00147091 1.73936e-05 5.5804e-05 1.44133e-05 1.15169e-05
0.857585 0.00146734 0.00148328 0.0014514 0.000161951 0.000213119 0.000110783 0.00137286 1.59408e-05 5.1168e-05 1.32189e-05 1.05712e-05
0.860976 0.0013163 0.00133088 0.00130172 0.000145401 0.000192221 9.85807e-05 0.00127906 1.45781e-05 4.68204e-05 1.20972e-05 9.68176e-06
0.864367 0.00117724 0.00119054 0.00116394 0.000130213 0.000172962 8.74635e-05 0.00118944 1.3302e-05 4.27494e-05 1.10455e-05 8.84662e-06
0.867757 0.00104953 0.00106164 0.00103742 0.000116303 0.000155246 7.73593e-05 0.00110391 1.21091e-05 3.89435e-05 1.00612e-05 8.06385e-06
0.871148 0.000932562 0.000943557 0.000921566 0.000103591 0.000138982 6.81993e-05 0.00102242 1.09957e-05 3.53913e-05 9.14156e-06 7.33153e-06
0.874539 0.000825725 0.000835683 0.000815766 9.19994e-05 0.000124081 5.99175e-05 0.000944891 9.95858e-06 3.20819e-05 8.28398e-06 6.64775e-06
0.87793 0.00072843 0.000737425 0.000719436 8.14552e-05 0.00011046 5.24509e-05 0.000871235 8.99437e-06 2.90043e-05 7.48586e-06 6.0106e-06
0.881321 0.0006401 0.0006482 0.000632 7.18872e-05 9.80352e-05 4.57393e-05 0.000801379 8.09979e-06 2.6148e-05 6.74464e-06 5.41818e-06
0.884712 0.000560169 0.00056744 0.000552897 6.32277e-05 8.67301e-05 3.97252e-05 0.00073524 7.27163e-06 2.35025e-05 6.05781e-06 4.86862e-06
0.888102 0.000488086 0.000494593 0.00048158 5.54118e-05 7.64694e-05 3.43541e-05 0.000672735 6.50673e-06 2.10577e-05 5.42287e-06 4.36005e-06
0.891493 0.000423319 0.000429121 0.000417517 4.83778e-05 6.71814e-05 2.95742e-05 0.000613778 5.80199e-06 1.88036e-05 4.83737e-06 3.89063e-06
0.894884 0.000365348 0.000370503 0.000360194 4.20669e-05 5.87976e-05 2.53363e-05 0.000558282 5.15439e-06 1.67306e-05 4.29891e-06 3.45852e-06
0.898275 0.000313674 0.000318235 0.000309113 3.64232e-05 5.12524e-05 2.1594e-05 0.000506157 4.56095e-06 1.48292e-05 3.8051e-06 3.06192e-06
0.901666 0.000267813 0.000271831 0.000263794 3.13934e-05 4.44835e-05 1.83033e-05 0.000457313 4.01876e-06 1.30901e-05 3.35362e-06 2.69904e-06
0.905057 0.000227299 0.000230824 0.000223774 2.69271e-05 3.84314e-05 1.54228e-05 0.000411655 3.52497e-06 1.15043e-05 2.94218e-06 2.36811e-06
0.908447 0.000191688 0.000194765 0.000188611 2.29767e-05 3.30397e-05 1.29137e-05 0.00036909 3.07682e-06 1.0063e-05 2.56853e-06 2.0674e-06
0.911838 0.000160553 0.000163225 0.000157882 1.94971e-05 2.82547e-05 1.07395e-05 0.000329521 2.67157e-06 8.75763e-06 2.23047e-06 1.79519e-06
0.915229 0.000133489 0.000135796 0.000131182 1.6446e-05 2.40258e-05 8.86613e-06 0.000292849 2.30657e-06 7.57984e-06 1.92585e-06 1.5498e-06
0.91862 0.000110108 0.000112087 0.000108129 1.37834e-05 2.03049e-05 7.26186e-06 0.000258975 1.97925e-06 6.52151e-06 1.65255e-06 1.32957e-06
0.922011 9.00451e-05 9.17322e-05 8.8358e-05 1.14718e-05 1.70466e-05 5.8971e-06 0.000227797 1.68709e-06 5.57475e-06 1.40853e-06 1.13289e-06
0.925402 7.2955e-05 7.43826e-05 7.15273e-05 9.47638e-06 1.42083e-05 4.74448e-06 0.000199212 1.42763e-06 4.7319e-06 1.19176e-06 9.58154e-07
0.928792 5.85133e-05 5.97118e-05 5.73148e-05 7.76421e-06 1.17497e-05 3.77868e-06 0.000173116 1.1985e-06 3.98553e-06 1.0003e-06 8.03819e-07
0.932183 4.64165e-05 4.74139e-05 4.54191e-05 6.30491e-06 9.63334e-06 2.97648e-06 0.000149404 9.97387e-07 3.32843e-06 8.32237e-07 6.68364e-07
0.935574 3.63815e-05 3.72036e-05 3.55595e-05 5.07017e-06 7.82382e-06 2.31653e-06 0.000127968 8.22063e-07 2.75365e-06 6.85723e-07 5.50311e-07
0.938965 2.81463e-05 2.88167e-05 2.7476e-05 4.03384e-06 6.28828e-06 1.77941e-06 0.000108699 6.70362e-07 2.25443e-06 5.58964e-07 4.48222e-07
0.942356 2.14691e-05 2.20093e-05 2.09289e-05 3.17178e-06 4.99608e-06 1.34748e-06 9.14889e-05 5.40196e-07 1.8243e-06 4.50226e-07 3.60702e-07
0.945747 1.61282e-05 1.65577e-05 1.56986e-05 2.46181e-06 3.91879e-06 1.00484e-06 7.62268e-05 4.29555e-07 1.45698e-06 3.57833e-07 2.864e-07
0.949137 1.19219e-05 1.22584e-05 1.15854e-05 1.88365e-06 3.0301e-06 7.37203e-07 6.28012e-05 3.36505e-07 1.14645e-06 2.80171e-07 2.24011e-07
0.952528 8.66799e-06 8.92719e-06 8.4088e-06 1.41882e-06 2.30576e-06 5.3188e-07 5.11e-05 2.59193e-07 8.86938e-07 2.1569e-07 1.7228e-07
0.955919 6.2033e-06 6.39915e-06 6.00745e-06 1.05057e-06 1.72349e-06 3.77657e-07 4.10106e-05 1.95846e-07 6.72915e-07 1.62905e-07 1.30002e-07
0.95931 4.38306e-06 4.52784e-06 4.23829e-06 7.63834e-07 1.26293e-06 2.64734e-07 3.242e-05 1.44776e-07 4.991e-07 1.20398e-07 9.60253e-08
0.962701 3.08057e-06 3.18495e-06 2.97619e-06 5.45116e-07 9.05586e-07 1.84645e-07 2.52155e-05 1.04378e-07 3.6047e-07 8.68216e-08 6.92524e-08
0.966092 2.18654e-06 2.25967e-06 2.1134e-06 3.82451e-07 6.34712e-07 1.30189e-07 1.92851e-05 7.31375e-08 2.52262e-07 6.09017e-08 4.86448e-08
0.969482 1.60872e-06 1.65835e-06 1.55909e-06 2.65342e-07 4.35321e-07 9.53628e-08 1.45188e-05 4.96297e-08 1.69979e-07 4.14381e-08 3.32243e-08
0.972873 1.27176e-06 1.30428e-06 1.23924e-06 1.84724e-07 2.94126e-07 7.5322e-08 1.08105e-05 3.25231e-08 1.09402e-07 2.73089e-08 2.20754e-08
0.976264 1.11769e-06 1.13828e-06 1.09711e-06 1.32975e-07 1.99567e-07 6.63822e-08 8.06234e-06 2.05824e-08 6.65926e-08 1.74729e-08 1.43487e-08
0.979655 1.10863e-06 1.1213e-06 1.09596e-06 1.04062e-07 1.41972e-07 6.61522e-08 6.19432e-06 1.26714e-08 3.79097e-08 1.09718e-08 9.26243e-09
0.983046 1.23602e-06 1.24378e-06 1.22827e-06 9.409e-08 1.14108e-07 7.40718e-08 5.1711e-06 7.7543e-09 2.00182e-08 6.93136e-09 6.10283e-09
0.986437 1.55914e-06 1.56403e-06 1.55426e-06 1.03613e-07 1.13516e-07 9.37104e-08 5.09753e-06 4.88859e-09 9.90278e-09 4.55336e-09 4.21548e-09
0.989827 2.48569e-06 2.48886e-06 2.48252e-06 1.5454e-07 1.59405e-07 1.49674e-07 6.76521e-06 3.17125e-09 4.86546e-09 3.05843e-09 2.94459e-09
0.993218 1.14154e-05 1.14158e-05 1.14151e-05 6.91194e-07 6.94159e-07 6.88229e-07 3.91062e-05 3.49131e-10 2.96512e-09 1.7544e-10 0
4.27812e-314 inf inf inf inf inf inf 0.00010528 7.72449 0.308042 0.18151 0.11048
