9.72476e-05 7.52783 8.08724 6.96841 3.28746 3.63819 2.93673 13.4054 0.559417 0.350727 0.189422 0.180233
0.0001 7.48132 8.03887 6.92378 3.26701 3.61632 2.91771 13.2821 0.557546 0.349306 0.188049 0.178761
0.00010283 7.43544 7.99112 6.87975 3.24683 3.59473 2.89894 13.1598 0.555684 0.347895 0.186686 0.177298
0.000105741 7.39135 7.94518 6.83752 3.22743 3.57393 2.88094 13.0383 0.553831 0.346492 0.185334 0.175844
0.000108734 7.34462 7.8966 6.79263 3.2069 3.552 2.8618 12.9178 0.551987 0.345098 0.183992 0.1744
0.000111811 7.29814 7.84829 6.74799 3.18648 3.5302 2.84277 12.7981 0.550152 0.343714 0.182661 0.172965
0.000114976 7.25191 7.80023 6.70358 3.16617 3.50851 2.82383 12.6794 0.548325 0.342339 0.18134 0.171539
0.00011823 7.20592 7.75243 6.65942 3.14598 3.48695 2.805 12.5615 0.546506 0.340972 0.180029 0.170123
0.000121576 7.16018 7.70488 6.61549 3.12589 3.4655 2.78627 12.4445 0.544697 0.339615 0.178729 0.168715
0.000125017 7.11469 7.65759 6.57179 3.10591 3.44418 2.76765 12.3285 0.542895 0.338266 0.177438 0.167317
0.000128556 7.06944 7.61054 6.52833 3.08605 3.42297 2.74912 12.2133 0.541102 0.336927 0.176158 0.165928
0.000132194 7.02443 7.56375 6.48511 3.0663 3.40189 2.7307 12.0989 0.539317 0.335596 0.174888 0.164548
0.000135936 6.97966 7.5172 6.44212 3.04665 3.38092 2.71237 11.9854 0.537541 0.334274 0.173628 0.163176
0.000139783 6.93513 7.4709 6.39936 3.02711 3.36007 2.69415 11.8728 0.535772 0.33296 0.172378 0.161814
0.000143739 6.89085 7.42486 6.35684 3.00768 3.33934 2.67603 11.761 0.534012 0.331655 0.171138 0.160461
0.000147808 6.8468 7.37905 6.31454 2.98836 3.31872 2.658 11.6501 0.53226 0.330359 0.169908 0.159116
0.000151991 6.80298 7.3335 6.27247 2.96914 3.29821 2.64007 11.54 0.530515 0.329071 0.168687 0.15778
0.000156293 6.7594 7.28818 6.23063 2.95003 3.27782 2.62224 11.4308 0.528778 0.327792 0.167477 0.156453
0.000160717 6.71606 7.24311 6.18901 2.93103 3.25755 2.60451 11.3224 0.52705 0.326521 0.166277 0.155134
0.000165265 6.67295 7.19828 6.14762 2.91213 3.23739 2.58687 11.2148 0.525328 0.325258 0.165086 0.153824
0.000169943 6.63008 7.15369 6.10646 2.89334 3.21734 2.56934 11.108 0.523615 0.324004 0.163905 0.152523
0.000174753 6.58743 7.10934 6.06552 2.87465 3.19741 2.55189 11.0021 0.521909 0.322758 0.162734 0.151231
0.000179699 6.54501 7.06522 6.0248 2.85607 3.17759 2.53455 10.897 0.52021 0.32152 0.161573 0.149946
0.000184785 6.50283 7.02135 5.98431 2.83759 3.15788 2.5173 10.7926 0.518519 0.32029 0.160421 0.148671
0.000190015 6.46087 6.9777 5.94403 2.81921 3.13828 2.50014 10.6891 0.516835 0.319069 0.159279 0.147403
0.000195393 6.41914 6.93429 5.90398 2.80094 3.11879 2.48308 10.5864 0.515159 0.317855 0.158147 0.146145
0.000200923 6.37763 6.89112 5.86414 2.78277 3.09942 2.46612 10.4844 0.513489 0.31665 0.157024 0.144894
0.00020661 6.33635 6.84818 5.82452 2.7647 3.08015 2.44924 10.3833 0.511827 0.315452 0.15591 0.143652
0.000212458 6.29529 6.80546 5.78512 2.74673 3.06099 2.43246 10.2829 0.510172 0.314263 0.154806 0.142418
0.000218471 6.25446 6.76299 5.74594 2.72886 3.04194 2.41578 10.1833 0.508523 0.313081 0.153712 0.141192
0.000224655 6.21385 6.72074 5.70697 2.71109 3.023 2.39919 10.0844 0.506882 0.311907 0.152627 0.139974
0.000231013 6.17346 6.67871 5.66821 2.69342 3.00416 2.38268 9.98638 0.505247 0.31074 0.151552 0.138765
0.000237551 6.13329 6.63691 5.62968 2.67586 2.98544 2.36628 9.88907 0.503619 0.309582 0.150486 0.137563
0.000244275 6.09334 6.59534 5.59134 2.65839 2.96682 2.34996 9.79252 0.501997 0.308431 0.149429 0.13637
0.000251189 6.05361 6.55399 5.55322 2.64102 2.94831 2.33373 9.69671 0.500383 0.307288 0.148381 0.135184
0.000258298 6.01409 6.51287 5.51532 2.62375 2.9299 2.31759 9.60165 0.498774 0.306152 0.147343 0.134007
0.000265609 5.97479 6.47196 5.47762 2.60657 2.91159 2.30155 9.50733 0.497172 0.305023 0.146314 0.132837
0.000273126 5.9357 6.43128 5.44012 2.58949 2.89339 2.28559 9.41375 0.495576 0.303902 0.145294 0.131676
0.000280857 5.89683 6.39082 5.40285 2.57251 2.8753 2.26972 9.32089 0.493986 0.302789 0.144283 0.130522
0.000288806 5.85818 6.35058 5.36577 2.55563 2.85731 2.25395 9.22877 0.492403 0.301683 0.143282 0.129376
0.00029698 5.81972 6.31055 5.3289 2.53884 2.83942 2.23825 9.13737 0.490825 0.300584 0.14229 0.128238
0.000305386 5.78149 6.27074 5.29224 2.52215 2.82164 2.22265 9.04667 0.489254 0.299492 0.141306 0.127107
0.000314029 5.74346 6.23115 5.25577 2.50555 2.80395 2.20714 8.9567 0.487688 0.298407 0.140332 0.125984
0.000322917 5.70564 6.19177 5.21951 2.48904 2.78637 2.19171 8.86743 0.486128 0.29733 0.139367 0.124869
0.000332057 5.66803 6.1526 5.18346 2.47263 2.76889 2.17637 8.77887 0.484574 0.29626 0.138411 0.123761
0.000341455 5.63063 6.11365 5.1476 2.45632 2.75151 2.16112 8.691 0.483025 0.295196 0.137463 0.122661
0.000351119 5.59343 6.07491 5.11195 2.44009 2.73423 2.14595 8.60383 0.481482 0.29414 0.136525 0.121568
0.000361057 5.55643 6.03638 5.07649 2.42396 2.71705 2.13087 8.51734 0.479944 0.293091 0.135596 0.120483
0.000371276 5.51965 5.99806 5.04124 2.40793 2.69997 2.11588 8.43154 0.478412 0.292048 0.134675 0.119406
0.000381784 5.48306 5.95994 5.00618 2.39198 2.68299 2.10097 8.34643 0.476885 0.291012 0.133763 0.118335
0.00039259 5.44667 5.92204 4.97131 2.37612 2.66611 2.08614 8.26198 0.475363 0.289983 0.13286 0.117273
0.000403702 5.41049 5.88434 4.93664 2.36036 2.64932 2.0714 8.17821 0.473845 0.288961 0.131966 0.116217
0.000415128 5.37451 5.84684 4.90217 2.34469 2.63263 2.05674 8.09511 0.472333 0.287945 0.131081 0.115169
0.000426877 5.33872 5.80955 4.86789 2.3291 2.61604 2.04217 8.01267 0.470826 0.286936 0.130204 0.114128
0.000438959 5.30313 5.77246 4.83381 2.31361 2.59954 2.02768 7.93088 0.469323 0.285934 0.129336 0.113094
0.000451383 5.26774 5.73557 4.79992 2.29821 2.58314 2.01327 7.84976 0.467826 0.284938 0.128476 0.112067
0.000464159 5.23255 5.69888 4.76622 2.28289 2.56684 1.99894 7.76928 0.466332 0.283948 0.127626 0.111048
0.000477296 5.19755 5.6624 4.73271 2.26766 2.55063 1.9847 7.68944 0.464843 0.282965 0.126783 0.110036
0.000490805 5.16274 5.6261 4.69939 2.25252 2.53451 1.97054 7.61026 0.463359 0.281988 0.12595 0.10903
0.000504697 5.12813 5.59001 4.66626 2.23747 2.51849 1.95646 7.5317 0.461878 0.281018 0.125125 0.108032
0.000518981 5.09372 5.55412 4.63331 2.22251 2.50256 1.94246 7.45378 0.460402 0.280053 0.124308 0.107041
0.00053367 5.05949 5.51842 4.60056 2.20763 2.48673 1.92854 7.37649 0.45893 0.279095 0.1235 0.106056
0.000548775 5.02545 5.48291 4.56799 2.19284 2.47098 1.9147 7.29982 0.457461 0.278143 0.1227 0.105079
0.000564307 4.9916 5.4476 4.53561 2.17814 2.45533 1.90094 7.22377 0.455997 0.277197 0.121909 0.104109
0.000580278 4.95794 5.41248 4.50341 2.16352 2.43977 1.88726 7.14834 0.454536 0.276257 0.121126 0.103145
0.000596702 4.92447 5.37755 4.47139 2.14898 2.42431 1.87366 7.07352 0.453079 0.275323 0.120351 0.102188
0.000613591 4.89118 5.34281 4.43956 2.13453 2.40893 1.86014 6.99931 0.451625 0.274395 0.119584 0.101238
0.000630957 4.85808 5.30826 4.40791 2.12017 2.39364 1.8467 6.92571 0.450174 0.273472 0.118826 0.100295
0.000648815 4.82517 5.2739 4.37644 2.10589 2.37844 1.83333 6.8527 0.448727 0.272556 0.118077 0.0993585
0.000667179 4.79244 5.23972 4.34515 2.09169 2.36333 1.82004 6.78029 0.447283 0.271645 0.117335 0.0984286
0.000686062 4.75989 5.20573 4.31405 2.07757 2.34831 1.80683 6.70847 0.445842 0.27074 0.116601 0.0975054
0.00070548 4.72752 5.17193 4.28312 2.06354 2.33338 1.7937 6.63725 0.444404 0.26984 0.115876 0.0965888
0.000725448 4.69534 5.13831 4.25237 2.04959 2.31854 1.78065 6.5666 0.442968 0.268946 0.115159 0.0956789
0.00074598 4.66333 5.10487 4.2218 2.03572 2.30378 1.76767 6.49654 0.441535 0.268058 0.11445 0.0947754
0.000767094 4.63151 5.07161 4.1914 2.02194 2.28911 1.75476 6.42706 0.440105 0.267175 0.113749 0.0938786
0.000788805 4.59986 5.03854 4.16118 2.00823 2.27453 1.74194 6.35814 0.438677 0.266297 0.113055 0.0929882
0.000811131 4.56839 5.00564 4.13114 1.99461 2.26003 1.72918 6.2898 0.437251 0.265425 0.11237 0.0921042
0.000834088 4.5371 4.97292 4.10127 1.98107 2.24562 1.71651 6.22203 0.435828 0.264558 0.111693 0.0912267
0.000857696 4.50598 4.94038 4.07157 1.9676 2.2313 1.70391 6.15481 0.434406 0.263696 0.111024 0.0903555
0.000881971 4.47504 4.90802 4.04205 1.95422 2.21706 1.69138 6.08816 0.432986 0.262839 0.110362 0.0894907
0.000906934 4.44427 4.87583 4.0127 1.94091 2.2029 1.67892 6.02206 0.431568 0.261987 0.109709 0.0886322
0.000932603 4.41367 4.84382 3.98352 1.92768 2.18883 1.66654 5.9565 0.430152 0.26114 0.109063 0.08778
0.000958999 4.38324 4.81198 3.95451 1.91454 2.17483 1.65424 5.8915 0.428737 0.260299 0.108425 0.0869341
0.000986142 4.35299 4.78032 3.92567 1.90147 2.16093 1.642 5.82704 0.427323 0.259462 0.107795 0.0860944
0.00101405 4.32291 4.74882 3.897 1.88847 2.1471 1.62984 5.76312 0.425911 0.25863 0.107172 0.0852609
0.00104275 4.29299 4.71749 3.86849 1.87556 2.13336 1.61776 5.69974 0.424499 0.257803 0.106557 0.0844336
0.00107227 4.26325 4.68634 3.84016 1.86272 2.1197 1.60574 5.63688 0.423089 0.25698 0.105949 0.0836124
0.00110262 4.23367 4.65535 3.81199 1.84996 2.10612 1.59379 5.57456 0.421679 0.256162 0.10535 0.0827973
0.00113382 4.20426 4.62453 3.78399 1.83727 2.09262 1.58192 5.51277 0.420269 0.255349 0.104757 0.0819882
0.00116591 4.17501 4.59387 3.75615 1.82466 2.0792 1.57012 5.4515 0.41886 0.25454 0.104172 0.0811852
0.00119891 4.14593 4.56338 3.72848 1.81212 2.06586 1.55839 5.39074 0.417452 0.253735 0.103595 0.0803882
0.00123285 4.11701 4.53306 3.70097 1.79966 2.0526 1.54673 5.33051 0.416043 0.252935 0.103025 0.0795972
0.00126774 4.08826 4.5029 3.67363 1.78728 2.03942 1.53514 5.27078 0.414634 0.252139 0.102462 0.0788122
0.00130362 4.05967 4.4729 3.64645 1.77497 2.02632 1.52362 5.21156 0.413226 0.251348 0.101907 0.0780331
0.00134052 4.03124 4.44305 3.61942 1.76273 2.01329 1.51217 5.15285 0.411816 0.25056 0.101359 0.0772598
0.00137846 4.00297 4.41338 3.59256 1.75057 2.00034 1.50079 5.09464 0.410406 0.249777 0.100818 0.0764924
0.00141747 3.97486 4.38385 3.56586 1.73847 1.98747 1.48948 5.03693 0.408996 0.248998 0.100284 0.0757308
0.00145759 3.94691 4.35449 3.53932 1.72646 1.97468 1.47823 4.97971 0.407584 0.248222 0.0997579 0.0749751
0.00149885 3.91911 4.32529 3.51294 1.71451 1.96196 1.46706 4.92299 0.406172 0.247451 0.0992384 0.074225
0.00154127 3.89148 4.29624 3.48672 1.70264 1.94932 1.45595 4.86675 0.404758 0.246683 0.098726 0.0734808
0.00158489 3.864 4.26734 3.46065 1.69083 1.93675 1.44491 4.811 0.403343 0.245919 0.0982205 0.0727422
0.00162975 3.83667 4.2386 3.43474 1.6791 1.92426 1.43394 4.75573 0.401926 0.245158 0.097722 0.0720093
0.00167588 3.8095 4.21001 3.40899 1.66744 1.91184 1.42304 4.70094 0.400507 0.244402 0.0972303 0.0712821
0.00172331 3.78248 4.18157 3.38339 1.65585 1.8995 1.4122 4.64663 0.399087 0.243648 0.0967454 0.0705605
0.00177209 3.75561 4.15328 3.35795 1.64433 1.88723 1.40143 4.59279 0.397664 0.242898 0.0962673 0.0698445
0.00182224 3.7289 4.12514 3.33266 1.63288 1.87503 1.39073 4.53942 0.396239 0.242152 0.0957959 0.069134
0.00187382 3.70234 4.09715 3.30753 1.6215 1.86291 1.38009 4.48652 0.394811 0.241408 0.0953312 0.068429
0.00192685 3.67592 4.0693 3.28254 1.61019 1.85085 1.36952 4.43408 0.39338 0.240668 0.094873 0.0677296
0.00198139 3.64966 4.04161 3.25771 1.59894 1.83887 1.35901 4.3821 0.391947 0.239931 0.0944214 0.0670356
0.00203747 3.62355 4.01406 3.23303 1.58777 1.82696 1.34857 4.33058 0.39051 0.239197 0.0939763 0.0663471
0.00209514 3.59758 3.98665 3.20851 1.57666 1.81513 1.3382 4.27951 0.38907 0.238466 0.0935375 0.065664
0.00215443 3.57175 3.95938 3.18413 1.56562 1.80336 1.32788 4.22889 0.387627 0.237737 0.0931051 0.0649863
0.00221541 3.54608 3.93226 3.1599 1.55465 1.79166 1.31764 4.17873 0.38618 0.237011 0.092679 0.0643139
0.00227812 3.52055 3.90528 3.13582 1.54374 1.78003 1.30745 4.129 0.384728 0.236288 0.092259 0.0636469
0.00234259 3.49516 3.87843 3.11189 1.5329 1.76847 1.29733 4.07973 0.383273 0.235568 0.0918452 0.0629852
0.0024089 3.46992 3.85173 3.0881 1.52213 1.75698 1.28728 4.03089 0.381813 0.23485 0.0914375 0.0623287
0.00247708 3.44481 3.82516 3.06447 1.51142 1.74556 1.27729 3.98248 0.380348 0.234134 0.0910358 0.0616775
0.00254719 3.41985 3.79873 3.04097 1.50078 1.7342 1.26736 3.93451 0.378879 0.233421 0.0906399 0.0610315
0.00261928 3.39503 3.77244 3.01763 1.4902 1.72291 1.25749 3.88697 0.377404 0.23271 0.0902499 0.0603907
0.00269341 3.37035 3.74628 2.99443 1.47969 1.71169 1.24769 3.83986 0.375925 0.232001 0.0898657 0.0597551
0.00276965 3.34581 3.72025 2.97137 1.46924 1.70053 1.23795 3.79318 0.374439 0.231294 0.0894871 0.0591245
0.00284804 3.32141 3.69435 2.94846 1.45886 1.68944 1.22827 3.74692 0.372948 0.230588 0.0891142 0.0584991
0.00292864 3.29714 3.66859 2.92569 1.44853 1.67842 1.21865 3.70107 0.371451 0.229885 0.0887468 0.0578787
0.00301153 3.27301 3.64296 2.90306 1.43828 1.66746 1.20909 3.65565 0.369947 0.229183 0.0883847 0.0572634
0.00309677 3.24902 3.61745 2.88058 1.42808 1.65656 1.1996 3.61064 0.368437 0.228483 0.088028 0.0566531
0.00318442 3.22515 3.59207 2.85823 1.41795 1.64573 1.19016 3.56603 0.36692 0.227784 0.0876766 0.0560479
0.00327455 3.20143 3.56682 2.83603 1.40788 1.63496 1.18079 3.52184 0.365396 0.227087 0.0873303 0.0554475
0.00336723 3.17783 3.5417 2.81397 1.39787 1.62426 1.17148 3.47806 0.363865 0.226391 0.0869891 0.0548521
0.00346253 3.15437 3.5167 2.79204 1.38792 1.61362 1.16222 3.43468 0.362327 0.225696 0.0866528 0.0542616
0.00356053 3.13104 3.49182 2.77026 1.37803 1.60304 1.15303 3.3917 0.36078 0.225002 0.0863214 0.053676
0.00366131 3.10784 3.46707 2.74861 1.36821 1.59252 1.1439 3.34912 0.359226 0.224309 0.0859947 0.0530952
0.00376494 3.08477 3.44243 2.72711 1.35844 1.58206 1.13482 3.30693 0.357663 0.223617 0.0856727 0.0525192
0.0038715 3.06182 3.41792 2.70573 1.34874 1.57166 1.12581 3.26514 0.356092 0.222925 0.0853552 0.051948
0.00398107 3.03901 3.39352 2.6845 1.33909 1.56132 1.11685 3.22373 0.354512 0.222234 0.0850421 0.0513816
0.00409375 3.01632 3.36925 2.6634 1.3295 1.55105 1.10796 3.18272 0.352923 0.221544 0.0847333 0.0508199
0.00420962 2.99376 3.34509 2.64244 1.31997 1.54083 1.09912 3.14209 0.351325 0.220854 0.0844288 0.050263
0.00432876 2.97133 3.32104 2.62161 1.3105 1.53067 1.09034 3.10184 0.349717 0.220164 0.0841283 0.0497107
0.00445128 2.94901 3.29711 2.60092 1.30109 1.52056 1.08162 3.06197 0.348099 0.219474 0.0838317 0.049163
0.00457727 2.92683 3.2733 2.58036 1.29174 1.51052 1.07295 3.02248 0.34647 0.218784 0.083539 0.04862
0.00470682 2.90476 3.24959 2.55993 1.28244 1.50053 1.06435 2.98337 0.344832 0.218094 0.08325 0.0480815
0.00484003 2.88282 3.226 2.53963 1.2732 1.4906 1.0558 2.94463 0.343183 0.217403 0.0829645 0.0475477
0.00497702 2.86099 3.20252 2.51947 1.26402 1.48073 1.0473 2.90626 0.341522 0.216712 0.0826825 0.0470183
0.00511789 2.83929 3.17914 2.49944 1.25489 1.47091 1.03887 2.86826 0.339851 0.21602 0.0824038 0.0464935
0.00526274 2.81771 3.15588 2.47954 1.24582 1.46115 1.03049 2.83062 0.338168 0.215328 0.0821282 0.0459731
0.0054117 2.79625 3.13272 2.45977 1.2368 1.45144 1.02217 2.79335 0.336473 0.214635 0.0818556 0.0454572
0.00556486 2.7749 3.10966 2.44013 1.22784 1.44178 1.0139 2.75644 0.334766 0.213941 0.0815859 0.0449457
0.00572237 2.75367 3.08672 2.42062 1.21893 1.43218 1.00569 2.71989 0.333046 0.213245 0.0813188 0.0444386
0.00588433 2.73256 3.06387 2.40124 1.21008 1.42263 0.997533 2.68369 0.331314 0.212549 0.0810543 0.0439359
0.00605088 2.71156 3.04113 2.38199 1.20128 1.41313 0.989433 2.64784 0.329569 0.211851 0.0807923 0.0434375
0.00622213 2.69068 3.01849 2.36287 1.19254 1.40369 0.981389 2.61235 0.32781 0.211151 0.0805324 0.0429434
0.00639824 2.66991 2.99595 2.34387 1.18385 1.3943 0.973399 2.57721 0.326039 0.210449 0.0802746 0.0424535
0.00657933 2.64925 2.9735 2.325 1.17521 1.38496 0.965464 2.54242 0.324253 0.209746 0.0800187 0.0419679
0.00676555 2.62871 2.95116 2.30625 1.16662 1.37566 0.957584 2.50797 0.322453 0.20904 0.0797645 0.0414866
0.00695704 2.60827 2.92891 2.28764 1.15809 1.36642 0.949758 2.47386 0.320639 0.208332 0.0795119 0.0410094
0.00715394 2.58795 2.90676 2.26914 1.14961 1.35723 0.941986 2.44009 0.31881 0.207622 0.0792606 0.0405364
0.00735642 2.56774 2.88471 2.25077 1.14118 1.34808 0.934267 2.40666 0.316966 0.206909 0.0790105 0.0400674
0.00756463 2.54764 2.86274 2.23253 1.1328 1.33899 0.926603 2.37357 0.315107 0.206193 0.0787615 0.0396026
0.00777874 2.52764 2.84087 2.21441 1.12447 1.32994 0.918992 2.34081 0.313232 0.205475 0.0785132 0.0391419
0.0079989 2.50775 2.81909 2.19641 1.11619 1.32094 0.911433 2.30838 0.311341 0.204753 0.0782655 0.0386852
0.0082253 2.48797 2.79741 2.17854 1.10796 1.31198 0.903928 2.27629 0.309435 0.204028 0.0780182 0.0382325
0.0084581 2.4683 2.77581 2.16079 1.09978 1.30307 0.896476 2.24451 0.307512 0.203299 0.0777712 0.0377838
0.00869749 2.44873 2.7543 2.14316 1.09164 1.29421 0.889076 2.21307 0.305573 0.202567 0.0775242 0.037339
0.00894366 2.42926 2.73288 2.12565 1.08356 1.28539 0.881729 2.18194 0.303617 0.201831 0.0772769 0.0368982
0.00919679 2.4099 2.71155 2.10826 1.07552 1.27662 0.874434 2.15114 0.301643 0.201091 0.0770293 0.0364612
0.00945709 2.39064 2.6903 2.09099 1.06754 1.26788 0.86719 2.12066 0.299653 0.200347 0.076781 0.0360281
0.00972476 2.37149 2.66913 2.07384 1.0596 1.25919 0.859998 2.09049 0.297644 0.199598 0.0765319 0.0355988
0.01 2.35243 2.64805 2.05681 1.0517 1.25055 0.852857 2.06064 0.295618 0.198845 0.0762817 0.0351733
0.010283 2.33348 2.62705 2.0399 1.04385 1.24194 0.845768 2.0311 0.293574 0.198087 0.0760302 0.0347516
0.0105741 2.31462 2.60614 2.02311 1.03605 1.23338 0.83873 2.00187 0.291511 0.197324 0.0757772 0.0343336
0.0108734 2.29587 2.5853 2.00644 1.0283 1.22485 0.831742 1.97295 0.28943 0.196555 0.0755224 0.0339193
0.0111811 2.27721 2.56454 1.98988 1.02059 1.21637 0.824805 1.94433 0.287331 0.195782 0.0752657 0.0335087
0.0114976 2.25866 2.54387 1.97344 1.01292 1.20792 0.817918 1.91602 0.285212 0.195002 0.0750067 0.0331017
0.011823 2.24019 2.52327 1.95712 1.0053 1.19951 0.811081 1.88801 0.283074 0.194217 0.0747452 0.0326983
0.0121576 2.22183 2.50275 1.94091 0.997719 1.19115 0.804294 1.8603 0.280917 0.193426 0.074481 0.0322985
0.0125017 2.20356 2.4823 1.92482 0.990184 1.18281 0.797556 1.83289 0.27874 0.192628 0.0742139 0.0319022
0.0128556 2.18539 2.46193 1.90885 0.982692 1.17452 0.790868 1.80578 0.276544 0.191824 0.0739436 0.0315095
0.0132194 2.16731 2.44164 1.89298 0.975242 1.16626 0.784229 1.77896 0.274328 0.191013 0.0736698 0.0311202
0.0135936 2.14933 2.42142 1.87724 0.967835 1.15803 0.777639 1.75243 0.272092 0.190196 0.0733923 0.0307344
0.0139783 2.13144 2.40128 1.8616 0.960468 1.14984 0.771097 1.72619 0.269836 0.189371 0.0731108 0.030352
0.0143739 2.11364 2.3812 1.84608 0.953143 1.14168 0.764604 1.70024 0.267559 0.188539 0.0728251 0.029973
0.0147808 2.09594 2.3612 1.83068 0.945858 1.13356 0.758159 1.67457 0.265262 0.187699 0.072535 0.0295974
0.0151991 2.07833 2.34127 1.81538 0.938613 1.12546 0.751762 1.64919 0.262945 0.186851 0.0722401 0.029225
0.0156293 2.06081 2.32141 1.8002 0.931407 1.1174 0.745412 1.62409 0.260608 0.185995 0.0719402 0.028856
0.0160717 2.04338 2.30162 1.78513 0.924241 1.10937 0.73911 1.59927 0.258249 0.185131 0.0716351 0.0284902
0.0165265 2.02604 2.28191 1.77016 0.917113 1.10137 0.732855 1.57473 0.255871 0.184258 0.0713245 0.0281276
0.0169943 2.00878 2.26225 1.75531 0.910024 1.0934 0.726647 1.55047 0.253471 0.183377 0.0710081 0.0277683
0.0174753 1.99162 2.24267 1.74057 0.902971 1.08546 0.720485 1.52648 0.251051 0.182486 0.0706856 0.027412
0.0179699 1.97455 2.22316 1.72594 0.895956 1.07754 0.71437 1.50276 0.24861 0.181586 0.0703569 0.027059
0.0184785 1.95756 2.20371 1.71142 0.888977 1.06965 0.708301 1.47931 0.246149 0.180677 0.0700217 0.026709
0.0190015 1.94067 2.18434 1.697 0.882035 1.06179 0.702277 1.45613 0.243667 0.179757 0.0696796 0.026362
0.0195393 1.92386 2.16502 1.68269 0.875127 1.05396 0.696299 1.43322 0.241165 0.178828 0.0693305 0.0260181
0.0200923 1.90714 2.14578 1.66849 0.868254 1.04614 0.690366 1.41057 0.238642 0.177889 0.0689741 0.0256772
0.020661 1.8905 2.1266 1.6544 0.861416 1.03835 0.684477 1.38818 0.2361 0.176938 0.0686102 0.0253393
0.0212458 1.87395 2.10749 1.64041 0.854611 1.03059 0.678633 1.36606 0.233537 0.175978 0.0682384 0.0250042
0.0218471 1.85749 2.08844 1.62653 0.847839 1.02284 0.672834 1.34419 0.230954 0.175006 0.0678586 0.0246721
0.0224655 1.84111 2.06946 1.61276 0.8411 1.01512 0.667078 1.32258 0.228351 0.174022 0.0674706 0.0243429
0.0231013 1.82481 2.05054 1.59908 0.834393 1.00742 0.661366 1.30122 0.225729 0.173028 0.0670741 0.0240164
0.0237551 1.8086 2.03169 1.58552 0.827717 0.999738 0.655696 1.28011 0.223087 0.172021 0.0666688 0.0236928
0.0244275 1.79248 2.01291 1.57205 0.821072 0.992074 0.65007 1.25926 0.220427 0.171002 0.0662546 0.0233719
0.0251189 1.77644 1.99419 1.55869 0.814457 0.984428 0.644485 1.23865 0.217748 0.169971 0.0658312 0.0230538
0.0258298 1.76048 1.97553 1.54543 0.807871 0.976799 0.638943 1.21829 0.21505 0.168928 0.0653984 0.0227384
0.0265609 1.74461 1.95695 1.53228 0.801314 0.969185 0.633442 1.19818 0.212334 0.167871 0.0649561 0.0224256
0.0273126 1.72882 1.93842 1.51922 0.794785 0.961587 0.627983 1.1783 0.209601 0.166802 0.0645041 0.0221155
0.0280857 1.71312 1.91997 1.50627 0.788283 0.954002 0.622564 1.15867 0.206851 0.165719 0.064042 0.0218079
0.0288806 1.69749 1.90158 1.49341 0.781808 0.946431 0.617185 1.13928 0.204083 0.164623 0.0635699 0.021503
0.029698 1.68196 1.88325 1.48066 0.775359 0.938872 0.611846 1.12012 0.2013 0.163513 0.0630875 0.0212006
0.0305386 1.6665 1.865 1.468 0.768935 0.931324 0.606546 1.1012 0.1985 0.162389 0.0625947 0.0209006
0.0314029 1.65112 1.84681 1.45544 0.762536 0.923787 0.601286 1.0825 0.195686 0.161251 0.0620913 0.0206032
0.0322917 1.63583 1.82869 1.44298 0.756161 0.916258 0.596063 1.06404 0.192857 0.160098 0.0615772 0.0203082
0.0332057 1.62062 1.81064 1.43061 0.749808 0.908738 0.590878 1.04581 0.190013 0.15893 0.0610523 0.0200156
0.0341455 1.6055 1.79265 1.41834 0.743478 0.901225 0.58573 1.0278 0.187157 0.157747 0.0605165 0.0197254
0.0351119 1.59045 1.77474 1.40616 0.737169 0.893718 0.580619 1.01002 0.184287 0.15655 0.0599698 0.0194375
0.0361057 1.57549 1.75689 1.39408 0.73088 0.886217 0.575544 0.992459 0.181406 0.155336 0.0594119 0.019152
0.0371276 1.5606 1.73912 1.38209 0.724612 0.878719 0.570504 0.975118 0.178514 0.154108 0.0588429 0.0188687
0.0381784 1.54581 1.72142 1.37019 0.718361 0.871224 0.565499 0.957995 0.175611 0.152863 0.0582628 0.0185877
0.039259 1.53109 1.70379 1.35839 0.712129 0.863732 0.560527 0.941087 0.172698 0.151602 0.0576715 0.018309
0.0403702 1.51645 1.68623 1.34667 0.705914 0.85624 0.555589 0.924393 0.169777 0.150325 0.057069 0.0180324
0.0415128 1.5019 1.66874 1.33505 0.699715 0.848747 0.550683 0.90791 0.166848 0.149032 0.0564553 0.017758
0.0426877 1.48742 1.65134 1.32351 0.693531 0.841253 0.545809 0.891636 0.163912 0.147722 0.0558305 0.0174857
0.0438959 1.47303 1.634 1.31206 0.687361 0.833757 0.540966 0.87557 0.160971 0.146395 0.0551945 0.0172155
0.0451383 1.45872 1.61674 1.3007 0.681204 0.826256 0.536153 0.859708 0.158024 0.145052 0.0545476 0.0169474
0.0464159 1.44449 1.59956 1.28942 0.67506 0.818751 0.531369 0.844049 0.155073 0.143691 0.0538897 0.0166814
0.0477296 1.43034 1.58246 1.27822 0.668926 0.811239 0.526612 0.828591 0.15212 0.142313 0.053221 0.0164174
0.0490805 1.41628 1.56544 1.26711 0.662802 0.80372 0.521884 0.813331 0.149165 0.140918 0.0525417 0.0161554
0.0504697 1.40229 1.5485 1.25608 0.656687 0.796192 0.517181 0.798267 0.146209 0.139506 0.0518518 0.0158954
0.0518981 1.38838 1.53164 1.24513 0.650579 0.788654 0.512503 0.783398 0.143254 0.138075 0.0511515 0.0156373
0.053367 1.37456 1.51486 1.23426 0.644477 0.781105 0.50785 0.76872 0.1403 0.136628 0.0504411 0.0153812
0.0548775 1.36081 1.49816 1.22346 0.638381 0.773543 0.503219 0.754232 0.13735 0.135162 0.0497208 0.0151269
0.0564307 1.34714 1.48155 1.21274 0.632289 0.765968 0.49861 0.73993 0.134404 0.133679 0.0489908 0.0148745
0.0580278 1.33355 1.46502 1.20209 0.626199 0.758377 0.494021 0.725814 0.131463 0.132178 0.0482514 0.014624
0.0596702 1.32005 1.44857 1.19152 0.62011 0.750769 0.489451 0.711881 0.128529 0.130659 0.0475029 0.0143753
0.0613591 1.30662 1.43222 1.18101 0.614021 0.743144 0.484899 0.698129 0.125603 0.129122 0.0467456 0.0141284
0.0630957 1.29326 1.41595 1.17058 0.607931 0.735499 0.480363 0.684555 0.122686 0.127568 0.0459798 0.0138833
0.0648815 1.27999 1.39977 1.16021 0.601837 0.727833 0.475841 0.671157 0.119781 0.125996 0.0452059 0.01364
0.0667179 1.26679 1.38368 1.1499 0.595739 0.720145 0.471333 0.657933 0.116887 0.124406 0.0444244 0.0133985
0.0686062 1.25367 1.36767 1.13966 0.589634 0.712433 0.466836 0.64488 0.114007 0.122798 0.0436355 0.0131586
0.070548 1.24062 1.35176 1.12948 0.583522 0.704695 0.462349 0.631997 0.111142 0.121173 0.0428397 0.0129205
0.0725448 1.22764 1.33594 1.11935 0.577401 0.696931 0.45787 0.619281 0.108293 0.119531 0.0420375 0.0126841
0.074598 1.21474 1.3202 1.10928 0.571268 0.689138 0.453397 0.606729 0.105462 0.117871 0.0412294 0.0124494
0.0767094 1.20191 1.30456 1.09926 0.565122 0.681316 0.448928 0.594341 0.102649 0.116194 0.0404159 0.0122163
0.0788805 1.18915 1.28901 1.08929 0.558961 0.673462 0.444461 0.582113 0.0998579 0.1145 0.0395974 0.0119849
0.0811131 1.17646 1.27355 1.07937 0.552784 0.665574 0.439994 0.570042 0.0970883 0.11279 0.0387744 0.0117552
0.0834088 1.16383 1.25818 1.06949 0.546588 0.657652 0.435525 0.558128 0.0943421 0.111063 0.0379477 0.0115271
0.0857696 1.15127 1.2429 1.05965 0.540372 0.649693 0.431052 0.546367 0.0916206 0.109321 0.0371177 0.0113006
0.0881971 1.13878 1.2277 1.04985 0.534133 0.641695 0.426571 0.534759 0.0889253 0.107562 0.0362849 0.0110758
0.0906934 1.12634 1.2126 1.04009 0.52787 0.633658 0.422082 0.523299 0.0862574 0.105788 0.0354501 0.0108526
0.0932603 1.11397 1.19758 1.03035 0.521579 0.625579 0.41758 0.511986 0.0836184 0.103999 0.0346138 0.010631
0.0958999 1.10165 1.18266 1.02064 0.51526 0.617456 0.413064 0.500819 0.0810097 0.102196 0.0337766 0.010411
0.0986142 1.08938 1.16781 1.01095 0.508909 0.609287 0.408531 0.489794 0.0784324 0.100378 0.0329393 0.0101926
0.101405 1.07716 1.15305 1.00127 0.502525 0.601072 0.403978 0.47891 0.075888 0.0985469 0.0321024 0.00997588
0.104275 1.06499 1.13837 0.991615 0.496105 0.592807 0.399402 0.468165 0.0733777 0.0967026 0.0312665 0.00976074
0.107227 1.05287 1.12377 0.981964 0.489646 0.584492 0.3948 0.457557 0.0709026 0.0948458 0.0304325 0.00954722
0.110262 1.04078 1.10924 0.972317 0.483146 0.576123 0.390169 0.447084 0.068464 0.0929772 0.0296008 0.00933532
0.113382 1.02873 1.09479 0.962667 0.476603 0.5677 0.385506 0.436743 0.0660631 0.0910973 0.0287723 0.00912506
0.116591 1.01671 1.08041 0.953011 0.470014 0.55922 0.380807 0.426533 0.063701 0.0892069 0.0279475 0.00891644
0.119891 1.00472 1.0661 0.943341 0.463376 0.550682 0.376069 0.416452 0.0613786 0.0873067 0.0271272 0.00870948
0.123285 0.99275 1.05185 0.933653 0.456686 0.542083 0.371288 0.406499 0.0590972 0.0853976 0.026312 0.00850418
0.126774 0.980797 1.03765 0.923939 0.449942 0.533422 0.366462 0.39667 0.0568576 0.0834802 0.0255026 0.00830057
0.130362 0.968854 1.02351 0.914193 0.443141 0.524697 0.361586 0.386966 0.0546608 0.0815556 0.0246996 0.00809865
0.134052 0.956916 1.00942 0.904409 0.436281 0.515905 0.356656 0.377383 0.0525075 0.0796246 0.0239037 0.00789845
0.137846 0.944977 0.995376 0.894578 0.429358 0.507046 0.35167 0.367921 0.0503987 0.0776881 0.0231156 0.00769999
0.141747 0.933029 0.981364 0.884694 0.42237 0.498117 0.346622 0.358578 0.0483351 0.0757473 0.0223359 0.00750329
0.145759 0.921066 0.967384 0.874749 0.415313 0.489116 0.34151 0.349352 0.0463174 0.0738031 0.0215652 0.00730837
0.149885 0.90908 0.953426 0.864734 0.408186 0.480043 0.336329 0.340243 0.0443462 0.0718566 0.020804 0.00711527
0.154127 0.897063 0.939485 0.854641 0.400985 0.470894 0.331076 0.331248 0.0424221 0.069909 0.0200531 0.00692401
0.158489 0.885006 0.925551 0.84446 0.393708 0.46167 0.325747 0.322366 0.0405456 0.0679614 0.0193129 0.00673462
0.162975 0.8729 0.911617 0.834183 0.386352 0.452367 0.320337 0.313597 0.038717 0.0660151 0.0185841 0.00654713
0.167588 0.860737 0.897674 0.8238 0.378915 0.442986 0.314843 0.304939 0.0369369 0.0640713 0.0178671 0.00636158
0.172331 0.848506 0.883712 0.813301 0.371394 0.433525 0.309262 0.296392 0.0352054 0.0621314 0.0171624 0.00617801
0.177209 0.836198 0.869721 0.802675 0.363786 0.423983 0.30359 0.287953 0.0335228 0.0601966 0.0164706 0.00599646
0.182224 0.8238 0.85569 0.791911 0.356091 0.414359 0.297822 0.279624 0.0318893 0.0582684 0.015792 0.00581695
0.187382 0.811303 0.841608 0.780998 0.348306 0.404654 0.291957 0.271402 0.0303049 0.0563483 0.0151272 0.00563954
0.192685 0.798695 0.827464 0.769925 0.340429 0.394866 0.285991 0.263287 0.0287697 0.0544376 0.0144765 0.00546426
0.198139 0.785962 0.813246 0.758679 0.332459 0.384996 0.279921 0.255279 0.0272836 0.0525378 0.0138402 0.00529117
0.203747 0.773094 0.79894 0.747247 0.324395 0.375045 0.273744 0.247377 0.0258465 0.0506506 0.0132188 0.00512029
0.209514 0.760076 0.784534 0.735618 0.316236 0.365014 0.267459 0.23958 0.0244583 0.0487774 0.0126124 0.00495169
0.215443 0.746896 0.770014 0.723777 0.307983 0.354903 0.261063 0.23189 0.0231186 0.0469197 0.0120215 0.00478541
0.221541 0.733539 0.755366 0.711712 0.299635 0.344715 0.254556 0.224305 0.0218271 0.0450793 0.0114462 0.00462148
0.227812 0.719991 0.740574 0.699407 0.291194 0.334452 0.247937 0.216825 0.0205835 0.0432577 0.0108867 0.00445997
0.234259 0.706237 0.725624 0.68685 0.282661 0.324118 0.241205 0.209451 0.0193873 0.0414566 0.0103433 0.0043009
0.24089 0.692262 0.7105 0.674024 0.274039 0.313716 0.234361 0.202183 0.018238 0.0396775 0.009816 0.00414434
0.247708 0.678051 0.695186 0.660915 0.265329 0.303251 0.227407 0.195021 0.0171351 0.0379222 0.00930498 0.00399031
0.254719 0.663586 0.679664 0.647508 0.256537 0.292729 0.220345 0.187964 0.0160779 0.0361923 0.00881029 0.00383885
0.261928 0.648851 0.663916 0.633785 0.247667 0.282157 0.213178 0.181015 0.0150657 0.0344894 0.00833196 0.00369
0.269341 0.633826 0.647924 0.619728 0.238726 0.271541 0.205911 0.174173 0.0140978 0.0328152 0.00787 0.00354377
0.276965 0.61849 0.631664 0.605317 0.229721 0.260892 0.198549 0.16744 0.0131735 0.0311713 0.00742434 0.00340019
0.284804 0.602816 0.615108 0.590525 0.22066 0.250219 0.191101 0.160816 0.0122918 0.0295592 0.00699489 0.00325922
0.292864 0.586761 0.598213 0.575309 0.211554 0.239535 0.183574 0.154302 0.0114519 0.0279806 0.0065815 0.00312082
0.301153 0.570233 0.580885 0.55958 0.202416 0.228853 0.175979 0.147902 0.0106527 0.026437 0.00618389 0.00298483
0.309677 0.552803 0.562696 0.542909 0.193258 0.218188 0.168328 0.14162 0.00989313 0.0249298 0.00580151 0.00285075
0.318442 0.537391 0.547005 0.527776 0.186966 0.211333 0.162598 0.139279 0.00961435 0.0243677 0.00565906 0.00279871
0.321833 0.53126 0.540604 0.521916 0.18358 0.207397 0.159763 0.136978 0.00934389 0.0238169 0.00552027 0.00274757
0.325224 0.52515 0.534231 0.516068 0.180229 0.203506 0.156951 0.134715 0.00908148 0.0232771 0.00538502 0.0026973
0.328614 0.519059 0.527886 0.510232 0.176912 0.19966 0.154164 0.132491 0.00882684 0.0227483 0.00525322 0.00264789
0.332005 0.512988 0.521568 0.504408 0.17363 0.19586 0.1514 0.130303 0.0085797 0.0222301 0.00512477 0.00259932
0.335396 0.506936 0.515276 0.498596 0.170383 0.192105 0.148661 0.128152 0.00833982 0.0217223 0.00499956 0.00255156
0.338787 0.500903 0.50901 0.492796 0.16717 0.188395 0.145946 0.126036 0.00810695 0.0212249 0.00487749 0.00250461
0.342178 0.494889 0.502769 0.487008 0.163992 0.18473 0.143255 0.123954 0.00788087 0.0207375 0.00475849 0.00245844
0.345569 0.488893 0.496554 0.481232 0.160849 0.181109 0.140589 0.121906 0.00766135 0.0202599 0.00464246 0.00241304
0.348959 0.482916 0.490364 0.475468 0.157741 0.177533 0.137949 0.119892 0.00744817 0.019792 0.0045293 0.00236838
0.35235 0.476958 0.484199 0.469717 0.154667 0.174001 0.135333 0.117909 0.00724114 0.0193337 0.00441896 0.00232446
0.355741 0.471018 0.478058 0.463978 0.151628 0.170512 0.132743 0.115958 0.00704004 0.0188846 0.00431133 0.00228126
0.359132 0.465096 0.471941 0.458252 0.148623 0.167068 0.130179 0.114037 0.00684469 0.0184447 0.00420634 0.00223876
0.362523 0.459194 0.465849 0.452539 0.145654 0.163668 0.12764 0.112147 0.00665491 0.0180137 0.00410393 0.00219696
0.365914 0.45331 0.45978 0.446839 0.142719 0.16031 0.125127 0.110286 0.00647051 0.0175915 0.00400401 0.00215583
0.369305 0.447444 0.453736 0.441153 0.139819 0.156997 0.122641 0.108454 0.00629133 0.0171779 0.00390652 0.00211536
0.372695 0.441598 0.447715 0.435481 0.136954 0.153726 0.120181 0.10665 0.00611719 0.0167728 0.00381138 0.00207554
0.376086 0.435771 0.441719 0.429823 0.134123 0.150499 0.117747 0.104874 0.00594795 0.016376 0.00371854 0.00203635
0.379477 0.429963 0.435746 0.424179 0.131327 0.147315 0.11534 0.103124 0.00578345 0.0159873 0.00362793 0.00199779
0.382868 0.424174 0.429798 0.418551 0.128566 0.144173 0.11296 0.101401 0.00562353 0.0156066 0.00353949 0.00195985
0.386259 0.418406 0.423874 0.412938 0.12584 0.141074 0.110607 0.099704 0.00546807 0.0152338 0.00345316 0.0019225
0.38965 0.412657 0.417974 0.40734 0.123149 0.138018 0.10828 0.0980322 0.00531691 0.0148686 0.00336889 0.00188574
0.39304 0.406929 0.412099 0.401759 0.120493 0.135003 0.105982 0.0963853 0.00516993 0.014511 0.00328661 0.00184956
0.396431 0.401222 0.406249 0.396195 0.117871 0.132032 0.10371 0.0947626 0.005027 0.0141607 0.00320627 0.00181395
0.399822 0.395535 0.400423 0.390647 0.115284 0.129102 0.101466 0.0931638 0.004888 0.0138177 0.00312782 0.0017789
0.403213 0.38987 0.394623 0.385117 0.112732 0.126214 0.09925 0.0915884 0.00475281 0.0134819 0.00305122 0.00174439
0.406604 0.384227 0.388848 0.379606 0.110214 0.123367 0.0970615 0.0900358 0.00462131 0.013153 0.00297641 0.00171042
0.409995 0.378606 0.383099 0.374113 0.107732 0.120563 0.0949009 0.0885057 0.00449339 0.0128309 0.00290334 0.00167698
0.413385 0.373008 0.377377 0.368639 0.105284 0.1178 0.0927682 0.0869977 0.00436894 0.0125156 0.00283197 0.00164406
0.416776 0.367432 0.37168 0.363185 0.102871 0.115077 0.0906636 0.0855112 0.00424787 0.0122069 0.00276226 0.00161165
0.420167 0.361881 0.366011 0.357751 0.100492 0.112396 0.0885871 0.084046 0.00413007 0.0119047 0.00269416 0.00157974
0.423558 0.356353 0.360369 0.352338 0.0981476 0.109756 0.0865388 0.0826015 0.00401544 0.0116088 0.00262763 0.00154832
0.426949 0.35085 0.354754 0.346946 0.0958381 0.107157 0.0845189 0.0811775 0.0039039 0.0113191 0.00256263 0.00151739
0.43034 0.345372 0.349167 0.341576 0.0935628 0.104598 0.0825272 0.0797735 0.00379534 0.0110356 0.00249912 0.00148694
0.43373 0.339919 0.343609 0.336229 0.0913219 0.10208 0.0805638 0.0783892 0.00368969 0.0107581 0.00243706 0.00145695
0.437121 0.334493 0.338079 0.330906 0.0891153 0.0996018 0.0786289 0.0770243 0.00358687 0.0104864 0.00237643 0.00142743
0.440512 0.329093 0.332579 0.325606 0.0869429 0.0971634 0.0767224 0.0756783 0.00348678 0.0102205 0.00231717 0.00139837
0.443903 0.32372 0.327109 0.320331 0.0848046 0.0947649 0.0748443 0.074351 0.00338935 0.00996033 0.00225926 0.00136975
0.447294 0.318375 0.32167 0.315081 0.0827003 0.092406 0.0729946 0.073042 0.00329451 0.00970569 0.00220267 0.00134157
0.450685 0.313059 0.316261 0.309856 0.08063 0.0900865 0.0711735 0.0717511 0.00320218 0.0094565 0.00214736 0.00131383
0.454075 0.307771 0.310883 0.304659 0.0785934 0.0878061 0.0693807 0.0704779 0.00311229 0.00921266 0.00209329 0.00128652
0.457466 0.302513 0.305538 0.299488 0.0765906 0.0855646 0.0676165 0.0692221 0.00302477 0.00897408 0.00204045 0.00125963
0.460857 0.297285 0.300225 0.294345 0.0746212 0.0833618 0.0658805 0.0679834 0.00293956 0.00874065 0.0019888 0.00123315
0.464248 0.292088 0.294945 0.289231 0.0726852 0.0811975 0.0641729 0.0667617 0.00285659 0.00851229 0.00193831 0.00120709
0.467639 0.286922 0.289698 0.284146 0.0707825 0.0790714 0.0624937 0.0655565 0.00277579 0.00828888 0.00188896 0.00118143
0.47103 0.281789 0.284486 0.279091 0.068913 0.0769834 0.0608427 0.0643676 0.00269712 0.00807035 0.00184071 0.00115617
0.47442 0.276688 0.279308 0.274067 0.0670764 0.074933 0.0592198 0.0631948 0.0026205 0.00785659 0.00179354 0.0011313
0.477811 0.27162 0.274166 0.269074 0.0652725 0.0729201 0.057625 0.0620379 0.00254589 0.00764753 0.00174743 0.00110682
0.481202 0.266586 0.269059 0.264113 0.0635014 0.0709444 0.0560583 0.0608965 0.00247323 0.00744306 0.00170236 0.00108273
0.484593 0.261587 0.26399 0.259185 0.0617627 0.0690058 0.0545196 0.0597705 0.00240246 0.00724311 0.00165828 0.00105901
0.487984 0.256623 0.258957 0.25429 0.0600561 0.0671037 0.0530085 0.0586596 0.00233354 0.00704759 0.0016152 0.00103567
0.491375 0.251696 0.253962 0.249429 0.0583817 0.0652381 0.0515253 0.0575637 0.00226641 0.00685641 0.00157308 0.00101269
0.494765 0.246804 0.249005 0.244603 0.0567392 0.0634087 0.0500697 0.0564824 0.00220103 0.0066695 0.00153189 0.00099008
0.498156 0.24195 0.244088 0.239813 0.0551282 0.061615 0.0486415 0.0554156 0.00213735 0.00648676 0.00149163 0.000967828
0.501547 0.237134 0.23921 0.235059 0.0535487 0.0598569 0.0472406 0.0543632 0.00207532 0.00630814 0.00145226 0.00094593
0.504938 0.232357 0.234372 0.230342 0.0520004 0.058134 0.0458669 0.0533248 0.00201491 0.00613354 0.00141377 0.000924384
0.508329 0.227618 0.229575 0.225662 0.0504831 0.056446 0.0445202 0.0523004 0.00195607 0.00596289 0.00137615 0.000903183
0.51172 0.22292 0.224819 0.221021 0.0489966 0.0547927 0.0432004 0.0512896 0.00189875 0.00579612 0.00133936 0.000882325
0.51511 0.218262 0.220105 0.216419 0.0475405 0.0531736 0.0419073 0.0502925 0.00184292 0.00563314 0.00130339 0.000861806
0.518501 0.213646 0.215434 0.211857 0.0461146 0.0515885 0.0406407 0.0493087 0.00178854 0.0054739 0.00126823 0.000841621
0.521892 0.209071 0.210806 0.207335 0.0447188 0.0500371 0.0394004 0.0483381 0.00173558 0.00531832 0.00123386 0.000821766
0.525283 0.204539 0.206223 0.202855 0.0433526 0.0485189 0.0381863 0.0473806 0.00168398 0.00516633 0.00120025 0.000802239
0.528674 0.200049 0.201683 0.198416 0.0420159 0.0470338 0.0369981 0.046436 0.00163373 0.00501786 0.0011674 0.000783034
0.532065 0.195604 0.197189 0.194019 0.0407084 0.0455813 0.0358356 0.0455041 0.00158479 0.00487285 0.00113529 0.00076415
0.535455 0.191203 0.19274 0.189666 0.0394298 0.044161 0.0346986 0.0445849 0.00153712 0.00473122 0.00110389 0.000745581
0.538846 0.186847 0.188338 0.185356 0.0381797 0.0427727 0.0335868 0.043678 0.00149069 0.00459292 0.00107321 0.000727325
0.542237 0.182536 0.183982 0.181091 0.036958 0.0414159 0.0325002 0.0427835 0.00144547 0.00445787 0.00104322 0.000709378
0.545628 0.178272 0.179674 0.176871 0.0357643 0.0400903 0.0314383 0.0419012 0.00140142 0.00432603 0.0010139 0.000691738
0.549019 0.174055 0.175413 0.172696 0.0345983 0.0387956 0.030401 0.041031 0.00135853 0.00419732 0.000985255 0.0006744
0.55241 0.169885 0.171201 0.168568 0.0334597 0.0375314 0.029388 0.0401726 0.00131676 0.00407169 0.000957255 0.000657361
0.5558 0.165762 0.167039 0.164486 0.0323481 0.0362972 0.0283991 0.0393261 0.00127608 0.00394907 0.000929894 0.000640619
0.559191 0.161689 0.162925 0.160452 0.0312634 0.0350928 0.0274339 0.0384912 0.00123647 0.00382942 0.000903156 0.000624171
0.562582 0.157664 0.158862 0.156466 0.030205 0.0339177 0.0264923 0.0376679 0.0011979 0.00371266 0.000877031 0.000608012
0.565973 0.153689 0.154849 0.152529 0.0291728 0.0327715 0.025574 0.0368561 0.00116034 0.00359875 0.000851506 0.000592141
0.569364 0.149764 0.150888 0.14864 0.0281663 0.0316539 0.0246786 0.0360556 0.00112377 0.00348763 0.000826568 0.000576554
0.572755 0.14589 0.146978 0.144801 0.0271852 0.0305645 0.023806 0.0352663 0.00108817 0.00337925 0.000802207 0.000561248
0.576146 0.142066 0.14312 0.141013 0.0262293 0.0295028 0.0229557 0.0344882 0.00105351 0.00327355 0.00077841 0.000546221
0.579536 0.138294 0.139314 0.137275 0.0252981 0.0284685 0.0221276 0.0337211 0.00101977 0.00317047 0.000755167 0.000531469
0.582927 0.134575 0.135561 0.133588 0.0243912 0.0274612 0.0213213 0.0329649 0.000986923 0.00306998 0.000732468 0.000516991
0.586318 0.130907 0.131862 0.129952 0.0235085 0.0264805 0.0205365 0.0322196 0.000954955 0.00297201 0.0007103 0.000502782
0.589709 0.127292 0.128216 0.126369 0.0226494 0.0255259 0.0197729 0.031485 0.000923842 0.00287653 0.000688655 0.00048884
0.5931 0.123731 0.124625 0.122837 0.0218137 0.0245972 0.0190302 0.0307611 0.000893564 0.00278347 0.000667522 0.000475163
0.596491 0.120223 0.121087 0.119359 0.0210009 0.0236937 0.0183081 0.0300478 0.0008641 0.00269279 0.000646891 0.000461748
0.599881 0.116769 0.117605 0.115934 0.0202108 0.0228152 0.0176063 0.0293449 0.000835432 0.00260445 0.000626753 0.000448592
0.603272 0.11337 0.114177 0.112562 0.0194429 0.0219613 0.0169245 0.0286525 0.00080754 0.00251839 0.000607098 0.000435692
0.606663 0.110025 0.110805 0.109244 0.0186969 0.0211315 0.0162623 0.0279704 0.000780406 0.00243457 0.000587917 0.000423046
0.610054 0.106735 0.107489 0.105981 0.0179724 0.0203254 0.0156195 0.0272985 0.000754012 0.00235295 0.000569201 0.000410651
0.613445 0.1035 0.104228 0.102771 0.0172691 0.0195426 0.0149956 0.0266368 0.000728341 0.00227348 0.000550941 0.000398505
0.616836 0.10032 0.101024 0.0996169 0.0165865 0.0187827 0.0143904 0.0259851 0.000703377 0.00219612 0.000533129 0.000386605
0.620226 0.0971965 0.0978756 0.0965174 0.0159244 0.0180452 0.0138036 0.0253435 0.000679102 0.00212083 0.000515756 0.000374948
0.623617 0.0941284 0.0947839 0.0934729 0.0152823 0.0173299 0.0132347 0.0247119 0.0006555 0.00204756 0.000498815 0.000363532
0.627008 0.0911164 0.091749 0.0904839 0.0146599 0.0166362 0.0126836 0.0240901 0.000632556 0.00197627 0.000482295 0.000352354
0.630399 0.0881605 0.0887708 0.0875503 0.0140567 0.0159637 0.0121498 0.0234781 0.000610254 0.00190693 0.000466191 0.000341412
0.63379 0.0852609 0.0858495 0.0846723 0.0134725 0.015312 0.0116331 0.0228758 0.00058858 0.00183949 0.000450494 0.000330703
0.637181 0.0824177 0.0829852 0.0818502 0.0129069 0.0146808 0.011133 0.0222832 0.000567518 0.0017739 0.000435197 0.000320225
0.640571 0.0796309 0.0801779 0.0790838 0.0123594 0.0140696 0.0106493 0.0217002 0.000547056 0.00171015 0.000420291 0.000309975
0.643962 0.0769005 0.0774277 0.0763733 0.0118298 0.0134779 0.0101816 0.0211267 0.000527178 0.00164818 0.00040577 0.00029995
0.647353 0.0742267 0.0747346 0.0737188 0.0113175 0.0129055 0.00972957 0.0205627 0.000507871 0.00158795 0.000391627 0.000290149
0.650744 0.0716094 0.0720985 0.0711202 0.0108224 0.0123518 0.00929293 0.0200081 0.000489123 0.00152944 0.000377854 0.000280567
0.654135 0.0690484 0.0695193 0.0685775 0.0103439 0.0118165 0.00887132 0.0194629 0.000470919 0.00147261 0.000364444 0.000271204
0.657526 0.0665439 0.0669971 0.0660906 0.00988181 0.0112992 0.0084644 0.0189269 0.000453249 0.00141741 0.000351391 0.000262056
0.660916 0.0640957 0.0645318 0.0636596 0.00943567 0.0107995 0.00807185 0.0184001 0.000436098 0.00136382 0.000338688 0.000253121
0.664307 0.0617036 0.0621231 0.0612842 0.00900513 0.0103169 0.00769333 0.0178825 0.000419455 0.0013118 0.000326328 0.000244397
0.667698 0.0593675 0.0597708 0.0589641 0.00858984 0.00985116 0.00732852 0.017374 0.000403309 0.00126132 0.000314304 0.00023588
0.671089 0.0570872 0.0574749 0.0566996 0.00818944 0.00940177 0.0069771 0.0168745 0.000387648 0.00121233 0.000302612 0.000227569
0.67448 0.0548626 0.055235 0.0544901 0.00780357 0.00896839 0.00663874 0.016384 0.00037246 0.00116482 0.000291243 0.00021946
0.677871 0.0526933 0.053051 0.0523356 0.00743187 0.00855062 0.00631312 0.0159024 0.000357735 0.00111875 0.000280192 0.000211552
0.681261 0.050579 0.0509225 0.0502356 0.00707399 0.00814808 0.00599991 0.0154297 0.000343462 0.00107409 0.000269453 0.000203841
0.684652 0.0485196 0.0488492 0.04819 0.0067296 0.00776039 0.0056988 0.0149658 0.00032963 0.00103079 0.000259019 0.000196325
0.688043 0.0465147 0.0468309 0.0461985 0.00639833 0.00738718 0.00540948 0.0145106 0.000316228 0.000988848 0.000248886 0.000189002
0.691434 0.0445639 0.0448671 0.0442606 0.00607984 0.00702806 0.00513163 0.0140641 0.000303248 0.000948215 0.000239047 0.00018187
0.694825 0.0426667 0.0429574 0.0423761 0.00577381 0.00668268 0.00486495 0.0136262 0.000290678 0.000908867 0.000229495 0.000174924
0.698216 0.040823 0.0411015 0.0405445 0.00547989 0.00635067 0.00460912 0.0131968 0.00027851 0.000870773 0.000220227 0.000168164
0.701606 0.0390321 0.0392988 0.0387653 0.00519775 0.00603166 0.00436384 0.012776 0.000266734 0.000833907 0.000211236 0.000161586
0.704997 0.0372936 0.0375489 0.0370383 0.00492705 0.00572529 0.00412882 0.0123636 0.000255339 0.000798238 0.000202516 0.000155187
0.708388 0.035607 0.0358513 0.0353627 0.00466749 0.00543122 0.00390375 0.0119595 0.000244318 0.000763739 0.000194062 0.000148966
0.711779 0.0339718 0.0342054 0.0337381 0.00441872 0.0051491 0.00368834 0.0115638 0.000233662 0.000730383 0.000185869 0.00014292
0.71517 0.0323874 0.0326108 0.0321641 0.00418045 0.00487859 0.00348231 0.0111764 0.000223361 0.000698142 0.000177932 0.000137046
0.718561 0.0308534 0.0310668 0.0306399 0.00395235 0.00461934 0.00328536 0.0107971 0.000213407 0.000666991 0.000170245 0.000131341
0.721951 0.0293689 0.0295727 0.0291652 0.00373412 0.00437103 0.00309722 0.010426 0.000203791 0.000636902 0.000162803 0.000125803
0.725342 0.0279336 0.0281281 0.0277391 0.00352546 0.00413331 0.00291761 0.0100629 0.000194506 0.000607851 0.0001556 0.000120429
0.728733 0.0265466 0.0267321 0.026361 0.00332606 0.00390587 0.00274625 0.0097079 0.000185543 0.000579812 0.000148633 0.000115217
0.732124 0.0252073 0.0253842 0.0250304 0.00313563 0.00368839 0.00258287 0.00936079 0.000176894 0.000552761 0.000141896 0.000110163
0.735515 0.0239151 0.0240836 0.0237465 0.00295389 0.00348056 0.00242721 0.00902157 0.000168551 0.000526672 0.000135384 0.000105267
0.738906 0.0226691 0.0228296 0.0225086 0.00278053 0.00328206 0.00227901 0.00869016 0.000160508 0.000501521 0.000129092 0.000100524
0.742296 0.0214687 0.0216215 0.021316 0.0026153 0.00309259 0.00213801 0.0083665 0.000152755 0.000477286 0.000123016 9.59318e-05
0.745687 0.0203132 0.0204584 0.0201679 0.00245791 0.00291185 0.00200397 0.00805052 0.000145286 0.000453942 0.00011715 9.14885e-05
0.749078 0.0192016 0.0193397 0.0190635 0.00230809 0.00273955 0.00187662 0.00774216 0.000138094 0.000431467 0.00011149 8.71912e-05
0.752469 0.0181332 0.0182644 0.0180021 0.00216557 0.00257541 0.00175573 0.00744134 0.000131171 0.000409838 0.000106032 8.3037e-05
0.75586 0.0171073 0.0172318 0.0169828 0.0020301 0.00241913 0.00164107 0.00714801 0.00012451 0.000389033 0.00010077 7.90236e-05
0.759251 0.0161229 0.016241 0.0160048 0.00190142 0.00227045 0.00153239 0.00686208 0.000118105 0.000369031 9.57012e-05 7.51481e-05
0.762641 0.0151793 0.0152912 0.0150673 0.00177928 0.00212909 0.00142947 0.00658349 0.000111949 0.000349809 9.08197e-05 7.14079e-05
0.766032 0.0142755 0.0143815 0.0141694 0.00166344 0.00199479 0.0013321 0.00631218 0.000106035 0.000331347 8.61215e-05 6.78005e-05
0.769423 0.0134106 0.013511 0.0133103 0.00155366 0.00186728 0.00124004 0.00604805 0.000100356 0.000313624 8.16024e-05 6.43232e-05
0.772814 0.0125839 0.0126788 0.012489 0.0014497 0.00174632 0.00115308 0.00579105 9.49063e-05 0.000296619 7.72578e-05 6.09733e-05
0.776205 0.0117943 0.011884 0.0117046 0.00135134 0.00163165 0.00107103 0.0055411 8.96796e-05 0.000280313 7.30837e-05 5.77482e-05
0.779596 0.011041 0.0111256 0.0109563 0.00125835 0.00152304 0.000993663 0.00529812 8.46696e-05 0.000264686 6.90756e-05 5.46453e-05
0.782986 0.010323 0.0104028 0.0102431 0.00117051 0.00142023 0.000920796 0.00506203 7.98701e-05 0.000249718 6.52295e-05 5.16619e-05
0.786377 0.00963939 0.00971467 0.00956412 0.00108762 0.00132301 0.000852229 0.00483277 7.52751e-05 0.000235391 6.15411e-05 4.87955e-05
0.789768 0.00898927 0.00906015 0.00891839 0.00100946 0.00123115 0.000787776 0.00461024 7.08789e-05 0.000221685 5.80065e-05 4.60433e-05
0.793159 0.00837166 0.00843834 0.00830498 0.000935836 0.00114442 0.000727254 0.00439438 6.66756e-05 0.000208582 5.46215e-05 4.34029e-05
0.79655 0.00778562 0.00784828 0.00772296 0.000866547 0.00106261 0.000670482 0.0041851 6.26594e-05 0.000196065 5.13821e-05 4.08715e-05
0.799941 0.0072302 0.00728903 0.00717138 0.000801403 0.000985518 0.000617288 0.00398232 5.88249e-05 0.000184115 4.82844e-05 3.84465e-05
0.803332 0.00670444 0.0067596 0.00664927 0.000740218 0.000912933 0.000567504 0.00378595 5.51664e-05 0.000172715 4.53244e-05 3.61254e-05
0.806722 0.00620737 0.00625905 0.0061557 0.000682812 0.000844659 0.000520965 0.00359592 5.16787e-05 0.000161847 4.24984e-05 3.39055e-05
0.810113 0.00573807 0.00578642 0.00568971 0.000629009 0.000780504 0.000477513 0.00341214 4.83564e-05 0.000151496 3.98023e-05 3.17844e-05
0.813504 0.00529555 0.00534074 0.00525035 0.000578638 0.000720281 0.000436995 0.00323452 4.51942e-05 0.000141643 3.72326e-05 2.97593e-05
0.816895 0.00487887 0.00492106 0.00483668 0.000531535 0.000663808 0.000399261 0.00306298 4.21871e-05 0.000132274 3.47853e-05 2.78278e-05
0.820286 0.00448709 0.00452642 0.00444776 0.000487538 0.00061091 0.000364166 0.00289742 3.933e-05 0.000123372 3.24569e-05 2.59873e-05
0.823677 0.00411926 0.00415588 0.00408264 0.000446495 0.000561416 0.000331574 0.00273776 3.66179e-05 0.000114921 3.02437e-05 2.42352e-05
0.827067 0.00377445 0.0038085 0.00374041 0.000408253 0.000515159 0.000301347 0.00258391 3.40459e-05 0.000106906 2.81421e-05 2.25691e-05
0.830458 0.00345174 0.00348335 0.00342013 0.000372669 0.000471982 0.000273357 0.00243578 3.16094e-05 9.93121e-05 2.61485e-05 2.09864e-05
0.833849 0.0031502 0.0031795 0.0031209 0.000339603 0.000431728 0.000247479 0.00229327 2.93035e-05 9.21243e-05 2.42594e-05 1.94846e-05
0.83724 0.00286893 0.00289605 0.0028418 0.000308919 0.000394247 0.000223591 0.00215629 2.71236e-05 8.5328e-05 2.24713e-05 1.80612e-05
0.840631 0.00260702 0.00263209 0.00258196 0.000280487 0.000359396 0.000201578 0.00202474 2.50653e-05 7.89089e-05 2.07808e-05 1.67138e-05
0.844022 0.0023636 0.00238673 0.00234048 0.000254181 0.000327034 0.000181328 0.00189854 2.3124e-05 7.28532e-05 1.91846e-05 1.544e-05
0.847412 0.0021378 0.00215909 0.0021165 0.000229881 0.000297028 0.000162734 0.00177758 2.12954e-05 6.71469e-05 1.76793e-05 1.42372e-05
0.850803 0.00192875 0.00194832 0.00190917 0.000207469 0.000269246 0.000145692 0.00166176 1.95751e-05 6.17769e-05 1.62616e-05 1.31032e-05
0.854194 0.00173562 0.00175357 0.00171766 0.000186834 0.000243564 0.000130104 0.00155099 1.7959e-05 5.67297e-05 1.49283e-05 1.20354e-05
0.857585 0.00155757 0.00157402 0.00154113 0.000167868 0.000219861 0.000115876 0.00144516 1.6443e-05 5.19926e-05 1.36762e-05 1.10316e-05
0.860976 0.00139382 0.00140884 0.0013788 0.000150469 0.000198022 0.000102917 0.00134417 1.50229e-05 4.75529e-05 1.25022e-05 1.00894e-05
0.864367 0.00124356 0.00125725 0.00122986 0.000134538 0.000177936 9.11398e-05 0.00124793 1.36948e-05 4.33982e-05 1.14031e-05 9.20641e-06
0.867757 0.00110602 0.00111848 0.00109357 0.00011998 0.000159496 8.04634e-05 0.00115633 1.24548e-05 3.95164e-05 1.03759e-05 8.38045e-06
0.871148 0.000980466 0.000991765 0.000969167 0.000106704 0.0001426 7.08086e-05 0.00106925 1.1299e-05 3.58956e-05 9.41757e-06 7.6092e-06
0.874539 0.000866153 0.000876377 0.000855929 9.46249e-05 0.000127149 6.21007e-05 0.000986608 1.02238e-05 3.25242e-05 8.52524e-06 6.89042e-06
0.87793 0.000762378 0.000771604 0.000753153 8.36593e-05 0.00011305 5.42684e-05 0.000908284 9.22537e-06 2.93909e-05 7.69597e-06 6.2219e-06
0.881321 0.000668455 0.000676755 0.000660155 7.37292e-05 0.000100214 4.72446e-05 0.000834174 8.30024e-06 2.64846e-05 6.92691e-06 5.60146e-06
0.884712 0.00058372 0.000591165 0.000576275 6.47594e-05 8.85538e-05 4.0965e-05 0.00076417 7.44485e-06 2.37944e-05 6.21527e-06 5.02693e-06
0.888102 0.000507532 0.000514187 0.000500876 5.66791e-05 7.79889e-05 3.53694e-05 0.000698161 6.65577e-06 2.13098e-05 5.55831e-06 4.4962e-06
0.891493 0.000439273 0.000445203 0.000433344 4.94207e-05 6.8441e-05 3.04004e-05 0.000636038 5.92963e-06 1.90203e-05 4.95333e-06 4.00717e-06
0.894884 0.000378351 0.000383614 0.000373088 4.29203e-05 5.98363e-05 2.60043e-05 0.000577689 5.26317e-06 1.6916e-05 4.39769e-06 3.55779e-06
0.898275 0.000324195 0.000328848 0.000319542 3.71171e-05 5.21041e-05 2.21301e-05 0.000523003 4.65316e-06 1.4987e-05 3.8888e-06 3.14603e-06
0.901666 0.000276261 0.000280357 0.000272164 3.1954e-05 4.51777e-05 1.87303e-05 0.000471866 4.09649e-06 1.32237e-05 3.42415e-06 2.76989e-06
0.905057 0.000234028 0.000237618 0.000230438 2.73769e-05 3.89936e-05 1.57602e-05 0.000424164 3.59011e-06 1.16167e-05 3.00124e-06 2.42744e-06
0.908447 0.000197001 0.000200132 0.00019387 2.3335e-05 3.3492e-05 1.3178e-05 0.000379784 3.13104e-06 1.0157e-05 2.61767e-06 2.11676e-06
0.911838 0.000164708 0.000167424 0.000161992 1.97803e-05 2.8616e-05 1.09446e-05 0.00033861 2.71639e-06 8.83568e-06 2.27107e-06 1.83596e-06
0.915229 0.000136705 0.000139048 0.000134362 1.66679e-05 2.43121e-05 9.02369e-06 0.000300526 2.34335e-06 7.64418e-06 1.95914e-06 1.58322e-06
0.91862 0.00011257 0.000114579 0.000110561 1.39557e-05 2.05298e-05 7.38156e-06 0.000265415 2.00917e-06 6.57413e-06 1.67962e-06 1.35675e-06
0.922011 9.19076e-05 9.36188e-05 9.01964e-05 1.16044e-05 1.72218e-05 5.98695e-06 0.000233159 1.71122e-06 5.6174e-06 1.43034e-06 1.15478e-06
0.925402 7.43455e-05 7.57924e-05 7.28987e-05 9.57719e-06 1.43433e-05 4.81104e-06 0.000203642 1.4469e-06 4.76615e-06 1.20917e-06 9.75625e-07
0.928792 5.95367e-05 6.07504e-05 5.83229e-05 7.84004e-06 1.18528e-05 3.82729e-06 0.000176743 1.21372e-06 4.01275e-06 1.01404e-06 8.17608e-07
0.932183 4.71577e-05 4.8167e-05 4.61484e-05 6.36122e-06 9.71104e-06 3.01141e-06 0.000152345 1.00928e-06 3.34981e-06 8.42955e-07 6.79118e-07
0.935574 3.69091e-05 3.77404e-05 3.60779e-05 5.11143e-06 7.88167e-06 2.3412e-06 0.000130327 8.31225e-07 2.77023e-06 6.93973e-07 5.58589e-07
0.938965 2.85146e-05 2.91919e-05 2.78373e-05 4.06361e-06 6.33073e-06 1.79649e-06 0.00011057 6.7732e-07 2.26712e-06 5.65223e-07 4.54501e-07
0.942356 2.17206e-05 2.2266e-05 2.11752e-05 3.1929e-06 5.02675e-06 1.35906e-06 9.29529e-05 5.45395e-07 1.83384e-06 4.54896e-07 3.65386e-07
0.945747 1.62958e-05 1.67291e-05 1.58624e-05 2.47652e-06 3.94056e-06 1.01249e-06 7.73554e-05 4.33369e-07 1.46403e-06 3.61254e-07 2.8983e-07
0.949137 1.20305e-05 1.23697e-05 1.16913e-05 1.89368e-06 3.04524e-06 7.42118e-07 6.36569e-05 3.39245e-07 1.15156e-06 2.82625e-07 2.26471e-07
0.952528 8.7362e-06 8.99731e-06 8.47508e-06 1.42549e-06 2.31605e-06 5.34937e-07 5.17366e-05 2.61114e-07 8.90558e-07 2.17408e-07 1.74002e-07
0.955919 6.24457e-06 6.44172e-06 6.04741e-06 1.0549e-06 1.73031e-06 3.79488e-07 4.1474e-05 1.97157e-07 6.7541e-07 1.64074e-07 1.31174e-07
0.95931 4.407e-06 4.55264e-06 4.26136e-06 7.66551e-07 1.26732e-06 2.65784e-07 3.2749e-05 1.45641e-07 5.00767e-07 1.21168e-07 9.67971e-08
0.962701 3.09378e-06 3.19871e-06 2.98885e-06 5.4676e-07 9.08303e-07 1.85217e-07 2.54422e-05 1.04928e-07 3.61543e-07 8.73098e-08 6.97416e-08
0.966092 2.19342e-06 2.26689e-06 2.11995e-06 3.83405e-07 6.36327e-07 1.30483e-07 1.94361e-05 7.34715e-08 2.52922e-07 6.11972e-08 4.8941e-08
0.969482 1.61209e-06 1.66191e-06 1.56227e-06 2.65869e-07 4.36233e-07 9.55045e-08 1.46153e-05 4.98218e-08 1.70364e-07 4.16075e-08 3.3394e-08
0.972873 1.27331e-06 1.30594e-06 1.24069e-06 1.84998e-07 2.9461e-07 7.53861e-08 1.08694e-05 3.26266e-08 1.09612e-07 2.73998e-08 2.21665e-08
0.976264 1.11841e-06 1.13904e-06 1.09777e-06 1.33109e-07 1.99807e-07 6.6411e-08 8.09645e-06 2.0634e-08 6.66982e-08 1.75182e-08 1.43941e-08
0.979655 1.10901e-06 1.1217e-06 1.09631e-06 1.04125e-07 1.42083e-07 6.61674e-08 6.21319e-06 1.26953e-08 3.79579e-08 1.09929e-08 9.2835e-09
0.983046 1.23632e-06 1.24408e-06 1.22855e-06 9.41218e-08 1.1416e-07 7.40837e-08 5.18157e-06 7.76492e-09 2.0038e-08 6.9409e-09 6.11238e-09
0.986437 1.55947e-06 1.56437e-06 1.55458e-06 1.03635e-07 1.13545e-07 9.37241e-08 5.10439e-06 4.89375e-09 9.91067e-09 4.5582e-09 4.22033e-09
0.989827 2.48621e-06 2.48938e-06 2.48303e-06 1.54565e-07 1.59434e-07 1.49696e-07 6.77241e-06 3.17431e-09 4.86907e-09 3.06143e-09 2.94758e-09
0.993218 1.14178e-05 1.14181e-05 1.14174e-05 6.91294e-07 6.9426e-07 6.88328e-07 3.9146e-05 3.49184e-10 2.96563e-09 1.7544e-10 2.11758e-22
4.27812e-314 inf inf inf inf inf inf 0.00028559 13.4054 0.559417 0.350727 0.189422
