9.72476e-05 82.0204 83.3063 80.7345 48.7023 49.6797 47.7249 40.0776 1.28591 0.97742 0.587246 0.578223
0.0001 81.3642 82.6426 80.0857 48.3326 49.304 47.3612 39.6989 1.27843 0.971402 0.582658 0.573538
0.00010283 80.7196 81.9906 79.4486 47.9689 48.9343 47.0035 39.3231 1.27099 0.965419 0.578103 0.568884
0.000105741 80.1096 81.3732 78.846 47.6231 48.5825 46.6636 38.9503 1.26359 0.959471 0.573579 0.564261
0.000108734 79.4479 80.7041 78.1917 47.2505 48.2041 46.297 38.5805 1.25623 0.953558 0.569087 0.559669
0.000111811 78.7907 80.0397 77.5418 46.8803 47.828 45.9326 38.2135 1.24891 0.947681 0.564628 0.555109
0.000114976 78.138 79.3796 76.8964 46.5124 47.4542 45.5705 37.8495 1.24163 0.941838 0.5602 0.550578
0.00011823 77.4897 78.7241 76.2553 46.1467 47.0828 45.2107 37.4883 1.23439 0.936029 0.555804 0.546078
0.000121576 76.8459 78.0731 75.6187 45.7834 46.7136 44.8531 37.13 1.22719 0.930255 0.551439 0.541609
0.000125017 76.2065 77.4266 74.9865 45.4223 46.3468 44.4978 36.7745 1.22003 0.924515 0.547105 0.537169
0.000128556 75.5715 76.7844 74.3586 45.0634 45.9822 44.1446 36.4218 1.21291 0.918809 0.542802 0.532759
0.000132194 74.9409 76.1467 73.735 44.7068 45.62 43.7937 36.0719 1.20583 0.913137 0.53853 0.52838
0.000135936 74.3145 75.5133 73.1158 44.3525 45.26 43.445 35.7248 1.19879 0.907498 0.534289 0.52403
0.000139783 73.6925 74.8843 72.5007 44.0003 44.9022 43.0984 35.3805 1.19178 0.901892 0.530078 0.519709
0.000143739 73.0748 74.2596 71.89 43.6504 44.5467 42.754 35.0389 1.18481 0.89632 0.525897 0.515418
0.000147808 72.4613 73.6392 71.2834 43.3026 44.1934 42.4118 34.7001 1.17788 0.89078 0.521747 0.511155
0.000151991 71.8521 73.0231 70.6811 42.957 43.8423 42.0717 34.3639 1.17099 0.885273 0.517626 0.506921
0.000156293 71.2471 72.4112 70.0829 42.6136 43.4934 41.7338 34.0304 1.16414 0.879799 0.513536 0.502717
0.000160717 70.6462 71.8035 69.4889 42.2724 43.1467 41.398 33.6996 1.15732 0.874357 0.509475 0.49854
0.000165265 70.0495 71.2001 68.899 41.9332 42.8022 41.0643 33.3715 1.15054 0.868947 0.505443 0.494392
0.000169943 69.457 70.6008 68.3132 41.5963 42.4599 40.7328 33.046 1.1438 0.86357 0.501442 0.490273
0.000174753 68.8686 70.0057 67.7315 41.2615 42.1197 40.4033 32.7231 1.13709 0.858224 0.497469 0.486181
0.000179699 68.2842 69.4146 67.1538 40.9288 41.7817 40.0759 32.4028 1.13042 0.852909 0.493525 0.482117
0.000184785 67.704 68.8278 66.5802 40.5982 41.4458 39.7506 32.085 1.12378 0.847627 0.489611 0.478082
0.000190015 67.1277 68.2449 66.0105 40.2697 41.1121 39.4273 31.7699 1.11718 0.842375 0.485724 0.474073
0.000195393 66.5555 67.6661 65.4449 39.9433 40.7805 39.1061 31.4573 1.11062 0.837154 0.481867 0.470092
0.000200923 65.9873 67.0914 64.8832 39.619 40.4509 38.787 31.1472 1.10409 0.831965 0.478037 0.466138
0.00020661 65.4231 66.5207 64.3255 39.2967 40.1235 38.4699 30.8396 1.0976 0.826806 0.474237 0.462211
0.000212458 64.8627 65.9539 63.7716 38.9764 39.7981 38.1548 30.5346 1.09114 0.821677 0.470463 0.458311
0.000218471 64.3064 65.3911 63.2217 38.6583 39.4749 37.8417 30.2319 1.08471 0.816579 0.466719 0.454438
0.000224655 63.754 64.8323 62.6756 38.3421 39.1536 37.5306 29.9318 1.07832 0.811511 0.463002 0.450592
0.000231013 63.2053 64.2773 62.1334 38.028 38.8345 37.2215 29.6341 1.07196 0.806472 0.459312 0.446771
0.000237551 62.6607 63.7263 61.595 37.7159 38.5174 36.9144 29.3388 1.06564 0.801464 0.455651 0.442978
0.000244275 62.1197 63.1791 61.0604 37.4058 38.2022 36.6093 29.046 1.05935 0.796485 0.452016 0.43921
0.000251189 61.5827 62.6357 60.5296 37.0976 37.8892 36.3061 28.7555 1.0531 0.791536 0.448409 0.435468
0.000258298 61.0494 62.0962 60.0025 36.7915 37.5781 36.0049 28.4674 1.04687 0.786615 0.444829 0.431752
0.000265609 60.5199 61.5605 59.4792 36.4873 37.269 35.7056 28.1817 1.04068 0.781724 0.441275 0.428062
0.000273126 59.994 61.0286 58.9595 36.1851 36.9619 35.4082 27.8983 1.03453 0.776862 0.437749 0.424396
0.000280857 59.472 60.5004 58.4436 35.8848 36.6568 35.1128 27.6172 1.0284 0.772028 0.434249 0.420757
0.000288806 58.9537 59.976 57.9314 35.5865 36.3537 34.8193 27.3385 1.02231 0.767223 0.430776 0.417143
0.00029698 58.439 59.4552 57.4227 35.2901 36.0525 34.5276 27.062 1.01625 0.762446 0.427328 0.413553
0.000305386 57.928 58.9382 56.9178 34.9956 35.7533 34.2379 26.7878 1.01022 0.757698 0.423908 0.409989
0.000314029 57.4206 58.4248 56.4163 34.703 35.456 33.95 26.5159 1.00422 0.752977 0.420512 0.406449
0.000322917 56.9168 57.9151 55.9186 34.4123 35.1606 33.664 26.2463 0.998258 0.748284 0.417143 0.402933
0.000332057 56.4166 57.4089 55.4243 34.1235 34.8671 33.3799 25.9788 0.992323 0.743619 0.4138 0.399443
0.000341455 55.92 56.9065 54.9336 33.8366 34.5756 33.0976 25.7136 0.986419 0.738981 0.410482 0.395976
0.000351119 55.427 56.4075 54.4465 33.5516 34.2859 32.8172 25.4506 0.980545 0.73437 0.40719 0.392534
0.000361057 54.9375 55.9122 53.9628 33.2684 33.9982 32.5386 25.1898 0.974702 0.729787 0.403923 0.389115
0.000371276 54.4515 55.4204 53.4826 32.987 33.7123 32.2618 24.9311 0.968889 0.72523 0.400682 0.385721
0.000381784 53.9689 54.9321 53.0058 32.7075 33.4282 31.9868 24.6746 0.963105 0.720701 0.397465 0.38235
0.00039259 53.4899 54.4473 52.5325 32.4298 33.146 31.7136 24.4203 0.957351 0.716198 0.394273 0.379002
0.000403702 53.0143 53.9659 52.0626 32.154 32.8657 31.4423 24.168 0.951627 0.711721 0.391106 0.375678
0.000415128 52.5421 53.488 51.5962 31.8799 32.5872 31.1727 23.9179 0.945931 0.70727 0.387964 0.372377
0.000426877 52.0733 53.0136 51.133 31.6077 32.3105 30.9048 23.6699 0.940265 0.702846 0.384846 0.3691
0.000438959 51.6079 52.5426 50.6733 31.3373 32.0357 30.6388 23.424 0.934627 0.698448 0.381752 0.365845
0.000451383 51.1459 52.0749 50.2169 31.0686 31.7626 30.3745 23.1801 0.929018 0.694075 0.378683 0.362613
0.000464159 50.6872 51.6106 49.7638 30.8017 31.4914 30.1119 22.9383 0.923437 0.689728 0.375638 0.359404
0.000477296 50.2319 51.1497 49.314 30.5365 31.2219 29.8511 22.6985 0.917884 0.685406 0.372617 0.356218
0.000490805 49.7798 50.6921 48.8674 30.2731 30.9542 29.592 22.4607 0.912358 0.681109 0.369619 0.353053
0.000504697 49.331 50.2379 48.4241 30.0115 30.6883 29.3346 22.225 0.906861 0.676838 0.366645 0.349911
0.000518981 48.8855 49.7869 47.9841 29.7516 30.4242 29.079 21.9912 0.90139 0.672591 0.363695 0.346792
0.00053367 48.4432 49.3392 47.5473 29.4934 30.1618 28.825 21.7595 0.895946 0.668369 0.360768 0.343694
0.000548775 48.0042 48.8947 47.1136 29.2369 29.9011 28.5727 21.5297 0.89053 0.664172 0.357864 0.340618
0.000564307 47.5684 48.4535 46.6832 28.9822 29.6422 28.3222 21.3018 0.885139 0.659999 0.354984 0.337564
0.000580278 47.1357 48.0155 46.2559 28.7291 29.3849 28.0732 21.0759 0.879775 0.65585 0.352126 0.334531
0.000596702 46.7062 47.5807 45.8318 28.4777 29.1294 27.826 20.8519 0.874437 0.651726 0.349292 0.33152
0.000613591 46.2799 47.149 45.4108 28.228 28.8756 27.5804 20.6298 0.869125 0.647625 0.34648 0.32853
0.000630957 45.8567 46.7205 44.9928 27.9799 28.6235 27.3364 20.4097 0.863839 0.643548 0.343691 0.325561
0.000648815 45.4366 46.2952 44.578 27.7336 28.3731 27.0941 20.1914 0.858578 0.639495 0.340924 0.322613
0.000667179 45.0196 45.873 44.1663 27.4888 28.1243 26.8534 19.975 0.853341 0.635465 0.338179 0.319686
0.000686062 44.6057 45.4538 43.7576 27.2457 27.8772 26.6143 19.7604 0.84813 0.631458 0.335457 0.31678
0.00070548 44.1948 45.0377 43.3519 27.0043 27.6318 26.3768 19.5477 0.842944 0.627474 0.332757 0.313895
0.000725448 43.787 44.6247 42.9492 26.7645 27.388 26.141 19.3368 0.837781 0.623513 0.330078 0.31103
0.00074598 43.3821 44.2148 42.5495 26.5262 27.1458 25.9067 19.1278 0.832643 0.619575 0.327422 0.308186
0.000767094 42.9803 43.8078 42.1528 26.2896 26.9053 25.674 18.9205 0.827529 0.61566 0.324787 0.305362
0.000788805 42.5815 43.4039 41.759 26.0546 26.6664 25.4429 18.715 0.822439 0.611767 0.322174 0.302558
0.000811131 42.1856 43.003 41.3682 25.8212 26.4291 25.2133 18.5114 0.817371 0.607896 0.319582 0.299774
0.000834088 41.7926 42.605 40.9803 25.5894 26.1934 24.9853 18.3095 0.812327 0.604047 0.317011 0.29701
0.000857696 41.4026 42.2099 40.5953 25.3591 25.9593 24.7589 18.1093 0.807306 0.60022 0.314462 0.294265
0.000881971 41.0155 41.8178 40.2132 25.1304 25.7268 24.534 17.9109 0.802308 0.596415 0.311933 0.29154
0.000906934 40.6313 41.4286 39.8339 24.9032 25.4958 24.3106 17.7142 0.797332 0.592632 0.309426 0.288835
0.000932603 40.2499 41.0423 39.4576 24.6776 25.2665 24.0887 17.5192 0.792378 0.58887 0.306939 0.286149
0.000958999 39.8714 40.6589 39.084 24.4535 25.0387 23.8684 17.326 0.787446 0.585129 0.304473 0.283482
0.000986142 39.4958 40.2783 38.7132 24.231 24.8124 23.6496 17.1344 0.782535 0.581409 0.302027 0.280835
0.00101405 39.1229 39.9006 38.3453 24.01 24.5877 23.4323 16.9445 0.777646 0.57771 0.299602 0.278206
0.00104275 38.7529 39.5256 37.9801 23.7905 24.3645 23.2164 16.7563 0.772778 0.574032 0.297197 0.275597
0.00107227 38.3856 39.1536 37.6177 23.5725 24.1428 23.0021 16.5697 0.767931 0.570375 0.294812 0.273006
0.00110262 38.0211 38.7842 37.258 23.3559 23.9227 22.7892 16.3848 0.763105 0.566738 0.292446 0.270434
0.00113382 37.6594 38.4177 36.9011 23.1409 23.704 22.5778 16.2015 0.758299 0.563121 0.290101 0.26788
0.00116591 37.3004 38.0539 36.5469 22.9273 23.4869 22.3678 16.0199 0.753513 0.559525 0.287775 0.265345
0.00119891 36.9441 37.6928 36.1953 22.7152 23.2712 22.1593 15.8398 0.748747 0.555948 0.285469 0.262828
0.00123285 36.5905 37.3345 35.8465 22.5046 23.057 21.9522 15.6613 0.744 0.552392 0.283183 0.260329
0.00126774 36.2396 36.9788 35.5003 22.2955 22.8443 21.7466 15.4844 0.739273 0.548855 0.280915 0.257848
0.00130362 35.8913 36.6259 35.1567 22.0877 22.6331 21.5424 15.3091 0.734565 0.545337 0.278667 0.255385
0.00134052 35.5457 36.2756 34.8158 21.8814 22.4233 21.3396 15.1354 0.729876 0.541839 0.276438 0.25294
0.00137846 35.2027 35.9279 34.4775 21.6766 22.2149 21.1382 14.9632 0.725205 0.538359 0.274228 0.250512
0.00141747 34.8624 35.5829 34.1418 21.4731 22.008 20.9382 14.7926 0.720553 0.534899 0.272036 0.248102
0.00145759 34.5246 35.2405 33.8087 21.2711 21.8026 20.7396 14.6234 0.715918 0.531458 0.269863 0.24571
0.00149885 34.1894 34.9007 33.4781 21.0705 21.5985 20.5424 14.4558 0.711302 0.528035 0.267709 0.243335
0.00154127 33.8568 34.5635 33.1501 20.8712 21.3959 20.3466 14.2897 0.706703 0.524631 0.265572 0.240977
0.00158489 33.5267 34.2288 32.8246 20.6734 21.1946 20.1521 14.1251 0.702121 0.521245 0.263454 0.238636
0.00162975 33.1992 33.8968 32.5016 20.4769 20.9948 19.959 13.962 0.697556 0.517877 0.261354 0.236313
0.00167588 32.8742 33.5672 32.1812 20.2818 20.7963 19.7673 13.8004 0.693007 0.514528 0.259272 0.234006
0.00172331 32.5517 33.2401 31.8632 20.0881 20.5993 19.5769 13.6402 0.688475 0.511196 0.257208 0.231715
0.00177209 32.2316 32.9156 31.5477 19.8957 20.4036 19.3878 13.4814 0.683959 0.507881 0.255161 0.229442
0.00182224 31.9141 32.5935 31.2346 19.7047 20.2093 19.2001 13.3241 0.679459 0.504585 0.253132 0.227185
0.00187382 31.599 32.2739 30.924 19.515 20.0163 19.0137 13.1683 0.674975 0.501305 0.25112 0.224945
0.00192685 31.2863 31.9568 30.6158 19.3266 19.8247 18.8286 13.0138 0.670505 0.498043 0.249125 0.22272
0.00198139 30.976 31.6421 30.31 19.1396 19.6344 18.6448 12.8608 0.666051 0.494798 0.247148 0.220512
0.00203747 30.6682 31.3298 30.0066 18.9539 19.4454 18.4623 12.7092 0.661612 0.491569 0.245187 0.218321
0.00209514 30.3627 31.0199 29.7055 18.7695 19.2578 18.2811 12.5589 0.657187 0.488357 0.243243 0.216145
0.00215443 30.0596 30.7124 29.4068 18.5864 19.0715 18.1012 12.41 0.652776 0.485162 0.241315 0.213985
0.00221541 29.7589 30.4073 29.1105 18.4046 18.8865 17.9226 12.2625 0.648379 0.481983 0.239404 0.21184
0.00227812 29.4605 30.1045 28.8165 18.224 18.7029 17.7452 12.1164 0.643995 0.47882 0.237509 0.209712
0.00234259 29.1645 29.8041 28.5248 18.0448 18.5205 17.5691 11.9716 0.639625 0.475674 0.235631 0.207599
0.0024089 28.8707 29.506 28.2355 17.8668 18.3394 17.3943 11.8281 0.635268 0.472543 0.233768 0.205501
0.00247708 28.5793 29.2102 27.9484 17.6901 18.1595 17.2207 11.686 0.630923 0.469427 0.231921 0.203419
0.00254719 28.2901 28.9167 27.6635 17.5147 17.981 17.0483 11.5452 0.626592 0.466328 0.23009 0.201352
0.00261928 28.0033 28.6255 27.381 17.3404 17.8037 16.8772 11.4057 0.622272 0.463243 0.228274 0.1993
0.00269341 27.7186 28.3366 27.1007 17.1675 17.6276 16.7073 11.2674 0.617964 0.460174 0.226474 0.197263
0.00276965 27.4363 28.0499 26.8226 16.9957 17.4528 16.5386 11.1305 0.613667 0.457119 0.224689 0.195242
0.00284804 27.1561 27.7655 26.5467 16.8252 17.2793 16.3711 10.9949 0.609382 0.45408 0.222919 0.193234
0.00292864 26.8781 27.4832 26.273 16.6559 17.107 16.2049 10.8605 0.605108 0.451055 0.221164 0.191242
0.00301153 26.6024 27.2032 26.0015 16.4878 16.9359 16.0398 10.7274 0.600845 0.448044 0.219423 0.189264
0.00309677 26.3288 26.9254 25.7322 16.3209 16.766 15.8759 10.5955 0.596592 0.445048 0.217697 0.187301
0.00318442 26.0574 26.6498 25.4651 16.1553 16.5973 15.7132 10.4649 0.592349 0.442066 0.215985 0.185352
0.00327455 25.7882 26.3763 25.2 15.9908 16.4299 15.5517 10.3355 0.588116 0.439098 0.214288 0.183418
0.00336723 25.521 26.1049 24.9372 15.8275 16.2636 15.3913 10.2073 0.583892 0.436143 0.212604 0.181497
0.00346253 25.2561 25.8357 24.6764 15.6653 16.0985 15.2321 10.0803 0.579678 0.433202 0.210934 0.179591
0.00356053 24.9932 25.5686 24.4177 15.5043 15.9346 15.0741 9.95454 0.575472 0.430275 0.209278 0.177699
0.00366131 24.7324 25.3037 24.1611 15.3445 15.7719 14.9172 9.82997 0.571275 0.427361 0.207635 0.17582
0.00376494 24.4737 25.0408 23.9066 15.1859 15.6103 14.7614 9.70658 0.567087 0.424459 0.206006 0.173956
0.0038715 24.217 24.78 23.6541 15.0284 15.4499 14.6068 9.58437 0.562906 0.421571 0.20439 0.172105
0.00398107 23.9625 24.5212 23.4037 14.872 15.2907 14.4533 9.46333 0.558734 0.418695 0.202786 0.170268
0.00409375 23.7099 24.2645 23.1554 14.7167 15.1326 14.3009 9.34344 0.554568 0.415832 0.201196 0.168444
0.00420962 23.4594 24.0098 22.909 14.5626 14.9756 14.1496 9.2247 0.55041 0.412981 0.199618 0.166633
0.00432876 23.2109 23.7572 22.6647 14.4096 14.8197 13.9995 9.1071 0.546258 0.410142 0.198052 0.164836
0.00445128 22.9644 23.5065 22.4223 14.2577 14.665 13.8504 8.99063 0.542114 0.407316 0.196498 0.163053
0.00457727 22.7199 23.2579 22.1819 14.1069 14.5114 13.7024 8.87529 0.537975 0.404501 0.194956 0.161282
0.00470682 22.4774 23.0112 21.9435 13.9572 14.3589 13.5555 8.76106 0.533842 0.401697 0.193426 0.159524
0.00484003 22.2368 22.7665 21.707 13.8086 14.2075 13.4097 8.64794 0.529715 0.398905 0.191908 0.157779
0.00497702 21.9981 22.5237 21.4725 13.6611 14.0572 13.2649 8.53591 0.525593 0.396124 0.1904 0.156047
0.00511789 21.7614 22.2829 21.2399 13.5146 13.908 13.1212 8.42497 0.521477 0.393354 0.188904 0.154328
0.00526274 21.5266 22.044 21.0093 13.3692 13.7598 12.9786 8.31511 0.517365 0.390595 0.187419 0.152621
0.0054117 21.2937 21.807 20.7805 13.2249 13.6127 12.837 8.20633 0.513257 0.387847 0.185944 0.150927
0.00556486 21.0628 21.5719 20.5536 13.0816 13.4667 12.6965 8.0986 0.509154 0.385109 0.18448 0.149246
0.00572237 20.8337 21.3387 20.3286 12.9394 13.3218 12.557 7.99194 0.505055 0.382382 0.183027 0.147576
0.00588433 20.6064 21.1074 20.1054 12.7982 13.1779 12.4185 7.88632 0.500959 0.379664 0.181583 0.145919
0.00605088 20.381 20.8779 19.8841 12.658 13.035 12.2811 7.78173 0.496867 0.376957 0.180149 0.144275
0.00622213 20.1574 20.6502 19.6647 12.5189 12.8932 12.1446 7.67818 0.492777 0.374259 0.178724 0.142642
0.00639824 19.9357 20.4244 19.447 12.3808 12.7524 12.0092 7.57566 0.488691 0.37157 0.177309 0.141021
0.00657933 19.7158 20.2004 19.2312 12.2437 12.6126 11.8748 7.47414 0.484607 0.368891 0.175903 0.139412
0.00676555 19.4977 19.9782 19.0171 12.1076 12.4738 11.7414 7.37363 0.480525 0.366221 0.174506 0.137815
0.00695704 19.2813 19.7578 18.8049 11.9725 12.3361 11.6089 7.27413 0.476445 0.36356 0.173118 0.13623
0.00715394 19.0668 19.5392 18.5944 11.8384 12.1993 11.4775 7.17561 0.472367 0.360908 0.171738 0.134656
0.00735642 18.854 19.3223 18.3857 11.7053 12.0635 11.347 7.07808 0.46829 0.358264 0.170366 0.133094
0.00756463 18.643 19.1072 18.1788 11.5731 11.9288 11.2175 6.98152 0.464215 0.355628 0.169002 0.131543
0.00777874 18.4337 18.8938 17.9735 11.442 11.795 11.089 6.88593 0.46014 0.353001 0.167646 0.130004
0.0079989 18.2261 18.6821 17.77 11.3117 11.6621 10.9614 6.79131 0.456066 0.350381 0.166297 0.128476
0.0082253 18.0202 18.4722 17.5682 11.1825 11.5303 10.8347 6.69763 0.451993 0.34777 0.164955 0.126959
0.0084581 17.8161 18.264 17.3681 11.0542 11.3994 10.709 6.6049 0.447919 0.345165 0.16362 0.125453
0.00869749 17.6136 18.0574 17.1697 10.9269 11.2694 10.5843 6.5131 0.443846 0.342568 0.162292 0.123959
0.00894366 17.4128 17.8526 16.973 10.8004 11.1404 10.4605 6.42224 0.439772 0.339978 0.160971 0.122475
0.00919679 17.2137 17.6494 16.778 10.675 11.0124 10.3376 6.3323 0.435698 0.337396 0.159655 0.121002
0.00945709 17.0162 17.4478 16.5845 10.5504 10.8852 10.2156 6.24328 0.431624 0.334819 0.158345 0.11954
0.00972476 16.8203 17.2479 16.3928 10.4268 10.759 10.0945 6.15516 0.427548 0.33225 0.157041 0.118088
0.01 16.6261 17.0496 16.2026 10.304 10.6337 9.97434 6.06794 0.423471 0.329686 0.155743 0.116647
0.010283 16.4335 16.8529 16.0141 10.1822 10.5093 9.85507 5.98162 0.419393 0.327129 0.154449 0.115217
0.0105741 16.2425 16.6578 15.8272 10.0613 10.3859 9.7367 5.89618 0.415314 0.324577 0.15316 0.113797
0.0108734 16.0531 16.4643 15.6419 9.94124 10.2633 9.61921 5.81163 0.411233 0.322032 0.151876 0.112388
0.0111811 15.8652 16.2724 15.4581 9.82209 10.1416 9.5026 5.72794 0.40715 0.319491 0.150596 0.110989
0.0114976 15.679 16.082 15.2759 9.70382 10.0208 9.38687 5.64512 0.403065 0.316956 0.14932 0.1096
0.011823 15.4943 15.8932 15.0953 9.58643 9.90085 9.272 5.56316 0.398978 0.314426 0.148047 0.108221
0.0121576 15.3111 15.706 14.9162 9.46989 9.78179 9.15799 5.48205 0.394889 0.311901 0.146779 0.106852
0.0125017 15.1295 15.5203 14.7387 9.35422 9.6636 9.04484 5.40178 0.390798 0.30938 0.145513 0.105493
0.0128556 14.9493 15.336 14.5626 9.2394 9.54626 8.93253 5.32235 0.386704 0.306864 0.14425 0.104144
0.0132194 14.7707 15.1533 14.3881 9.12542 9.42977 8.82107 5.24375 0.382607 0.304352 0.14299 0.102805
0.0135936 14.5936 14.9721 14.2151 9.01229 9.31413 8.71044 5.16598 0.378508 0.301844 0.141732 0.101476
0.0139783 14.418 14.7924 14.0436 8.89998 9.19932 8.60064 5.08902 0.374407 0.29934 0.140477 0.100156
0.0143739 14.2438 14.6141 13.8735 8.78851 9.08535 8.49167 5.01287 0.370302 0.296839 0.139223 0.098846
0.0147808 14.0711 14.4373 13.7049 8.67786 8.9722 8.38352 4.93752 0.366195 0.294342 0.13797 0.0975455
0.0151991 13.8999 14.262 13.5378 8.56802 8.85986 8.27617 4.86297 0.362085 0.291848 0.136719 0.0962544
0.0156293 13.7301 14.088 13.3721 8.45898 8.74834 8.16963 4.78921 0.357972 0.289356 0.135469 0.0949727
0.0160717 13.5617 13.9155 13.2078 8.35075 8.63762 8.06388 4.71623 0.353857 0.286868 0.13422 0.0937004
0.0165265 13.3947 13.7444 13.045 8.24332 8.5277 7.95893 4.64403 0.349738 0.284382 0.132971 0.0924373
0.0169943 13.2291 13.5747 12.8835 8.13667 8.41856 7.85477 4.5726 0.345617 0.281898 0.131723 0.0911833
0.0174753 13.065 13.4064 12.7235 8.0308 8.31022 7.75139 4.50194 0.341493 0.279417 0.130474 0.0899385
0.0179699 12.9022 13.2395 12.5648 7.92571 8.20265 7.64878 4.43203 0.337367 0.276937 0.129225 0.0887027
0.0184785 12.7407 13.074 12.4075 7.82139 8.09585 7.54694 4.36287 0.333238 0.274459 0.127976 0.087476
0.0190015 12.5807 12.9098 12.2516 7.71784 7.98982 7.44586 4.29445 0.329106 0.271983 0.126725 0.0862582
0.0195393 12.4219 12.7469 12.097 7.61504 7.88455 7.34553 4.22678 0.324973 0.269507 0.125474 0.0850492
0.0200923 12.2646 12.5854 11.9437 7.51299 7.78003 7.24596 4.15983 0.320837 0.267033 0.124222 0.083849
0.020661 12.1085 12.4252 11.7918 7.41169 7.67625 7.14713 4.09361 0.316699 0.26456 0.122968 0.0826575
0.0212458 11.9537 12.2663 11.6412 7.31113 7.57321 7.04904 4.02811 0.312559 0.262087 0.121712 0.0814747
0.0218471 11.8003 12.1087 11.4919 7.21129 7.47091 6.95168 3.96332 0.308418 0.259615 0.120454 0.0803005
0.0224655 11.6481 11.9524 11.3439 7.11219 7.36933 6.85505 3.89924 0.304276 0.257143 0.119195 0.0791349
0.0231013 11.4973 11.7974 11.1971 7.0138 7.26847 6.75913 3.83585 0.300133 0.254671 0.117932 0.0779778
0.0237551 11.3477 11.6436 11.0517 6.91613 7.16833 6.66393 3.77317 0.295989 0.252199 0.116668 0.0768292
0.0244275 11.1993 11.4911 10.9075 6.81917 7.0689 6.56944 3.71117 0.291844 0.249727 0.115401 0.0756889
0.0251189 11.0522 11.3399 10.7645 6.72291 6.97017 6.47566 3.64985 0.2877 0.247254 0.11413 0.074557
0.0258298 10.9063 11.1899 10.6228 6.62735 6.87213 6.38256 3.5892 0.283555 0.244781 0.112857 0.0734333
0.0265609 10.7617 11.0411 10.4823 6.53247 6.77478 6.29016 3.52923 0.279412 0.242307 0.111581 0.0723179
0.0273126 10.6182 10.8935 10.343 6.43828 6.67811 6.19845 3.46992 0.275269 0.239831 0.110301 0.0712107
0.0280857 10.476 10.7471 10.2049 6.34477 6.58212 6.10741 3.41127 0.271128 0.237355 0.109018 0.0701116
0.0288806 10.335 10.602 10.068 6.25193 6.4868 6.01705 3.35327 0.266989 0.234877 0.107731 0.0690206
0.029698 10.1951 10.458 9.93225 6.15975 6.39215 5.92735 3.29591 0.262853 0.232397 0.106441 0.0679376
0.0305386 10.0564 10.3151 9.79769 6.06824 6.29815 5.83832 3.2392 0.258719 0.229916 0.105147 0.0668627
0.0314029 9.91887 10.1735 9.66428 5.97738 6.20481 5.74995 3.18312 0.254589 0.227433 0.103849 0.0657957
0.0322917 9.78248 10.0329 9.53202 5.88717 6.11212 5.66222 3.12767 0.250463 0.224948 0.102547 0.0647366
0.0332057 9.64723 9.89357 9.40089 5.7976 6.02006 5.57514 3.07284 0.246342 0.22246 0.101241 0.0636854
0.0341455 9.5131 9.75533 9.27088 5.70867 5.92864 5.4887 3.01862 0.242227 0.219971 0.0999314 0.062642
0.0351119 9.38009 9.6182 9.14197 5.62037 5.83785 5.4029 2.96502 0.238117 0.217479 0.0986175 0.0616064
0.0361057 9.24817 9.48219 9.01416 5.5327 5.74769 5.31772 2.91202 0.234014 0.214984 0.0972997 0.0605786
0.0371276 9.11735 9.34727 8.88743 5.44565 5.65814 5.23317 2.85962 0.229919 0.212486 0.0959778 0.0595585
0.0381784 8.98761 9.21344 8.76178 5.35922 5.56921 5.14923 2.80782 0.225831 0.209986 0.094652 0.0585461
0.039259 8.85894 9.08069 8.63719 5.2734 5.48088 5.06591 2.7566 0.221753 0.207483 0.0933222 0.0575414
0.0403702 8.73133 8.94902 8.51365 5.18818 5.39315 4.9832 2.70597 0.217685 0.204977 0.0919886 0.0565443
0.0415128 8.60477 8.81839 8.39114 5.10356 5.30603 4.90109 2.65591 0.213627 0.202467 0.0906513 0.0555548
0.0426877 8.47924 8.68882 8.26966 5.01954 5.21949 4.81958 2.60643 0.20958 0.199955 0.0893103 0.054573
0.0438959 8.35474 8.56028 8.14919 4.9361 5.13354 4.73866 2.55751 0.205546 0.197439 0.0879657 0.0535986
0.0451383 8.23125 8.43277 8.02972 4.85325 5.04817 4.65833 2.50915 0.201525 0.194919 0.0866178 0.0526319
0.0464159 8.10876 8.30628 7.91124 4.77098 4.96338 4.57858 2.46134 0.197518 0.192397 0.0852667 0.0516726
0.0477296 7.98727 8.18079 7.79374 4.68928 4.87915 4.49941 2.41409 0.193527 0.18987 0.0839125 0.0507209
0.0490805 7.86676 8.05631 7.67721 4.60816 4.7955 4.42082 2.36738 0.189551 0.187341 0.0825554 0.0497766
0.0504697 7.74721 7.93281 7.56162 4.5276 4.7124 4.34279 2.32121 0.185593 0.184807 0.0811957 0.0488398
0.0518981 7.62863 7.81028 7.44698 4.4476 4.62987 4.26533 2.27557 0.181653 0.182271 0.0798337 0.0479105
0.053367 7.51099 7.68872 7.33326 4.36816 4.54789 4.18843 2.23046 0.177731 0.17973 0.0784695 0.0469887
0.0548775 7.39429 7.56812 7.22046 4.28927 4.46645 4.11208 2.18587 0.17383 0.177187 0.0771034 0.0460742
0.0564307 7.27852 7.44847 7.10857 4.21093 4.38556 4.03629 2.1418 0.169951 0.174639 0.0757358 0.0451673
0.0580278 7.16366 7.32975 6.99756 4.13313 4.30522 3.96104 2.09825 0.166093 0.172088 0.074367 0.0442678
0.0596702 7.04969 7.21195 6.88743 4.05587 4.22541 3.88634 2.0552 0.16226 0.169534 0.0729973 0.0433757
0.0613591 6.93662 7.09507 6.77817 3.97915 4.14613 3.81218 2.01266 0.158451 0.166977 0.071627 0.042491
0.0630957 6.82443 6.9791 6.66977 3.90296 4.06738 3.73855 1.97062 0.154667 0.164416 0.0702566 0.0416138
0.0648815 6.71311 6.86402 6.5622 3.82731 3.98916 3.66546 1.92906 0.150911 0.161852 0.0688865 0.0407441
0.0667179 6.60264 6.74983 6.45546 3.75218 3.91147 3.5929 1.888 0.147182 0.159285 0.0675169 0.0398818
0.0686062 6.49302 6.6365 6.34954 3.67758 3.83429 3.52086 1.84742 0.143483 0.156715 0.0661484 0.0390271
0.070548 6.38423 6.52405 6.24442 3.6035 3.75764 3.44935 1.80732 0.139814 0.154143 0.0647815 0.0381798
0.0725448 6.27626 6.41244 6.14009 3.52993 3.6815 3.37837 1.7677 0.136177 0.151568 0.0634165 0.03734
0.074598 6.16911 6.30168 6.03653 3.45689 3.60588 3.3079 1.72854 0.132573 0.148991 0.0620539 0.0365077
0.0767094 6.06275 6.19175 5.93374 3.38436 3.53077 3.23794 1.68986 0.129002 0.146411 0.0606943 0.035683
0.0788805 5.95717 6.08264 5.83171 3.31234 3.45617 3.16851 1.65163 0.125467 0.14383 0.0593382 0.0348659
0.0811131 5.85237 5.97434 5.73041 3.24083 3.38208 3.09958 1.61386 0.121968 0.141247 0.057986 0.0340564
0.0834088 5.74834 5.86684 5.62983 3.16984 3.3085 3.03117 1.57655 0.118506 0.138663 0.0566382 0.0332546
0.0857696 5.64505 5.76014 5.52997 3.09935 3.23543 2.96327 1.53968 0.115083 0.136078 0.0552956 0.0324604
0.0881971 5.54251 5.65421 5.43081 3.02937 3.16287 2.89588 1.50326 0.1117 0.133493 0.0539584 0.031674
0.0906934 5.44069 5.54905 5.33233 2.95991 3.09082 2.829 1.46728 0.108357 0.130907 0.0526274 0.0308953
0.0932603 5.33959 5.44465 5.23453 2.89095 3.01928 2.76263 1.43174 0.105057 0.128321 0.0513032 0.0301245
0.0958999 5.23919 5.34099 5.13739 2.82251 2.94824 2.69677 1.39664 0.101799 0.125736 0.0499862 0.0293615
0.0986142 5.13949 5.23807 5.0409 2.75458 2.87773 2.63142 1.36196 0.0985861 0.123152 0.048677 0.0286064
0.101405 5.04046 5.13588 4.94504 2.68716 2.80772 2.56659 1.32772 0.095418 0.12057 0.0473763 0.0278593
0.104275 4.9421 5.0344 4.84981 2.62025 2.73824 2.50226 1.2939 0.0922961 0.117989 0.0460846 0.0271202
0.107227 4.8444 4.93362 4.75518 2.55386 2.66927 2.43845 1.2605 0.0892213 0.115412 0.0448025 0.0263893
0.110262 4.74735 4.83355 4.66116 2.488 2.60083 2.37516 1.22752 0.0861948 0.112837 0.0435307 0.0256665
0.113382 4.65093 4.73415 4.56771 2.42265 2.53292 2.31239 1.19495 0.0832174 0.110266 0.0422696 0.0249519
0.116591 4.55513 4.63542 4.47484 2.35784 2.46554 2.25014 1.16281 0.0802899 0.107699 0.04102 0.0242457
0.119891 4.45995 4.53736 4.38254 2.29356 2.3987 2.18842 1.13107 0.0774133 0.105138 0.0397823 0.0235478
0.123285 4.36536 4.43995 4.29078 2.22982 2.3324 2.12724 1.09975 0.0745885 0.102582 0.0385572 0.0228585
0.126774 4.27137 4.34318 4.19955 2.16662 2.26665 2.06659 1.06883 0.0718161 0.100033 0.0373453 0.0221777
0.130362 4.17795 4.24705 4.10886 2.10397 2.20146 2.00648 1.03832 0.0690969 0.0974918 0.0361471 0.0215056
0.134052 4.08511 4.15154 4.01867 2.04189 2.13685 1.94693 1.00821 0.0664316 0.0949583 0.0349632 0.0208422
0.137846 3.99282 4.05664 3.929 1.98037 2.0728 1.88793 0.978512 0.0638209 0.0924338 0.0337942 0.0201878
0.141747 3.90108 3.96234 3.83981 1.91942 2.00934 1.8295 0.949214 0.0612654 0.0899192 0.0326406 0.0195423
0.145759 3.80988 3.86865 3.75112 1.85906 1.94648 1.77165 0.920319 0.0587656 0.0874154 0.0315029 0.0189058
0.149885 3.71921 3.77554 3.66289 1.7993 1.88422 1.71437 0.891826 0.0563221 0.0849235 0.0303818 0.0182786
0.154127 3.62907 3.683 3.57513 1.74014 1.82259 1.6577 0.863735 0.0539352 0.0824443 0.0292776 0.0176607
0.158489 3.53944 3.59104 3.48783 1.68161 1.76159 1.60163 0.836045 0.0516054 0.079979 0.028191 0.0170522
0.162975 3.45031 3.49965 3.40098 1.62371 1.70124 1.54618 0.808759 0.0493331 0.0775287 0.0271224 0.0164533
0.167588 3.36169 3.40881 3.31457 1.56646 1.64155 1.49136 0.781875 0.0471186 0.0750943 0.0260722 0.0158641
0.172331 3.27357 3.31853 3.2286 1.50987 1.58254 1.43719 0.755395 0.044962 0.0726772 0.0250411 0.0152847
0.177209 3.18593 3.22879 3.14307 1.45396 1.52424 1.38368 0.729319 0.0428635 0.0702785 0.0240293 0.0147153
0.182224 3.09878 3.13961 3.05796 1.39875 1.46665 1.33085 0.703651 0.0408234 0.0678994 0.0230373 0.014156
0.187382 3.01212 3.05096 2.97328 1.34426 1.4098 1.27872 0.67839 0.0388416 0.0655412 0.0220656 0.0136069
0.192685 2.92594 2.96286 2.88902 1.29051 1.35371 1.2273 0.65354 0.0369182 0.0632051 0.0211146 0.0130682
0.198139 2.84025 2.8753 2.80519 1.23751 1.2984 1.17662 0.629102 0.0350531 0.0608925 0.0201845 0.0125401
0.203747 2.75504 2.78828 2.72179 1.1853 1.24391 1.1267 0.60508 0.0332463 0.0586047 0.0192757 0.0120227
0.209514 2.67032 2.70182 2.63882 1.1339 1.19024 1.07755 0.581475 0.0314975 0.0563432 0.0183887 0.0115161
0.215443 2.58609 2.6159 2.55629 1.08332 1.13743 1.02921 0.558293 0.0298066 0.0541093 0.0175236 0.0110205
0.221541 2.50237 2.53054 2.47419 1.03361 1.08551 0.981705 0.535535 0.0281732 0.0519044 0.0166808 0.010536
0.227812 2.41916 2.44575 2.39256 0.984785 1.03452 0.935055 0.513206 0.0265972 0.0497301 0.0158605 0.0100628
0.234259 2.33647 2.36155 2.31139 0.936879 0.984466 0.889291 0.491309 0.025078 0.0475876 0.0150629 0.00960101
0.24089 2.25432 2.27794 2.23071 0.889924 0.935403 0.844445 0.46985 0.0236152 0.0454787 0.0142883 0.00915078
0.247708 2.17274 2.19495 2.15053 0.843957 0.887361 0.800552 0.448833 0.0222083 0.0434046 0.0135368 0.00871222
0.254719 2.09174 2.1126 2.07088 0.799014 0.840381 0.757647 0.428262 0.0208568 0.041367 0.0128086 0.00828545
0.261928 2.01136 2.03092 1.9918 0.755135 0.794502 0.715768 0.408143 0.0195601 0.0393672 0.0121037 0.00787054
0.269341 1.93162 1.94994 1.91331 0.712367 0.749774 0.67496 0.388482 0.0183173 0.0374068 0.0114221 0.00746755
0.276965 1.85259 1.86972 1.83546 0.670766 0.706253 0.635279 0.369284 0.0171278 0.0354872 0.0107639 0.00707652
0.284804 1.77431 1.7903 1.75832 0.630402 0.664012 0.596793 0.350556 0.0159907 0.0336097 0.010129 0.00669739
0.292864 1.69689 1.71179 1.68198 0.591382 0.623158 0.559607 0.332306 0.014905 0.0317757 0.00951714 0.00632999
0.301153 1.62047 1.63434 1.6066 0.553924 0.583911 0.523938 0.314541 0.0138694 0.0299862 0.00892778 0.00597389
0.309677 1.54567 1.55855 1.53279 0.518952 0.547193 0.49071 0.297279 0.0128819 0.0282417 0.00835956 0.00562772
0.318442 1.49124 1.50376 1.47873 0.496878 0.524467 0.469288 0.290891 0.0125163 0.0275891 0.00814551 0.0054947
0.321833 1.46338 1.47554 1.45122 0.483491 0.510441 0.456541 0.284639 0.0121613 0.0269502 0.00793689 0.00536474
0.325224 1.43592 1.44774 1.42411 0.470415 0.49674 0.444091 0.278519 0.0118166 0.0263246 0.00773356 0.00523775
0.328614 1.40887 1.42035 1.39739 0.457643 0.483355 0.431931 0.272529 0.0114818 0.0257121 0.00753536 0.00511366
0.332005 1.38222 1.39337 1.37106 0.445168 0.470281 0.420056 0.266664 0.0111566 0.0251123 0.00734215 0.00499239
0.335396 1.35595 1.36679 1.34511 0.432984 0.457509 0.408459 0.260923 0.0108408 0.0245251 0.0071538 0.00487388
0.338787 1.33006 1.3406 1.31953 0.421085 0.445035 0.397135 0.255302 0.010534 0.0239501 0.00697018 0.00475806
0.342178 1.30455 1.31479 1.29432 0.409464 0.432851 0.386077 0.249798 0.0102359 0.0233872 0.00679115 0.00464486
0.345569 1.27942 1.28936 1.26947 0.398116 0.420952 0.37528 0.244408 0.00994626 0.022836 0.00661659 0.00453422
0.348959 1.25464 1.26431 1.24498 0.387034 0.409331 0.364738 0.239131 0.00966485 0.0222963 0.00644639 0.00442607
0.35235 1.23023 1.23962 1.22083 0.376214 0.397982 0.354447 0.233963 0.00939139 0.0217679 0.00628042 0.00432035
0.355741 1.20616 1.21529 1.19704 0.365651 0.386901 0.3444 0.228901 0.00912564 0.0212506 0.00611857 0.00421702
0.359132 1.18245 1.19132 1.17358 0.355337 0.376081 0.334593 0.223944 0.00886737 0.0207441 0.00596073 0.00411599
0.362523 1.15908 1.1677 1.15047 0.345269 0.365518 0.325021 0.219089 0.00861634 0.0202483 0.0058068 0.00401724
0.365914 1.13605 1.14442 1.12768 0.335442 0.355204 0.315679 0.214334 0.00837233 0.0197628 0.00565668 0.00392069
0.369305 1.11335 1.12149 1.10522 0.325849 0.345137 0.306562 0.209676 0.00813514 0.0192876 0.00551026 0.0038263
0.372695 1.09099 1.09889 1.08308 0.316488 0.33531 0.297665 0.205114 0.00790455 0.0188224 0.00536745 0.00373402
0.376086 1.06894 1.07662 1.06126 0.307352 0.325718 0.288985 0.200645 0.00768038 0.0183669 0.00522814 0.00364379
0.379477 1.04722 1.05468 1.03976 0.298437 0.316358 0.280516 0.196266 0.00746243 0.0179211 0.00509227 0.00355557
0.382868 1.02582 1.03307 1.01857 0.289738 0.307223 0.272254 0.191977 0.00725051 0.0174846 0.00495972 0.00346932
0.386259 1.00472 1.01177 0.997679 0.281252 0.29831 0.264195 0.187776 0.00704446 0.0170574 0.00483043 0.00338498
0.38965 0.98394 0.990784 0.977096 0.272974 0.289613 0.256335 0.183659 0.00684409 0.0166393 0.0047043 0.00330252
0.39304 0.963461 0.97011 0.956811 0.264899 0.281129 0.248669 0.179626 0.00664923 0.01623 0.00458126 0.00322188
0.396431 0.943284 0.949744 0.936824 0.257023 0.272853 0.241194 0.175675 0.00645974 0.0158294 0.00446122 0.00314304
0.399822 0.923405 0.929681 0.91713 0.249343 0.264781 0.233906 0.171804 0.00627545 0.0154374 0.00434411 0.00306594
0.403213 0.90382 0.909917 0.897724 0.241854 0.256908 0.226801 0.168011 0.00609622 0.0150537 0.00422986 0.00299055
0.406604 0.884528 0.89045 0.878606 0.234553 0.249231 0.219874 0.164294 0.00592189 0.0146782 0.0041184 0.00291683
0.409995 0.865522 0.871275 0.85977 0.227434 0.241745 0.213124 0.160653 0.00575233 0.0143107 0.00400965 0.00284474
0.413385 0.846803 0.85239 0.841215 0.220496 0.234447 0.206545 0.157085 0.0055874 0.0139511 0.00390355 0.00277424
0.416776 0.828365 0.833792 0.822938 0.213734 0.227333 0.200134 0.153588 0.00542696 0.0135992 0.00380002 0.00270531
0.420167 0.810204 0.815475 0.804934 0.207143 0.220398 0.193888 0.150162 0.0052709 0.013255 0.00369902 0.0026379
0.423558 0.792321 0.79744 0.787202 0.200722 0.21364 0.187804 0.146805 0.00511909 0.0129181 0.00360047 0.00257198
0.426949 0.77471 0.779682 0.769739 0.194466 0.207055 0.181878 0.143516 0.00497141 0.0125885 0.00350432 0.00250752
0.43034 0.75737 0.762197 0.752542 0.188372 0.200638 0.176106 0.140292 0.00482773 0.0122661 0.00341051 0.00244449
0.43373 0.740296 0.744984 0.735608 0.182436 0.194387 0.170485 0.137133 0.00468796 0.0119507 0.00331897 0.00238285
0.437121 0.723488 0.72804 0.718936 0.176655 0.188297 0.165013 0.134038 0.00455198 0.0116421 0.00322966 0.00232258
0.440512 0.706942 0.711362 0.702523 0.171027 0.182367 0.159686 0.131004 0.00441969 0.0113403 0.00314252 0.00226364
0.443903 0.690657 0.694948 0.686366 0.165547 0.176592 0.154501 0.128032 0.00429098 0.0110451 0.00305749 0.002206
0.447294 0.674628 0.678794 0.670462 0.160212 0.170968 0.149456 0.125119 0.00416575 0.0107563 0.00297453 0.00214965
0.450685 0.658853 0.662897 0.65481 0.15502 0.165494 0.144546 0.122265 0.00404391 0.0104739 0.00289359 0.00209454
0.454075 0.643332 0.647257 0.639406 0.149967 0.160165 0.139769 0.119467 0.00392537 0.0101978 0.00281461 0.00204066
0.457466 0.62806 0.63187 0.62425 0.145051 0.154979 0.135123 0.116726 0.00381004 0.00992776 0.00273756 0.00198798
0.460857 0.613037 0.616734 0.609339 0.140268 0.149932 0.130605 0.11404 0.00369783 0.00966372 0.00266238 0.00193646
0.464248 0.598258 0.601847 0.59467 0.135616 0.145022 0.126211 0.111407 0.00358865 0.00940555 0.00258903 0.0018861
0.467639 0.583723 0.587205 0.580241 0.131092 0.140245 0.121939 0.108828 0.00348242 0.00915315 0.00251747 0.00183685
0.47103 0.569428 0.572807 0.566049 0.126692 0.135599 0.117786 0.1063 0.00337907 0.0089064 0.00244765 0.00178871
0.47442 0.555372 0.558651 0.552094 0.122415 0.13108 0.11375 0.103823 0.00327851 0.0086652 0.00237954 0.00174164
0.477811 0.541553 0.544734 0.538373 0.118258 0.126687 0.109828 0.101395 0.00318067 0.00842943 0.00231309 0.00169562
0.481202 0.527969 0.531054 0.524883 0.114217 0.122416 0.106018 0.0990167 0.00308547 0.00819899 0.00224827 0.00165063
0.484593 0.514616 0.517609 0.511623 0.110291 0.118265 0.102317 0.0966859 0.00299286 0.00797378 0.00218503 0.00160665
0.487984 0.501494 0.504397 0.498591 0.106477 0.11423 0.0987228 0.0944018 0.00290275 0.00775371 0.00212334 0.00156366
0.491375 0.4886 0.491415 0.485785 0.102771 0.11031 0.0952326 0.0921637 0.00281508 0.00753865 0.00206316 0.00152164
0.494765 0.475932 0.478662 0.473203 0.0991729 0.106501 0.0918443 0.0899707 0.00272979 0.00732853 0.00200446 0.00148057
0.498156 0.463489 0.466135 0.460842 0.0956788 0.102802 0.0885555 0.0878218 0.00264681 0.00712325 0.00194721 0.00144042
0.501547 0.451267 0.453833 0.448701 0.0922867 0.0992094 0.085364 0.0857163 0.00256608 0.00692271 0.00189136 0.00140118
0.504938 0.439265 0.441753 0.436778 0.0889943 0.0957211 0.0822674 0.0836533 0.00248755 0.00672681 0.00183689 0.00136283
0.508329 0.427482 0.429893 0.425071 0.0857992 0.0923347 0.0792637 0.0816319 0.00241116 0.00653548 0.00178377 0.00132536
0.51172 0.415915 0.418252 0.413578 0.0826992 0.0890478 0.0763506 0.0796514 0.00233684 0.00634861 0.00173197 0.00128873
0.51511 0.404562 0.406826 0.402297 0.0796919 0.0858581 0.0735258 0.077711 0.00226455 0.00616613 0.00168145 0.00125295
0.518501 0.393421 0.395615 0.391226 0.0767754 0.0827633 0.0707874 0.07581 0.00219423 0.00598795 0.00163218 0.00121798
0.521892 0.38249 0.384616 0.380364 0.0739473 0.0797613 0.0681333 0.0739475 0.00212584 0.00581398 0.00158414 0.00118382
0.525283 0.371767 0.373827 0.369708 0.0712057 0.0768498 0.0655616 0.0721229 0.00205931 0.00564414 0.0015373 0.00115044
0.528674 0.361251 0.363246 0.359257 0.0685483 0.0740266 0.0630699 0.0703354 0.00199461 0.00547835 0.00149163 0.00111783
0.532065 0.35094 0.352871 0.349008 0.0659731 0.0712897 0.0606566 0.0685843 0.00193168 0.00531653 0.00144711 0.00108598
0.535455 0.34083 0.342701 0.33896 0.0634783 0.0686369 0.0583197 0.066869 0.00187049 0.0051586 0.0014037 0.00105487
0.538846 0.330922 0.332733 0.329111 0.0610617 0.0660662 0.0560572 0.0651888 0.00181097 0.00500449 0.00136139 0.00102448
0.542237 0.321212 0.322965 0.319458 0.0587215 0.0635756 0.0538674 0.063543 0.00175311 0.00485412 0.00132015 0.000994803
0.545628 0.311698 0.313395 0.310001 0.0564557 0.0611631 0.0517483 0.061931 0.00169684 0.00470742 0.00127995 0.000965822
0.549019 0.302379 0.304022 0.300737 0.0542625 0.0588268 0.0496982 0.0603521 0.00164213 0.00456431 0.00124077 0.000937523
0.55241 0.293253 0.294842 0.291664 0.0521401 0.0565648 0.0477154 0.0588058 0.00158894 0.00442472 0.00120259 0.000909892
0.5558 0.284318 0.285855 0.282781 0.0500866 0.0543752 0.045798 0.0572914 0.00153722 0.00428859 0.00116539 0.000882916
0.559191 0.275572 0.277059 0.274085 0.0481003 0.0522561 0.0439445 0.0558084 0.00148696 0.00415583 0.00112914 0.000856582
0.562582 0.267013 0.268451 0.265575 0.0461794 0.0502058 0.042153 0.0543561 0.00143809 0.0040264 0.00109382 0.000830877
0.565973 0.258638 0.260029 0.257248 0.0443223 0.0482225 0.0404221 0.052934 0.0013906 0.00390021 0.00105941 0.000805788
0.569364 0.250447 0.251791 0.249103 0.0425273 0.0463045 0.0387501 0.0515416 0.00134444 0.00377721 0.0010259 0.000781304
0.572755 0.242437 0.243736 0.241137 0.0407927 0.04445 0.0371354 0.0501783 0.00129958 0.00365732 0.000993254 0.000757412
0.576146 0.234605 0.235861 0.233349 0.0391169 0.0426574 0.0355764 0.0488436 0.001256 0.00354049 0.000961461 0.000734101
0.579536 0.226951 0.228165 0.225738 0.0374984 0.0409251 0.0340717 0.0475369 0.00121364 0.00342666 0.0009305 0.000711359
0.582927 0.219472 0.220645 0.2183 0.0359356 0.0392513 0.0326198 0.0462578 0.00117249 0.00331576 0.000900353 0.000689174
0.586318 0.212166 0.213299 0.211034 0.034427 0.0376347 0.0312192 0.0450057 0.00113252 0.00320774 0.000871002 0.000667536
0.589709 0.205031 0.206125 0.203938 0.032971 0.0360736 0.0298685 0.0437801 0.00109369 0.00310253 0.000842429 0.000646434
0.5931 0.198066 0.199122 0.19701 0.0315664 0.0345664 0.0285663 0.0425807 0.00105598 0.00300007 0.000814617 0.000625857
0.596491 0.191267 0.192286 0.190247 0.0302115 0.0331118 0.0273112 0.0414068 0.00101935 0.00290032 0.000787548 0.000605794
0.599881 0.184633 0.185617 0.183649 0.028905 0.0317083 0.0261018 0.0402582 0.000983781 0.00280321 0.000761206 0.000586237
0.603272 0.178162 0.179111 0.177213 0.0276456 0.0303543 0.024937 0.0391342 0.000949247 0.00270869 0.000735575 0.000567173
0.606663 0.171852 0.172768 0.170936 0.0264319 0.0290487 0.0238152 0.0380344 0.00091572 0.00261671 0.000710639 0.000548594
0.610054 0.165701 0.166584 0.164818 0.0252626 0.0277898 0.0227354 0.0369585 0.000883174 0.00252721 0.000686383 0.000530491
0.613445 0.159707 0.160558 0.158855 0.0241364 0.0265766 0.0216963 0.035906 0.000851586 0.00244014 0.00066279 0.000512852
0.616836 0.153867 0.154688 0.153046 0.023052 0.0254075 0.0206966 0.0348765 0.00082093 0.00235545 0.000639847 0.000495671
0.620226 0.14818 0.148971 0.147388 0.0220082 0.0242813 0.0197351 0.0338696 0.000791183 0.0022731 0.000617538 0.000478936
0.623617 0.142643 0.143405 0.141881 0.0210039 0.0231969 0.0188108 0.0328848 0.000762323 0.00219302 0.000595851 0.000462639
0.627008 0.137255 0.137989 0.13652 0.0200377 0.0221528 0.0179225 0.0319219 0.000734327 0.00211517 0.00057477 0.000446773
0.630399 0.132012 0.13272 0.131305 0.0191085 0.021148 0.017069 0.0309803 0.000707172 0.00203951 0.000554282 0.000431327
0.63379 0.126914 0.127595 0.126234 0.0182153 0.0201813 0.0162494 0.0300598 0.000680838 0.00196598 0.000534373 0.000416293
0.637181 0.121958 0.122614 0.121303 0.0173569 0.0192515 0.0154624 0.0291599 0.000655304 0.00189455 0.000515032 0.000401663
0.640571 0.117142 0.117773 0.116512 0.0165323 0.0183574 0.0147071 0.0282803 0.00063055 0.00182516 0.000496244 0.00038743
0.643962 0.112464 0.11307 0.111857 0.0157403 0.0174981 0.0139825 0.0274207 0.000606556 0.00175777 0.000477998 0.000373585
0.647353 0.10792 0.108504 0.107337 0.01498 0.0166723 0.0132876 0.0265807 0.000583302 0.00169234 0.000460281 0.000360119
0.650744 0.103511 0.104071 0.10295 0.0142503 0.0158791 0.0126215 0.0257599 0.00056077 0.00162882 0.000443081 0.000347026
0.654135 0.0992321 0.099771 0.0986931 0.0135503 0.0151174 0.0119831 0.024958 0.000538942 0.00156717 0.000426386 0.000334298
0.657526 0.0950824 0.0956002 0.0945646 0.0128789 0.0143863 0.0113716 0.0241747 0.000517799 0.00150736 0.000410185 0.000321927
0.660916 0.0910595 0.0915569 0.0905622 0.0122353 0.0136847 0.010786 0.0234097 0.000497323 0.00144933 0.000394467 0.000309907
0.664307 0.0871612 0.0876387 0.0866837 0.0116186 0.0130116 0.0102255 0.0226626 0.000477499 0.00139306 0.00037922 0.000298229
0.667698 0.0833853 0.0838436 0.082927 0.0110278 0.0123663 0.00968929 0.0219331 0.000458309 0.00133849 0.000364435 0.000286887
0.671089 0.0797295 0.0801692 0.0792898 0.010462 0.0117476 0.00917645 0.021221 0.000439736 0.00128559 0.000350099 0.000275873
0.67448 0.0761917 0.0766135 0.0757699 0.00992052 0.0111549 0.00868619 0.0205259 0.000421766 0.00123433 0.000336202 0.000265182
0.677871 0.0727696 0.073174 0.0723652 0.0094024 0.0105871 0.00821774 0.0198476 0.000404382 0.00118466 0.000322736 0.000254805
0.681261 0.0694611 0.0698487 0.0690736 0.00890687 0.0100434 0.00777031 0.0191856 0.000387569 0.00113655 0.000309688 0.000244737
0.684652 0.066264 0.0666353 0.0658926 0.00843313 0.0095231 0.00734316 0.0185398 0.000371312 0.00108997 0.00029705 0.000234971
0.688043 0.0631759 0.0635315 0.0628203 0.00798042 0.00902529 0.00693555 0.0179099 0.000355597 0.00104487 0.000284813 0.000225501
0.691434 0.0601947 0.0605351 0.0598543 0.007548 0.00854922 0.00654678 0.0172956 0.00034041 0.00100122 0.000272966 0.00021632
0.694825 0.0573182 0.057644 0.0569925 0.00713513 0.00809412 0.00617615 0.0166967 0.000325736 0.000958986 0.0002615 0.000207422
0.698216 0.0545442 0.0548558 0.0542327 0.00674111 0.00765924 0.00582297 0.0161127 0.000311563 0.000918138 0.000250406 0.000198801
0.701606 0.0518705 0.0521684 0.0515727 0.00636525 0.00724389 0.00548661 0.0155436 0.000297877 0.00087864 0.000239676 0.000190451
0.704997 0.0492948 0.0495795 0.0490101 0.00600687 0.00684733 0.00516641 0.0149891 0.000284664 0.00084046 0.0002293 0.000182366
0.708388 0.046815 0.0470869 0.0465431 0.00566533 0.0064689 0.00486177 0.0144488 0.000271914 0.000803565 0.00021927 0.000174539
0.711779 0.0444289 0.0446885 0.0441693 0.00534 0.00610792 0.00457207 0.0139225 0.000259612 0.000767924 0.000209578 0.000166967
0.71517 0.0421342 0.0423819 0.0418864 0.00503025 0.00576376 0.00429675 0.0134101 0.000247748 0.000733506 0.000200215 0.000159641
0.718561 0.0399288 0.0401651 0.0396925 0.0047355 0.00543578 0.00403522 0.0129112 0.000236308 0.00070028 0.000191174 0.000152558
0.721951 0.0378106 0.0380359 0.0375853 0.00445515 0.00512336 0.00378693 0.0124256 0.000225283 0.000668217 0.000182446 0.000145712
0.725342 0.0357773 0.035992 0.0355627 0.00418865 0.00482593 0.00355136 0.0119531 0.000214659 0.000637287 0.000174023 0.000139097
0.728733 0.0338268 0.0340313 0.0336224 0.00393544 0.0045429 0.00332798 0.0114934 0.000204427 0.000607461 0.000165898 0.000132708
0.732124 0.0319571 0.0321516 0.0317625 0.003695 0.00427371 0.00311629 0.0110464 0.000194576 0.000578712 0.000158063 0.000126539
0.735515 0.0301658 0.0303509 0.0299807 0.00346681 0.00401782 0.0029158 0.0106117 0.000185094 0.00055101 0.000150511 0.000120585
0.738906 0.028451 0.028627 0.028275 0.00325037 0.0037747 0.00272604 0.0101892 0.000175972 0.000524329 0.000143234 0.000114842
0.742296 0.0268105 0.0269777 0.0266433 0.00304519 0.00354383 0.00254655 0.00977872 0.0001672 0.000498642 0.000136226 0.000109305
0.745687 0.0252423 0.025401 0.0250835 0.00285081 0.00332473 0.00237689 0.00937994 0.000158767 0.000473922 0.00012948 0.000103967
0.749078 0.0237442 0.0238949 0.0235935 0.00266677 0.00311691 0.00221663 0.0089927 0.000150663 0.000450143 0.000122988 9.88255e-05
0.752469 0.0223142 0.0224571 0.0221714 0.00249263 0.00291991 0.00206535 0.00861678 0.000142881 0.00042728 0.000116744 9.38742e-05
0.75586 0.0209504 0.0210858 0.020815 0.00232796 0.00273327 0.00192266 0.00825197 0.000135409 0.000405308 0.000110741 8.91088e-05
0.759251 0.0196506 0.0197788 0.0195223 0.00217236 0.00255656 0.00178816 0.00789808 0.00012824 0.000384202 0.000104973 8.45246e-05
0.762641 0.0184129 0.0185342 0.0182915 0.00202541 0.00238935 0.00166148 0.0075549 0.000121363 0.000363938 9.94332e-05 8.01171e-05
0.766032 0.0172353 0.01735 0.0171205 0.00188675 0.00223124 0.00154226 0.00722222 0.000114771 0.000344492 9.41154e-05 7.58816e-05
0.769423 0.0161158 0.0162243 0.0160074 0.00175598 0.00208182 0.00143014 0.00689986 0.000108455 0.000325841 8.90134e-05 7.18137e-05
0.772814 0.0150526 0.015155 0.0149502 0.00163276 0.00194072 0.0013248 0.00658763 0.000102407 0.000307963 8.41212e-05 6.7909e-05
0.776205 0.0140437 0.0141403 0.0139471 0.00151673 0.00180757 0.0012259 0.00628532 9.66183e-05 0.000290834 7.94329e-05 6.41631e-05
0.779596 0.0130873 0.0131784 0.0129962 0.00140757 0.001682 0.00113313 0.00599275 9.1081e-05 0.000274433 7.49424e-05 6.05718e-05
0.782986 0.0121814 0.0122672 0.0120956 0.00130493 0.00156367 0.0010462 0.00570974 8.57874e-05 0.000258737 7.06442e-05 5.71308e-05
0.786377 0.0113244 0.0114051 0.0112436 0.00120852 0.00145225 0.000964797 0.0054361 8.073e-05 0.000243727 6.65326e-05 5.38359e-05
0.789768 0.0105143 0.0105902 0.0104384 0.00111803 0.00134742 0.000888654 0.00517164 7.59011e-05 0.00022938 6.26021e-05 5.06832e-05
0.793159 0.00974938 0.00982068 0.00967809 0.00103318 0.00124885 0.000817499 0.00491618 7.12935e-05 0.000215677 5.88471e-05 4.76684e-05
0.79655 0.00902797 0.00909487 0.00896107 0.000953668 0.00115627 0.00075107 0.00466955 6.69e-05 0.000202598 5.52623e-05 4.47877e-05
0.799941 0.00834832 0.00841103 0.0082856 0.000879242 0.00106936 0.00068912 0.00443156 6.27137e-05 0.000190122 5.18426e-05 4.20371e-05
0.803332 0.00770874 0.00776747 0.00765001 0.000809639 0.00098787 0.000631408 0.00420205 5.87276e-05 0.000178231 4.85827e-05 3.94127e-05
0.806722 0.00710759 0.00716253 0.00705266 0.00074461 0.000911515 0.000577705 0.00398083 5.4935e-05 0.000166905 4.54775e-05 3.69108e-05
0.810113 0.00654327 0.0065946 0.00649194 0.000683915 0.000840041 0.000527788 0.00376774 5.13295e-05 0.000156126 4.25222e-05 3.45276e-05
0.813504 0.00601419 0.00606209 0.00596628 0.000627324 0.000773201 0.000481447 0.0035626 4.79044e-05 0.000145877 3.97118e-05 3.22594e-05
0.816895 0.00551879 0.00556344 0.00547413 0.000574617 0.000710755 0.000438479 0.00336524 4.46536e-05 0.000136138 3.70414e-05 3.01026e-05
0.820286 0.00505557 0.00509714 0.005014 0.000525581 0.000652473 0.000398689 0.0031755 4.1571e-05 0.000126892 3.45065e-05 2.80535e-05
0.823677 0.00462304 0.00466169 0.00458439 0.000480013 0.000598136 0.00036189 0.00299321 3.86504e-05 0.000118123 3.21024e-05 2.61087e-05
0.827067 0.00421976 0.00425564 0.00418387 0.000437718 0.000547532 0.000327905 0.00281821 3.58859e-05 0.000109814 2.98246e-05 2.42647e-05
0.830458 0.00384432 0.00387759 0.00381105 0.00039851 0.000500457 0.000296563 0.00265032 3.3272e-05 0.000101947 2.76686e-05 2.25181e-05
0.833849 0.00349535 0.00352615 0.00346454 0.000362209 0.000456717 0.000267702 0.0024894 3.08028e-05 9.45077e-05 2.563e-05 2.08655e-05
0.83724 0.00317151 0.00319999 0.00314304 0.000328645 0.000416125 0.000241166 0.00233527 2.84729e-05 8.74795e-05 2.37046e-05 1.93036e-05
0.840631 0.00287151 0.00289779 0.00284523 0.000297655 0.000378501 0.000216808 0.00218777 2.6277e-05 8.0847e-05 2.18882e-05 1.78292e-05
0.844022 0.00259407 0.00261828 0.00256986 0.00026908 0.000343676 0.000194485 0.00204676 2.42097e-05 7.45951e-05 2.01767e-05 1.6439e-05
0.847412 0.00233797 0.00236024 0.00231571 0.000242774 0.000311483 0.000174065 0.00191206 2.22659e-05 6.8709e-05 1.8566e-05 1.51299e-05
0.850803 0.00210203 0.00212247 0.00208159 0.000218593 0.000281767 0.000155419 0.00178353 2.04405e-05 6.31743e-05 1.70521e-05 1.38989e-05
0.854194 0.00188509 0.00190382 0.00186636 0.000196402 0.000254379 0.000138425 0.001661 1.87288e-05 5.79767e-05 1.56313e-05 1.27429e-05
0.857585 0.00168604 0.00170317 0.00166891 0.000176071 0.000229173 0.000122969 0.00154433 1.71258e-05 5.31024e-05 1.42996e-05 1.1659e-05
0.860976 0.0015038 0.00151943 0.00148817 0.000157477 0.000206015 0.000108939 0.00143336 1.56268e-05 4.85379e-05 1.30535e-05 1.06441e-05
0.864367 0.00133734 0.00135156 0.00132311 0.000140504 0.000184774 9.62342e-05 0.00132793 1.42274e-05 4.42699e-05 1.18891e-05 9.69547e-06
0.867757 0.00118564 0.00119857 0.00117272 0.00012504 0.000165325 8.47543e-05 0.0012279 1.29231e-05 4.02855e-05 1.08031e-05 8.81024e-06
0.871148 0.00104776 0.00105947 0.00103605 0.000110979 0.000147551 7.4407e-05 0.00113311 1.17094e-05 3.6572e-05 9.79185e-06 7.98567e-06
0.874539 0.00092277 0.000933353 0.000912188 9.82214e-05 0.000131338 6.51044e-05 0.00104341 1.05822e-05 3.3117e-05 8.85199e-06 7.21904e-06
0.87793 0.000809774 0.000819311 0.000800236 8.66722e-05 0.000116581 5.67636e-05 0.000958661 9.53721e-06 2.99087e-05 7.98019e-06 6.50771e-06
0.881321 0.000707923 0.000716493 0.000699352 7.62416e-05 0.000103177 4.93065e-05 0.000878706 8.57053e-06 2.6935e-05 7.17317e-06 5.84906e-06
0.884712 0.000616404 0.000624082 0.000608725 6.68444e-05 9.10292e-05 4.26597e-05 0.000803398 7.67817e-06 2.41847e-05 6.42777e-06 5.24055e-06
0.888102 0.000534439 0.000541296 0.000527583 5.84007e-05 8.00472e-05 3.67541e-05 0.000732592 6.8563e-06 2.16466e-05 5.74087e-06 4.6797e-06
0.891493 0.000461287 0.000467388 0.000455186 5.08346e-05 7.01442e-05 3.15249e-05 0.000666141 6.1012e-06 1.93097e-05 5.10944e-06 4.16407e-06
0.894884 0.000396242 0.000401651 0.000390832 4.40748e-05 6.12381e-05 2.69114e-05 0.0006039 5.40922e-06 1.71634e-05 4.53053e-06 3.69128e-06
0.898275 0.000338632 0.000343409 0.000333856 3.80542e-05 5.32516e-05 2.28568e-05 0.000545725 4.77685e-06 1.51974e-05 4.00125e-06 3.259e-06
0.901666 0.000287824 0.000292024 0.000283623 3.27098e-05 4.61114e-05 1.93081e-05 0.000491471 4.20065e-06 1.34016e-05 3.51879e-06 2.86497e-06
0.905057 0.000243214 0.000246891 0.000239536 2.79823e-05 3.97486e-05 1.62159e-05 0.000440995 3.67729e-06 1.17663e-05 3.08042e-06 2.50697e-06
0.908447 0.000204234 0.000207438 0.00020103 2.38163e-05 3.40983e-05 1.35343e-05 0.000394156 3.20355e-06 1.0282e-05 2.68348e-06 2.18285e-06
0.911838 0.000170352 0.000173128 0.000167575 2.016e-05 2.90995e-05 1.12206e-05 0.00035081 2.77627e-06 8.93944e-06 2.32538e-06 1.8905e-06
0.915229 0.000141063 0.000143456 0.000138671 1.6965e-05 2.46947e-05 9.23535e-06 0.000310818 2.39243e-06 7.72966e-06 2.00362e-06 1.62789e-06
0.91862 0.000115899 0.000117949 0.00011385 1.41861e-05 2.083e-05 7.54209e-06 0.000274039 2.04907e-06 6.64398e-06 1.71576e-06 1.39303e-06
0.922011 9.44204e-05 9.61638e-05 9.2677e-05 1.17813e-05 1.74553e-05 6.10726e-06 0.000240333 1.74336e-06 5.674e-06 1.45943e-06 1.18399e-06
0.925402 7.62175e-05 7.769e-05 7.47449e-05 9.71159e-06 1.45232e-05 4.90003e-06 0.00020956 1.47255e-06 4.81157e-06 1.23236e-06 9.98901e-07
0.928792 6.09113e-05 6.21453e-05 5.96774e-05 7.94099e-06 1.19898e-05 3.89218e-06 0.000181584 1.23397e-06 4.04881e-06 1.03233e-06 8.35962e-07
0.932183 4.81515e-05 4.91766e-05 4.71264e-05 6.43611e-06 9.81424e-06 3.05798e-06 0.000156266 1.02507e-06 3.37813e-06 8.57209e-07 6.93421e-07
0.935574 3.76151e-05 3.84585e-05 3.67718e-05 5.16622e-06 7.95841e-06 2.37404e-06 0.00013347 8.43388e-07 2.79218e-06 7.04937e-07 5.69587e-07
0.938965 2.90066e-05 2.96931e-05 2.832e-05 4.1031e-06 6.38699e-06 1.81921e-06 0.000113059 6.8655e-07 2.28389e-06 5.73532e-07 4.62836e-07
0.942356 2.2056e-05 2.26083e-05 2.15037e-05 3.22089e-06 5.06736e-06 1.37443e-06 9.48988e-05 5.52286e-07 1.84646e-06 4.61091e-07 3.716e-07
0.945747 1.65189e-05 1.69573e-05 1.60805e-05 2.49599e-06 3.96935e-06 1.02263e-06 7.88542e-05 4.3842e-07 1.47336e-06 3.65788e-07 2.94377e-07
0.949137 1.21749e-05 1.25177e-05 1.1832e-05 1.90694e-06 3.06526e-06 7.48627e-07 6.47923e-05 3.4287e-07 1.15832e-06 2.85873e-07 2.29728e-07
0.952528 8.82669e-06 9.09034e-06 8.56303e-06 1.43432e-06 2.32965e-06 5.3898e-07 5.25805e-05 2.63655e-07 8.95336e-07 2.1968e-07 1.7628e-07
0.955919 6.29925e-06 6.49814e-06 6.10036e-06 1.06061e-06 1.73931e-06 3.81909e-07 4.20877e-05 1.98888e-07 6.78701e-07 1.65619e-07 1.32723e-07
0.95931 4.43866e-06 4.58545e-06 4.29188e-06 7.70134e-07 1.2731e-06 2.67171e-07 3.31841e-05 1.46784e-07 5.02963e-07 1.22185e-07 9.78168e-08
0.962701 3.11122e-06 3.21688e-06 3.00557e-06 5.48928e-07 9.11884e-07 1.85973e-07 2.57419e-05 1.05654e-07 3.62955e-07 8.79541e-08 7.03873e-08
0.966092 2.2025e-06 2.27641e-06 2.12859e-06 3.84662e-07 6.38453e-07 1.30871e-07 1.96355e-05 7.39121e-08 2.53791e-07 6.15871e-08 4.93316e-08
0.969482 1.61653e-06 1.66661e-06 1.56646e-06 2.66562e-07 4.37432e-07 9.5691e-08 1.47427e-05 5.0075e-08 1.70871e-07 4.18307e-08 3.36176e-08
0.972873 1.27536e-06 1.30812e-06 1.2426e-06 1.85359e-07 2.95247e-07 7.54706e-08 1.0947e-05 3.27628e-08 1.09888e-07 2.75196e-08 2.22865e-08
0.976264 1.11934e-06 1.14004e-06 1.09864e-06 1.33286e-07 2.00123e-07 6.64489e-08 8.14139e-06 2.0702e-08 6.68371e-08 1.75779e-08 1.44538e-08
0.979655 1.1095e-06 1.12223e-06 1.09677e-06 1.04209e-07 1.4223e-07 6.61874e-08 6.23804e-06 1.27267e-08 3.80212e-08 1.10205e-08 9.3112e-09
0.983046 1.2367e-06 1.24448e-06 1.22892e-06 9.41635e-08 1.14228e-07 7.40994e-08 5.19534e-06 7.77888e-09 2.00641e-08 6.95344e-09 6.12493e-09
0.986437 1.55991e-06 1.56481e-06 1.55501e-06 1.03663e-07 1.13584e-07 9.37421e-08 5.1134e-06 4.90053e-09 9.92103e-09 4.56456e-09 4.22669e-09
0.989827 2.48688e-06 2.49006e-06 2.4837e-06 1.54598e-07 1.59472e-07 1.49724e-07 6.78187e-06 3.17833e-09 4.87381e-09 3.06536e-09 2.95151e-09
0.993218 1.14209e-05 1.14212e-05 1.14205e-05 6.91426e-07 6.94392e-07 6.88459e-07 3.91982e-05 3.49255e-10 2.96629e-09 1.7544e-10 0
4.27812e-314 inf inf inf inf inf inf 0.00464113 40.0776 1.28591 0.97742 0.587246
