9.72476e-05 119.766 121.111 118.42 65.9553 66.9918 64.9189 43.0385 1.34582 1.03643 0.633219 0.624432
0.0001 118.681 120.019 117.343 65.419 66.4489 64.3891 42.6304 1.33779 1.02991 0.628237 0.619356
0.00010283 117.619 118.949 116.289 64.8922 65.9156 63.8687 42.2256 1.32981 1.02342 0.623291 0.614313
0.000105741 116.624 117.945 115.302 64.3937 65.4106 63.3767 41.824 1.32188 1.01697 0.618379 0.609305
0.000108734 115.529 116.843 114.215 63.8527 64.8632 62.8421 41.4255 1.31398 1.01057 0.613502 0.60433
0.000111811 114.443 115.749 113.137 63.3154 64.3196 62.3112 41.0302 1.30614 1.0042 0.60866 0.599389
0.000114976 113.366 114.665 112.068 62.7817 63.7796 61.7839 40.638 1.29833 0.997866 0.603851 0.594481
0.00011823 112.298 113.589 111.008 62.2517 63.2432 61.2601 40.2489 1.29057 0.991572 0.599077 0.589606
0.000121576 111.239 112.522 109.956 61.7252 62.7105 60.7399 39.863 1.28285 0.985316 0.594337 0.584764
0.000125017 110.188 111.464 108.913 61.2023 62.1814 60.2232 39.4801 1.27518 0.979097 0.58963 0.579955
0.000128556 109.146 110.414 107.879 60.6829 61.6559 59.71 39.1002 1.26754 0.972915 0.584957 0.575178
0.000132194 108.113 109.373 106.853 60.1672 61.1339 59.2004 38.7234 1.25995 0.966771 0.580318 0.570434
0.000135936 107.088 108.34 105.835 59.6549 60.6155 58.6942 38.3495 1.2524 0.960663 0.575712 0.565722
0.000139783 106.071 107.316 104.826 59.146 60.1006 58.1914 37.9787 1.2449 0.954591 0.571139 0.561041
0.000143739 105.063 106.3 103.825 58.6407 59.5893 57.6922 37.6108 1.23743 0.948556 0.566599 0.556393
0.000147808 104.063 105.293 102.833 58.1388 59.0813 57.1962 37.2459 1.23001 0.942556 0.562091 0.551776
0.000151991 103.071 104.294 101.848 57.6403 58.5769 56.7037 36.8839 1.22263 0.936592 0.557615 0.54719
0.000156293 102.088 103.303 100.872 57.1453 58.0759 56.2146 36.5248 1.21529 0.930665 0.553172 0.542636
0.000160717 101.112 102.32 99.904 56.6536 57.5784 55.7288 36.1686 1.20798 0.924772 0.548762 0.538113
0.000165265 100.145 101.345 98.9438 56.1653 57.0842 55.2464 35.8153 1.20072 0.918915 0.544382 0.53362
0.000169943 99.1852 100.379 97.9917 55.6804 56.5935 54.7673 35.4648 1.1935 0.913093 0.540036 0.529159
0.000174753 98.2337 99.42 97.0474 55.1988 56.1061 54.2915 35.1171 1.18632 0.907305 0.53572 0.524728
0.000179699 97.29 98.4692 96.1108 54.7205 55.6221 53.819 34.7723 1.17918 0.901552 0.531436 0.520326
0.000184785 96.3543 97.5264 95.1822 54.2456 55.1414 53.3498 34.4302 1.17208 0.895834 0.527183 0.515956
0.000190015 95.4262 96.5912 94.2612 53.7739 54.664 52.8837 34.091 1.16501 0.890149 0.522961 0.511615
0.000195393 94.5058 95.6638 93.3478 53.3055 54.19 52.421 33.7544 1.15799 0.884499 0.51877 0.507304
0.000200923 93.5931 94.7441 92.4421 52.8403 53.7192 51.9614 33.4206 1.151 0.878882 0.51461 0.503022
0.00020661 92.688 93.8321 91.544 52.3783 53.2516 51.505 33.0895 1.14405 0.873299 0.510481 0.49877
0.000212458 91.7904 92.9275 90.6533 51.9196 52.7873 51.0518 32.7612 1.13714 0.867749 0.506381 0.494546
0.000218471 90.9004 92.0306 89.7701 51.4641 52.3263 50.6018 32.4354 1.13027 0.862233 0.502313 0.490353
0.000224655 90.0177 91.1411 88.8943 51.0117 51.8684 50.1549 32.1124 1.12344 0.856749 0.498274 0.486188
0.000231013 89.1423 90.259 88.0257 50.5624 51.4137 49.7111 31.792 1.11664 0.851298 0.494264 0.482051
0.000237551 88.2744 89.3843 87.1645 50.1164 50.9622 49.2705 31.4742 1.10988 0.84588 0.490285 0.477943
0.000244275 87.4136 88.5168 86.3105 49.6733 50.5138 48.8328 31.159 1.10315 0.840494 0.486335 0.473863
0.000251189 86.5601 87.6566 85.4636 49.2335 50.0686 48.3983 30.8464 1.09647 0.835141 0.482415 0.469812
0.000258298 85.7137 86.8036 84.6239 48.7967 49.6265 47.9668 30.5364 1.08981 0.829819 0.478524 0.465789
0.000265609 84.8745 85.9577 83.7913 48.3629 49.1875 47.5384 30.2289 1.0832 0.824529 0.474662 0.461793
0.000273126 84.0422 85.1188 82.9656 47.9322 48.7515 47.113 29.924 1.07662 0.81927 0.470829 0.457825
0.000280857 83.217 84.2871 82.1469 47.5046 48.3187 46.6906 29.6215 1.07007 0.814044 0.467025 0.453885
0.000288806 82.3987 83.4623 81.3352 47.08 47.8888 46.2711 29.3216 1.06357 0.808848 0.463249 0.449972
0.00029698 81.5873 82.6444 80.5302 46.6583 47.462 45.8546 29.0242 1.05709 0.803683 0.459501 0.446085
0.000305386 80.7828 81.8334 79.7321 46.2397 47.0382 45.4411 28.7291 1.05065 0.798549 0.455782 0.442227
0.000314029 79.9849 81.0292 78.9407 45.8239 46.6174 45.0305 28.4366 1.04425 0.793446 0.452091 0.438394
0.000322917 79.1939 80.2318 78.156 45.4112 46.1995 44.6228 28.1465 1.03787 0.788373 0.448428 0.434589
0.000332057 78.4096 79.4411 77.378 45.0013 45.7846 44.218 27.8588 1.03154 0.78333 0.444793 0.43081
0.000341455 77.6319 78.6571 76.6067 44.5944 45.3727 43.8161 27.5735 1.02523 0.778317 0.441185 0.427057
0.000351119 76.8608 77.8797 75.8418 44.1904 44.9637 43.417 27.2906 1.01896 0.773334 0.437605 0.423331
0.000361057 76.0962 77.1089 75.0835 43.7892 44.5576 43.0208 27.01 1.01273 0.768381 0.434052 0.419631
0.000371276 75.3382 76.3447 74.3316 43.3909 44.1544 42.6275 26.7318 1.00652 0.763458 0.430527 0.415956
0.000381784 74.5865 75.5868 73.5861 42.9955 43.754 42.2369 26.4559 1.00035 0.758563 0.427028 0.412307
0.00039259 73.8413 74.8355 72.847 42.6028 43.3565 41.8491 26.1823 0.994212 0.753698 0.423557 0.408684
0.000403702 73.1023 74.0905 72.1142 42.213 42.9619 41.4641 25.9111 0.988106 0.748861 0.420111 0.405086
0.000415128 72.3697 73.3518 71.3877 41.826 42.57 41.0819 25.6421 0.982031 0.744054 0.416693 0.401513
0.000426877 71.6434 72.6194 70.6674 41.4417 42.181 40.7024 25.3753 0.975987 0.739275 0.413301 0.397965
0.000438959 70.9233 71.8932 69.9533 41.0603 41.7948 40.3257 25.1108 0.969976 0.734524 0.409935 0.394443
0.000451383 70.2093 71.1733 69.2453 40.6815 41.4113 39.9517 24.8486 0.963995 0.729801 0.406596 0.390945
0.000464159 69.5014 70.4594 68.5434 40.3055 41.0306 39.5804 24.5886 0.958045 0.725107 0.403282 0.387471
0.000477296 68.7996 69.7517 67.8475 39.9322 40.6526 39.2118 24.3307 0.952126 0.72044 0.399994 0.384022
0.000490805 68.1038 69.0501 67.1576 39.5616 40.2774 38.8458 24.0751 0.946238 0.715801 0.396732 0.380598
0.000504697 67.414 68.3544 66.4736 39.1937 39.9049 38.4825 23.8216 0.940379 0.711189 0.393495 0.377197
0.000518981 66.7301 67.6647 65.7956 38.8284 39.535 38.1218 23.5703 0.93455 0.706604 0.390284 0.373821
0.00053367 66.0521 66.9809 65.1234 38.4658 39.1679 37.7638 23.3211 0.928751 0.702047 0.387098 0.370468
0.000548775 65.38 66.303 64.457 38.1059 38.8034 37.4084 23.074 0.922982 0.697516 0.383937 0.367139
0.000564307 64.7136 65.6309 63.7964 37.7485 38.4416 37.0555 22.8291 0.917241 0.693013 0.380801 0.363834
0.000580278 64.053 64.9646 63.1415 37.3938 38.0823 36.7053 22.5862 0.91153 0.688535 0.377689 0.360552
0.000596702 63.3981 64.304 62.4923 37.0416 37.7257 36.3576 22.3454 0.905847 0.684084 0.374603 0.357293
0.000613591 62.7489 63.6491 61.8487 36.6921 37.3717 36.0124 22.1067 0.900192 0.679659 0.371541 0.354057
0.000630957 62.1053 62.9999 61.2107 36.345 37.0203 35.6698 21.8701 0.894566 0.675261 0.368503 0.350844
0.000648815 61.4673 62.3563 60.5784 36.0006 36.6715 35.3297 21.6354 0.888968 0.670888 0.365489 0.347655
0.000667179 60.8348 61.7182 59.9514 35.6586 36.3251 34.9921 21.4028 0.883397 0.66654 0.362499 0.344487
0.000686062 60.2078 61.0857 59.33 35.3192 35.9814 34.657 21.1722 0.877853 0.662218 0.359534 0.341343
0.00070548 59.5863 60.4586 58.714 34.9822 35.6402 34.3243 20.9436 0.872337 0.657922 0.356592 0.33822
0.000725448 58.9702 59.837 58.1034 34.6478 35.3014 33.9941 20.717 0.866847 0.65365 0.353674 0.33512
0.00074598 58.3594 59.2208 57.4981 34.3158 34.9652 33.6664 20.4923 0.861384 0.649403 0.350779 0.332042
0.000767094 57.754 58.61 56.8981 33.9862 34.6314 33.3411 20.2696 0.855947 0.645182 0.347907 0.328986
0.000788805 57.1539 58.0044 56.3034 33.6592 34.3001 33.0182 20.0488 0.850536 0.640984 0.345059 0.325952
0.000811131 56.559 57.4042 55.7139 33.3345 33.9713 32.6977 19.8299 0.845152 0.636811 0.342234 0.32294
0.000834088 55.9694 56.8092 55.1296 33.0122 33.6449 32.3796 19.613 0.839792 0.632662 0.339432 0.319949
0.000857696 55.3849 56.2193 54.5504 32.6924 33.3209 32.0638 19.3979 0.834458 0.628538 0.336652 0.316979
0.000881971 54.8055 55.6347 53.9764 32.3749 32.9993 31.7504 19.1847 0.829149 0.624437 0.333895 0.314031
0.000906934 54.2312 55.0551 53.4074 32.0597 32.6801 31.4394 18.9734 0.823865 0.62036 0.331161 0.311104
0.000932603 53.662 54.4806 52.8434 31.747 32.3633 31.1307 18.7639 0.818605 0.616306 0.328449 0.308198
0.000958999 53.0978 53.9112 52.2844 31.4365 32.0488 30.8243 18.5563 0.81337 0.612276 0.325759 0.305312
0.000986142 52.5386 53.3467 51.7304 31.1284 31.7367 30.5202 18.3505 0.808158 0.608268 0.323091 0.302448
0.00101405 51.9843 52.7872 51.1813 30.8226 31.4269 30.2184 18.1465 0.80297 0.604284 0.320445 0.299604
0.00104275 51.4349 52.2327 50.637 30.5191 31.1195 29.9188 17.9443 0.797806 0.600323 0.317821 0.29678
0.00107227 50.8903 51.683 50.0977 30.2179 30.8143 29.6215 17.7439 0.792665 0.596384 0.315218 0.293977
0.00110262 50.3506 51.1382 49.5631 29.919 30.5114 29.3265 17.5452 0.787546 0.592468 0.312637 0.291194
0.00113382 49.8157 50.5981 49.0332 29.6223 30.2108 29.0337 17.3484 0.782451 0.588573 0.310077 0.288431
0.00116591 49.2855 50.0629 48.5081 29.3278 29.9125 28.7431 17.1532 0.777377 0.584701 0.307539 0.285688
0.00119891 48.76 49.5324 47.9877 29.0356 29.6164 28.4547 16.9599 0.772326 0.580851 0.305021 0.282965
0.00123285 48.2392 49.0065 47.4719 28.7455 29.3226 28.1685 16.7682 0.767297 0.577023 0.302524 0.280261
0.00126774 47.7231 48.4854 46.9608 28.4577 29.0309 27.8845 16.5782 0.762289 0.573216 0.300048 0.277577
0.00130362 47.2116 47.9689 46.4543 28.1721 28.7415 27.6027 16.3899 0.757302 0.569431 0.297593 0.274913
0.00134052 46.7046 47.4569 45.9522 27.8886 28.4543 27.323 16.2034 0.752337 0.565667 0.295158 0.272267
0.00137846 46.2021 46.9495 45.4547 27.6073 28.1692 27.0454 16.0184 0.747392 0.561924 0.292744 0.269641
0.00141747 45.7041 46.4466 44.9617 27.3282 27.8864 26.77 15.8352 0.742467 0.558202 0.29035 0.267034
0.00145759 45.2107 45.9482 44.4731 27.0511 27.6056 26.4966 15.6536 0.737563 0.5545 0.287975 0.264446
0.00149885 44.7216 45.4543 43.9889 26.7762 27.327 26.2254 15.4736 0.732679 0.550819 0.285621 0.261876
0.00154127 44.2369 44.9647 43.5091 26.5034 27.0506 25.9562 15.2953 0.727814 0.547159 0.283286 0.259326
0.00158489 43.7566 44.4796 43.0336 26.2327 26.7762 25.6892 15.1185 0.722969 0.543518 0.280971 0.256793
0.00162975 43.2806 43.9988 42.5625 25.9641 26.504 25.4242 14.9434 0.718142 0.539898 0.278675 0.254279
0.00167588 42.8089 43.5223 42.0956 25.6975 26.2338 25.1612 14.7699 0.713335 0.536297 0.276399 0.251784
0.00172331 42.3415 43.05 41.633 25.433 25.9657 24.9003 14.5979 0.708546 0.532716 0.274142 0.249306
0.00177209 41.8783 42.5821 41.1745 25.1705 25.6997 24.6414 14.4275 0.703775 0.529155 0.271903 0.246847
0.00182224 41.4193 42.1183 40.7202 24.9101 25.4357 24.3845 14.2586 0.699022 0.525612 0.269684 0.244405
0.00187382 40.9644 41.6587 40.2701 24.6517 25.1738 24.1296 14.0913 0.694287 0.522089 0.267483 0.241982
0.00192685 40.5136 41.2032 39.8241 24.3952 24.9138 23.8767 13.9255 0.689569 0.518585 0.265301 0.239576
0.00198139 40.067 40.7519 39.3821 24.1408 24.6559 23.6257 13.7612 0.684868 0.5151 0.263137 0.237187
0.00203747 39.6244 40.3046 38.9442 23.8884 24.4 23.3767 13.5985 0.680184 0.511633 0.260991 0.234816
0.00209514 39.1858 39.8613 38.5103 23.6379 24.146 23.1297 13.4372 0.675516 0.508185 0.258864 0.232462
0.00215443 38.7513 39.4221 38.0804 23.3893 23.8941 22.8846 13.2774 0.670864 0.504755 0.256754 0.230126
0.00221541 38.3206 38.9869 37.6544 23.1427 23.6441 22.6414 13.1191 0.666229 0.501343 0.254662 0.227806
0.00227812 37.894 38.5556 37.2324 22.8981 23.396 22.4001 12.9622 0.661609 0.497948 0.252587 0.225504
0.00234259 37.4712 38.1282 36.8142 22.6553 23.1499 22.1607 12.8068 0.657004 0.494572 0.25053 0.223218
0.0024089 37.0523 37.7047 36.3999 22.4145 22.9057 21.9233 12.6529 0.652415 0.491213 0.248491 0.220949
0.00247708 36.6373 37.2851 35.9894 22.1755 22.6634 21.6876 12.5003 0.64784 0.487871 0.246468 0.218697
0.00254719 36.226 36.8693 35.5827 21.9384 22.423 21.4539 12.3492 0.643279 0.484547 0.244462 0.216461
0.00261928 35.8185 36.4573 35.1798 21.7032 22.1844 21.222 12.1995 0.638733 0.481239 0.242473 0.214241
0.00269341 35.4148 36.049 34.7806 21.4698 21.9478 20.9919 12.0512 0.6342 0.477949 0.240501 0.212038
0.00276965 35.0148 35.6445 34.3851 21.2383 21.713 20.7636 11.9042 0.629681 0.474675 0.238545 0.209851
0.00284804 34.6185 35.2436 33.9933 21.0086 21.48 20.5372 11.7587 0.625175 0.471417 0.236605 0.20768
0.00292864 34.2258 34.8465 33.6051 20.7807 21.2489 20.3126 11.6145 0.620683 0.468176 0.234681 0.205525
0.00301153 33.8368 34.453 33.2206 20.5547 21.0196 20.0897 11.4717 0.616202 0.46495 0.232774 0.203386
0.00309677 33.4513 34.0631 32.8396 20.3304 20.7922 19.8687 11.3302 0.611734 0.461741 0.230882 0.201262
0.00318442 33.0695 33.6768 32.4622 20.1079 20.5665 19.6494 11.19 0.607279 0.458547 0.229005 0.199154
0.00327455 32.6912 33.294 32.0884 19.8872 20.3426 19.4318 11.0512 0.602834 0.455369 0.227144 0.197062
0.00336723 32.3164 32.9148 31.718 19.6683 20.1205 19.216 10.9137 0.598402 0.452207 0.225298 0.194985
0.00346253 31.9451 32.5391 31.3511 19.451 19.9001 19.002 10.7775 0.59398 0.449059 0.223467 0.192923
0.00356053 31.5772 32.1668 30.9877 19.2356 19.6815 18.7896 10.6426 0.589569 0.445926 0.221651 0.190876
0.00366131 31.2128 31.798 30.6276 19.0218 19.4647 18.579 10.5089 0.585169 0.442808 0.21985 0.188844
0.00376494 30.8518 31.4325 30.271 18.8098 19.2495 18.3701 10.3766 0.580779 0.439705 0.218063 0.186828
0.0038715 30.4941 31.0705 29.9177 18.5995 19.0361 18.1629 10.2455 0.576399 0.436616 0.21629 0.184826
0.00398107 30.1398 30.7118 29.5678 18.3908 18.8244 17.9573 10.1156 0.572028 0.433542 0.214532 0.182839
0.00409375 29.7888 30.3565 29.2212 18.1839 18.6144 17.7534 9.98704 0.567667 0.430481 0.212787 0.180866
0.00420962 29.4411 30.0044 28.8778 17.9786 18.4061 17.5512 9.85968 0.563315 0.427435 0.211056 0.178908
0.00432876 29.0967 29.6557 28.5377 17.775 18.1994 17.3506 9.73355 0.558971 0.424402 0.209338 0.176965
0.00445128 28.7555 29.3101 28.2009 17.573 17.9944 17.1516 9.60863 0.554636 0.421382 0.207634 0.175036
0.00457727 28.4175 28.9678 27.8672 17.3726 17.791 16.9543 9.48493 0.550309 0.418376 0.205943 0.17312
0.00470682 28.0827 28.6287 27.5367 17.1739 17.5893 16.7586 9.36242 0.545989 0.415383 0.204264 0.171219
0.00484003 27.7511 28.2928 27.2094 16.9768 17.3892 16.5644 9.24109 0.541678 0.412402 0.202599 0.169333
0.00497702 27.4226 27.9599 26.8852 16.7813 17.1907 16.3719 9.12096 0.537373 0.409435 0.200945 0.167459
0.00511789 27.0972 27.6303 26.5641 16.5874 16.9939 16.1809 9.00198 0.533075 0.40648 0.199304 0.1656
0.00526274 26.7749 27.3036 26.2461 16.395 16.7986 15.9915 8.88417 0.528784 0.403537 0.197675 0.163755
0.0054117 26.4556 26.9801 25.9311 16.2043 16.6049 15.8037 8.76751 0.524499 0.400607 0.196058 0.161923
0.00556486 26.1394 26.6596 25.6191 16.0151 16.4128 15.6174 8.652 0.52022 0.397688 0.194452 0.160104
0.00572237 25.8261 26.3421 25.3102 15.8274 16.2222 15.4326 8.53762 0.515947 0.394781 0.192858 0.158299
0.00588433 25.5159 26.0276 25.0042 15.6413 16.0332 15.2494 8.42436 0.511679 0.391886 0.191275 0.156507
0.00605088 25.2086 25.716 24.7012 15.4567 15.8457 15.0677 8.31222 0.507417 0.389002 0.189703 0.154729
0.00622213 24.9042 25.4074 24.4011 15.2736 15.6597 14.8875 8.20119 0.503159 0.386129 0.188142 0.152963
0.00639824 24.6028 25.1017 24.1039 15.092 15.4753 14.7088 8.09126 0.498906 0.383267 0.18659 0.151211
0.00657933 24.3042 24.7988 23.8095 14.9119 15.2923 14.5315 7.98242 0.494657 0.380416 0.18505 0.149471
0.00676555 24.0085 24.4989 23.518 14.7333 15.1109 14.3558 7.87466 0.490412 0.377575 0.183519 0.147745
0.00695704 23.7156 24.2017 23.2294 14.5562 14.931 14.1815 7.76798 0.486171 0.374745 0.181998 0.146031
0.00715394 23.4255 23.9074 22.9436 14.3805 14.7525 14.0086 7.66236 0.481933 0.371925 0.180486 0.144329
0.00735642 23.1382 23.6159 22.6605 14.2063 14.5754 13.8372 7.55779 0.477699 0.369115 0.178984 0.14264
0.00756463 22.8536 23.3271 22.3802 14.0336 14.3999 13.6672 7.45428 0.473468 0.366314 0.177491 0.140964
0.00777874 22.5718 23.0411 22.1026 13.8622 14.2257 13.4987 7.3518 0.469239 0.363523 0.176006 0.1393
0.0079989 22.2928 22.7578 21.8277 13.6923 14.053 13.3316 7.25036 0.465012 0.360742 0.17453 0.137648
0.0082253 22.0164 22.4771 21.5556 13.5238 13.8818 13.1658 7.14994 0.460788 0.357969 0.173063 0.136008
0.0084581 21.7426 22.1992 21.2861 13.3567 13.7119 13.0015 7.05053 0.456566 0.355206 0.171603 0.134381
0.00869749 21.4715 21.9239 21.0192 13.191 13.5434 12.8385 6.95213 0.452346 0.352451 0.170151 0.132765
0.00894366 21.2031 21.6512 20.7549 13.0267 13.3764 12.6769 6.85473 0.448127 0.349705 0.168706 0.131161
0.00919679 20.9372 21.3811 20.4933 12.8637 13.2107 12.5167 6.75832 0.443909 0.346967 0.167269 0.129569
0.00945709 20.6739 21.1136 20.2342 12.7021 13.0463 12.3579 6.6629 0.439692 0.344237 0.165839 0.127989
0.00972476 20.4132 20.8486 19.9777 12.5418 12.8834 12.2003 6.56845 0.435477 0.341515 0.164415 0.12642
0.01 20.155 20.5862 19.7237 12.3829 12.7217 12.0441 6.47497 0.431261 0.338801 0.162998 0.124863
0.010283 19.8993 20.3263 19.4722 12.2253 12.5614 11.8893 6.38245 0.427047 0.336094 0.161587 0.123317
0.0105741 19.646 20.0689 19.2232 12.0691 12.4025 11.7357 6.29088 0.422832 0.333394 0.160182 0.121783
0.0108734 19.3953 19.8139 18.9767 11.9141 12.2448 11.5834 6.20025 0.418618 0.330701 0.158783 0.12026
0.0111811 19.147 19.5614 18.7326 11.7605 12.0885 11.4325 6.11056 0.414404 0.328016 0.157389 0.118748
0.0114976 18.9011 19.3113 18.4909 11.6081 11.9335 11.2828 6.02179 0.410189 0.325337 0.156 0.117247
0.011823 18.6576 19.0636 18.2516 11.4571 11.7797 11.1344 5.93395 0.405974 0.322664 0.154616 0.115758
0.0121576 18.4165 18.8183 18.0147 11.3073 11.6273 10.9873 5.84703 0.401758 0.319997 0.153237 0.114279
0.0125017 18.1777 18.5753 17.7802 11.1587 11.4761 10.8414 5.76101 0.397542 0.317337 0.151861 0.112811
0.0128556 17.9413 18.3347 17.548 11.0114 11.3261 10.6968 5.67588 0.393325 0.314682 0.15049 0.111354
0.0132194 17.7072 18.0963 17.3181 10.8654 11.1774 10.5534 5.59166 0.389108 0.312033 0.149123 0.109907
0.0135936 17.4754 17.8603 17.0905 10.7206 11.03 10.4112 5.50831 0.384889 0.309389 0.147759 0.108472
0.0139783 17.2459 17.6266 16.8652 10.577 10.8837 10.2702 5.42584 0.380669 0.30675 0.146398 0.107046
0.0143739 17.0186 17.3951 16.6422 10.4346 10.7387 10.1305 5.34424 0.376448 0.304116 0.14504 0.105631
0.0147808 16.7936 17.1658 16.4213 10.2934 10.5949 9.99195 5.2635 0.372226 0.301487 0.143684 0.104227
0.0151991 16.5707 16.9387 16.2027 10.1535 10.4523 9.8546 5.18361 0.368003 0.298863 0.142332 0.102833
0.0156293 16.3501 16.7139 15.9863 10.0147 10.3109 9.71843 5.10458 0.363779 0.296242 0.140981 0.101449
0.0160717 16.1316 16.4912 15.7721 9.87706 10.1707 9.58343 5.02639 0.359553 0.293626 0.139632 0.100075
0.0165265 15.9153 16.2706 15.56 9.74061 10.0316 9.44959 4.94902 0.355327 0.291014 0.138285 0.0987118
0.0169943 15.7011 16.0522 15.35 9.60531 9.89372 9.31691 4.87249 0.351099 0.288405 0.136939 0.0973582
0.0174753 15.489 15.8359 15.1422 9.47117 9.75697 9.18537 4.79678 0.34687 0.2858 0.135594 0.0960147
0.0179699 15.279 15.6217 14.9364 9.33817 9.62136 9.05497 4.72187 0.34264 0.283198 0.13425 0.0946809
0.0184785 15.0711 15.4095 14.7327 9.20629 9.48689 8.92569 4.64778 0.338409 0.280599 0.132906 0.093357
0.0190015 14.8653 15.1994 14.5311 9.07554 9.35354 8.79753 4.57448 0.334178 0.278002 0.131563 0.0920429
0.0195393 14.6614 14.9914 14.3315 8.94589 9.2213 8.67048 4.50197 0.329945 0.275409 0.13022 0.0907384
0.0200923 14.4596 14.7853 14.1339 8.81735 9.09017 8.54453 4.43025 0.325712 0.272817 0.128877 0.0894436
0.020661 14.2598 14.5813 13.9383 8.6899 8.96013 8.41967 4.35931 0.321479 0.270228 0.127533 0.0881583
0.0212458 14.0619 14.3792 13.7447 8.56354 8.83118 8.2959 4.28914 0.317245 0.267642 0.126189 0.0868825
0.0218471 13.866 14.179 13.553 8.43825 8.7033 8.17319 4.21974 0.313012 0.265056 0.124844 0.0856161
0.0224655 13.6721 13.9808 13.3633 8.31402 8.5765 8.05155 4.15109 0.308778 0.262473 0.123498 0.0843591
0.0231013 13.48 13.7846 13.1755 8.19086 8.45075 7.93097 4.0832 0.304545 0.259891 0.122151 0.0831114
0.0237551 13.2899 13.5902 12.9896 8.06874 8.32605 7.81143 4.01605 0.300313 0.25731 0.120802 0.081873
0.0244275 13.1016 13.3977 12.8055 7.94766 8.20239 7.69293 3.94964 0.296082 0.25473 0.119452 0.0806437
0.0251189 12.9152 13.2071 12.6234 7.82761 8.07976 7.57546 3.88396 0.291852 0.252151 0.1181 0.0794236
0.0258298 12.7307 13.0183 12.443 7.70859 7.95816 7.45901 3.81901 0.287624 0.249572 0.116746 0.0782126
0.0265609 12.5479 12.8313 12.2645 7.59057 7.83757 7.34358 3.75477 0.283398 0.246994 0.11539 0.0770106
0.0273126 12.367 12.6462 12.0878 7.47357 7.71798 7.22915 3.69125 0.279175 0.244416 0.114032 0.0758176
0.0280857 12.1878 12.4628 11.9129 7.35755 7.59939 7.11571 3.62844 0.274954 0.241839 0.112672 0.0746335
0.0288806 12.0105 12.2812 11.7397 7.24253 7.48179 7.00327 3.56632 0.270737 0.239261 0.111309 0.0734583
0.029698 11.8348 12.1014 11.5683 7.12848 7.36517 6.8918 3.5049 0.266524 0.236683 0.109943 0.0722919
0.0305386 11.661 11.9233 11.3986 7.01541 7.24951 6.7813 3.44417 0.262315 0.234105 0.108575 0.0711344
0.0314029 11.4888 11.7469 11.2307 6.9033 7.13482 6.67177 3.38412 0.25811 0.231526 0.107204 0.0699855
0.0322917 11.3183 11.5722 11.0644 6.79214 7.02108 6.56319 3.32474 0.253912 0.228947 0.10583 0.0688454
0.0332057 11.1495 11.3992 10.8998 6.68192 6.90829 6.45556 3.26603 0.249719 0.226366 0.104454 0.0677139
0.0341455 10.9824 11.2279 10.7368 6.57265 6.79643 6.34886 3.20798 0.245533 0.223785 0.103074 0.066591
0.0351119 10.8169 11.0582 10.5755 6.4643 6.6855 6.2431 3.15059 0.241354 0.221203 0.101692 0.0654768
0.0361057 10.653 10.8902 10.4158 6.35688 6.5755 6.13826 3.09385 0.237183 0.218619 0.100306 0.064371
0.0371276 10.4908 10.7238 10.2577 6.25037 6.4664 6.03433 3.03776 0.233021 0.216034 0.0989178 0.0632738
0.0381784 10.3301 10.559 10.1012 6.14476 6.35821 5.93131 2.9823 0.228868 0.213447 0.0975265 0.062185
0.039259 10.171 10.3957 9.94628 6.04005 6.25091 5.82919 2.92748 0.224726 0.210859 0.0961323 0.0611047
0.0403702 10.0135 10.2341 9.79287 5.93624 6.1445 5.72797 2.87328 0.220594 0.208269 0.0947354 0.0600329
0.0415128 9.85747 10.0739 9.64099 5.8333 6.03898 5.62763 2.8197 0.216474 0.205677 0.0933357 0.0589694
0.0426877 9.70299 9.91535 9.49062 5.73124 5.93432 5.52816 2.76674 0.212366 0.203083 0.0919334 0.0579142
0.0438959 9.55001 9.75828 9.34174 5.63005 5.83054 5.42956 2.71438 0.208272 0.200487 0.0905285 0.0568674
0.0451383 9.39852 9.60271 9.19433 5.52972 5.72761 5.33183 2.66263 0.204192 0.197889 0.0891213 0.0558289
0.0464159 9.2485 9.44862 9.04837 5.43024 5.62553 5.23495 2.61148 0.200127 0.195289 0.0877118 0.0547987
0.0477296 9.09993 9.296 8.90385 5.3316 5.52429 5.13892 2.56092 0.196078 0.192687 0.0863002 0.0537768
0.0490805 8.95279 9.14484 8.76074 5.23381 5.42389 5.04373 2.51094 0.192047 0.190083 0.0848868 0.0527632
0.0504697 8.80707 8.99511 8.61904 5.13685 5.32432 4.94937 2.46154 0.188033 0.187476 0.0834717 0.0517578
0.0518981 8.66275 8.84679 8.47872 5.04071 5.22558 4.85584 2.41272 0.184039 0.184867 0.0820551 0.0507606
0.053367 8.51982 8.69988 8.33975 4.94539 5.12765 4.76314 2.36447 0.180064 0.182256 0.0806374 0.0497717
0.0548775 8.37825 8.55436 8.20214 4.85089 5.03053 4.67124 2.31678 0.176111 0.179643 0.0792187 0.048791
0.0564307 8.23803 8.41021 8.06585 4.75719 4.93422 4.58016 2.26965 0.17218 0.177027 0.0777994 0.0478185
0.0580278 8.09914 8.26741 7.93087 4.66429 4.8387 4.48988 2.22308 0.168271 0.174409 0.0763797 0.0468542
0.0596702 7.96157 8.12595 7.79718 4.57218 4.74397 4.40039 2.17705 0.164388 0.171789 0.07496 0.0458982
0.0613591 7.82529 7.98582 7.66476 4.48087 4.65003 4.3117 2.13156 0.160529 0.169167 0.0735407 0.0449503
0.0630957 7.6903 7.84699 7.5336 4.39033 4.55687 4.22379 2.08661 0.156698 0.166543 0.072122 0.0440107
0.0648815 7.55657 7.70946 7.40367 4.30057 4.46449 4.13665 2.0422 0.152893 0.163918 0.0707044 0.0430794
0.0667179 7.42408 7.5732 7.27496 4.21159 4.37288 4.0503 1.99831 0.149118 0.16129 0.0692883 0.0421562
0.0686062 7.29283 7.4382 7.14746 4.12337 4.28203 3.96471 1.95494 0.145372 0.158661 0.067874 0.0412414
0.070548 7.16279 7.30445 7.02113 4.03591 4.19194 3.87989 1.91209 0.141658 0.15603 0.0664621 0.0403348
0.0725448 7.03395 7.17192 6.89597 3.94922 4.10262 3.79582 1.86976 0.137976 0.153398 0.0650529 0.0394365
0.074598 6.90628 7.04061 6.77196 3.86327 4.01404 3.71251 1.82793 0.134327 0.150765 0.0636468 0.0385465
0.0767094 6.77978 6.9105 6.64907 3.77808 3.92621 3.62995 1.78661 0.130713 0.14813 0.0622445 0.0376648
0.0788805 6.65443 6.78156 6.52729 3.69363 3.83913 3.54814 1.74578 0.127134 0.145496 0.0608463 0.0367915
0.0811131 6.5302 6.6538 6.40661 3.60993 3.75279 3.46707 1.70545 0.123593 0.142861 0.0594529 0.0359267
0.0834088 6.40709 6.52718 6.28701 3.52697 3.66719 3.38674 1.66561 0.120089 0.140225 0.0580645 0.0350702
0.0857696 6.28508 6.4017 6.16846 3.44474 3.58233 3.30715 1.62626 0.116624 0.13759 0.0566819 0.0342223
0.0881971 6.16414 6.27734 6.05094 3.36325 3.49821 3.2283 1.58739 0.1132 0.134956 0.0553056 0.0333828
0.0906934 6.04427 6.15409 5.93446 3.2825 3.41482 3.15018 1.54899 0.109817 0.132322 0.053936 0.0325519
0.0932603 5.92545 6.03193 5.81897 3.20248 3.33217 3.07279 1.51107 0.106477 0.129689 0.0525738 0.0317296
0.0958999 5.80766 5.91084 5.70448 3.12318 3.25024 2.99612 1.47363 0.10318 0.127059 0.0512195 0.030916
0.0986142 5.69088 5.79081 5.59095 3.04462 3.16905 2.92019 1.43665 0.0999278 0.12443 0.0498736 0.0301111
0.101405 5.5751 5.67182 5.47838 2.96679 3.0886 2.84499 1.40013 0.0967212 0.121804 0.0485368 0.029315
0.104275 5.4603 5.55386 5.36674 2.88969 3.00887 2.77051 1.36408 0.0935613 0.119181 0.0472097 0.0285277
0.107227 5.34647 5.43692 5.25602 2.81332 2.92989 2.69676 1.32848 0.090449 0.116562 0.0458927 0.0277493
0.110262 5.23359 5.32098 5.14621 2.73769 2.85163 2.62374 1.29333 0.0873854 0.113947 0.0445865 0.0269799
0.113382 5.12165 5.20602 5.03728 2.66279 2.77413 2.55145 1.25864 0.0843713 0.111336 0.0432917 0.0262195
0.116591 5.01063 5.09203 4.92922 2.58863 2.69736 2.4799 1.2244 0.0814077 0.108731 0.0420088 0.0254683
0.119891 4.90051 4.979 4.82201 2.51521 2.62134 2.40907 1.19061 0.0784954 0.106133 0.0407385 0.0247263
0.123285 4.79128 4.86691 4.71564 2.44253 2.54607 2.33899 1.15726 0.0756353 0.10354 0.0394812 0.0239936
0.126774 4.68293 4.75576 4.6101 2.37061 2.47157 2.26965 1.12436 0.072828 0.100956 0.0382377 0.0232703
0.130362 4.57544 4.64551 4.50536 2.29944 2.39782 2.20106 1.0919 0.0700745 0.0983795 0.0370084 0.0225565
0.134052 4.46879 4.53617 4.40142 2.22903 2.32484 2.13322 1.05987 0.0673753 0.0958122 0.035794 0.0218522
0.137846 4.36298 4.42771 4.29825 2.15939 2.25265 2.06614 1.02829 0.0647311 0.0932547 0.0345949 0.0211577
0.141747 4.258 4.32014 4.19585 2.09053 2.18124 1.99982 0.997147 0.0621426 0.0907081 0.0334118 0.020473
0.145759 4.15382 4.21343 4.09421 2.02245 2.11062 1.93428 0.96644 0.0596104 0.0881732 0.0322451 0.0197982
0.149885 4.05043 4.10757 3.9933 1.95517 2.04082 1.86952 0.93617 0.0571348 0.0856509 0.0310955 0.0191334
0.154127 3.94784 4.00255 3.89312 1.88869 1.97183 1.80555 0.906337 0.0547164 0.0831422 0.0299634 0.0184788
0.158489 3.84601 3.89837 3.79366 1.82303 1.90367 1.74238 0.876941 0.0523556 0.0806482 0.0288493 0.0178345
0.162975 3.74496 3.79501 3.6949 1.75819 1.83636 1.68002 0.847983 0.0500528 0.0781699 0.0277537 0.0172006
0.167588 3.64466 3.69246 3.59685 1.6942 1.76991 1.61849 0.819462 0.0478082 0.0757085 0.0266772 0.0165773
0.172331 3.5451 3.59072 3.49948 1.63107 1.70434 1.55781 0.791381 0.0456221 0.0732649 0.0256201 0.0159646
0.177209 3.44629 3.48979 3.4028 1.56881 1.63965 1.49797 0.763739 0.0434948 0.0708405 0.024583 0.0153628
0.182224 3.34821 3.38964 3.30679 1.50744 1.57588 1.439 0.73654 0.0414263 0.0684365 0.0235662 0.0147719
0.187382 3.25087 3.29028 3.21145 1.44698 1.51303 1.38092 0.709784 0.0394167 0.066054 0.0225703 0.0141922
0.192685 3.15425 3.19171 3.11678 1.38744 1.45114 1.32375 0.683474 0.0374661 0.0636944 0.0215954 0.0136237
0.198139 3.05836 3.09393 3.02278 1.32886 1.39022 1.2675 0.657611 0.0355744 0.0613589 0.0206422 0.0130666
0.203747 2.96319 2.99693 2.92945 1.27124 1.33029 1.21219 0.6322 0.0337416 0.059049 0.0197108 0.0125211
0.209514 2.86875 2.90072 2.83679 1.21462 1.27139 1.15786 0.607243 0.0319675 0.0567659 0.0188017 0.0119873
0.215443 2.77505 2.8053 2.7448 1.15902 1.21353 1.10451 0.582743 0.0302519 0.0545111 0.0179152 0.0114654
0.221541 2.68209 2.71068 2.65349 1.10446 1.15675 1.05218 0.558704 0.0285946 0.052286 0.0170515 0.0109555
0.227812 2.58987 2.61687 2.56288 1.05098 1.10107 1.00089 0.535129 0.0269952 0.050092 0.0162109 0.0104577
0.234259 2.49842 2.52387 2.47297 0.998606 1.04654 0.950675 0.512024 0.0254533 0.0479306 0.0153937 0.00997223
0.24089 2.40775 2.43172 2.38378 0.947365 0.993168 0.901561 0.489392 0.0239686 0.0458032 0.0146 0.00949919
0.247708 2.31788 2.34042 2.29533 0.897295 0.941006 0.853583 0.467238 0.0225405 0.0437114 0.0138301 0.00903869
0.254719 2.22883 2.24999 2.20766 0.848431 0.890088 0.806774 0.445567 0.0211685 0.0416566 0.013084 0.00859085
0.261928 2.14063 2.16048 2.12078 0.800816 0.840457 0.761176 0.424385 0.0198519 0.0396402 0.0123619 0.00815575
0.269341 2.05333 2.07192 2.03474 0.754497 0.792161 0.716833 0.403697 0.0185901 0.0376638 0.0116638 0.00773343
0.276965 1.96698 1.98436 1.9496 0.709528 0.745257 0.673799 0.383509 0.0173823 0.0357287 0.0109897 0.00732392
0.284804 1.88164 1.89787 1.86541 0.665984 0.699821 0.632148 0.363827 0.0162277 0.0338363 0.0103395 0.00692715
0.292864 1.79742 1.81255 1.7823 0.623978 0.655966 0.59199 0.34466 0.0151251 0.0319879 0.00971293 0.00654294
0.301153 1.71452 1.7286 1.70045 0.583746 0.613931 0.553562 0.326016 0.0140734 0.0301845 0.00910953 0.00617083
0.309677 1.6337 1.64677 1.62063 0.546314 0.574741 0.517888 0.307911 0.0130705 0.0284266 0.0085278 0.00580936
0.318442 1.57541 1.58811 1.56272 0.522785 0.550554 0.495016 0.301215 0.012699 0.0277689 0.00830857 0.00567054
0.321833 1.54524 1.55758 1.5329 0.508441 0.535566 0.481316 0.294663 0.0123383 0.027125 0.00809492 0.00553494
0.325224 1.51554 1.52753 1.50355 0.494439 0.520933 0.467944 0.288251 0.011988 0.0264945 0.00788669 0.00540248
0.328614 1.48629 1.49794 1.47464 0.480772 0.506649 0.454895 0.281977 0.0116478 0.0258772 0.00768373 0.00527309
0.332005 1.45749 1.46881 1.44617 0.467432 0.492705 0.44216 0.275836 0.0113174 0.0252728 0.0074859 0.00514668
0.335396 1.42913 1.44013 1.41814 0.454413 0.479094 0.429732 0.269826 0.0109965 0.024681 0.00729306 0.00502318
0.338787 1.40121 1.41189 1.39052 0.441706 0.465807 0.417604 0.263944 0.0106847 0.0241016 0.00710508 0.00490252
0.342178 1.37371 1.38409 1.36332 0.429305 0.452839 0.405771 0.258185 0.0103818 0.0235344 0.00692181 0.00478463
0.345569 1.34662 1.35671 1.33654 0.417203 0.440182 0.394224 0.252549 0.0100875 0.022979 0.00674313 0.00466943
0.348959 1.31996 1.32976 1.31015 0.405394 0.427829 0.382959 0.247031 0.00980161 0.0224352 0.00656892 0.00455687
0.35235 1.29369 1.30321 1.28417 0.393871 0.415774 0.371969 0.241628 0.00952376 0.0219028 0.00639906 0.00444687
0.355741 1.26782 1.27708 1.25857 0.382629 0.40401 0.361247 0.236339 0.00925374 0.0213816 0.00623343 0.00433938
0.359132 1.24235 1.25134 1.23336 0.37166 0.392531 0.350788 0.231161 0.00899132 0.0208713 0.00607193 0.00423433
0.362523 1.21726 1.226 1.20852 0.360959 0.381331 0.340587 0.22609 0.00873627 0.0203718 0.00591443 0.00413167
0.365914 1.19255 1.20104 1.18406 0.35052 0.370403 0.330637 0.221125 0.00848835 0.0198827 0.00576085 0.00403134
0.369305 1.16822 1.17646 1.15997 0.340338 0.359742 0.320934 0.216264 0.00824737 0.019404 0.00561106 0.00393327
0.372695 1.14425 1.15227 1.13624 0.330407 0.349342 0.311471 0.211503 0.00801311 0.0189353 0.00546498 0.00383743
0.376086 1.12065 1.12844 1.11287 0.320721 0.339197 0.302244 0.206841 0.00778536 0.0184766 0.00532251 0.00374375
0.379477 1.09741 1.10498 1.08985 0.311276 0.329303 0.293248 0.202275 0.00756394 0.0180275 0.00518355 0.00365218
0.382868 1.07452 1.08187 1.06718 0.302066 0.319654 0.284478 0.197803 0.00734867 0.0175879 0.00504802 0.00356268
0.386259 1.05199 1.05913 1.04485 0.293086 0.310243 0.275928 0.193424 0.00713934 0.0171576 0.00491582 0.0034752
0.38965 1.02979 1.03673 1.02286 0.284331 0.301068 0.267595 0.189135 0.00693581 0.0167364 0.00478687 0.00338968
0.39304 1.00794 1.01468 1.0012 0.275797 0.292121 0.259473 0.184934 0.00673788 0.0163242 0.00466109 0.00330609
0.396431 0.986418 0.992964 0.979873 0.267479 0.2834 0.251558 0.180819 0.00654541 0.0159208 0.0045384 0.00322438
0.399822 0.965231 0.971589 0.958873 0.259372 0.274898 0.243846 0.176789 0.00635823 0.015526 0.00441871 0.0031445
0.403213 0.944371 0.950547 0.938195 0.251471 0.266611 0.236332 0.172842 0.00617619 0.0151396 0.00430196 0.00306641
0.406604 0.923834 0.929833 0.917835 0.243773 0.258534 0.229011 0.168975 0.00599914 0.0147614 0.00418807 0.00299008
0.409995 0.903616 0.909443 0.897789 0.236272 0.250664 0.221881 0.165188 0.00582694 0.0143914 0.00407696 0.00291546
0.413385 0.883714 0.889373 0.878054 0.228966 0.242995 0.214936 0.161477 0.00565945 0.0140293 0.00396858 0.00284252
0.416776 0.864122 0.869619 0.858626 0.221848 0.235523 0.208173 0.157843 0.00549654 0.013675 0.00386284 0.00277121
0.420167 0.844839 0.850177 0.839501 0.214916 0.228245 0.201588 0.154283 0.00533807 0.0133284 0.00375969 0.0027015
0.423558 0.82586 0.831044 0.820676 0.208166 0.221155 0.195177 0.150796 0.00518393 0.0129892 0.00365905 0.00263335
0.426949 0.807183 0.812217 0.802149 0.201593 0.21425 0.188936 0.147379 0.00503399 0.0126574 0.00356088 0.00256673
0.43034 0.788803 0.793691 0.783915 0.195194 0.207526 0.182861 0.144033 0.00488812 0.0123328 0.0034651 0.00250161
0.43373 0.770718 0.775464 0.765972 0.188964 0.200979 0.176949 0.140754 0.00474623 0.0120152 0.00337167 0.00243794
0.437121 0.752923 0.757531 0.748315 0.182901 0.194606 0.171197 0.137542 0.00460819 0.0117046 0.00328051 0.00237571
0.440512 0.735416 0.73989 0.730943 0.177001 0.188401 0.1656 0.134396 0.00447391 0.0114008 0.00319158 0.00231487
0.443903 0.718195 0.722539 0.713852 0.171259 0.182363 0.160155 0.131314 0.00434327 0.0111036 0.00310483 0.0022554
0.447294 0.701256 0.705472 0.697039 0.165673 0.176486 0.15486 0.128294 0.00421617 0.0108129 0.00302019 0.00219726
0.450685 0.684595 0.688687 0.680502 0.160239 0.170768 0.149711 0.125336 0.00409252 0.0105287 0.00293762 0.00214043
0.454075 0.66821 0.672182 0.664238 0.154954 0.165205 0.144704 0.122438 0.00397223 0.0102508 0.00285707 0.00208488
0.457466 0.652099 0.655954 0.648243 0.149815 0.159794 0.139836 0.119599 0.0038552 0.00997898 0.00277849 0.00203058
0.460857 0.636257 0.639998 0.632516 0.144818 0.154531 0.135104 0.116818 0.00374134 0.00971324 0.00270183 0.00197751
0.464248 0.620683 0.624314 0.617053 0.139959 0.149413 0.130506 0.114093 0.00363057 0.00945342 0.00262705 0.00192563
0.467639 0.605374 0.608897 0.601851 0.135237 0.144437 0.126038 0.111424 0.0035228 0.00919941 0.00255411 0.00187492
0.47103 0.590327 0.593745 0.58691 0.130648 0.139599 0.121697 0.108809 0.00341796 0.00895111 0.00248295 0.00182536
0.47442 0.57554 0.578856 0.572224 0.126188 0.134897 0.11748 0.106247 0.00331595 0.00870838 0.00241353 0.00177692
0.477811 0.56101 0.564227 0.557793 0.121856 0.130327 0.113385 0.103738 0.00321672 0.00847114 0.00234583 0.00172958
0.481202 0.546734 0.549854 0.543613 0.117647 0.125887 0.109408 0.10128 0.00312017 0.00823928 0.00227978 0.00168331
0.484593 0.532709 0.535736 0.529683 0.11356 0.121573 0.105547 0.0988718 0.00302625 0.00801268 0.00221537 0.0016381
0.487984 0.518935 0.52187 0.516 0.109591 0.117382 0.1018 0.0965128 0.00293488 0.00779125 0.00215254 0.00159391
0.491375 0.505407 0.508253 0.502561 0.105738 0.113313 0.0981631 0.094202 0.00284599 0.00757489 0.00209126 0.00155073
0.494765 0.492123 0.494883 0.489364 0.101998 0.109361 0.0946342 0.0919385 0.00275952 0.0073635 0.00203149 0.00150854
0.498156 0.479082 0.481757 0.476406 0.0983677 0.105525 0.0912108 0.0897212 0.0026754 0.00715698 0.00197321 0.00146731
0.501547 0.46628 0.468873 0.463686 0.0948454 0.101801 0.0878902 0.0875493 0.00259357 0.00695524 0.00191636 0.00142703
0.504938 0.453715 0.456229 0.451201 0.0914282 0.0981864 0.0846701 0.0854219 0.00251397 0.00675818 0.00186093 0.00138767
0.508329 0.441385 0.443822 0.438949 0.0881137 0.0946795 0.081548 0.0833382 0.00243654 0.00656572 0.00180688 0.00134922
0.51172 0.429288 0.431649 0.426926 0.0848994 0.0912772 0.0785217 0.0812972 0.00236123 0.00637776 0.00175417 0.00131166
0.51511 0.41742 0.419708 0.415132 0.081783 0.0879772 0.0755887 0.0792981 0.00228798 0.00619422 0.00170278 0.00127496
0.518501 0.405781 0.407998 0.403564 0.0787618 0.0847768 0.0727468 0.0773402 0.00221673 0.006015 0.00165267 0.00123912
0.521892 0.394367 0.396515 0.39222 0.0758338 0.0816738 0.0699937 0.0754226 0.00214744 0.00584004 0.00160382 0.00120411
0.525283 0.383177 0.385257 0.381097 0.0729965 0.0786657 0.0673272 0.0735446 0.00208005 0.00566923 0.0015562 0.00116991
0.528674 0.372207 0.374222 0.370193 0.0702477 0.0757502 0.0647452 0.0717053 0.00201451 0.0055025 0.00150977 0.00113652
0.532065 0.361456 0.363407 0.359505 0.0675854 0.0729251 0.0622456 0.0699042 0.00195078 0.00533978 0.00146451 0.0011039
0.535455 0.350922 0.35281 0.349033 0.0650071 0.0701881 0.0598261 0.0681403 0.0018888 0.00518097 0.0014204 0.00107206
0.538846 0.340601 0.34243 0.338773 0.062511 0.067537 0.0574849 0.0664131 0.00182854 0.00502601 0.00137741 0.00104096
0.542237 0.330493 0.332263 0.328723 0.0600948 0.0649696 0.05522 0.0647217 0.00176994 0.00487482 0.00133551 0.0010106
0.545628 0.320594 0.322307 0.318881 0.0577566 0.0624839 0.0530293 0.0630656 0.00171298 0.00472732 0.00129468 0.000980961
0.549019 0.310903 0.31256 0.309245 0.0554943 0.0600777 0.0509108 0.0614441 0.00165759 0.00458343 0.00125489 0.000952027
0.55241 0.301417 0.30302 0.299813 0.053306 0.0577491 0.0488629 0.0598564 0.00160375 0.0044431 0.00121612 0.000923784
0.5558 0.292133 0.293685 0.290582 0.0511897 0.0554959 0.0468835 0.0583021 0.00155141 0.00430624 0.00117834 0.000896219
0.559191 0.283051 0.284551 0.28155 0.0491435 0.0533163 0.0449707 0.0567803 0.00150054 0.00417279 0.00114155 0.000869317
0.562582 0.274167 0.275618 0.272716 0.0471656 0.0512083 0.043123 0.0552907 0.0014511 0.00404267 0.0011057 0.000843065
0.565973 0.265479 0.266882 0.264076 0.0452543 0.0491701 0.0413384 0.0538324 0.00140305 0.00391583 0.00107078 0.00081745
0.569364 0.256985 0.258341 0.255628 0.0434076 0.0471998 0.0396154 0.052405 0.00135635 0.0037922 0.00103678 0.000792459
0.572755 0.248683 0.249994 0.247372 0.0416238 0.0452955 0.0379521 0.0510078 0.00131097 0.0036717 0.00100366 0.000768079
0.576146 0.24057 0.241837 0.239303 0.0399013 0.0434556 0.036347 0.0496403 0.00126688 0.00355428 0.000971413 0.000744297
0.579536 0.232644 0.233868 0.23142 0.0382384 0.0416783 0.0347985 0.048302 0.00122405 0.00343988 0.000940014 0.000721103
0.582927 0.224904 0.226086 0.223721 0.0366333 0.0399618 0.0333049 0.0469923 0.00118244 0.00332843 0.000909446 0.000698484
0.586318 0.217346 0.218488 0.216204 0.0350846 0.0383045 0.0318647 0.0457107 0.00114202 0.00321987 0.00087969 0.000676428
0.589709 0.209968 0.211071 0.208865 0.0335906 0.0367047 0.0304764 0.0444567 0.00110276 0.00311415 0.000850727 0.000654923
0.5931 0.202769 0.203833 0.201704 0.0321498 0.035161 0.0291386 0.0432297 0.00106463 0.0030112 0.000822539 0.00063396
0.596491 0.195745 0.196773 0.194717 0.0307606 0.0336716 0.0278496 0.0420292 0.00102761 0.00291097 0.00079511 0.000613526
0.599881 0.188895 0.189887 0.187904 0.0294216 0.032235 0.0266082 0.0408549 0.000991664 0.0028134 0.000768421 0.000593611
0.603272 0.182217 0.183173 0.18126 0.0281314 0.0308498 0.0254129 0.0397061 0.000956765 0.00271844 0.000742457 0.000574205
0.606663 0.175707 0.17663 0.174784 0.0268885 0.0295145 0.0242624 0.0385824 0.000922887 0.00262603 0.000717201 0.000555297
0.610054 0.169364 0.170254 0.168474 0.0256915 0.0282276 0.0231553 0.0374835 0.000890005 0.00253612 0.000692636 0.000536877
0.613445 0.163186 0.164044 0.162328 0.024539 0.0269877 0.0220904 0.0364087 0.000858093 0.00244865 0.000668749 0.000518936
0.616836 0.157169 0.157997 0.156342 0.0234298 0.0257934 0.0210663 0.0353577 0.000827127 0.00236358 0.000645522 0.000501463
0.620226 0.151313 0.15211 0.150516 0.0223626 0.0246434 0.0200817 0.0343301 0.000797082 0.00228086 0.000622942 0.000484449
0.623617 0.145614 0.146382 0.144846 0.021336 0.0235364 0.0191356 0.0333254 0.000767937 0.00220042 0.000600993 0.000467885
0.627008 0.14007 0.14081 0.13933 0.0203489 0.0224711 0.0182266 0.0323432 0.000739666 0.00212224 0.000579662 0.000451762
0.630399 0.134679 0.135391 0.133966 0.0193999 0.0214462 0.0173537 0.0313831 0.000712249 0.00204624 0.000558934 0.00043607
0.63379 0.129438 0.130124 0.128752 0.018488 0.0204605 0.0165156 0.0304448 0.000685664 0.0019724 0.000538796 0.000420801
0.637181 0.124346 0.125005 0.123686 0.017612 0.0195127 0.0157113 0.0295277 0.00065989 0.00190066 0.000519234 0.000405946
0.640571 0.119399 0.120034 0.118764 0.0167707 0.0186017 0.0149397 0.0286316 0.000634905 0.00183098 0.000500236 0.000391496
0.643962 0.114596 0.115206 0.113985 0.0159631 0.0177264 0.0141997 0.0277561 0.00061069 0.00176332 0.000481788 0.000377444
0.647353 0.109933 0.110521 0.109346 0.015188 0.0168856 0.0134903 0.0269007 0.000587225 0.00169762 0.000463877 0.000363781
0.650744 0.10541 0.105974 0.104845 0.0144444 0.0160782 0.0128105 0.0260652 0.00056449 0.00163384 0.000446492 0.000350498
0.654135 0.101023 0.101565 0.10048 0.0137312 0.0153032 0.0121593 0.0252492 0.000542469 0.00157195 0.000429621 0.000337589
0.657526 0.0967696 0.0972908 0.0962485 0.0130476 0.0145595 0.0115357 0.0244523 0.000521141 0.00151189 0.000413251 0.000325046
0.660916 0.0926482 0.0931487 0.0921477 0.0123924 0.013846 0.0109387 0.0236742 0.000500489 0.00145364 0.000397371 0.00031286
0.664307 0.088656 0.0891365 0.0881755 0.0117648 0.0131619 0.0103676 0.0229145 0.000480496 0.00139715 0.00038197 0.000301024
0.667698 0.0847906 0.0852518 0.0843295 0.0111637 0.0125061 0.00982135 0.022173 0.000461144 0.00134237 0.000367036 0.000289531
0.671089 0.0810499 0.0814923 0.0806075 0.0105884 0.0118777 0.00929912 0.0214493 0.000442418 0.00128928 0.000352559 0.000278374
0.67448 0.0774314 0.0778557 0.0770071 0.0100379 0.0112757 0.00880007 0.0207431 0.000424301 0.00123782 0.000338529 0.000267545
0.677871 0.0739326 0.0743394 0.0735258 0.00951134 0.0106993 0.00832337 0.020054 0.000406777 0.00118797 0.000324933 0.000257038
0.681261 0.0705512 0.0709411 0.0701614 0.0090079 0.0101476 0.00786822 0.0193819 0.00038983 0.00113968 0.000311764 0.000246845
0.684652 0.0672849 0.0676584 0.0669115 0.00852677 0.0096197 0.00743384 0.0187263 0.000373446 0.00109293 0.000299009 0.000236961
0.688043 0.0641313 0.0644889 0.0637737 0.00806714 0.00911481 0.00701947 0.018087 0.00035761 0.00104767 0.000286661 0.000227377
0.691434 0.0610881 0.0614304 0.0607458 0.00762825 0.00863211 0.00662438 0.0174636 0.000342308 0.00100387 0.000274708 0.000218088
0.694825 0.0581529 0.0584804 0.0578254 0.00720933 0.00817082 0.00624784 0.016856 0.000327524 0.000961489 0.000263141 0.000209088
0.698216 0.0553234 0.0556366 0.0550101 0.00680966 0.00773016 0.00588916 0.0162638 0.000313247 0.000920502 0.000251952 0.000200369
0.701606 0.0525971 0.0528966 0.0522976 0.00642853 0.0073094 0.00554766 0.0156868 0.000299461 0.00088087 0.000241131 0.000191926
0.704997 0.0499718 0.050258 0.0496857 0.00606524 0.00690781 0.00522268 0.0151247 0.000286155 0.000842563 0.000230668 0.000183753
0.708388 0.0474452 0.0477186 0.0471719 0.00571913 0.00652468 0.00491358 0.0145771 0.000273314 0.000805547 0.000220556 0.000175843
0.711779 0.045015 0.0452759 0.0447541 0.00538954 0.00615933 0.00461975 0.014044 0.000260928 0.000769791 0.000210786 0.000168191
0.71517 0.0426788 0.0429277 0.0424298 0.00507583 0.00581109 0.00434056 0.0135249 0.000248982 0.000735263 0.000201349 0.00016079
0.718561 0.0404343 0.0406718 0.0401968 0.00477739 0.00547932 0.00407545 0.0130197 0.000237466 0.000701933 0.000192237 0.000153636
0.721951 0.0382793 0.0385057 0.0380529 0.00449362 0.00516339 0.00382385 0.0125281 0.000226368 0.000669771 0.000183442 0.000146722
0.725342 0.0362115 0.0364272 0.0359958 0.00422394 0.00486269 0.00358519 0.0120498 0.000215676 0.000638746 0.000174956 0.000140042
0.728733 0.0342286 0.0344339 0.0340232 0.00396779 0.00457662 0.00335896 0.0115846 0.000205379 0.000608831 0.000166771 0.000133592
0.732124 0.0323284 0.0325238 0.0321329 0.00372462 0.00430462 0.00314462 0.0111324 0.000195466 0.000579996 0.00015888 0.000127366
0.735515 0.0305086 0.0306945 0.0303227 0.0034939 0.00404612 0.00294169 0.0106927 0.000185926 0.000552214 0.000151274 0.000121358
0.738906 0.0287671 0.0289439 0.0285904 0.00327512 0.00380058 0.00274967 0.0102655 0.000176749 0.000525456 0.000143947 0.000115564
0.742296 0.0271017 0.0272696 0.0269338 0.00306779 0.00356748 0.00256809 0.00985048 0.000167924 0.000499696 0.000136892 0.000109978
0.745687 0.0255101 0.0256696 0.0253507 0.00287141 0.00334632 0.00239651 0.00944741 0.000159442 0.000474907 0.0001301 0.000104595
0.749078 0.0239903 0.0241416 0.023839 0.00268553 0.0031366 0.00223447 0.00905607 0.000151293 0.000451064 0.000123566 9.94098e-05
0.752469 0.0225401 0.0226836 0.0223966 0.0025097 0.00293784 0.00208156 0.00867627 0.000143466 0.000428139 0.000117282 9.44178e-05
0.75586 0.0211574 0.0212933 0.0210214 0.00234347 0.00274958 0.00193737 0.00830777 0.000135953 0.000406109 0.000111241 8.96141e-05
0.759251 0.0198401 0.0199688 0.0197113 0.00218643 0.00257138 0.00180149 0.00795037 0.000128745 0.000384948 0.000105437 8.49939e-05
0.762641 0.018586 0.0187079 0.0184642 0.00203817 0.00240281 0.00167354 0.00760386 0.000121832 0.000364632 9.9864e-05 8.05525e-05
0.766032 0.0173933 0.0175085 0.0172781 0.0018983 0.00224343 0.00155316 0.00726803 0.000115206 0.000345138 9.45148e-05 7.62851e-05
0.769423 0.0162599 0.0163687 0.016151 0.00176642 0.00209287 0.00143998 0.00694269 0.000108858 0.000326441 8.93833e-05 7.21873e-05
0.772814 0.0151837 0.0152865 0.0150809 0.00164219 0.00195071 0.00133367 0.00662762 0.00010278 0.000308519 8.44633e-05 6.82546e-05
0.776205 0.0141628 0.0142598 0.0140659 0.00152523 0.00181658 0.00123388 0.00632264 9.69627e-05 0.00029135 7.9749e-05 6.44824e-05
0.779596 0.0131953 0.0132867 0.0131039 0.00141522 0.00169013 0.00114031 0.00602755 9.13989e-05 0.00027491 7.52342e-05 6.08665e-05
0.782986 0.0122793 0.0123654 0.0121932 0.00131181 0.00157099 0.00105263 0.00574214 8.60806e-05 0.000259179 7.09133e-05 5.74024e-05
0.786377 0.0114129 0.0114939 0.0113319 0.0012147 0.00145883 0.000970562 0.00546624 8.09999e-05 0.000244135 6.67804e-05 5.4086e-05
0.789768 0.0105942 0.0106703 0.010518 0.00112357 0.00135332 0.00089381 0.00519965 7.61494e-05 0.000229757 6.28299e-05 5.09132e-05
0.793159 0.00982137 0.00989289 0.00974985 0.00103813 0.00125415 0.000822102 0.00494219 7.15216e-05 0.000216024 5.90564e-05 4.78796e-05
0.79655 0.00909271 0.00915982 0.0090256 0.00095809 0.00116101 0.000755173 0.00469367 6.71093e-05 0.000202917 5.54543e-05 4.49814e-05
0.799941 0.00840643 0.00846934 0.00834353 0.000883185 0.0010736 0.00069277 0.0044539 6.29054e-05 0.000190415 5.20185e-05 4.22145e-05
0.803332 0.0077608 0.0078197 0.0077019 0.000813148 0.000991648 0.000634649 0.00422272 5.8903e-05 0.0001785 4.87436e-05 3.95751e-05
0.806722 0.00715415 0.00720924 0.00709905 0.000747728 0.00091488 0.000580576 0.00399993 5.50953e-05 0.000167152 4.56245e-05 3.70591e-05
0.810113 0.00658481 0.00663628 0.00653333 0.000686681 0.000843033 0.000530328 0.00378536 5.14757e-05 0.000156352 4.26562e-05 3.46628e-05
0.813504 0.00605117 0.0060992 0.00600313 0.000629772 0.000775855 0.000483689 0.00357884 4.80376e-05 0.000146083 3.98338e-05 3.23825e-05
0.816895 0.00555164 0.00559641 0.00550686 0.000576779 0.000713105 0.000440453 0.00338019 4.47747e-05 0.000136326 3.71524e-05 3.02145e-05
0.820286 0.00508467 0.00512636 0.00504299 0.000527487 0.00065455 0.000400423 0.00318924 4.16809e-05 0.000127063 3.46073e-05 2.81551e-05
0.823677 0.00464877 0.00468752 0.00461002 0.000481689 0.000599968 0.00036341 0.00300582 3.875e-05 0.000118279 3.21937e-05 2.62007e-05
0.827067 0.00424245 0.00427843 0.00420648 0.000439189 0.000549144 0.000329234 0.00282976 3.5976e-05 0.000109955 2.99072e-05 2.43479e-05
0.830458 0.00386428 0.00389763 0.00383093 0.000399798 0.000501873 0.000297722 0.00266089 3.33533e-05 0.000102075 2.77431e-05 2.25932e-05
0.833849 0.00351286 0.00354374 0.00348199 0.000363334 0.000457958 0.000268711 0.00249905 3.08761e-05 9.46234e-05 2.56972e-05 2.09331e-05
0.83724 0.00318683 0.00321537 0.00315829 0.000329625 0.000417209 0.000242041 0.00234406 2.85389e-05 8.75838e-05 2.3765e-05 1.93644e-05
0.840631 0.00288487 0.0029112 0.00285853 0.000298505 0.000379446 0.000217565 0.00219578 2.63361e-05 8.09409e-05 2.19424e-05 1.78837e-05
0.844022 0.00260569 0.00262995 0.00258142 0.000269818 0.000344497 0.000195138 0.00205403 2.42626e-05 7.46795e-05 2.02251e-05 1.64878e-05
0.847412 0.00234804 0.00237035 0.00232573 0.000243411 0.000312196 0.000174627 0.00191865 2.23132e-05 6.87846e-05 1.86092e-05 1.51735e-05
0.850803 0.00211073 0.00213121 0.00209024 0.000219142 0.000282384 0.0001559 0.00178949 2.04827e-05 6.32419e-05 1.70907e-05 1.39378e-05
0.854194 0.00189258 0.00191134 0.00187381 0.000196873 0.00025491 0.000138836 0.00166639 1.87662e-05 5.8037e-05 1.56655e-05 1.27774e-05
0.857585 0.00169246 0.00170962 0.0016753 0.000176474 0.000229631 0.000123318 0.00154918 1.7159e-05 5.31561e-05 1.433e-05 1.16895e-05
0.860976 0.00150928 0.00152494 0.00149363 0.000157822 0.000206407 0.000109236 0.00143771 1.56562e-05 4.85855e-05 1.30803e-05 1.06711e-05
0.864367 0.001342 0.00135626 0.00132775 0.000140797 0.000185109 9.64847e-05 0.00133183 1.42533e-05 4.4312e-05 1.19128e-05 9.71924e-06
0.867757 0.0011896 0.00120255 0.00117665 0.000125288 0.00016561 8.4965e-05 0.00123139 1.29458e-05 4.03226e-05 1.08239e-05 8.83112e-06
0.871148 0.0010511 0.00106283 0.00103937 0.000111188 0.000147793 7.45834e-05 0.00113622 1.17293e-05 3.66046e-05 9.81002e-06 8.00395e-06
0.874539 0.000925573 0.000936172 0.000914973 9.8397e-05 0.000131543 6.52514e-05 0.00104618 1.05995e-05 3.31456e-05 8.86785e-06 7.23499e-06
0.87793 0.000812115 0.000821667 0.000802562 8.68191e-05 0.000116753 5.68855e-05 0.000961111 9.55231e-06 2.99336e-05 7.99397e-06 6.52156e-06
0.881321 0.000709869 0.000718452 0.000701285 7.63639e-05 0.000103321 4.94072e-05 0.000880869 8.58361e-06 2.69567e-05 7.1851e-06 5.86105e-06
0.884712 0.000618013 0.000625702 0.000610323 6.69458e-05 9.11494e-05 4.27423e-05 0.000805303 7.68945e-06 2.42035e-05 6.43806e-06 5.25089e-06
0.888102 0.000535761 0.000542627 0.000528895 5.84843e-05 8.01471e-05 3.68215e-05 0.000734262 6.86599e-06 2.16628e-05 5.7497e-06 4.68858e-06
0.891493 0.000462368 0.000468477 0.000456258 5.09031e-05 7.02267e-05 3.15796e-05 0.0006676 6.10948e-06 1.93236e-05 5.11699e-06 4.17166e-06
0.894884 0.000397118 0.000402535 0.000391702 4.41307e-05 6.1306e-05 2.69555e-05 0.00060517 5.41627e-06 1.71753e-05 4.53695e-06 3.69773e-06
0.898275 0.000339338 0.000344121 0.000334556 3.80996e-05 5.33071e-05 2.28921e-05 0.000546824 4.78282e-06 1.52075e-05 4.00668e-06 3.26446e-06
0.901666 0.000288388 0.000292593 0.000284182 3.27463e-05 4.61565e-05 1.93361e-05 0.000492419 4.20567e-06 1.34102e-05 3.52336e-06 2.86956e-06
0.905057 0.000243661 0.000247342 0.000239979 2.80115e-05 3.9785e-05 1.6238e-05 0.000441809 3.6815e-06 1.17735e-05 3.08424e-06 2.51081e-06
0.908447 0.000204586 0.000207793 0.000201379 2.38396e-05 3.41276e-05 1.35515e-05 0.00039485 3.20704e-06 1.0288e-05 2.68665e-06 2.18603e-06
0.911838 0.000170626 0.000173405 0.000167847 2.01784e-05 2.91228e-05 1.12339e-05 0.000351399 2.77915e-06 8.94442e-06 2.328e-06 1.89313e-06
0.915229 0.000141275 0.00014367 0.00013888 1.69793e-05 2.47131e-05 9.24556e-06 0.000311315 2.39479e-06 7.73376e-06 2.00576e-06 1.63004e-06
0.91862 0.000116061 0.000118112 0.00011401 1.41972e-05 2.08445e-05 7.54983e-06 0.000274455 2.05099e-06 6.64733e-06 1.7175e-06 1.39477e-06
0.922011 9.4542e-05 9.62869e-05 9.27971e-05 1.17898e-05 1.74665e-05 6.11305e-06 0.000240678 1.74491e-06 5.67671e-06 1.46083e-06 1.18539e-06
0.925402 7.6308e-05 7.77817e-05 7.48342e-05 9.71805e-06 1.45318e-05 4.90431e-06 0.000209845 1.47378e-06 4.81374e-06 1.23348e-06 1.00002e-06
0.928792 6.09777e-05 6.22126e-05 5.97428e-05 7.94585e-06 1.19964e-05 3.89531e-06 0.000181817 1.23494e-06 4.05054e-06 1.03321e-06 8.36844e-07
0.932183 4.81994e-05 4.92252e-05 4.71736e-05 6.43971e-06 9.81919e-06 3.06022e-06 0.000156455 1.02583e-06 3.37949e-06 8.57893e-07 6.94107e-07
0.935574 3.76491e-05 3.84931e-05 3.68051e-05 5.16885e-06 7.96208e-06 2.37562e-06 0.000133621 8.43971e-07 2.79323e-06 7.05462e-07 5.70115e-07
0.938965 2.90302e-05 2.97171e-05 2.83432e-05 4.10499e-06 6.38969e-06 1.8203e-06 0.000113179 6.86993e-07 2.2847e-06 5.7393e-07 4.63235e-07
0.942356 2.2072e-05 2.26247e-05 2.15194e-05 3.22223e-06 5.0693e-06 1.37516e-06 9.49921e-05 5.52616e-07 1.84707e-06 4.61388e-07 3.71897e-07
0.945747 1.65296e-05 1.69682e-05 1.60909e-05 2.49692e-06 3.97073e-06 1.02312e-06 7.89261e-05 4.38662e-07 1.47381e-06 3.66005e-07 2.94595e-07
0.949137 1.21818e-05 1.25248e-05 1.18388e-05 1.90758e-06 3.06621e-06 7.48938e-07 6.48467e-05 3.43044e-07 1.15864e-06 2.86029e-07 2.29884e-07
0.952528 8.83102e-06 9.0948e-06 8.56725e-06 1.43474e-06 2.3303e-06 5.39174e-07 5.26209e-05 2.63777e-07 8.95564e-07 2.19788e-07 1.76389e-07
0.955919 6.30187e-06 6.50084e-06 6.1029e-06 1.06088e-06 1.73974e-06 3.82025e-07 4.21171e-05 1.98971e-07 6.78858e-07 1.65693e-07 1.32797e-07
0.95931 4.44017e-06 4.58701e-06 4.29333e-06 7.70306e-07 1.27337e-06 2.67238e-07 3.3205e-05 1.46838e-07 5.03068e-07 1.22234e-07 9.78655e-08
0.962701 3.11206e-06 3.21775e-06 3.00637e-06 5.49032e-07 9.12055e-07 1.86009e-07 2.57563e-05 1.05688e-07 3.63023e-07 8.79849e-08 7.04182e-08
0.966092 2.20293e-06 2.27687e-06 2.129e-06 3.84722e-07 6.38554e-07 1.3089e-07 1.9645e-05 7.39331e-08 2.53832e-07 6.16057e-08 4.93502e-08
0.969482 1.61674e-06 1.66683e-06 1.56666e-06 2.66595e-07 4.37489e-07 9.56999e-08 1.47488e-05 5.00871e-08 1.70895e-07 4.18414e-08 3.36283e-08
0.972873 1.27546e-06 1.30823e-06 1.24269e-06 1.85376e-07 2.95277e-07 7.54746e-08 1.09508e-05 3.27693e-08 1.09901e-07 2.75253e-08 2.22922e-08
0.976264 1.11939e-06 1.14009e-06 1.09868e-06 1.33294e-07 2.00138e-07 6.64507e-08 8.14353e-06 2.07053e-08 6.68437e-08 1.75807e-08 1.44567e-08
0.979655 1.10953e-06 1.12226e-06 1.0968e-06 1.04212e-07 1.42237e-07 6.61883e-08 6.23922e-06 1.27282e-08 3.80242e-08 1.10218e-08 9.31252e-09
0.983046 1.23672e-06 1.2445e-06 1.22894e-06 9.41655e-08 1.14231e-07 7.41001e-08 5.196e-06 7.77955e-09 2.00654e-08 6.95404e-09 6.12553e-09
0.986437 1.55993e-06 1.56483e-06 1.55503e-06 1.03664e-07 1.13586e-07 9.37429e-08 5.11383e-06 4.90085e-09 9.92152e-09 4.56486e-09 4.22699e-09
0.989827 2.48692e-06 2.4901e-06 2.48374e-06 1.546e-07 1.59474e-07 1.49726e-07 6.78232e-06 3.17852e-09 4.87404e-09 3.06555e-09 2.9517e-09
0.993218 1.1421e-05 1.14214e-05 1.14207e-05 6.91431e-07 6.94398e-07 6.88465e-07 3.92007e-05 3.49258e-10 2.96632e-09 1.7544e-10 0
4.27812e-314 inf inf inf inf inf inf 0.00631321 43.0385 1.34582 1.03643 0.633219
