9.72476e-05 22.0116 22.9698 21.0533 12.7463 13.4181 12.0746 25.879 0.958238 0.67175 0.370772 0.361025
0.0001 21.8688 22.8224 20.9153 12.6621 13.3303 11.9939 25.6382 0.953551 0.668186 0.367975 0.358122
0.00010283 21.728 22.6769 20.7792 12.5791 13.2437 11.9144 25.3993 0.948888 0.664642 0.365198 0.355238
0.000105741 21.593 22.5372 20.6487 12.4995 13.1606 11.8383 25.1622 0.944248 0.661119 0.36244 0.352374
0.000108734 21.4495 22.3891 20.5098 12.4148 13.0724 11.7572 24.9269 0.939631 0.657615 0.359703 0.349528
0.000111811 21.3068 22.2418 20.3717 12.3307 12.9848 11.6765 24.6934 0.935037 0.654132 0.356986 0.346701
0.000114976 21.1648 22.0953 20.2344 12.247 12.8976 11.5963 24.4618 0.930465 0.650668 0.354288 0.343893
0.00011823 21.0237 21.9496 20.0978 12.1637 12.811 11.5165 24.2319 0.925915 0.647224 0.351611 0.341103
0.000121576 20.8833 21.8047 19.9619 12.081 12.7248 11.4372 24.0038 0.921388 0.6438 0.348953 0.338332
0.000125017 20.7437 21.6606 19.8268 11.9987 12.6391 11.3583 23.7775 0.916883 0.640395 0.346314 0.33558
0.000128556 20.6049 21.5173 19.6925 11.9168 12.5538 11.2798 23.5529 0.9124 0.637009 0.343695 0.332845
0.000132194 20.4668 21.3747 19.5589 11.8355 12.4691 11.2018 23.33 0.907939 0.633643 0.341096 0.330129
0.000135936 20.3295 21.233 19.426 11.7545 12.3848 11.1242 23.1089 0.9035 0.630296 0.338515 0.327431
0.000139783 20.1929 21.092 19.2938 11.6741 12.301 11.0471 22.8896 0.899082 0.626967 0.335954 0.324751
0.000143739 20.0571 20.9518 19.1624 11.594 12.2177 10.9704 22.6719 0.894685 0.623658 0.333412 0.322089
0.000147808 19.922 20.8123 19.0317 11.5145 12.1348 10.8941 22.4559 0.89031 0.620368 0.330889 0.319445
0.000151991 19.7877 20.6736 18.9017 11.4353 12.0524 10.8183 22.2416 0.885956 0.617096 0.328384 0.316818
0.000156293 19.6541 20.5357 18.7725 11.3567 11.9705 10.7428 22.029 0.881623 0.613843 0.325899 0.314209
0.000160717 19.5213 20.3986 18.6439 11.2784 11.889 10.6678 21.818 0.877311 0.610608 0.323432 0.311618
0.000165265 19.3891 20.2621 18.5161 11.2006 11.808 10.5933 21.6087 0.873019 0.607391 0.320984 0.309044
0.000169943 19.2578 20.1265 18.389 11.1233 11.7275 10.5191 21.401 0.868749 0.604193 0.318555 0.306487
0.000174753 19.1271 19.9916 18.2626 11.0464 11.6474 10.4454 21.195 0.864498 0.601013 0.316144 0.303948
0.000179699 18.9972 19.8574 18.1369 10.9699 11.5678 10.3721 20.9906 0.860268 0.597851 0.313751 0.301425
0.000184785 18.868 19.724 18.0119 10.8939 11.4886 10.2992 20.7877 0.856058 0.594708 0.311377 0.29892
0.000190015 18.7395 19.5913 17.8876 10.8183 11.4098 10.2267 20.5865 0.851867 0.591581 0.30902 0.296431
0.000195393 18.6117 19.4594 17.764 10.7431 11.3316 10.1546 20.3869 0.847697 0.588473 0.306682 0.293959
0.000200923 18.4846 19.3282 17.6411 10.6683 11.2537 10.0829 20.1889 0.843546 0.585382 0.304362 0.291504
0.00020661 18.3583 19.1977 17.5188 10.594 11.1763 10.0117 19.9924 0.839415 0.582308 0.30206 0.289066
0.000212458 18.2326 19.0679 17.3973 10.5201 11.0993 9.94084 19.7975 0.835303 0.579252 0.299775 0.286644
0.000218471 18.1077 18.9389 17.2764 10.4466 11.0228 9.87041 19.6041 0.831211 0.576214 0.297509 0.284239
0.000224655 17.9834 18.8105 17.1563 10.3736 10.9468 9.80037 19.4123 0.827137 0.573192 0.29526 0.28185
0.000231013 17.8598 18.6829 17.0367 10.3009 10.8711 9.73073 19.222 0.823083 0.570188 0.293028 0.279477
0.000237551 17.737 18.556 16.9179 10.2287 10.7959 9.6615 19.0331 0.819047 0.5672 0.290815 0.277121
0.000244275 17.6148 18.4298 16.7998 10.1569 10.7211 9.59265 18.8459 0.81503 0.564229 0.288618 0.27478
0.000251189 17.4933 18.3043 16.6823 10.0855 10.6468 9.52421 18.6601 0.811032 0.561276 0.286439 0.272455
0.000258298 17.3725 18.1795 16.5654 10.0145 10.5728 9.45616 18.4758 0.807052 0.558338 0.284277 0.270147
0.000265609 17.2523 18.0554 16.4493 9.94392 10.4993 9.3885 18.2929 0.80309 0.555418 0.282133 0.267854
0.000273126 17.1329 17.932 16.3337 9.87374 10.4263 9.32123 18.1116 0.799146 0.552513 0.280005 0.265576
0.000280857 17.0141 17.8093 16.2189 9.80398 10.3536 9.25436 17.9316 0.79522 0.549625 0.277895 0.263315
0.000288806 16.896 17.6873 16.1047 9.73462 10.2814 9.18786 17.7532 0.791312 0.546754 0.275801 0.261069
0.00029698 16.7785 17.566 15.9911 9.66565 10.2095 9.12175 17.5762 0.787421 0.543898 0.273724 0.258838
0.000305386 16.6618 17.4453 15.8782 9.59709 10.1382 9.05604 17.4005 0.783548 0.541058 0.271664 0.256623
0.000314029 16.5456 17.3253 15.7659 9.52892 10.0672 8.99069 17.2264 0.779692 0.538235 0.269621 0.254423
0.000322917 16.4302 17.206 15.6543 9.46115 9.99658 8.92573 17.0536 0.775854 0.535427 0.267594 0.252238
0.000332057 16.3153 17.0874 15.5433 9.39378 9.92641 8.86114 16.8822 0.772032 0.532635 0.265584 0.250068
0.000341455 16.2012 16.9694 15.433 9.3268 9.85665 8.79694 16.7122 0.768227 0.529858 0.26359 0.247913
0.000351119 16.0877 16.8521 15.3232 9.2602 9.7873 8.7331 16.5436 0.764439 0.527097 0.261612 0.245773
0.000361057 15.9748 16.7355 15.2141 9.194 9.71835 8.66965 16.3764 0.760667 0.524351 0.259651 0.243648
0.000371276 15.8626 16.6195 15.1057 9.12818 9.6498 8.60656 16.2105 0.756912 0.521621 0.257707 0.241538
0.000381784 15.751 16.5042 14.9978 9.06275 9.58165 8.54384 16.046 0.753173 0.518906 0.255778 0.239442
0.00039259 15.6401 16.3895 14.8906 8.9977 9.5139 8.48149 15.8828 0.74945 0.516206 0.253865 0.237361
0.000403702 15.5297 16.2755 14.784 8.93303 9.44655 8.41951 15.7209 0.745743 0.51352 0.251968 0.235294
0.000415128 15.4201 16.1621 14.678 8.86874 9.37959 8.35789 15.5604 0.742052 0.51085 0.250087 0.233242
0.000426877 15.311 16.0494 14.5726 8.80483 9.31302 8.29663 15.4012 0.738376 0.508195 0.248222 0.231204
0.000438959 15.2026 15.9373 14.4679 8.74129 9.24685 8.23574 15.2433 0.734716 0.505554 0.246373 0.22918
0.000451383 15.0948 15.8258 14.3637 8.67813 9.18106 8.1752 15.0867 0.731071 0.502928 0.244539 0.227171
0.000464159 14.9876 15.715 14.2601 8.61534 9.11566 8.11503 14.9314 0.727441 0.500316 0.242721 0.225175
0.000477296 14.881 15.6048 14.1572 8.55293 9.05065 8.05521 14.7773 0.723827 0.497719 0.240918 0.223194
0.000490805 14.775 15.4953 14.0548 8.49088 8.98601 7.99574 14.6246 0.720226 0.495135 0.239131 0.221226
0.000504697 14.6697 15.3863 13.953 8.4292 8.92176 7.93663 14.4731 0.716641 0.492566 0.237359 0.219272
0.000518981 14.5649 15.278 13.8519 8.36788 8.85789 7.87787 14.3228 0.71307 0.490012 0.235602 0.217332
0.00053367 14.4608 15.1703 13.7513 8.30693 8.7944 7.81946 14.1738 0.709513 0.487471 0.233861 0.215405
0.000548775 14.3573 15.0632 13.6513 8.24634 8.73128 7.76139 14.026 0.705971 0.484943 0.232135 0.213492
0.000564307 14.2543 14.9568 13.5519 8.18611 8.66854 7.70368 13.8795 0.702442 0.48243 0.230423 0.211593
0.000580278 14.152 14.8509 13.453 8.12624 8.60617 7.64631 13.7342 0.698927 0.47993 0.228727 0.209707
0.000596702 14.0502 14.7456 13.3548 8.06673 8.54417 7.58928 13.5901 0.695426 0.477444 0.227045 0.207834
0.000613591 13.9491 14.641 13.2571 8.00757 8.48254 7.5326 13.4472 0.691938 0.474971 0.225379 0.205975
0.000630957 13.8485 14.537 13.16 7.94876 8.42128 7.47625 13.3055 0.688464 0.472512 0.223727 0.204129
0.000648815 13.7485 14.4335 13.0635 7.89031 8.36038 7.42025 13.165 0.685002 0.470066 0.22209 0.202296
0.000667179 13.6491 14.3306 12.9675 7.83221 8.29984 7.36458 13.0256 0.681554 0.467633 0.220467 0.200476
0.000686062 13.5503 14.2284 12.8721 7.77446 8.23967 7.30924 12.8875 0.678118 0.465213 0.218858 0.198669
0.00070548 13.452 14.1267 12.7773 7.71705 8.17985 7.25424 12.7505 0.674695 0.462806 0.217265 0.196874
0.000725448 13.3543 14.0256 12.6831 7.65999 8.1204 7.19958 12.6146 0.671284 0.460411 0.215685 0.195093
0.00074598 13.2572 13.9251 12.5893 7.60327 8.0613 7.14524 12.4799 0.667886 0.45803 0.21412 0.193324
0.000767094 13.1607 13.8252 12.4962 7.5469 8.00256 7.09124 12.3463 0.664499 0.455661 0.212569 0.191568
0.000788805 13.0647 13.7259 12.4036 7.49086 7.94417 7.03756 12.2139 0.661125 0.453304 0.211032 0.189824
0.000811131 12.9693 13.6271 12.3116 7.43517 7.88613 6.98421 12.0826 0.657762 0.45096 0.209509 0.188093
0.000834088 12.8745 13.5289 12.2201 7.37981 7.82844 6.93118 11.9524 0.65441 0.448629 0.208 0.186374
0.000857696 12.7802 13.4312 12.1291 7.32479 7.7711 6.87848 11.8233 0.65107 0.446309 0.206505 0.184668
0.000881971 12.6864 13.3342 12.0387 7.2701 7.7141 6.8261 11.6953 0.647741 0.444001 0.205023 0.182974
0.000906934 12.5933 13.2377 11.9488 7.21574 7.65745 6.77403 11.5684 0.644423 0.441706 0.203555 0.181292
0.000932603 12.5006 13.1417 11.8595 7.16172 7.60114 6.72229 11.4426 0.641116 0.439422 0.202101 0.179622
0.000958999 12.4085 13.0463 11.7707 7.10802 7.54517 6.67087 11.3179 0.637819 0.43715 0.200661 0.177964
0.000986142 12.317 12.9515 11.6824 7.05465 7.48954 6.61976 11.1942 0.634533 0.43489 0.199234 0.176319
0.00101405 12.226 12.8572 11.5947 7.00161 7.43425 6.56897 11.0716 0.631256 0.432642 0.19782 0.174685
0.00104275 12.1355 12.7635 11.5075 6.94889 7.37929 6.51848 10.9501 0.62799 0.430404 0.196419 0.173063
0.00107227 12.0456 12.6703 11.4209 6.89649 7.32467 6.46831 10.8296 0.624733 0.428178 0.195032 0.171452
0.00110262 11.9562 12.5777 11.3347 6.84442 7.27038 6.41845 10.7101 0.621486 0.425964 0.193658 0.169854
0.00113382 11.8673 12.4856 11.2491 6.79266 7.21642 6.3689 10.5917 0.618249 0.42376 0.192297 0.168267
0.00116591 11.779 12.394 11.164 6.74122 7.16279 6.31965 10.4743 0.61502 0.421568 0.190949 0.166691
0.00119891 11.6912 12.303 11.0794 6.6901 7.10949 6.27071 10.358 0.611801 0.419386 0.189613 0.165127
0.00123285 11.6039 12.2125 10.9953 6.63929 7.05651 6.22208 10.2426 0.60859 0.417215 0.188291 0.163574
0.00126774 11.5171 12.1225 10.9117 6.5888 7.00386 6.17375 10.1282 0.605388 0.415055 0.186981 0.162033
0.00130362 11.4309 12.0331 10.8287 6.53862 6.95153 6.12572 10.0149 0.602194 0.412905 0.185684 0.160503
0.00134052 11.3451 11.9441 10.7461 6.48875 6.89952 6.07798 9.90249 0.599008 0.410766 0.184399 0.158984
0.00137846 11.2599 11.8557 10.6641 6.43919 6.84783 6.03055 9.7911 0.59583 0.408637 0.183127 0.157476
0.00141747 11.1752 11.7679 10.5825 6.38993 6.79645 5.98342 9.68069 0.59266 0.406519 0.181867 0.15598
0.00145759 11.091 11.6805 10.5015 6.34098 6.74539 5.93657 9.57125 0.589497 0.40441 0.180619 0.154494
0.00149885 11.0073 11.5936 10.421 6.29234 6.69465 5.89002 9.46278 0.586342 0.402312 0.179383 0.153019
0.00154127 10.9241 11.5073 10.3409 6.24399 6.64422 5.84377 9.35525 0.583194 0.400223 0.17816 0.151555
0.00158489 10.8414 11.4215 10.2613 6.19595 6.59409 5.79781 9.24868 0.580052 0.398144 0.176948 0.150102
0.00162975 10.7592 11.3361 10.1823 6.14821 6.54428 5.75213 9.14305 0.576917 0.396075 0.175748 0.148659
0.00167588 10.6775 11.2513 10.1037 6.10076 6.49478 5.70675 9.03836 0.573788 0.394016 0.17456 0.147227
0.00172331 10.5963 11.1669 10.0256 6.05361 6.44558 5.66165 8.9346 0.570666 0.391965 0.173384 0.145806
0.00177209 10.5156 11.0831 9.94802 6.00676 6.39669 5.61684 8.83175 0.567549 0.389925 0.172219 0.144395
0.00182224 10.4353 10.9998 9.87089 5.9602 6.34809 5.5723 8.72983 0.564438 0.387893 0.171066 0.142994
0.00187382 10.3556 10.9169 9.79424 5.91393 6.2998 5.52806 8.62882 0.561333 0.38587 0.169924 0.141604
0.00192685 10.2763 10.8345 9.71807 5.86795 6.2518 5.48409 8.52871 0.558233 0.383857 0.168793 0.140224
0.00198139 10.1975 10.7527 9.64238 5.82226 6.20411 5.4404 8.4295 0.555137 0.381852 0.167674 0.138855
0.00203747 10.1192 10.6713 9.56716 5.77685 6.15671 5.397 8.33118 0.552047 0.379856 0.166565 0.137495
0.00209514 10.0414 10.5903 9.49242 5.73173 6.1096 5.35386 8.23374 0.548961 0.377868 0.165468 0.136146
0.00215443 9.96401 10.5099 9.41813 5.6869 6.06279 5.31101 8.13718 0.545879 0.375889 0.164381 0.134807
0.00221541 9.88712 10.4299 9.34432 5.64234 6.01626 5.26843 8.0415 0.542801 0.373918 0.163305 0.133477
0.00227812 9.81069 10.3504 9.27097 5.59807 5.97003 5.22612 7.94668 0.539727 0.371956 0.162239 0.132158
0.00234259 9.73473 10.2714 9.19808 5.55408 5.92408 5.18408 7.85272 0.536657 0.370001 0.161184 0.130848
0.0024089 9.65924 10.1928 9.12565 5.51037 5.87842 5.14231 7.75961 0.53359 0.368055 0.16014 0.129548
0.00247708 9.5842 10.1147 9.05368 5.46693 5.83305 5.10081 7.66735 0.530525 0.366116 0.159106 0.128258
0.00254719 9.50962 10.0371 8.98215 5.42377 5.78795 5.05958 7.57593 0.527464 0.364185 0.158081 0.126977
0.00261928 9.43549 9.9599 8.91109 5.38088 5.74314 5.01861 7.48535 0.524405 0.362262 0.157067 0.125706
0.00269341 9.36182 9.88317 8.84047 5.33826 5.6986 4.97791 7.3956 0.521348 0.360346 0.156063 0.124445
0.00276965 9.2886 9.80689 8.77031 5.29591 5.65435 4.93747 7.30667 0.518293 0.358437 0.155068 0.123193
0.00284804 9.21583 9.73107 8.70059 5.25383 5.61037 4.89729 7.21856 0.51524 0.356536 0.154084 0.12195
0.00292864 9.1435 9.65569 8.63131 5.21202 5.56666 4.85738 7.13126 0.512189 0.354641 0.153108 0.120717
0.00301153 9.07161 9.58075 8.56247 5.17047 5.52322 4.81771 7.04477 0.509138 0.352754 0.152142 0.119493
0.00309677 9.00017 9.50626 8.49408 5.12918 5.48006 4.77831 6.95908 0.506089 0.350873 0.151186 0.118278
0.00318442 8.92916 9.4322 8.42612 5.08817 5.43717 4.73917 6.87418 0.50304 0.348999 0.150238 0.117072
0.00327455 8.85859 9.35858 8.3586 5.0474 5.39454 4.70027 6.79008 0.499992 0.347131 0.149299 0.115875
0.00336723 8.78846 9.2854 8.29151 5.00691 5.35218 4.66164 6.70675 0.496944 0.34527 0.148369 0.114687
0.00346253 8.71875 9.21265 8.22486 4.96666 5.31008 4.62325 6.6242 0.493895 0.343415 0.147448 0.113509
0.00356053 8.64947 9.14032 8.15863 4.92667 5.26824 4.58511 6.54243 0.490846 0.341566 0.146535 0.112339
0.00366131 8.58062 9.06842 8.09282 4.88694 5.22666 4.54722 6.46142 0.487797 0.339723 0.145631 0.111177
0.00376494 8.51219 8.99694 8.02745 4.84746 5.18535 4.50958 6.38117 0.484746 0.337886 0.144735 0.110025
0.0038715 8.44419 8.92588 7.96249 4.80823 5.14429 4.47218 6.30168 0.481695 0.336054 0.143847 0.108881
0.00398107 8.3766 8.85524 7.89796 4.76926 5.10348 4.43503 6.22294 0.478642 0.334228 0.142967 0.107746
0.00409375 8.30943 8.78501 7.83384 4.73053 5.06293 4.39812 6.14494 0.475587 0.332407 0.142095 0.106619
0.00420962 8.24267 8.7152 7.77014 4.69204 5.02263 4.36145 6.06768 0.47253 0.330592 0.14123 0.105501
0.00432876 8.17633 8.6458 7.70686 4.6538 4.98258 4.32502 5.99116 0.46947 0.328781 0.140373 0.104392
0.00445128 8.11039 8.5768 7.64398 4.61581 4.94278 4.28883 5.91536 0.466408 0.326976 0.139523 0.10329
0.00457727 8.04486 8.50821 7.58152 4.57805 4.90323 4.25288 5.84029 0.463343 0.325175 0.13868 0.102197
0.00470682 7.97974 8.44001 7.51946 4.54054 4.86392 4.21716 5.76594 0.460275 0.323378 0.137844 0.101113
0.00484003 7.91502 8.37222 7.45781 4.50327 4.82485 4.18168 5.69229 0.457204 0.321587 0.137014 0.100036
0.00497702 7.85069 8.30482 7.39656 4.46623 4.78603 4.14643 5.61936 0.454129 0.319799 0.136191 0.0989676
0.00511789 7.78677 8.23782 7.33572 4.42943 4.74744 4.11141 5.54713 0.451049 0.318015 0.135375 0.0979072
0.00526274 7.72324 8.1712 7.27527 4.39286 4.70909 4.07662 5.47559 0.447966 0.316236 0.134565 0.0968549
0.0054117 7.6601 8.10498 7.21522 4.35652 4.67098 4.04206 5.40475 0.444878 0.31446 0.133761 0.0958104
0.00556486 7.59735 8.03914 7.15557 4.32041 4.6331 4.00773 5.3346 0.441785 0.312688 0.132962 0.0947739
0.00572237 7.53499 7.97367 7.0963 4.28453 4.59545 3.97361 5.26512 0.438687 0.310919 0.132169 0.0937451
0.00588433 7.47301 7.9086 7.03743 4.24888 4.55803 3.93973 5.19633 0.435583 0.309154 0.131382 0.0927241
0.00605088 7.41142 7.8439 6.97895 4.21346 4.52085 3.90606 5.1282 0.432474 0.307391 0.130599 0.0917108
0.00622213 7.35021 7.77957 6.92085 4.17825 4.48388 3.87262 5.06075 0.429359 0.305632 0.129822 0.0907051
0.00639824 7.28938 7.71561 6.86314 4.14327 4.44715 3.8394 4.99395 0.426238 0.303875 0.12905 0.089707
0.00657933 7.22892 7.65203 6.80581 4.10851 4.41063 3.80639 4.92782 0.42311 0.302121 0.128282 0.0887165
0.00676555 7.16883 7.58881 6.74885 4.07396 4.37433 3.77359 4.86233 0.419976 0.300369 0.127518 0.0877334
0.00695704 7.10911 7.52595 6.69228 4.03964 4.33826 3.74102 4.7975 0.416835 0.29862 0.126759 0.0867577
0.00715394 7.04977 7.46345 6.63608 4.00552 4.3024 3.70865 4.7333 0.413686 0.296873 0.126003 0.0857893
0.00735642 6.99079 7.40132 6.58026 3.97162 4.26675 3.6765 4.66975 0.41053 0.295127 0.125251 0.0848282
0.00756463 6.93217 7.33953 6.5248 3.93793 4.23132 3.64455 4.60682 0.407366 0.293384 0.124503 0.0838743
0.00777874 6.87391 7.27811 6.46972 3.90445 4.19609 3.61281 4.54453 0.404194 0.291641 0.123757 0.0829276
0.0079989 6.81601 7.21703 6.415 3.87118 4.16108 3.58128 4.48286 0.401014 0.289901 0.123015 0.0819879
0.0082253 6.75847 7.1563 6.36064 3.83811 4.12627 3.54995 4.42181 0.397826 0.288161 0.122275 0.0810554
0.0084581 6.70128 7.09591 6.30665 3.80525 4.09167 3.51883 4.36137 0.394629 0.286422 0.121538 0.0801298
0.00869749 6.64444 7.03587 6.25302 3.77259 4.05727 3.4879 4.30155 0.391423 0.284684 0.120804 0.0792111
0.00894366 6.58796 6.97616 6.19975 3.74012 4.02307 3.45717 4.24233 0.388207 0.282947 0.120071 0.0782993
0.00919679 6.53181 6.9168 6.14683 3.70786 3.98907 3.42665 4.18371 0.384983 0.28121 0.11934 0.0773943
0.00945709 6.47601 6.85776 6.09426 3.67579 3.95526 3.39631 4.12568 0.381749 0.279473 0.11861 0.0764961
0.00972476 6.42055 6.79906 6.04205 3.64391 3.92165 3.36617 4.06825 0.378505 0.277736 0.117882 0.0756045
0.01 6.36543 6.74068 5.99018 3.61223 3.88823 3.33623 4.01141 0.375251 0.275999 0.117154 0.0747196
0.010283 6.31065 6.68263 5.93866 3.58073 3.85499 3.30647 3.95515 0.371987 0.274262 0.116428 0.0738413
0.0105741 6.2562 6.62491 5.88748 3.54942 3.82195 3.2769 3.89946 0.368713 0.272524 0.115702 0.0729695
0.0108734 6.20208 6.56751 5.83665 3.5183 3.78909 3.24752 3.84435 0.365428 0.270785 0.114976 0.0721042
0.0111811 6.14829 6.51042 5.78616 3.48736 3.75641 3.21832 3.78981 0.362133 0.269045 0.114249 0.0712452
0.0114976 6.09483 6.45365 5.736 3.45661 3.72391 3.18931 3.73584 0.358827 0.267304 0.113523 0.0703927
0.011823 6.04169 6.3972 5.68618 3.42603 3.69159 3.16047 3.68242 0.35551 0.265562 0.112796 0.0695464
0.0121576 5.98887 6.34105 5.63668 3.39563 3.65945 3.13181 3.62956 0.352182 0.263818 0.112068 0.0687063
0.0125017 5.93636 6.28521 5.58752 3.36541 3.62748 3.10333 3.57726 0.348843 0.262072 0.111339 0.0678725
0.0128556 5.88418 6.22967 5.53869 3.33535 3.59568 3.07503 3.5255 0.345492 0.260324 0.110608 0.0670448
0.0132194 5.83231 6.17444 5.49018 3.30547 3.56405 3.0469 3.47428 0.342131 0.258574 0.109876 0.0662231
0.0135936 5.78074 6.1195 5.44199 3.27576 3.53258 3.01894 3.4236 0.338758 0.256822 0.109142 0.0654075
0.0139783 5.72949 6.06487 5.39412 3.24621 3.50128 2.99114 3.37346 0.335373 0.255067 0.108405 0.0645978
0.0143739 5.67854 6.01052 5.34657 3.21682 3.47013 2.96352 3.32385 0.331977 0.253309 0.107666 0.063794
0.0147808 5.6279 5.95647 5.29933 3.1876 3.43915 2.93606 3.27476 0.328569 0.251548 0.106924 0.0629962
0.0151991 5.57756 5.90271 5.25241 3.15854 3.40832 2.90876 3.2262 0.32515 0.249783 0.106179 0.0622041
0.0156293 5.52751 5.84923 5.20579 3.12963 3.37765 2.88161 3.17815 0.321719 0.248016 0.10543 0.0614177
0.0160717 5.47776 5.79603 5.15948 3.10088 3.34712 2.85463 3.13062 0.318277 0.246244 0.104678 0.0606371
0.0165265 5.4283 5.74312 5.11347 3.07228 3.31674 2.82781 3.0836 0.314823 0.244469 0.103922 0.0598621
0.0169943 5.37912 5.69048 5.06777 3.04382 3.28651 2.80113 3.03708 0.311358 0.242689 0.103162 0.0590927
0.0174753 5.33024 5.63812 5.02236 3.01551 3.25642 2.77461 2.99106 0.307882 0.240905 0.102398 0.0583289
0.0179699 5.28164 5.58604 4.97725 2.98735 3.22647 2.74823 2.94554 0.304394 0.239116 0.101628 0.0575705
0.0184785 5.23333 5.53422 4.93243 2.95933 3.19665 2.72201 2.90051 0.300895 0.237323 0.100854 0.0568176
0.0190015 5.18529 5.48267 4.8879 2.93145 3.16697 2.69592 2.85597 0.297385 0.235525 0.100075 0.05607
0.0195393 5.13752 5.43139 4.84366 2.9037 3.13742 2.66998 2.81192 0.293864 0.233721 0.0992895 0.0553278
0.0200923 5.09003 5.38036 4.7997 2.87608 3.108 2.64417 2.76835 0.290333 0.231912 0.0984988 0.0545909
0.020661 5.04281 5.3296 4.75602 2.8486 3.0787 2.6185 2.72525 0.286791 0.230098 0.0977022 0.0538593
0.0212458 4.99586 5.2791 4.71262 2.82124 3.04952 2.59297 2.68262 0.283239 0.228277 0.0968993 0.0531328
0.0218471 4.94917 5.22884 4.66949 2.79401 3.02046 2.56756 2.64047 0.279677 0.226451 0.09609 0.0524115
0.0224655 4.90274 5.17885 4.62664 2.7669 2.99152 2.54229 2.59877 0.276105 0.224618 0.0952741 0.0516953
0.0231013 4.85657 5.1291 4.58405 2.73991 2.96269 2.51713 2.55754 0.272524 0.222779 0.0944514 0.0509841
0.0237551 4.81066 5.07959 4.54173 2.71304 2.93397 2.4921 2.51676 0.268934 0.220933 0.0936215 0.0502779
0.0244275 4.765 5.03033 4.49967 2.68628 2.90536 2.4672 2.47644 0.265335 0.21908 0.0927845 0.0495767
0.0251189 4.71959 4.98132 4.45786 2.65963 2.87685 2.44241 2.43656 0.261727 0.21722 0.09194 0.0488805
0.0258298 4.67443 4.93254 4.41631 2.63308 2.84844 2.41773 2.39713 0.258112 0.215353 0.0910879 0.048189
0.0265609 4.6295 4.88399 4.37501 2.60664 2.82012 2.39317 2.35814 0.254489 0.213478 0.090228 0.0475025
0.0273126 4.58482 4.83568 4.33396 2.5803 2.7919 2.36871 2.31958 0.25086 0.211596 0.0893602 0.0468207
0.0280857 4.54038 4.7876 4.29316 2.55406 2.76377 2.34436 2.28145 0.247224 0.209706 0.0884843 0.0461436
0.0288806 4.49617 4.73975 4.25259 2.52792 2.73572 2.32011 2.24376 0.243581 0.207808 0.0876002 0.0454712
0.029698 4.4522 4.69213 4.21226 2.50186 2.70776 2.29596 2.20648 0.239934 0.205901 0.0867078 0.0448036
0.0305386 4.40845 4.64473 4.17217 2.47589 2.67988 2.27191 2.16963 0.236281 0.203986 0.085807 0.0441405
0.0314029 4.36492 4.59755 4.1323 2.45001 2.65207 2.24795 2.13319 0.232625 0.202063 0.0848977 0.043482
0.0322917 4.32162 4.55058 4.09265 2.42421 2.62434 2.22408 2.09717 0.228964 0.200131 0.0839798 0.0428281
0.0332057 4.27853 4.50383 4.05323 2.39849 2.59668 2.2003 2.06155 0.225301 0.19819 0.0830533 0.0421786
0.0341455 4.23565 4.45729 4.01402 2.37284 2.56908 2.1766 2.02634 0.221636 0.19624 0.0821181 0.0415337
0.0351119 4.19299 4.41096 3.97502 2.34726 2.54154 2.15298 1.99152 0.217969 0.19428 0.0811742 0.0408932
0.0361057 4.15054 4.36484 3.93624 2.32175 2.51406 2.12943 1.95711 0.214301 0.192312 0.0802216 0.040257
0.0371276 4.10829 4.31892 3.89765 2.2963 2.48663 2.10597 1.92308 0.210634 0.190334 0.0792603 0.0396253
0.0381784 4.06623 4.2732 3.85927 2.27091 2.45926 2.08257 1.88944 0.206968 0.188346 0.0782904 0.0389979
0.039259 4.02438 4.22768 3.82107 2.24558 2.43193 2.05923 1.85619 0.203303 0.186348 0.0773119 0.0383748
0.0403702 3.98271 4.18236 3.78307 2.2203 2.40465 2.03596 1.82332 0.199641 0.184341 0.0763248 0.037756
0.0415128 3.94124 4.13722 3.74526 2.19508 2.3774 2.01275 1.79082 0.195983 0.182324 0.0753293 0.0371414
0.0426877 3.89995 4.09228 3.70762 2.1699 2.35019 1.9896 1.7587 0.192329 0.180296 0.0743254 0.036531
0.0438959 3.85884 4.04752 3.67016 2.14476 2.32301 1.9665 1.72695 0.188681 0.178259 0.0733133 0.0359249
0.0451383 3.8179 4.00294 3.63286 2.11965 2.29586 1.94344 1.69556 0.18504 0.176211 0.0722932 0.0353229
0.0464159 3.77714 3.95855 3.59573 2.09459 2.26874 1.92043 1.66453 0.181406 0.174153 0.0712652 0.034725
0.0477296 3.73654 3.91432 3.55876 2.06955 2.24163 1.89747 1.63386 0.177781 0.172085 0.0702294 0.0341313
0.0490805 3.69611 3.87028 3.52195 2.04454 2.21455 1.87453 1.60354 0.174165 0.170006 0.0691863 0.0335417
0.0504697 3.65584 3.8264 3.48528 2.01955 2.18747 1.85164 1.57357 0.170561 0.167917 0.0681358 0.0329562
0.0518981 3.61572 3.78269 3.44875 1.99459 2.1604 1.82877 1.54395 0.166968 0.165818 0.0670784 0.0323747
0.053367 3.57575 3.73914 3.41236 1.96963 2.13334 1.80593 1.51467 0.163389 0.163708 0.0660144 0.0317973
0.0548775 3.53593 3.69575 3.3761 1.94469 2.10628 1.78311 1.48573 0.159824 0.161587 0.0649439 0.0312239
0.0564307 3.49625 3.65252 3.33997 1.91976 2.07922 1.7603 1.45712 0.156274 0.159457 0.0638673 0.0306546
0.0580278 3.4567 3.60944 3.30396 1.89483 2.05215 1.73751 1.42884 0.152742 0.157316 0.0627851 0.0300892
0.0596702 3.41728 3.5665 3.26805 1.8699 2.02507 1.71474 1.40089 0.149227 0.155164 0.0616975 0.0295279
0.0613591 3.37798 3.52371 3.23225 1.84497 1.99797 1.69197 1.37326 0.145731 0.153003 0.0606049 0.0289705
0.0630957 3.33881 3.48106 3.19655 1.82003 1.97086 1.6692 1.34595 0.142256 0.150832 0.0595078 0.0284171
0.0648815 3.29975 3.43855 3.16094 1.79508 1.94373 1.64643 1.31896 0.138803 0.14865 0.0584066 0.0278677
0.0667179 3.26079 3.39616 3.12542 1.77012 1.91658 1.62366 1.29227 0.135373 0.146459 0.0573017 0.0273223
0.0686062 3.22194 3.35391 3.08997 1.74513 1.88939 1.60088 1.2659 0.131967 0.144258 0.0561936 0.0267809
0.070548 3.18318 3.31177 3.0546 1.72013 1.86218 1.57808 1.23983 0.128587 0.142048 0.0550829 0.0262435
0.0725448 3.14452 3.26975 3.01928 1.6951 1.83493 1.55527 1.21406 0.125233 0.139828 0.0539699 0.02571
0.074598 3.10594 3.22784 2.98403 1.67004 1.80764 1.53244 1.18859 0.121908 0.137599 0.0528553 0.0251805
0.0767094 3.06743 3.18604 2.94882 1.64495 1.78031 1.50959 1.16342 0.118612 0.135362 0.0517395 0.024655
0.0788805 3.029 3.14434 2.91365 1.61982 1.75294 1.48671 1.13853 0.115347 0.133116 0.0506232 0.0241336
0.0811131 2.99063 3.10274 2.87851 1.59466 1.72552 1.4638 1.11393 0.112114 0.130862 0.0495069 0.0236161
0.0834088 2.95232 3.06123 2.8434 1.56945 1.69805 1.44085 1.08962 0.108915 0.1286 0.0483911 0.0231027
0.0857696 2.91405 3.0198 2.8083 1.5442 1.67053 1.41787 1.06559 0.10575 0.12633 0.0472765 0.0225934
0.0881971 2.87583 2.97845 2.77321 1.5189 1.64296 1.39485 1.04184 0.10262 0.124054 0.0461637 0.0220881
0.0906934 2.83765 2.93718 2.73812 1.49356 1.61533 1.37179 1.01836 0.099528 0.12177 0.0450533 0.021587
0.0932603 2.79949 2.89597 2.70302 1.46816 1.58764 1.34868 0.995149 0.0964738 0.119481 0.0439459 0.0210899
0.0958999 2.76135 2.85481 2.6679 1.44271 1.55989 1.32552 0.972211 0.0934591 0.117185 0.0428422 0.020597
0.0986142 2.72323 2.81371 2.63274 1.4172 1.53208 1.30231 0.949539 0.0904849 0.114885 0.0417428 0.0201083
0.101405 2.68511 2.77266 2.59756 1.39163 1.50421 1.27905 0.92713 0.0875524 0.112579 0.0406483 0.0196239
0.104275 2.64698 2.73165 2.56232 1.36601 1.47628 1.25574 0.904981 0.0846627 0.11027 0.0395594 0.0191436
0.107227 2.60885 2.69066 2.52703 1.34032 1.44828 1.23237 0.883091 0.0818167 0.107956 0.0384767 0.0186677
0.110262 2.57069 2.6497 2.49167 1.31458 1.42022 1.20894 0.861456 0.0790156 0.10564 0.0374008 0.0181962
0.113382 2.5325 2.60876 2.45624 1.28877 1.39209 1.18545 0.840074 0.0762603 0.103322 0.0363325 0.017729
0.116591 2.49427 2.56782 2.42072 1.2629 1.3639 1.1619 0.818943 0.0735517 0.101002 0.0352723 0.0172662
0.119891 2.45599 2.52688 2.3851 1.23697 1.33565 1.13829 0.798061 0.0708909 0.0986812 0.0342209 0.016808
0.123285 2.41766 2.48594 2.34938 1.21097 1.30734 1.11461 0.777426 0.0682786 0.0963604 0.033179 0.0163543
0.126774 2.37926 2.44497 2.31354 1.18492 1.27896 1.09088 0.757036 0.0657156 0.0940405 0.032147 0.0159052
0.130362 2.34078 2.40398 2.27758 1.15881 1.25053 1.06709 0.736889 0.0632028 0.0917223 0.0311258 0.0154609
0.134052 2.30222 2.36296 2.24148 1.13265 1.22205 1.04324 0.716984 0.0607407 0.0894066 0.0301158 0.0150212
0.137846 2.26356 2.32189 2.20523 1.10642 1.19352 1.01933 0.697319 0.0583302 0.0870945 0.0291176 0.0145864
0.141747 2.2248 2.28077 2.16883 1.08015 1.16494 0.995365 0.677894 0.0559717 0.0847868 0.0281319 0.0141565
0.145759 2.18592 2.23959 2.13226 1.05383 1.13632 0.971349 0.658706 0.0536659 0.0824847 0.0271591 0.0137315
0.149885 2.14692 2.19833 2.09551 1.02747 1.10766 0.947283 0.639756 0.0514132 0.0801891 0.0262 0.0133116
0.154127 2.10778 2.157 2.05857 1.00107 1.07897 0.923171 0.621042 0.049214 0.0779011 0.0252549 0.0128968
0.158489 2.0685 2.11557 2.02144 0.974641 1.05026 0.899019 0.602564 0.0470688 0.0756219 0.0243244 0.0124873
0.162975 2.02907 2.07405 1.9841 0.948185 1.02154 0.874833 0.584322 0.0449779 0.0733527 0.023409 0.0120831
0.167588 1.98948 2.03242 1.94654 0.921711 0.992806 0.850617 0.566315 0.0429415 0.0710946 0.0225091 0.0116844
0.172331 1.94972 1.99068 1.90876 0.895228 0.964077 0.826379 0.548544 0.0409598 0.0688489 0.0216253 0.0112911
0.177209 1.90977 1.94881 1.87074 0.868745 0.935361 0.802128 0.531009 0.039033 0.0666168 0.020758 0.0109035
0.182224 1.86964 1.9068 1.83248 0.842272 0.906671 0.777872 0.513711 0.0371611 0.0643996 0.0199076 0.0105216
0.187382 1.82931 1.86465 1.79397 0.81582 0.878019 0.753621 0.49665 0.0353441 0.0621988 0.0190744 0.0101456
0.192685 1.78878 1.82236 1.7552 0.789402 0.849418 0.729386 0.479827 0.0335821 0.0600156 0.0182589 0.00977548
0.198139 1.74803 1.77991 1.71616 0.763031 0.820883 0.70518 0.463244 0.0318748 0.0578515 0.0174613 0.00941147
0.203747 1.70707 1.7373 1.67685 0.736723 0.792431 0.681015 0.446902 0.0302222 0.0557079 0.0166821 0.00905365
0.209514 1.66589 1.69452 1.63727 0.710493 0.76408 0.656907 0.430802 0.028624 0.0535862 0.0159215 0.00870214
0.215443 1.62448 1.65156 1.5974 0.684359 0.735847 0.632871 0.414948 0.02708 0.051488 0.0151797 0.00835706
0.221541 1.58284 1.60843 1.55725 0.658339 0.707754 0.608925 0.39934 0.0255897 0.0494146 0.014457 0.00801853
0.227812 1.54097 1.56512 1.51682 0.632455 0.679823 0.585087 0.383982 0.0241528 0.0473677 0.0137537 0.00768667
0.234259 1.49887 1.52164 1.4761 0.606727 0.652076 0.561379 0.368876 0.0227688 0.0453487 0.0130698 0.00736159
0.24089 1.45653 1.47797 1.43509 0.581181 0.62454 0.537821 0.354025 0.0214372 0.0433592 0.0124056 0.00704341
0.247708 1.41396 1.43412 1.3938 0.555841 0.597241 0.51444 0.339433 0.0201575 0.0414007 0.0117612 0.00673224
0.254719 1.37117 1.39009 1.35224 0.530736 0.57021 0.491261 0.325102 0.018929 0.0394747 0.0111367 0.00642819
0.261928 1.32815 1.3459 1.3104 0.505896 0.543479 0.468313 0.311037 0.0177511 0.0375828 0.0105321 0.00613132
0.269341 1.28492 1.30155 1.2683 0.481356 0.517082 0.445629 0.297241 0.016623 0.0357265 0.00994744 0.00584173
0.276965 1.2415 1.25704 1.22595 0.457154 0.491062 0.423247 0.28372 0.0155439 0.0339073 0.0093827 0.00555944
0.284804 1.19788 1.2124 1.18337 0.433339 0.465466 0.401212 0.270477 0.014513 0.0321267 0.00883777 0.00528446
0.292864 1.15409 1.16762 1.14056 0.409973 0.440359 0.379587 0.25752 0.0135292 0.0303859 0.00831245 0.0050167
0.301153 1.11012 1.12271 1.09753 0.387169 0.415855 0.358483 0.244854 0.0125914 0.0286863 0.00780636 0.00475587
0.309677 1.06585 1.07755 1.05415 0.365337 0.392366 0.338308 0.232492 0.011698 0.0270288 0.00731847 0.00450103
0.318442 1.0315 1.04287 1.02013 0.351136 0.377545 0.324726 0.227904 0.0113682 0.0264097 0.00713528 0.00440278
0.321833 1.01529 1.02633 1.00424 0.342859 0.368662 0.317056 0.223405 0.0110481 0.0258033 0.00695671 0.00430658
0.325224 0.999236 1.00997 0.988499 0.334734 0.359943 0.309524 0.218993 0.0107373 0.0252094 0.00678261 0.00421239
0.328614 0.983345 0.99378 0.972909 0.326758 0.351385 0.30213 0.214667 0.0104355 0.0246278 0.00661287 0.00412015
0.332005 0.967609 0.977752 0.957467 0.318929 0.342987 0.294871 0.210423 0.0101424 0.0240583 0.00644737 0.00402984
0.335396 0.952029 0.961887 0.942171 0.311245 0.334746 0.287745 0.206262 0.0098577 0.0235004 0.00628597 0.00394139
0.338787 0.936603 0.946185 0.927022 0.303705 0.326659 0.280751 0.202179 0.00958118 0.0229541 0.00612858 0.00385476
0.342178 0.921329 0.930642 0.912017 0.296306 0.318725 0.273887 0.198175 0.00931257 0.0224191 0.00597508 0.00376992
0.345569 0.906208 0.915259 0.897156 0.289046 0.310942 0.267151 0.194246 0.00905161 0.0218952 0.00582536 0.00368682
0.348959 0.891234 0.900032 0.882436 0.281924 0.303306 0.260542 0.190392 0.00879805 0.0213821 0.00567932 0.00360543
0.35235 0.87641 0.884962 0.867859 0.274937 0.295816 0.254057 0.186611 0.00855167 0.0208796 0.00553686 0.0035257
0.355741 0.861734 0.870046 0.853422 0.268083 0.288471 0.247696 0.182901 0.00831224 0.0203875 0.00539788 0.00344759
0.359132 0.847203 0.855283 0.839124 0.261361 0.281267 0.241456 0.17926 0.00807955 0.0199057 0.0052623 0.00337108
0.362523 0.832818 0.840672 0.824965 0.254769 0.274203 0.235335 0.175687 0.00785338 0.0194338 0.00513002 0.00329612
0.365914 0.818577 0.826211 0.810943 0.248305 0.267277 0.229334 0.172182 0.00763354 0.0189718 0.00500094 0.00322269
0.369305 0.80448 0.8119 0.79706 0.241968 0.260487 0.223448 0.168741 0.00741983 0.0185193 0.004875 0.00315074
0.372695 0.790526 0.797738 0.783314 0.235755 0.253831 0.217679 0.165364 0.00721206 0.0180763 0.0047521 0.00308025
0.376086 0.776712 0.783722 0.769702 0.229665 0.247307 0.212022 0.16205 0.00701006 0.0176426 0.00463216 0.00301118
0.379477 0.763041 0.769854 0.756227 0.223696 0.240914 0.206478 0.158797 0.00681365 0.0172179 0.00451511 0.00294351
0.382868 0.749509 0.756132 0.742886 0.217846 0.234648 0.201044 0.155604 0.00662266 0.016802 0.00440087 0.0028772
0.386259 0.736117 0.742554 0.72968 0.212115 0.22851 0.19572 0.15247 0.00643693 0.0163949 0.00428938 0.00281222
0.38965 0.722864 0.729121 0.716608 0.206499 0.222496 0.190503 0.149393 0.0062563 0.0159963 0.00418055 0.00274855
0.39304 0.70975 0.715831 0.703669 0.200999 0.216605 0.185393 0.146373 0.00608063 0.0156061 0.00407432 0.00268616
0.396431 0.696774 0.702683 0.690864 0.195611 0.210835 0.180387 0.143407 0.00590976 0.0152241 0.00397063 0.00262502
0.399822 0.683934 0.689678 0.678191 0.190334 0.205185 0.175484 0.140497 0.00574356 0.0148502 0.00386941 0.00256511
0.403213 0.671232 0.676814 0.66565 0.185168 0.199652 0.170684 0.137639 0.00558189 0.0144841 0.00377059 0.00250639
0.406604 0.658665 0.66409 0.653241 0.180109 0.194235 0.165983 0.134833 0.00542462 0.0141258 0.00367413 0.00244886
0.409995 0.646235 0.651507 0.640963 0.175158 0.188933 0.161382 0.132078 0.00527161 0.0137751 0.00357995 0.00239247
0.413385 0.63394 0.639062 0.628817 0.170311 0.183743 0.156879 0.129373 0.00512275 0.0134318 0.003488 0.00233721
0.416776 0.621779 0.626757 0.616802 0.165568 0.178664 0.152472 0.126717 0.00497792 0.0130959 0.00339823 0.00228306
0.420167 0.609754 0.614591 0.604917 0.160927 0.173694 0.14816 0.124109 0.004837 0.0127671 0.00331059 0.00222999
0.423558 0.597863 0.602562 0.593163 0.156387 0.168832 0.143942 0.121549 0.00469988 0.0124453 0.00322501 0.00217798
0.426949 0.586105 0.590672 0.581539 0.151946 0.164076 0.139815 0.119034 0.00456645 0.0121304 0.00314145 0.00212701
0.43034 0.574481 0.578918 0.570045 0.147602 0.159425 0.13578 0.116565 0.00443661 0.0118223 0.00305987 0.00207706
0.43373 0.562991 0.567301 0.558681 0.143355 0.154876 0.131834 0.114141 0.00431026 0.0115208 0.0029802 0.00202811
0.437121 0.551633 0.555821 0.547446 0.139203 0.150429 0.127977 0.11176 0.00418729 0.0112258 0.00290241 0.00198014
0.440512 0.540409 0.544476 0.536341 0.135144 0.146081 0.124207 0.109422 0.00406762 0.0109371 0.00282646 0.00193313
0.443903 0.529316 0.533267 0.525365 0.131177 0.141831 0.120522 0.107126 0.00395116 0.0106548 0.00275228 0.00188705
0.447294 0.518356 0.522194 0.514518 0.1273 0.137678 0.116921 0.104871 0.00383781 0.0103785 0.00267986 0.00184191
0.450685 0.507528 0.511256 0.503801 0.123512 0.133621 0.113404 0.102657 0.00372748 0.0101083 0.00260913 0.00179766
0.454075 0.496832 0.500452 0.493211 0.119813 0.129657 0.109969 0.100482 0.00362011 0.009844 0.00254007 0.00175431
0.457466 0.486267 0.489782 0.482751 0.116199 0.125785 0.106614 0.0983466 0.00351559 0.00958548 0.00247263 0.00171182
0.460857 0.475833 0.479247 0.472419 0.112671 0.122003 0.103338 0.0962494 0.00341386 0.00933264 0.00240678 0.00167019
0.464248 0.46553 0.468845 0.462215 0.109226 0.118311 0.10014 0.0941898 0.00331484 0.00908536 0.00234247 0.0016294
0.467639 0.455358 0.458577 0.45214 0.105863 0.114706 0.0970192 0.0921672 0.00321846 0.00884356 0.00227968 0.00158943
0.47103 0.445317 0.448442 0.442192 0.102581 0.111188 0.0939738 0.0901808 0.00312465 0.00860711 0.00221836 0.00155027
0.47442 0.435406 0.43844 0.432373 0.0993787 0.107755 0.0910028 0.0882301 0.00303333 0.00837592 0.00215849 0.0015119
0.477811 0.425626 0.42857 0.422681 0.0962546 0.104404 0.0881047 0.0863143 0.00294444 0.00814989 0.00210002 0.0014743
0.481202 0.415975 0.418833 0.413117 0.0932075 0.101136 0.0852786 0.084433 0.00285791 0.00792891 0.00204294 0.00143747
0.484593 0.406454 0.409228 0.40368 0.0902361 0.097949 0.0825232 0.0825854 0.00277369 0.0077129 0.00198719 0.00140139
0.487984 0.397062 0.399754 0.394371 0.0873389 0.0948406 0.0798371 0.0807709 0.00269171 0.00750175 0.00193276 0.00136604
0.491375 0.3878 0.390412 0.385188 0.0845147 0.0918101 0.0772194 0.0789891 0.0026119 0.00729538 0.00187962 0.00133141
0.494765 0.378667 0.381201 0.376133 0.0817624 0.0888561 0.0746687 0.0772393 0.00253422 0.00709369 0.00182773 0.00129749
0.498156 0.369663 0.372121 0.367204 0.0790806 0.0859772 0.072184 0.0755209 0.00245861 0.00689659 0.00177707 0.00126426
0.501547 0.360787 0.363172 0.358402 0.0764681 0.0831721 0.0697641 0.0738335 0.00238502 0.006704 0.00172761 0.00123172
0.504938 0.352039 0.354353 0.349726 0.0739236 0.0804394 0.0674078 0.0721765 0.00231338 0.00651582 0.00167932 0.00119985
0.508329 0.34342 0.345664 0.341176 0.0714458 0.0777778 0.0651138 0.0705494 0.00224365 0.00633198 0.00163218 0.00116863
0.51172 0.334928 0.337104 0.332753 0.0690336 0.075186 0.0628812 0.0689516 0.00217579 0.00615239 0.00158616 0.00113807
0.51511 0.326564 0.328674 0.324455 0.0666858 0.0726628 0.0607088 0.0673828 0.00210973 0.00597696 0.00154124 0.00110813
0.518501 0.318327 0.320373 0.316282 0.0644011 0.0702067 0.0585955 0.0658423 0.00204544 0.00580562 0.00149739 0.00107882
0.521892 0.310218 0.3122 0.308235 0.0621784 0.0678166 0.0565401 0.0643297 0.00198287 0.00563829 0.00145458 0.00105013
0.525283 0.302234 0.304156 0.300312 0.0600164 0.0654913 0.0545415 0.0628446 0.00192198 0.00547489 0.00141281 0.00102203
0.528674 0.294377 0.29624 0.292514 0.0579141 0.0632295 0.0525988 0.0613865 0.00186272 0.00531535 0.00137203 0.000994529
0.532065 0.286646 0.288451 0.284841 0.0558702 0.0610298 0.0507106 0.059955 0.00180505 0.00515958 0.00133224 0.000967606
0.535455 0.27904 0.280789 0.277291 0.0538836 0.0588912 0.0488761 0.0585495 0.00174893 0.00500752 0.0012934 0.000941254
0.538846 0.27156 0.273254 0.269866 0.0519532 0.0568123 0.0470941 0.0571698 0.00169432 0.0048591 0.00125551 0.000915462
0.542237 0.264204 0.265845 0.262563 0.0500777 0.054792 0.0453635 0.0558153 0.00164119 0.00471423 0.00121853 0.000890221
0.545628 0.256973 0.258562 0.255383 0.0482563 0.0528291 0.0436834 0.0544857 0.00158949 0.00457286 0.00118245 0.000865521
0.549019 0.249866 0.251405 0.248326 0.0464876 0.0509225 0.0420526 0.0531805 0.00153919 0.00443492 0.00114725 0.000841354
0.55241 0.242882 0.244372 0.241391 0.0447706 0.0490709 0.0404702 0.0518994 0.00149025 0.00430034 0.00111291 0.000817709
0.5558 0.236021 0.237464 0.234578 0.0431042 0.0472733 0.0389352 0.050642 0.00144265 0.00416904 0.00107942 0.000794577
0.559191 0.229283 0.230679 0.227886 0.0414874 0.0455284 0.0374465 0.0494079 0.00139634 0.00404098 0.00104674 0.000771951
0.562582 0.222666 0.224018 0.221315 0.0399191 0.0438352 0.036003 0.0481968 0.00135129 0.00391608 0.00101487 0.000749821
0.565973 0.216172 0.217479 0.214864 0.0383983 0.0421925 0.034604 0.0470082 0.00130748 0.00379427 0.000983796 0.000728179
0.569364 0.209798 0.211063 0.208533 0.0369238 0.0405993 0.0332483 0.0458418 0.00126487 0.00367551 0.000953489 0.000707016
0.572755 0.203545 0.204768 0.202321 0.0354948 0.0390545 0.031935 0.0446974 0.00122343 0.00355973 0.000923938 0.000686324
0.576146 0.197411 0.198594 0.196228 0.0341101 0.0375569 0.0306632 0.0435744 0.00118314 0.00344687 0.000895126 0.000666095
0.579536 0.191397 0.192541 0.190253 0.0327687 0.0361056 0.0294319 0.0424727 0.00114396 0.00333687 0.000867039 0.000646321
0.582927 0.185501 0.186607 0.184395 0.0314698 0.0346995 0.0282401 0.0413918 0.00110587 0.00322967 0.00083966 0.000626995
0.586318 0.179723 0.180792 0.178655 0.0302123 0.0333375 0.027087 0.0403315 0.00106883 0.00312522 0.000812974 0.000608109
0.589709 0.174063 0.175096 0.17303 0.0289952 0.0320186 0.0259717 0.0392914 0.00103284 0.00302347 0.000786968 0.000589654
0.5931 0.168519 0.169517 0.167521 0.0278175 0.0307419 0.0248932 0.0382713 0.000997846 0.00292435 0.000761626 0.000571625
0.596491 0.16309 0.164054 0.162127 0.0266785 0.0295063 0.0238506 0.0372708 0.00096384 0.00282781 0.000736935 0.000554013
0.599881 0.157777 0.158708 0.156846 0.025577 0.0283108 0.0228432 0.0362896 0.000930793 0.00273381 0.000712881 0.000536812
0.603272 0.152578 0.153477 0.151679 0.0245122 0.0271545 0.02187 0.0353275 0.000898683 0.00264229 0.00068945 0.000520014
0.606663 0.147492 0.14836 0.146625 0.0234833 0.0260365 0.0209301 0.0343841 0.000867486 0.0025532 0.00066663 0.000503613
0.610054 0.142519 0.143357 0.141682 0.0224892 0.0249557 0.0200227 0.0334592 0.000837179 0.00246648 0.000644407 0.000487602
0.613445 0.137658 0.138466 0.13685 0.0215292 0.0239113 0.0191471 0.0325525 0.000807742 0.0023821 0.000622769 0.000471973
0.616836 0.132908 0.133687 0.132128 0.0206023 0.0229023 0.0183023 0.0316637 0.000779152 0.0023 0.000601704 0.000456722
0.620226 0.128267 0.129019 0.127516 0.0197078 0.0219279 0.0174877 0.0307926 0.000751388 0.00222013 0.000581199 0.00044184
0.623617 0.123736 0.12446 0.123011 0.0188447 0.0209872 0.0167023 0.029939 0.000724432 0.00214245 0.000561243 0.000427322
0.627008 0.119312 0.120011 0.118614 0.0180123 0.0200792 0.0159454 0.0291024 0.000698262 0.00206691 0.000541824 0.000413161
0.630399 0.114996 0.115669 0.114323 0.0172097 0.0192032 0.0152162 0.0282828 0.00067286 0.00199347 0.000522931 0.000399352
0.63379 0.110786 0.111434 0.110138 0.0164361 0.0183582 0.014514 0.0274798 0.000648207 0.00192209 0.000504553 0.000385888
0.637181 0.106681 0.107305 0.106057 0.0156908 0.0175435 0.0138381 0.0266932 0.000624284 0.00185271 0.000486679 0.000372762
0.640571 0.10268 0.103281 0.102079 0.014973 0.0167583 0.0131877 0.0259229 0.000601074 0.00178529 0.000469298 0.00035997
0.643962 0.0987817 0.0993602 0.0982031 0.0142818 0.0160016 0.012562 0.0251684 0.000578559 0.00171981 0.000452399 0.000347506
0.647353 0.0949853 0.0955421 0.0944286 0.0136166 0.0152728 0.0119604 0.0244296 0.000556722 0.0016562 0.000435974 0.000335363
0.650744 0.0912897 0.0918252 0.0907541 0.0129767 0.0145711 0.0113822 0.0237064 0.000535546 0.00159444 0.00042001 0.000323535
0.654135 0.0876935 0.0882085 0.0871785 0.0123612 0.0138957 0.0108267 0.0229984 0.000515015 0.00153447 0.000404499 0.000312019
0.657526 0.0841958 0.0846909 0.0837007 0.0117696 0.0132458 0.0102933 0.0223054 0.000495114 0.00147627 0.000389431 0.000300806
0.660916 0.0807952 0.081271 0.0803193 0.011201 0.0126208 0.00978118 0.0216273 0.000475826 0.0014198 0.000374796 0.000289893
0.664307 0.0774906 0.0779477 0.0770334 0.0106548 0.0120198 0.0092898 0.0209637 0.000457137 0.00136501 0.000360586 0.000279274
0.667698 0.0742805 0.0747196 0.0738415 0.0101304 0.0114422 0.00881852 0.0203146 0.000439031 0.00131186 0.00034679 0.000268944
0.671089 0.0711641 0.0715856 0.0707426 0.00962702 0.0108874 0.00836669 0.0196796 0.000421495 0.00126033 0.0003334 0.000258897
0.67448 0.0681397 0.0685443 0.0677352 0.0091441 0.0103545 0.00793372 0.0190587 0.000404514 0.00121038 0.000320408 0.000249128
0.677871 0.0652062 0.0655943 0.0648182 0.00868098 0.00984294 0.00751902 0.0184515 0.000388074 0.00116196 0.000307804 0.000239632
0.681261 0.0623623 0.0627345 0.0619902 0.00823704 0.00935209 0.00712199 0.017858 0.000372162 0.00111505 0.00029558 0.000230404
0.684652 0.0596065 0.0599633 0.0592498 0.00781167 0.00888128 0.00674206 0.0172778 0.000356764 0.00106961 0.000283727 0.000221439
0.688043 0.0569376 0.0572794 0.0565957 0.00740427 0.00842987 0.00637867 0.0167109 0.000341868 0.0010256 0.000272238 0.000212732
0.691434 0.054354 0.0546815 0.0540266 0.00701427 0.00799727 0.00603127 0.0161569 0.000327461 0.000983002 0.000261104 0.000204278
0.694825 0.0518546 0.0521681 0.051541 0.00664109 0.00758287 0.00569932 0.0156158 0.00031353 0.000941771 0.000250318 0.000196073
0.698216 0.0494377 0.0497378 0.0491376 0.00628418 0.00718606 0.0053823 0.0150874 0.000300064 0.000901877 0.000239871 0.000188111
0.701606 0.0471021 0.0473891 0.046815 0.00594299 0.00680628 0.0050797 0.0145714 0.000287051 0.000863291 0.000229757 0.000180388
0.704997 0.0448463 0.0451207 0.0445718 0.00561699 0.00644297 0.00479101 0.0140676 0.000274479 0.00082598 0.000219966 0.000172898
0.708388 0.0426687 0.0429311 0.0424064 0.00530564 0.00609555 0.00451573 0.013576 0.000262336 0.000789913 0.000210493 0.000165639
0.711779 0.040568 0.0408186 0.0403174 0.00500846 0.00576352 0.0042534 0.0130964 0.000250613 0.000755062 0.00020133 0.000158604
0.71517 0.0385427 0.0387819 0.0383034 0.00472494 0.00544633 0.00400354 0.0126285 0.000239297 0.000721396 0.00019247 0.00015179
0.718561 0.0365912 0.0368195 0.0363628 0.00445459 0.00514347 0.0037657 0.0121721 0.000228378 0.000688887 0.000183905 0.000145192
0.721951 0.034712 0.0349299 0.0344942 0.00419694 0.00485444 0.00353943 0.0117272 0.000217846 0.000657505 0.000175629 0.000138805
0.725342 0.0329038 0.0331115 0.0326961 0.00395153 0.00457875 0.00332431 0.0112935 0.000207691 0.000627223 0.000167635 0.000132626
0.728733 0.0311649 0.0313628 0.030967 0.0037179 0.00431592 0.00311989 0.010871 0.000197903 0.000598013 0.000159916 0.00012665
0.732124 0.0294938 0.0296822 0.0293053 0.00349563 0.00406547 0.00292578 0.0104593 0.000188471 0.000569847 0.000152466 0.000120872
0.735515 0.0278889 0.0280683 0.0277096 0.00328427 0.00382697 0.00274157 0.0100584 0.000179387 0.000542701 0.000145278 0.000115288
0.738906 0.0263489 0.0265195 0.0261782 0.00308342 0.00359997 0.00256688 0.00966807 0.000170641 0.000516546 0.000138346 0.000109895
0.742296 0.024872 0.0250343 0.0247098 0.00289267 0.00338403 0.00240131 0.00928818 0.000162223 0.000491357 0.000131664 0.000104687
0.745687 0.0234569 0.023611 0.0233027 0.00271162 0.00317873 0.00224451 0.00891857 0.000154126 0.00046711 0.000125225 9.96619e-05
0.749078 0.0221018 0.0222482 0.0219555 0.00253989 0.00298367 0.00209611 0.00855908 0.000146339 0.000443779 0.000119023 9.48143e-05
0.752469 0.0208054 0.0209442 0.0206665 0.00237711 0.00279845 0.00195577 0.00820955 0.000138855 0.000421339 0.000113053 9.01406e-05
0.75586 0.019566 0.0196977 0.0194343 0.00222291 0.00262268 0.00182314 0.00786983 0.000131665 0.000399767 0.000107308 8.56368e-05
0.759251 0.0183821 0.0185069 0.0182574 0.00207694 0.00245598 0.0016979 0.00753977 0.00012476 0.000379039 0.000101783 8.12989e-05
0.762641 0.0172522 0.0173704 0.0171341 0.00193885 0.00229799 0.00157972 0.0072192 0.000118133 0.000359132 9.64714e-05 7.71231e-05
0.766032 0.0161748 0.0162866 0.016063 0.00180832 0.00214835 0.0014683 0.00690799 0.000111776 0.000340023 9.13686e-05 7.31054e-05
0.769423 0.0151483 0.015254 0.0150426 0.00168503 0.00200672 0.00136334 0.00660598 0.00010568 0.000321689 8.64687e-05 6.92422e-05
0.772814 0.0141712 0.014271 0.0140713 0.00156865 0.00187276 0.00126454 0.00631302 9.98385e-05 0.000304109 8.17661e-05 6.55296e-05
0.776205 0.013242 0.0133362 0.0131477 0.00145889 0.00174615 0.00117163 0.00602896 9.42437e-05 0.000287261 7.72557e-05 6.19639e-05
0.779596 0.0123592 0.0124481 0.0122703 0.00135545 0.00162657 0.00108432 0.00575366 8.88882e-05 0.000271124 7.2932e-05 5.85413e-05
0.782986 0.0115213 0.0116051 0.0114375 0.00125805 0.00151372 0.00100237 0.00548697 8.37649e-05 0.000255677 6.879e-05 5.52584e-05
0.786377 0.0107269 0.0108057 0.010648 0.00116641 0.00140731 0.000925506 0.00522875 7.88666e-05 0.0002409 6.48245e-05 5.21113e-05
0.789768 0.00997441 0.0100486 0.00990022 0.00108026 0.00130703 0.000853489 0.00497885 7.41866e-05 0.000226772 6.10304e-05 4.90967e-05
0.793159 0.00926247 0.00933219 0.00919275 0.000999354 0.00121263 0.00078608 0.00473712 6.97179e-05 0.000213273 5.74029e-05 4.62108e-05
0.79655 0.00858962 0.00865507 0.00852416 0.000923435 0.00112382 0.00072305 0.00450343 6.54541e-05 0.000200385 5.3937e-05 4.34503e-05
0.799941 0.00795443 0.00801582 0.00789304 0.000852264 0.00104035 0.000664176 0.00427763 6.13884e-05 0.000188088 5.0628e-05 4.08117e-05
0.803332 0.00735551 0.00741303 0.007298 0.000785608 0.000961972 0.000609244 0.00405958 5.75147e-05 0.000176364 4.74712e-05 3.82915e-05
0.806722 0.00679148 0.00684531 0.00673765 0.000723243 0.000888437 0.000558049 0.00384913 5.38266e-05 0.000165194 4.44619e-05 3.58864e-05
0.810113 0.00626096 0.00631128 0.00621064 0.000664954 0.000819514 0.000510394 0.00364615 5.0318e-05 0.00015456 4.15955e-05 3.35931e-05
0.813504 0.00576262 0.0058096 0.00571564 0.000610531 0.000754976 0.000466085 0.0034505 4.69829e-05 0.000144445 3.88676e-05 3.14082e-05
0.816895 0.00529512 0.00533894 0.0052513 0.000559773 0.000694605 0.000424941 0.00326203 4.38154e-05 0.000134832 3.62737e-05 2.93286e-05
0.820286 0.00485717 0.00489798 0.00481636 0.000512489 0.000638192 0.000386786 0.00308061 4.08098e-05 0.000125703 3.38094e-05 2.73509e-05
0.823677 0.00444749 0.00448545 0.00440953 0.000468491 0.000585533 0.000351449 0.0029061 3.79604e-05 0.000117042 3.14706e-05 2.5472e-05
0.827067 0.00406481 0.00410008 0.00402955 0.000427601 0.000536433 0.000318769 0.00273837 3.52617e-05 0.000108832 2.9253e-05 2.36888e-05
0.830458 0.00370792 0.00374063 0.00367521 0.000389647 0.000490705 0.000288589 0.00257726 3.27082e-05 0.000101058 2.71525e-05 2.19981e-05
0.833849 0.0033756 0.00340589 0.00334531 0.000354464 0.000448168 0.00026076 0.00242265 3.02946e-05 9.37038e-05 2.51649e-05 2.03969e-05
0.83724 0.00306668 0.0030947 0.00303867 0.000321894 0.000408648 0.00023514 0.00227439 2.80158e-05 8.6754e-05 2.32863e-05 1.88823e-05
0.840631 0.00278 0.00280587 0.00275413 0.000291785 0.000371978 0.000211591 0.00213236 2.58667e-05 8.01937e-05 2.15128e-05 1.74511e-05
0.844022 0.00251444 0.00253829 0.0024906 0.000263991 0.000337999 0.000189983 0.00199641 2.38422e-05 7.40081e-05 1.98406e-05 1.61006e-05
0.847412 0.00226891 0.00229084 0.00224697 0.000238374 0.000306557 0.000170192 0.0018664 2.19376e-05 6.81828e-05 1.82657e-05 1.48277e-05
0.850803 0.00204232 0.00206247 0.00202218 0.000214801 0.000277505 0.000152097 0.00174221 2.01479e-05 6.27037e-05 1.67846e-05 1.36296e-05
0.854194 0.00183365 0.00185212 0.00181519 0.000193143 0.0002507 0.000135586 0.0016237 1.84686e-05 5.7557e-05 1.53935e-05 1.25036e-05
0.857585 0.00164189 0.00165879 0.00162499 0.00017328 0.000226009 0.000120551 0.00151072 1.68951e-05 5.2729e-05 1.40888e-05 1.14469e-05
0.860976 0.00146605 0.00148147 0.00145063 0.000155095 0.000203302 0.000106889 0.00140315 1.54229e-05 4.82066e-05 1.28672e-05 1.04566e-05
0.864367 0.00130519 0.00131924 0.00129114 0.000138478 0.000182455 9.4501e-05 0.00130085 1.40477e-05 4.39768e-05 1.1725e-05 9.53029e-06
0.867757 0.00115838 0.00117115 0.00114562 0.000123323 0.00016335 8.32958e-05 0.00120368 1.27651e-05 4.00269e-05 1.06589e-05 8.66515e-06
0.871148 0.00102475 0.00103632 0.00101318 0.00010953 0.000145874 7.31849e-05 0.00111152 1.1571e-05 3.63447e-05 9.66555e-06 7.85864e-06
0.874539 0.000903431 0.000913893 0.00089297 9.7003e-05 0.000129921 6.40851e-05 0.00102421 1.04614e-05 3.29179e-05 8.74178e-06 7.10821e-06
0.87793 0.000793604 0.000803036 0.000784171 8.56524e-05 0.000115387 5.59177e-05 0.000941644 9.43216e-06 2.97348e-05 7.88436e-06 6.41135e-06
0.881321 0.000694473 0.000702953 0.000685994 7.53918e-05 0.000102176 4.8608e-05 0.000863671 8.47951e-06 2.67838e-05 7.09018e-06 5.76562e-06
0.884712 0.000605279 0.000612878 0.000597679 6.61398e-05 9.01935e-05 4.20861e-05 0.000790161 7.59963e-06 2.40537e-05 6.35619e-06 5.1686e-06
0.888102 0.00052529 0.000532079 0.000518502 5.78193e-05 7.93528e-05 3.62857e-05 0.000720979 6.78883e-06 2.15336e-05 5.6794e-06 4.61792e-06
0.891493 0.00045381 0.000459854 0.000447767 5.03575e-05 6.95701e-05 3.11449e-05 0.000655993 6.04349e-06 1.92126e-05 5.0569e-06 4.11127e-06
0.894884 0.000390172 0.000395532 0.000384812 4.36854e-05 6.07658e-05 2.6605e-05 0.000595069 5.36012e-06 1.70804e-05 4.48584e-06 3.64637e-06
0.898275 0.000333739 0.000338474 0.000329003 3.77384e-05 5.28652e-05 2.26116e-05 0.000538072 4.73528e-06 1.51268e-05 3.96344e-06 3.22101e-06
0.901666 0.000283908 0.000288074 0.000279743 3.24552e-05 4.57972e-05 1.91132e-05 0.000484871 4.16566e-06 1.3342e-05 3.48698e-06 2.83301e-06
0.905057 0.000240106 0.000243754 0.000236458 2.77786e-05 3.94948e-05 1.60624e-05 0.000435332 3.64802e-06 1.17162e-05 3.05382e-06 2.48025e-06
0.908447 0.00020179 0.000204969 0.00019861 2.36545e-05 3.38946e-05 1.34143e-05 0.000389322 3.17921e-06 1.02401e-05 2.66138e-06 2.16065e-06
0.911838 0.000168446 0.000171202 0.00016569 2.00324e-05 2.89371e-05 1.11277e-05 0.000346709 2.75618e-06 8.90469e-06 2.30715e-06 1.87219e-06
0.915229 0.000139593 0.000141969 0.000137217 1.68652e-05 2.45662e-05 9.16418e-06 0.00030736 2.37596e-06 7.70103e-06 1.98869e-06 1.6129e-06
0.91862 0.000114777 0.000116813 0.000112741 1.41087e-05 2.07293e-05 7.48814e-06 0.000271142 2.03569e-06 6.62059e-06 1.70364e-06 1.38086e-06
0.922011 9.35741e-05 9.53066e-05 9.18415e-05 1.17219e-05 1.7377e-05 6.06685e-06 0.000237924 1.73259e-06 5.65506e-06 1.44968e-06 1.17419e-06
0.925402 7.55875e-05 7.70514e-05 7.41235e-05 9.66653e-06 1.44629e-05 4.87016e-06 0.000207574 1.46395e-06 4.79637e-06 1.22459e-06 9.91098e-07
0.928792 6.04491e-05 6.16763e-05 5.92219e-05 7.90716e-06 1.19439e-05 3.87041e-06 0.00017996 1.22719e-06 4.03675e-06 1.0262e-06 8.29812e-07
0.932183 4.78175e-05 4.88373e-05 4.67978e-05 6.41103e-06 9.77969e-06 3.04237e-06 0.000154951 1.01978e-06 3.36866e-06 8.52434e-07 6.88629e-07
0.935574 3.73781e-05 3.82174e-05 3.65387e-05 5.14788e-06 7.93272e-06 2.36304e-06 0.000132417 8.39316e-07 2.78484e-06 7.01265e-07 5.65904e-07
0.938965 2.88414e-05 2.95249e-05 2.8158e-05 4.08989e-06 6.36817e-06 1.8116e-06 0.000112225 6.83461e-07 2.27829e-06 5.7075e-07 4.60045e-07
0.942356 2.19435e-05 2.24935e-05 2.13935e-05 3.21153e-06 5.05378e-06 1.36928e-06 9.4247e-05 5.49981e-07 1.84225e-06 4.59018e-07 3.6952e-07
0.945747 1.64441e-05 1.68809e-05 1.60074e-05 2.48948e-06 3.95972e-06 1.01924e-06 7.83524e-05 4.3673e-07 1.47024e-06 3.64271e-07 2.92856e-07
0.949137 1.21265e-05 1.24682e-05 1.17849e-05 1.90251e-06 3.05857e-06 7.46449e-07 6.44123e-05 3.41658e-07 1.15606e-06 2.84787e-07 2.28639e-07
0.952528 8.7964e-06 9.0592e-06 8.53359e-06 1.43137e-06 2.32511e-06 5.37629e-07 5.22982e-05 2.62806e-07 8.9374e-07 2.1892e-07 1.75518e-07
0.955919 6.28095e-06 6.47926e-06 6.08264e-06 1.0587e-06 1.7363e-06 3.81099e-07 4.18824e-05 1.9831e-07 6.77602e-07 1.65103e-07 1.32205e-07
0.95931 4.42807e-06 4.57447e-06 4.28167e-06 7.68938e-07 1.27117e-06 2.66708e-07 3.30386e-05 1.46402e-07 5.0223e-07 1.21845e-07 9.7476e-08
0.962701 3.10539e-06 3.2108e-06 2.99998e-06 5.48204e-07 9.10688e-07 1.85721e-07 2.56418e-05 1.05411e-07 3.62484e-07 8.77389e-08 7.01716e-08
0.966092 2.19947e-06 2.27323e-06 2.1257e-06 3.84242e-07 6.37743e-07 1.30741e-07 1.95689e-05 7.3765e-08 2.53501e-07 6.14569e-08 4.92011e-08
0.969482 1.61505e-06 1.66504e-06 1.56506e-06 2.6633e-07 4.37032e-07 9.56287e-08 1.47002e-05 4.99905e-08 1.70702e-07 4.17562e-08 3.3543e-08
0.972873 1.27468e-06 1.3074e-06 1.24196e-06 1.85238e-07 2.95034e-07 7.54424e-08 1.09211e-05 3.27174e-08 1.09796e-07 2.74796e-08 2.22464e-08
0.976264 1.11903e-06 1.13971e-06 1.09835e-06 1.33227e-07 2.00018e-07 6.64363e-08 8.12639e-06 2.06793e-08 6.67908e-08 1.75579e-08 1.44339e-08
0.979655 1.10934e-06 1.12205e-06 1.09662e-06 1.04181e-07 1.42181e-07 6.61807e-08 6.22975e-06 1.27163e-08 3.80001e-08 1.10113e-08 9.30196e-09
0.983046 1.23657e-06 1.24435e-06 1.2288e-06 9.41496e-08 1.14205e-07 7.40941e-08 5.19075e-06 7.77422e-09 2.00554e-08 6.94926e-09 6.12075e-09
0.986437 1.55976e-06 1.56466e-06 1.55486e-06 1.03654e-07 1.13571e-07 9.37361e-08 5.1104e-06 4.89827e-09 9.91758e-09 4.56244e-09 4.22457e-09
0.989827 2.48666e-06 2.48984e-06 2.48348e-06 1.54587e-07 1.59459e-07 1.49715e-07 6.77872e-06 3.17699e-09 4.87223e-09 3.06405e-09 2.9502e-09
0.993218 1.14198e-05 1.14202e-05 1.14195e-05 6.91381e-07 6.94347e-07 6.88415e-07 3.91808e-05 3.49231e-10 2.96607e-09 1.7544e-10 0
4.27812e-314 inf inf inf inf inf inf 0.00117422 25.879 0.958238 0.67175 0.370772
