9.72476e-05 17.1545 17.9521 16.3568 9.44902 9.96911 8.92893 21.882 0.797661 0.520086 0.242327 0.232672
0.0001 17.046 17.8403 16.2516 9.38829 9.90604 8.87053 21.6847 0.794314 0.517757 0.240614 0.230855
0.00010283 16.939 17.73 16.148 9.32844 9.84388 8.813 21.4889 0.790981 0.51544 0.238913 0.229048
0.000105741 16.8371 17.6247 16.0494 9.27144 9.78458 8.75831 21.2945 0.787663 0.513135 0.237225 0.227254
0.000108734 16.7278 17.5122 15.9434 9.21029 9.72113 8.69945 21.1016 0.784359 0.510843 0.235549 0.22547
0.000111811 16.6191 17.4002 15.8381 9.14948 9.65805 8.64092 20.9101 0.78107 0.508562 0.233887 0.223698
0.000114976 16.511 17.2888 15.7332 9.089 9.59529 8.5827 20.72 0.777794 0.506293 0.232236 0.221938
0.00011823 16.4035 17.178 15.629 9.02884 9.53288 8.52481 20.5313 0.774533 0.504036 0.230597 0.220188
0.000121576 16.2965 17.0678 15.5253 8.96902 9.47081 8.46723 20.344 0.771285 0.501791 0.228972 0.21845
0.000125017 16.1902 16.9582 15.4221 8.90953 9.40908 8.40997 20.1581 0.768051 0.499558 0.227358 0.216723
0.000128556 16.0844 16.8492 15.3195 8.85035 9.34769 8.35302 19.9736 0.764831 0.497336 0.225756 0.215007
0.000132194 15.9791 16.7408 15.2175 8.79151 9.28664 8.29639 19.7905 0.761625 0.495126 0.224167 0.213302
0.000135936 15.8745 16.6329 15.116 8.73299 9.22591 8.24006 19.6087 0.758432 0.492927 0.22259 0.211608
0.000139783 15.7703 16.5256 15.0151 8.67478 9.16552 8.18404 19.4284 0.755252 0.49074 0.221025 0.209925
0.000143739 15.6668 16.4189 14.9147 8.6169 9.10547 8.12834 19.2493 0.752086 0.488564 0.219472 0.208253
0.000147808 15.5638 16.3127 14.8149 8.55933 9.04573 8.07293 19.0716 0.748933 0.4864 0.217931 0.206591
0.000151991 15.4614 16.2072 14.7156 8.50208 8.98633 8.01784 18.8952 0.745793 0.484247 0.216402 0.204941
0.000156293 15.3595 16.1021 14.6168 8.44515 8.92726 7.96305 18.7202 0.742666 0.482105 0.214884 0.203301
0.000160717 15.2581 15.9977 14.5186 8.38853 8.86851 7.90856 18.5464 0.739552 0.479974 0.213379 0.201671
0.000165265 15.1574 15.8938 14.4209 8.33223 8.81008 7.85437 18.374 0.736451 0.477854 0.211885 0.200052
0.000169943 15.0571 15.7905 14.3238 8.27624 8.75198 7.80049 18.2029 0.733363 0.475745 0.210403 0.198444
0.000174753 14.9574 15.6877 14.2271 8.22055 8.6942 7.7469 18.0331 0.730287 0.473648 0.208933 0.196846
0.000179699 14.8583 15.5855 14.131 8.16517 8.63673 7.69361 17.8645 0.727224 0.471561 0.207474 0.195258
0.000184785 14.7597 15.4838 14.0355 8.11011 8.57959 7.64063 17.6973 0.724174 0.469485 0.206027 0.193681
0.000190015 14.6616 15.3827 13.9404 8.05534 8.52276 7.58792 17.5313 0.721135 0.467419 0.204592 0.192114
0.000195393 14.564 15.2821 13.8459 8.00088 8.46625 7.53552 17.3665 0.718109 0.465364 0.203168 0.190557
0.000200923 14.467 15.1821 13.7519 7.94673 8.41005 7.48341 17.203 0.715095 0.46332 0.201755 0.189011
0.00020661 14.3705 15.0826 13.6584 7.89288 8.35416 7.43159 17.0408 0.712093 0.461287 0.200354 0.187474
0.000212458 14.2745 14.9836 13.5654 7.83932 8.29858 7.38006 16.8798 0.709103 0.459263 0.198965 0.185948
0.000218471 14.1791 14.8852 13.473 7.78607 8.24332 7.32882 16.72 0.706125 0.457251 0.197586 0.184431
0.000224655 14.0842 14.7874 13.381 7.73312 8.18836 7.27787 16.5614 0.703159 0.455248 0.196219 0.182925
0.000231013 13.9898 14.69 13.2896 7.68045 8.13371 7.2272 16.4041 0.700204 0.453256 0.194863 0.181428
0.000237551 13.8959 14.5932 13.1987 7.62809 8.07937 7.17682 16.2479 0.697261 0.451274 0.193519 0.179941
0.000244275 13.8025 14.4969 13.1082 7.57602 8.02532 7.12672 16.093 0.694329 0.449302 0.192185 0.178464
0.000251189 13.7097 14.4011 13.0183 7.52424 7.97158 7.0769 15.9392 0.691408 0.447341 0.190863 0.176997
0.000258298 13.6173 14.3058 12.9288 7.47275 7.91814 7.02736 15.7866 0.688499 0.445389 0.189551 0.175539
0.000265609 13.5255 14.2111 12.8399 7.42156 7.865 6.97811 15.6352 0.685601 0.443447 0.188251 0.174091
0.000273126 13.4342 14.1169 12.7515 7.37064 7.81216 6.92913 15.485 0.682714 0.441516 0.186961 0.172653
0.000280857 13.3433 14.0232 12.6635 7.32003 7.75962 6.88043 15.3359 0.679838 0.439594 0.185683 0.171224
0.000288806 13.253 13.93 12.576 7.26969 7.70737 6.83201 15.188 0.676972 0.437681 0.184415 0.169805
0.00029698 13.1632 13.8373 12.4891 7.21964 7.65542 6.78386 15.0412 0.674117 0.435779 0.183158 0.168394
0.000305386 13.0739 13.7451 12.4026 7.16988 7.60376 6.73599 14.8955 0.671273 0.433886 0.181913 0.166994
0.000314029 12.985 13.6534 12.3166 7.12039 7.55239 6.68838 14.751 0.668439 0.432002 0.180677 0.165603
0.000322917 12.8967 13.5623 12.231 7.07118 7.50131 6.64105 14.6076 0.665616 0.430129 0.179453 0.16422
0.000332057 12.8088 13.4716 12.146 7.02226 7.45052 6.59399 14.4654 0.662803 0.428264 0.178239 0.162848
0.000341455 12.7214 13.3814 12.0614 6.97361 7.40002 6.5472 14.3242 0.66 0.426409 0.177036 0.161484
0.000351119 12.6345 13.2918 11.9773 6.92524 7.34981 6.50068 14.1841 0.657207 0.424563 0.175843 0.160129
0.000361057 12.5481 13.2026 11.8937 6.87715 7.29988 6.45442 14.0451 0.654424 0.422727 0.174661 0.158784
0.000371276 12.4622 13.1139 11.8106 6.82933 7.25023 6.40843 13.9072 0.65165 0.420899 0.173489 0.157447
0.000381784 12.3768 13.0257 11.7279 6.78179 7.20087 6.3627 13.7704 0.648887 0.419081 0.172328 0.15612
0.00039259 12.2918 12.9379 11.6457 6.73451 7.15178 6.31724 13.6347 0.646133 0.417272 0.171177 0.154801
0.000403702 12.2073 12.8507 11.5639 6.68751 7.10298 6.27204 13.5 0.643388 0.415471 0.170037 0.153491
0.000415128 12.1233 12.7639 11.4826 6.64078 7.05446 6.2271 13.3664 0.640653 0.41368 0.168907 0.15219
0.000426877 12.0397 12.6777 11.4018 6.59431 7.00621 6.18241 13.2339 0.637926 0.411897 0.167787 0.150898
0.000438959 11.9567 12.5919 11.3215 6.54812 6.95824 6.13799 13.1023 0.635209 0.410124 0.166677 0.149614
0.000451383 11.874 12.5065 11.2415 6.50219 6.91054 6.09383 12.9719 0.632501 0.408359 0.165578 0.14834
0.000464159 11.7919 12.4217 11.1621 6.45652 6.86312 6.04992 12.8424 0.629802 0.406602 0.164488 0.147073
0.000477296 11.7102 12.3373 11.0831 6.41112 6.81598 6.00627 12.714 0.627111 0.404854 0.163409 0.145816
0.000490805 11.629 12.2534 11.0045 6.36598 6.76909 5.96286 12.5866 0.624429 0.403115 0.16234 0.144567
0.000504697 11.5482 12.1699 10.9264 6.3211 6.72249 5.91972 12.4602 0.621756 0.401384 0.161281 0.143326
0.000518981 11.4679 12.0869 10.8488 6.27648 6.67615 5.87682 12.3348 0.619091 0.399661 0.160232 0.142094
0.00053367 11.388 12.0044 10.7716 6.23212 6.63007 5.83418 12.2105 0.616434 0.397947 0.159193 0.14087
0.000548775 11.3086 11.9224 10.6948 6.18802 6.58426 5.79178 12.0871 0.613785 0.396241 0.158164 0.139654
0.000564307 11.2296 11.8407 10.6185 6.14418 6.53872 5.74964 11.9647 0.611144 0.394543 0.157145 0.138447
0.000580278 11.1511 11.7596 10.5426 6.10059 6.49344 5.70774 11.8432 0.60851 0.392853 0.156135 0.137248
0.000596702 11.073 11.6789 10.4671 6.05726 6.44843 5.66608 11.7228 0.605885 0.391172 0.155135 0.136058
0.000613591 10.9954 11.5986 10.3921 6.01417 6.40367 5.62468 11.6033 0.603267 0.389498 0.154145 0.134875
0.000630957 10.9182 11.5188 10.3175 5.97134 6.35917 5.58351 11.4848 0.600657 0.387832 0.153165 0.1337
0.000648815 10.8414 11.4395 10.2434 5.92877 6.31494 5.54259 11.3672 0.598053 0.386174 0.152194 0.132534
0.000667179 10.7651 11.3605 10.1696 5.88644 6.27096 5.50191 11.2506 0.595457 0.384524 0.151233 0.131376
0.000686062 10.6892 11.2821 10.0963 5.84436 6.22724 5.46147 11.1349 0.592868 0.382881 0.150281 0.130225
0.00070548 10.6137 11.204 10.0235 5.80252 6.18377 5.42128 11.0201 0.590286 0.381246 0.149339 0.129083
0.000725448 10.5387 11.1264 9.95102 5.76094 6.14056 5.38132 10.9063 0.58771 0.379618 0.148406 0.127948
0.00074598 10.4641 11.0493 9.87899 5.71959 6.09759 5.3416 10.7934 0.585141 0.377998 0.147483 0.126821
0.000767094 10.39 10.9725 9.80738 5.6785 6.05488 5.30211 10.6814 0.582579 0.376386 0.146569 0.125702
0.000788805 10.3162 10.8962 9.7362 5.63764 6.01242 5.26286 10.5703 0.580022 0.374781 0.145665 0.124591
0.000811131 10.2429 10.8204 9.66542 5.59703 5.97021 5.22385 10.4602 0.577472 0.373183 0.144769 0.123487
0.000834088 10.17 10.7449 9.59507 5.55666 5.92825 5.18507 10.3509 0.574928 0.371592 0.143883 0.122391
0.000857696 10.0975 10.6699 9.52512 5.51653 5.88654 5.14652 10.2425 0.57239 0.370008 0.143006 0.121303
0.000881971 10.0254 10.5953 9.45558 5.47663 5.84507 5.1082 10.1351 0.569857 0.368431 0.142139 0.120222
0.000906934 9.95379 10.5211 9.38646 5.43698 5.80384 5.07011 10.0285 0.56733 0.366861 0.14128 0.119149
0.000932603 9.88255 10.4474 9.31774 5.39756 5.76286 5.03226 9.92272 0.564808 0.365299 0.14043 0.118083
0.000958999 9.81171 10.374 9.24942 5.35837 5.72211 4.99463 9.81787 0.562291 0.363743 0.139589 0.117025
0.000986142 9.7413 10.3011 9.18152 5.31942 5.68161 4.95723 9.71387 0.55978 0.362193 0.138758 0.115974
0.00101405 9.67128 10.2286 9.11401 5.2807 5.64135 4.92005 9.61073 0.557273 0.360651 0.137935 0.114931
0.00104275 9.60167 10.1564 9.0469 5.24222 5.60133 4.8831 9.50845 0.554771 0.359115 0.137121 0.113895
0.00107227 9.53247 10.0847 8.9802 5.20396 5.56155 4.84638 9.407 0.552274 0.357585 0.136315 0.112866
0.00110262 9.46366 10.0134 8.91388 5.16594 5.522 4.80988 9.30641 0.549781 0.356062 0.135519 0.111844
0.00113382 9.39525 9.94254 8.84796 5.12814 5.48269 4.7736 9.20665 0.547292 0.354545 0.134731 0.110829
0.00116591 9.32724 9.87205 8.78243 5.09057 5.44361 4.73754 9.10772 0.544807 0.353035 0.133952 0.109822
0.00119891 9.25963 9.80195 8.7173 5.05323 5.40476 4.7017 9.00961 0.542326 0.35153 0.133181 0.108822
0.00123285 9.1924 9.73225 8.65255 5.01611 5.36615 4.66608 8.91233 0.539849 0.350032 0.132419 0.107828
0.00126774 9.12558 9.66295 8.5882 4.97922 5.32776 4.63068 8.81585 0.537375 0.34854 0.131665 0.106842
0.00130362 9.05914 9.59404 8.52423 4.94255 5.28961 4.5955 8.72018 0.534905 0.347054 0.130919 0.105863
0.00134052 8.99308 9.52552 8.46064 4.90611 5.25168 4.56053 8.62532 0.532438 0.345574 0.130182 0.104891
0.00137846 8.92742 9.45739 8.39744 4.86988 5.21398 4.52578 8.53126 0.529973 0.344099 0.129453 0.103926
0.00141747 8.86213 9.38964 8.33462 4.83388 5.17651 4.49125 8.43799 0.527512 0.34263 0.128733 0.102967
0.00145759 8.79723 9.32228 8.27218 4.79809 5.13926 4.45693 8.3455 0.525053 0.341167 0.12802 0.102015
0.00149885 8.7327 9.2553 8.21011 4.76253 5.10223 4.42282 8.2538 0.522597 0.339709 0.127316 0.10107
0.00154127 8.66856 9.18871 8.14842 4.72717 5.06543 4.38892 8.16287 0.520142 0.338257 0.12662 0.100132
0.00158489 8.60479 9.12248 8.0871 4.69204 5.02885 4.35523 8.07272 0.51769 0.33681 0.125931 0.0992005
0.00162975 8.54141 9.05665 8.02617 4.65712 4.99249 4.32175 7.98333 0.51524 0.335369 0.125251 0.0982757
0.00167588 8.47839 8.99118 7.9656 4.62242 4.95635 4.28849 7.8947 0.512791 0.333933 0.124578 0.0973574
0.00172331 8.41574 8.92608 7.90539 4.58792 4.92043 4.25542 7.80683 0.510344 0.332501 0.123913 0.0964457
0.00177209 8.35346 8.86136 7.84556 4.55365 4.88472 4.22257 7.7197 0.507898 0.331075 0.123256 0.0955406
0.00182224 8.29155 8.797 7.78609 4.51958 4.84923 4.18992 7.63333 0.505453 0.329654 0.122606 0.0946419
0.00187382 8.23 8.73301 7.72699 4.48572 4.81396 4.15748 7.54769 0.503009 0.328237 0.121964 0.0937497
0.00192685 8.16881 8.66938 7.66825 4.45207 4.77889 4.12524 7.4628 0.500565 0.326826 0.121329 0.0928639
0.00198139 8.10799 8.60612 7.60987 4.41862 4.74404 4.09321 7.37863 0.498122 0.325419 0.120702 0.0919844
0.00203747 8.04753 8.54321 7.55185 4.38539 4.70941 4.06137 7.29519 0.495679 0.324016 0.120082 0.0911113
0.00209514 7.98743 8.48067 7.49419 4.35236 4.67498 4.02974 7.21247 0.493236 0.322618 0.119469 0.0902445
0.00215443 7.92768 8.41847 7.43689 4.31954 4.64076 3.99831 7.13047 0.490793 0.321224 0.118863 0.0893839
0.00221541 7.86829 8.35664 7.37994 4.28692 4.60675 3.96708 7.04918 0.488349 0.319835 0.118265 0.0885296
0.00227812 7.80925 8.29515 7.32334 4.2545 4.57295 3.93605 6.96859 0.485905 0.31845 0.117673 0.0876814
0.00234259 7.75056 8.23402 7.2671 4.22228 4.53935 3.90521 6.88871 0.48346 0.317069 0.117089 0.0868393
0.0024089 7.69222 8.17323 7.21121 4.19026 4.50595 3.87457 6.80952 0.481013 0.315691 0.116511 0.0860034
0.00247708 7.63423 8.1128 7.15567 4.15845 4.47277 3.84413 6.73103 0.478566 0.314318 0.11594 0.0851735
0.00254719 7.57659 8.0527 7.10047 4.12683 4.43978 3.81388 6.65323 0.476116 0.312948 0.115375 0.0843496
0.00261928 7.51928 7.99295 7.04562 4.09541 4.40699 3.78383 6.57611 0.473665 0.311583 0.114817 0.0835317
0.00269341 7.46233 7.93354 6.99111 4.06418 4.3744 3.75396 6.49966 0.471212 0.31022 0.114265 0.0827197
0.00276965 7.4057 7.87446 6.93695 4.03315 4.34202 3.72429 6.4239 0.468757 0.308861 0.11372 0.0819136
0.00284804 7.34942 7.81572 6.88313 4.00232 4.30983 3.69482 6.3488 0.466299 0.307506 0.113181 0.0811134
0.00292864 7.29348 7.75732 6.82964 3.97168 4.27784 3.66553 6.27436 0.463838 0.306154 0.112648 0.0803191
0.00301153 7.23787 7.69924 6.77649 3.94123 4.24604 3.63643 6.20059 0.461374 0.304804 0.112121 0.0795304
0.00309677 7.18259 7.6415 6.72369 3.91098 4.21443 3.60752 6.12748 0.458907 0.303458 0.1116 0.0787476
0.00318442 7.12765 7.58409 6.67122 3.88091 4.18303 3.5788 6.05501 0.456437 0.302115 0.111085 0.0779704
0.00327455 7.07304 7.527 6.61907 3.85103 4.15181 3.55026 5.9832 0.453963 0.300775 0.110576 0.0771989
0.00336723 7.01875 7.47024 6.56727 3.82135 4.12078 3.52191 5.91202 0.451484 0.299437 0.110072 0.0764331
0.00346253 6.96479 7.41379 6.51579 3.79185 4.08995 3.49374 5.84149 0.449002 0.298102 0.109574 0.0756728
0.00356053 6.91115 7.35767 6.46464 3.76253 4.0593 3.46576 5.77159 0.446515 0.296769 0.109081 0.0749181
0.00366131 6.85784 7.30187 6.41382 3.7334 4.02884 3.43796 5.70231 0.444023 0.295438 0.108593 0.0741689
0.00376494 6.80485 7.24638 6.36332 3.70446 3.99857 3.41035 5.63367 0.441526 0.29411 0.10811 0.0734251
0.0038715 6.75218 7.1912 6.31315 3.67569 3.96848 3.38291 5.56565 0.439024 0.292784 0.107632 0.0726868
0.00398107 6.69982 7.13634 6.26331 3.64711 3.93857 3.35565 5.49824 0.436517 0.29146 0.107159 0.0719539
0.00409375 6.64778 7.08179 6.21378 3.61871 3.90885 3.32858 5.43145 0.434004 0.290137 0.106691 0.0712264
0.00420962 6.59606 7.02754 6.16458 3.5905 3.87931 3.30168 5.36526 0.431484 0.288817 0.106228 0.0705042
0.00432876 6.54465 6.97361 6.11569 3.56246 3.84995 3.27496 5.29968 0.428959 0.287497 0.105768 0.0697873
0.00445128 6.49355 6.91997 6.06712 3.53459 3.82077 3.24841 5.2347 0.426426 0.28618 0.105313 0.0690756
0.00457727 6.44275 6.86664 6.01887 3.50691 3.79177 3.22204 5.17032 0.423887 0.284863 0.104863 0.0683691
0.00470682 6.39227 6.81361 5.97093 3.4794 3.76295 3.19585 5.10653 0.421341 0.283548 0.104416 0.0676678
0.00484003 6.34209 6.76088 5.9233 3.45206 3.73429 3.16983 5.04333 0.418788 0.282234 0.103973 0.0669716
0.00497702 6.29221 6.70844 5.87599 3.4249 3.70582 3.14398 4.98071 0.416227 0.280921 0.103533 0.0662805
0.00511789 6.24264 6.65629 5.82898 3.39791 3.67752 3.1183 4.91867 0.413658 0.279608 0.103098 0.0655945
0.00526274 6.19336 6.60444 5.78228 3.37109 3.64939 3.09279 4.85721 0.411081 0.278297 0.102665 0.0649135
0.0054117 6.14439 6.55288 5.73589 3.34444 3.62143 3.06746 4.79632 0.408495 0.276985 0.102236 0.0642375
0.00556486 6.09571 6.50161 5.68981 3.31796 3.59363 3.04229 4.736 0.405901 0.275674 0.10181 0.0635665
0.00572237 6.04733 6.45062 5.64403 3.29165 3.56601 3.01728 4.67625 0.403298 0.274364 0.101386 0.0629003
0.00588433 5.99923 6.39992 5.59855 3.2655 3.53855 2.99245 4.61705 0.400686 0.273053 0.100966 0.062239
0.00605088 5.95144 6.3495 5.55337 3.23952 3.51126 2.96778 4.55841 0.398064 0.271742 0.100547 0.0615825
0.00622213 5.90393 6.29936 5.5085 3.21371 3.48414 2.94328 4.50033 0.395432 0.270431 0.100132 0.0609308
0.00639824 5.85671 6.2495 5.46391 3.18806 3.45717 2.91894 4.44279 0.392791 0.26912 0.0997177 0.0602839
0.00657933 5.80977 6.19991 5.41963 3.16257 3.43037 2.89476 4.3858 0.390139 0.267808 0.0993058 0.0596417
0.00676555 5.76312 6.1506 5.37565 3.13724 3.40373 2.87074 4.32935 0.387477 0.266495 0.0988957 0.0590042
0.00695704 5.71676 6.10156 5.33195 3.11207 3.37725 2.84689 4.27344 0.384804 0.265181 0.0984871 0.0583713
0.00715394 5.67067 6.05279 5.28855 3.08706 3.35092 2.82319 4.21806 0.38212 0.263867 0.0980798 0.057743
0.00735642 5.62486 6.00429 5.24544 3.0622 3.32475 2.79965 4.16322 0.379425 0.262551 0.0976737 0.0571193
0.00756463 5.57933 5.95605 5.20262 3.03751 3.29874 2.77627 4.1089 0.376718 0.261234 0.0972684 0.0565001
0.00777874 5.53408 5.90808 5.16008 3.01296 3.27288 2.75305 4.0551 0.374 0.259915 0.0968639 0.0558854
0.0079989 5.4891 5.86037 5.11783 2.98857 3.24717 2.72998 4.00182 0.37127 0.258595 0.0964599 0.0552751
0.0082253 5.4444 5.81293 5.07587 2.96434 3.22161 2.70706 3.94906 0.368527 0.257273 0.0960562 0.0546693
0.0084581 5.39996 5.76574 5.03419 2.94025 3.1962 2.6843 3.89681 0.365772 0.255948 0.0956525 0.0540679
0.00869749 5.3558 5.7188 4.99279 2.91631 3.17094 2.66169 3.84507 0.363005 0.254622 0.0952486 0.0534708
0.00894366 5.3119 5.67212 4.95167 2.89253 3.14582 2.63923 3.79383 0.360224 0.253293 0.0948444 0.052878
0.00919679 5.26827 5.6257 4.91084 2.86889 3.12085 2.61692 3.74309 0.357431 0.251962 0.0944395 0.0522895
0.00945709 5.22489 5.57952 4.87027 2.84539 3.09602 2.59476 3.69285 0.354624 0.250628 0.0940337 0.0517052
0.00972476 5.18179 5.53359 4.82998 2.82204 3.07133 2.57275 3.64311 0.351804 0.249291 0.0936269 0.0511251
0.01 5.13894 5.48791 4.78997 2.79883 3.04678 2.55088 3.59386 0.34897 0.247951 0.0932187 0.0505491
0.010283 5.09635 5.44247 4.75023 2.77576 3.02237 2.52915 3.54509 0.346123 0.246608 0.0928088 0.0499773
0.0105741 5.05402 5.39728 4.71076 2.75284 2.9981 2.50757 3.4968 0.343261 0.245261 0.0923972 0.0494095
0.0108734 5.01194 5.35232 4.67155 2.73005 2.97396 2.48614 3.449 0.340385 0.243911 0.0919835 0.0488458
0.0111811 4.97011 5.30761 4.63262 2.7074 2.94995 2.46484 3.40167 0.337495 0.242557 0.0915674 0.0482861
0.0114976 4.92854 5.26313 4.59395 2.68488 2.92608 2.44368 3.35482 0.334591 0.241199 0.0911487 0.0477304
0.011823 4.88722 5.21889 4.55555 2.6625 2.90234 2.42266 3.30843 0.331671 0.239837 0.0907272 0.0471787
0.0121576 4.84614 5.17488 4.5174 2.64025 2.87872 2.40178 3.26251 0.328738 0.23847 0.0903026 0.0466308
0.0125017 4.80531 5.1311 4.47952 2.61814 2.85523 2.38104 3.21706 0.325789 0.237099 0.0898746 0.0460868
0.0128556 4.76473 5.08755 4.4419 2.59615 2.83187 2.36042 3.17206 0.322825 0.235722 0.089443 0.0455466
0.0132194 4.72438 5.04423 4.40453 2.57428 2.80863 2.33994 3.12752 0.319846 0.234341 0.0890074 0.0450102
0.0135936 4.68428 5.00113 4.36743 2.55255 2.78551 2.3196 3.08343 0.316852 0.232955 0.0885678 0.0444775
0.0139783 4.64442 4.95826 4.33057 2.53094 2.76251 2.29938 3.03979 0.313843 0.231563 0.0881237 0.0439486
0.0143739 4.60479 4.9156 4.29397 2.50946 2.73962 2.27929 2.9966 0.310819 0.230166 0.0876749 0.0434234
0.0147808 4.5654 4.87317 4.25762 2.48809 2.71686 2.25933 2.95384 0.307779 0.228763 0.0872212 0.0429018
0.0151991 4.52623 4.83096 4.22151 2.46685 2.6942 2.23949 2.91153 0.304724 0.227354 0.0867622 0.0423838
0.0156293 4.48731 4.78896 4.18565 2.44572 2.67166 2.21978 2.86965 0.301654 0.225939 0.0862978 0.0418694
0.0160717 4.44861 4.74717 4.15004 2.42471 2.64922 2.20019 2.82821 0.298569 0.224518 0.0858277 0.0413585
0.0165265 4.41013 4.7056 4.11467 2.40381 2.6269 2.18072 2.78719 0.295468 0.223089 0.0853515 0.0408512
0.0169943 4.37189 4.66424 4.07953 2.38302 2.60468 2.16137 2.7466 0.292352 0.221654 0.0848691 0.0403473
0.0174753 4.33386 4.62309 4.04464 2.36235 2.58256 2.14214 2.70643 0.289221 0.220212 0.0843801 0.0398469
0.0179699 4.29606 4.58214 4.00999 2.34178 2.56054 2.12302 2.66668 0.286075 0.218763 0.0838844 0.0393498
0.0184785 4.25848 4.5414 3.97557 2.32132 2.53863 2.10401 2.62735 0.282914 0.217307 0.0833817 0.0388562
0.0190015 4.22112 4.50086 3.94138 2.30097 2.51681 2.08512 2.58842 0.279738 0.215842 0.0828716 0.0383659
0.0195393 4.18397 4.46052 3.90742 2.28071 2.49508 2.06634 2.54991 0.276548 0.21437 0.0823541 0.0378788
0.0200923 4.14704 4.42038 3.87369 2.26056 2.47345 2.04767 2.5118 0.273343 0.21289 0.0818288 0.0373951
0.020661 4.11032 4.38044 3.84019 2.2405 2.4519 2.0291 2.4741 0.270124 0.211401 0.0812954 0.0369145
0.0212458 4.0738 4.34069 3.80691 2.22054 2.43045 2.01064 2.43679 0.266891 0.209905 0.0807539 0.0364372
0.0218471 4.0375 4.30114 3.77386 2.20068 2.40908 1.99228 2.39988 0.263644 0.208399 0.0802038 0.0359631
0.0224655 4.0014 4.26178 3.74102 2.18091 2.38779 1.97402 2.36336 0.260383 0.206884 0.0796451 0.0354921
0.0231013 3.96551 4.22262 3.7084 2.16122 2.36658 1.95586 2.32723 0.25711 0.205361 0.0790775 0.0350242
0.0237551 3.92982 4.18364 3.67599 2.14162 2.34545 1.9378 2.29148 0.253823 0.203828 0.0785008 0.0345594
0.0244275 3.89432 4.14484 3.6438 2.12211 2.3244 1.91983 2.25612 0.250524 0.202286 0.0779148 0.0340976
0.0251189 3.85903 4.10624 3.61181 2.10268 2.30342 1.90195 2.22114 0.247213 0.200734 0.0773193 0.0336388
0.0258298 3.82392 4.06781 3.58003 2.08333 2.28251 1.88416 2.18653 0.24389 0.199172 0.0767142 0.033183
0.0265609 3.78902 4.02957 3.54846 2.06406 2.26166 1.86646 2.1523 0.240555 0.1976 0.0760992 0.0327302
0.0273126 3.7543 3.99151 3.51709 2.04486 2.24088 1.84885 2.11843 0.23721 0.196017 0.0754743 0.0322803
0.0280857 3.71977 3.95362 3.48591 2.02574 2.22016 1.83131 2.08493 0.233855 0.194425 0.0748392 0.0318333
0.0288806 3.68543 3.91592 3.45494 2.00668 2.1995 1.81386 2.0518 0.230489 0.192821 0.0741938 0.0313892
0.029698 3.65127 3.87838 3.42415 1.98769 2.1789 1.79649 2.01902 0.227115 0.191207 0.0735381 0.0309479
0.0305386 3.61729 3.84102 3.39356 1.96877 2.15835 1.77919 1.9866 0.223731 0.189582 0.0728718 0.0305094
0.0314029 3.58349 3.80383 3.36315 1.94991 2.13785 1.76196 1.95453 0.22034 0.187945 0.072195 0.0300737
0.0322917 3.54987 3.76681 3.33293 1.9311 2.1174 1.74481 1.92281 0.216941 0.186297 0.0715075 0.0296407
0.0332057 3.51642 3.72996 3.30289 1.91235 2.09699 1.72772 1.89143 0.213536 0.184638 0.0708093 0.0292105
0.0341455 3.48315 3.69327 3.27302 1.89366 2.07662 1.71069 1.8604 0.210124 0.182967 0.0701003 0.028783
0.0351119 3.45004 3.65675 3.24333 1.87501 2.0563 1.69373 1.82971 0.206708 0.181284 0.0693805 0.0283582
0.0361057 3.4171 3.62038 3.21381 1.85641 2.036 1.67682 1.79935 0.203287 0.179589 0.0686498 0.027936
0.0371276 3.38432 3.58418 3.18446 1.83786 2.01574 1.65998 1.76933 0.199862 0.177882 0.0679084 0.0275165
0.0381784 3.3517 3.54814 3.15527 1.81934 1.9955 1.64318 1.73964 0.196434 0.176162 0.0671561 0.0270996
0.039259 3.31924 3.51225 3.12624 1.80086 1.97529 1.62643 1.71027 0.193005 0.17443 0.0663931 0.0266853
0.0403702 3.28694 3.47651 3.09736 1.78242 1.95511 1.60973 1.68122 0.189574 0.172686 0.0656194 0.0262735
0.0415128 3.25478 3.44093 3.06864 1.76401 1.93494 1.59308 1.6525 0.186144 0.170929 0.064835 0.0258643
0.0426877 3.22278 3.40549 3.04007 1.74562 1.91478 1.57646 1.62409 0.182714 0.169159 0.0640402 0.0254577
0.0438959 3.19092 3.37021 3.01164 1.72726 1.89464 1.55988 1.59599 0.179286 0.167376 0.0632349 0.0250535
0.0451383 3.15921 3.33507 2.98335 1.70892 1.8745 1.54334 1.5682 0.175861 0.165581 0.0624194 0.0246518
0.0464159 3.12763 3.30007 2.95519 1.6906 1.85437 1.52682 1.54072 0.17244 0.163772 0.0615938 0.0242526
0.0477296 3.09619 3.26521 2.92716 1.67229 1.83424 1.51034 1.51354 0.169024 0.16195 0.0607583 0.0238559
0.0490805 3.06488 3.2305 2.89927 1.65399 1.8141 1.49387 1.48666 0.165614 0.160115 0.0599131 0.0234616
0.0504697 3.0337 3.19591 2.87149 1.63569 1.79396 1.47743 1.46007 0.162212 0.158267 0.0590584 0.0230697
0.0518981 3.00264 3.16146 2.84383 1.61741 1.77381 1.461 1.43378 0.158818 0.156406 0.0581946 0.0226803
0.053367 2.97171 3.12714 2.81628 1.59911 1.75365 1.44458 1.40777 0.155434 0.154531 0.0573217 0.0222932
0.0548775 2.94089 3.09295 2.78883 1.58082 1.73346 1.42817 1.38206 0.15206 0.152644 0.0564403 0.0219086
0.0564307 2.91019 3.05889 2.76149 1.56251 1.71326 1.41177 1.35662 0.148699 0.150743 0.0555505 0.0215263
0.0580278 2.87959 3.02495 2.73424 1.5442 1.69303 1.39537 1.33147 0.145351 0.148829 0.0546528 0.0211465
0.0596702 2.8491 2.99112 2.70709 1.52586 1.67277 1.37896 1.30659 0.142018 0.146901 0.0537475 0.0207689
0.0613591 2.81871 2.95741 2.68001 1.50751 1.65247 1.36255 1.28198 0.1387 0.144961 0.0528349 0.0203938
0.0630957 2.78842 2.92382 2.65302 1.48914 1.63214 1.34613 1.25764 0.1354 0.143008 0.0519155 0.020021
0.0648815 2.75821 2.89033 2.62609 1.47073 1.61178 1.32969 1.23357 0.132118 0.141042 0.0509897 0.0196505
0.0667179 2.72809 2.85695 2.59924 1.4523 1.59136 1.31323 1.20976 0.128856 0.139063 0.0500581 0.0192824
0.0686062 2.69806 2.82367 2.57244 1.43383 1.5709 1.29675 1.18621 0.125616 0.137072 0.0491209 0.0189167
0.070548 2.66809 2.79049 2.54569 1.41531 1.55038 1.28025 1.16291 0.122397 0.135068 0.0481788 0.0185533
0.0725448 2.6382 2.7574 2.519 1.39676 1.52981 1.26371 1.13987 0.119203 0.133052 0.0472322 0.0181923
0.074598 2.60837 2.7244 2.49233 1.37816 1.50918 1.24713 1.11708 0.116034 0.131024 0.0462817 0.0178336
0.0767094 2.5786 2.69149 2.46571 1.35951 1.48849 1.23052 1.09454 0.112891 0.128984 0.0453278 0.0174772
0.0788805 2.54888 2.65865 2.4391 1.3408 1.46773 1.21387 1.07224 0.109776 0.126933 0.0443711 0.0171233
0.0811131 2.5192 2.62589 2.41251 1.32203 1.4469 1.19716 1.05018 0.106691 0.12487 0.0434122 0.0167717
0.0834088 2.48957 2.59321 2.38594 1.3032 1.426 1.18041 1.02835 0.103635 0.122796 0.0424515 0.0164225
0.0857696 2.45997 2.56058 2.35936 1.28431 1.40502 1.1636 1.00677 0.100612 0.120712 0.0414899 0.0160758
0.0881971 2.43039 2.52802 2.33277 1.26534 1.38396 1.14672 0.985413 0.0976217 0.118618 0.0405278 0.0157314
0.0906934 2.40084 2.49551 2.30618 1.2463 1.36282 1.12979 0.964286 0.0946657 0.116514 0.0395659 0.0153895
0.0932603 2.3713 2.46304 2.27955 1.22719 1.34159 1.11279 0.943386 0.0917454 0.1144 0.0386048 0.01505
0.0958999 2.34176 2.43062 2.25289 1.20799 1.32027 1.09571 0.92271 0.088862 0.112278 0.0376452 0.014713
0.0986142 2.31221 2.39823 2.2262 1.18871 1.29886 1.07856 0.902254 0.0860166 0.110147 0.0366877 0.0143784
0.101405 2.28266 2.36587 2.19945 1.16934 1.27735 1.06133 0.882016 0.0832104 0.108009 0.035733 0.0140464
0.104275 2.25308 2.33353 2.17264 1.14989 1.25575 1.04402 0.861995 0.0804446 0.105863 0.0347817 0.013717
0.107227 2.22348 2.3012 2.14576 1.13034 1.23405 1.02663 0.842186 0.0777203 0.10371 0.0338345 0.0133901
0.110262 2.19384 2.26887 2.1188 1.11069 1.21224 1.00914 0.822588 0.0750386 0.101551 0.032892 0.0130658
0.113382 2.16415 2.23655 2.09175 1.09095 1.19034 0.991566 0.8032 0.0724005 0.0993867 0.031955 0.0127442
0.116591 2.13441 2.20421 2.0646 1.07111 1.16833 0.973895 0.784017 0.0698069 0.0972177 0.031024 0.0124252
0.119891 2.1046 2.17186 2.03734 1.05117 1.14622 0.956127 0.76504 0.0672589 0.0950447 0.0300998 0.012109
0.123285 2.07471 2.13947 2.00996 1.03113 1.124 0.93826 0.746265 0.0647574 0.0928685 0.0291829 0.0117955
0.126774 2.04475 2.10705 1.98244 1.01098 1.10167 0.920292 0.727691 0.0623031 0.0906899 0.0282741 0.0114848
0.130362 2.01468 2.07458 1.95478 0.99073 1.07924 0.90222 0.709316 0.059897 0.0885098 0.0273738 0.011177
0.134052 1.98451 2.04205 1.92697 0.970373 1.0567 0.884044 0.691139 0.0575398 0.086329 0.0264828 0.010872
0.137846 1.95423 2.00946 1.899 0.949912 1.03406 0.865764 0.673159 0.0552321 0.0841485 0.0256017 0.01057
0.141747 1.92382 1.97679 1.87084 0.929346 1.01132 0.847377 0.655373 0.0529746 0.0819693 0.024731 0.010271
0.145759 1.89327 1.94404 1.8425 0.908677 0.988469 0.828885 0.637782 0.0507679 0.0797923 0.0238714 0.00997512
0.149885 1.86257 1.91118 1.81396 0.887906 0.965524 0.810287 0.620385 0.0486125 0.0776187 0.0230233 0.00968233
0.154127 1.83171 1.87822 1.7852 0.867034 0.942484 0.791585 0.60318 0.0465089 0.0754495 0.0221873 0.00939273
0.158489 1.80068 1.84514 1.75622 0.846066 0.919351 0.77278 0.586167 0.0444575 0.0732858 0.0213641 0.00910638
0.162975 1.76947 1.81193 1.72701 0.825003 0.896132 0.753874 0.569345 0.0424586 0.0711289 0.020554 0.00882335
0.167588 1.73807 1.77858 1.69755 0.803851 0.872831 0.734871 0.552716 0.0405125 0.0689799 0.0197575 0.00854373
0.172331 1.70645 1.74507 1.66783 0.782614 0.849454 0.715774 0.536278 0.0386194 0.0668401 0.0189751 0.00826757
0.177209 1.67462 1.7114 1.63784 0.761298 0.826008 0.696587 0.520032 0.0367794 0.0647107 0.0182073 0.00799497
0.182224 1.64257 1.67756 1.60757 0.739909 0.802502 0.677316 0.503979 0.0349928 0.062593 0.0174544 0.007726
0.187382 1.61027 1.64353 1.57701 0.718455 0.778943 0.657966 0.488119 0.0332594 0.0604885 0.0167169 0.00746074
0.192685 1.57772 1.6093 1.54614 0.696944 0.755342 0.638545 0.472453 0.0315792 0.0583985 0.0159951 0.00719928
0.198139 1.54491 1.57487 1.51496 0.675386 0.73171 0.619062 0.456983 0.0299522 0.0563244 0.0152894 0.00694171
0.203747 1.51184 1.54021 1.48346 0.653792 0.70806 0.599524 0.441709 0.0283781 0.0542677 0.0146 0.00668811
0.209514 1.47848 1.50533 1.45162 0.632174 0.684404 0.579944 0.426635 0.0268568 0.0522297 0.0139273 0.00643858
0.215443 1.44483 1.47022 1.41944 0.610545 0.660757 0.560333 0.41176 0.025388 0.0502121 0.0132715 0.00619321
0.221541 1.41088 1.43485 1.38691 0.58892 0.637136 0.540703 0.397088 0.0239712 0.0482163 0.0126329 0.00595209
0.227812 1.37663 1.39924 1.35402 0.567314 0.613558 0.52107 0.382622 0.0226061 0.0462439 0.0120115 0.00571531
0.234259 1.34206 1.36336 1.32077 0.545746 0.590043 0.50145 0.368363 0.0212923 0.0442964 0.0114077 0.00548297
0.24089 1.30718 1.32721 1.28715 0.524235 0.566611 0.48186 0.354314 0.0200292 0.0423753 0.0108216 0.00525515
0.247708 1.27198 1.29079 1.25316 0.502803 0.543286 0.462321 0.34048 0.0188162 0.0404823 0.0102532 0.00503195
0.254719 1.23645 1.2541 1.21879 0.481474 0.520093 0.442855 0.326863 0.0176527 0.0386189 0.00970273 0.00481344
0.261928 1.20059 1.21713 1.18405 0.460272 0.497059 0.423486 0.313467 0.0165381 0.0367866 0.00917014 0.0045997
0.269341 1.1644 1.17987 1.14893 0.439229 0.474216 0.404242 0.300297 0.0154715 0.0349871 0.00865545 0.0043908
0.276965 1.12789 1.14234 1.11344 0.418377 0.451598 0.385155 0.287357 0.0144521 0.0332218 0.00815866 0.00418676
0.284804 1.09105 1.10453 1.07757 0.397757 0.429249 0.366264 0.274652 0.0134792 0.0314924 0.00767967 0.00398761
0.292864 1.05388 1.06643 1.04133 0.377425 0.407225 0.347625 0.262188 0.0125518 0.0298002 0.00721832 0.0037933
0.301153 1.01633 1.028 1.00467 0.357478 0.385624 0.329331 0.249971 0.0116687 0.0281467 0.00677432 0.00360363
0.309677 0.97814 0.988969 0.967311 0.338277 0.36481 0.311744 0.238016 0.0108287 0.026533 0.00634691 0.00341794
0.318442 0.94763 0.958149 0.93711 0.325551 0.351481 0.29962 0.233569 0.0105196 0.0259307 0.006187 0.00334613
0.321833 0.933735 0.943955 0.923515 0.318264 0.343605 0.292924 0.229205 0.0102196 0.0253406 0.00603117 0.00327576
0.325224 0.919955 0.929883 0.910026 0.311099 0.335861 0.286336 0.22492 0.00992851 0.0247625 0.00587931 0.0032068
0.328614 0.906288 0.915934 0.896642 0.304052 0.328249 0.279856 0.220714 0.00964599 0.0241962 0.0057313 0.00313921
0.332005 0.892732 0.902104 0.883361 0.297124 0.320765 0.273483 0.216584 0.00937175 0.0236414 0.00558703 0.00307295
0.335396 0.879287 0.888393 0.870182 0.290312 0.31341 0.267214 0.212529 0.00910553 0.0230979 0.00544639 0.00300801
0.338787 0.865954 0.874801 0.857107 0.283615 0.306181 0.26105 0.208547 0.00884705 0.0225655 0.0053093 0.00294435
0.342178 0.852731 0.861327 0.844134 0.277033 0.299077 0.254989 0.204637 0.00859608 0.022044 0.00517563 0.00288194
0.345569 0.839616 0.847968 0.831263 0.270563 0.292096 0.24903 0.200796 0.00835237 0.0215331 0.00504531 0.00282075
0.348959 0.82661 0.834726 0.818494 0.264205 0.285238 0.243172 0.197024 0.00811569 0.0210326 0.00491823 0.00276076
0.35235 0.813711 0.821597 0.805825 0.257957 0.278499 0.237415 0.19332 0.00788581 0.0205424 0.00479431 0.00270195
0.355741 0.800919 0.808582 0.793257 0.251818 0.27188 0.231756 0.18968 0.00766252 0.0200622 0.00467346 0.00264427
0.359132 0.788235 0.795681 0.780789 0.245787 0.265379 0.226196 0.186105 0.00744561 0.0195918 0.00455559 0.00258772
0.362523 0.775657 0.782892 0.768422 0.239863 0.258994 0.220732 0.182593 0.00723487 0.0191311 0.00444063 0.00253227
0.365914 0.763184 0.770214 0.756154 0.234044 0.252724 0.215364 0.179143 0.00703013 0.0186799 0.00432849 0.00247789
0.369305 0.750817 0.757648 0.743986 0.22833 0.246568 0.210092 0.175753 0.00683118 0.0182379 0.00421911 0.00242456
0.372695 0.738555 0.745193 0.731918 0.222719 0.240524 0.204914 0.172422 0.00663785 0.017805 0.0041124 0.00237226
0.376086 0.726399 0.732849 0.719949 0.21721 0.234591 0.199829 0.169149 0.00644997 0.0173811 0.00400829 0.00232097
0.379477 0.714347 0.720615 0.70808 0.211802 0.228768 0.194836 0.165933 0.00626737 0.0169659 0.00390672 0.00227067
0.382868 0.702399 0.708489 0.696309 0.206493 0.223052 0.189934 0.162773 0.00608989 0.0165593 0.00380762 0.00222133
0.386259 0.690556 0.696473 0.684639 0.201283 0.217445 0.185122 0.159667 0.00591738 0.0161611 0.00371092 0.00217294
0.38965 0.678817 0.684566 0.673067 0.196171 0.211942 0.1804 0.156614 0.00574967 0.0157711 0.00361656 0.00212547
0.39304 0.667181 0.672768 0.661595 0.191156 0.206545 0.175766 0.153614 0.00558664 0.0153893 0.00352448 0.00207891
0.396431 0.65565 0.661078 0.650222 0.186235 0.201251 0.17122 0.150666 0.00542813 0.0150154 0.00343462 0.00203324
0.399822 0.644223 0.649497 0.638949 0.181409 0.196058 0.16676 0.147768 0.00527402 0.0146493 0.00334692 0.00198845
0.403213 0.6329 0.638024 0.627775 0.176676 0.190967 0.162385 0.144919 0.00512417 0.0142909 0.00326133 0.00194451
0.406604 0.62168 0.626659 0.616702 0.172035 0.185975 0.158095 0.142119 0.00497846 0.0139399 0.0031778 0.00190141
0.409995 0.610564 0.615401 0.605728 0.167485 0.181081 0.153888 0.139367 0.00483676 0.0135963 0.00309626 0.00185913
0.413385 0.599553 0.604252 0.594854 0.163025 0.176285 0.149765 0.136662 0.00469896 0.0132599 0.00301667 0.00181765
0.416776 0.588645 0.59321 0.58408 0.158653 0.171584 0.145723 0.134002 0.00456494 0.0129306 0.00293898 0.00177696
0.420167 0.577841 0.582276 0.573406 0.154369 0.166978 0.141761 0.131387 0.00443459 0.0126083 0.00286315 0.00173705
0.423558 0.567141 0.571449 0.562833 0.150172 0.162465 0.13788 0.128817 0.00430781 0.0122928 0.00278912 0.0016979
0.426949 0.556546 0.56073 0.552361 0.146061 0.158045 0.134077 0.126289 0.00418449 0.0119839 0.00271685 0.00165949
0.43034 0.546054 0.550119 0.54199 0.142034 0.153716 0.130352 0.123805 0.00406454 0.0116817 0.0026463 0.00162182
0.43373 0.535668 0.539615 0.53172 0.138091 0.149476 0.126705 0.121362 0.00394786 0.0113858 0.00257742 0.00158486
0.437121 0.525385 0.52922 0.521551 0.13423 0.145326 0.123133 0.11896 0.00383435 0.0110963 0.00251018 0.0015486
0.440512 0.515208 0.518932 0.511484 0.13045 0.141263 0.119637 0.116599 0.00372392 0.010813 0.00244453 0.00151304
0.443903 0.505135 0.508751 0.501518 0.12675 0.137286 0.116215 0.114277 0.00361649 0.0105357 0.00238044 0.00147815
0.447294 0.495167 0.498679 0.491655 0.12313 0.133395 0.112866 0.111994 0.00351197 0.0102645 0.00231786 0.00144393
0.450685 0.485305 0.488715 0.481894 0.119588 0.129587 0.109589 0.10975 0.00341028 0.00999904 0.00225676 0.00141036
0.454075 0.475547 0.478859 0.472236 0.116123 0.125862 0.106384 0.107543 0.00331134 0.00973936 0.00219711 0.00137743
0.457466 0.465896 0.469111 0.462681 0.112734 0.12222 0.103249 0.105372 0.00321508 0.00948532 0.00213886 0.00134513
0.460857 0.45635 0.459471 0.453228 0.10942 0.118657 0.100184 0.103239 0.00312142 0.0092368 0.00208199 0.00131345
0.464248 0.446909 0.44994 0.443879 0.106181 0.115174 0.097187 0.10114 0.00303029 0.00899371 0.00202647 0.00128238
0.467639 0.437575 0.440517 0.434634 0.103014 0.11177 0.0942579 0.099077 0.00294161 0.00875595 0.00197226 0.0012519
0.47103 0.428347 0.431203 0.425492 0.099919 0.108442 0.0913956 0.0970481 0.00285532 0.0085234 0.00191932 0.00122201
0.47442 0.419226 0.421997 0.416454 0.0968951 0.105191 0.0885991 0.0950531 0.00277136 0.00829598 0.00186764 0.00119269
0.477811 0.410211 0.4129 0.407521 0.093941 0.102015 0.0858674 0.0930914 0.00268967 0.00807359 0.00181718 0.00116394
0.481202 0.401303 0.403913 0.398692 0.0910558 0.098912 0.0831997 0.0911624 0.00261017 0.00785613 0.00176791 0.00113574
0.484593 0.392501 0.395034 0.389969 0.0882384 0.0958819 0.0805949 0.0892655 0.00253281 0.00764351 0.00171981 0.00110809
0.487984 0.383807 0.386265 0.38135 0.0854879 0.0929235 0.0780523 0.0874003 0.00245753 0.00743564 0.00167284 0.00108097
0.491375 0.37522 0.377605 0.372836 0.0828032 0.0900356 0.0755707 0.0855663 0.00238429 0.00723243 0.00162698 0.00105438
0.494765 0.366741 0.369054 0.364428 0.0801832 0.087217 0.0731494 0.0837628 0.00231301 0.00703379 0.00158222 0.00102831
0.498156 0.358369 0.360613 0.356125 0.077627 0.0844666 0.0707873 0.0819895 0.00224365 0.00683963 0.00153851 0.00100275
0.501547 0.350105 0.352281 0.347929 0.0751336 0.0817835 0.0684838 0.0802458 0.00217616 0.00664987 0.00149584 0.000977688
0.504938 0.341948 0.344059 0.339838 0.0727019 0.0791663 0.0662375 0.0785313 0.00211049 0.00646442 0.00145418 0.000953117
0.508329 0.3339 0.335946 0.331853 0.0703311 0.0766143 0.0640479 0.0768455 0.00204659 0.00628321 0.00141351 0.000929031
0.51172 0.325959 0.327944 0.323975 0.06802 0.0741262 0.0619139 0.0751879 0.00198441 0.00610615 0.00137381 0.000905419
0.51511 0.318127 0.320051 0.316203 0.0657677 0.0717008 0.0598345 0.0735581 0.00192392 0.00593316 0.00133506 0.000882275
0.518501 0.310403 0.312268 0.308538 0.0635732 0.0693373 0.057809 0.0719557 0.00186505 0.00576417 0.00129723 0.000859591
0.521892 0.302787 0.304595 0.300979 0.0614355 0.0670347 0.0558364 0.0703802 0.00180778 0.00559911 0.00126031 0.000837359
0.525283 0.29528 0.297032 0.293528 0.0593537 0.0647916 0.0539159 0.0688312 0.00175205 0.00543788 0.00122427 0.000815571
0.528674 0.287881 0.289578 0.286183 0.0573268 0.0626073 0.0520464 0.0673083 0.00169784 0.00528043 0.0011891 0.000794221
0.532065 0.28059 0.282235 0.278945 0.0553538 0.0604805 0.0502271 0.0658111 0.00164509 0.00512667 0.00115477 0.000773301
0.535455 0.273408 0.275001 0.271814 0.0534337 0.0584103 0.0484572 0.0643393 0.00159378 0.00497655 0.00112127 0.000752805
0.538846 0.266334 0.267878 0.26479 0.0515656 0.0563956 0.0467356 0.0628924 0.00154386 0.00482998 0.00108857 0.000732724
0.542237 0.259368 0.260864 0.257873 0.0497486 0.0544355 0.0450617 0.0614701 0.0014953 0.0046869 0.00105667 0.000713054
0.545628 0.252511 0.253959 0.251063 0.0479817 0.0525289 0.0434344 0.060072 0.00144806 0.00454725 0.00102554 0.000693786
0.549019 0.245762 0.247164 0.24436 0.0462639 0.0506749 0.041853 0.0586977 0.00140211 0.00441095 0.000995173 0.000674915
0.55241 0.239121 0.240479 0.237764 0.0445944 0.0488723 0.0403164 0.0573469 0.00135742 0.00427794 0.000965542 0.000656433
0.5558 0.232589 0.233903 0.231275 0.0429722 0.0471203 0.038824 0.0560192 0.00131396 0.00414816 0.000936636 0.000638336
0.559191 0.226164 0.227436 0.224892 0.0413963 0.0454179 0.0373748 0.0547144 0.00127169 0.00402155 0.000908439 0.000620616
0.562582 0.219847 0.221078 0.218617 0.039866 0.043764 0.0359679 0.0534321 0.00123058 0.00389803 0.000880936 0.000603269
0.565973 0.213638 0.214828 0.212447 0.0383802 0.0421577 0.0346026 0.0521719 0.00119061 0.00377756 0.000854111 0.000586287
0.569364 0.207536 0.208688 0.206384 0.0369381 0.0405981 0.033278 0.0509336 0.00115174 0.00366007 0.000827951 0.000569665
0.572755 0.201541 0.202655 0.200427 0.0355387 0.0390842 0.0319932 0.0497168 0.00111394 0.0035455 0.00080244 0.000553397
0.576146 0.195653 0.196731 0.194576 0.0341813 0.0376151 0.0307475 0.0485212 0.0010772 0.0034338 0.000777565 0.000537478
0.579536 0.189872 0.190914 0.188831 0.0328649 0.0361898 0.0295399 0.0473466 0.00104148 0.00332491 0.000753313 0.000521902
0.582927 0.184198 0.185204 0.183191 0.0315886 0.0348074 0.0283698 0.0461926 0.00100676 0.00321878 0.00072967 0.000506664
0.586318 0.178629 0.179602 0.177656 0.0303516 0.033467 0.0272363 0.045059 0.000973012 0.00311534 0.000706623 0.000491758
0.589709 0.173166 0.174106 0.172226 0.0291531 0.0321676 0.0261385 0.0439455 0.000940211 0.00301455 0.000684159 0.00047718
0.5931 0.167809 0.168717 0.1669 0.0279921 0.0309085 0.0250758 0.0428517 0.000908336 0.00291634 0.000662267 0.000462924
0.596491 0.162556 0.163433 0.161679 0.0268679 0.0296886 0.0240473 0.0417776 0.000877361 0.00282068 0.000640934 0.000448984
0.599881 0.157408 0.158255 0.156561 0.0257797 0.0285072 0.0230522 0.0407226 0.000847266 0.00272751 0.000620149 0.000435357
0.603272 0.152364 0.153182 0.151546 0.0247266 0.0273633 0.0220898 0.0396868 0.000818028 0.00263678 0.000599899 0.000422036
0.606663 0.147424 0.148213 0.146634 0.0237077 0.0262562 0.0211593 0.0386696 0.000789625 0.00254843 0.000580174 0.000409018
0.610054 0.142587 0.143349 0.141824 0.0227224 0.0251848 0.02026 0.037671 0.000762038 0.00246243 0.000560962 0.000396297
0.613445 0.137852 0.138587 0.137117 0.0217698 0.0241485 0.0193911 0.0366907 0.000735245 0.00237872 0.000542252 0.000383868
0.616836 0.133219 0.133928 0.13251 0.0208491 0.0231464 0.0185519 0.0357283 0.000709226 0.00229726 0.000524035 0.000371728
0.620226 0.128688 0.129372 0.128004 0.0199596 0.0221776 0.0177416 0.0347838 0.000683964 0.00221799 0.000506299 0.000359871
0.623617 0.124257 0.124917 0.123598 0.0191005 0.0212413 0.0169596 0.0338569 0.000659439 0.00214088 0.000489035 0.000348294
0.627008 0.119927 0.120562 0.119291 0.018271 0.0203369 0.0162051 0.0329472 0.000635632 0.00206588 0.000472232 0.00033699
0.630399 0.115696 0.116308 0.115083 0.0174704 0.0194633 0.0154775 0.0320547 0.000612525 0.00199294 0.000455881 0.000325957
0.63379 0.111563 0.112154 0.110973 0.016698 0.01862 0.014776 0.0311791 0.000590103 0.00192203 0.000439972 0.000315189
0.637181 0.107529 0.108098 0.106961 0.015953 0.0178061 0.0140999 0.0303202 0.000568346 0.0018531 0.000424497 0.000304683
0.640571 0.103592 0.104139 0.103045 0.0152348 0.0170209 0.0134487 0.0294777 0.00054724 0.0017861 0.000409445 0.000294434
0.643962 0.0997514 0.100278 0.0992247 0.0145425 0.0162635 0.0128215 0.0286515 0.000526767 0.001721 0.000394808 0.000284439
0.647353 0.0960064 0.0965133 0.0954995 0.0138757 0.0155334 0.0122179 0.0278413 0.000506913 0.00165776 0.000380577 0.000274692
0.650744 0.0923561 0.0928438 0.0918685 0.0132334 0.0148298 0.0116371 0.027047 0.000487661 0.00159633 0.000366743 0.00026519
0.654135 0.0887998 0.0892688 0.0883308 0.0126152 0.0141518 0.0110785 0.0262683 0.000468997 0.00153668 0.000353299 0.000255929
0.657526 0.0853362 0.0857871 0.0848853 0.0120202 0.013499 0.0105414 0.0255051 0.000450905 0.00147878 0.000340235 0.000246904
0.660916 0.0819648 0.0823982 0.0815315 0.0114479 0.0128705 0.0100254 0.0247571 0.000433373 0.00142257 0.000327544 0.000238113
0.664307 0.0786845 0.0791008 0.0782681 0.0108977 0.0122657 0.00952964 0.0240242 0.000416385 0.00136803 0.000315218 0.00022955
0.667698 0.0754941 0.075894 0.0750942 0.0103688 0.0116839 0.00905369 0.0233062 0.000399929 0.00131511 0.000303248 0.000221213
0.671089 0.0723929 0.0727769 0.0720089 0.0098607 0.0111245 0.00859692 0.0226029 0.00038399 0.00126379 0.000291628 0.000213097
0.67448 0.0693796 0.0697482 0.0690111 0.00937276 0.0105868 0.00815875 0.0219141 0.000368556 0.00121402 0.000280349 0.000205199
0.677871 0.0664533 0.0668069 0.0660996 0.00890439 0.0100702 0.00773862 0.0212397 0.000353614 0.00116577 0.000269404 0.000197515
0.681261 0.0636128 0.063952 0.0632737 0.008455 0.00957401 0.00733599 0.0205794 0.000339153 0.00111901 0.000258786 0.00019004
0.684652 0.0608571 0.0611822 0.0605319 0.00802401 0.00909771 0.0069503 0.0199331 0.000325158 0.00107371 0.000248488 0.000182773
0.688043 0.058185 0.0584966 0.0578734 0.00761085 0.00864067 0.00658103 0.0193006 0.00031162 0.00102982 0.000238504 0.000175708
0.691434 0.0555952 0.0558937 0.0552967 0.00721496 0.00820228 0.00622764 0.0186817 0.000298526 0.000987324 0.000228824 0.000168842
0.694825 0.0530867 0.0533725 0.0528008 0.00683581 0.00778199 0.00588963 0.0180763 0.000285865 0.000946183 0.000219445 0.000162172
0.698216 0.0506581 0.0509318 0.0503845 0.00647286 0.00737922 0.00556649 0.0174842 0.000273625 0.000906366 0.000210357 0.000155694
0.701606 0.0483084 0.0485702 0.0480466 0.00612558 0.00699342 0.00525774 0.0169053 0.000261797 0.000867842 0.000201556 0.000149405
0.704997 0.0460363 0.0462866 0.0457859 0.00579347 0.00662405 0.00496289 0.0163393 0.000250369 0.000830581 0.000193035 0.000143302
0.708388 0.0438404 0.0440797 0.043601 0.00547601 0.00627057 0.00468146 0.0157862 0.000239331 0.000794554 0.000184786 0.00013738
0.711779 0.0417194 0.0419481 0.0414907 0.00517273 0.00593246 0.004413 0.0152456 0.000228673 0.00075973 0.000176805 0.000131637
0.71517 0.0396722 0.0398905 0.0394538 0.00488314 0.00560922 0.00415706 0.0147176 0.000218386 0.000726081 0.000169085 0.000126068
0.718561 0.0376972 0.0379057 0.0374888 0.00460676 0.00530034 0.00391318 0.014202 0.000208458 0.000693577 0.00016162 0.000120672
0.721951 0.0357934 0.0359922 0.0355945 0.00434314 0.00500533 0.00368095 0.0136985 0.000198882 0.000662192 0.000154404 0.000115444
0.725342 0.0339591 0.0341487 0.0337694 0.00409183 0.00472373 0.00345993 0.013207 0.000189647 0.000631898 0.000147432 0.000110381
0.728733 0.0321931 0.0323739 0.0320124 0.00385239 0.00445506 0.00324972 0.0127274 0.000180745 0.000602667 0.000140697 0.00010548
0.732124 0.030494 0.0306662 0.0303219 0.00362439 0.00419886 0.00304992 0.0122595 0.000172167 0.000574473 0.000134194 0.000100738
0.735515 0.0288605 0.0290244 0.0286965 0.00340741 0.0039547 0.00286012 0.0118032 0.000163903 0.000547289 0.000127918 9.61515e-05
0.738906 0.027291 0.0274469 0.027135 0.00320105 0.00372214 0.00267995 0.0113583 0.000155946 0.000521091 0.000121863 9.17173e-05
0.742296 0.0257842 0.0259325 0.0256359 0.0030049 0.00350075 0.00250904 0.0109246 0.000148288 0.000495853 0.000116023 8.74323e-05
0.745687 0.0243387 0.0244796 0.0241978 0.00281857 0.00329012 0.00234702 0.0105021 0.000140919 0.000471549 0.000110395 8.32934e-05
0.749078 0.022953 0.0230869 0.0228192 0.0026417 0.00308985 0.00219354 0.0100906 0.000133832 0.000448155 0.000104971 7.92976e-05
0.752469 0.0216258 0.0217528 0.0214987 0.0024739 0.00289955 0.00204825 0.00968989 0.000127019 0.000425648 9.97475e-05 7.54417e-05
0.75586 0.0203555 0.0204759 0.020235 0.00231483 0.00271883 0.00191082 0.00929985 0.000120473 0.000404004 9.47193e-05 7.17228e-05
0.759251 0.0191407 0.0192549 0.0190265 0.00216413 0.00254733 0.00178093 0.00892035 0.000114186 0.000383199 8.98813e-05 6.81377e-05
0.762641 0.01798 0.0180882 0.0178719 0.00202146 0.00238467 0.00165824 0.00855124 0.00010815 0.000363211 8.52287e-05 6.46837e-05
0.766032 0.016872 0.0169743 0.0167696 0.00188649 0.0022305 0.00154247 0.00819238 0.000102359 0.000344018 8.07566e-05 6.13576e-05
0.769423 0.0158151 0.0159119 0.0157183 0.0017589 0.00208449 0.0014333 0.00784361 9.68052e-05 0.000325596 7.64605e-05 5.81565e-05
0.772814 0.014808 0.0148995 0.0147165 0.00163838 0.0019463 0.00133045 0.00750481 9.14818e-05 0.000307925 7.23356e-05 5.50776e-05
0.776205 0.0138492 0.0139356 0.0137628 0.00152462 0.00181561 0.00123364 0.00717582 8.6382e-05 0.000290984 6.83773e-05 5.21179e-05
0.779596 0.0129373 0.0130188 0.0128558 0.00141734 0.00169209 0.00114259 0.0068565 8.14993e-05 0.000274751 6.45813e-05 4.92747e-05
0.782986 0.0120708 0.0121476 0.011994 0.00131624 0.00157545 0.00105704 0.00654671 7.68271e-05 0.000259206 6.09429e-05 4.65449e-05
0.786377 0.0112483 0.0113207 0.011176 0.00122106 0.00146539 0.000976729 0.00624631 7.2359e-05 0.000244328 5.74579e-05 4.3926e-05
0.789768 0.0104684 0.0105365 0.0104003 0.00113151 0.00136161 0.000901415 0.00595516 6.80888e-05 0.000230099 5.4122e-05 4.1415e-05
0.793159 0.00972975 0.00979376 0.00966574 0.00104735 0.00126385 0.000830857 0.00567311 6.40104e-05 0.000216498 5.09308e-05 3.90092e-05
0.79655 0.00903085 0.00909097 0.00897074 0.000968327 0.00117183 0.000764821 0.00540003 6.01177e-05 0.000203506 4.78804e-05 3.67058e-05
0.799941 0.00837036 0.00842677 0.00831396 0.00089419 0.0010853 0.000703084 0.00513578 5.6405e-05 0.000191105 4.49665e-05 3.45023e-05
0.803332 0.0077469 0.00779977 0.00769404 0.000824706 0.00100398 0.000645429 0.0048802 5.28663e-05 0.000179277 4.21851e-05 3.23958e-05
0.806722 0.00715912 0.00720862 0.00710963 0.00075965 0.000927653 0.000591648 0.00463317 4.94961e-05 0.000168002 3.95323e-05 3.03837e-05
0.810113 0.00660567 0.00665196 0.00655938 0.000698804 0.000856068 0.000541539 0.00439454 4.62889e-05 0.000157264 3.70041e-05 2.84634e-05
0.813504 0.00608521 0.00612845 0.00604197 0.000641954 0.000788999 0.000494909 0.00416417 4.32393e-05 0.000147045 3.45967e-05 2.66323e-05
0.816895 0.00559644 0.00563678 0.0055561 0.000588897 0.000726225 0.000451569 0.00394192 4.03418e-05 0.000137328 3.23063e-05 2.48878e-05
0.820286 0.00513808 0.00517567 0.00510048 0.000539436 0.000667532 0.000411341 0.00372765 3.75914e-05 0.000128096 3.01291e-05 2.32274e-05
0.823677 0.00470883 0.00474381 0.00467384 0.000493384 0.000612716 0.000374051 0.00352121 3.49829e-05 0.000119332 2.80615e-05 2.16485e-05
0.827067 0.00430745 0.00433996 0.00427494 0.000450555 0.000561577 0.000339533 0.00332248 3.25113e-05 0.000111022 2.60999e-05 2.01486e-05
0.830458 0.00393271 0.00396288 0.00390254 0.000410776 0.000513924 0.000307628 0.0031313 3.01718e-05 0.000103148 2.42406e-05 1.87253e-05
0.833849 0.00358341 0.00361137 0.00355545 0.000373877 0.000469572 0.000278182 0.00294753 2.79596e-05 9.5695e-05 2.24803e-05 1.73761e-05
0.83724 0.00325835 0.00328422 0.00323248 0.000339696 0.000428344 0.000251047 0.00277103 2.58699e-05 8.86484e-05 2.08155e-05 1.60986e-05
0.840631 0.00295637 0.00298027 0.00293247 0.000308078 0.00039007 0.000226085 0.00260167 2.38981e-05 8.19928e-05 1.92427e-05 1.48905e-05
0.844022 0.00267633 0.00269837 0.00265429 0.000278873 0.000354586 0.000203159 0.00243929 2.20399e-05 7.57139e-05 1.77588e-05 1.37493e-05
0.847412 0.00241713 0.00243742 0.00239684 0.000251938 0.000321735 0.00018214 0.00228377 2.02908e-05 6.97971e-05 1.63603e-05 1.26727e-05
0.850803 0.00217769 0.00219633 0.00215904 0.000227136 0.000291364 0.000162907 0.00213494 1.86464e-05 6.42287e-05 1.50441e-05 1.16584e-05
0.854194 0.00195694 0.00197404 0.00193983 0.000204335 0.00026333 0.000145341 0.00199268 1.71026e-05 5.89947e-05 1.38071e-05 1.07043e-05
0.857585 0.00175385 0.00176951 0.0017382 0.000183411 0.000237493 0.000129329 0.00185684 1.56552e-05 5.40818e-05 1.26461e-05 9.8079e-06
0.860976 0.00156743 0.00158173 0.00155313 0.000164243 0.00021372 0.000114766 0.00172727 1.43002e-05 4.94768e-05 1.15581e-05 8.96717e-06
0.864367 0.00139671 0.00140974 0.00138368 0.000146717 0.000191884 0.00010155 0.00160383 1.30337e-05 4.51669e-05 1.05401e-05 8.17987e-06
0.867757 0.00124074 0.00125259 0.00122889 0.000130724 0.000171863 8.95842e-05 0.00148638 1.18518e-05 4.11395e-05 9.58923e-06 7.44388e-06
0.871148 0.00109861 0.00110936 0.00108786 0.000116159 0.000153541 7.87766e-05 0.00137478 1.07508e-05 3.73823e-05 8.70255e-06 6.75706e-06
0.874539 0.000969434 0.000979161 0.000959707 0.000102924 0.000136807 6.90405e-05 0.00126887 9.7269e-06 3.38831e-05 7.87727e-06 6.11736e-06
0.87793 0.000852368 0.000861145 0.000843592 9.09238e-05 0.000121554 6.02934e-05 0.00116852 8.77657e-06 3.06304e-05 7.11062e-06 5.52271e-06
0.881321 0.000746591 0.000754487 0.000738694 8.007e-05 0.000107683 5.24575e-05 0.00107357 7.8963e-06 2.76125e-05 6.39989e-06 4.97111e-06
0.884712 0.000651311 0.000658393 0.000644228 7.02776e-05 9.50959e-05 4.54592e-05 0.000983893 7.08266e-06 2.48183e-05 5.74244e-06 4.46058e-06
0.888102 0.000565771 0.000572103 0.000559439 6.14659e-05 8.37027e-05 3.92291e-05 0.000899328 6.3323e-06 2.22368e-05 5.13567e-06 3.98917e-06
0.891493 0.000489246 0.000494888 0.000483604 5.35591e-05 7.34165e-05 3.37017e-05 0.000819734 5.64197e-06 1.98574e-05 4.57705e-06 3.55497e-06
0.894884 0.00042104 0.000426048 0.000416031 4.64852e-05 6.41547e-05 2.88157e-05 0.000744964 5.00849e-06 1.76695e-05 4.06408e-06 3.15611e-06
0.898275 0.000360489 0.000364918 0.00035606 4.01763e-05 5.58394e-05 2.45132e-05 0.000674869 4.42876e-06 1.56631e-05 3.59435e-06 2.79076e-06
0.901666 0.000306961 0.00031086 0.000303061 3.45684e-05 4.83967e-05 2.07402e-05 0.000609304 3.89977e-06 1.38282e-05 3.16549e-06 2.45711e-06
0.905057 0.000259855 0.000263274 0.000256437 2.96016e-05 4.17569e-05 1.74463e-05 0.00054812 3.41859e-06 1.21553e-05 2.77518e-06 2.15341e-06
0.908447 0.000218601 0.000221584 0.000215619 2.52191e-05 3.58539e-05 1.45843e-05 0.000491168 2.98236e-06 1.06348e-05 2.42117e-06 1.87792e-06
0.911838 0.00018266 0.000185248 0.000180072 2.13679e-05 3.06257e-05 1.21102e-05 0.000438301 2.58831e-06 9.25777e-06 2.10126e-06 1.62898e-06
0.915229 0.000151522 0.000153756 0.000149288 1.79985e-05 2.60137e-05 9.98322e-06 0.000389368 2.23376e-06 8.01524e-06 1.81331e-06 1.40492e-06
0.91862 0.000124709 0.000126625 0.000122793 1.50643e-05 2.19629e-05 8.16563e-06 0.000344222 1.91609e-06 6.89863e-06 1.55524e-06 1.20415e-06
0.922011 0.000101772 0.000103405 0.000100139 1.2522e-05 1.84216e-05 6.62248e-06 0.000302711 1.63277e-06 5.89956e-06 1.32503e-06 1.0251e-06
0.925402 8.22899e-05 8.36713e-05 8.09086e-05 1.03316e-05 1.53415e-05 5.32161e-06 0.000264687 1.38134e-06 5.00995e-06 1.12071e-06 8.66258e-07
0.928792 6.58723e-05 6.70317e-05 6.47128e-05 8.45543e-06 1.26774e-05 4.23349e-06 0.000229998 1.15945e-06 4.22194e-06 9.40375e-07 7.26138e-07
0.932183 5.21557e-05 5.31205e-05 5.11909e-05 6.85901e-06 1.03869e-05 3.33108e-06 0.000198495 9.64792e-07 3.52793e-06 7.82185e-07 6.03307e-07
0.935574 4.08045e-05 4.15997e-05 4.00093e-05 5.51033e-06 8.43091e-06 2.58976e-06 0.000170026 7.95165e-07 2.92058e-06 6.44354e-07 4.96375e-07
0.938965 3.15097e-05 3.21581e-05 3.08613e-05 4.37996e-06 6.77276e-06 1.98716e-06 0.000144441 6.48436e-07 2.3928e-06 5.25161e-07 4.03997e-07
0.942356 2.39885e-05 2.45111e-05 2.34659e-05 3.44087e-06 5.37863e-06 1.5031e-06 0.000121588 5.22559e-07 1.93776e-06 4.22946e-07 3.24874e-07
0.945747 1.79834e-05 1.83989e-05 1.75678e-05 2.66833e-06 4.21721e-06 1.11944e-06 0.000101316 4.15566e-07 1.54889e-06 3.36111e-07 2.57755e-07
0.949137 1.32615e-05 1.35871e-05 1.29359e-05 2.03982e-06 3.25967e-06 8.19959e-07 8.34727e-05 3.25573e-07 1.21986e-06 2.63125e-07 2.01438e-07
0.952528 9.61346e-06 9.86424e-06 9.36268e-06 1.53491e-06 2.47952e-06 5.90296e-07 6.79079e-05 2.5078e-07 9.44613e-07 2.0252e-07 1.54769e-07
0.955919 6.85285e-06 7.04232e-06 6.66339e-06 1.13516e-06 1.85251e-06 4.178e-07 5.44698e-05 1.89468e-07 7.17356e-07 1.52894e-07 1.16646e-07
0.95931 4.81511e-06 4.95512e-06 4.67511e-06 8.24002e-07 1.35656e-06 2.91448e-07 4.30078e-05 1.40005e-07 5.32554e-07 1.12914e-07 8.60198e-08
0.962701 3.35672e-06 3.45757e-06 3.25588e-06 5.86678e-07 9.71622e-07 2.01735e-07 3.33719e-05 1.00845e-07 3.84943e-07 8.13151e-08 6.18942e-08
0.966092 2.35432e-06 2.42485e-06 2.28379e-06 4.10121e-07 6.79652e-07 1.4059e-07 2.54133e-05 7.05292e-08 2.69531e-07 5.69021e-08 4.33285e-08
0.969482 1.704e-06 1.75169e-06 1.65631e-06 2.82894e-07 4.64498e-07 1.0129e-07 1.8986e-05 4.76883e-08 1.81604e-07 3.85534e-08 2.94392e-08
0.972873 1.32085e-06 1.3519e-06 1.28981e-06 1.95134e-07 3.11869e-07 7.83997e-08 1.39479e-05 3.10439e-08 1.16735e-07 2.52211e-08 1.94018e-08
0.976264 1.13933e-06 1.15874e-06 1.11992e-06 1.38553e-07 2.09341e-07 6.77657e-08 1.0166e-05 1.94115e-08 7.07878e-08 1.59338e-08 1.24523e-08
0.979655 1.1157e-06 1.1274e-06 1.104e-06 1.06568e-07 1.46501e-07 6.66353e-08 7.52532e-06 1.17019e-08 3.99328e-08 9.79821e-09 7.88932e-09
0.983046 1.23746e-06 1.24438e-06 1.23054e-06 9.48581e-08 1.15514e-07 7.42019e-08 5.9567e-06 6.92263e-09 2.06562e-08 6.00011e-09 5.0735e-09
0.986437 1.56321e-06 1.56738e-06 1.55904e-06 1.03765e-07 1.13542e-07 9.39888e-08 5.53416e-06 4.17336e-09 9.77636e-09 3.79847e-09 3.42127e-09
0.989827 2.52855e-06 2.53115e-06 2.52594e-06 1.56731e-07 1.61185e-07 1.52276e-07 7.03421e-06 2.60436e-09 4.45462e-09 2.48108e-09 2.35681e-09
0.993218 1.12231e-05 1.12235e-05 1.12228e-05 6.79477e-07 6.82392e-07 6.76562e-07 4.00518e-05 3.43217e-10 2.91499e-09 1.72422e-10 0
4.01075e-314 inf inf inf inf inf inf 0.000868317 21.882 0.797661 0.520086 0.242327
