9.72476e-05 3.81544 4.12783 3.50305 1.39353 1.5659 1.22116 7.94699 0.31239 0.172373 0.0890624 0.08098
0.0001 3.79295 4.10486 3.48103 1.38537 1.55733 1.21341 7.87653 0.311915 0.171958 0.0885011 0.0803309
0.00010283 3.77077 4.08222 3.45933 1.37733 1.54888 1.20578 7.80657 0.311444 0.171548 0.0879446 0.0796856
0.000105741 3.74962 4.0606 3.43864 1.36966 1.5408 1.19852 7.7371 0.310976 0.171141 0.0873928 0.0790441
0.000108734 3.72697 4.03748 3.41646 1.36146 1.53219 1.19072 7.66812 0.310512 0.170739 0.0868456 0.0784063
0.000111811 3.70444 4.0145 3.39439 1.3533 1.52364 1.18296 7.59963 0.310051 0.170341 0.0863032 0.0777724
0.000114976 3.68204 3.99163 3.37244 1.34519 1.51514 1.17524 7.53162 0.309593 0.169947 0.0857654 0.0771421
0.00011823 3.65975 3.96889 3.35061 1.33712 1.50668 1.16757 7.46409 0.309138 0.169558 0.0852323 0.0765156
0.000121576 3.63758 3.94626 3.32889 1.3291 1.49828 1.15993 7.39704 0.308686 0.169173 0.0847039 0.0758928
0.000125017 3.61553 3.92376 3.30729 1.32113 1.48992 1.15234 7.33046 0.308238 0.168791 0.0841801 0.0752737
0.000128556 3.59359 3.90138 3.2858 1.3132 1.48161 1.14478 7.26436 0.307792 0.168414 0.0836609 0.0746582
0.000132194 3.57177 3.87912 3.26442 1.30531 1.47335 1.13727 7.19872 0.307349 0.168041 0.0831465 0.0740465
0.000135936 3.55007 3.85698 3.24316 1.29747 1.46514 1.1298 7.13355 0.30691 0.167673 0.0826367 0.0734384
0.000139783 3.52848 3.83496 3.22201 1.28967 1.45698 1.12236 7.06884 0.306473 0.167308 0.0821314 0.0728338
0.000143739 3.50701 3.81305 3.20097 1.28192 1.44886 1.11497 7.00459 0.30604 0.166947 0.0816309 0.072233
0.000147808 3.48566 3.79127 3.18005 1.2742 1.44079 1.10761 6.94081 0.305609 0.16659 0.0811348 0.0716356
0.000151991 3.46441 3.76959 3.15923 1.26654 1.43277 1.1003 6.87748 0.305181 0.166238 0.0806434 0.0710419
0.000156293 3.44328 3.74804 3.13853 1.25891 1.4248 1.09302 6.81459 0.304756 0.165889 0.0801566 0.0704517
0.000160717 3.42227 3.7266 3.11794 1.25133 1.41688 1.08579 6.75216 0.304333 0.165544 0.0796744 0.069865
0.000165265 3.40136 3.70528 3.09745 1.24379 1.409 1.07859 6.69018 0.303914 0.165203 0.0791967 0.0692818
0.000169943 3.38057 3.68407 3.07708 1.2363 1.40116 1.07143 6.62864 0.303497 0.164867 0.0787237 0.0687023
0.000174753 3.35989 3.66298 3.05681 1.22884 1.39338 1.06431 6.56754 0.303082 0.164534 0.0782552 0.0681262
0.000179699 3.33933 3.642 3.03665 1.22143 1.38564 1.05723 6.50689 0.302671 0.164205 0.0777912 0.0675535
0.000184785 3.31887 3.62113 3.01661 1.21406 1.37794 1.05018 6.44666 0.302262 0.16388 0.0773318 0.0669843
0.000190015 3.29852 3.60037 2.99666 1.20674 1.37029 1.04318 6.38688 0.301855 0.163558 0.0768769 0.0664185
0.000195393 3.27828 3.57973 2.97683 1.19945 1.36269 1.03621 6.32752 0.301451 0.163241 0.0764266 0.0658562
0.000200923 3.25815 3.5592 2.9571 1.19221 1.35513 1.02928 6.26859 0.301049 0.162927 0.0759808 0.0652973
0.00020661 3.23813 3.53878 2.93748 1.185 1.34762 1.02239 6.21009 0.30065 0.162617 0.0755395 0.0647418
0.000212458 3.21821 3.51847 2.91796 1.17784 1.34015 1.01553 6.15201 0.300253 0.162311 0.0751026 0.0641897
0.000218471 3.19841 3.49827 2.89855 1.17072 1.33273 1.00871 6.09435 0.299858 0.162009 0.0746704 0.063641
0.000224655 3.17871 3.47818 2.87925 1.16364 1.32535 1.00193 6.03711 0.299466 0.16171 0.0742426 0.0630956
0.000231013 3.15912 3.45819 2.86004 1.1566 1.31802 0.995186 5.98029 0.299076 0.161415 0.0738193 0.0625535
0.000237551 3.13963 3.43832 2.84095 1.1496 1.31073 0.988479 5.92388 0.298688 0.161124 0.0734006 0.0620148
0.000244275 3.12025 3.41855 2.82195 1.14264 1.30348 0.981808 5.86788 0.298302 0.160837 0.0729862 0.0614793
0.000251189 3.10097 3.39889 2.80305 1.13573 1.29628 0.975173 5.81229 0.297918 0.160553 0.0725764 0.0609472
0.000258298 3.0818 3.37934 2.78426 1.12885 1.28912 0.968575 5.75711 0.297536 0.160272 0.072171 0.0604184
0.000265609 3.06273 3.35989 2.76558 1.12201 1.282 0.962013 5.70233 0.297156 0.159996 0.0717701 0.0598928
0.000273126 3.04377 3.34055 2.74699 1.11521 1.27493 0.955486 5.64795 0.296779 0.159723 0.0713736 0.0593704
0.000280857 3.02491 3.32131 2.7285 1.10845 1.2679 0.948996 5.59396 0.296403 0.159453 0.0709816 0.0588514
0.000288806 3.00615 3.30218 2.71012 1.10173 1.26091 0.942541 5.54038 0.296029 0.159187 0.0705941 0.0583355
0.00029698 2.98749 3.28315 2.69183 1.09505 1.25397 0.936121 5.48719 0.295656 0.158925 0.0702109 0.0578228
0.000305386 2.96894 3.26422 2.67365 1.0884 1.24707 0.929737 5.43438 0.295286 0.158666 0.0698323 0.0573134
0.000314029 2.95048 3.2454 2.65556 1.0818 1.24021 0.923387 5.38197 0.294917 0.15841 0.069458 0.056807
0.000322917 2.93213 3.22668 2.63758 1.07523 1.23339 0.917073 5.32995 0.294549 0.158158 0.0690881 0.0563039
0.000332057 2.91387 3.20806 2.61969 1.0687 1.22661 0.910794 5.27831 0.294184 0.157909 0.0687227 0.0558039
0.000341455 2.89572 3.18954 2.6019 1.06221 1.21988 0.90455 5.22705 0.29382 0.157664 0.0683617 0.0553071
0.000351119 2.87766 3.17112 2.5842 1.05576 1.21318 0.898339 5.17617 0.293457 0.157422 0.0680051 0.0548134
0.000361057 2.8597 3.1528 2.56661 1.04935 1.20653 0.892163 5.12567 0.293095 0.157184 0.0676528 0.0543228
0.000371276 2.84185 3.13458 2.54911 1.04297 1.19992 0.886022 5.07554 0.292735 0.156949 0.067305 0.0538354
0.000381784 2.82408 3.11646 2.53171 1.03663 1.19335 0.879915 5.02579 0.292377 0.156717 0.0669616 0.053351
0.00039259 2.80642 3.09844 2.5144 1.03033 1.18682 0.873841 4.9764 0.292019 0.156488 0.0666225 0.0528696
0.000403702 2.78885 3.08051 2.49719 1.02406 1.18033 0.867801 4.92739 0.291663 0.156263 0.0662878 0.0523914
0.000415128 2.77138 3.06269 2.48007 1.01784 1.17388 0.861795 4.87874 0.291308 0.156041 0.0659575 0.0519162
0.000426877 2.754 3.04496 2.46305 1.01164 1.16747 0.855822 4.83045 0.290954 0.155822 0.0656316 0.051444
0.000438959 2.73672 3.02732 2.44612 1.00549 1.1611 0.849883 4.78252 0.2906 0.155607 0.06531 0.0509748
0.000451383 2.71954 3.00979 2.42929 0.999372 1.15477 0.843977 4.73496 0.290248 0.155394 0.0649927 0.0505087
0.000464159 2.70245 2.99234 2.41255 0.993289 1.14847 0.838104 4.68775 0.289897 0.155185 0.0646798 0.0500455
0.000477296 2.68545 2.97499 2.3959 0.987243 1.14222 0.832264 4.6409 0.289546 0.154979 0.0643713 0.0495854
0.000490805 2.66854 2.95774 2.37935 0.981233 1.13601 0.826457 4.5944 0.289196 0.154776 0.064067 0.0491282
0.000504697 2.65173 2.94058 2.36288 0.975258 1.12983 0.820682 4.54825 0.288847 0.154576 0.0637672 0.048674
0.000518981 2.63501 2.92351 2.34651 0.969319 1.1237 0.81494 4.50245 0.288498 0.154379 0.0634716 0.0482227
0.00053367 2.61838 2.90653 2.33023 0.963415 1.1176 0.80923 4.45699 0.28815 0.154185 0.0631803 0.0477744
0.000548775 2.60185 2.88965 2.31404 0.957546 1.11154 0.803552 4.41188 0.287802 0.153994 0.0628933 0.0473289
0.000564307 2.5854 2.87286 2.29795 0.951713 1.10552 0.797906 4.36711 0.287455 0.153806 0.0626107 0.0468865
0.000580278 2.56904 2.85615 2.28194 0.945914 1.09954 0.792292 4.32268 0.287107 0.153621 0.0623323 0.0464469
0.000596702 2.55278 2.83954 2.26602 0.94015 1.09359 0.78671 4.27859 0.28676 0.153439 0.0620582 0.0460102
0.000613591 2.5366 2.82302 2.25019 0.93442 1.08768 0.78116 4.23484 0.286413 0.15326 0.0617884 0.0455763
0.000630957 2.52051 2.80658 2.23445 0.928725 1.08181 0.775641 4.19142 0.286067 0.153084 0.0615229 0.0451454
0.000648815 2.50452 2.79024 2.2188 0.923064 1.07597 0.770153 4.14833 0.28572 0.15291 0.0612616 0.0447173
0.000667179 2.48861 2.77398 2.20323 0.917436 1.07018 0.764697 4.10557 0.285373 0.15274 0.0610046 0.044292
0.000686062 2.47278 2.75781 2.18776 0.911843 1.06441 0.759271 4.06314 0.285026 0.152572 0.0607518 0.0438696
0.00070548 2.45705 2.74172 2.17237 0.906283 1.05869 0.753877 4.02103 0.284678 0.152407 0.0605032 0.04345
0.000725448 2.4414 2.72573 2.15707 0.900758 1.053 0.748513 3.97925 0.28433 0.152244 0.060259 0.0430332
0.00074598 2.42583 2.70982 2.14185 0.895264 1.04735 0.74318 3.93779 0.283982 0.152084 0.0600188 0.0426192
0.000767094 2.41036 2.69399 2.12672 0.889805 1.04173 0.737878 3.89665 0.283633 0.151927 0.059783 0.042208
0.000788805 2.39497 2.67825 2.11168 0.884379 1.03615 0.732606 3.85582 0.283283 0.151773 0.0595513 0.0417996
0.000811131 2.37966 2.66259 2.09672 0.878985 1.03061 0.727364 3.81532 0.282933 0.151621 0.0593238 0.041394
0.000834088 2.36444 2.64702 2.08185 0.873624 1.0251 0.722152 3.77512 0.282582 0.151472 0.0591005 0.0409911
0.000857696 2.3493 2.63153 2.06707 0.868295 1.01962 0.716971 3.73524 0.28223 0.151325 0.0588814 0.0405909
0.000881971 2.33424 2.61612 2.05236 0.862999 1.01418 0.711819 3.69567 0.281876 0.151181 0.0586664 0.0401935
0.000906934 2.31927 2.60079 2.03774 0.857735 1.00877 0.706696 3.65641 0.281522 0.151039 0.0584556 0.0397989
0.000932603 2.30438 2.58554 2.02321 0.852503 1.0034 0.701604 3.61745 0.281166 0.150899 0.0582489 0.0394069
0.000958999 2.28957 2.57038 2.00876 0.847303 0.998065 0.696541 3.57881 0.280809 0.150762 0.0580463 0.0390176
0.000986142 2.27484 2.55529 1.99439 0.842135 0.992763 0.691508 3.54046 0.280451 0.150628 0.0578479 0.0386311
0.00101405 2.26019 2.54028 1.9801 0.836998 0.987494 0.686503 3.50241 0.280091 0.150495 0.0576536 0.0382472
0.00104275 2.24563 2.52536 1.9659 0.831893 0.982258 0.681528 3.46466 0.279729 0.150365 0.0574633 0.037866
0.00107227 2.23114 2.51051 1.95178 0.826819 0.977056 0.676581 3.42721 0.279366 0.150237 0.0572771 0.0374875
0.00110262 2.21674 2.49574 1.93773 0.821775 0.971887 0.671664 3.39005 0.279001 0.150112 0.057095 0.0371116
0.00113382 2.20241 2.48104 1.92377 0.816763 0.966752 0.666775 3.35319 0.278633 0.149988 0.0569169 0.0367384
0.00116591 2.18816 2.46642 1.9099 0.811782 0.961648 0.661915 3.31662 0.278264 0.149867 0.0567428 0.0363677
0.00119891 2.17399 2.45188 1.8961 0.806831 0.956578 0.657083 3.28034 0.277892 0.149748 0.0565727 0.0359998
0.00123285 2.1599 2.43741 1.88238 0.80191 0.95154 0.652279 3.24435 0.277518 0.149631 0.0564067 0.0356344
0.00126774 2.14588 2.42302 1.86874 0.79702 0.946535 0.647505 3.20865 0.277141 0.149515 0.0562446 0.0352717
0.00130362 2.13194 2.4087 1.85518 0.79216 0.941562 0.642757 3.17323 0.276761 0.149402 0.0560865 0.0349115
0.00134052 2.11808 2.39446 1.8417 0.787329 0.93662 0.638038 3.13809 0.276379 0.149291 0.0559323 0.034554
0.00137846 2.10429 2.38029 1.8283 0.782529 0.93171 0.633347 3.10324 0.275994 0.149182 0.055782 0.034199
0.00141747 2.09058 2.36619 1.81497 0.777757 0.926832 0.628683 3.06866 0.275606 0.149074 0.0556356 0.0338466
0.00145759 2.07694 2.35216 1.80173 0.773016 0.921984 0.624048 3.03436 0.275215 0.148968 0.0554931 0.0334967
0.00149885 2.06338 2.3382 1.78856 0.768303 0.917168 0.619439 3.00034 0.27482 0.148864 0.0553545 0.0331494
0.00154127 2.04989 2.32431 1.77547 0.76362 0.912382 0.614858 2.9666 0.274422 0.148762 0.0552196 0.0328047
0.00158489 2.03648 2.3105 1.76246 0.758966 0.907627 0.610304 2.93313 0.27402 0.148661 0.0550886 0.0324624
0.00162975 2.02313 2.29675 1.74952 0.75434 0.902903 0.605778 2.89992 0.273615 0.148562 0.0549614 0.0321227
0.00167588 2.00986 2.28307 1.73666 0.749743 0.898208 0.601278 2.86699 0.273205 0.148465 0.054838 0.0317856
0.00172331 1.99667 2.26946 1.72387 0.745174 0.893543 0.596806 2.83433 0.272791 0.148369 0.0547182 0.0314509
0.00177209 1.98354 2.25591 1.71117 0.740634 0.888909 0.59236 2.80194 0.272374 0.148274 0.0546022 0.0311187
0.00182224 1.97048 2.24244 1.69853 0.736122 0.884303 0.587941 2.76981 0.271951 0.148181 0.0544898 0.030789
0.00187382 1.9575 2.22902 1.68597 0.731637 0.879727 0.583548 2.73794 0.271525 0.14809 0.0543811 0.0304618
0.00192685 1.94458 2.21568 1.67349 0.727181 0.87518 0.579182 2.70633 0.271093 0.147999 0.054276 0.030137
0.00198139 1.93174 2.20239 1.66108 0.722752 0.870661 0.574842 2.67499 0.270657 0.14791 0.0541745 0.0298147
0.00203747 1.91896 2.18918 1.64874 0.71835 0.866172 0.570528 2.6439 0.270215 0.147822 0.0540765 0.0294949
0.00209514 1.90625 2.17602 1.63648 0.713976 0.861711 0.566241 2.61308 0.269769 0.147735 0.0539821 0.0291775
0.00215443 1.89361 2.16293 1.62429 0.709628 0.857277 0.561979 2.58251 0.269317 0.147649 0.0538911 0.0288626
0.00221541 1.88104 2.1499 1.61218 0.705308 0.852872 0.557744 2.55219 0.268859 0.147564 0.0538036 0.02855
0.00227812 1.86853 2.13693 1.60014 0.701014 0.848494 0.553534 2.52212 0.268395 0.14748 0.0537194 0.0282399
0.00234259 1.85609 2.12402 1.58817 0.696747 0.844144 0.54935 2.49231 0.267926 0.147397 0.0536386 0.0279322
0.0024089 1.84372 2.11117 1.57627 0.692506 0.839821 0.545191 2.46275 0.26745 0.147315 0.0535612 0.0276269
0.00247708 1.83141 2.09838 1.56444 0.688292 0.835525 0.541059 2.43343 0.266968 0.147233 0.053487 0.027324
0.00254719 1.81917 2.08565 1.55269 0.684103 0.831256 0.536951 2.40437 0.26648 0.147152 0.0534161 0.0270235
0.00261928 1.80699 2.07297 1.54101 0.679941 0.827013 0.532869 2.37554 0.265984 0.147072 0.0533483 0.0267254
0.00269341 1.79488 2.06036 1.52939 0.675804 0.822796 0.528811 2.34697 0.265482 0.146992 0.0532837 0.0264296
0.00276965 1.78282 2.0478 1.51785 0.671692 0.818605 0.524779 2.31863 0.264973 0.146913 0.0532222 0.0261361
0.00284804 1.77084 2.03529 1.50638 0.667606 0.81444 0.520772 2.29054 0.264456 0.146834 0.0531637 0.0258451
0.00292864 1.75891 2.02284 1.49498 0.663545 0.810301 0.516789 2.26269 0.263931 0.146756 0.0531082 0.0255564
0.00301153 1.74705 2.01045 1.48365 0.659509 0.806187 0.512832 2.23507 0.263399 0.146678 0.0530556 0.0252699
0.00309677 1.73525 1.9981 1.47239 0.655498 0.802097 0.508899 2.2077 0.262859 0.146599 0.0530059 0.0249859
0.00318442 1.7235 1.98581 1.46119 0.651512 0.798033 0.50499 2.18056 0.26231 0.146521 0.0529591 0.0247041
0.00327455 1.71182 1.97358 1.45007 0.647549 0.793993 0.501106 2.15365 0.261753 0.146443 0.0529149 0.0244247
0.00336723 1.7002 1.96139 1.43902 0.643611 0.789977 0.497246 2.12698 0.261187 0.146365 0.0528735 0.0241475
0.00346253 1.68864 1.94925 1.42803 0.639698 0.785985 0.493411 2.10054 0.260613 0.146287 0.0528347 0.0238726
0.00356053 1.67714 1.93717 1.41711 0.635808 0.782016 0.489599 2.07433 0.260029 0.146209 0.0527985 0.0236001
0.00366131 1.66569 1.92513 1.40626 0.631942 0.778071 0.485812 2.04835 0.259436 0.14613 0.0527648 0.0233297
0.00376494 1.65431 1.91314 1.39547 0.628099 0.774149 0.482048 2.0226 0.258833 0.14605 0.0527334 0.0230617
0.0038715 1.64298 1.9012 1.38476 0.624279 0.77025 0.478309 1.99707 0.25822 0.145971 0.0527045 0.0227959
0.00398107 1.63171 1.8893 1.37411 0.620483 0.766373 0.474593 1.97177 0.257597 0.14589 0.0526778 0.0225324
0.00409375 1.62049 1.87745 1.36353 0.61671 0.762519 0.470901 1.9467 0.256964 0.145809 0.0526533 0.0222711
0.00420962 1.60933 1.86565 1.35301 0.612959 0.758686 0.467232 1.92185 0.256319 0.145727 0.0526309 0.022012
0.00432876 1.59822 1.85389 1.34256 0.609231 0.754875 0.463587 1.89722 0.255664 0.145644 0.0526106 0.0217551
0.00445128 1.58717 1.84217 1.33217 0.605525 0.751086 0.459965 1.87281 0.254998 0.14556 0.0525922 0.0215005
0.00457727 1.57618 1.8305 1.32186 0.601842 0.747317 0.456366 1.84862 0.254321 0.145475 0.0525756 0.021248
0.00470682 1.56523 1.81886 1.3116 0.59818 0.74357 0.452791 1.82465 0.253631 0.145389 0.0525608 0.0209978
0.00484003 1.55434 1.80727 1.30141 0.59454 0.739842 0.449239 1.8009 0.25293 0.145302 0.0525477 0.0207497
0.00497702 1.54351 1.79572 1.29129 0.590922 0.736135 0.445709 1.77736 0.252216 0.145213 0.0525362 0.0205038
0.00511789 1.53272 1.78421 1.28123 0.587325 0.732447 0.442203 1.75404 0.25149 0.145122 0.0525261 0.0202601
0.00526274 1.52199 1.77274 1.27124 0.583749 0.728779 0.438719 1.73093 0.250751 0.14503 0.0525175 0.0200185
0.0054117 1.5113 1.7613 1.2613 0.580194 0.72513 0.435258 1.70803 0.249999 0.144936 0.05251 0.0197791
0.00556486 1.50067 1.7499 1.25144 0.57666 0.721501 0.43182 1.68534 0.249233 0.14484 0.0525038 0.0195418
0.00572237 1.49009 1.73854 1.24163 0.573147 0.717889 0.428404 1.66287 0.248454 0.144742 0.0524986 0.0193067
0.00588433 1.47955 1.72721 1.23189 0.569653 0.714295 0.425011 1.6406 0.24766 0.144642 0.0524943 0.0190737
0.00605088 1.46907 1.71592 1.22221 0.56618 0.710719 0.42164 1.61854 0.246853 0.14454 0.0524909 0.0188428
0.00622213 1.45863 1.70466 1.2126 0.562726 0.707161 0.418292 1.59669 0.246031 0.144435 0.0524881 0.0186139
0.00639824 1.44824 1.69344 1.20305 0.559293 0.70362 0.414965 1.57505 0.245194 0.144328 0.052486 0.0183872
0.00657933 1.4379 1.68224 1.19356 0.555878 0.700096 0.411661 1.55361 0.244342 0.144217 0.0524842 0.0181626
0.00676555 1.4276 1.67108 1.18413 0.552483 0.696587 0.408378 1.53237 0.243474 0.144105 0.0524828 0.01794
0.00695704 1.41735 1.65994 1.17476 0.549107 0.693096 0.405118 1.51134 0.242591 0.143989 0.0524816 0.0177195
0.00715394 1.40715 1.64884 1.16546 0.545749 0.689619 0.40188 1.4905 0.241692 0.14387 0.0524804 0.0175011
0.00735642 1.39699 1.63777 1.15621 0.54241 0.686158 0.398663 1.46987 0.240776 0.143747 0.0524791 0.0172847
0.00756463 1.38687 1.62672 1.14703 0.53909 0.682711 0.395468 1.44944 0.239843 0.143622 0.0524776 0.0170703
0.00777874 1.3768 1.6157 1.13791 0.535787 0.679279 0.392295 1.4292 0.238894 0.143492 0.0524757 0.0168579
0.0079989 1.36678 1.6047 1.12885 0.532502 0.675861 0.389143 1.40916 0.237927 0.143359 0.0524732 0.0166476
0.0082253 1.35679 1.59373 1.11985 0.529235 0.672457 0.386012 1.38932 0.236943 0.143222 0.0524701 0.0164393
0.0084581 1.34685 1.58279 1.11091 0.525985 0.669066 0.382903 1.36968 0.235941 0.143081 0.0524661 0.0162329
0.00869749 1.33695 1.57187 1.10203 0.522752 0.665688 0.379815 1.35023 0.234921 0.142936 0.052461 0.0160285
0.00894366 1.32709 1.56097 1.09321 0.519535 0.662322 0.376749 1.33097 0.233882 0.142787 0.0524548 0.0158262
0.00919679 1.31727 1.55009 1.08444 0.516336 0.658968 0.373703 1.3119 0.232824 0.142632 0.0524473 0.0156257
0.00945709 1.30749 1.53924 1.07574 0.513152 0.655626 0.370679 1.29303 0.231748 0.142473 0.0524382 0.0154272
0.00972476 1.29775 1.5284 1.0671 0.509985 0.652295 0.367676 1.27434 0.230652 0.14231 0.0524275 0.0152307
0.01 1.28805 1.51758 1.05851 0.506834 0.648974 0.364693 1.25585 0.229536 0.142141 0.0524148 0.0150361
0.010283 1.27839 1.50679 1.04999 0.503698 0.645664 0.361731 1.23754 0.228401 0.141966 0.0524001 0.0148433
0.0105741 1.26876 1.49601 1.04152 0.500577 0.642363 0.35879 1.21942 0.227245 0.141786 0.0523832 0.0146525
0.0108734 1.25918 1.48524 1.03311 0.497471 0.639072 0.35587 1.20149 0.226068 0.141601 0.0523638 0.0144636
0.0111811 1.24963 1.4745 1.02476 0.49438 0.63579 0.35297 1.18374 0.224871 0.14141 0.0523418 0.0142766
0.0114976 1.24012 1.46377 1.01646 0.491304 0.632516 0.350091 1.16618 0.223653 0.141212 0.052317 0.0140914
0.011823 1.23064 1.45305 1.00823 0.488241 0.62925 0.347233 1.1488 0.222413 0.141009 0.0522891 0.0139081
0.0121576 1.2212 1.44235 1.00005 0.485193 0.625991 0.344394 1.1316 0.221152 0.140798 0.0522581 0.0137267
0.0125017 1.21179 1.43166 0.991923 0.482158 0.622739 0.341576 1.11459 0.219869 0.140581 0.0522235 0.013547
0.0128556 1.20242 1.42099 0.983858 0.479136 0.619494 0.338778 1.09775 0.218564 0.140358 0.0521854 0.0133692
0.0132194 1.19308 1.41032 0.975849 0.476127 0.616254 0.336 1.0811 0.217236 0.140127 0.0521434 0.0131932
0.0135936 1.18378 1.39967 0.967896 0.473131 0.613019 0.333243 1.06462 0.215886 0.139888 0.0520973 0.013019
0.0139783 1.17451 1.38903 0.96 0.470148 0.60979 0.330505 1.04832 0.214513 0.139642 0.052047 0.0128466
0.0143739 1.16528 1.37839 0.952159 0.467176 0.606565 0.327787 1.0322 0.213117 0.139389 0.0519921 0.0126759
0.0147808 1.15607 1.36777 0.944375 0.464216 0.603343 0.32509 1.01626 0.211697 0.139127 0.0519326 0.012507
0.0151991 1.1469 1.35716 0.936646 0.461268 0.600125 0.322411 1.00049 0.210255 0.138857 0.051868 0.0123398
0.0156293 1.13776 1.34655 0.928972 0.458331 0.596909 0.319753 0.984894 0.208788 0.138578 0.0517983 0.0121744
0.0160717 1.12865 1.33595 0.921354 0.455405 0.593696 0.317114 0.969471 0.207298 0.138291 0.0517232 0.0120107
0.0165265 1.11957 1.32536 0.913791 0.452489 0.590483 0.314495 0.954221 0.205784 0.137994 0.0516425 0.0118487
0.0169943 1.11053 1.31477 0.906282 0.449583 0.587272 0.311895 0.939143 0.204245 0.137689 0.0515559 0.0116883
0.0174753 1.10151 1.30419 0.898828 0.446688 0.584061 0.309314 0.924235 0.202683 0.137373 0.0514633 0.0115297
0.0179699 1.09252 1.29362 0.891429 0.443801 0.58085 0.306753 0.909496 0.201096 0.137049 0.0513643 0.0113727
0.0184785 1.08357 1.28305 0.884084 0.440924 0.577638 0.304211 0.894926 0.199484 0.136713 0.0512587 0.0112173
0.0190015 1.07464 1.27249 0.876793 0.438056 0.574425 0.301688 0.880523 0.197848 0.136368 0.0511464 0.0110636
0.0195393 1.06574 1.26193 0.869555 0.435197 0.571209 0.299185 0.866288 0.196188 0.136012 0.051027 0.0109115
0.0200923 1.05687 1.25138 0.862371 0.432345 0.567991 0.2967 0.852218 0.194502 0.135646 0.0509004 0.010761
0.020661 1.04803 1.24083 0.855241 0.429502 0.56477 0.294234 0.838312 0.192792 0.135268 0.0507663 0.0106121
0.0212458 1.03922 1.23028 0.848164 0.426666 0.561544 0.291787 0.824571 0.191058 0.134879 0.0506245 0.0104648
0.0218471 1.03044 1.21974 0.841139 0.423837 0.558314 0.289359 0.810993 0.189298 0.134478 0.0504747 0.010319
0.0224655 1.02168 1.2092 0.834168 0.421014 0.555079 0.286949 0.797576 0.187514 0.134065 0.0503168 0.0101747
0.0231013 1.01295 1.19866 0.827249 0.418198 0.551838 0.284559 0.78432 0.185706 0.13364 0.0501504 0.010032
0.0237551 1.00426 1.18813 0.820383 0.415388 0.548591 0.282186 0.771225 0.183872 0.133202 0.0499755 0.00989082
0.0244275 0.995583 1.1776 0.813569 0.412584 0.545336 0.279832 0.758288 0.182015 0.132752 0.0497917 0.00975111
0.0251189 0.986939 1.16707 0.806807 0.409785 0.542073 0.277497 0.745509 0.180133 0.132288 0.0495988 0.00961288
0.0258298 0.978323 1.15655 0.800096 0.406991 0.538802 0.275179 0.732888 0.178227 0.131811 0.0493967 0.00947611
0.0265609 0.969734 1.14603 0.793437 0.404201 0.535522 0.27288 0.720422 0.176297 0.131321 0.0491851 0.0093408
0.0273126 0.961172 1.13552 0.786829 0.401415 0.532232 0.270599 0.708112 0.174343 0.130816 0.0489639 0.00920691
0.0280857 0.952639 1.125 0.780273 0.398633 0.528931 0.268336 0.695955 0.172366 0.130298 0.0487328 0.00907444
0.0288806 0.944133 1.1145 0.773768 0.395855 0.525619 0.26609 0.683952 0.170365 0.129764 0.0484916 0.00894337
0.029698 0.935654 1.104 0.767313 0.393079 0.522295 0.263863 0.672101 0.168342 0.129216 0.0482402 0.00881368
0.0305386 0.927204 1.0935 0.760909 0.390306 0.518958 0.261653 0.6604 0.166296 0.128653 0.0479783 0.00868535
0.0314029 0.918782 1.08301 0.754555 0.387535 0.515609 0.259461 0.648849 0.164227 0.128074 0.0477059 0.00855838
0.0322917 0.910388 1.07252 0.748251 0.384765 0.512244 0.257286 0.637447 0.162137 0.127479 0.0474228 0.00843274
0.0332057 0.902022 1.06205 0.741996 0.381997 0.508866 0.255128 0.626193 0.160026 0.126869 0.0471287 0.00830842
0.0341455 0.893685 1.05158 0.735792 0.37923 0.505471 0.252988 0.615086 0.157893 0.126242 0.0468237 0.00818539
0.0351119 0.885377 1.04112 0.729636 0.376463 0.502061 0.250864 0.604124 0.15574 0.125598 0.0465074 0.00806365
0.0361057 0.877097 1.03066 0.72353 0.373696 0.498634 0.248758 0.593306 0.153568 0.124938 0.0461799 0.00794317
0.0371276 0.868848 1.02022 0.717472 0.370929 0.495189 0.246669 0.582632 0.151376 0.12426 0.0458411 0.00782395
0.0381784 0.860628 1.00979 0.711463 0.368161 0.491726 0.244596 0.572101 0.149165 0.123565 0.0454907 0.00770595
0.039259 0.852438 0.999374 0.705502 0.365391 0.488243 0.242539 0.56171 0.146936 0.122852 0.0451289 0.00758917
0.0403702 0.844279 0.988969 0.699589 0.36262 0.484741 0.240499 0.551459 0.14469 0.122121 0.0447554 0.00747359
0.0415128 0.836151 0.978578 0.693724 0.359847 0.481219 0.238476 0.541347 0.142427 0.121371 0.0443702 0.00735918
0.0426877 0.828054 0.968203 0.687906 0.357072 0.477675 0.236468 0.531372 0.140149 0.120603 0.0439734 0.00724594
0.0438959 0.81999 0.957844 0.682135 0.354293 0.47411 0.234477 0.521534 0.137855 0.119817 0.0435648 0.00713385
0.0451383 0.811957 0.947504 0.67641 0.351511 0.470522 0.2325 0.511832 0.135547 0.119011 0.0431446 0.00702289
0.0464159 0.803958 0.937184 0.670732 0.348725 0.466911 0.23054 0.502263 0.133226 0.118185 0.0427126 0.00691304
0.0477296 0.795992 0.926884 0.6651 0.345935 0.463275 0.228595 0.492827 0.130892 0.11734 0.042269 0.00680429
0.0490805 0.788061 0.916608 0.659514 0.34314 0.459616 0.226665 0.483522 0.128547 0.116476 0.0418138 0.00669662
0.0504697 0.780164 0.906355 0.653973 0.34034 0.455931 0.22475 0.474348 0.126191 0.115591 0.041347 0.00659002
0.0518981 0.772303 0.896128 0.648477 0.337535 0.45222 0.222849 0.465303 0.123826 0.114685 0.0408688 0.00648446
0.053367 0.764477 0.88593 0.643025 0.334723 0.448483 0.220963 0.456385 0.121452 0.11376 0.0403792 0.00637993
0.0548775 0.756688 0.87576 0.637617 0.331905 0.444718 0.219091 0.447594 0.119071 0.112813 0.0398784 0.00627641
0.0564307 0.748937 0.865621 0.632253 0.329079 0.440925 0.217233 0.438928 0.116684 0.111846 0.0393666 0.0061739
0.0580278 0.741224 0.855516 0.626932 0.326247 0.437105 0.215389 0.430386 0.114292 0.110858 0.0388439 0.00607237
0.0596702 0.733549 0.845446 0.621653 0.323406 0.433255 0.213558 0.421966 0.111896 0.109848 0.0383105 0.00597181
0.0613591 0.725914 0.835412 0.616417 0.320557 0.429375 0.21174 0.413668 0.109498 0.108817 0.0377667 0.0058722
0.0630957 0.718319 0.825417 0.611221 0.3177 0.425465 0.209935 0.405489 0.107098 0.107765 0.0372127 0.00577353
0.0648815 0.710765 0.815463 0.606067 0.314833 0.421524 0.208142 0.397429 0.104698 0.106691 0.0366487 0.00567578
0.0667179 0.703253 0.805552 0.600954 0.311956 0.417552 0.206361 0.389486 0.102299 0.105596 0.036075 0.00557895
0.0686062 0.695783 0.795686 0.595879 0.30907 0.413548 0.204591 0.381658 0.0999034 0.104479 0.035492 0.00548301
0.070548 0.688355 0.785867 0.590844 0.306172 0.409512 0.202833 0.373945 0.0975114 0.10334 0.0349 0.00538795
0.0725448 0.680972 0.776097 0.585847 0.303264 0.405443 0.201085 0.366345 0.0951247 0.102179 0.0342993 0.00529375
0.074598 0.673632 0.766377 0.580888 0.300344 0.401341 0.199347 0.358856 0.0927447 0.100997 0.0336904 0.00520042
0.0767094 0.666338 0.756711 0.575965 0.297412 0.397204 0.197619 0.351478 0.0903728 0.0997924 0.0330735 0.00510793
0.0788805 0.659089 0.747099 0.571078 0.294467 0.393034 0.195901 0.344208 0.0880106 0.0985665 0.0324493 0.00501627
0.0811131 0.651885 0.737545 0.566226 0.29151 0.388829 0.194191 0.337045 0.0856593 0.097319 0.031818 0.00492543
0.0834088 0.644729 0.728049 0.561408 0.288539 0.384589 0.192489 0.329989 0.0833205 0.09605 0.0311802 0.0048354
0.0857696 0.637619 0.718615 0.556623 0.285554 0.380313 0.190794 0.323037 0.0809956 0.0947596 0.0305363 0.00474617
0.0881971 0.630556 0.709242 0.55187 0.282554 0.376002 0.189106 0.316188 0.078686 0.0934481 0.0298869 0.00465773
0.0906934 0.623541 0.699935 0.547148 0.279539 0.371655 0.187424 0.30944 0.0763933 0.0921155 0.0292326 0.00457008
0.0932603 0.616574 0.690693 0.542456 0.276509 0.367271 0.185747 0.302793 0.0741187 0.0907622 0.0285737 0.00448319
0.0958999 0.609655 0.681519 0.537791 0.273463 0.362852 0.184075 0.296245 0.0718639 0.0893885 0.027911 0.00439707
0.0986142 0.602784 0.672415 0.533154 0.2704 0.358395 0.182406 0.289795 0.0696302 0.0879945 0.027245 0.00431171
0.101405 0.595961 0.66338 0.528542 0.26732 0.353901 0.18074 0.28344 0.0674191 0.0865807 0.0265763 0.0042271
0.104275 0.589186 0.654418 0.523955 0.264222 0.34937 0.179075 0.277181 0.0652318 0.0851475 0.0259055 0.00414324
0.107227 0.582459 0.645529 0.519389 0.261106 0.344802 0.177411 0.271014 0.0630698 0.0836953 0.0252332 0.00406012
0.110262 0.575779 0.636714 0.514845 0.257971 0.340196 0.175747 0.26494 0.0609345 0.0822246 0.0245601 0.00397774
0.113382 0.569146 0.627973 0.510319 0.254817 0.335553 0.174081 0.258957 0.0588272 0.0807358 0.0238869 0.00389609
0.116591 0.562559 0.619308 0.505809 0.251642 0.330871 0.172412 0.253063 0.0567491 0.0792296 0.0232141 0.00381517
0.119891 0.556017 0.610718 0.501315 0.248446 0.326153 0.17074 0.247257 0.0547015 0.0777065 0.0225425 0.00373498
0.123285 0.549519 0.602205 0.496833 0.245229 0.321396 0.169061 0.241539 0.0526857 0.0761672 0.0218727 0.00365552
0.126774 0.543064 0.593767 0.492361 0.241989 0.316601 0.167376 0.235906 0.0507028 0.0746124 0.0212053 0.00357679
0.130362 0.536651 0.585405 0.487897 0.238726 0.311769 0.165683 0.230357 0.0487539 0.0730429 0.0205412 0.00349879
0.134052 0.530278 0.577118 0.483437 0.235439 0.306898 0.163979 0.224892 0.0468402 0.0714595 0.0198809 0.00342152
0.137846 0.523943 0.568905 0.47898 0.232127 0.30199 0.162264 0.219509 0.0449626 0.0698629 0.019225 0.00334499
0.141747 0.517644 0.560766 0.474522 0.228789 0.297043 0.160535 0.214208 0.0431221 0.0682541 0.0185744 0.00326919
0.145759 0.511378 0.552698 0.470059 0.225425 0.292059 0.158791 0.208986 0.0413197 0.0666342 0.0179296 0.00319414
0.149885 0.505144 0.5447 0.465588 0.222032 0.287036 0.157028 0.203843 0.0395562 0.065004 0.0172912 0.00311983
0.154127 0.498938 0.536771 0.461106 0.218611 0.281976 0.155247 0.198778 0.0378325 0.0633646 0.01666 0.00304627
0.158489 0.492757 0.528906 0.456608 0.21516 0.276878 0.153443 0.19379 0.0361491 0.0617172 0.0160365 0.00297346
0.162975 0.486597 0.521104 0.45209 0.211678 0.271741 0.151615 0.188878 0.0345069 0.0600629 0.0154214 0.00290142
0.167588 0.480454 0.51336 0.447548 0.208164 0.266567 0.149761 0.184042 0.0329064 0.0584029 0.0148152 0.00283015
0.172331 0.474324 0.505673 0.442976 0.204616 0.261354 0.147877 0.17928 0.0313482 0.0567386 0.0142186 0.00275965
0.177209 0.468203 0.498035 0.43837 0.201032 0.256104 0.145961 0.174591 0.0298327 0.0550711 0.013632 0.00268994
0.182224 0.462084 0.490444 0.433724 0.197413 0.250815 0.144011 0.169974 0.0283602 0.053402 0.013056 0.00262102
0.187382 0.455963 0.482894 0.429032 0.193755 0.245488 0.142022 0.16543 0.0269312 0.0517326 0.0124911 0.00255289
0.192685 0.449834 0.475379 0.424288 0.190058 0.240122 0.139993 0.160957 0.0255458 0.0500644 0.0119377 0.00248558
0.198139 0.443689 0.467893 0.419485 0.186319 0.234718 0.13792 0.156554 0.0242042 0.0483989 0.0113964 0.00241908
0.203747 0.437522 0.460428 0.414615 0.182538 0.229276 0.1358 0.152221 0.0229065 0.0467377 0.0108676 0.00235339
0.209514 0.431325 0.452978 0.409672 0.178712 0.223794 0.13363 0.147957 0.0216527 0.0450823 0.0103515 0.00228854
0.215443 0.425089 0.445532 0.404647 0.174839 0.218274 0.131405 0.143762 0.0204428 0.0434344 0.00984862 0.00222451
0.221541 0.418807 0.438083 0.39953 0.170919 0.212715 0.129123 0.139634 0.0192766 0.0417956 0.00935921 0.00216133
0.227812 0.412468 0.430621 0.394314 0.166949 0.207116 0.126781 0.135573 0.0181539 0.0401677 0.00888357 0.00209898
0.234259 0.406061 0.423135 0.388987 0.162926 0.201479 0.124374 0.131579 0.0170744 0.0385523 0.00842193 0.00203747
0.24089 0.399575 0.415613 0.383538 0.15885 0.195802 0.121899 0.12765 0.0160378 0.0369513 0.0079745 0.00197681
0.247708 0.392999 0.408043 0.377956 0.154719 0.190086 0.119353 0.123786 0.0150436 0.0353663 0.00754144 0.00191698
0.254719 0.386319 0.40041 0.372227 0.150531 0.18433 0.116732 0.119987 0.0140915 0.0337992 0.00712288 0.00185798
0.261928 0.379519 0.392699 0.366338 0.146284 0.178536 0.114032 0.116251 0.0131807 0.0322517 0.00671891 0.00179981
0.269341 0.372582 0.384893 0.360271 0.141977 0.172702 0.111251 0.112577 0.0123109 0.0307256 0.00632956 0.00174244
0.276965 0.365488 0.376969 0.354007 0.137607 0.16683 0.108384 0.108966 0.0114811 0.0292227 0.00595485 0.00168586
0.284804 0.35821 0.368901 0.347519 0.133172 0.160917 0.105427 0.105415 0.0106909 0.0277448 0.00559474 0.00163002
0.292864 0.350707 0.360646 0.340768 0.128669 0.154962 0.102375 0.101924 0.00993925 0.0262937 0.00524914 0.00157489
0.301153 0.342891 0.352116 0.333665 0.124084 0.148955 0.0992129 0.0984937 0.0092255 0.0248712 0.00491792 0.00152037
0.309677 0.334357 0.342906 0.325808 0.119349 0.142829 0.0958704 0.095124 0.0085488 0.0234791 0.00460083 0.00146623
0.318442 0.325934 0.334236 0.317633 0.115999 0.138959 0.093039 0.0938675 0.00830172 0.0229599 0.00448381 0.00144503
0.321833 0.323073 0.331135 0.315011 0.114294 0.136745 0.0918437 0.0926316 0.00806224 0.0224508 0.00436997 0.00142413
0.325224 0.320215 0.328045 0.312384 0.112601 0.134553 0.0906497 0.0914155 0.00783009 0.0219515 0.00425923 0.00140352
0.328614 0.317359 0.324964 0.309754 0.110919 0.13238 0.0894567 0.0902188 0.00760504 0.0214618 0.00415148 0.00138318
0.332005 0.314504 0.321891 0.307117 0.109247 0.130228 0.088265 0.0890408 0.00738683 0.0209817 0.00404663 0.00136312
0.335396 0.311652 0.318827 0.304476 0.107586 0.128097 0.0870748 0.087881 0.00717523 0.0205109 0.00394461 0.00134333
0.338787 0.3088 0.31577 0.30183 0.105935 0.125985 0.0858861 0.0867388 0.00697003 0.0200493 0.00384531 0.00132379
0.342178 0.305948 0.312719 0.299177 0.104296 0.123893 0.0846993 0.0856137 0.006771 0.0195967 0.00374865 0.0013045
0.345569 0.303097 0.309675 0.296519 0.102667 0.12182 0.0835143 0.0845052 0.00657794 0.0191529 0.00365457 0.00128545
0.348959 0.300246 0.306636 0.293855 0.101049 0.119767 0.0823314 0.0834128 0.00639065 0.0187178 0.00356297 0.00126664
0.35235 0.297394 0.303603 0.291185 0.0994422 0.117734 0.0811509 0.0823361 0.00620894 0.0182913 0.00347379 0.00124807
0.355741 0.294541 0.300573 0.288508 0.097846 0.115719 0.0799727 0.0812745 0.00603262 0.0178732 0.00338695 0.00122972
0.359132 0.291687 0.297548 0.285825 0.0962606 0.113724 0.0787973 0.0802276 0.00586152 0.0174633 0.00330238 0.00121159
0.362523 0.288831 0.294527 0.283136 0.0946863 0.111748 0.0776248 0.0791951 0.00569545 0.0170615 0.00322002 0.00119367
0.365914 0.285974 0.291509 0.28044 0.0931229 0.109791 0.0764552 0.0781764 0.00553427 0.0166677 0.00313979 0.00117597
0.369305 0.283115 0.288493 0.277737 0.0915707 0.107852 0.075289 0.0771711 0.00537781 0.0162817 0.00306164 0.00115847
0.372695 0.280254 0.28548 0.275028 0.0900296 0.105933 0.0741263 0.076179 0.00522591 0.0159034 0.00298549 0.00114117
0.376086 0.277391 0.28247 0.272313 0.0884998 0.104032 0.0729672 0.0751995 0.00507843 0.0155326 0.00291131 0.00112407
0.379477 0.274526 0.279461 0.269591 0.0869811 0.10215 0.0718119 0.0742323 0.00493523 0.0151692 0.00283902 0.00110716
0.382868 0.271658 0.276455 0.266862 0.085474 0.100287 0.0706608 0.0732772 0.00479616 0.0148131 0.00276856 0.00109043
0.386259 0.268788 0.273449 0.264127 0.0839783 0.0984424 0.0695141 0.0723336 0.0046611 0.0144641 0.0026999 0.00107389
0.38965 0.265916 0.270446 0.261386 0.0824941 0.0966162 0.0683719 0.0714013 0.00452992 0.0141222 0.00263297 0.00105753
0.39304 0.26304 0.267443 0.258638 0.0810216 0.0948087 0.0672344 0.07048 0.0044025 0.0137871 0.00256772 0.00104134
0.396431 0.260163 0.264441 0.255884 0.0795608 0.0930197 0.066102 0.0695694 0.00427871 0.0134589 0.0025041 0.00102532
0.399822 0.257282 0.261441 0.253124 0.078112 0.0912492 0.0649748 0.0686691 0.00415845 0.0131372 0.00244208 0.00100948
0.403213 0.2544 0.258441 0.250358 0.0766752 0.0894973 0.063853 0.0677789 0.00404159 0.0128221 0.00238159 0.000993797
0.406604 0.251515 0.255443 0.247586 0.0752504 0.0877638 0.062737 0.0668985 0.00392804 0.0125134 0.00232261 0.000978278
0.409995 0.248627 0.252445 0.244809 0.0738378 0.0860488 0.0616268 0.0660275 0.0038177 0.012211 0.00226508 0.000962919
0.413385 0.245737 0.249448 0.242027 0.0724376 0.0843524 0.0605228 0.0651659 0.00371045 0.0119148 0.00220896 0.000947717
0.416776 0.242845 0.246451 0.239239 0.0710498 0.0826744 0.0594251 0.0643132 0.00360621 0.0116247 0.00215421 0.000932668
0.420167 0.239951 0.243456 0.236446 0.0696745 0.081015 0.058334 0.0634692 0.00350489 0.0113405 0.0021008 0.000917772
0.423558 0.237055 0.240462 0.233649 0.0683119 0.0793741 0.0572497 0.0626338 0.00340639 0.0110622 0.00204869 0.000903024
0.426949 0.234158 0.237469 0.230847 0.066962 0.0777517 0.0561724 0.0618066 0.00331063 0.0107896 0.00199784 0.000888424
0.43034 0.231259 0.234476 0.228041 0.0656251 0.0761478 0.0551024 0.0609875 0.00321752 0.0105227 0.00194821 0.000873968
0.43373 0.228359 0.231486 0.225232 0.0643012 0.0745625 0.0540399 0.0601763 0.00312699 0.0102613 0.00189978 0.000859655
0.437121 0.225457 0.228496 0.222418 0.0629904 0.0729958 0.052985 0.0593727 0.00303896 0.0100054 0.0018525 0.000845484
0.440512 0.222555 0.225508 0.219602 0.0616929 0.0714477 0.051938 0.0585765 0.00295334 0.00975481 0.00180635 0.000831451
0.443903 0.219653 0.222523 0.216782 0.0604087 0.0699182 0.0508992 0.0577877 0.00287008 0.00950948 0.0017613 0.000817556
0.447294 0.21675 0.219539 0.213961 0.059138 0.0684073 0.0498687 0.0570059 0.00278909 0.0092693 0.00171732 0.000803796
0.450685 0.213847 0.216557 0.211137 0.0578809 0.066915 0.0488467 0.056231 0.00271032 0.00903418 0.00167437 0.000790172
0.454075 0.210945 0.213578 0.208311 0.0566374 0.0654415 0.0478334 0.0554629 0.00263369 0.00880403 0.00163243 0.00077668
0.457466 0.208043 0.210602 0.205484 0.0554078 0.0639866 0.046829 0.0547014 0.00255915 0.00857876 0.00159148 0.00076332
0.460857 0.205142 0.207629 0.202656 0.0541921 0.0625504 0.0458338 0.0539463 0.00248662 0.00835828 0.00155148 0.00075009
0.464248 0.202243 0.204659 0.199827 0.0529904 0.0611329 0.0448479 0.0531975 0.00241606 0.0081425 0.00151241 0.00073699
0.467639 0.199346 0.201693 0.196999 0.0518028 0.0597342 0.0438715 0.0524549 0.00234741 0.00793133 0.00147425 0.000724018
0.47103 0.196451 0.198731 0.19417 0.0506295 0.0583542 0.0429048 0.0517183 0.0022806 0.0077247 0.00143697 0.000711174
0.47442 0.193559 0.195774 0.191343 0.0494704 0.0569929 0.0419479 0.0509876 0.00221559 0.00752252 0.00140056 0.000698456
0.477811 0.190669 0.192821 0.188517 0.0483257 0.0556504 0.041001 0.0502627 0.00215232 0.0073247 0.00136498 0.000685864
0.481202 0.187783 0.189874 0.185692 0.0471955 0.0543267 0.0400644 0.0495434 0.00209075 0.00713118 0.00133022 0.000673396
0.484593 0.184901 0.186932 0.18287 0.0460799 0.0530218 0.0391381 0.0488298 0.00203083 0.00694186 0.00129625 0.000661053
0.487984 0.182024 0.183996 0.180051 0.044979 0.0517356 0.0382223 0.0481216 0.0019725 0.00675667 0.00126306 0.000648834
0.491375 0.179151 0.181067 0.177236 0.0438927 0.0504683 0.0373172 0.0474188 0.00191573 0.00657554 0.00123062 0.000636738
0.494765 0.176284 0.178145 0.174424 0.0428213 0.0492197 0.0364229 0.0467212 0.00186047 0.00639839 0.00119893 0.000624764
0.498156 0.173423 0.17523 0.171616 0.0417647 0.0479898 0.0355395 0.0460289 0.00180668 0.00622514 0.00116795 0.000612913
0.501547 0.170568 0.172322 0.168814 0.040723 0.0467787 0.0346673 0.0453417 0.00175431 0.00605573 0.00113767 0.000601183
0.504938 0.16772 0.169423 0.166017 0.0396963 0.0455864 0.0338062 0.0446595 0.00170334 0.00589009 0.00110808 0.000589575
0.508329 0.16488 0.166533 0.163226 0.0386847 0.0444128 0.0329565 0.0439824 0.00165371 0.00572813 0.00107916 0.000578087
0.51172 0.162047 0.163653 0.160442 0.0376881 0.0432579 0.0321183 0.0433101 0.00160539 0.00556981 0.00105088 0.000566721
0.51511 0.159224 0.160782 0.157665 0.0367066 0.0421217 0.0312916 0.0426428 0.00155835 0.00541504 0.00102324 0.000555475
0.518501 0.156409 0.157922 0.154896 0.0357403 0.0410041 0.0304766 0.0419802 0.00151255 0.00526377 0.000996228 0.00054435
0.521892 0.153604 0.155072 0.152136 0.0347892 0.0399051 0.0296733 0.0413224 0.00146796 0.00511592 0.000969818 0.000533345
0.525283 0.15081 0.152234 0.149385 0.0338533 0.0388247 0.0288819 0.0406694 0.00142455 0.00497144 0.000944 0.00052246
0.528674 0.148026 0.149408 0.146644 0.0329326 0.0377629 0.0281024 0.040021 0.00138228 0.00483025 0.000918761 0.000511695
0.532065 0.145254 0.146595 0.143913 0.0320272 0.0367195 0.0273349 0.0393773 0.00134112 0.00469231 0.000894086 0.00050105
0.535455 0.142494 0.143795 0.141193 0.031137 0.0356946 0.0265795 0.0387382 0.00130104 0.00455754 0.000869964 0.000490526
0.538846 0.139747 0.141009 0.138485 0.0302621 0.034688 0.0258362 0.0381037 0.00126202 0.00442589 0.000846382 0.000480121
0.542237 0.137013 0.138237 0.135789 0.0294024 0.0336997 0.0251051 0.0374738 0.00122402 0.0042973 0.000823328 0.000469836
0.545628 0.134293 0.13548 0.133106 0.028558 0.0327297 0.0243863 0.0368484 0.00118703 0.00417172 0.000800789 0.000459672
0.549019 0.131588 0.132739 0.130437 0.0277288 0.0317779 0.0236797 0.0362276 0.001151 0.00404907 0.000778756 0.000449627
0.55241 0.128898 0.130014 0.127782 0.0269148 0.0308442 0.0229855 0.0356113 0.00111593 0.00392932 0.000757215 0.000439703
0.5558 0.126224 0.127305 0.125142 0.026116 0.0299284 0.0223036 0.0349996 0.00108178 0.00381241 0.000736158 0.000429898
0.559191 0.123566 0.124615 0.122518 0.0253324 0.0290306 0.0216341 0.0343924 0.00104852 0.00369827 0.000715573 0.000420215
0.562582 0.120926 0.121942 0.11991 0.0245638 0.0281507 0.0209769 0.0337897 0.00101615 0.00358686 0.000695451 0.000410651
0.565973 0.118303 0.119288 0.117318 0.0238103 0.0272884 0.0203322 0.0331915 0.000984628 0.00347813 0.000675782 0.000401208
0.569364 0.115699 0.116653 0.114745 0.0230718 0.0264439 0.0196998 0.0325979 0.000953939 0.00337202 0.000656556 0.000391886
0.572755 0.113114 0.114038 0.11219 0.0223483 0.0256168 0.0190798 0.0320088 0.000924062 0.00326849 0.000637763 0.000382684
0.576146 0.110548 0.111443 0.109653 0.0216397 0.0248072 0.0184722 0.0314243 0.000894976 0.00316748 0.000619396 0.000373603
0.579536 0.108003 0.10887 0.107137 0.0209459 0.0240148 0.0178769 0.0308443 0.00086666 0.00306895 0.000601445 0.000364643
0.582927 0.105479 0.106319 0.10464 0.0202668 0.0232397 0.017294 0.0302689 0.000839097 0.00297285 0.000583902 0.000355804
0.586318 0.102977 0.103789 0.102165 0.0196024 0.0224816 0.0167233 0.0296981 0.000812266 0.00287913 0.000566759 0.000347086
0.589709 0.100497 0.101283 0.0997107 0.0189526 0.0217403 0.0161649 0.029132 0.000786151 0.00278775 0.000550008 0.000338489
0.5931 0.0980395 0.0988003 0.0972788 0.0183173 0.0210159 0.0156186 0.0285705 0.000760732 0.00269865 0.00053364 0.000330013
0.596491 0.0956058 0.0963418 0.0948698 0.0176963 0.0203081 0.0150845 0.0280137 0.000735994 0.0026118 0.000517649 0.000321659
0.599881 0.0931962 0.0939081 0.0924843 0.0170897 0.0196169 0.0145625 0.0274615 0.00071192 0.00252716 0.000502027 0.000313426
0.603272 0.0908113 0.0914997 0.0901228 0.0164972 0.0189419 0.0140526 0.0269141 0.000688493 0.00244467 0.000486767 0.000305314
0.606663 0.0884516 0.0891173 0.0877859 0.0159188 0.0182831 0.0135545 0.0263715 0.000665698 0.0023643 0.000471862 0.000297324
0.610054 0.0861179 0.0867614 0.0854744 0.0153544 0.0176404 0.0130684 0.0258337 0.00064352 0.002286 0.000457305 0.000289455
0.613445 0.0838106 0.0844326 0.0831887 0.0148038 0.0170135 0.012594 0.0253007 0.000621943 0.00220973 0.00044309 0.000281708
0.616836 0.0815304 0.0821314 0.0809295 0.0142668 0.0164023 0.0121314 0.0247725 0.000600953 0.00213546 0.00042921 0.000274082
0.620226 0.0792778 0.0798583 0.0786973 0.0137435 0.0158066 0.0116803 0.0242493 0.000580537 0.00206314 0.000415658 0.000266577
0.623617 0.0770534 0.077614 0.0764927 0.0132335 0.0152263 0.0112408 0.023731 0.00056068 0.00199274 0.00040243 0.000259193
0.627008 0.0748575 0.0753989 0.0743162 0.0127369 0.0146611 0.0108127 0.0232177 0.00054137 0.00192421 0.000389518 0.000251931
0.630399 0.072691 0.0732135 0.0721684 0.0122533 0.0141109 0.0103958 0.0227094 0.000522593 0.00185752 0.000376916 0.000244789
0.63379 0.0705541 0.0710584 0.0700498 0.0117828 0.0135754 0.00999017 0.0222062 0.000504337 0.00179263 0.00036462 0.000237769
0.637181 0.0684474 0.068934 0.0679608 0.0113251 0.0130546 0.00959559 0.021708 0.000486589 0.0017295 0.000352624 0.000230869
0.640571 0.0663714 0.0668407 0.065902 0.01088 0.0125481 0.00921195 0.021215 0.000469338 0.0016681 0.000340921 0.00022409
0.643962 0.0643265 0.0647791 0.063874 0.0104475 0.0120559 0.00883911 0.0207272 0.000452573 0.0016084 0.000329507 0.000217431
0.647353 0.0623133 0.0627496 0.061877 0.0100273 0.0115777 0.00847696 0.0202446 0.000436281 0.00155035 0.000318377 0.000210892
0.650744 0.0603319 0.0607524 0.0599115 0.00961928 0.0111132 0.00812535 0.0197673 0.000420452 0.00149392 0.000307525 0.000204473
0.654135 0.058383 0.058788 0.0579779 0.00922323 0.0106623 0.00778414 0.0192953 0.000405075 0.00143909 0.000296947 0.000198174
0.657526 0.0564668 0.056857 0.0560767 0.00883901 0.0102248 0.0074532 0.0188287 0.00039014 0.00138581 0.000286637 0.000191993
0.660916 0.0545839 0.0549595 0.0542082 0.00846643 0.00980049 0.00713237 0.0183674 0.000375635 0.00133406 0.000276591 0.000185932
0.664307 0.0527344 0.053096 0.0523728 0.0081053 0.00938909 0.0068215 0.0179116 0.000361553 0.0012838 0.000266803 0.000179989
0.667698 0.0509186 0.0512665 0.0505707 0.00775544 0.00899043 0.00652044 0.0174612 0.000347881 0.001235 0.00025727 0.000174164
0.671089 0.049137 0.0494716 0.0488024 0.00741665 0.00860428 0.00622903 0.0170164 0.000334612 0.00118763 0.000247987 0.000168456
0.67448 0.0473898 0.0477116 0.0470681 0.00708877 0.00823042 0.00594711 0.0165772 0.000321736 0.00114165 0.000238949 0.000162866
0.677871 0.0456772 0.0459865 0.045368 0.00677158 0.00786863 0.00567452 0.0161435 0.000309244 0.00109705 0.000230152 0.000157392
0.681261 0.0439994 0.0442965 0.0437023 0.00646489 0.00751867 0.0054111 0.0157155 0.000297126 0.00105379 0.000221592 0.000152034
0.684652 0.0423567 0.0426421 0.0420713 0.00616851 0.00718034 0.00515668 0.0152932 0.000285375 0.00101183 0.000213264 0.000146791
0.688043 0.0407493 0.0410233 0.0404754 0.00588225 0.00685341 0.00491109 0.0148766 0.000273982 0.000971161 0.000205164 0.000141664
0.691434 0.0391772 0.0394402 0.0389143 0.0056059 0.00653764 0.00467416 0.0144658 0.000262938 0.000931741 0.000197288 0.00013665
0.694825 0.0376407 0.0378929 0.0373885 0.00533926 0.00623281 0.00444571 0.0140608 0.000252236 0.000893548 0.000189632 0.00013175
0.698216 0.0361398 0.0363816 0.0358979 0.00508213 0.00593869 0.00422558 0.0136616 0.000241867 0.000856552 0.000182192 0.000126963
0.701606 0.0346746 0.0349064 0.0344427 0.00483432 0.00565504 0.00401359 0.0132682 0.000231824 0.000820728 0.000174964 0.000122288
0.704997 0.0332451 0.0334672 0.033023 0.00459561 0.00538166 0.00380956 0.0128808 0.0002221 0.000786048 0.000167945 0.000117724
0.708388 0.0318514 0.0320641 0.0316387 0.00436581 0.00511829 0.00361332 0.0124992 0.000212686 0.000752488 0.000161129 0.000113271
0.711779 0.0304934 0.030697 0.0302898 0.00414471 0.00486473 0.00342469 0.0121237 0.000203576 0.00072002 0.000154514 0.000108927
0.71517 0.0291712 0.0293659 0.0289764 0.00393211 0.00462073 0.00324349 0.0117541 0.000194763 0.00068862 0.000148096 0.000104692
0.718561 0.0278846 0.0280708 0.0276983 0.0037278 0.00438606 0.00306954 0.0113906 0.000186238 0.000658264 0.000141872 0.000100565
0.721951 0.0266335 0.0268115 0.0264555 0.00353159 0.00416051 0.00290266 0.011033 0.000177997 0.000628926 0.000135836 9.65444e-05
0.725342 0.025418 0.025588 0.0252479 0.00334326 0.00394385 0.00274268 0.0106816 0.000170032 0.000600583 0.000129987 9.26299e-05
0.728733 0.0242377 0.0244 0.0240753 0.00316263 0.00373584 0.00258942 0.0103362 0.000162335 0.000573211 0.00012432 8.88204e-05
0.732124 0.0230925 0.0232474 0.0229376 0.00298948 0.00353626 0.00244269 0.00999695 0.000154902 0.000546786 0.000118831 8.51147e-05
0.735515 0.0219823 0.02213 0.0218346 0.00282362 0.0033449 0.00230233 0.00966381 0.000147726 0.000521286 0.000113518 8.15118e-05
0.738906 0.0209067 0.0210475 0.0207659 0.00266484 0.00316153 0.00216815 0.0093368 0.0001408 0.000496688 0.000108377 7.80106e-05
0.742296 0.0198656 0.0199997 0.0197315 0.00251295 0.00298592 0.00203998 0.00901595 0.000134118 0.000472971 0.000103404 7.46101e-05
0.745687 0.0188586 0.0189863 0.018731 0.00236776 0.00281787 0.00191765 0.00870126 0.000127674 0.000450111 9.85964e-05 7.13089e-05
0.749078 0.0178855 0.018007 0.017764 0.00222906 0.00265715 0.00180097 0.00839274 0.000121463 0.000428088 9.39504e-05 6.8106e-05
0.752469 0.0169459 0.0170613 0.0168304 0.00209666 0.00250355 0.00168978 0.0080904 0.000115479 0.00040688 8.94627e-05 6.50001e-05
0.75586 0.0160394 0.0161491 0.0159296 0.00197038 0.00235685 0.00158391 0.00779425 0.000109716 0.000386467 8.51301e-05 6.199e-05
0.759251 0.0151656 0.0152698 0.0150614 0.00185001 0.00221684 0.00148319 0.00750429 0.000104168 0.000366828 8.09494e-05 5.90745e-05
0.762641 0.0143242 0.014423 0.0142253 0.00173538 0.00208333 0.00138744 0.00722052 9.88301e-05 0.000347943 7.69173e-05 5.62522e-05
0.766032 0.0135146 0.0136083 0.0134209 0.0016263 0.00195609 0.00129651 0.00694294 9.36967e-05 0.000329792 7.30305e-05 5.35218e-05
0.769423 0.0127365 0.0128253 0.0126478 0.00152258 0.00183493 0.00121022 0.00667154 8.87627e-05 0.000312356 6.92859e-05 5.0882e-05
0.772814 0.0119894 0.0120734 0.0119054 0.00142404 0.00171965 0.00112842 0.00640633 8.40227e-05 0.000295615 6.56804e-05 4.83314e-05
0.776205 0.0112727 0.0113521 0.0111932 0.0013305 0.00161005 0.00105095 0.00614728 7.94717e-05 0.00027955 6.22108e-05 4.58686e-05
0.779596 0.0105859 0.010661 0.0105108 0.00124179 0.00150593 0.000977645 0.00589439 7.51046e-05 0.000264143 5.88741e-05 4.34923e-05
0.782986 0.00992844 0.00999935 0.00985752 0.00115773 0.00140711 0.000908354 0.00564764 7.09164e-05 0.000249376 5.56671e-05 4.12009e-05
0.786377 0.0092998 0.0093667 0.00923289 0.00107815 0.00131338 0.000842924 0.00540702 6.69024e-05 0.00023523 5.25867e-05 3.8993e-05
0.789768 0.00869936 0.00876242 0.00863631 0.00100289 0.00122458 0.000781205 0.00517251 6.30576e-05 0.000221688 4.96301e-05 3.68672e-05
0.793159 0.00812654 0.00818591 0.00806716 0.000931781 0.00114051 0.000723049 0.00494409 5.93774e-05 0.000208732 4.67941e-05 3.48219e-05
0.79655 0.0075807 0.00763656 0.00752485 0.000864657 0.001061 0.000668312 0.00472173 5.5857e-05 0.000196345 4.40758e-05 3.28556e-05
0.799941 0.00706122 0.00711371 0.00700873 0.000801361 0.000985872 0.00061685 0.0045054 5.24921e-05 0.000184511 4.14722e-05 3.09669e-05
0.803332 0.00656744 0.00661672 0.00651816 0.000741739 0.000914952 0.000568526 0.00429508 4.92779e-05 0.000173213 3.89805e-05 2.91542e-05
0.806722 0.0060987 0.00614491 0.00605249 0.000685637 0.000848071 0.000523203 0.00409074 4.62102e-05 0.000162434 3.65976e-05 2.74158e-05
0.810113 0.00565432 0.0056976 0.00561103 0.000632906 0.000785065 0.000480748 0.00389234 4.32845e-05 0.000152159 3.43207e-05 2.57503e-05
0.813504 0.00523362 0.00527412 0.00519312 0.000583401 0.000725772 0.00044103 0.00369984 4.04965e-05 0.000142371 3.2147e-05 2.4156e-05
0.816895 0.00483591 0.00487375 0.00479807 0.000536979 0.000670035 0.000403923 0.0035132 3.7842e-05 0.000133056 3.00736e-05 2.26314e-05
0.820286 0.00446047 0.00449579 0.00442515 0.000493502 0.000617699 0.000369304 0.00333238 3.53169e-05 0.000124197 2.80977e-05 2.11748e-05
0.823677 0.00410661 0.00413952 0.00407369 0.000452833 0.000568614 0.000337052 0.00315734 3.29171e-05 0.000115781 2.62165e-05 1.97847e-05
0.827067 0.0037736 0.00380424 0.00374297 0.000414841 0.000522633 0.000307048 0.00298802 3.06385e-05 0.000107793 2.44272e-05 1.84593e-05
0.830458 0.00346073 0.0034892 0.00343225 0.000379396 0.000479613 0.000279179 0.00282437 2.84771e-05 0.000100217 2.27272e-05 1.71971e-05
0.833849 0.00316728 0.00319371 0.00314085 0.000346374 0.000439415 0.000253334 0.00266635 2.64291e-05 9.30401e-05 2.11136e-05 1.59963e-05
0.83724 0.00289251 0.002917 0.00286802 0.000315654 0.000401903 0.000229406 0.00251389 2.44905e-05 8.62482e-05 1.95839e-05 1.48555e-05
0.840631 0.00263571 0.00265837 0.00261305 0.000287118 0.000366946 0.00020729 0.00236694 2.26577e-05 7.98276e-05 1.81353e-05 1.37728e-05
0.844022 0.00239615 0.00241708 0.00237523 0.000260651 0.000334416 0.000186886 0.00222542 2.09269e-05 7.37648e-05 1.67651e-05 1.27467e-05
0.847412 0.00217312 0.00219241 0.00215382 0.000236143 0.000304189 0.000168096 0.00208929 1.92944e-05 6.80467e-05 1.54709e-05 1.17755e-05
0.850803 0.00196589 0.00198364 0.00194813 0.000213486 0.000276146 0.000150825 0.00195847 1.77566e-05 6.26603e-05 1.425e-05 1.08575e-05
0.854194 0.00177375 0.00179006 0.00175744 0.000192576 0.000250169 0.000134983 0.00183289 1.631e-05 5.7593e-05 1.30999e-05 9.99114e-06
0.857585 0.001596 0.00161095 0.00158105 0.000173315 0.000226147 0.000120483 0.00171248 1.49512e-05 5.28324e-05 1.2018e-05 9.17466e-06
0.860976 0.00143194 0.00144562 0.00141827 0.000155605 0.000203971 0.000107238 0.00159717 1.36766e-05 4.83662e-05 1.10018e-05 8.40644e-06
0.864367 0.00128088 0.00129337 0.0012684 0.000139352 0.000183535 9.51698e-05 0.00148687 1.24829e-05 4.41825e-05 1.00489e-05 7.68483e-06
0.867757 0.00114215 0.00115351 0.00113078 0.000124469 0.000164738 8.4199e-05 0.00138151 1.13668e-05 4.02696e-05 9.15684e-06 7.00819e-06
0.871148 0.00101506 0.00102539 0.00100474 0.000110867 0.000147483 7.42515e-05 0.001281 1.03251e-05 3.6616e-05 8.32318e-06 6.37488e-06
0.874539 0.000898974 0.000908328 0.000889619 9.8466e-05 0.000131676 6.52556e-05 0.00118526 9.35462e-06 3.32104e-05 7.54558e-06 5.78327e-06
0.87793 0.00079324 0.000801692 0.000784788 8.71851e-05 0.000117227 5.71432e-05 0.0010942 8.45216e-06 3.00419e-05 6.82167e-06 5.23173e-06
0.881321 0.000697231 0.000704846 0.000689617 7.69488e-05 0.000104048 4.98491e-05 0.00100773 7.61469e-06 2.70997e-05 6.14916e-06 4.71866e-06
0.884712 0.000610337 0.000617176 0.000603497 6.76844e-05 9.20576e-05 4.33113e-05 0.000925754 6.8392e-06 2.43732e-05 5.52576e-06 4.24245e-06
0.888102 0.000531958 0.000538081 0.000525835 5.93226e-05 8.11746e-05 3.74705e-05 0.00084818 6.12273e-06 2.18521e-05 4.94923e-06 3.80151e-06
0.891493 0.000461517 0.000466979 0.000456054 5.17971e-05 7.13234e-05 3.22708e-05 0.000774908 5.4624e-06 1.95263e-05 4.41737e-06 3.39428e-06
0.894884 0.000398451 0.000403307 0.000393596 4.50451e-05 6.2431e-05 2.76591e-05 0.00070584 4.85538e-06 1.7386e-05 3.928e-06 3.01919e-06
0.898275 0.000342218 0.000346517 0.00033792 3.90064e-05 5.44279e-05 2.35849e-05 0.000640871 4.29889e-06 1.54215e-05 3.47899e-06 2.67471e-06
0.901666 0.000292295 0.000296085 0.000288505 3.36243e-05 4.72478e-05 2.00007e-05 0.000579897 3.79023e-06 1.36235e-05 3.06824e-06 2.3593e-06
0.905057 0.000248178 0.000251505 0.000244851 2.88448e-05 4.08276e-05 1.6862e-05 0.000522811 3.32675e-06 1.19828e-05 2.6937e-06 2.07147e-06
0.908447 0.000209385 0.000212291 0.000206479 2.4617e-05 3.51074e-05 1.41265e-05 0.000469503 2.90586e-06 1.04904e-05 2.35334e-06 1.80972e-06
0.911838 0.000175454 0.000177979 0.000172929 2.08926e-05 3.00303e-05 1.17549e-05 0.000419861 2.52503e-06 9.13772e-06 2.04519e-06 1.57261e-06
0.915229 0.000145945 0.000148127 0.000143763 1.76264e-05 2.55426e-05 9.71028e-06 0.000373771 2.1818e-06 7.91615e-06 1.76731e-06 1.35868e-06
0.91862 0.00012044 0.000122314 0.000118566 1.47757e-05 2.15932e-05 7.95823e-06 0.000331118 1.87377e-06 6.81748e-06 1.51781e-06 1.16653e-06
0.922011 9.85427e-05 0.000100141 9.69441e-05 1.23004e-05 1.81341e-05 6.46676e-06 0.000291782 1.59861e-06 5.83369e-06 1.29485e-06 9.94775e-07
0.925402 7.98792e-05 8.12333e-05 7.85252e-05 1.01632e-05 1.51202e-05 5.2062e-06 0.000255644 1.35404e-06 4.95697e-06 1.09661e-06 8.42045e-07
0.928792 6.40983e-05 6.52361e-05 6.29604e-05 8.32895e-06 1.25087e-05 4.14918e-06 0.000222581 1.13786e-06 4.17977e-06 9.21334e-07 7.07013e-07
0.932183 5.08707e-05 5.18186e-05 4.99228e-05 6.76521e-06 1.026e-05 3.27046e-06 0.000192469 9.47917e-07 3.49475e-06 7.6732e-07 5.88379e-07
0.935574 3.98898e-05 4.06719e-05 3.91076e-05 5.44172e-06 8.33651e-06 2.54692e-06 0.000165182 7.82146e-07 2.8948e-06 6.32901e-07 4.84875e-07
0.938965 3.08711e-05 3.15096e-05 3.02326e-05 4.33053e-06 6.70358e-06 1.95748e-06 0.000140592 6.38537e-07 2.37305e-06 5.16465e-07 3.95267e-07
0.942356 2.35523e-05 2.40674e-05 2.30371e-05 3.40585e-06 5.32872e-06 1.48298e-06 0.000118569 5.15153e-07 1.92287e-06 4.1645e-07 3.18354e-07
0.945747 1.76927e-05 1.81028e-05 1.72825e-05 2.64398e-06 4.18183e-06 1.10613e-06 9.89831e-05 4.10126e-07 1.53785e-06 3.31349e-07 2.52976e-07
0.949137 1.3073e-05 1.33947e-05 1.27514e-05 2.02325e-06 3.23509e-06 8.11405e-07 8.16998e-05 3.2166e-07 1.21184e-06 2.59706e-07 1.98007e-07
0.952528 9.49513e-06 9.74316e-06 9.2471e-06 1.5239e-06 2.46282e-06 5.84971e-07 6.65856e-05 2.48031e-07 9.38926e-07 2.00124e-07 1.52365e-07
0.955919 6.78124e-06 6.96883e-06 6.59365e-06 1.12803e-06 1.84146e-06 4.14607e-07 5.35048e-05 1.8759e-07 7.13427e-07 1.51262e-07 1.15008e-07
0.95931 4.77359e-06 4.91235e-06 4.63483e-06 8.19538e-07 1.34946e-06 2.89615e-07 4.2321e-05 1.38763e-07 5.29924e-07 1.11838e-07 8.49398e-08
0.962701 3.33382e-06 3.43388e-06 3.23377e-06 5.83981e-07 9.67227e-07 2.00735e-07 3.28972e-05 1.00054e-07 3.83246e-07 8.06318e-08 6.1209e-08
0.966092 2.3424e-06 2.41245e-06 2.27235e-06 4.0856e-07 6.77043e-07 1.40076e-07 2.50965e-05 7.00481e-08 2.68483e-07 5.64881e-08 4.29134e-08
0.969482 1.69819e-06 1.7456e-06 1.65078e-06 2.82034e-07 4.63026e-07 1.01043e-07 1.8783e-05 4.74113e-08 1.80991e-07 3.83161e-08 2.92013e-08
0.972873 1.31819e-06 1.34908e-06 1.28729e-06 1.94688e-07 3.11087e-07 7.82883e-08 1.38241e-05 3.08948e-08 1.164e-07 2.50938e-08 1.92742e-08
0.976264 1.13813e-06 1.15747e-06 1.11879e-06 1.38336e-07 2.08955e-07 6.77165e-08 1.00946e-05 1.93373e-08 7.06192e-08 1.58706e-08 1.23891e-08
0.979655 1.11508e-06 1.12675e-06 1.10342e-06 1.06467e-07 1.46323e-07 6.66103e-08 7.48641e-06 1.16679e-08 3.98563e-08 9.76924e-09 7.86031e-09
0.983046 1.237e-06 1.24391e-06 1.23009e-06 9.48082e-08 1.15433e-07 7.41829e-08 5.93602e-06 6.90795e-09 2.06253e-08 5.98733e-09 5.0607e-09
0.986437 1.5627e-06 1.56686e-06 1.55853e-06 1.03732e-07 1.13497e-07 9.39672e-08 5.52175e-06 4.16659e-09 9.76479e-09 3.79226e-09 3.41505e-09
0.989827 2.52773e-06 2.53033e-06 2.52513e-06 1.56691e-07 1.61141e-07 1.52241e-07 7.02235e-06 2.60051e-09 4.44981e-09 2.47734e-09 2.35307e-09
0.993218 1.12195e-05 1.12198e-05 1.12191e-05 6.79323e-07 6.82237e-07 6.76408e-07 3.99883e-05 3.43135e-10 2.91421e-09 1.72423e-10 -2.11758e-22
4.01075e-314 inf inf inf inf inf inf 0.000118754 7.94699 0.31239 0.172373 0.0890624
