9.72476e-05 10.5231 11.1604 9.88583 5.07991 5.47293 4.68688 16.271 0.637284 0.393025 0.179296 0.169831
0.0001 10.458 11.0931 9.82295 5.04818 5.4397 4.65665 16.125 0.635068 0.391523 0.178061 0.168493
0.00010283 10.3938 11.0267 9.76099 5.0169 5.40693 4.62688 15.9801 0.632862 0.390029 0.176835 0.167163
0.000105741 10.3326 10.9633 9.70198 4.98708 5.37562 4.59854 15.8362 0.630665 0.388543 0.175618 0.165842
0.000108734 10.2671 10.8956 9.63863 4.95514 5.34221 4.56808 15.6934 0.628477 0.387065 0.174411 0.164529
0.000111811 10.2019 10.8282 9.57563 4.92338 5.30898 4.53779 15.5517 0.626297 0.385595 0.173214 0.163225
0.000114976 10.1371 10.7612 9.51296 4.89179 5.27593 4.50766 15.411 0.624126 0.384133 0.172025 0.161929
0.00011823 10.0726 10.6945 9.45062 4.86037 5.24305 4.47769 15.2713 0.621964 0.38268 0.170846 0.160641
0.000121576 10.0084 10.6282 9.38862 4.82912 5.21036 4.44789 15.1326 0.61981 0.381235 0.169677 0.159361
0.000125017 9.94461 10.5623 9.32694 4.79804 5.17784 4.41825 14.995 0.617665 0.379797 0.168516 0.158089
0.000128556 9.88112 10.4967 9.2656 4.76713 5.14549 4.38876 14.8584 0.615529 0.378368 0.167365 0.156825
0.000132194 9.81799 10.4314 9.20459 4.73638 5.11333 4.35944 14.7228 0.6134 0.376946 0.166223 0.15557
0.000135936 9.75518 10.3665 9.1439 4.70581 5.08134 4.33027 14.5881 0.61128 0.375532 0.16509 0.154322
0.000139783 9.69269 10.3019 9.08353 4.67539 5.04952 4.30126 14.4545 0.609169 0.374126 0.163966 0.153083
0.000143739 9.63056 10.2376 9.02349 4.64515 5.01787 4.27242 14.3219 0.607065 0.372728 0.162852 0.151851
0.000147808 9.56874 10.1737 8.96377 4.61506 4.9864 4.24372 14.1902 0.60497 0.371337 0.161746 0.150627
0.000151991 9.50725 10.1101 8.90437 4.58514 4.9551 4.21519 14.0596 0.602882 0.369954 0.160649 0.149411
0.000156293 9.44609 10.0469 8.84529 4.55538 4.92396 4.18681 13.9298 0.600803 0.368579 0.159561 0.148203
0.000160717 9.38526 9.984 8.78653 4.52579 4.893 4.15858 13.8011 0.598731 0.367211 0.158483 0.147002
0.000165265 9.32475 9.92142 8.72808 4.49636 4.86221 4.1305 13.6733 0.596667 0.365851 0.157413 0.145809
0.000169943 9.26457 9.85918 8.66996 4.46709 4.83158 4.10259 13.5465 0.594611 0.364498 0.156352 0.144625
0.000174753 9.20471 9.79727 8.61215 4.43798 4.80113 4.07482 13.4206 0.592563 0.363153 0.1553 0.143447
0.000179699 9.14516 9.73568 8.55464 4.40902 4.77084 4.04721 13.2956 0.590522 0.361815 0.154257 0.142277
0.000184785 9.08595 9.67443 8.49746 4.38023 4.74071 4.01975 13.1716 0.588489 0.360484 0.153223 0.141115
0.000190015 9.02703 9.6135 8.44057 4.35159 4.71075 3.99243 13.0485 0.586463 0.359161 0.152197 0.13996
0.000195393 8.96844 9.55289 8.384 4.32311 4.68096 3.96527 12.9264 0.584444 0.357844 0.15118 0.138813
0.000200923 8.91017 9.4926 8.32773 4.29479 4.65133 3.93826 12.8051 0.582433 0.356535 0.150172 0.137673
0.00020661 8.8522 9.43263 8.27177 4.26663 4.62186 3.91139 12.6848 0.580429 0.355234 0.149172 0.13654
0.000212458 8.79455 9.37298 8.21611 4.23861 4.59255 3.88468 12.5654 0.578432 0.353939 0.148182 0.135415
0.000218471 8.73721 9.31365 8.16077 4.21076 4.56341 3.85811 12.4468 0.576442 0.352651 0.1472 0.134298
0.000224655 8.68018 9.25464 8.10572 4.18306 4.53443 3.83169 12.3292 0.574459 0.35137 0.146226 0.133187
0.000231013 8.62345 9.19593 8.05097 4.1555 4.5056 3.80541 12.2125 0.572484 0.350096 0.145261 0.132084
0.000237551 8.56703 9.13755 7.99652 4.12811 4.47694 3.77928 12.0966 0.570514 0.348829 0.144305 0.130988
0.000244275 8.51091 9.07947 7.94236 4.10086 4.44843 3.75329 11.9816 0.568552 0.347569 0.143357 0.129899
0.000251189 8.4551 9.0217 7.88851 4.07377 4.42008 3.72745 11.8675 0.566596 0.346316 0.142417 0.128817
0.000258298 8.39959 8.96424 7.83494 4.04682 4.39189 3.70176 11.7542 0.564647 0.345069 0.141486 0.127743
0.000265609 8.34438 8.90709 7.78168 4.02003 4.36386 3.6762 11.6418 0.562705 0.343829 0.140564 0.126675
0.000273126 8.28947 8.85024 7.7287 3.99338 4.33598 3.65079 11.5303 0.560769 0.342596 0.13965 0.125614
0.000280857 8.23486 8.7937 7.67602 3.96689 4.30826 3.62552 11.4196 0.558839 0.341369 0.138744 0.124561
0.000288806 8.18054 8.73746 7.62363 3.94054 4.28069 3.60039 11.3098 0.556915 0.340149 0.137847 0.123514
0.00029698 8.12652 8.68151 7.57152 3.91434 4.25327 3.5754 11.2008 0.554998 0.338935 0.136957 0.122475
0.000305386 8.07279 8.62588 7.51971 3.88828 4.22601 3.55055 11.0926 0.553086 0.337728 0.136077 0.121442
0.000314029 8.01935 8.57053 7.46817 3.86237 4.1989 3.52584 10.9853 0.551181 0.336528 0.135204 0.120416
0.000322917 7.96621 8.51549 7.41693 3.8366 4.17194 3.50127 10.8788 0.549281 0.335333 0.13434 0.119397
0.000332057 7.91335 8.46074 7.36596 3.81098 4.14513 3.47684 10.7731 0.547388 0.334145 0.133484 0.118385
0.000341455 7.86079 8.40629 7.31529 3.7855 4.11847 3.45254 10.6682 0.5455 0.332963 0.132636 0.117379
0.000351119 7.8085 8.35212 7.26489 3.76017 4.09196 3.42838 10.5641 0.543618 0.331788 0.131797 0.11638
0.000361057 7.75651 8.29825 7.21477 3.73498 4.0656 3.40436 10.4608 0.541741 0.330618 0.130965 0.115388
0.000371276 7.7048 8.24467 7.16493 3.70993 4.03938 3.38047 10.3584 0.539869 0.329455 0.130142 0.114402
0.000381784 7.65337 8.19138 7.11537 3.68502 4.01332 3.35672 10.2567 0.538004 0.328298 0.129326 0.113423
0.00039259 7.60223 8.13837 7.06609 3.66025 3.9874 3.3331 10.1558 0.536143 0.327147 0.128519 0.112451
0.000403702 7.55136 8.08565 7.01707 3.63562 3.96162 3.30962 10.0557 0.534287 0.326002 0.12772 0.111485
0.000415128 7.50077 8.03321 6.96834 3.61113 3.93599 3.28627 9.95634 0.532437 0.324862 0.126928 0.110526
0.000426877 7.45047 7.98106 6.91987 3.58678 3.91051 3.26305 9.85778 0.530591 0.323729 0.126145 0.109573
0.000438959 7.40043 7.92919 6.87168 3.56257 3.88517 3.23997 9.75999 0.528751 0.322602 0.12537 0.108627
0.000451383 7.35068 7.87759 6.82376 3.53849 3.85997 3.21701 9.66296 0.526915 0.32148 0.124602 0.107686
0.000464159 7.30119 7.82628 6.77611 3.51455 3.83492 3.19419 9.56669 0.525084 0.320364 0.123843 0.106753
0.000477296 7.25198 7.77524 6.72873 3.49075 3.81 3.1715 9.47117 0.523257 0.319253 0.123091 0.105826
0.000490805 7.20304 7.72448 6.68161 3.46708 3.78523 3.14893 9.3764 0.521435 0.318149 0.122347 0.104904
0.000504697 7.15437 7.67399 6.63476 3.44355 3.7606 3.1265 9.28237 0.519618 0.317049 0.121611 0.10399
0.000518981 7.10597 7.62378 6.58817 3.42015 3.7361 3.10419 9.18909 0.517804 0.315956 0.120883 0.103081
0.00053367 7.05784 7.57383 6.54184 3.39688 3.71175 3.08201 9.09654 0.515995 0.314868 0.120163 0.102179
0.000548775 7.00997 7.52416 6.49578 3.37375 3.68753 3.05996 9.00471 0.51419 0.313785 0.11945 0.101283
0.000564307 6.96237 7.47476 6.44998 3.35075 3.66346 3.03804 8.91361 0.512388 0.312707 0.118745 0.100393
0.000580278 6.91503 7.42562 6.40444 3.32788 3.63952 3.01624 8.82324 0.510591 0.311635 0.118047 0.0995088
0.000596702 6.86796 7.37675 6.35916 3.30514 3.61571 2.99457 8.73357 0.508797 0.310569 0.117358 0.098631
0.000613591 6.82114 7.32815 6.31414 3.28254 3.59205 2.97303 8.64462 0.507007 0.309507 0.116675 0.0977592
0.000630957 6.77459 7.27981 6.26937 3.26006 3.56851 2.95161 8.55638 0.50522 0.30845 0.116001 0.0968934
0.000648815 6.72829 7.23173 6.22486 3.23771 3.54511 2.93032 8.46883 0.503437 0.307399 0.115334 0.0960337
0.000667179 6.68225 7.18391 6.1806 3.2155 3.52185 2.90914 8.38199 0.501657 0.306353 0.114674 0.0951799
0.000686062 6.63647 7.13635 6.13659 3.1934 3.49872 2.88809 8.29583 0.49988 0.305311 0.114022 0.094332
0.00070548 6.59094 7.08905 6.09284 3.17144 3.47572 2.86717 8.21037 0.498106 0.304275 0.113378 0.0934899
0.000725448 6.54567 7.04201 6.04934 3.14961 3.45285 2.84636 8.12559 0.496335 0.303244 0.112741 0.0926538
0.00074598 6.50065 6.99522 6.00608 3.1279 3.43011 2.82568 8.04149 0.494567 0.302217 0.112111 0.0918234
0.000767094 6.45588 6.94868 5.96308 3.10631 3.40751 2.80512 7.95806 0.492801 0.301195 0.111489 0.0909989
0.000788805 6.41136 6.9024 5.92033 3.08486 3.38503 2.78468 7.87531 0.491038 0.300178 0.110874 0.0901802
0.000811131 6.36709 6.85637 5.87781 3.06352 3.36269 2.76436 7.79322 0.489277 0.299165 0.110266 0.0893671
0.000834088 6.32307 6.81059 5.83555 3.04231 3.34047 2.74416 7.71179 0.487519 0.298157 0.109666 0.0885598
0.000857696 6.27929 6.76506 5.79353 3.02123 3.31838 2.72407 7.63103 0.485763 0.297154 0.109072 0.0877581
0.000881971 6.23576 6.71977 5.75176 3.00026 3.29642 2.70411 7.55091 0.484008 0.296155 0.108486 0.0869621
0.000906934 6.19248 6.67473 5.71022 2.97942 3.27458 2.68426 7.47145 0.482256 0.29516 0.107908 0.0861717
0.000932603 6.14943 6.62994 5.66893 2.95871 3.25288 2.66453 7.39263 0.480505 0.29417 0.107336 0.085387
0.000958999 6.10663 6.58539 5.62788 2.93811 3.23129 2.64492 7.31445 0.478756 0.293184 0.106771 0.0846077
0.000986142 6.06407 6.54108 5.58707 2.91763 3.20983 2.62543 7.23691 0.477008 0.292203 0.106214 0.083834
0.00101405 6.02175 6.49701 5.54649 2.89727 3.1885 2.60605 7.16 0.475261 0.291225 0.105663 0.0830658
0.00104275 5.97967 6.45318 5.50615 2.87703 3.16729 2.58678 7.08373 0.473516 0.290252 0.10512 0.082303
0.00107227 5.93782 6.40959 5.46605 2.85692 3.1462 2.56763 7.00807 0.471772 0.289283 0.104583 0.0815457
0.00110262 5.89621 6.36624 5.42618 2.83692 3.12523 2.5486 6.93304 0.470028 0.288318 0.104054 0.0807938
0.00113382 5.85484 6.32312 5.38655 2.81703 3.10439 2.52968 6.85862 0.468285 0.287356 0.103531 0.0800473
0.00116591 5.81369 6.28024 5.34715 2.79727 3.08367 2.51087 6.78482 0.466543 0.286399 0.103015 0.0793061
0.00119891 5.77278 6.23758 5.30798 2.77762 3.06307 2.49218 6.71163 0.464801 0.285445 0.102506 0.0785703
0.00123285 5.7321 6.19516 5.26904 2.75809 3.04259 2.47359 6.63904 0.463059 0.284495 0.102004 0.0778397
0.00126774 5.69166 6.15298 5.23034 2.73868 3.02223 2.45513 6.56705 0.461318 0.283549 0.101508 0.0771144
0.00130362 5.65144 6.11101 5.19186 2.71937 3.00198 2.43677 6.49565 0.459576 0.282606 0.101019 0.0763944
0.00134052 5.61145 6.06928 5.15361 2.70019 2.98186 2.41852 6.42486 0.457834 0.281667 0.100537 0.0756795
0.00137846 5.57168 6.02777 5.11559 2.68112 2.96185 2.40038 6.35465 0.456091 0.280732 0.100061 0.0749699
0.00141747 5.53214 5.98649 5.07779 2.66216 2.94196 2.38236 6.28502 0.454348 0.279799 0.099592 0.0742654
0.00145759 5.49283 5.94543 5.04022 2.64331 2.92218 2.36444 6.21598 0.452604 0.27887 0.0991293 0.073566
0.00149885 5.45373 5.90459 5.00287 2.62458 2.90252 2.34663 6.14752 0.450859 0.277945 0.098673 0.0728717
0.00154127 5.41486 5.86398 4.96575 2.60596 2.88298 2.32893 6.07963 0.449113 0.277022 0.0982232 0.0721825
0.00158489 5.37621 5.82358 4.92885 2.58745 2.86355 2.31134 6.01231 0.447366 0.276103 0.0977796 0.0714983
0.00162975 5.33779 5.7834 4.89217 2.56905 2.84423 2.29386 5.94556 0.445617 0.275186 0.0973425 0.0708191
0.00167588 5.29957 5.74344 4.85571 2.55076 2.82503 2.27649 5.87937 0.443867 0.274273 0.0969115 0.070145
0.00172331 5.26158 5.7037 4.81947 2.53258 2.80594 2.25922 5.81374 0.442115 0.273362 0.0964867 0.0694757
0.00177209 5.2238 5.66417 4.78344 2.51451 2.78697 2.24206 5.74867 0.44036 0.272455 0.096068 0.0688115
0.00182224 5.18624 5.62485 4.74764 2.49655 2.7681 2.225 5.68415 0.438604 0.27155 0.0956554 0.068152
0.00187382 5.1489 5.58574 4.71205 2.4787 2.74934 2.20805 5.62018 0.436845 0.270647 0.0952488 0.0674975
0.00192685 5.11176 5.54684 4.67668 2.46095 2.7307 2.1912 5.55675 0.435083 0.269748 0.0948482 0.0668478
0.00198139 5.07484 5.50816 4.64152 2.44331 2.71216 2.17446 5.49387 0.433319 0.26885 0.0944534 0.066203
0.00203747 5.03812 5.46968 4.60657 2.42578 2.69374 2.15782 5.43152 0.431551 0.267955 0.0940645 0.0655629
0.00209514 5.00162 5.4314 4.57184 2.40836 2.67542 2.14129 5.36971 0.429781 0.267063 0.0936814 0.0649276
0.00215443 4.96533 5.39334 4.53732 2.39103 2.65721 2.12486 5.30843 0.428006 0.266172 0.093304 0.064297
0.00221541 4.92924 5.35547 4.50301 2.37382 2.6391 2.10854 5.24767 0.426229 0.265284 0.0929322 0.0636712
0.00227812 4.89337 5.31781 4.46892 2.35671 2.62111 2.09231 5.18744 0.424447 0.264398 0.0925659 0.06305
0.00234259 4.85769 5.28035 4.43503 2.3397 2.60322 2.07619 5.12774 0.422661 0.263514 0.0922052 0.0624335
0.0024089 4.82222 5.24309 4.40135 2.3228 2.58543 2.06017 5.06855 0.420871 0.262632 0.0918499 0.0618216
0.00247708 4.78695 5.20603 4.36788 2.306 2.56775 2.04425 5.00987 0.419077 0.261751 0.0914999 0.0612143
0.00254719 4.75189 5.16917 4.33461 2.2893 2.55018 2.02843 4.9517 0.417278 0.260872 0.0911552 0.0606116
0.00261928 4.71702 5.1325 4.30155 2.27271 2.5327 2.01271 4.89405 0.415473 0.259995 0.0908157 0.0600134
0.00269341 4.68236 5.09603 4.2687 2.25622 2.51534 1.9971 4.83689 0.413664 0.25912 0.0904813 0.0594198
0.00276965 4.64789 5.05974 4.23604 2.23982 2.49807 1.98158 4.78024 0.411849 0.258245 0.0901519 0.0588306
0.00284804 4.61363 5.02365 4.2036 2.22353 2.4809 1.96616 4.72409 0.410029 0.257372 0.0898275 0.0582459
0.00292864 4.57956 4.98776 4.17135 2.20734 2.46384 1.95084 4.66843 0.408202 0.256501 0.0895079 0.0576657
0.00301153 4.54568 4.95205 4.13931 2.19124 2.44687 1.93561 4.61326 0.40637 0.25563 0.0891931 0.0570898
0.00309677 4.512 4.91653 4.10747 2.17525 2.43001 1.92049 4.55858 0.404531 0.254761 0.088883 0.0565183
0.00318442 4.47851 4.8812 4.07583 2.15936 2.41325 1.90546 4.50438 0.402686 0.253892 0.0885775 0.0559513
0.00327455 4.44521 4.84605 4.04438 2.14356 2.39658 1.89053 4.45067 0.400834 0.253024 0.0882764 0.0553885
0.00336723 4.41211 4.81109 4.01314 2.12786 2.38001 1.8757 4.39743 0.398975 0.252157 0.0879797 0.05483
0.00346253 4.3792 4.7763 3.98209 2.11225 2.36354 1.86096 4.34467 0.397108 0.251291 0.0876873 0.0542758
0.00356053 4.34647 4.7417 3.95124 2.09675 2.34717 1.84632 4.29239 0.395234 0.250425 0.0873991 0.0537258
0.00366131 4.31393 4.70729 3.92058 2.08134 2.33089 1.83178 4.24057 0.393352 0.249559 0.087115 0.0531801
0.00376494 4.28158 4.67305 3.89012 2.06602 2.31471 1.81733 4.18922 0.391462 0.248694 0.0868348 0.0526386
0.0038715 4.24942 4.63898 3.85986 2.0508 2.29863 1.80297 4.13833 0.389564 0.247829 0.0865585 0.0521012
0.00398107 4.21744 4.6051 3.82978 2.03567 2.28264 1.78871 4.0879 0.387657 0.246964 0.0862859 0.051568
0.00409375 4.18564 4.57138 3.7999 2.02064 2.26674 1.77454 4.03793 0.385741 0.246099 0.0860169 0.0510389
0.00420962 4.15403 4.53785 3.77021 2.0057 2.25093 1.76047 3.98842 0.383816 0.245233 0.0857514 0.0505138
0.00432876 4.1226 4.50448 3.74072 1.99085 2.23522 1.74648 3.93936 0.381882 0.244368 0.0854893 0.0499929
0.00445128 4.09135 4.47129 3.71141 1.9761 2.2196 1.7326 3.89074 0.379938 0.243502 0.0852305 0.0494759
0.00457727 4.06028 4.43826 3.68229 1.96144 2.20407 1.7188 3.84257 0.377984 0.242635 0.0849747 0.048963
0.00470682 4.02939 4.40541 3.65337 1.94686 2.18863 1.7051 3.79485 0.37602 0.241768 0.0847219 0.048454
0.00484003 3.99867 4.37272 3.62463 1.93238 2.17328 1.69148 3.74756 0.374045 0.2409 0.084472 0.047949
0.00497702 3.96813 4.34019 3.59607 1.91799 2.15802 1.67796 3.70071 0.37206 0.24003 0.0842248 0.047448
0.00511789 3.93777 4.30784 3.56771 1.90369 2.14285 1.66453 3.6543 0.370064 0.23916 0.0839801 0.0469508
0.00526274 3.90758 4.27564 3.53953 1.88948 2.12777 1.65119 3.60831 0.368057 0.238289 0.0837379 0.0464575
0.0054117 3.87757 4.24361 3.51153 1.87536 2.11277 1.63794 3.56276 0.366038 0.237416 0.0834979 0.045968
0.00556486 3.84773 4.21173 3.48372 1.86132 2.09787 1.62478 3.51763 0.364007 0.236542 0.08326 0.0454823
0.00572237 3.81805 4.18002 3.45609 1.84738 2.08304 1.61171 3.47292 0.361964 0.235666 0.083024 0.0450004
0.00588433 3.78855 4.14846 3.42864 1.83352 2.0683 1.59873 3.42864 0.359909 0.234788 0.0827899 0.0445223
0.00605088 3.75922 4.11707 3.40138 1.81974 2.05365 1.58583 3.38477 0.357842 0.233909 0.0825574 0.044048
0.00622213 3.73006 4.08582 3.3743 1.80606 2.03908 1.57303 3.34131 0.355761 0.233027 0.0823263 0.0435773
0.00639824 3.70106 4.05473 3.3474 1.79245 2.0246 1.56031 3.29827 0.353668 0.232143 0.0820966 0.0431103
0.00657933 3.67224 4.0238 3.32068 1.77894 2.01019 1.54768 3.25564 0.35156 0.231257 0.0818679 0.0426469
0.00676555 3.64357 3.99301 3.29413 1.7655 1.99587 1.53514 3.21342 0.34944 0.230369 0.0816402 0.0421872
0.00695704 3.61507 3.96238 3.26777 1.75216 1.98163 1.52268 3.1716 0.347305 0.229477 0.0814132 0.041731
0.00715394 3.58674 3.93189 3.24158 1.73889 1.96747 1.51031 3.13018 0.345156 0.228583 0.0811868 0.0412785
0.00735642 3.55856 3.90156 3.21557 1.72571 1.95339 1.49802 3.08916 0.342993 0.227686 0.0809607 0.0408294
0.00756463 3.53055 3.87136 3.18973 1.71261 1.93939 1.48582 3.04853 0.340815 0.226785 0.0807349 0.0403839
0.00777874 3.5027 3.84132 3.16408 1.69959 1.92547 1.47371 3.0083 0.338622 0.225882 0.080509 0.0399418
0.0079989 3.47501 3.81142 3.13859 1.68665 1.91162 1.46168 2.96846 0.336414 0.224975 0.0802829 0.0395032
0.0082253 3.44747 3.78166 3.11328 1.67379 1.89786 1.44973 2.92901 0.33419 0.224064 0.0800564 0.039068
0.0084581 3.4201 3.75205 3.08815 1.66102 1.88417 1.43787 2.88995 0.33195 0.223149 0.0798292 0.0386363
0.00869749 3.39288 3.72257 3.06318 1.64832 1.87055 1.42609 2.85127 0.329695 0.222231 0.0796012 0.0382079
0.00894366 3.36581 3.69324 3.03839 1.6357 1.85701 1.41439 2.81296 0.327423 0.221308 0.0793721 0.0377828
0.00919679 3.3389 3.66404 3.01377 1.62316 1.84354 1.40278 2.77504 0.325135 0.220381 0.0791418 0.0373611
0.00945709 3.31215 3.63498 2.98932 1.6107 1.83014 1.39125 2.73749 0.322831 0.219449 0.0789099 0.0369426
0.00972476 3.28555 3.60606 2.96504 1.59831 1.81682 1.3798 2.70032 0.320509 0.218513 0.0786764 0.0365274
0.01 3.2591 3.57727 2.94093 1.586 1.80357 1.36843 2.66352 0.31817 0.217571 0.0784408 0.0361154
0.010283 3.2328 3.54861 2.91698 1.57377 1.79039 1.35714 2.62708 0.315814 0.216625 0.0782031 0.0357066
0.0105741 3.20665 3.52009 2.89321 1.56161 1.77728 1.34593 2.59101 0.313441 0.215673 0.0779629 0.0353009
0.0108734 3.18065 3.4917 2.8696 1.54952 1.76424 1.33481 2.55531 0.31105 0.214716 0.0777201 0.0348985
0.0111811 3.15479 3.46343 2.84615 1.53751 1.75126 1.32376 2.51996 0.308641 0.213754 0.0774744 0.0344991
0.0114976 3.12909 3.4353 2.82288 1.52557 1.73836 1.31279 2.48497 0.306214 0.212785 0.0772255 0.0341028
0.011823 3.10353 3.4073 2.79976 1.51371 1.72552 1.3019 2.45034 0.303768 0.21181 0.0769732 0.0337096
0.0121576 3.07812 3.37942 2.77682 1.50192 1.71275 1.29109 2.41607 0.301305 0.210829 0.0767173 0.0333194
0.0125017 3.05285 3.35167 2.75403 1.4902 1.70004 1.28035 2.38214 0.298823 0.209842 0.0764575 0.0329322
0.0128556 3.02773 3.32405 2.73141 1.47854 1.68739 1.2697 2.34856 0.296322 0.208848 0.0761935 0.032548
0.0132194 3.00275 3.29655 2.70894 1.46696 1.67481 1.25912 2.31533 0.293802 0.207847 0.0759251 0.0321667
0.0135936 2.97791 3.26917 2.68664 1.45545 1.66229 1.24861 2.28244 0.291264 0.206839 0.0756521 0.0317883
0.0139783 2.95321 3.24191 2.6645 1.44401 1.64983 1.23818 2.24989 0.288706 0.205824 0.0753741 0.0314128
0.0143739 2.92865 3.21478 2.64252 1.43263 1.63743 1.22783 2.21768 0.28613 0.204801 0.0750909 0.0310401
0.0147808 2.90424 3.18777 2.6207 1.42132 1.62509 1.21755 2.18581 0.283534 0.203771 0.0748023 0.0306703
0.0151991 2.87996 3.16088 2.59904 1.41008 1.61281 1.20735 2.15427 0.280919 0.202732 0.074508 0.0303033
0.0156293 2.85581 3.1341 2.57753 1.3989 1.60059 1.19722 2.12307 0.278285 0.201686 0.0742077 0.029939
0.0160717 2.83181 3.10744 2.55618 1.38779 1.58842 1.18716 2.09219 0.275632 0.200631 0.0739012 0.0295775
0.0165265 2.80794 3.0809 2.53498 1.37674 1.57631 1.17717 2.06164 0.27296 0.199568 0.0735882 0.0292187
0.0169943 2.78421 3.05448 2.51394 1.36575 1.56425 1.16726 2.03142 0.270268 0.198495 0.0732685 0.0288626
0.0174753 2.76061 3.02817 2.49306 1.35483 1.55224 1.15741 2.00151 0.267557 0.197414 0.0729417 0.0285091
0.0179699 2.73715 3.00198 2.47232 1.34397 1.54029 1.14764 1.97193 0.264827 0.196324 0.0726077 0.0281583
0.0184785 2.71382 2.9759 2.45174 1.33316 1.52839 1.13794 1.94267 0.262078 0.195224 0.0722661 0.02781
0.0190015 2.69062 2.94993 2.43131 1.32242 1.51654 1.12831 1.91371 0.25931 0.194114 0.0719167 0.0274643
0.0195393 2.66756 2.92408 2.41103 1.31174 1.50473 1.11874 1.88508 0.256523 0.192994 0.0715594 0.0271212
0.0200923 2.64462 2.89834 2.3909 1.30111 1.49298 1.10925 1.85675 0.253718 0.191865 0.0711937 0.0267806
0.020661 2.62182 2.87271 2.37092 1.29054 1.48127 1.09982 1.82873 0.250894 0.190725 0.0708195 0.0264424
0.0212458 2.59914 2.84719 2.35109 1.28003 1.4696 1.09045 1.80101 0.248052 0.189574 0.0704366 0.0261067
0.0218471 2.57659 2.82179 2.3314 1.26957 1.45798 1.08116 1.7736 0.245191 0.188412 0.0700446 0.0257734
0.0224655 2.55418 2.79649 2.31186 1.25916 1.4464 1.07192 1.74649 0.242313 0.18724 0.0696434 0.0254425
0.0231013 2.53189 2.7713 2.29247 1.24881 1.43487 1.06276 1.71967 0.239417 0.186056 0.0692328 0.025114
0.0237551 2.50972 2.74622 2.27322 1.23851 1.42337 1.05365 1.69316 0.236504 0.18486 0.0688125 0.0247879
0.0244275 2.48768 2.72126 2.25411 1.22826 1.41191 1.04461 1.66693 0.233573 0.183653 0.0683823 0.024464
0.0251189 2.46577 2.69639 2.23514 1.21806 1.4005 1.03563 1.641 0.230626 0.182434 0.067942 0.0241425
0.0258298 2.44398 2.67164 2.21631 1.20791 1.38911 1.02671 1.61535 0.227663 0.181203 0.0674914 0.0238231
0.0265609 2.42231 2.64699 2.19763 1.1978 1.37776 1.01785 1.58999 0.224684 0.179959 0.0670303 0.0235061
0.0273126 2.40077 2.62246 2.17908 1.18775 1.36645 1.00904 1.56492 0.221689 0.178703 0.0665586 0.0231912
0.0280857 2.37934 2.59802 2.16066 1.17773 1.35517 1.0003 1.54013 0.21868 0.177434 0.0660761 0.0228785
0.0288806 2.35805 2.5737 2.14239 1.16776 1.34391 0.991609 1.51561 0.215656 0.176152 0.0655826 0.022568
0.029698 2.33687 2.54948 2.12425 1.15783 1.33269 0.982976 1.49137 0.212618 0.174856 0.065078 0.0222596
0.0305386 2.31581 2.52537 2.10624 1.14794 1.32149 0.974398 1.46741 0.209567 0.173547 0.0645622 0.0219533
0.0314029 2.29487 2.50137 2.08836 1.1381 1.31032 0.965873 1.44371 0.206503 0.172225 0.064035 0.021649
0.0322917 2.27405 2.47747 2.07062 1.12829 1.29918 0.957399 1.42029 0.203427 0.170888 0.0634963 0.0213469
0.0332057 2.25334 2.45368 2.053 1.11851 1.28805 0.948977 1.39713 0.200339 0.169537 0.062946 0.0210467
0.0341455 2.23276 2.43 2.03552 1.10878 1.27695 0.940604 1.37423 0.197241 0.168172 0.0623841 0.0207485
0.0351119 2.21229 2.40642 2.01815 1.09907 1.26587 0.932279 1.3516 0.194132 0.166793 0.0618105 0.0204524
0.0361057 2.19193 2.38295 2.00092 1.0894 1.2548 0.924001 1.32923 0.191015 0.165399 0.0612252 0.0201581
0.0371276 2.17169 2.35958 1.9838 1.07976 1.24375 0.915768 1.30711 0.187889 0.16399 0.060628 0.0198658
0.0381784 2.15156 2.33632 1.96681 1.07015 1.23271 0.907579 1.28524 0.184755 0.162566 0.0600191 0.0195754
0.039259 2.13155 2.31316 1.94993 1.06056 1.22169 0.899432 1.26363 0.181615 0.161127 0.0593984 0.0192869
0.0403702 2.11165 2.29011 1.93318 1.051 1.21067 0.891326 1.24227 0.178468 0.159673 0.058766 0.0190003
0.0415128 2.09185 2.26717 1.91654 1.04146 1.19967 0.883259 1.22115 0.175317 0.158203 0.0581218 0.0187154
0.0426877 2.07217 2.24433 1.90001 1.03195 1.18867 0.87523 1.20027 0.172162 0.156718 0.057466 0.0184324
0.0438959 2.0526 2.2216 1.88359 1.02245 1.17767 0.867236 1.17964 0.169004 0.155217 0.0567987 0.0181512
0.0451383 2.03313 2.19897 1.86729 1.01298 1.16668 0.859276 1.15924 0.165844 0.1537 0.0561199 0.0178718
0.0464159 2.01377 2.17645 1.85109 1.00351 1.15568 0.851348 1.13908 0.162683 0.152167 0.0554298 0.0175941
0.0477296 1.99452 2.15404 1.83499 0.994067 1.14468 0.84345 1.11915 0.159522 0.150618 0.0547285 0.0173182
0.0490805 1.97536 2.13173 1.819 0.984632 1.13368 0.835579 1.09946 0.156363 0.149052 0.0540162 0.017044
0.0504697 1.95632 2.10952 1.80311 0.975206 1.12268 0.827735 1.07999 0.153207 0.147471 0.0532931 0.0167715
0.0518981 1.93737 2.08742 1.78732 0.965788 1.11166 0.819914 1.06075 0.150054 0.145873 0.0525594 0.0165007
0.053367 1.91852 2.06543 1.77162 0.956375 1.10063 0.812115 1.04172 0.146906 0.144259 0.0518154 0.0162315
0.0548775 1.89977 2.04354 1.75601 0.946964 1.08959 0.804335 1.02292 0.143764 0.142629 0.0510614 0.015964
0.0564307 1.88112 2.02175 1.74049 0.937554 1.07854 0.796572 1.00434 0.14063 0.140982 0.0502975 0.0156981
0.0580278 1.86256 2.00007 1.72506 0.928142 1.06746 0.788823 0.98597 0.137504 0.139319 0.0495242 0.0154339
0.0596702 1.8441 1.97849 1.70971 0.918725 1.05636 0.781086 0.967813 0.134389 0.137639 0.0487417 0.0151712
0.0613591 1.82572 1.95701 1.69444 0.909301 1.04524 0.773358 0.949865 0.131285 0.135943 0.0479505 0.0149102
0.0630957 1.80744 1.93563 1.67924 0.899867 1.0341 0.765636 0.932123 0.128194 0.134231 0.0471508 0.0146508
0.0648815 1.78924 1.91435 1.66412 0.890421 1.02292 0.757919 0.914585 0.125116 0.132503 0.0463432 0.0143929
0.0667179 1.77112 1.89318 1.64907 0.880959 1.01172 0.750201 0.897249 0.122054 0.130758 0.045528 0.0141366
0.0686062 1.75309 1.8721 1.63408 0.871479 1.00048 0.742482 0.880111 0.119009 0.128998 0.0447056 0.0138818
0.070548 1.73513 1.85111 1.61915 0.861978 0.9892 0.734757 0.863169 0.115983 0.127221 0.0438766 0.0136286
0.0725448 1.71725 1.83023 1.60428 0.852453 0.977882 0.727024 0.846421 0.112976 0.125429 0.0430415 0.013377
0.074598 1.69945 1.80944 1.58946 0.842901 0.966523 0.71928 0.829863 0.109989 0.123622 0.0422007 0.0131269
0.0767094 1.68171 1.78874 1.57469 0.833318 0.955117 0.71152 0.813493 0.107026 0.121799 0.0413548 0.0128783
0.0788805 1.66404 1.76813 1.55996 0.823703 0.943663 0.703742 0.797309 0.104086 0.119961 0.0405043 0.0126313
0.0811131 1.64643 1.74761 1.54526 0.81405 0.932158 0.695942 0.781307 0.101171 0.118108 0.0396498 0.0123858
0.0834088 1.62889 1.72717 1.53061 0.804358 0.920598 0.688117 0.765486 0.098283 0.11624 0.0387919 0.0121418
0.0857696 1.6114 1.70682 1.51597 0.794622 0.908981 0.680263 0.749842 0.0954229 0.114359 0.0379312 0.0118994
0.0881971 1.59395 1.68655 1.50136 0.78484 0.897303 0.672376 0.734374 0.0925922 0.112464 0.0370683 0.0116585
0.0906934 1.57656 1.66635 1.48677 0.775007 0.885562 0.664453 0.719079 0.0897921 0.110555 0.0362038 0.0114192
0.0932603 1.55921 1.64623 1.47218 0.765122 0.873755 0.656489 0.703953 0.087024 0.108633 0.0353384 0.0111814
0.0958999 1.54189 1.62618 1.4576 0.755179 0.861877 0.64848 0.688996 0.0842893 0.106699 0.0344727 0.0109451
0.0986142 1.52461 1.60619 1.44302 0.745175 0.849927 0.640423 0.674204 0.0815891 0.104752 0.0336073 0.0107104
0.101405 1.50735 1.58627 1.42842 0.735108 0.837902 0.632314 0.659576 0.0789249 0.102794 0.032743 0.0104773
0.104275 1.4901 1.5664 1.41381 0.724973 0.825798 0.624148 0.645108 0.0762978 0.100825 0.0318804 0.0102458
0.107227 1.47288 1.54659 1.39917 0.714766 0.813612 0.615921 0.630799 0.0737088 0.0988455 0.0310202 0.0100159
0.110262 1.45566 1.52682 1.3845 0.704485 0.801341 0.607629 0.616646 0.0711594 0.0968562 0.030163 0.00978766
0.113382 1.43844 1.50709 1.36979 0.694125 0.788983 0.599267 0.602648 0.0686505 0.0948578 0.0293096 0.00956103
0.116591 1.42122 1.4874 1.35503 0.683684 0.776534 0.590833 0.588801 0.0661832 0.0928509 0.0284606 0.00933605
0.119891 1.40398 1.46774 1.34022 0.673156 0.763993 0.58232 0.575105 0.0637585 0.0908364 0.0276167 0.00911275
0.123285 1.38671 1.44809 1.32534 0.66254 0.751355 0.573725 0.561558 0.0613775 0.088815 0.0267786 0.00889116
0.126774 1.36942 1.42846 1.31038 0.651831 0.738619 0.565044 0.548157 0.059041 0.0867876 0.0259469 0.0086713
0.130362 1.35209 1.40884 1.29534 0.641027 0.725782 0.556272 0.534901 0.05675 0.084755 0.0251223 0.0084532
0.134052 1.33471 1.38922 1.28021 0.630124 0.712842 0.547406 0.521788 0.0545052 0.0827182 0.0243054 0.0082369
0.137846 1.31728 1.36958 1.26497 0.619119 0.699797 0.538441 0.508816 0.0523074 0.080678 0.0234969 0.00802241
0.141747 1.29977 1.34993 1.24962 0.608009 0.686644 0.529373 0.495985 0.0501573 0.0786355 0.0226974 0.00780979
0.145759 1.28219 1.33025 1.23414 0.596791 0.673383 0.520199 0.483293 0.0480556 0.0765918 0.0219075 0.00759906
0.149885 1.26452 1.31053 1.21852 0.585463 0.660011 0.510915 0.470738 0.0460028 0.0745479 0.0211278 0.00739027
0.154127 1.24676 1.29076 1.20276 0.574022 0.646527 0.501517 0.45832 0.0439994 0.0725049 0.0203589 0.00718345
0.158489 1.22888 1.27093 1.18683 0.562467 0.632931 0.492003 0.446037 0.042046 0.070464 0.0196012 0.00697865
0.162975 1.21088 1.25102 1.17074 0.550796 0.619222 0.482369 0.433889 0.0401429 0.0684264 0.0188555 0.00677592
0.167588 1.19275 1.23104 1.15446 0.539007 0.6054 0.472613 0.421875 0.0382904 0.0663934 0.0181221 0.0065753
0.172331 1.17447 1.21096 1.13798 0.527099 0.591465 0.462732 0.409995 0.0364888 0.0643662 0.0174015 0.00637684
0.177209 1.15604 1.19077 1.1213 0.515071 0.577418 0.452725 0.398247 0.0347382 0.0623462 0.0166943 0.0061806
0.182224 1.13743 1.17047 1.10439 0.502924 0.563259 0.44259 0.386632 0.0330388 0.0603348 0.0160008 0.00598663
0.187382 1.11864 1.15003 1.08724 0.490659 0.548992 0.432326 0.375149 0.0313907 0.0583332 0.0153215 0.00579498
0.192685 1.09964 1.12944 1.06985 0.478275 0.534618 0.421932 0.363799 0.0297937 0.0563431 0.0146567 0.00560572
0.198139 1.08044 1.10869 1.05219 0.465775 0.520141 0.41141 0.352582 0.0282479 0.0543657 0.0140068 0.00541891
0.203747 1.06101 1.08776 1.03426 0.453161 0.505564 0.400759 0.341498 0.026753 0.0524027 0.0133721 0.0052346
0.209514 1.04134 1.06665 1.01603 0.440437 0.490892 0.389981 0.330548 0.025309 0.0504555 0.0127529 0.00505285
0.215443 1.02142 1.04533 0.9975 0.427605 0.476131 0.37908 0.319732 0.0239154 0.0485257 0.0121495 0.00487374
0.221541 1.00122 1.02379 0.978649 0.414672 0.461287 0.368058 0.309052 0.0225719 0.0466148 0.0115621 0.00469732
0.227812 0.980742 1.00202 0.959464 0.401644 0.446368 0.356919 0.298508 0.0212782 0.0447245 0.0109909 0.00452366
0.234259 0.959967 0.98 0.939933 0.388527 0.431383 0.34567 0.288101 0.0200337 0.0428563 0.0104361 0.00435283
0.24089 0.938879 0.957717 0.920041 0.37533 0.416342 0.334318 0.277834 0.018838 0.0410119 0.0098978 0.00418488
0.247708 0.917465 0.935155 0.899774 0.362063 0.401255 0.32287 0.267707 0.0176904 0.0391929 0.00937612 0.00401988
0.254719 0.89571 0.912301 0.87912 0.348737 0.386137 0.311336 0.257722 0.0165904 0.0374008 0.00887112 0.00385789
0.261928 0.873601 0.889139 0.858064 0.335365 0.371002 0.299727 0.247883 0.0155372 0.0356374 0.00838285 0.00369895
0.269341 0.851123 0.865653 0.836593 0.321962 0.355866 0.288058 0.23819 0.01453 0.0339042 0.0079113 0.00354311
0.276965 0.828258 0.841827 0.81469 0.308547 0.34075 0.276344 0.228646 0.0135682 0.0322028 0.00745645 0.00339039
0.284804 0.804986 0.817636 0.792335 0.295141 0.325675 0.264606 0.219255 0.0126507 0.0305348 0.00701818 0.00324081
0.292864 0.781269 0.793046 0.769492 0.28177 0.310672 0.252869 0.21002 0.0117767 0.0289018 0.00659638 0.00309433
0.301153 0.757021 0.767966 0.746075 0.26848 0.295785 0.241174 0.200946 0.0109453 0.0273053 0.00619075 0.0029508
0.309677 0.731771 0.741926 0.721616 0.255399 0.281146 0.229653 0.192042 0.010155 0.0257466 0.00580074 0.00280971
0.318442 0.71041 0.720275 0.700545 0.246515 0.271681 0.22135 0.188723 0.00986491 0.0251652 0.00565533 0.00275499
0.321833 0.701404 0.710987 0.69182 0.241612 0.266207 0.217017 0.185463 0.00958348 0.0245954 0.00551368 0.00270129
0.325224 0.692443 0.701753 0.683132 0.236771 0.260808 0.212734 0.182258 0.00931044 0.0240372 0.00537566 0.00264856
0.328614 0.683526 0.692572 0.674481 0.231993 0.255483 0.208502 0.179108 0.00904551 0.0234903 0.00524119 0.0025968
0.332005 0.674654 0.683443 0.665866 0.227276 0.250231 0.204322 0.176011 0.00878841 0.0229544 0.00511014 0.00254598
0.335396 0.665827 0.674366 0.657288 0.222622 0.245051 0.200193 0.172967 0.00853889 0.0224293 0.00498243 0.00249608
0.338787 0.657044 0.66534 0.648747 0.218029 0.239944 0.196114 0.169973 0.0082967 0.0219149 0.00485796 0.00244708
0.342178 0.648304 0.656366 0.640242 0.213498 0.234909 0.192087 0.16703 0.0080616 0.0214109 0.00473663 0.00239896
0.345569 0.639608 0.647442 0.631775 0.209028 0.229945 0.18811 0.164136 0.00783336 0.0209171 0.00461835 0.0023517
0.348959 0.630956 0.638568 0.623345 0.204618 0.225051 0.184185 0.161289 0.00761174 0.0204333 0.00450304 0.00230528
0.35235 0.622348 0.629745 0.614952 0.200269 0.220229 0.18031 0.158489 0.00739655 0.0199593 0.00439062 0.00225969
0.355741 0.613784 0.620971 0.606596 0.195981 0.215476 0.176486 0.155736 0.00718757 0.019495 0.00428099 0.00221491
0.359132 0.605263 0.612248 0.598279 0.191752 0.210792 0.172712 0.153027 0.00698459 0.0190402 0.0041741 0.00217093
0.362523 0.596786 0.603574 0.589999 0.187583 0.206178 0.168989 0.150362 0.00678745 0.0185946 0.00406984 0.00212771
0.365914 0.588354 0.59495 0.581758 0.183474 0.201632 0.165316 0.14774 0.00659593 0.0181581 0.00396817 0.00208526
0.369305 0.579965 0.586375 0.573555 0.179424 0.197155 0.161694 0.14516 0.00640988 0.0177305 0.00386899 0.00204355
0.372695 0.571621 0.57785 0.565392 0.175433 0.192745 0.158122 0.142622 0.00622911 0.0173116 0.00377225 0.00200258
0.376086 0.563322 0.569375 0.557268 0.171501 0.188403 0.1546 0.140124 0.00605347 0.0169014 0.00367788 0.00196231
0.379477 0.555067 0.56095 0.549184 0.167627 0.184127 0.151128 0.137666 0.00588278 0.0164996 0.00358581 0.00192275
0.382868 0.546857 0.552574 0.54114 0.163812 0.179918 0.147706 0.135247 0.00571691 0.016106 0.00349598 0.00188388
0.386259 0.538693 0.544249 0.533138 0.160054 0.175775 0.144334 0.132866 0.0055557 0.0157205 0.00340833 0.00184568
0.38965 0.530575 0.535974 0.525176 0.156354 0.171697 0.141011 0.130522 0.005399 0.015343 0.0033228 0.00180814
0.39304 0.522503 0.527749 0.517256 0.152711 0.167685 0.137738 0.128215 0.00524668 0.0149733 0.00323933 0.00177125
0.396431 0.514477 0.519576 0.509378 0.149125 0.163737 0.134514 0.125944 0.00509861 0.0146112 0.00315788 0.001735
0.399822 0.506498 0.511453 0.501544 0.145596 0.159853 0.13134 0.123708 0.00495466 0.0142566 0.00307838 0.00169937
0.403213 0.498567 0.503381 0.493752 0.142124 0.156033 0.128214 0.121507 0.0048147 0.0139095 0.00300079 0.00166435
0.406604 0.490683 0.495361 0.486004 0.138707 0.152277 0.125138 0.11934 0.00467862 0.0135695 0.00292505 0.00162994
0.409995 0.482847 0.487393 0.478301 0.135346 0.148583 0.122109 0.117206 0.00454629 0.0132366 0.00285112 0.00159611
0.413385 0.47506 0.479478 0.470642 0.132041 0.144951 0.11913 0.115105 0.00441761 0.0129107 0.00277895 0.00156287
0.416776 0.467322 0.471614 0.46303 0.12879 0.141382 0.116198 0.113036 0.00429246 0.0125916 0.0027085 0.0015302
0.420167 0.459634 0.463804 0.455463 0.125594 0.137874 0.113315 0.110999 0.00417075 0.0122792 0.00263971 0.00149808
0.423558 0.451995 0.456048 0.447943 0.122453 0.134426 0.11048 0.108992 0.00405237 0.0119734 0.00257256 0.00146651
0.426949 0.444408 0.448345 0.440471 0.119366 0.13104 0.107692 0.107016 0.00393723 0.011674 0.00250699 0.00143549
0.43034 0.436872 0.440697 0.433046 0.116332 0.127713 0.104951 0.10507 0.00382523 0.0113809 0.00244296 0.00140499
0.43373 0.429387 0.433103 0.425671 0.113352 0.124446 0.102258 0.103153 0.00371628 0.0110941 0.00238044 0.00137502
0.437121 0.421955 0.425565 0.418344 0.110424 0.121238 0.0996111 0.101265 0.00361028 0.0108133 0.0023194 0.00134556
0.440512 0.414575 0.418082 0.411068 0.10755 0.118088 0.0970111 0.0994059 0.00350717 0.0105386 0.00225978 0.0013166
0.443903 0.407249 0.410656 0.403842 0.104727 0.114997 0.0944574 0.0975743 0.00340685 0.0102697 0.00220156 0.00128814
0.447294 0.399977 0.403286 0.396668 0.101956 0.111963 0.0919497 0.09577 0.00330924 0.0100065 0.0021447 0.00126016
0.450685 0.39276 0.395974 0.389546 0.0992366 0.108986 0.0894876 0.0939927 0.00321428 0.00974902 0.00208918 0.00123267
0.454075 0.385598 0.38872 0.382476 0.0965681 0.106065 0.087071 0.0922419 0.00312187 0.00949707 0.00203495 0.00120564
0.457466 0.378491 0.381523 0.375459 0.0939501 0.103201 0.0846995 0.0905171 0.00303195 0.00925055 0.00198198 0.00117908
0.460857 0.371442 0.374386 0.368497 0.0913822 0.100392 0.0823729 0.088818 0.00294446 0.00900937 0.00193025 0.00115297
0.464248 0.364449 0.367308 0.361589 0.088864 0.0976374 0.0800906 0.0871441 0.00285931 0.00877342 0.00187973 0.00112732
0.467639 0.357513 0.36029 0.354737 0.086395 0.0949376 0.0778524 0.0854949 0.00277646 0.00854262 0.00183037 0.0011021
0.47103 0.350637 0.353332 0.347941 0.0839748 0.0922917 0.075658 0.0838702 0.00269582 0.00831685 0.00178217 0.00107732
0.47442 0.343819 0.346436 0.341201 0.081603 0.089699 0.073507 0.0822695 0.00261735 0.00809603 0.00173509 0.00105297
0.477811 0.33706 0.339601 0.334519 0.0792791 0.0871592 0.071399 0.0806924 0.00254098 0.00788007 0.0016891 0.00102904
0.481202 0.330362 0.332828 0.327895 0.0770026 0.0846715 0.0693337 0.0791386 0.00246666 0.00766887 0.00164418 0.00100553
0.484593 0.323724 0.326118 0.32133 0.0747731 0.0822354 0.0673107 0.0776077 0.00239433 0.00746234 0.0016003 0.00098242
0.487984 0.317148 0.319472 0.314824 0.07259 0.0798504 0.0653296 0.0760994 0.00232393 0.00726041 0.00155744 0.000959717
0.491375 0.310633 0.312889 0.308378 0.0704531 0.0775161 0.0633901 0.0746133 0.00225541 0.00706297 0.00151558 0.00093741
0.494765 0.304182 0.30637 0.301993 0.0683617 0.0752316 0.0614918 0.0731491 0.00218872 0.00686994 0.00147469 0.000915494
0.498156 0.297793 0.299917 0.295669 0.0663153 0.0729965 0.059634 0.0717065 0.00212382 0.00668125 0.00143475 0.000893963
0.501547 0.291468 0.293529 0.289407 0.0643134 0.0708103 0.0578166 0.0702852 0.00206065 0.0064968 0.00139574 0.000872812
0.504938 0.285208 0.287207 0.283208 0.0623557 0.0686722 0.0560392 0.0688848 0.00199916 0.00631653 0.00135763 0.000852034
0.508329 0.279012 0.280951 0.277073 0.0604415 0.0665818 0.0543011 0.067505 0.00193932 0.00614035 0.00132041 0.000831626
0.51172 0.272882 0.274763 0.271001 0.0585702 0.0645384 0.052602 0.0661456 0.00188108 0.00596818 0.00128406 0.00081158
0.51511 0.266818 0.268642 0.264993 0.0567416 0.0625416 0.0509417 0.0648063 0.0018244 0.00579995 0.00124856 0.000791893
0.518501 0.26082 0.26259 0.259051 0.0549549 0.0605904 0.0493193 0.0634868 0.00176923 0.00563558 0.00121388 0.000772559
0.521892 0.25489 0.256606 0.253175 0.0532096 0.0586847 0.0477346 0.0621868 0.00171554 0.005475 0.00118001 0.000753574
0.525283 0.249028 0.250691 0.247364 0.0515054 0.0568235 0.0461872 0.060906 0.00166328 0.00531814 0.00114694 0.000734932
0.528674 0.243234 0.244846 0.241621 0.0498415 0.0550065 0.0446766 0.0596443 0.00161243 0.00516493 0.00111464 0.000716628
0.532065 0.237508 0.239071 0.235945 0.0482176 0.0532329 0.0432023 0.0584013 0.00156294 0.00501529 0.0010831 0.000698659
0.535455 0.231852 0.233367 0.230337 0.046633 0.0515021 0.0417638 0.0571768 0.00151477 0.00486916 0.0010523 0.000681019
0.538846 0.226266 0.227733 0.224798 0.0450872 0.0498136 0.0403607 0.0559706 0.0014679 0.00472648 0.00102222 0.000663704
0.542237 0.220749 0.222172 0.219327 0.0435796 0.0481668 0.0389924 0.0547824 0.00142229 0.00458717 0.000992855 0.00064671
0.545628 0.215304 0.216682 0.213926 0.0421098 0.0465609 0.0376586 0.053612 0.00137791 0.00445117 0.000964182 0.000630033
0.549019 0.209929 0.211264 0.208595 0.0406771 0.0449955 0.0363587 0.0524592 0.00133473 0.00431842 0.00093619 0.000613667
0.55241 0.204627 0.205919 0.203334 0.0392811 0.0434699 0.0350922 0.0513237 0.00129271 0.00418885 0.000908861 0.00059761
0.5558 0.199396 0.200647 0.198144 0.0379211 0.0419835 0.0338587 0.0502054 0.00125183 0.00406241 0.000882184 0.000581857
0.559191 0.194237 0.195449 0.193025 0.0365966 0.0405356 0.0326576 0.049104 0.00121205 0.00393903 0.000856143 0.000566403
0.562582 0.189151 0.190325 0.187978 0.0353071 0.0391257 0.0314884 0.0480194 0.00117336 0.00381865 0.000830725 0.000551246
0.565973 0.184138 0.185274 0.183003 0.0340519 0.0377532 0.0303507 0.0469513 0.00113571 0.00370122 0.000805918 0.000536381
0.569364 0.179199 0.180298 0.1781 0.0328307 0.0364173 0.029244 0.0458996 0.0010991 0.00358668 0.000781708 0.000521804
0.572755 0.174333 0.175397 0.17327 0.0316426 0.0351176 0.0281677 0.044864 0.00106348 0.00347497 0.000758082 0.000507511
0.576146 0.169542 0.170571 0.168513 0.0304874 0.0338534 0.0271213 0.0438444 0.00102884 0.00336603 0.00073503 0.0004935
0.579536 0.164824 0.165819 0.163829 0.0293642 0.0326241 0.0261044 0.0428406 0.000995147 0.00325982 0.000712538 0.000479766
0.582927 0.160181 0.161144 0.159219 0.0282727 0.031429 0.0251165 0.0418524 0.000962383 0.00315627 0.000690596 0.000466305
0.586318 0.155613 0.156544 0.154682 0.0272122 0.0302676 0.0241569 0.0408797 0.000930522 0.00305534 0.000669191 0.000453115
0.589709 0.15112 0.152019 0.15022 0.0261823 0.0291392 0.0232253 0.0399222 0.000899543 0.00295697 0.000648313 0.000440191
0.5931 0.146701 0.147571 0.145832 0.0251822 0.0280433 0.0223211 0.0389799 0.000869423 0.00286112 0.000627951 0.00042753
0.596491 0.142358 0.143198 0.141518 0.0242115 0.0269793 0.0214438 0.0380525 0.000840142 0.00276772 0.000608095 0.00041513
0.599881 0.138091 0.138902 0.137279 0.0232697 0.0259464 0.0205929 0.0371399 0.000811679 0.00267675 0.000588733 0.000402985
0.603272 0.133898 0.134682 0.133114 0.0223561 0.0249442 0.019768 0.0362419 0.000784013 0.00258813 0.000569857 0.000391094
0.606663 0.129782 0.130539 0.129024 0.0214702 0.0239721 0.0189684 0.0353585 0.000757125 0.00250184 0.000551455 0.000379452
0.610054 0.12574 0.126471 0.125009 0.0206115 0.0230293 0.0181937 0.0344893 0.000730995 0.00241781 0.000533519 0.000368057
0.613445 0.121775 0.12248 0.121069 0.0197794 0.0221154 0.0174434 0.0336344 0.000705606 0.00233601 0.000516039 0.000356905
0.616836 0.117885 0.118566 0.117204 0.0189734 0.0212298 0.016717 0.0327935 0.00068094 0.00225639 0.000499005 0.000345994
0.620226 0.11407 0.114727 0.113413 0.0181929 0.0203718 0.016014 0.0319666 0.000656977 0.0021789 0.000482409 0.000335319
0.623617 0.110331 0.110965 0.109697 0.0174375 0.019541 0.0153339 0.0311534 0.000633702 0.00210351 0.000466242 0.000324878
0.627008 0.106667 0.107278 0.106056 0.0167064 0.0187366 0.0146763 0.0303539 0.000611098 0.00203016 0.000450495 0.000314669
0.630399 0.103078 0.103667 0.102489 0.0159993 0.0179582 0.0140405 0.0295678 0.000589147 0.00195882 0.000435159 0.000304686
0.63379 0.0995646 0.100132 0.0989967 0.0153156 0.0172051 0.0134262 0.0287952 0.000567835 0.00188945 0.000420226 0.000294929
0.637181 0.0961258 0.0966729 0.0955787 0.0146548 0.0164768 0.0128328 0.0280358 0.000547145 0.001822 0.000405689 0.000285393
0.640571 0.0927615 0.0932886 0.0922345 0.0140163 0.0157728 0.0122599 0.0272895 0.000527063 0.00175643 0.000391539 0.000276076
0.643962 0.0894717 0.0899793 0.0889642 0.0133997 0.0150924 0.011707 0.0265562 0.000507574 0.0016927 0.000377768 0.000266975
0.647353 0.086256 0.0867447 0.0857673 0.0128044 0.0144351 0.0111736 0.0258358 0.000488663 0.00163078 0.000364368 0.000258087
0.650744 0.0831139 0.0835842 0.0826436 0.0122299 0.0138005 0.0106592 0.0251282 0.000470316 0.00157063 0.000351333 0.000249408
0.654135 0.0800454 0.0804979 0.0795928 0.0116757 0.0131879 0.0101634 0.0244332 0.000452519 0.00151221 0.000338654 0.000240937
0.657526 0.0770498 0.0774851 0.0766145 0.0111413 0.0125967 0.00968579 0.0237507 0.00043526 0.00145547 0.000326325 0.000232669
0.660916 0.0741269 0.0745454 0.0737084 0.0106262 0.0120266 0.00922579 0.0230806 0.000418524 0.0014004 0.000314338 0.000224603
0.664307 0.0712762 0.0716785 0.0708739 0.0101299 0.0114769 0.00878301 0.0224228 0.0004023 0.00134694 0.000302686 0.000216735
0.667698 0.0684972 0.0688838 0.0681106 0.00965204 0.0109471 0.00835697 0.0217772 0.000386574 0.00129507 0.000291362 0.000209063
0.671089 0.0657894 0.0661608 0.0654181 0.009192 0.0104367 0.00794725 0.0211437 0.000371334 0.00124474 0.000280361 0.000201584
0.67448 0.0631524 0.063509 0.0627959 0.00874935 0.00994528 0.00755341 0.0205222 0.000356569 0.00119594 0.000269674 0.000194294
0.677871 0.0605855 0.0609278 0.0602432 0.00832363 0.00947224 0.00717502 0.0199124 0.000342267 0.00114861 0.000259296 0.000187192
0.681261 0.0580882 0.0584166 0.0577598 0.00791438 0.00901711 0.00681164 0.0193145 0.000328417 0.00110273 0.00024922 0.000180274
0.684652 0.0556597 0.0559748 0.0553447 0.00752114 0.00857942 0.00646287 0.0187281 0.000315007 0.00105827 0.00023944 0.000173538
0.688043 0.0532996 0.0536017 0.0529976 0.00714346 0.00815866 0.00612826 0.0181533 0.000302026 0.0010152 0.00022995 0.000166981
0.691434 0.0510072 0.0512967 0.0507177 0.0067809 0.00775438 0.00580742 0.01759 0.000289464 0.000973477 0.000220744 0.0001606
0.694825 0.0487817 0.049059 0.0485044 0.00643303 0.00736611 0.00549995 0.0170379 0.000277311 0.000933078 0.000211815 0.000154393
0.698216 0.0466223 0.0468878 0.0463567 0.00609941 0.00699338 0.00520544 0.0164971 0.000265556 0.000893971 0.000203158 0.000148356
0.701606 0.0445284 0.0447825 0.0442742 0.00577962 0.00663575 0.0049235 0.0159673 0.000254189 0.000856126 0.000194767 0.000142487
0.704997 0.042499 0.0427422 0.0422558 0.00547326 0.00629277 0.00465375 0.0154486 0.000243201 0.000819514 0.000186636 0.000136784
0.708388 0.0405335 0.0407661 0.0403009 0.00517989 0.005964 0.00439579 0.0149408 0.000232582 0.000784106 0.00017876 0.000131243
0.711779 0.038631 0.0388533 0.0384087 0.00489914 0.00564901 0.00414926 0.0144438 0.000222323 0.000749873 0.000171134 0.000125863
0.71517 0.0367906 0.037003 0.0365782 0.00463058 0.00534737 0.0039138 0.0139574 0.000212414 0.000716787 0.000163751 0.000120639
0.718561 0.0350115 0.0352143 0.0348086 0.00437385 0.00505867 0.00368903 0.0134817 0.000202847 0.000684822 0.000156607 0.000115571
0.721951 0.0332926 0.0334862 0.033099 0.00412856 0.00478251 0.00347461 0.0130165 0.000193613 0.000653949 0.000149696 0.000110655
0.725342 0.0316332 0.0318179 0.0314485 0.00389432 0.00451847 0.00327018 0.0125617 0.000184704 0.000624143 0.000143013 0.000105888
0.728733 0.0300321 0.0302082 0.029856 0.00367078 0.00426616 0.00307541 0.0121171 0.00017611 0.000595376 0.000136553 0.000101268
0.732124 0.0284885 0.0286564 0.0283207 0.00345757 0.0040252 0.00288995 0.0116828 0.000167824 0.000567624 0.000130311 9.67917e-05
0.735515 0.0270014 0.0271612 0.0268416 0.00325434 0.0037952 0.00271348 0.0112586 0.000159838 0.000540861 0.000124282 9.24574e-05
0.738906 0.0255697 0.0257218 0.0254176 0.00306074 0.0035758 0.00254568 0.0108443 0.000152144 0.000515061 0.000118462 8.82623e-05
0.742296 0.0241924 0.0243371 0.0240477 0.00287644 0.00336664 0.00238623 0.0104399 0.000144733 0.000490202 0.000112844 8.42035e-05
0.745687 0.0228684 0.023006 0.0227308 0.00270109 0.00316735 0.00223483 0.0100453 0.0001376 0.000466258 0.000107425 8.02787e-05
0.749078 0.0215967 0.0217275 0.021466 0.00253438 0.00297758 0.00209117 0.00966045 0.000130735 0.000443205 0.0001022 7.64851e-05
0.752469 0.0203763 0.0205004 0.0202521 0.00237598 0.002797 0.00195496 0.00928513 0.000124133 0.000421021 9.71643e-05 7.28203e-05
0.75586 0.0192059 0.0193236 0.0190881 0.00222559 0.00262528 0.00182591 0.0089193 0.000117785 0.000399683 9.23132e-05 6.92818e-05
0.759251 0.0180844 0.0181961 0.0179728 0.00208291 0.00246207 0.00170374 0.00856284 0.000111684 0.000379168 8.76423e-05 6.58669e-05
0.762641 0.0170109 0.0171167 0.0169051 0.00194763 0.00230708 0.00158817 0.00821566 0.000105825 0.000359453 8.31473e-05 6.25731e-05
0.766032 0.0159841 0.0160843 0.0158839 0.00181947 0.00215998 0.00147895 0.00787764 0.0001002 0.000340518 7.88237e-05 5.9398e-05
0.769423 0.0150028 0.0150976 0.014908 0.00169814 0.00202048 0.0013758 0.0075487 9.48023e-05 0.000322341 7.46673e-05 5.6339e-05
0.772814 0.014066 0.0141557 0.0139764 0.00158337 0.00188827 0.00127847 0.00722871 8.96257e-05 0.0003049 7.06738e-05 5.33937e-05
0.776205 0.0131725 0.0132572 0.0130879 0.00147489 0.00176307 0.00118672 0.00691758 8.4664e-05 0.000288175 6.6839e-05 5.05595e-05
0.779596 0.0123211 0.012401 0.0122412 0.00137245 0.0016446 0.0011003 0.00661519 7.99108e-05 0.000272147 6.31588e-05 4.7834e-05
0.782986 0.0115107 0.011586 0.0114353 0.00127578 0.00153258 0.00101899 0.00632146 7.536e-05 0.000256794 5.96291e-05 4.52146e-05
0.786377 0.01074 0.010811 0.010669 0.00118465 0.00142674 0.00094255 0.00603625 7.10057e-05 0.000242097 5.6246e-05 4.26991e-05
0.789768 0.010008 0.0100748 0.00994114 0.0010988 0.00132684 0.000870762 0.00575948 6.6842e-05 0.000228037 5.30054e-05 4.02849e-05
0.793159 0.00931338 0.00937625 0.00925052 0.00101801 0.0012326 0.000803413 0.00549103 6.28632e-05 0.000214595 4.99035e-05 3.79696e-05
0.79655 0.00865506 0.00871412 0.008596 0.000942048 0.0011438 0.000740295 0.00523079 5.90636e-05 0.000201753 4.69364e-05 3.57508e-05
0.799941 0.00803185 0.00808729 0.00797641 0.000870698 0.00106019 0.000681207 0.00497865 5.54376e-05 0.000189491 4.41002e-05 3.3626e-05
0.803332 0.00744257 0.00749455 0.00739059 0.000803745 0.000981538 0.000625952 0.0047345 5.19798e-05 0.000177793 4.13913e-05 3.1593e-05
0.806722 0.00688608 0.00693477 0.0068374 0.000740982 0.000907623 0.000574342 0.00449823 4.8685e-05 0.000166641 3.8806e-05 2.96493e-05
0.810113 0.00636123 0.00640678 0.00631568 0.000682209 0.000838225 0.000526193 0.00426972 4.55478e-05 0.000156016 3.63405e-05 2.77926e-05
0.813504 0.00586685 0.00590942 0.00582429 0.000627232 0.000773135 0.000481329 0.00404887 4.25632e-05 0.000145903 3.39914e-05 2.60206e-05
0.816895 0.00540184 0.00544157 0.00536211 0.000575864 0.000712149 0.00043958 0.00383557 3.97261e-05 0.000136285 3.1755e-05 2.43309e-05
0.820286 0.00496504 0.00500207 0.00492801 0.000527923 0.000655068 0.000400779 0.00362968 3.70316e-05 0.000127144 2.9628e-05 2.27212e-05
0.823677 0.00455535 0.00458982 0.00452087 0.000483235 0.000601701 0.000364769 0.00343111 3.44748e-05 0.000118466 2.76067e-05 2.11892e-05
0.827067 0.00417167 0.00420372 0.00413962 0.00044163 0.000551864 0.000331396 0.00323973 3.2051e-05 0.000110234 2.56879e-05 1.97326e-05
0.830458 0.0038129 0.00384266 0.00378315 0.000402945 0.000505379 0.000300512 0.00305543 2.97556e-05 0.000102433 2.38681e-05 1.83493e-05
0.833849 0.00347797 0.00350556 0.00345039 0.000367024 0.000462072 0.000271976 0.00287809 2.75839e-05 9.50482e-05 2.21442e-05 1.70368e-05
0.83724 0.00316583 0.00319136 0.0031403 0.000333714 0.000421778 0.00024565 0.00270758 2.55316e-05 8.80638e-05 2.05128e-05 1.57932e-05
0.840631 0.00287543 0.00289902 0.00285183 0.00030287 0.000384336 0.000221404 0.0025438 2.35941e-05 8.14658e-05 1.89708e-05 1.46161e-05
0.844022 0.00260574 0.00262751 0.00258397 0.000274351 0.000349591 0.000199112 0.00238661 2.17673e-05 7.52396e-05 1.75149e-05 1.35033e-05
0.847412 0.00235577 0.00237581 0.00233572 0.000248024 0.000317395 0.000178652 0.0022359 2.00469e-05 6.93714e-05 1.61422e-05 1.24527e-05
0.850803 0.00212452 0.00214295 0.00210609 0.000223758 0.000287605 0.00015991 0.00209154 1.84287e-05 6.38474e-05 1.48495e-05 1.14622e-05
0.854194 0.00191103 0.00192794 0.00189412 0.000201429 0.000260083 0.000142775 0.00195342 1.69088e-05 5.86541e-05 1.36339e-05 1.05297e-05
0.857585 0.00171437 0.00172985 0.00169888 0.000180919 0.000234697 0.000127141 0.00182139 1.54832e-05 5.37783e-05 1.24924e-05 9.65296e-06
0.860976 0.0015336 0.00154775 0.00151945 0.000162114 0.000211321 0.000112907 0.00169535 1.4148e-05 4.92071e-05 1.14221e-05 8.83006e-06
0.864367 0.00136784 0.00138073 0.00135494 0.000144904 0.000189832 9.99758e-05 0.00157516 1.28993e-05 4.4928e-05 1.04201e-05 8.05891e-06
0.867757 0.0012162 0.00122793 0.00120447 0.000129185 0.000170114 8.8257e-05 0.00146069 1.17336e-05 4.09284e-05 9.48363e-06 7.33748e-06
0.871148 0.00107785 0.00108849 0.0010672 0.000114859 0.000152056 7.76627e-05 0.00135182 1.0647e-05 3.71964e-05 8.60996e-06 6.6638e-06
0.874539 0.000951954 0.00096159 0.000942317 0.00010183 0.00013555 6.81099e-05 0.00124842 9.63622e-06 3.372e-05 7.79636e-06 6.03588e-06
0.87793 0.000837722 0.00084642 0.000829025 9.00076e-05 0.000120495 5.95198e-05 0.00115035 8.6976e-06 3.04878e-05 7.04018e-06 5.45179e-06
0.881321 0.000734383 0.000742211 0.000726555 7.9306e-05 0.000106794 5.18177e-05 0.00105749 7.82779e-06 2.74883e-05 6.33881e-06 4.90962e-06
0.884712 0.000641192 0.000648216 0.000634169 6.96435e-05 9.4354e-05 4.4933e-05 0.000969702 7.02346e-06 2.47105e-05 5.68969e-06 4.40748e-06
0.888102 0.000557434 0.000563715 0.000551152 6.09424e-05 8.3086e-05 3.87987e-05 0.000886853 6.28137e-06 2.21437e-05 5.09031e-06 3.94351e-06
0.891493 0.000482418 0.000488016 0.000476819 5.31291e-05 7.29063e-05 3.33518e-05 0.000808808 5.59835e-06 1.97773e-05 4.53822e-06 3.5159e-06
0.894884 0.000415485 0.000420456 0.000410514 4.61341e-05 6.3735e-05 2.85332e-05 0.000735434 4.97132e-06 1.76009e-05 4.03101e-06 3.12284e-06
0.898275 0.000356002 0.000360399 0.000351605 3.98914e-05 5.54961e-05 2.42867e-05 0.000666594 4.39725e-06 1.56047e-05 3.56633e-06 2.76257e-06
0.901666 0.000303364 0.000307238 0.000299491 3.43387e-05 4.81175e-05 2.056e-05 0.000602151 3.8732e-06 1.37787e-05 3.14188e-06 2.43337e-06
0.905057 0.000256995 0.000260392 0.000253599 2.94176e-05 4.15312e-05 1.7304e-05 0.000541967 3.39633e-06 1.21136e-05 2.75541e-06 2.13353e-06
0.908447 0.000216347 0.000219311 0.000213383 2.50728e-05 3.56728e-05 1.44729e-05 0.000485905 2.96382e-06 1.05999e-05 2.40472e-06 1.86139e-06
0.911838 0.0001809 0.000183473 0.000178327 2.12526e-05 3.04814e-05 1.20238e-05 0.000433823 2.57299e-06 9.22878e-06 2.08767e-06 1.61532e-06
0.915229 0.000150162 0.000152383 0.00014794 1.79082e-05 2.58996e-05 9.91693e-06 0.000385584 2.22118e-06 7.99132e-06 1.80217e-06 1.39372e-06
0.91862 0.000123669 0.000125575 0.000121763 1.49943e-05 2.18734e-05 8.11529e-06 0.000341044 1.90585e-06 6.87904e-06 1.54618e-06 1.19504e-06
0.922011 0.000100986 0.00010261 9.93612e-05 1.24684e-05 1.83521e-05 6.58472e-06 0.000300062 1.62451e-06 5.88367e-06 1.31773e-06 1.01776e-06
0.925402 8.17038e-05 8.30785e-05 8.0329e-05 1.02908e-05 1.5288e-05 5.29365e-06 0.000262496 1.37474e-06 4.99717e-06 1.11488e-06 8.60402e-07
0.928792 6.54414e-05 6.65956e-05 6.42872e-05 8.42485e-06 1.26366e-05 4.21307e-06 0.000228202 1.15423e-06 4.21177e-06 9.35772e-07 7.21515e-07
0.932183 5.18439e-05 5.28046e-05 5.08832e-05 6.83634e-06 1.03563e-05 3.31641e-06 0.000197037 9.60717e-07 3.51993e-06 7.78593e-07 5.997e-07
0.935574 4.05828e-05 4.13748e-05 3.97908e-05 5.49377e-06 8.40813e-06 2.5794e-06 0.000168855 7.92022e-07 2.91437e-06 6.41588e-07 4.93598e-07
0.938965 3.1355e-05 3.20011e-05 3.0709e-05 4.36804e-06 6.75608e-06 1.97999e-06 0.000143511 6.46048e-07 2.38804e-06 5.23062e-07 4.01889e-07
0.942356 2.38829e-05 2.44037e-05 2.33622e-05 3.43242e-06 5.3666e-06 1.49825e-06 0.000120859 5.20773e-07 1.93417e-06 4.21378e-07 3.23301e-07
0.945747 1.79131e-05 1.83273e-05 1.74988e-05 2.66246e-06 4.20869e-06 1.11623e-06 0.000100752 4.14254e-07 1.54623e-06 3.34962e-07 2.56602e-07
0.949137 1.3216e-05 1.35406e-05 1.28913e-05 2.03582e-06 3.25375e-06 8.17896e-07 8.30449e-05 3.2463e-07 1.21793e-06 2.62301e-07 2.00611e-07
0.952528 9.5849e-06 9.83501e-06 9.33478e-06 1.53226e-06 2.4755e-06 5.89013e-07 6.75889e-05 2.50117e-07 9.43244e-07 2.01943e-07 1.54189e-07
0.955919 6.83558e-06 7.02459e-06 6.64656e-06 1.13344e-06 1.84985e-06 4.17033e-07 5.42371e-05 1.89015e-07 7.16411e-07 1.52501e-07 1.16251e-07
0.95931 4.8051e-06 4.94481e-06 4.6654e-06 8.22929e-07 1.35485e-06 2.91007e-07 4.28423e-05 1.39706e-07 5.31922e-07 1.12655e-07 8.57597e-08
0.962701 3.35121e-06 3.45186e-06 3.25055e-06 5.8603e-07 9.70565e-07 2.01495e-07 3.32575e-05 1.00655e-07 3.84535e-07 8.11506e-08 6.17292e-08
0.966092 2.35146e-06 2.42187e-06 2.28104e-06 4.09746e-07 6.79025e-07 1.40467e-07 2.5337e-05 7.04135e-08 2.69279e-07 5.68025e-08 4.32286e-08
0.969482 1.7026e-06 1.75022e-06 1.65498e-06 2.82687e-07 4.64144e-07 1.0123e-07 1.89371e-05 4.76217e-08 1.81457e-07 3.84963e-08 2.9382e-08
0.972873 1.32021e-06 1.35122e-06 1.28921e-06 1.95027e-07 3.11681e-07 7.83729e-08 1.39181e-05 3.10081e-08 1.16654e-07 2.51905e-08 1.93711e-08
0.976264 1.13904e-06 1.15843e-06 1.11965e-06 1.38501e-07 2.09248e-07 6.77538e-08 1.01488e-05 1.93937e-08 7.07473e-08 1.59186e-08 1.24371e-08
0.979655 1.11555e-06 1.12724e-06 1.10386e-06 1.06544e-07 1.46458e-07 6.66292e-08 7.51597e-06 1.16937e-08 3.99144e-08 9.79125e-09 7.88235e-09
0.983046 1.23735e-06 1.24427e-06 1.23043e-06 9.4846e-08 1.15495e-07 7.41972e-08 5.95173e-06 6.91911e-09 2.06488e-08 5.99704e-09 5.07043e-09
0.986437 1.56309e-06 1.56726e-06 1.55892e-06 1.03757e-07 1.13531e-07 9.39835e-08 5.53118e-06 4.17174e-09 9.77358e-09 3.79698e-09 3.41977e-09
0.989827 2.52835e-06 2.53095e-06 2.52575e-06 1.56721e-07 1.61174e-07 1.52267e-07 7.03136e-06 2.60343e-09 4.45347e-09 2.48018e-09 2.35591e-09
0.993218 1.12222e-05 1.12226e-05 1.12219e-05 6.79439e-07 6.82354e-07 6.76524e-07 4.00366e-05 3.43198e-10 2.9148e-09 1.72422e-10 0
4.01075e-314 inf inf inf inf inf inf 0.000455788 16.271 0.637284 0.393025 0.179296
