9.72476e-05 79.4045 80.5357 78.2734 47.0543 47.8759 46.2327 37.9831 1.13117 0.821627 0.430427 0.421507
0.0001 78.7756 79.9007 77.6506 46.7015 47.5184 45.8845 37.6343 1.12505 0.816977 0.427209 0.418193
0.00010283 78.1586 79.2775 77.0396 46.3547 47.1671 45.5424 37.2882 1.11897 0.812352 0.424013 0.4149
0.000105741 77.5798 78.6928 76.4669 46.0277 46.8354 45.2199 36.9447 1.11291 0.807753 0.42084 0.411628
0.000108734 76.9445 78.0513 75.8376 45.6714 46.4746 44.8683 36.6039 1.10689 0.803179 0.417689 0.408377
0.000111811 76.3135 77.4144 75.2126 45.3174 46.1161 44.5188 36.2656 1.1009 0.798631 0.41456 0.405148
0.000114976 75.6866 76.7816 74.5917 44.9655 45.7597 44.1714 35.9299 1.09493 0.794107 0.411453 0.401939
0.00011823 75.0641 76.1531 73.9751 44.6158 45.4054 43.8262 35.5968 1.089 0.789608 0.408368 0.398752
0.000121576 74.4458 75.5289 73.3627 44.2683 45.0534 43.4831 35.2662 1.0831 0.785134 0.405305 0.395585
0.000125017 73.8317 74.9089 72.7544 43.9229 44.7035 43.1422 34.9382 1.07723 0.780685 0.402263 0.392439
0.000128556 73.2217 74.293 72.1503 43.5796 44.3558 42.8033 34.6127 1.07139 0.77626 0.399243 0.389313
0.000132194 72.6159 73.6815 71.5503 43.2384 44.0103 42.4666 34.2896 1.06557 0.77186 0.396244 0.386208
0.000135936 72.0142 73.074 70.9544 42.8993 43.6668 42.1319 33.9691 1.05979 0.767484 0.393267 0.383122
0.000139783 71.4166 72.4707 70.3626 42.5623 43.3255 41.7992 33.651 1.05403 0.763131 0.390311 0.380057
0.000143739 70.8232 71.8715 69.7749 42.2275 42.9863 41.4687 33.3354 1.04831 0.758803 0.387376 0.377012
0.000147808 70.2337 71.2763 69.1911 41.8947 42.6492 41.1402 33.0222 1.04261 0.754499 0.384462 0.373987
0.000151991 69.6483 70.6852 68.6113 41.5639 42.3141 40.8137 32.7114 1.03694 0.750218 0.381569 0.370982
0.000156293 69.0668 70.0981 68.0355 41.2352 41.9812 40.4892 32.403 1.0313 0.745961 0.378697 0.367996
0.000160717 68.4894 69.5151 67.4637 40.9086 41.6503 40.1668 32.0971 1.02569 0.741727 0.375845 0.36503
0.000165265 67.9159 68.936 66.8958 40.5839 41.3214 39.8464 31.7935 1.02011 0.737516 0.373014 0.362083
0.000169943 67.3465 68.361 66.3319 40.2614 40.9947 39.528 31.4922 1.01455 0.733329 0.370204 0.359157
0.000174753 66.7809 67.7899 65.7718 39.9408 40.6699 39.2116 31.1933 1.00902 0.729165 0.367413 0.356249
0.000179699 66.2191 67.2226 65.2156 39.6222 40.3472 38.8971 30.8967 1.00352 0.725023 0.364643 0.35336
0.000184785 65.6613 66.6593 64.6632 39.3056 40.0265 38.5847 30.6024 0.998049 0.720904 0.361894 0.35049
0.000190015 65.1073 66.0999 64.1147 38.991 39.7078 38.2742 30.3104 0.992602 0.716808 0.359164 0.347639
0.000195393 64.5571 65.5443 63.5699 38.6784 39.3911 37.9656 30.0207 0.987183 0.712734 0.356455 0.344807
0.000200923 64.0107 64.9925 63.0289 38.3677 39.0764 37.659 29.7333 0.98179 0.708683 0.353765 0.341993
0.00020661 63.4682 64.4446 62.4917 38.059 38.7636 37.3543 29.4481 0.976424 0.704654 0.351095 0.339199
0.000212458 62.9293 63.9004 61.9582 37.7522 38.4528 37.0515 29.1651 0.971084 0.700647 0.348445 0.336422
0.000218471 62.3943 63.3601 61.4285 37.4473 38.144 36.7507 28.8844 0.965771 0.696662 0.345814 0.333664
0.000224655 61.8629 62.8234 60.9024 37.1444 37.8371 36.4517 28.6059 0.960483 0.692699 0.343203 0.330925
0.000231013 61.3352 62.2905 60.38 36.8434 37.5321 36.1546 28.3295 0.955222 0.688757 0.340611 0.328203
0.000237551 60.8113 61.7613 59.8613 36.5443 37.2291 35.8595 28.0554 0.949986 0.684837 0.338039 0.3255
0.000244275 60.2909 61.2357 59.3461 36.247 36.928 35.5661 27.7834 0.944776 0.680938 0.335486 0.322814
0.000251189 59.7742 60.7138 58.8346 35.9517 36.6288 35.2747 27.5135 0.93959 0.677061 0.332952 0.320146
0.000258298 59.2611 60.1955 58.3267 35.6583 36.3315 34.985 27.2458 0.934431 0.673205 0.330437 0.317496
0.000265609 58.7516 59.6809 57.8223 35.3666 36.036 34.6973 26.9802 0.929296 0.66937 0.32794 0.314864
0.000273126 58.2457 59.1698 57.3215 35.0769 35.7424 34.4113 26.7167 0.924185 0.665556 0.325463 0.312249
0.000280857 57.7433 58.6624 56.8242 34.789 35.4508 34.1272 26.4553 0.9191 0.661763 0.323004 0.309652
0.000288806 57.2445 58.1585 56.3304 34.5029 35.1609 33.8449 26.196 0.914039 0.657991 0.320564 0.307072
0.00029698 56.7491 57.6581 55.8401 34.2187 34.8729 33.5644 25.9387 0.909002 0.654239 0.318142 0.304508
0.000305386 56.2572 57.1612 55.3532 33.9363 34.5868 33.2858 25.6835 0.903989 0.650507 0.31574 0.301963
0.000314029 55.7688 56.6678 54.8698 33.6556 34.3024 33.0088 25.4303 0.899 0.646796 0.313355 0.299434
0.000322917 55.2839 56.1779 54.3898 33.3768 34.0199 32.7337 25.1792 0.894035 0.643105 0.310988 0.296922
0.000332057 54.8023 55.6914 53.9132 33.0998 33.7392 32.4603 24.9301 0.889093 0.639434 0.30864 0.294427
0.000341455 54.3242 55.2084 53.4401 32.8245 33.4603 32.1888 24.6829 0.884174 0.635783 0.30631 0.291949
0.000351119 53.8495 54.7288 52.9702 32.551 33.1832 31.9189 24.4378 0.879279 0.632152 0.303997 0.289488
0.000361057 53.3781 54.2525 52.5037 32.2793 32.9079 31.6508 24.1946 0.874406 0.62854 0.301703 0.287043
0.000371276 52.9101 53.7797 52.0406 32.0094 32.6343 31.3844 23.9533 0.869557 0.624948 0.299426 0.284614
0.000381784 52.4454 53.3101 51.5807 31.7411 32.3625 31.1197 23.714 0.86473 0.621376 0.297167 0.282202
0.00039259 51.984 52.844 51.1241 31.4746 32.0924 30.8568 23.4767 0.859925 0.617823 0.294926 0.279806
0.000403702 51.5259 52.381 50.6708 31.2098 31.8241 30.5955 23.2412 0.855142 0.614288 0.292702 0.277426
0.000415128 51.0711 51.9215 50.2207 30.9468 31.5575 30.336 23.0077 0.850382 0.610774 0.290496 0.275062
0.000426877 50.6195 51.4651 49.7738 30.6854 31.2927 30.0781 22.776 0.845643 0.607277 0.288307 0.272714
0.000438959 50.1711 51.0121 49.3302 30.4258 31.0296 29.822 22.5462 0.840926 0.6038 0.286135 0.270382
0.000451383 49.726 50.5622 48.8897 30.1678 30.7681 29.5674 22.3183 0.836231 0.600342 0.28398 0.268065
0.000464159 49.284 50.1156 48.4525 29.9115 30.5084 29.3146 22.0923 0.831557 0.596902 0.281843 0.265765
0.000477296 48.8453 49.6722 48.0184 29.6569 30.2503 29.0634 21.868 0.826904 0.593481 0.279722 0.26348
0.000490805 48.4096 49.2319 47.5873 29.4039 29.994 28.8138 21.6457 0.822271 0.590077 0.277618 0.26121
0.000504697 47.9771 48.7948 47.1594 29.1526 29.7393 28.5659 21.4251 0.81766 0.586693 0.275531 0.258956
0.000518981 47.5477 48.3608 46.7347 28.9029 29.4862 28.3196 21.2063 0.813069 0.583326 0.273461 0.256717
0.00053367 47.1214 47.9299 46.3129 28.6549 29.2348 28.0749 20.9893 0.808498 0.579977 0.271408 0.254493
0.000548775 46.6982 47.5022 45.8943 28.4085 28.9851 27.8318 20.7741 0.803947 0.576646 0.26937 0.252285
0.000564307 46.2781 47.0775 45.4787 28.1637 28.737 27.5904 20.5607 0.799417 0.573333 0.26735 0.250091
0.000580278 45.861 46.6559 45.0661 27.9205 28.4905 27.3505 20.349 0.794906 0.570037 0.265346 0.247912
0.000596702 45.4469 46.2373 44.6565 27.6789 28.2457 27.1121 20.1391 0.790414 0.566759 0.263358 0.245749
0.000613591 45.0358 45.8217 44.2499 27.4389 28.0024 26.8754 19.9309 0.785942 0.563498 0.261386 0.243599
0.000630957 44.6277 45.4092 43.8462 27.2005 27.7608 26.6403 19.7244 0.78149 0.560255 0.25943 0.241465
0.000648815 44.2226 44.9997 43.4455 26.9637 27.5207 26.4067 19.5196 0.777056 0.557028 0.25749 0.239345
0.000667179 43.8204 44.5931 43.0478 26.7284 27.2822 26.1746 19.3165 0.772641 0.553819 0.255567 0.23724
0.000686062 43.4212 44.1894 42.653 26.4947 27.0453 25.9441 19.1151 0.768244 0.550626 0.253659 0.235149
0.00070548 43.0249 43.7887 42.261 26.2625 26.81 25.7151 18.9154 0.763866 0.54745 0.251766 0.233072
0.000725448 42.6315 43.391 41.8719 26.0319 26.5762 25.4876 18.7173 0.759506 0.544291 0.24989 0.23101
0.00074598 42.2409 42.9961 41.4857 25.8028 26.344 25.2617 18.5209 0.755164 0.541148 0.248029 0.228961
0.000767094 41.8532 42.6041 41.1024 25.5753 26.1133 25.0373 18.3261 0.750839 0.538022 0.246183 0.226927
0.000788805 41.4684 42.2149 40.7219 25.3492 25.8842 24.8143 18.133 0.746533 0.534912 0.244353 0.224906
0.000811131 41.0864 41.8287 40.3442 25.1247 25.6565 24.5929 17.9414 0.742243 0.531818 0.242538 0.2229
0.000834088 40.7072 41.4452 39.9693 24.9017 25.4304 24.3729 17.7515 0.737971 0.528741 0.240738 0.220907
0.000857696 40.3308 41.0645 39.5971 24.6801 25.2058 24.1544 17.5632 0.733716 0.525679 0.238954 0.218928
0.000881971 39.9572 40.6867 39.2277 24.46 24.9827 23.9374 17.3764 0.729477 0.522632 0.237184 0.216963
0.000906934 39.5863 40.3116 38.8611 24.2414 24.761 23.7218 17.1912 0.725255 0.519602 0.235429 0.215011
0.000932603 39.2182 39.9393 38.4972 24.0243 24.5409 23.5077 17.0076 0.72105 0.516587 0.23369 0.213072
0.000958999 38.8528 39.5697 38.136 23.8087 24.3222 23.2951 16.8255 0.71686 0.513587 0.231964 0.211147
0.000986142 38.4902 39.2028 37.7775 23.5945 24.1051 23.0839 16.645 0.712686 0.510603 0.230254 0.209235
0.00101405 38.1302 38.8387 37.4217 23.3817 23.8893 22.8741 16.4659 0.708528 0.507634 0.228558 0.207337
0.00104275 37.7729 38.4772 37.0685 23.1704 23.675 22.6657 16.2885 0.704386 0.50468 0.226877 0.205451
0.00107227 37.4182 38.1185 36.718 22.9605 23.4622 22.4587 16.1125 0.700258 0.501741 0.22521 0.203579
0.00110262 37.0662 37.7624 36.3701 22.752 23.2508 22.2532 15.938 0.696146 0.498817 0.223557 0.201719
0.00113382 36.7169 37.4089 36.0248 22.5449 23.0408 22.049 15.765 0.692049 0.495907 0.221919 0.199872
0.00116591 36.3701 37.0581 35.6821 22.3392 22.8322 21.8462 15.5934 0.687966 0.493012 0.220294 0.198038
0.00119891 36.0259 36.7098 35.342 22.1349 22.6251 21.6448 15.4234 0.683898 0.490131 0.218684 0.196217
0.00123285 35.6843 36.3642 35.0045 21.932 22.4193 21.4448 15.2548 0.679843 0.487265 0.217087 0.194408
0.00126774 35.3453 36.0211 34.6695 21.7305 22.2149 21.2461 15.0876 0.675803 0.484413 0.215505 0.192612
0.00130362 35.0089 35.6806 34.3371 21.5304 22.012 21.0488 14.9218 0.671776 0.481575 0.213936 0.190829
0.00134052 34.6749 35.3427 34.0072 21.3316 21.8104 20.8529 14.7575 0.667763 0.478751 0.21238 0.189057
0.00137846 34.3435 35.0073 33.6797 21.1342 21.6102 20.6583 14.5946 0.663763 0.47594 0.210839 0.187299
0.00141747 34.0146 34.6743 33.3548 20.9382 21.4113 20.465 14.4332 0.659777 0.473143 0.20931 0.185552
0.00145759 33.6881 34.3439 33.0323 20.7434 21.2138 20.2731 14.2731 0.655803 0.47036 0.207795 0.183817
0.00149885 33.3642 34.016 32.7123 20.55 21.0176 20.0825 14.1144 0.651841 0.467591 0.206293 0.182095
0.00154127 33.0427 33.6905 32.3948 20.358 20.8228 19.8932 13.957 0.647892 0.464834 0.204804 0.180384
0.00158489 32.7236 33.3675 32.0796 20.1672 20.6293 19.7051 13.801 0.643955 0.462091 0.203329 0.178685
0.00162975 32.4069 33.047 31.7669 19.9778 20.4372 19.5184 13.6464 0.64003 0.459361 0.201866 0.176999
0.00167588 32.0927 32.7288 31.4566 19.7897 20.2463 19.333 13.4932 0.636117 0.456643 0.200416 0.175323
0.00172331 31.7808 32.413 31.1486 19.6028 20.0568 19.1489 13.3412 0.632215 0.453939 0.198979 0.17366
0.00177209 31.4714 32.0997 30.843 19.4173 19.8686 18.9661 13.1906 0.628324 0.451247 0.197554 0.172008
0.00182224 31.1643 31.7887 30.5398 19.233 19.6816 18.7845 13.0413 0.624444 0.448568 0.196142 0.170368
0.00187382 30.8595 31.4801 30.2389 19.0501 19.496 18.6042 12.8934 0.620575 0.445901 0.194742 0.168739
0.00192685 30.5571 31.1738 29.9403 18.8684 19.3116 18.4251 12.7467 0.616716 0.443246 0.193355 0.167121
0.00198139 30.257 30.8698 29.6441 18.6879 19.1285 18.2473 12.6013 0.612867 0.440604 0.19198 0.165515
0.00203747 29.9592 30.5682 29.3501 18.5087 18.9467 18.0707 12.4572 0.609029 0.437973 0.190616 0.16392
0.00209514 29.6636 30.2688 29.0584 18.3307 18.7661 17.8954 12.3143 0.6052 0.435355 0.189265 0.162337
0.00215443 29.3704 29.9718 28.769 18.154 18.5868 17.7213 12.1728 0.60138 0.432748 0.187926 0.160764
0.00221541 29.0794 29.677 28.4818 17.9785 18.4087 17.5484 12.0324 0.59757 0.430153 0.186598 0.159202
0.00227812 28.7907 29.3844 28.1969 17.8043 18.2318 17.3767 11.8933 0.593769 0.427569 0.185282 0.157651
0.00234259 28.5041 29.0941 27.9142 17.6312 18.0562 17.2062 11.7555 0.589976 0.424997 0.183977 0.156111
0.0024089 28.2199 28.8061 27.6337 17.4594 17.8818 17.037 11.6189 0.586192 0.422435 0.182684 0.154582
0.00247708 27.9378 28.5202 27.3554 17.2888 17.7086 16.8689 11.4835 0.582416 0.419885 0.181402 0.153063
0.00254719 27.6579 28.2365 27.0792 17.1193 17.5367 16.702 11.3493 0.578648 0.417346 0.180131 0.151555
0.00261928 27.3801 27.955 26.8053 16.9511 17.3659 16.5362 11.2163 0.574888 0.414818 0.178871 0.150058
0.00269341 27.1046 27.6757 26.5335 16.784 17.1963 16.3717 11.0845 0.571135 0.4123 0.177622 0.148571
0.00276965 26.8312 27.3986 26.2638 16.6181 17.0279 16.2083 10.9539 0.567389 0.409793 0.176384 0.147095
0.00284804 26.5599 27.1235 25.9962 16.4533 16.8606 16.0461 10.8244 0.56365 0.407296 0.175156 0.145628
0.00292864 26.2907 26.8506 25.7308 16.2898 16.6946 15.885 10.6961 0.559918 0.404809 0.173939 0.144173
0.00301153 26.0236 26.5798 25.4675 16.1274 16.5297 15.725 10.569 0.556192 0.402333 0.172732 0.142727
0.00309677 25.7587 26.3112 25.2062 15.9661 16.3659 15.5662 10.443 0.552473 0.399866 0.171536 0.141291
0.00318442 25.4958 26.0446 24.947 15.806 16.2034 15.4085 10.3182 0.548759 0.397409 0.170349 0.139866
0.00327455 25.235 25.78 24.6899 15.6469 16.0419 15.252 10.1945 0.545051 0.394962 0.169173 0.13845
0.00336723 24.9762 25.5175 24.4348 15.4891 15.8816 15.0965 10.0719 0.541348 0.392525 0.168006 0.137045
0.00346253 24.7194 25.2571 24.1818 15.3323 15.7224 14.9422 9.95046 0.53765 0.390097 0.166849 0.135649
0.00356053 24.4647 24.9987 23.9308 15.1767 15.5643 14.789 9.83011 0.533957 0.387678 0.165701 0.134263
0.00366131 24.212 24.7423 23.6817 15.0221 15.4074 14.6369 9.71086 0.530268 0.385268 0.164563 0.132887
0.00376494 23.9613 24.4879 23.4347 14.8687 15.2516 14.4858 9.59269 0.526584 0.382867 0.163434 0.13152
0.0038715 23.7125 24.2354 23.1896 14.7163 15.0968 14.3359 9.47562 0.522903 0.380475 0.162313 0.130163
0.00398107 23.4658 23.985 22.9466 14.5651 14.9432 14.187 9.35961 0.519227 0.378092 0.161202 0.128816
0.00409375 23.221 23.7365 22.7054 14.4149 14.7906 14.0392 9.24468 0.515554 0.375717 0.1601 0.127478
0.00420962 22.9781 23.49 22.4662 14.2658 14.6391 13.8924 9.1308 0.511883 0.373351 0.159006 0.126149
0.00432876 22.7372 23.2454 22.229 14.1177 14.4887 13.7467 9.01797 0.508216 0.370992 0.157921 0.124829
0.00445128 22.4982 23.0027 21.9936 13.9707 14.3393 13.6021 8.90619 0.504552 0.368642 0.156843 0.123519
0.00457727 22.2611 22.762 21.7602 13.8248 14.1911 13.4585 8.79545 0.50089 0.3663 0.155774 0.122218
0.00470682 22.0259 22.5231 21.5286 13.6799 14.0438 13.3159 8.68574 0.497229 0.363965 0.154713 0.120926
0.00484003 21.7925 22.2861 21.2989 13.536 13.8976 13.1743 8.57705 0.493571 0.361638 0.153659 0.119643
0.00497702 21.561 22.0509 21.0711 13.3931 13.7525 13.0338 8.46937 0.489914 0.359318 0.152614 0.118369
0.00511789 21.3314 21.8177 20.8451 13.2513 13.6083 12.8943 8.3627 0.486259 0.357006 0.151575 0.117104
0.00526274 21.1036 21.5862 20.621 13.1105 13.4652 12.7558 8.25702 0.482604 0.354701 0.150544 0.115848
0.0054117 20.8777 21.3566 20.3987 12.9708 13.3232 12.6184 8.15234 0.478951 0.352403 0.149519 0.114601
0.00556486 20.6536 21.1289 20.1783 12.832 13.1821 12.4819 8.04864 0.475297 0.350111 0.148502 0.113362
0.00572237 20.4312 20.9029 19.9596 12.6942 13.042 12.3464 7.94592 0.471644 0.347826 0.147491 0.112132
0.00588433 20.2107 20.6787 19.7427 12.5574 12.903 12.2119 7.84417 0.467991 0.345548 0.146486 0.11091
0.00605088 19.9919 20.4563 19.5276 12.4216 12.7649 12.0783 7.74338 0.464338 0.343276 0.145488 0.109697
0.00622213 19.7749 20.2356 19.3143 12.2868 12.6278 11.9458 7.64355 0.460684 0.34101 0.144496 0.108493
0.00639824 19.5597 20.0167 19.1027 12.1529 12.4917 11.8142 7.54466 0.457029 0.33875 0.14351 0.107297
0.00657933 19.3462 19.7996 18.8928 12.02 12.3565 11.6836 7.44671 0.453373 0.336496 0.142529 0.106109
0.00676555 19.1344 19.5841 18.6847 11.8881 12.2224 11.5539 7.3497 0.449716 0.334247 0.141554 0.104929
0.00695704 18.9244 19.3704 18.4783 11.7571 12.0891 11.4251 7.25361 0.446057 0.332004 0.140584 0.103758
0.00715394 18.716 19.1584 18.2736 11.6271 11.9569 11.2973 7.15845 0.442397 0.329766 0.139619 0.102595
0.00735642 18.5094 18.9481 18.0706 11.498 11.8256 11.1705 7.0642 0.438734 0.327534 0.138659 0.10144
0.00756463 18.3044 18.7395 17.8693 11.3699 11.6952 11.0446 6.97085 0.435069 0.325306 0.137703 0.100292
0.00777874 18.1011 18.5325 17.6697 11.2426 11.5657 10.9195 6.8784 0.431402 0.323083 0.136752 0.0991533
0.0079989 17.8994 18.3272 17.4717 11.1163 11.4372 10.7955 6.78684 0.427732 0.320865 0.135805 0.098022
0.0082253 17.6995 18.1235 17.2754 10.9909 11.3096 10.6723 6.69617 0.424059 0.318651 0.134862 0.0968986
0.0084581 17.5011 17.9215 17.0807 10.8664 11.1829 10.55 6.60638 0.420382 0.316441 0.133922 0.0957829
0.00869749 17.3044 17.7211 16.8876 10.7429 11.0571 10.4286 6.51746 0.416702 0.314236 0.132986 0.094675
0.00894366 17.1092 17.5222 16.6962 10.6202 10.9322 10.3081 6.4294 0.413019 0.312034 0.132054 0.0935747
0.00919679 16.9157 17.325 16.5064 10.4984 10.8082 10.1885 6.3422 0.409332 0.309836 0.131124 0.0924821
0.00945709 16.7237 17.1294 16.3181 10.3774 10.6851 10.0698 6.25586 0.405641 0.307642 0.130197 0.0913969
0.00972476 16.5334 16.9353 16.1314 10.2574 10.5628 9.95194 6.17036 0.401945 0.305451 0.129272 0.0903192
0.01 16.3446 16.7428 15.9463 10.1382 10.4415 9.83495 6.08569 0.398245 0.303263 0.12835 0.089249
0.010283 16.1573 16.5518 15.7628 10.0199 10.321 9.71882 6.00187 0.394541 0.301078 0.127429 0.0881861
0.0105741 15.9716 16.3624 15.5807 9.90245 10.2013 9.60355 5.91886 0.390832 0.298896 0.126511 0.0871306
0.0108734 15.7874 16.1745 15.4003 9.78584 10.0826 9.48913 5.83668 0.387118 0.296717 0.125594 0.0860823
0.0111811 15.6047 15.9881 15.2213 9.67008 9.96462 9.37554 5.75531 0.383399 0.29454 0.124678 0.0850412
0.0114976 15.4235 15.8032 15.0439 9.55516 9.84753 9.2628 5.67474 0.379675 0.292365 0.123764 0.0840073
0.011823 15.2439 15.6198 14.8679 9.44108 9.73127 9.15088 5.59498 0.375946 0.290193 0.12285 0.0829805
0.0121576 15.0657 15.4379 14.6935 9.32781 9.61583 9.03979 5.51601 0.372211 0.288022 0.121936 0.0819607
0.0125017 14.889 15.2574 14.5205 9.21537 9.50122 8.92952 5.43783 0.368471 0.285853 0.121023 0.0809479
0.0128556 14.7137 15.0784 14.349 9.10374 9.38743 8.82006 5.36042 0.364725 0.283685 0.12011 0.079942
0.0132194 14.5399 14.9009 14.1789 8.99292 9.27444 8.7114 5.2838 0.360973 0.281519 0.119197 0.078943
0.0135936 14.3675 14.7248 14.0103 8.8829 9.16226 8.60355 5.20794 0.357216 0.279354 0.118283 0.0779508
0.0139783 14.1966 14.5501 13.8431 8.77368 9.05087 8.49649 5.13285 0.353453 0.27719 0.117368 0.0769654
0.0143739 14.0271 14.3768 13.6774 8.66524 8.94027 8.39021 5.05852 0.349684 0.275026 0.116453 0.0759867
0.0147808 13.859 14.2049 13.5131 8.55759 8.83045 8.28473 4.98493 0.345909 0.272863 0.115536 0.0750148
0.0151991 13.6922 14.0344 13.3501 8.45071 8.72142 8.18001 4.91209 0.342128 0.270701 0.114617 0.0740494
0.0156293 13.5269 13.8652 13.1886 8.34461 8.61315 8.07607 4.83999 0.338341 0.268538 0.113697 0.0730906
0.0160717 13.3629 13.6975 13.0284 8.23927 8.50564 7.97289 4.76862 0.334548 0.266376 0.112775 0.0721383
0.0165265 13.2003 13.5311 12.8696 8.13469 8.3989 7.87047 4.69798 0.33075 0.264213 0.111851 0.0711925
0.0169943 13.0391 13.366 12.7121 8.03086 8.29291 7.76881 4.62806 0.326945 0.26205 0.110924 0.0702532
0.0174753 12.8791 13.2023 12.556 7.92778 8.18766 7.66789 4.55885 0.323135 0.259887 0.109994 0.0693202
0.0179699 12.7206 13.0399 12.4012 7.82543 8.08316 7.56771 4.49036 0.319319 0.257722 0.109062 0.0683936
0.0184785 12.5633 12.8788 12.2478 7.72383 7.97938 7.46827 4.42256 0.315498 0.255557 0.108126 0.0674733
0.0190015 12.4073 12.719 12.0957 7.62295 7.87634 7.36956 4.35546 0.311671 0.25339 0.107187 0.0665592
0.0195393 12.2527 12.5605 11.9448 7.52279 7.77401 7.27157 4.28906 0.307839 0.251222 0.106244 0.0656514
0.0200923 12.0993 12.4033 11.7953 7.42335 7.6724 7.1743 4.22334 0.304002 0.249053 0.105297 0.0647496
0.020661 11.9472 12.2473 11.647 7.32462 7.5715 7.07774 4.15831 0.300159 0.246882 0.104346 0.0638541
0.0212458 11.7963 12.0926 11.5 7.22659 7.4713 6.98188 4.09394 0.296312 0.244709 0.103391 0.0629646
0.0218471 11.6467 11.9392 11.3543 7.12926 7.3718 6.88673 4.03025 0.292461 0.242534 0.102431 0.0620811
0.0224655 11.4984 11.787 11.2098 7.03263 7.27298 6.79227 3.96722 0.288605 0.240356 0.101467 0.0612037
0.0231013 11.3513 11.636 11.0665 6.93668 7.17485 6.6985 3.90484 0.284745 0.238176 0.100498 0.0603321
0.0237551 11.2054 11.4862 10.9245 6.84141 7.0774 6.60541 3.84312 0.280881 0.235993 0.0995231 0.0594666
0.0244275 11.0607 11.3377 10.7837 6.74682 6.98062 6.51301 3.78204 0.277014 0.233808 0.0985435 0.0586069
0.0251189 10.9172 11.1903 10.644 6.65289 6.88451 6.42127 3.72161 0.273144 0.23162 0.0975585 0.0577531
0.0258298 10.7749 11.0442 10.5056 6.55963 6.78906 6.3302 3.66181 0.269271 0.229428 0.0965678 0.056905
0.0265609 10.6338 10.8992 10.3684 6.46703 6.69426 6.23979 3.60264 0.265396 0.227233 0.0955715 0.0560628
0.0273126 10.4938 10.7553 10.2323 6.37507 6.60011 6.15004 3.54409 0.261519 0.225035 0.0945693 0.0552263
0.0280857 10.355 10.6126 10.0974 6.28377 6.5066 6.06093 3.48616 0.25764 0.222833 0.0935612 0.0543955
0.0288806 10.2174 10.4711 9.9636 6.1931 6.41372 5.97247 3.42885 0.253761 0.220627 0.0925469 0.0535704
0.029698 10.0808 10.3307 9.83096 6.10306 6.32148 5.88465 3.37214 0.249881 0.218417 0.0915265 0.0527509
0.0305386 9.94545 10.1915 9.69945 6.01366 6.22986 5.79746 3.31603 0.246001 0.216203 0.0904998 0.0519371
0.0314029 9.81118 10.0533 9.56906 5.92488 6.13886 5.7109 3.26052 0.242122 0.213984 0.0894668 0.0511288
0.0322917 9.67801 9.91625 9.43976 5.83672 6.04848 5.62495 3.20561 0.238244 0.211761 0.0884274 0.0503261
0.0332057 9.54593 9.7803 9.31156 5.74916 5.9587 5.53963 3.15127 0.234368 0.209534 0.0873816 0.049529
0.0341455 9.41493 9.64543 9.18444 5.66222 5.86952 5.45492 3.09752 0.230494 0.207302 0.0863293 0.0487373
0.0351119 9.28501 9.51163 9.05839 5.57587 5.78094 5.37081 3.04435 0.226623 0.205065 0.0852705 0.0479512
0.0361057 9.15615 9.3789 8.93339 5.49012 5.69295 5.2873 2.99174 0.222757 0.202823 0.0842052 0.0471705
0.0371276 9.02833 9.24723 8.80944 5.40496 5.60554 5.20439 2.9397 0.218894 0.200576 0.0831335 0.0463953
0.0381784 8.90156 9.1166 8.68652 5.32039 5.51871 5.12207 2.88822 0.215037 0.198323 0.0820553 0.0456255
0.039259 8.77582 8.98701 8.56463 5.2364 5.43246 5.04033 2.83729 0.211186 0.196066 0.0809708 0.044861
0.0403702 8.6511 8.85844 8.44376 5.15298 5.34678 4.95917 2.78691 0.207342 0.193802 0.07988 0.044102
0.0415128 8.52738 8.73089 8.32388 5.07013 5.26166 4.87859 2.73707 0.203506 0.191534 0.0787829 0.0433484
0.0426877 8.40466 8.60434 8.20499 4.98784 5.1771 4.79858 2.68778 0.199678 0.18926 0.0776798 0.0426001
0.0438959 8.28293 8.47879 8.08707 4.90611 5.09309 4.71913 2.63901 0.19586 0.18698 0.0765707 0.0418571
0.0451383 8.16217 8.35423 7.97012 4.82494 5.00963 4.64024 2.59078 0.192051 0.184694 0.0754557 0.0411195
0.0464159 8.04238 8.23064 7.85413 4.74431 4.92672 4.56191 2.54307 0.188255 0.182403 0.0743351 0.0403872
0.0477296 7.92354 8.10801 7.73907 4.66424 4.84434 4.48413 2.49587 0.18447 0.180105 0.0732089 0.0396602
0.0490805 7.80565 7.98635 7.62495 4.5847 4.7625 4.40689 2.44919 0.180699 0.177802 0.0720775 0.0389385
0.0504697 7.68869 7.86563 7.51174 4.50569 4.68119 4.3302 2.40302 0.176942 0.175493 0.0709411 0.0382221
0.0518981 7.57265 7.74585 7.39944 4.42722 4.6004 4.25404 2.35735 0.173201 0.173178 0.0697998 0.0375111
0.053367 7.45751 7.62699 7.28804 4.34928 4.52013 4.17842 2.31218 0.169475 0.170857 0.0686539 0.0368052
0.0548775 7.34328 7.50905 7.17751 4.27185 4.44038 4.10332 2.26751 0.165768 0.168531 0.0675038 0.0361047
0.0564307 7.22994 7.39202 7.06786 4.19495 4.36114 4.02875 2.22332 0.162078 0.166198 0.0663496 0.0354095
0.0580278 7.11747 7.27588 6.95907 4.11856 4.28242 3.9547 2.17962 0.158409 0.163859 0.0651919 0.0347196
0.0596702 7.00587 7.16063 6.85111 4.04268 4.20419 3.88116 2.13639 0.15476 0.161515 0.0640307 0.0340349
0.0613591 6.89513 7.04626 6.74399 3.9673 4.12647 3.80814 2.09364 0.151133 0.159165 0.0628667 0.0333556
0.0630957 6.78523 6.93275 6.6377 3.89243 4.04924 3.73562 2.05136 0.147529 0.156809 0.0617 0.0326816
0.0648815 6.67616 6.82011 6.53221 3.81806 3.97251 3.66362 2.00955 0.143949 0.154448 0.0605311 0.0320129
0.0667179 6.56791 6.7083 6.42751 3.74419 3.89627 3.59211 1.9682 0.140394 0.152081 0.0593605 0.0313496
0.0686062 6.46047 6.59734 6.3236 3.67081 3.82052 3.5211 1.9273 0.136866 0.149709 0.0581885 0.0306916
0.070548 6.35383 6.4872 6.22046 3.59793 3.74526 3.45059 1.88686 0.133366 0.147332 0.0570155 0.0300389
0.0725448 6.24797 6.37787 6.11808 3.52553 3.67048 3.38058 1.84686 0.129895 0.144949 0.0558421 0.0293917
0.074598 6.1429 6.26935 6.01644 3.45362 3.59618 3.31105 1.80731 0.126454 0.142562 0.0546688 0.0287498
0.0767094 6.03858 6.16163 5.91554 3.38219 3.52236 3.24202 1.7682 0.123045 0.140171 0.0534959 0.0281134
0.0788805 5.93502 6.05468 5.81535 3.31124 3.44902 3.17347 1.72952 0.119667 0.137775 0.0523241 0.0274825
0.0811131 5.83219 5.94852 5.71587 3.24078 3.37616 3.10541 1.69128 0.116324 0.135375 0.0511538 0.026857
0.0834088 5.7301 5.84311 5.61708 3.1708 3.30377 3.03783 1.65346 0.113015 0.132971 0.0499856 0.026237
0.0857696 5.62872 5.73846 5.51898 3.10129 3.23186 2.97073 1.61607 0.109743 0.130564 0.04882 0.0256226
0.0881971 5.52805 5.63455 5.42154 3.03227 3.16042 2.90411 1.57909 0.106508 0.128153 0.0476575 0.0250138
0.0906934 5.42807 5.53138 5.32476 2.96372 3.08946 2.83798 1.54254 0.103311 0.12574 0.0464988 0.0244106
0.0932603 5.32877 5.42892 5.22861 2.89565 3.01898 2.77233 1.5064 0.100153 0.123324 0.0453443 0.0238131
0.0958999 5.23014 5.32718 5.1331 2.82806 2.94897 2.70716 1.47066 0.0970368 0.120906 0.0441947 0.0232213
0.0986142 5.13217 5.22613 5.03821 2.76095 2.87944 2.64247 1.43534 0.0939618 0.118487 0.0430506 0.0226352
0.101405 5.03484 5.12577 4.94391 2.69432 2.81039 2.57826 1.40042 0.0909296 0.116066 0.0419124 0.022055
0.104275 4.93815 5.02609 4.85021 2.62818 2.74182 2.51453 1.3659 0.0879413 0.113645 0.0407809 0.0214806
0.107227 4.84208 4.92707 4.75708 2.56252 2.67374 2.45129 1.33178 0.0849977 0.111224 0.0396566 0.0209121
0.110262 4.74662 4.82872 4.66452 2.49735 2.60615 2.38854 1.29806 0.0821001 0.108803 0.0385401 0.0203497
0.113382 4.65175 4.731 4.57251 2.43267 2.53905 2.32628 1.26473 0.0792493 0.106383 0.0374319 0.0197932
0.116591 4.55748 4.63393 4.48103 2.36848 2.47245 2.26452 1.23179 0.0764461 0.103965 0.0363328 0.0192429
0.119891 4.46378 4.53747 4.39009 2.3048 2.40635 2.20325 1.19924 0.0736916 0.101549 0.0352432 0.0186987
0.123285 4.37064 4.44163 4.29966 2.24162 2.34075 2.14248 1.16708 0.0709865 0.0991359 0.0341638 0.0181608
0.126774 4.27806 4.34639 4.20973 2.17895 2.27568 2.08222 1.1353 0.0683316 0.0967268 0.033095 0.0176292
0.130362 4.18602 4.25175 4.12029 2.1168 2.21112 2.02248 1.10392 0.0657278 0.0943221 0.0320377 0.017104
0.134052 4.09451 4.15769 4.03133 2.05518 2.1471 1.96325 1.07291 0.0631757 0.0919227 0.0309921 0.0165853
0.137846 4.00352 4.0642 3.94285 1.99408 2.08361 1.90455 1.04229 0.060676 0.0895294 0.029959 0.0160732
0.141747 3.91304 3.97127 3.85481 1.93353 2.02068 1.84639 1.01205 0.0582293 0.0871431 0.0289389 0.0155677
0.145759 3.82306 3.8789 3.76723 1.87353 1.9583 1.78877 0.982195 0.0558363 0.0847648 0.0279323 0.015069
0.149885 3.73358 3.78708 3.68008 1.81409 1.89649 1.7317 0.952721 0.0534973 0.0823952 0.0269398 0.0145772
0.154127 3.64457 3.69579 3.59336 1.75523 1.83527 1.67519 0.923629 0.0512129 0.0800355 0.0259618 0.0140923
0.158489 3.55604 3.60502 3.50705 1.69695 1.77464 1.61927 0.894921 0.0489835 0.0776866 0.0249989 0.0136144
0.162975 3.46797 3.51478 3.42116 1.63927 1.71462 1.56392 0.866597 0.0468095 0.0753496 0.0240515 0.0131438
0.167588 3.38036 3.42506 3.33567 1.58221 1.65523 1.50918 0.838657 0.0446911 0.0730256 0.0231202 0.0126804
0.172331 3.29321 3.33584 3.25058 1.52577 1.59649 1.45506 0.811104 0.0426286 0.0707158 0.0222053 0.0122244
0.177209 3.2065 3.24712 3.16587 1.46998 1.5384 1.40156 0.783938 0.0406222 0.0684212 0.0213073 0.011776
0.182224 3.12023 3.1589 3.08156 1.41485 1.481 1.34871 0.757163 0.0386721 0.0661432 0.0204267 0.0113351
0.187382 3.0344 3.07118 2.99762 1.36041 1.42429 1.29653 0.730781 0.0367783 0.0638829 0.0195638 0.010902
0.192685 2.949 2.98394 2.91406 1.30667 1.36831 1.24503 0.704793 0.0349407 0.0616417 0.018719 0.0104768
0.198139 2.86404 2.8972 2.83088 1.25365 1.31307 1.19423 0.679204 0.0331595 0.0594208 0.0178928 0.0100596
0.203747 2.77952 2.81096 2.74809 1.20139 1.25861 1.14417 0.654016 0.0314345 0.0572216 0.0170853 0.00965058
0.209514 2.69543 2.7252 2.66567 1.14989 1.20494 1.09485 0.629234 0.0297655 0.0550454 0.016297 0.00924977
0.215443 2.61179 2.63994 2.58364 1.0992 1.15209 1.0463 0.604861 0.0281523 0.0528937 0.0155281 0.00885736
0.221541 2.5286 2.55519 2.502 1.04933 1.1001 0.998559 0.580902 0.0265947 0.0507679 0.0147789 0.00847347
0.227812 2.44586 2.47095 2.42077 1.00031 1.04898 0.951646 0.557361 0.0250923 0.0486694 0.0140497 0.00809823
0.234259 2.36359 2.38723 2.33994 0.952188 0.998788 0.905588 0.534243 0.0236447 0.0465997 0.0133406 0.00773176
0.24089 2.2818 2.30406 2.25955 0.904983 0.949543 0.860422 0.511555 0.0222515 0.0445603 0.012652 0.00737418
0.247708 2.20052 2.22143 2.17961 0.858734 0.901287 0.816182 0.489301 0.0209122 0.0425526 0.0119839 0.00702559
0.254719 2.11976 2.13939 2.10014 0.813482 0.854061 0.772904 0.467488 0.0196262 0.0405783 0.0113364 0.00668611
0.261928 2.03956 2.05796 2.02117 0.769267 0.807905 0.730628 0.446122 0.0183929 0.0386387 0.0107098 0.00635582
0.269341 1.95995 1.97716 1.94274 0.726136 0.762872 0.689401 0.425209 0.0172117 0.0367354 0.0101039 0.00603479
0.276965 1.88098 1.89706 1.86489 0.684151 0.71902 0.649281 0.404758 0.0160817 0.0348698 0.00951892 0.00572304
0.284804 1.8027 1.8177 1.78769 0.643383 0.676426 0.610339 0.384775 0.0150021 0.0330434 0.00895469 0.00542056
0.292864 1.72521 1.73918 1.71124 0.603947 0.635205 0.57269 0.365271 0.013972 0.0312576 0.00841106 0.00512724
0.301153 1.64868 1.66167 1.63569 0.566082 0.595596 0.536569 0.346254 0.0129903 0.0295136 0.00788764 0.00484275
0.309677 1.57381 1.58587 1.56176 0.530868 0.55868 0.503056 0.327744 0.0120551 0.0278122 0.00738333 0.00456602
0.318442 1.51881 1.53052 1.5071 0.508407 0.535583 0.481231 0.320887 0.0117097 0.0271761 0.00719369 0.00445948
0.321833 1.49086 1.50223 1.47948 0.494844 0.521397 0.468291 0.314171 0.0113744 0.0265531 0.00700889 0.00435534
0.325224 1.4633 1.47435 1.45225 0.481591 0.507534 0.455648 0.307593 0.0110489 0.0259428 0.00682879 0.00425355
0.328614 1.43615 1.44688 1.42541 0.468641 0.493987 0.443296 0.30115 0.0107328 0.0253451 0.00665326 0.00415405
0.332005 1.40938 1.4198 1.39895 0.455989 0.480748 0.431229 0.294839 0.010426 0.0247596 0.00648217 0.00405678
0.335396 1.38299 1.39311 1.37286 0.443627 0.467813 0.419441 0.288656 0.010128 0.0241862 0.00631541 0.00396169
0.338787 1.35697 1.36681 1.34713 0.43155 0.455175 0.407926 0.282598 0.00983868 0.0236245 0.00615284 0.00386872
0.342178 1.33133 1.34088 1.32177 0.419752 0.442827 0.396678 0.276664 0.00955766 0.0230745 0.00599436 0.00377783
0.345569 1.30604 1.31533 1.29676 0.408227 0.430763 0.385691 0.270849 0.00928471 0.0225357 0.00583986 0.00368895
0.348959 1.28112 1.29014 1.2721 0.396969 0.418977 0.374961 0.265152 0.00901958 0.022008 0.00568922 0.00360205
0.35235 1.25655 1.26531 1.24779 0.385973 0.407465 0.364482 0.259569 0.00876203 0.0214913 0.00554236 0.00351708
0.355741 1.23232 1.24083 1.22381 0.375234 0.396219 0.354249 0.254098 0.00851181 0.0209851 0.00539915 0.00343399
0.359132 1.20844 1.21671 1.20017 0.364746 0.385235 0.344256 0.248737 0.0082687 0.0204895 0.00525952 0.00335274
0.362523 1.1849 1.19293 1.17686 0.354504 0.374508 0.3345 0.243482 0.00803249 0.0200041 0.00512335 0.00327328
0.365914 1.16168 1.16949 1.15388 0.344503 0.364032 0.324975 0.238333 0.00780297 0.0195287 0.00499056 0.00319557
0.369305 1.1388 1.14638 1.13122 0.334739 0.353802 0.315676 0.233286 0.00757992 0.0190632 0.00486107 0.00311957
0.372695 1.11624 1.1236 1.10888 0.325206 0.343814 0.306599 0.228339 0.00736316 0.0186073 0.00473478 0.00304524
0.376086 1.094 1.10115 1.08685 0.3159 0.334061 0.297739 0.22349 0.00715249 0.0181609 0.00461161 0.00297255
0.379477 1.07208 1.07903 1.06513 0.306817 0.32454 0.289093 0.218738 0.00694773 0.0177238 0.00449149 0.00290145
0.382868 1.05047 1.05722 1.04372 0.297951 0.315247 0.280655 0.214079 0.0067487 0.0172958 0.00437432 0.00283191
0.386259 1.02916 1.03572 1.02261 0.289298 0.306175 0.272422 0.209512 0.00655524 0.0168767 0.00426004 0.00276389
0.38965 1.00816 1.01453 1.0018 0.280855 0.297322 0.264389 0.205036 0.00636717 0.0164664 0.00414857 0.00269736
0.39304 0.987464 0.993649 0.98128 0.272617 0.288682 0.256552 0.200647 0.00618435 0.0160647 0.00403983 0.00263229
0.396431 0.967064 0.97307 0.961057 0.26458 0.280251 0.248908 0.196345 0.00600661 0.0156714 0.00393377 0.00256863
0.399822 0.946957 0.952791 0.941123 0.256739 0.272025 0.241452 0.192127 0.0058338 0.0152864 0.00383031 0.00250637
0.403213 0.92714 0.932806 0.921474 0.249091 0.264 0.234182 0.187992 0.00566578 0.0149094 0.00372938 0.00244547
0.406604 0.907612 0.913114 0.902109 0.241632 0.256172 0.227092 0.183938 0.00550242 0.0145404 0.00363092 0.00238589
0.409995 0.888367 0.893711 0.883023 0.234358 0.248538 0.220179 0.179964 0.00534357 0.0141793 0.00353487 0.00232762
0.413385 0.869405 0.874594 0.864216 0.227266 0.241092 0.21344 0.176067 0.00518911 0.0138257 0.00344117 0.00227062
0.416776 0.850721 0.85576 0.845682 0.220351 0.233831 0.206872 0.172246 0.00503891 0.0134797 0.00334976 0.00221485
0.420167 0.832312 0.837205 0.82742 0.213611 0.226752 0.20047 0.1685 0.00489284 0.013141 0.00326059 0.00216031
0.423558 0.814178 0.818928 0.809427 0.207041 0.21985 0.194231 0.164827 0.0047508 0.0128096 0.00317359 0.00210695
0.426949 0.796313 0.800925 0.7917 0.200638 0.213123 0.188153 0.161226 0.00461266 0.0124852 0.00308871 0.00205476
0.43034 0.778715 0.783194 0.774237 0.194399 0.206567 0.182231 0.157695 0.00447832 0.0121678 0.0030059 0.00200371
0.43373 0.761383 0.76573 0.757035 0.18832 0.200177 0.176463 0.154232 0.00434766 0.0118572 0.00292512 0.00195376
0.437121 0.744313 0.748533 0.740092 0.182398 0.193951 0.170845 0.150838 0.00422059 0.0115533 0.0028463 0.00190491
0.440512 0.727504 0.731601 0.723407 0.17663 0.187886 0.165374 0.147509 0.004097 0.011256 0.00276941 0.00185713
0.443903 0.710953 0.71493 0.706976 0.171013 0.181978 0.160048 0.144245 0.00397679 0.0109651 0.0026944 0.00181039
0.447294 0.694657 0.698516 0.690797 0.165543 0.176224 0.154863 0.141044 0.00385988 0.0106805 0.00262121 0.00176466
0.450685 0.678613 0.682359 0.674867 0.160218 0.17062 0.149816 0.137906 0.00374616 0.0104021 0.00254981 0.00171994
0.454075 0.66282 0.666456 0.659185 0.155034 0.165163 0.144904 0.134829 0.00363556 0.0101297 0.00248015 0.0016762
0.457466 0.647277 0.650805 0.643749 0.149988 0.159852 0.140125 0.131812 0.00352798 0.00986337 0.00241219 0.00163341
0.460857 0.63198 0.635403 0.628557 0.145078 0.154681 0.135475 0.128853 0.00342334 0.00960286 0.0023459 0.00159157
0.464248 0.616927 0.620249 0.613606 0.140301 0.149649 0.130953 0.125952 0.00332156 0.00934808 0.00228122 0.00155064
0.467639 0.602117 0.605339 0.598894 0.135653 0.144752 0.126554 0.123107 0.00322256 0.00909894 0.00221812 0.00151061
0.47103 0.587546 0.590672 0.584419 0.131133 0.139988 0.122278 0.120318 0.00312627 0.00885532 0.00215657 0.00147146
0.47442 0.573212 0.576245 0.57018 0.126737 0.135354 0.118119 0.117583 0.00303261 0.00861711 0.00209653 0.00143317
0.477811 0.559116 0.562057 0.556174 0.122462 0.130846 0.114078 0.114901 0.00294151 0.00838422 0.00203795 0.00139572
0.481202 0.545253 0.548106 0.5424 0.118307 0.126463 0.11015 0.112272 0.0028529 0.00815654 0.00198082 0.0013591
0.484593 0.531622 0.534389 0.528855 0.114267 0.122201 0.106333 0.109693 0.00276672 0.00793398 0.00192508 0.00132329
0.487984 0.518221 0.520904 0.515538 0.110342 0.118058 0.102626 0.107165 0.00268289 0.00771644 0.00187072 0.00128828
0.491375 0.505048 0.50765 0.502447 0.106528 0.114032 0.0990241 0.104686 0.00260136 0.00750382 0.00181769 0.00125404
0.494765 0.492102 0.494624 0.48958 0.102823 0.110119 0.0955267 0.102256 0.00252206 0.00729603 0.00176597 0.00122056
0.498156 0.47938 0.481825 0.476935 0.0992239 0.106317 0.0921309 0.0998731 0.00244493 0.00709297 0.00171553 0.00118783
0.501547 0.46688 0.469249 0.46451 0.0957291 0.102624 0.0888345 0.0975367 0.00236992 0.00689456 0.00166633 0.00115582
0.504938 0.4546 0.456897 0.452303 0.092336 0.0990367 0.0856352 0.0952461 0.00229697 0.00670071 0.00161835 0.00112454
0.508329 0.442539 0.444765 0.440313 0.0890422 0.0955535 0.0825309 0.0930003 0.00222602 0.00651132 0.00157156 0.00109395
0.51172 0.430695 0.432852 0.428538 0.0858455 0.0921718 0.0795192 0.0907986 0.00215703 0.00632632 0.00152593 0.00106405
0.51511 0.419065 0.421155 0.416975 0.0827436 0.0888892 0.076598 0.08864 0.00208993 0.00614562 0.00148143 0.00103482
0.518501 0.407649 0.409674 0.405624 0.0797343 0.0857034 0.0737652 0.0865238 0.00202469 0.00596914 0.00143805 0.00100626
0.521892 0.396444 0.398405 0.394483 0.0768155 0.0826123 0.0710187 0.0844493 0.00196124 0.00579679 0.00139574 0.000978336
0.525283 0.385448 0.387348 0.383548 0.0739851 0.0796136 0.0683566 0.0824156 0.00189955 0.0056285 0.0013545 0.000951048
0.528674 0.37466 0.376499 0.37282 0.0712409 0.0767051 0.0657767 0.080422 0.00183956 0.00546419 0.00131428 0.000924381
0.532065 0.364077 0.365858 0.362296 0.0685808 0.0738846 0.063277 0.0784678 0.00178124 0.00530378 0.00127508 0.000898323
0.535455 0.353698 0.355423 0.351974 0.066003 0.0711502 0.0608558 0.0765522 0.00172453 0.00514719 0.00123687 0.000872862
0.538846 0.343521 0.345191 0.341852 0.0635053 0.0684996 0.0585109 0.0746746 0.0016694 0.00499435 0.00119962 0.000847984
0.542237 0.333544 0.33516 0.331929 0.0610858 0.065931 0.0562406 0.0728342 0.00161581 0.00484519 0.00116331 0.00082368
0.545628 0.323766 0.32533 0.322202 0.0587426 0.0634422 0.054043 0.0710305 0.00156371 0.00469964 0.00112792 0.000799938
0.549019 0.314184 0.315697 0.312671 0.0564738 0.0610315 0.0519162 0.0692626 0.00151307 0.00455763 0.00109344 0.000776746
0.55241 0.304797 0.306261 0.303333 0.0542777 0.0586968 0.0498586 0.06753 0.00146385 0.00441908 0.00105983 0.000754094
0.5558 0.295602 0.297018 0.294186 0.0521523 0.0564362 0.0478683 0.0658321 0.00141601 0.00428392 0.00102709 0.000731972
0.559191 0.286598 0.287968 0.285229 0.0500957 0.0542478 0.0459436 0.0641682 0.00136951 0.0041521 0.000995181 0.000710368
0.562582 0.277784 0.279108 0.27646 0.0481064 0.05213 0.0440829 0.0625378 0.00132433 0.00402355 0.000964098 0.000689272
0.565973 0.269156 0.270437 0.267876 0.0461826 0.0500808 0.0422844 0.0609401 0.00128043 0.00389819 0.000933817 0.000668676
0.569364 0.260714 0.261952 0.259476 0.0443226 0.0480986 0.0405466 0.0593747 0.00123777 0.00377598 0.000904321 0.000648569
0.572755 0.252455 0.253652 0.251259 0.0425247 0.0461815 0.0388679 0.057841 0.00119632 0.00365683 0.000875593 0.00062894
0.576146 0.244378 0.245534 0.243222 0.0407873 0.044328 0.0372466 0.0563384 0.00115605 0.00354071 0.000847615 0.000609783
0.579536 0.23648 0.237597 0.235363 0.0391088 0.0425363 0.0356812 0.0548663 0.00111694 0.00342753 0.000820369 0.000591085
0.582927 0.22876 0.229839 0.227681 0.0374875 0.0408048 0.0341703 0.0534243 0.00107894 0.00331725 0.000793841 0.00057284
0.586318 0.221216 0.222258 0.220174 0.0359221 0.0391319 0.0327123 0.0520118 0.00104204 0.0032098 0.000768013 0.000555038
0.589709 0.213845 0.214851 0.212839 0.034411 0.0375161 0.0313058 0.0506283 0.00100621 0.00310513 0.00074287 0.000537671
0.5931 0.206646 0.207618 0.205675 0.0329526 0.0359558 0.0299494 0.0492733 0.000971407 0.00300319 0.000718396 0.000520729
0.596491 0.199617 0.200555 0.19868 0.0315455 0.0344494 0.0286416 0.0479462 0.00093762 0.00290391 0.000694577 0.000504205
0.599881 0.192756 0.193661 0.191851 0.0301884 0.0329956 0.0273811 0.0466467 0.000904817 0.00280724 0.000671398 0.000488091
0.603272 0.186061 0.186934 0.185188 0.0288798 0.0315929 0.0261666 0.0453742 0.000872974 0.00271313 0.000648844 0.000472379
0.606663 0.17953 0.180372 0.178688 0.0276183 0.0302398 0.0249967 0.0441283 0.000842066 0.00262153 0.000626901 0.00045706
0.610054 0.17316 0.173972 0.172348 0.0264026 0.028935 0.0238702 0.0429085 0.000812069 0.00253238 0.000605556 0.000442127
0.613445 0.166951 0.167734 0.166168 0.0252314 0.027677 0.0227857 0.0417144 0.000782961 0.00244564 0.000584795 0.000427573
0.616836 0.160899 0.161654 0.160144 0.0241033 0.0264646 0.0217421 0.0405455 0.000754717 0.00236125 0.000564605 0.00041339
0.620226 0.155003 0.15573 0.154276 0.0230173 0.0252964 0.0207381 0.0394014 0.000727317 0.00227916 0.000544974 0.000399571
0.623617 0.149261 0.149962 0.14856 0.0219719 0.0241712 0.0197726 0.0382817 0.000700738 0.00219933 0.000525888 0.000386109
0.627008 0.14367 0.144345 0.142995 0.020966 0.0230877 0.0188443 0.0371859 0.00067496 0.0021217 0.000507336 0.000372997
0.630399 0.138229 0.138879 0.137579 0.0199984 0.0220447 0.0179522 0.0361137 0.000649961 0.00204624 0.000489305 0.000360227
0.63379 0.132936 0.133561 0.13231 0.019068 0.0210409 0.0170951 0.0350646 0.000625723 0.0019729 0.000471784 0.000347794
0.637181 0.127787 0.12839 0.127185 0.0181736 0.0200753 0.016272 0.0340384 0.000602225 0.00190162 0.00045476 0.000335691
0.640571 0.122782 0.123362 0.122203 0.0173142 0.0191465 0.0154818 0.0330345 0.000579449 0.00183237 0.000438224 0.00032391
0.643962 0.117919 0.118476 0.117361 0.0164885 0.0182536 0.0147234 0.0320526 0.000557375 0.0017651 0.000422163 0.000312446
0.647353 0.113194 0.11373 0.112658 0.0156957 0.0173954 0.0139959 0.0310924 0.000535987 0.00169978 0.000406567 0.000301293
0.650744 0.108605 0.109121 0.10809 0.0149346 0.0165709 0.0132982 0.0301534 0.000515266 0.00163635 0.000391426 0.000290443
0.654135 0.104152 0.104647 0.103657 0.0142042 0.0157789 0.0126294 0.0292354 0.000495194 0.00157477 0.000376729 0.000279892
0.657526 0.0998308 0.100307 0.0993551 0.0135035 0.0150185 0.0119885 0.028338 0.000475756 0.00151501 0.000362465 0.000269633
0.660916 0.0956401 0.096097 0.0951832 0.0128317 0.0142887 0.0113747 0.0274608 0.000456935 0.00145703 0.000348626 0.00025966
0.664307 0.0915775 0.0920162 0.0911388 0.0121877 0.0135885 0.0107869 0.0266035 0.000438714 0.00140078 0.0003352 0.000249968
0.667698 0.0876407 0.0880618 0.0872197 0.0115706 0.0129168 0.0102244 0.0257658 0.000421079 0.00134623 0.00032218 0.000240551
0.671089 0.0838277 0.0842317 0.0834237 0.0109795 0.0122729 0.0096862 0.0249473 0.000404014 0.00129333 0.000309554 0.000231403
0.67448 0.0801363 0.0805238 0.0797488 0.0104136 0.0116557 0.00917156 0.0241477 0.000387504 0.00124206 0.000297315 0.000222518
0.677871 0.0765641 0.0769356 0.0761925 0.00987201 0.0110644 0.00867965 0.0233668 0.000371534 0.00119237 0.000285453 0.000213892
0.681261 0.0731091 0.0734651 0.072753 0.00935388 0.0104981 0.00820965 0.0226042 0.000356091 0.00114423 0.000273959 0.000205519
0.684652 0.0697688 0.07011 0.0694277 0.0088584 0.009956 0.0077608 0.0218595 0.000341161 0.0010976 0.000262825 0.000197394
0.688043 0.0665413 0.066868 0.0662146 0.0083848 0.00943724 0.00733235 0.0211326 0.000326729 0.00105245 0.000252042 0.000189511
0.691434 0.0634241 0.0637369 0.0631113 0.00793229 0.00894103 0.00692355 0.0204231 0.000312784 0.00100874 0.000241603 0.000181866
0.694825 0.0604152 0.0607145 0.0601159 0.00750013 0.00846657 0.00653369 0.0197308 0.000299312 0.000966439 0.000231498 0.000174453
0.698216 0.0575123 0.0577986 0.057226 0.00708758 0.00801309 0.00616206 0.0190552 0.0002863 0.000925515 0.00022172 0.000167268
0.701606 0.0547131 0.0549869 0.0544394 0.00669394 0.00757988 0.00580801 0.0183963 0.000273736 0.000885934 0.00021226 0.000160306
0.704997 0.0520154 0.052277 0.0517538 0.00631852 0.00716618 0.00547086 0.0177536 0.000261608 0.000847663 0.000203113 0.000153562
0.708388 0.049417 0.0496669 0.0491671 0.00596064 0.00677131 0.00514997 0.017127 0.000249905 0.000810671 0.000194269 0.000147031
0.711779 0.0469157 0.0471543 0.0466771 0.00561964 0.00639457 0.00484471 0.0165161 0.000238614 0.000774928 0.000185721 0.000140709
0.71517 0.0445092 0.0447369 0.0442815 0.0052949 0.0060353 0.0045545 0.0159207 0.000227725 0.000740402 0.000177463 0.000134591
0.718561 0.0421954 0.0424127 0.0419782 0.00498579 0.00569285 0.00427873 0.0153406 0.000217227 0.000707063 0.000169487 0.000128672
0.721951 0.0399721 0.0401792 0.039765 0.00469171 0.00536659 0.00401683 0.0147754 0.000207109 0.000674883 0.000161786 0.000122949
0.725342 0.037837 0.0380344 0.0376397 0.00441208 0.00505591 0.00376825 0.014225 0.000197361 0.000643831 0.000154353 0.000117416
0.728733 0.0357879 0.0359759 0.0356 0.00414633 0.00476021 0.00353245 0.0136891 0.000187971 0.00061388 0.000147182 0.00011207
0.732124 0.0338228 0.0340017 0.0336439 0.00389391 0.00447891 0.00330891 0.0131674 0.000178932 0.000585001 0.000140265 0.000106906
0.735515 0.0319394 0.0321096 0.0317692 0.00365428 0.00421145 0.00309711 0.0126597 0.000170231 0.000557168 0.000133597 0.00010192
0.738906 0.0301355 0.0302974 0.0299737 0.00342693 0.00395729 0.00289658 0.0121658 0.000161861 0.000530352 0.000127172 9.71077e-05
0.742296 0.0284091 0.0285629 0.0282553 0.00321136 0.00371589 0.00270683 0.0116855 0.000153811 0.000504527 0.000120982 9.24654e-05
0.745687 0.026758 0.026904 0.0266119 0.00300707 0.00348674 0.00252741 0.0112184 0.000146073 0.000479667 0.000115021 8.79891e-05
0.749078 0.02518 0.0253186 0.0250414 0.0028136 0.00326935 0.00235786 0.0107644 0.000138637 0.000455747 0.000109285 8.36745e-05
0.752469 0.0236731 0.0238046 0.0235416 0.00263049 0.00306323 0.00219775 0.0103233 0.000131495 0.000432742 0.000103766 7.9518e-05
0.75586 0.0222352 0.0223598 0.0221106 0.00245729 0.00286792 0.00204667 0.00989487 0.000124639 0.000410626 9.8459e-05 7.55155e-05
0.759251 0.0208642 0.0209823 0.0207462 0.00229358 0.00268296 0.00190421 0.00947882 0.000118059 0.000389375 9.33585e-05 7.16634e-05
0.762641 0.0195581 0.0196699 0.0194464 0.00213894 0.00250791 0.00176998 0.00907497 0.000111748 0.000368965 8.84586e-05 6.79578e-05
0.766032 0.0183149 0.0184206 0.0182092 0.00199297 0.00234235 0.0016436 0.00868312 0.000105697 0.000349373 8.37539e-05 6.43951e-05
0.769423 0.0171325 0.0172324 0.0170326 0.00185528 0.00218586 0.00152471 0.00830304 9.98998e-05 0.000330576 7.92389e-05 6.09717e-05
0.772814 0.0160089 0.0161033 0.0159146 0.0017255 0.00203805 0.00141295 0.00793454 9.43475e-05 0.000312551 7.49085e-05 5.76839e-05
0.776205 0.0149423 0.0150313 0.0148533 0.00160327 0.00189854 0.00130799 0.0075774 8.90329e-05 0.000295276 7.07573e-05 5.45283e-05
0.779596 0.0139306 0.0140146 0.0138467 0.00148823 0.00176695 0.0012095 0.00723142 8.39487e-05 0.000278729 6.67802e-05 5.15012e-05
0.782986 0.0129721 0.0130511 0.012893 0.00138004 0.00164293 0.00111715 0.00689639 7.90877e-05 0.000262889 6.29723e-05 4.85994e-05
0.786377 0.0120646 0.0121391 0.0119902 0.00127839 0.00152612 0.00103065 0.00657213 7.44429e-05 0.000247734 5.93286e-05 4.58193e-05
0.789768 0.0112065 0.0112765 0.0111365 0.00118295 0.0014162 0.000949706 0.00625842 7.00074e-05 0.000233245 5.58442e-05 4.31577e-05
0.793159 0.0103959 0.0104617 0.0103301 0.00109343 0.00131283 0.000874028 0.00595507 6.57746e-05 0.0002194 5.25144e-05 4.06113e-05
0.79655 0.00963101 0.00969274 0.00956927 0.00100953 0.00121571 0.000803347 0.0056619 6.17379e-05 0.00020618 4.93345e-05 3.81767e-05
0.799941 0.00891001 0.0089679 0.00885212 0.000930967 0.00112453 0.000737402 0.0053787 5.78908e-05 0.000193565 4.63e-05 3.58507e-05
0.803332 0.00823118 0.0082854 0.00817695 0.000857477 0.00103901 0.000675941 0.00510529 5.4227e-05 0.000181537 4.34062e-05 3.36303e-05
0.806722 0.00759282 0.00764356 0.00754208 0.000788799 0.000958875 0.000618723 0.00484147 5.07405e-05 0.000170076 4.06488e-05 3.15123e-05
0.810113 0.00699326 0.00704068 0.00694583 0.000724679 0.000883842 0.000565515 0.00458705 4.74251e-05 0.000159164 3.80235e-05 2.94937e-05
0.813504 0.00643084 0.00647512 0.00638657 0.000664879 0.000813661 0.000516096 0.00434186 4.42751e-05 0.000148782 3.55259e-05 2.75713e-05
0.816895 0.00590396 0.00594525 0.00586268 0.000609167 0.000748081 0.000470252 0.00410571 4.12846e-05 0.000138914 3.3152e-05 2.57422e-05
0.820286 0.00541104 0.00544949 0.00537259 0.000557321 0.000686863 0.000427778 0.0038784 3.84481e-05 0.000129542 3.08974e-05 2.40035e-05
0.823677 0.00495054 0.0049863 0.00491478 0.000509128 0.000629777 0.000388479 0.00365977 3.576e-05 0.000120649 2.87583e-05 2.23522e-05
0.827067 0.00452094 0.00455416 0.00448773 0.000464385 0.000576603 0.000352167 0.00344963 3.3215e-05 0.000112218 2.67307e-05 2.07856e-05
0.830458 0.00412079 0.00415159 0.00408998 0.000422894 0.000527127 0.000318661 0.00324779 3.08077e-05 0.000104233 2.48107e-05 1.93008e-05
0.833849 0.00374864 0.00377717 0.0037201 0.00038447 0.000481147 0.000287793 0.00305408 2.85331e-05 9.6677e-05 2.29944e-05 1.7895e-05
0.83724 0.0034031 0.00342949 0.00337672 0.000348932 0.000438467 0.000259397 0.00286833 2.63862e-05 8.95354e-05 2.12781e-05 1.65655e-05
0.840631 0.00308281 0.00310717 0.00305845 0.00031611 0.000398902 0.000233317 0.00269035 2.43619e-05 8.27924e-05 1.96582e-05 1.53096e-05
0.844022 0.00278644 0.0028089 0.00276399 0.000285838 0.000362271 0.000209405 0.00251997 2.24555e-05 7.64331e-05 1.8131e-05 1.41248e-05
0.847412 0.00251271 0.00253338 0.00249205 0.000257961 0.000328403 0.000187518 0.00235702 2.06624e-05 7.04426e-05 1.66931e-05 1.30083e-05
0.850803 0.00226038 0.00227935 0.0022414 0.000232328 0.000297135 0.000167522 0.00220131 1.89779e-05 6.48065e-05 1.53409e-05 1.19577e-05
0.854194 0.00202823 0.00204562 0.00201083 0.000208798 0.000268309 0.000149287 0.00205269 1.73975e-05 5.95107e-05 1.4071e-05 1.09703e-05
0.857585 0.00181509 0.001831 0.00179917 0.000187234 0.000241775 0.000132692 0.00191097 1.59169e-05 5.45415e-05 1.28802e-05 1.00439e-05
0.860976 0.00161983 0.00163436 0.0016053 0.000167507 0.000217392 0.000117622 0.00177599 1.45318e-05 4.98851e-05 1.17652e-05 9.17589e-06
0.864367 0.00144137 0.0014546 0.00142813 0.000149493 0.000195022 0.000103965 0.00164757 1.3238e-05 4.55286e-05 1.07228e-05 8.36393e-06
0.867757 0.00127863 0.00129067 0.0012666 0.000133076 0.000174535 9.16176e-05 0.00152555 1.20315e-05 4.14589e-05 9.74983e-06 7.60567e-06
0.871148 0.00113063 0.00114153 0.00111972 0.000118145 0.000155808 8.04816e-05 0.00140975 1.09083e-05 3.76634e-05 8.8433e-06 6.89883e-06
0.874539 0.00099636 0.00100622 0.000986496 0.000104593 0.000138723 7.04635e-05 0.00130001 9.86453e-06 3.41297e-05 8.00018e-06 6.24115e-06
0.87793 0.0008749 0.000883797 0.000866004 9.23214e-05 0.000123167 6.14755e-05 0.00119616 8.89638e-06 3.0846e-05 7.21757e-06 5.63041e-06
0.881321 0.000765347 0.000773347 0.000757347 8.12346e-05 0.000109035 5.34343e-05 0.00109804 8.0002e-06 2.78003e-05 6.4926e-06 5.06444e-06
0.884712 0.000666838 0.00067401 0.000659666 7.12432e-05 9.62244e-05 4.6262e-05 0.00100546 7.17239e-06 2.49812e-05 5.82247e-06 4.54113e-06
0.888102 0.000578551 0.00058496 0.000572141 6.22625e-05 8.464e-05 3.9885e-05 0.000918283 6.40947e-06 2.23775e-05 5.20446e-06 4.05839e-06
0.891493 0.000499699 0.000505407 0.000493991 5.42127e-05 7.41911e-05 3.42344e-05 0.000836325 5.70803e-06 1.99784e-05 4.6359e-06 3.61418e-06
0.894884 0.000429533 0.000434597 0.000424468 4.70184e-05 6.47915e-05 2.92454e-05 0.000759427 5.06476e-06 1.77731e-05 4.11418e-06 3.20652e-06
0.898275 0.000367341 0.000371818 0.000362865 4.06088e-05 5.636e-05 2.48575e-05 0.000687423 4.47644e-06 1.57513e-05 3.63678e-06 2.83344e-06
0.901666 0.000312448 0.000316388 0.000308508 3.4917e-05 4.88199e-05 2.10141e-05 0.00062015 3.93995e-06 1.39029e-05 3.20122e-06 2.49305e-06
0.905057 0.000264214 0.000267666 0.000260762 2.98804e-05 4.20986e-05 1.76623e-05 0.000557443 3.45224e-06 1.22181e-05 2.80509e-06 2.18348e-06
0.908447 0.000222033 0.000225044 0.000219023 2.54406e-05 3.6128e-05 1.47532e-05 0.00049914 3.01037e-06 1.06874e-05 2.44604e-06 1.90293e-06
0.911838 0.000185338 0.000187949 0.000182726 2.15425e-05 3.0844e-05 1.22411e-05 0.000445079 2.61147e-06 9.30147e-06 2.1218e-06 1.64963e-06
0.915229 0.00015359 0.000155843 0.000151338 1.81349e-05 2.61862e-05 1.00836e-05 0.000395095 2.25275e-06 8.05129e-06 1.83015e-06 1.42184e-06
0.91862 0.000126289 0.000128221 0.000124357 1.51699e-05 2.20981e-05 8.24179e-06 0.000349028 1.93154e-06 6.92813e-06 1.56893e-06 1.2179e-06
0.922011 0.000102964 0.000104609 0.000101319 1.26031e-05 1.85266e-05 6.67959e-06 0.000306716 1.64523e-06 5.9235e-06 1.33606e-06 1.03618e-06
0.925402 8.31784e-05 8.45697e-05 8.17871e-05 1.03931e-05 1.54223e-05 5.36387e-06 0.000267997 1.3913e-06 5.02919e-06 1.12951e-06 8.75097e-07
0.928792 6.65248e-05 6.76922e-05 6.53575e-05 8.50156e-06 1.27388e-05 4.26431e-06 0.000232711 1.16731e-06 4.23725e-06 9.4732e-07 7.33113e-07
0.932183 5.26276e-05 5.35985e-05 5.16567e-05 6.89318e-06 1.04331e-05 3.35321e-06 0.000200696 9.70936e-07 3.53997e-06 7.87602e-07 6.08747e-07
0.935574 4.11398e-05 4.19397e-05 4.03399e-05 5.5353e-06 8.46523e-06 2.60538e-06 0.000171794 7.99901e-07 2.92993e-06 6.48524e-07 5.00562e-07
0.938965 3.17434e-05 3.23954e-05 3.10914e-05 4.39793e-06 6.79789e-06 1.99797e-06 0.000145844 6.52035e-07 2.39996e-06 5.28325e-07 4.07173e-07
0.942356 2.41479e-05 2.46731e-05 2.36226e-05 3.45358e-06 5.39674e-06 1.51042e-06 0.000122687 5.25249e-07 1.94316e-06 4.25307e-07 3.27244e-07
0.945747 1.80894e-05 1.8507e-05 1.76719e-05 2.67716e-06 4.23004e-06 1.12427e-06 0.000102164 4.1754e-07 1.55288e-06 3.37841e-07 2.59491e-07
0.949137 1.33301e-05 1.36571e-05 1.30031e-05 2.04582e-06 3.26858e-06 8.23064e-07 8.41173e-05 3.26993e-07 1.22276e-06 2.64366e-07 2.02683e-07
0.952528 9.65648e-06 9.90826e-06 9.40471e-06 1.5389e-06 2.48557e-06 5.92227e-07 6.83882e-05 2.51776e-07 9.4667e-07 2.03389e-07 1.55641e-07
0.955919 6.87885e-06 7.069e-06 6.68871e-06 1.13773e-06 1.85651e-06 4.18958e-07 5.48201e-05 1.90148e-07 7.18776e-07 1.53486e-07 1.1724e-07
0.95931 4.83017e-06 4.97063e-06 4.68972e-06 8.25617e-07 1.35912e-06 2.92112e-07 4.32569e-05 1.40454e-07 5.33505e-07 1.13304e-07 8.64109e-08
0.962701 3.36502e-06 3.46615e-06 3.26389e-06 5.87654e-07 9.7321e-07 2.02097e-07 3.35439e-05 1.01131e-07 3.85556e-07 8.15624e-08 6.21421e-08
0.966092 2.35864e-06 2.42934e-06 2.28793e-06 4.10686e-07 6.80595e-07 1.40776e-07 2.55281e-05 7.07032e-08 2.69909e-07 5.70519e-08 4.34786e-08
0.969482 1.7061e-06 1.75389e-06 1.65832e-06 2.83204e-07 4.6503e-07 1.01379e-07 1.90594e-05 4.77883e-08 1.81825e-07 3.86392e-08 2.95252e-08
0.972873 1.32182e-06 1.35291e-06 1.29072e-06 1.95295e-07 3.12151e-07 7.84398e-08 1.39927e-05 3.10978e-08 1.16856e-07 2.52671e-08 1.94479e-08
0.976264 1.13976e-06 1.1592e-06 1.12032e-06 1.38632e-07 2.09481e-07 6.77833e-08 1.01918e-05 1.94383e-08 7.08486e-08 1.59566e-08 1.24752e-08
0.979655 1.11592e-06 1.12763e-06 1.10421e-06 1.06605e-07 1.46565e-07 6.66443e-08 7.53936e-06 1.17141e-08 3.99604e-08 9.80866e-09 7.89979e-09
0.983046 1.23762e-06 1.24455e-06 1.2307e-06 9.48759e-08 1.15543e-07 7.42086e-08 5.96417e-06 6.92792e-09 2.06673e-08 6.00472e-09 5.07811e-09
0.986437 1.5634e-06 1.56757e-06 1.55922e-06 1.03777e-07 1.13558e-07 9.39965e-08 5.53863e-06 4.1758e-09 9.78053e-09 3.80071e-09 3.42351e-09
0.989827 2.52884e-06 2.53145e-06 2.52624e-06 1.56745e-07 1.61201e-07 1.52288e-07 7.03849e-06 2.60575e-09 4.45636e-09 2.48243e-09 2.35815e-09
0.993218 1.12244e-05 1.12248e-05 1.12241e-05 6.79532e-07 6.82447e-07 6.76617e-07 4.00747e-05 3.43247e-10 2.91527e-09 1.72422e-10 2.11758e-22
4.01075e-314 inf inf inf inf inf inf 0.00449602 37.9831 1.13117 0.821627 0.430427
