9.72476e-05 7.63654 8.16527 7.10781 3.36578 3.67965 3.05191 13.1129 0.528731 0.313874 0.144608 0.135455
0.0001 7.59 8.11719 7.06281 3.34518 3.658 3.03235 12.9956 0.52719 0.312821 0.143632 0.134379
0.00010283 7.54412 8.06978 7.01847 3.32487 3.63664 3.01309 12.8791 0.525655 0.311776 0.142664 0.133311
0.000105741 7.50035 8.02448 6.97623 3.30549 3.61622 2.99475 12.7635 0.524127 0.310737 0.141703 0.132249
0.000108734 7.4535 7.97611 6.9309 3.28476 3.59446 2.97505 12.6487 0.522604 0.309704 0.14075 0.131193
0.000111811 7.4069 7.92799 6.88581 3.26414 3.57282 2.95546 12.5348 0.521088 0.308677 0.139805 0.130145
0.000114976 7.36054 7.88012 6.84096 3.24363 3.55129 2.93597 12.4216 0.519578 0.307657 0.138867 0.129102
0.00011823 7.31443 7.8325 6.79636 3.22323 3.52988 2.91659 12.3093 0.518073 0.306643 0.137937 0.128066
0.000121576 7.26856 7.78513 6.75198 3.20295 3.50859 2.89731 12.1978 0.516575 0.305636 0.137014 0.127037
0.000125017 7.22293 7.73801 6.70785 3.18277 3.48741 2.87814 12.0872 0.515083 0.304635 0.136099 0.126014
0.000128556 7.17754 7.69113 6.66394 3.1627 3.46634 2.85906 11.9773 0.513596 0.303639 0.135191 0.124998
0.000132194 7.13239 7.64451 6.62028 3.14275 3.4454 2.8401 11.8682 0.512115 0.30265 0.134291 0.123988
0.000135936 7.08748 7.59812 6.57684 3.1229 3.42456 2.82123 11.7599 0.510641 0.301668 0.133399 0.122984
0.000139783 7.04281 7.55198 6.53363 3.10315 3.40384 2.80246 11.6525 0.509171 0.300691 0.132513 0.121987
0.000143739 6.99837 7.50608 6.49067 3.08352 3.38324 2.7838 11.5458 0.507708 0.29972 0.131636 0.120996
0.000147808 6.95417 7.46042 6.44792 3.06399 3.36274 2.76523 11.4398 0.506249 0.298755 0.130765 0.120011
0.000151991 6.9102 7.415 6.40541 3.04456 3.34236 2.74677 11.3347 0.504797 0.297796 0.129902 0.119032
0.000156293 6.86647 7.36982 6.36312 3.02525 3.32209 2.7284 11.2303 0.50335 0.296844 0.129047 0.11806
0.000160717 6.82296 7.32487 6.32106 3.00604 3.30193 2.71014 11.1268 0.501908 0.295897 0.128198 0.117094
0.000165265 6.77969 7.28016 6.27922 2.98693 3.28188 2.69197 11.0239 0.500471 0.294955 0.127357 0.116134
0.000169943 6.73665 7.23569 6.23761 2.96793 3.26195 2.67391 10.9218 0.49904 0.29402 0.126524 0.11518
0.000174753 6.69384 7.19146 6.19623 2.94903 3.24212 2.65594 10.8205 0.497614 0.293091 0.125697 0.114232
0.000179699 6.65125 7.14745 6.15506 2.93024 3.2224 2.63807 10.72 0.496194 0.292167 0.124878 0.11329
0.000184785 6.6089 7.10368 6.11412 2.91155 3.2028 2.6203 10.6201 0.494778 0.291249 0.124066 0.112354
0.000190015 6.56677 7.06013 6.0734 2.89296 3.18329 2.60262 10.521 0.493367 0.290336 0.123261 0.111424
0.000195393 6.52486 7.01682 6.0329 2.87447 3.1639 2.58504 10.4227 0.491962 0.289429 0.122464 0.1105
0.000200923 6.48318 6.97374 5.99262 2.85608 3.14461 2.56756 10.3251 0.490561 0.288528 0.121673 0.109582
0.00020661 6.44171 6.93088 5.95255 2.8378 3.12543 2.55017 10.2282 0.489165 0.287632 0.12089 0.10867
0.000212458 6.40047 6.88825 5.9127 2.81961 3.10636 2.53287 10.132 0.487774 0.286742 0.120114 0.107764
0.000218471 6.35946 6.84585 5.87307 2.80153 3.08739 2.51568 10.0366 0.486387 0.285857 0.119345 0.106864
0.000224655 6.31866 6.80367 5.83366 2.78355 3.06853 2.49857 9.94182 0.485005 0.284978 0.118583 0.105969
0.000231013 6.27808 6.76171 5.79445 2.76566 3.04977 2.48156 9.8478 0.483628 0.284104 0.117828 0.10508
0.000237551 6.23772 6.71998 5.75547 2.74788 3.03112 2.46465 9.75446 0.482255 0.283236 0.117081 0.104198
0.000244275 6.19757 6.67846 5.71669 2.73019 3.01257 2.44782 9.66184 0.480887 0.282372 0.11634 0.10332
0.000251189 6.15764 6.63717 5.67812 2.71261 2.99412 2.43109 9.56991 0.479523 0.281514 0.115606 0.102449
0.000258298 6.11793 6.59609 5.63977 2.69512 2.97578 2.41445 9.47867 0.478164 0.280662 0.114879 0.101583
0.000265609 6.07843 6.55524 5.60162 2.67772 2.95753 2.39791 9.38812 0.476808 0.279814 0.11416 0.100722
0.000273126 6.03914 6.51459 5.56368 2.66042 2.93939 2.38145 9.29825 0.475457 0.278972 0.113447 0.0998677
0.000280857 6.00007 6.47418 5.52596 2.64322 2.92136 2.36509 9.20905 0.47411 0.278135 0.112741 0.0990187
0.000288806 5.9612 6.43397 5.48843 2.62612 2.90342 2.34882 9.12053 0.472767 0.277302 0.112042 0.0981752
0.00029698 5.92254 6.39397 5.45111 2.60911 2.88558 2.33263 9.03269 0.471428 0.276475 0.11135 0.0973371
0.000305386 5.8841 6.35419 5.41401 2.59219 2.86785 2.31654 8.9455 0.470092 0.275653 0.110665 0.0965047
0.000314029 5.84586 6.31462 5.37709 2.57537 2.85021 2.30054 8.85899 0.468761 0.274836 0.109987 0.0956776
0.000322917 5.80782 6.27526 5.34039 2.55865 2.83267 2.28462 8.77312 0.467433 0.274024 0.109315 0.0948561
0.000332057 5.76999 6.2361 5.30388 2.54201 2.81523 2.2688 8.68792 0.466109 0.273217 0.108651 0.0940399
0.000341455 5.73238 6.19716 5.26759 2.52547 2.79789 2.25306 8.60335 0.464789 0.272414 0.107993 0.0932292
0.000351119 5.69496 6.15843 5.23149 2.50903 2.78064 2.23741 8.51944 0.463472 0.271617 0.107342 0.0924238
0.000361057 5.65774 6.1199 5.19558 2.49267 2.7635 2.22185 8.43617 0.462158 0.270824 0.106697 0.0916238
0.000371276 5.62073 6.08158 5.15988 2.47641 2.74645 2.20637 8.35353 0.460848 0.270036 0.10606 0.0908291
0.000381784 5.58392 6.04346 5.12438 2.46024 2.72949 2.19099 8.27153 0.459541 0.269253 0.105429 0.0900396
0.00039259 5.54731 6.00555 5.08907 2.44416 2.71263 2.17569 8.19015 0.458237 0.268474 0.104805 0.0892555
0.000403702 5.51089 5.96783 5.05396 2.42817 2.69587 2.16047 8.1094 0.456937 0.2677 0.104188 0.0884765
0.000415128 5.47468 5.93032 5.01904 2.41227 2.6792 2.14534 8.02928 0.455639 0.26693 0.103577 0.0877028
0.000426877 5.43866 5.89301 4.98432 2.39646 2.66263 2.1303 7.94977 0.454344 0.266165 0.102973 0.0869343
0.000438959 5.40285 5.8559 4.94979 2.38074 2.64615 2.11534 7.87087 0.453053 0.265405 0.102376 0.086171
0.000451383 5.36722 5.81898 4.91546 2.36511 2.62976 2.10046 7.79258 0.451763 0.264649 0.101785 0.0854127
0.000464159 5.33179 5.78227 4.88131 2.34957 2.61347 2.08567 7.7149 0.450477 0.263897 0.101201 0.0846596
0.000477296 5.29655 5.74575 4.84736 2.33412 2.59727 2.07097 7.63782 0.449193 0.26315 0.100623 0.0839117
0.000490805 5.26151 5.70942 4.8136 2.31875 2.58116 2.05634 7.56135 0.447912 0.262407 0.100052 0.0831687
0.000504697 5.22666 5.67329 4.78003 2.30347 2.56514 2.0418 7.48546 0.446633 0.261668 0.0994875 0.0824308
0.000518981 5.192 5.63735 4.74664 2.28828 2.54921 2.02734 7.41016 0.445356 0.260934 0.0989295 0.0816979
0.00053367 5.15752 5.60161 4.71344 2.27317 2.53338 2.01297 7.33546 0.444081 0.260204 0.098378 0.08097
0.000548775 5.12324 5.56605 4.68043 2.25815 2.51763 1.99868 7.26133 0.442809 0.259478 0.097833 0.080247
0.000564307 5.08915 5.53069 4.64761 2.24322 2.50198 1.98446 7.18779 0.441539 0.258756 0.0972945 0.079529
0.000580278 5.05524 5.49551 4.61497 2.22837 2.48641 1.97033 7.11482 0.44027 0.258038 0.0967624 0.0788159
0.000596702 5.02152 5.46052 4.58251 2.21361 2.47093 1.95628 7.04242 0.439003 0.257324 0.0962367 0.0781078
0.000613591 4.98798 5.42572 4.55024 2.19893 2.45554 1.94232 6.97059 0.437738 0.256614 0.0957175 0.0774044
0.000630957 4.95463 5.39111 4.51816 2.18434 2.44024 1.92843 6.89933 0.436475 0.255908 0.0952046 0.0767059
0.000648815 4.92147 5.35668 4.48625 2.16983 2.42503 1.91462 6.82863 0.435213 0.255206 0.0946981 0.0760123
0.000667179 4.88848 5.32243 4.45452 2.1554 2.40991 1.90089 6.75849 0.433953 0.254508 0.0941979 0.0753234
0.000686062 4.85567 5.28837 4.42298 2.14105 2.39487 1.88724 6.6889 0.432694 0.253813 0.0937041 0.0746394
0.00070548 4.82305 5.25449 4.39161 2.12679 2.37991 1.87367 6.61987 0.431436 0.253123 0.0932165 0.07396
0.000725448 4.79061 5.22079 4.36043 2.11261 2.36505 1.86018 6.55137 0.430179 0.252436 0.0927353 0.0732855
0.00074598 4.75834 5.18727 4.32942 2.09851 2.35027 1.84676 6.48343 0.428923 0.251752 0.0922602 0.0726155
0.000767094 4.72626 5.15393 4.29859 2.0845 2.33557 1.83342 6.41602 0.427667 0.251073 0.0917914 0.0719503
0.000788805 4.69435 5.12076 4.26794 2.07056 2.32096 1.82017 6.34916 0.426413 0.250397 0.0913289 0.0712898
0.000811131 4.66261 5.08777 4.23746 2.05671 2.30643 1.80698 6.28282 0.425159 0.249724 0.0908724 0.0706339
0.000834088 4.63106 5.05496 4.20715 2.04293 2.29199 1.79388 6.21702 0.423906 0.249055 0.0904222 0.0699826
0.000857696 4.59968 5.02233 4.17702 2.02924 2.27763 1.78085 6.15174 0.422653 0.248389 0.0899781 0.0693359
0.000881971 4.56847 4.98987 4.14707 2.01562 2.26335 1.7679 6.08699 0.4214 0.247727 0.0895401 0.0686937
0.000906934 4.53743 4.95758 4.11728 2.00209 2.24915 1.75502 6.02276 0.420147 0.247068 0.0891081 0.0680561
0.000932603 4.50657 4.92546 4.08767 1.98863 2.23504 1.74222 5.95904 0.418895 0.246412 0.0886823 0.0674231
0.000958999 4.47587 4.89351 4.05823 1.97525 2.22101 1.72949 5.89584 0.417642 0.245759 0.0882624 0.0667945
0.000986142 4.44535 4.86174 4.02896 1.96195 2.20706 1.71684 5.83315 0.416389 0.24511 0.0878486 0.0661705
0.00101405 4.415 4.83013 3.99986 1.94873 2.19319 1.70426 5.77097 0.415135 0.244463 0.0874408 0.0655508
0.00104275 4.38481 4.79869 3.97093 1.93558 2.1794 1.69176 5.70929 0.413881 0.24382 0.0870388 0.0649356
0.00107227 4.35479 4.76742 3.94217 1.92251 2.16569 1.67933 5.64811 0.412627 0.24318 0.0866429 0.0643249
0.00110262 4.32494 4.73631 3.91357 1.90952 2.15206 1.66697 5.58743 0.411371 0.242543 0.0862528 0.0637185
0.00113382 4.29526 4.70537 3.88514 1.8966 2.13851 1.65469 5.52724 0.410115 0.241908 0.0858686 0.0631165
0.00116591 4.26573 4.67459 3.85688 1.88376 2.12504 1.64248 5.46755 0.408857 0.241276 0.0854901 0.0625188
0.00119891 4.23638 4.64398 3.82878 1.87099 2.11164 1.63035 5.40834 0.407598 0.240647 0.0851175 0.0619255
0.00123285 4.20718 4.61352 3.80085 1.8583 2.09832 1.61828 5.34962 0.406338 0.240021 0.0847507 0.0613365
0.00126774 4.17816 4.58323 3.77308 1.84569 2.08508 1.60629 5.29138 0.405076 0.239398 0.0843896 0.0607518
0.00130362 4.14929 4.5531 3.74547 1.83314 2.07192 1.59437 5.23362 0.403813 0.238777 0.0840342 0.0601714
0.00134052 4.12058 4.52312 3.71803 1.82068 2.05883 1.58252 5.17634 0.402548 0.238158 0.0836844 0.0595951
0.00137846 4.09203 4.49331 3.69075 1.80828 2.04582 1.57074 5.11952 0.40128 0.237542 0.0833403 0.0590232
0.00141747 4.06364 4.46365 3.66362 1.79596 2.03289 1.55903 5.06318 0.400011 0.236929 0.0830017 0.0584554
0.00145759 4.0354 4.43414 3.63666 1.78371 2.02003 1.54739 5.00731 0.398739 0.236318 0.0826688 0.0578918
0.00149885 4.00733 4.40479 3.60986 1.77154 2.00724 1.53583 4.9519 0.397465 0.235709 0.0823413 0.0573323
0.00154127 3.97941 4.37559 3.58322 1.75943 1.99453 1.52433 4.89695 0.396187 0.235102 0.0820193 0.056777
0.00158489 3.95164 4.34655 3.55674 1.7474 1.9819 1.5129 4.84246 0.394908 0.234498 0.0817027 0.0562258
0.00162975 3.92404 4.31766 3.53041 1.73544 1.96933 1.50154 4.78843 0.393625 0.233895 0.0813915 0.0556787
0.00167588 3.89658 4.28892 3.50424 1.72355 1.95684 1.49025 4.73485 0.392339 0.233295 0.0810857 0.0551357
0.00172331 3.86928 4.26033 3.47823 1.71173 1.94443 1.47903 4.68171 0.391049 0.232696 0.0807852 0.0545968
0.00177209 3.84213 4.23188 3.45237 1.69998 1.93208 1.46788 4.62903 0.389756 0.2321 0.0804899 0.0540619
0.00182224 3.81513 4.20359 3.42667 1.6883 1.91981 1.4568 4.57679 0.38846 0.231505 0.0801998 0.0535309
0.00187382 3.78828 4.17544 3.40112 1.67669 1.9076 1.44578 4.52499 0.387159 0.230912 0.0799149 0.053004
0.00192685 3.76158 4.14743 3.37573 1.66515 1.89547 1.43483 4.47362 0.385854 0.230321 0.0796351 0.0524811
0.00198139 3.73503 4.11957 3.35048 1.65368 1.88341 1.42395 4.4227 0.384545 0.229731 0.0793604 0.0519621
0.00203747 3.70863 4.09186 3.3254 1.64228 1.87142 1.41313 4.3722 0.383232 0.229142 0.0790907 0.0514471
0.00209514 3.68237 4.06428 3.30046 1.63094 1.8595 1.40238 4.32214 0.381914 0.228556 0.0788259 0.050936
0.00215443 3.65626 4.03685 3.27567 1.61967 1.84764 1.3917 4.27251 0.380591 0.22797 0.0785661 0.0504287
0.00221541 3.6303 4.00956 3.25103 1.60847 1.83586 1.38109 4.22329 0.379262 0.227386 0.078311 0.0499254
0.00227812 3.60448 3.98241 3.22655 1.59734 1.82414 1.37054 4.1745 0.377929 0.226803 0.0780608 0.0494259
0.00234259 3.5788 3.95539 3.20221 1.58627 1.81249 1.36005 4.12614 0.37659 0.226221 0.0778153 0.0489302
0.0024089 3.55327 3.92851 3.17802 1.57527 1.80091 1.34963 4.07818 0.375246 0.22564 0.0775744 0.0484383
0.00247708 3.52788 3.90177 3.15398 1.56434 1.7894 1.33928 4.03064 0.373895 0.225061 0.0773382 0.0479503
0.00254719 3.50262 3.87516 3.13009 1.55347 1.77795 1.32899 3.98352 0.372538 0.224482 0.0771064 0.0474659
0.00261928 3.47751 3.84869 3.10634 1.54267 1.76657 1.31877 3.9368 0.371175 0.223903 0.0768792 0.0469854
0.00269341 3.45255 3.82235 3.08274 1.53193 1.75526 1.3086 3.89048 0.369806 0.223326 0.0766563 0.0465086
0.00276965 3.42771 3.79614 3.05928 1.52126 1.74401 1.29851 3.84458 0.368429 0.222749 0.0764377 0.0460355
0.00284804 3.40302 3.77006 3.03597 1.51065 1.73282 1.28848 3.79907 0.367046 0.222173 0.0762234 0.0455661
0.00292864 3.37846 3.74412 3.01281 1.5001 1.7217 1.27851 3.75396 0.365655 0.221597 0.0760132 0.0451003
0.00301153 3.35404 3.7183 2.98978 1.48962 1.71064 1.2686 3.70925 0.364257 0.221021 0.0758072 0.0446382
0.00309677 3.32975 3.6926 2.9669 1.4792 1.69965 1.25876 3.66493 0.362852 0.220446 0.0756051 0.0441798
0.00318442 3.3056 3.66704 2.94417 1.46885 1.68872 1.24898 3.62101 0.361438 0.219871 0.075407 0.043725
0.00327455 3.28158 3.6416 2.92157 1.45855 1.67785 1.23926 3.57747 0.360016 0.219296 0.0752128 0.0432737
0.00336723 3.2577 3.61628 2.89911 1.44832 1.66704 1.2296 3.53432 0.358585 0.21872 0.0750222 0.042826
0.00346253 3.23395 3.59109 2.8768 1.43815 1.6563 1.22001 3.49155 0.357146 0.218145 0.0748354 0.0423819
0.00356053 3.21032 3.56602 2.85462 1.42804 1.64561 1.21047 3.44917 0.355698 0.217569 0.0746521 0.0419413
0.00366131 3.18683 3.54107 2.83259 1.418 1.63499 1.201 3.40716 0.354241 0.216993 0.0744723 0.0415042
0.00376494 3.16347 3.51624 2.81069 1.40801 1.62443 1.19159 3.36553 0.352774 0.216417 0.0742959 0.0410706
0.0038715 3.14023 3.49153 2.78894 1.39808 1.61392 1.18224 3.32428 0.351298 0.21584 0.0741227 0.0406404
0.00398107 3.11713 3.46694 2.76732 1.38822 1.60348 1.17296 3.28339 0.349812 0.215262 0.0739528 0.0402137
0.00409375 3.09415 3.44246 2.74583 1.37841 1.5931 1.16373 3.24288 0.348315 0.214684 0.0737859 0.0397905
0.00420962 3.0713 3.41811 2.72449 1.36866 1.58277 1.15456 3.20274 0.346808 0.214104 0.073622 0.0393706
0.00432876 3.04857 3.39386 2.70328 1.35898 1.5725 1.14545 3.16296 0.34529 0.213524 0.0734609 0.0389542
0.00445128 3.02597 3.36973 2.68221 1.34935 1.56229 1.1364 3.12354 0.343762 0.212942 0.0733026 0.0385411
0.00457727 3.00349 3.34571 2.66127 1.33977 1.55213 1.12742 3.08449 0.342222 0.212359 0.0731468 0.0381313
0.00470682 2.98113 3.3218 2.64046 1.33026 1.54204 1.11849 3.04579 0.34067 0.211775 0.0729936 0.0377249
0.00484003 2.9589 3.29801 2.61979 1.32081 1.53199 1.10962 3.00745 0.339107 0.211189 0.0728427 0.0373218
0.00497702 2.93679 3.27432 2.59926 1.31141 1.52201 1.1008 2.96947 0.337531 0.210602 0.0726941 0.0369219
0.00511789 2.9148 3.25074 2.57885 1.30206 1.51208 1.09205 2.93183 0.335944 0.210012 0.0725476 0.0365253
0.00526274 2.89292 3.22727 2.55858 1.29278 1.5022 1.08336 2.89455 0.334343 0.209421 0.0724031 0.036132
0.0054117 2.87117 3.2039 2.53844 1.28355 1.49238 1.07472 2.85761 0.33273 0.208828 0.0722605 0.0357419
0.00556486 2.84954 3.18064 2.51843 1.27437 1.48261 1.06614 2.82102 0.331103 0.208233 0.0721195 0.035355
0.00572237 2.82802 3.15748 2.49855 1.26526 1.47289 1.05762 2.78477 0.329463 0.207635 0.0719801 0.0349713
0.00588433 2.80662 3.13443 2.47881 1.25619 1.46323 1.04916 2.74886 0.32781 0.207035 0.0718421 0.0345907
0.00605088 2.78533 3.11147 2.45919 1.24718 1.45361 1.04075 2.7133 0.326142 0.206432 0.0717054 0.0342133
0.00622213 2.76416 3.08862 2.4397 1.23823 1.44405 1.0324 2.67807 0.32446 0.205827 0.0715697 0.0338389
0.00639824 2.7431 3.06587 2.42034 1.22933 1.43454 1.02411 2.64317 0.322763 0.205218 0.0714351 0.0334677
0.00657933 2.72216 3.04321 2.40111 1.22048 1.42508 1.01587 2.60861 0.321052 0.204607 0.0713012 0.0330996
0.00676555 2.70133 3.02066 2.38201 1.21168 1.41568 1.00769 2.57438 0.319325 0.203992 0.0711679 0.0327345
0.00695704 2.68061 2.99819 2.36303 1.20294 1.40632 0.999567 2.54047 0.317583 0.203374 0.0710351 0.0323724
0.00715394 2.66 2.97583 2.34418 1.19425 1.397 0.991498 2.5069 0.315826 0.202753 0.0709026 0.0320133
0.00735642 2.63951 2.95356 2.32546 1.18561 1.38774 0.983485 2.47365 0.314052 0.202128 0.0707701 0.0316572
0.00756463 2.61912 2.93138 2.30686 1.17703 1.37853 0.975528 2.44072 0.312262 0.201499 0.0706376 0.0313041
0.00777874 2.59884 2.9093 2.28838 1.16849 1.36936 0.967626 2.40811 0.310456 0.200866 0.0705048 0.030954
0.0079989 2.57867 2.8873 2.27004 1.16001 1.36024 0.959779 2.37582 0.308633 0.200229 0.0703716 0.0306067
0.0082253 2.55861 2.8654 2.25181 1.15157 1.35116 0.951986 2.34385 0.306793 0.199588 0.0702377 0.0302624
0.0084581 2.53865 2.84359 2.23371 1.14319 1.34213 0.944248 2.31219 0.304935 0.198942 0.070103 0.0299209
0.00869749 2.5188 2.82186 2.21574 1.13486 1.33315 0.936564 2.28084 0.30306 0.198292 0.0699673 0.0295823
0.00894366 2.49905 2.80022 2.19789 1.12657 1.32421 0.928935 2.2498 0.301167 0.197637 0.0698303 0.0292465
0.00919679 2.47941 2.77867 2.18016 1.11834 1.31531 0.921359 2.21908 0.299256 0.196976 0.0696919 0.0289136
0.00945709 2.45987 2.7572 2.16255 1.11015 1.30646 0.913837 2.18866 0.297327 0.196311 0.0695518 0.0285834
0.00972476 2.44044 2.73582 2.14506 1.10201 1.29765 0.906368 2.15855 0.295379 0.19564 0.0694099 0.028256
0.01 2.42111 2.71452 2.12769 1.09392 1.28888 0.898952 2.12873 0.293413 0.194964 0.0692659 0.0279313
0.010283 2.40188 2.6933 2.11045 1.08587 1.28015 0.891589 2.09922 0.291427 0.194282 0.0691196 0.0276093
0.0105741 2.38274 2.67217 2.09332 1.07787 1.27147 0.884279 2.07001 0.289422 0.193593 0.0689707 0.02729
0.0108734 2.36371 2.65111 2.07632 1.06992 1.26282 0.877022 2.0411 0.287398 0.192899 0.0688191 0.0269735
0.0111811 2.34478 2.63014 2.05943 1.06201 1.25421 0.869816 2.01248 0.285354 0.192199 0.0686645 0.0266595
0.0114976 2.32595 2.60924 2.04266 1.05415 1.24565 0.862663 1.98415 0.28329 0.191491 0.0685067 0.0263482
0.011823 2.30722 2.58842 2.02601 1.04634 1.23712 0.855562 1.95612 0.281206 0.190777 0.0683455 0.0260395
0.0121576 2.28858 2.56768 2.00948 1.03857 1.22863 0.848512 1.92838 0.279102 0.190057 0.0681806 0.0257334
0.0125017 2.27004 2.54702 1.99306 1.03084 1.22017 0.841513 1.90092 0.276977 0.189329 0.0680117 0.0254298
0.0128556 2.2516 2.52643 1.97677 1.02316 1.21175 0.834566 1.87375 0.274832 0.188593 0.0678386 0.0251288
0.0132194 2.23325 2.50592 1.96058 1.01552 1.20337 0.827669 1.84687 0.272666 0.18785 0.0676612 0.0248302
0.0135936 2.215 2.48548 1.94452 1.00792 1.19502 0.820823 1.82026 0.270479 0.1871 0.0674791 0.0245342
0.0139783 2.19684 2.46511 1.92857 1.00037 1.18671 0.814028 1.79394 0.268271 0.186341 0.067292 0.0242406
0.0143739 2.17878 2.44482 1.91273 0.992856 1.17843 0.807282 1.7679 0.266042 0.185574 0.0670998 0.0239495
0.0147808 2.16081 2.4246 1.89701 0.985385 1.17018 0.800587 1.74213 0.263792 0.184798 0.0669021 0.0236607
0.0151991 2.14293 2.40445 1.88141 0.977955 1.16197 0.793941 1.71664 0.26152 0.184014 0.0666988 0.0233744
0.0156293 2.12514 2.38437 1.86592 0.970565 1.15379 0.787344 1.69142 0.259227 0.183221 0.0664896 0.0230904
0.0160717 2.10745 2.36436 1.85053 0.963215 1.14563 0.780796 1.66647 0.256913 0.182419 0.0662741 0.0228088
0.0165265 2.08985 2.34442 1.83527 0.955905 1.13751 0.774298 1.64179 0.254577 0.181608 0.0660523 0.0225295
0.0169943 2.07233 2.32455 1.82011 0.948634 1.12942 0.767847 1.61738 0.252219 0.180786 0.0658237 0.0222525
0.0174753 2.05491 2.30475 1.80507 0.941401 1.12136 0.761445 1.59323 0.24984 0.179956 0.0655882 0.0219777
0.0179699 2.03758 2.28502 1.79014 0.934206 1.11332 0.755091 1.56935 0.247439 0.179114 0.0653454 0.0217052
0.0184785 2.02034 2.26535 1.77532 0.927048 1.10531 0.748785 1.54573 0.245017 0.178263 0.0650952 0.0214349
0.0190015 2.00318 2.24576 1.76061 0.919927 1.09733 0.742526 1.52237 0.242574 0.177401 0.0648373 0.0211669
0.0195393 1.98612 2.22623 1.74601 0.912843 1.08937 0.736314 1.49927 0.240109 0.176529 0.0645714 0.020901
0.0200923 1.96914 2.20676 1.73152 0.905794 1.08144 0.730149 1.47642 0.237623 0.175645 0.0642973 0.0206372
0.020661 1.95225 2.18737 1.71713 0.89878 1.07353 0.72403 1.45383 0.235116 0.17475 0.0640148 0.0203755
0.0212458 1.93545 2.16803 1.70286 0.891801 1.06564 0.717958 1.43149 0.232588 0.173844 0.0637235 0.020116
0.0218471 1.91873 2.14877 1.68869 0.884856 1.05778 0.71193 1.4094 0.230038 0.172925 0.0634233 0.0198585
0.0224655 1.9021 2.12957 1.67463 0.877944 1.04994 0.705949 1.38756 0.227469 0.171995 0.0631139 0.0196031
0.0231013 1.88556 2.11044 1.66068 0.871065 1.04212 0.700012 1.36597 0.224879 0.171053 0.0627951 0.0193497
0.0237551 1.8691 2.09137 1.64683 0.864218 1.03432 0.69412 1.34463 0.222268 0.170098 0.0624667 0.0190983
0.0244275 1.85273 2.07237 1.63309 0.857402 1.02653 0.688272 1.32352 0.219638 0.16913 0.0621284 0.0188489
0.0251189 1.83645 2.05344 1.61946 0.850618 1.01877 0.682469 1.30266 0.216989 0.168149 0.0617801 0.0186014
0.0258298 1.82025 2.03457 1.60593 0.843863 1.01102 0.676708 1.28204 0.21432 0.167156 0.0614215 0.0183559
0.0265609 1.80413 2.01576 1.5925 0.837139 1.00329 0.67099 1.26165 0.211632 0.166148 0.0610525 0.0181122
0.0273126 1.7881 1.99702 1.57917 0.830442 0.995569 0.665315 1.2415 0.208925 0.165127 0.0606728 0.0178705
0.0280857 1.77215 1.97835 1.56595 0.823774 0.987866 0.659682 1.22159 0.206201 0.164092 0.0602823 0.0176306
0.0288806 1.75629 1.95975 1.55283 0.817133 0.980176 0.654091 1.20191 0.203459 0.163043 0.0598807 0.0173925
0.029698 1.74051 1.94121 1.53981 0.810519 0.972499 0.64854 1.18245 0.2007 0.161979 0.059468 0.0171562
0.0305386 1.72482 1.92274 1.52689 0.803931 0.964832 0.64303 1.16323 0.197924 0.160901 0.059044 0.0169217
0.0314029 1.70921 1.90434 1.51408 0.797368 0.957176 0.63756 1.14423 0.195132 0.159808 0.0586086 0.016689
0.0322917 1.69368 1.88601 1.50136 0.790829 0.949529 0.63213 1.12545 0.192324 0.158699 0.0581615 0.016458
0.0332057 1.67824 1.86774 1.48874 0.784314 0.94189 0.626738 1.1069 0.189502 0.157576 0.0577028 0.0162287
0.0341455 1.66288 1.84954 1.47621 0.777821 0.934258 0.621385 1.08856 0.186666 0.156436 0.0572323 0.0160012
0.0351119 1.6476 1.83142 1.46378 0.77135 0.926631 0.616069 1.07045 0.183816 0.155281 0.05675 0.0157752
0.0361057 1.63241 1.81336 1.45145 0.7649 0.91901 0.61079 1.05255 0.180953 0.15411 0.0562557 0.0155509
0.0371276 1.6173 1.79537 1.43922 0.75847 0.911393 0.605547 1.03486 0.178079 0.152923 0.0557494 0.0153283
0.0381784 1.60227 1.77746 1.42708 0.752059 0.903778 0.60034 1.01739 0.175193 0.151719 0.055231 0.0151072
0.039259 1.58732 1.75962 1.41503 0.745666 0.896165 0.595167 1.00012 0.172297 0.150499 0.0547007 0.0148877
0.0403702 1.57246 1.74185 1.40307 0.73929 0.888552 0.590028 0.983064 0.169391 0.149262 0.0541582 0.0146698
0.0415128 1.55768 1.72416 1.39121 0.732931 0.880939 0.584923 0.966212 0.166477 0.148008 0.0536038 0.0144534
0.0426877 1.54298 1.70654 1.37943 0.726586 0.873323 0.579849 0.949565 0.163555 0.146737 0.0530373 0.0142385
0.0438959 1.52837 1.689 1.36774 0.720255 0.865703 0.574807 0.933119 0.160626 0.145448 0.0524589 0.0140251
0.0451383 1.51384 1.67153 1.35615 0.713938 0.85808 0.569796 0.916872 0.157692 0.144142 0.0518686 0.0138132
0.0464159 1.49939 1.65414 1.34463 0.707632 0.85045 0.564813 0.900823 0.154753 0.142818 0.0512666 0.0136027
0.0477296 1.48502 1.63683 1.33321 0.701337 0.842814 0.559859 0.884969 0.15181 0.141477 0.0506528 0.0133936
0.0490805 1.47073 1.6196 1.32187 0.695051 0.835168 0.554933 0.869307 0.148866 0.140118 0.0500276 0.013186
0.0504697 1.45653 1.60245 1.31061 0.688773 0.827514 0.550033 0.853837 0.14592 0.138741 0.049391 0.0129797
0.0518981 1.4424 1.58537 1.29943 0.682502 0.819847 0.545157 0.838555 0.142973 0.137345 0.0487432 0.0127749
0.053367 1.42836 1.56839 1.28833 0.676237 0.812169 0.540305 0.823459 0.140028 0.135932 0.0480845 0.0125714
0.0548775 1.41439 1.55148 1.27731 0.669976 0.804476 0.535476 0.808548 0.137085 0.1345 0.047415 0.0123692
0.0564307 1.40051 1.53466 1.26637 0.663718 0.796768 0.530669 0.793819 0.134146 0.13305 0.0467351 0.0121683
0.0580278 1.38671 1.51792 1.2555 0.657462 0.789043 0.52588 0.779269 0.131212 0.131581 0.0460449 0.0119688
0.0596702 1.37299 1.50127 1.2447 0.651205 0.7813 0.52111 0.764898 0.128284 0.130095 0.0453448 0.0117705
0.0613591 1.35934 1.4847 1.23398 0.644947 0.773536 0.516357 0.750701 0.125363 0.128589 0.0446351 0.0115735
0.0630957 1.34577 1.46822 1.22332 0.638686 0.765752 0.51162 0.736678 0.122451 0.127066 0.0439162 0.0113778
0.0648815 1.33228 1.45183 1.21273 0.632419 0.757944 0.506895 0.722825 0.119549 0.125524 0.0431884 0.0111833
0.0667179 1.31887 1.43553 1.20221 0.626147 0.750111 0.502183 0.709141 0.116659 0.123964 0.0424522 0.0109901
0.0686062 1.30553 1.41931 1.19175 0.619866 0.742252 0.49748 0.695624 0.113782 0.122386 0.0417079 0.0107981
0.070548 1.29227 1.40319 1.18135 0.613575 0.734364 0.492786 0.682271 0.11092 0.120789 0.0409559 0.0106072
0.0725448 1.27908 1.38715 1.171 0.607272 0.726447 0.488097 0.669079 0.108073 0.119175 0.0401968 0.0104176
0.074598 1.26596 1.3712 1.16071 0.600956 0.718499 0.483413 0.656048 0.105244 0.117543 0.039431 0.0102292
0.0767094 1.25291 1.35534 1.15048 0.594624 0.710517 0.478731 0.643173 0.102433 0.115893 0.0386591 0.010042
0.0788805 1.23993 1.33957 1.14029 0.588274 0.7025 0.474048 0.630454 0.0996423 0.114226 0.0378815 0.00985595
0.0811131 1.22702 1.3239 1.13015 0.581905 0.694446 0.469363 0.617888 0.0968732 0.112541 0.0370988 0.00967107
0.0834088 1.21418 1.3083 1.12005 0.575513 0.686353 0.464673 0.605473 0.0941271 0.11084 0.0363115 0.00948736
0.0857696 1.2014 1.2928 1.10999 0.569098 0.67822 0.459976 0.593206 0.0914054 0.109122 0.0355203 0.0093048
0.0881971 1.18868 1.27739 1.09997 0.562656 0.670043 0.455268 0.581085 0.0887096 0.107388 0.0347257 0.0091234
0.0906934 1.17602 1.26206 1.08998 0.556185 0.661822 0.450548 0.569109 0.0860409 0.105637 0.0339284 0.00894316
0.0932603 1.16341 1.24681 1.08001 0.549684 0.653555 0.445812 0.557274 0.0834009 0.103871 0.0331289 0.00876407
0.0958999 1.15086 1.23165 1.07007 0.543148 0.645238 0.441058 0.54558 0.0807908 0.10209 0.0323279 0.00858614
0.0986142 1.13836 1.21658 1.06015 0.536577 0.636871 0.436283 0.534023 0.078212 0.100294 0.0315261 0.00840937
0.101405 1.12591 1.20158 1.05025 0.529967 0.62845 0.431483 0.522601 0.0756659 0.0984838 0.0307241 0.00823375
0.104275 1.1135 1.18666 1.04035 0.523315 0.619975 0.426655 0.511314 0.0731536 0.0966599 0.0299226 0.0080593
0.107227 1.10114 1.17181 1.03046 0.51662 0.611443 0.421797 0.500157 0.0706765 0.0948228 0.0291223 0.00788602
0.110262 1.0888 1.15704 1.02057 0.509877 0.602851 0.416904 0.489131 0.0682357 0.0929732 0.0283238 0.00771392
0.113382 1.0765 1.14234 1.01067 0.503085 0.594197 0.411974 0.478232 0.0658326 0.0911118 0.0275278 0.00754301
0.116591 1.06423 1.1277 1.00076 0.496241 0.58548 0.407002 0.467459 0.063468 0.0892391 0.026735 0.0073733
0.119891 1.05198 1.11312 0.990836 0.489341 0.576697 0.401985 0.456809 0.0611433 0.087356 0.0259461 0.00720479
0.123285 1.03974 1.0986 0.980885 0.482382 0.567845 0.396919 0.446282 0.0588594 0.0854633 0.0251618 0.00703751
0.126774 1.02752 1.08414 0.970903 0.475362 0.558924 0.3918 0.435875 0.0566173 0.0835616 0.0243827 0.00687146
0.130362 1.0153 1.06972 0.960883 0.468278 0.54993 0.386626 0.425586 0.054418 0.081652 0.0236096 0.00670667
0.134052 1.00308 1.05534 0.950818 0.461125 0.540861 0.38139 0.415415 0.0522624 0.0797352 0.0228431 0.00654316
0.137846 0.99085 1.041 0.940699 0.453903 0.531715 0.37609 0.405359 0.0501512 0.0778123 0.0220838 0.00638093
0.141747 0.978604 1.02669 0.930519 0.446606 0.52249 0.370722 0.395417 0.0480853 0.0758843 0.0213323 0.00622003
0.145759 0.966335 1.0124 0.920269 0.439233 0.513185 0.365281 0.385588 0.0460654 0.0739521 0.0205894 0.00606046
0.149885 0.954033 0.998125 0.909941 0.43178 0.503797 0.359763 0.37587 0.0440921 0.072017 0.0198556 0.00590226
0.154127 0.941691 0.983857 0.899526 0.424244 0.494324 0.354164 0.366262 0.042166 0.0700799 0.0191316 0.00574544
0.158489 0.9293 0.969588 0.889012 0.416622 0.484764 0.34848 0.356763 0.0402876 0.0681422 0.0184178 0.00559005
0.162975 0.91685 0.955307 0.878392 0.408912 0.475116 0.342707 0.347372 0.0384574 0.0662049 0.0177149 0.00543611
0.167588 0.90433 0.941006 0.867654 0.40111 0.465379 0.33684 0.338087 0.0366757 0.0642694 0.0170234 0.00528365
0.172331 0.891731 0.926674 0.856788 0.393214 0.455551 0.330877 0.328909 0.034943 0.062337 0.0163437 0.00513271
0.177209 0.879042 0.912301 0.845783 0.385222 0.445631 0.324813 0.319836 0.0332593 0.060409 0.0156765 0.00498331
0.182224 0.86625 0.897875 0.834626 0.377132 0.435618 0.318645 0.310867 0.0316249 0.0584868 0.0150221 0.00483551
0.187382 0.853345 0.883385 0.823305 0.36894 0.425512 0.312369 0.302002 0.0300399 0.0565718 0.014381 0.00468933
0.192685 0.840314 0.868818 0.81181 0.360647 0.415313 0.305982 0.293241 0.0285042 0.0546655 0.0137536 0.00454481
0.198139 0.827143 0.854161 0.800125 0.35225 0.405019 0.299481 0.284583 0.027018 0.0527693 0.0131403 0.004402
0.203747 0.81382 0.839401 0.788239 0.343748 0.394633 0.292863 0.276029 0.025581 0.0508849 0.0125413 0.00426093
0.209514 0.800331 0.824524 0.776138 0.335141 0.384155 0.286128 0.267577 0.0241931 0.0490138 0.0119571 0.00412165
0.215443 0.78666 0.809514 0.763806 0.326429 0.373587 0.279272 0.259228 0.022854 0.0471575 0.0113879 0.00398421
0.221541 0.772795 0.794358 0.751231 0.317612 0.36293 0.272295 0.250982 0.0215635 0.0453176 0.0108339 0.00384864
0.227812 0.758718 0.779039 0.738397 0.308691 0.352187 0.265195 0.242839 0.0203211 0.0434958 0.0102953 0.00371498
0.234259 0.744416 0.763542 0.72529 0.299669 0.341362 0.257975 0.2348 0.0191264 0.0416937 0.00977239 0.00358328
0.24089 0.729871 0.74785 0.711892 0.290547 0.33046 0.250634 0.226865 0.0179789 0.0399129 0.00926524 0.00345359
0.247708 0.715067 0.731945 0.698189 0.281329 0.319484 0.243174 0.219035 0.016878 0.0381553 0.00877398 0.00332594
0.254719 0.699986 0.715809 0.684163 0.27202 0.308442 0.235598 0.211311 0.0158232 0.0364223 0.00829868 0.00320036
0.261928 0.684611 0.699425 0.669797 0.262625 0.297341 0.22791 0.203693 0.0148137 0.0347157 0.00783937 0.00307689
0.269341 0.668921 0.68277 0.655072 0.253152 0.286189 0.220115 0.196182 0.0138488 0.0330371 0.00739607 0.00295556
0.276965 0.652894 0.665822 0.639966 0.243608 0.274996 0.21222 0.18878 0.0129277 0.0313882 0.00696873 0.00283638
0.284804 0.6365 0.64855 0.624451 0.234004 0.263774 0.204233 0.181489 0.0120496 0.0297706 0.00655727 0.00271934
0.292864 0.619694 0.630908 0.608481 0.224352 0.252538 0.196166 0.174309 0.0112136 0.0281859 0.00616155 0.00260441
0.301153 0.602374 0.612793 0.591956 0.214669 0.241305 0.188033 0.167245 0.0104187 0.0266357 0.00578134 0.00249146
0.309677 0.584035 0.593699 0.574371 0.20498 0.230102 0.179858 0.160302 0.00966385 0.0251217 0.00541618 0.00238009
0.318442 0.567787 0.577174 0.5584 0.198283 0.22284 0.173726 0.157712 0.0093872 0.0245571 0.00528043 0.0023368
0.321833 0.561357 0.570476 0.552238 0.19469 0.218694 0.170686 0.155165 0.00911889 0.0240037 0.00514823 0.00229425
0.325224 0.554946 0.563804 0.546087 0.191134 0.214595 0.167672 0.15266 0.00885864 0.0234615 0.00501947 0.00225242
0.328614 0.548554 0.55716 0.539948 0.187614 0.210544 0.164684 0.150195 0.00860618 0.0229301 0.00489405 0.0022113
0.332005 0.542181 0.550542 0.53382 0.184132 0.206541 0.161722 0.147771 0.00836126 0.0224093 0.00477187 0.00217088
0.335396 0.535827 0.543951 0.527704 0.180686 0.202585 0.158787 0.145385 0.0081236 0.021899 0.00465284 0.00213113
0.338787 0.529492 0.537385 0.521599 0.177276 0.198675 0.155877 0.143038 0.00789298 0.0213989 0.00453686 0.00209204
0.342178 0.523175 0.530844 0.515505 0.173903 0.194812 0.152994 0.140727 0.00766917 0.0209089 0.00442384 0.0020536
0.345569 0.516876 0.524328 0.509424 0.170567 0.190996 0.150138 0.138454 0.00745192 0.0204287 0.0043137 0.0020158
0.348959 0.510595 0.517836 0.503354 0.167268 0.187226 0.14731 0.136215 0.00724104 0.0199583 0.00420635 0.00197862
0.35235 0.504333 0.511369 0.497297 0.164005 0.183503 0.144508 0.134012 0.00703631 0.0194973 0.00410171 0.00194204
0.355741 0.498089 0.504927 0.491252 0.16078 0.179825 0.141734 0.131842 0.00683753 0.0190456 0.00399971 0.00190607
0.359132 0.491863 0.498508 0.485219 0.157591 0.176194 0.138988 0.129706 0.00664452 0.0186031 0.00390027 0.00187067
0.362523 0.485656 0.492113 0.479199 0.154439 0.172608 0.136269 0.127603 0.00645707 0.0181695 0.00380331 0.00183585
0.365914 0.479468 0.485743 0.473193 0.151324 0.169068 0.133579 0.125531 0.00627502 0.0177447 0.00370877 0.00180159
0.369305 0.473297 0.479396 0.467199 0.148245 0.165574 0.130917 0.12349 0.0060982 0.0173285 0.00361658 0.00176788
0.372695 0.467146 0.473073 0.46122 0.145204 0.162125 0.128283 0.121481 0.00592643 0.0169208 0.00352667 0.00173471
0.376086 0.461014 0.466774 0.455255 0.1422 0.158721 0.125678 0.1195 0.00575955 0.0165215 0.00343897 0.00170206
0.379477 0.454902 0.460499 0.449304 0.139232 0.155363 0.123102 0.11755 0.00559742 0.0161302 0.00335343 0.00166993
0.382868 0.448808 0.454248 0.443369 0.136302 0.152049 0.120555 0.115628 0.00543989 0.015747 0.00326999 0.00163832
0.386259 0.442735 0.448022 0.437448 0.133409 0.14878 0.118037 0.113734 0.0052868 0.0153716 0.00318859 0.0016072
0.38965 0.436682 0.44182 0.431544 0.130552 0.145556 0.115548 0.111867 0.00513803 0.0150039 0.00310916 0.00157657
0.39304 0.43065 0.435643 0.425656 0.127733 0.142377 0.113089 0.110028 0.00499344 0.0146438 0.00303167 0.00154642
0.396431 0.424638 0.429491 0.419785 0.12495 0.139241 0.110659 0.108215 0.0048529 0.014291 0.00295605 0.00151674
0.399822 0.418648 0.423364 0.413932 0.122205 0.13615 0.108259 0.106428 0.00471628 0.0139456 0.00288225 0.00148752
0.403213 0.412679 0.417263 0.408096 0.119496 0.133104 0.105889 0.104666 0.00458347 0.0136073 0.00281024 0.00145877
0.406604 0.406733 0.411188 0.402279 0.116825 0.130101 0.103549 0.102929 0.00445436 0.013276 0.00273994 0.00143045
0.409995 0.400809 0.405138 0.396481 0.11419 0.127142 0.101239 0.101217 0.00432882 0.0129516 0.00267133 0.00140258
0.413385 0.394909 0.399116 0.390702 0.111593 0.124226 0.0989587 0.0995289 0.00420675 0.0126339 0.00260436 0.00137514
0.416776 0.389032 0.39312 0.384944 0.109032 0.121355 0.0967089 0.0978642 0.00408805 0.0123228 0.00253898 0.00134812
0.420167 0.383179 0.387151 0.379206 0.106508 0.118526 0.0944894 0.0962227 0.00397262 0.0120183 0.00247516 0.00132152
0.423558 0.37735 0.381211 0.37349 0.10402 0.115741 0.0923003 0.0946039 0.00386036 0.0117201 0.00241284 0.00129533
0.426949 0.371547 0.375298 0.367796 0.10157 0.112998 0.0901417 0.0930073 0.00375117 0.0114282 0.002352 0.00126955
0.43034 0.36577 0.369415 0.362125 0.099156 0.110298 0.0880135 0.0914326 0.00364497 0.0111424 0.00229259 0.00124416
0.43373 0.360019 0.36356 0.356477 0.0967785 0.107641 0.0859159 0.0898795 0.00354167 0.0108627 0.00223457 0.00121916
0.437121 0.354294 0.357735 0.350853 0.0944375 0.105026 0.0838487 0.0883474 0.00344118 0.0105888 0.00217792 0.00119455
0.440512 0.348597 0.351941 0.345254 0.0921329 0.102454 0.0818121 0.0868361 0.00334342 0.0103208 0.0021226 0.00117032
0.443903 0.342929 0.346177 0.33968 0.0898646 0.0999231 0.0798062 0.0853452 0.00324831 0.0100585 0.00206856 0.00114646
0.447294 0.337289 0.340444 0.334133 0.0876325 0.0974342 0.0778308 0.0838744 0.00315578 0.00980173 0.00201579 0.00112296
0.450685 0.331678 0.334744 0.328612 0.0854364 0.0949869 0.075886 0.0824232 0.00306575 0.00955048 0.00196425 0.00109983
0.454075 0.326097 0.329075 0.323119 0.0832763 0.0925809 0.0739717 0.0809915 0.00297815 0.0093046 0.0019139 0.00107706
0.457466 0.320547 0.32344 0.317654 0.081152 0.090216 0.0720879 0.0795788 0.00289291 0.00906402 0.00186472 0.00105463
0.460857 0.315028 0.317838 0.312218 0.0790634 0.087892 0.0702347 0.0781848 0.00280996 0.00882861 0.00181668 0.00103255
0.464248 0.309541 0.31227 0.306812 0.0770103 0.0856086 0.068412 0.0768093 0.00272924 0.0085983 0.00176976 0.00101082
0.467639 0.304087 0.306737 0.301436 0.0749925 0.0833655 0.0666195 0.075452 0.00265069 0.00837298 0.00172391 0.000989418
0.47103 0.298666 0.30124 0.296091 0.0730099 0.0811625 0.0648573 0.0741126 0.00257424 0.00815255 0.00167913 0.000968351
0.47442 0.293279 0.295779 0.290779 0.0710624 0.0789993 0.0631255 0.0727907 0.00249984 0.00793694 0.00163537 0.000947611
0.477811 0.287926 0.290354 0.285499 0.0691498 0.0768759 0.0614238 0.0714863 0.00242742 0.00772605 0.00159263 0.000927194
0.481202 0.282609 0.284966 0.280252 0.0672719 0.0747917 0.0597521 0.0701988 0.00235694 0.00751979 0.00155087 0.000907095
0.484593 0.277328 0.279617 0.27504 0.0654285 0.0727465 0.0581104 0.0689283 0.00228835 0.00731807 0.00151007 0.000887311
0.487984 0.272084 0.274306 0.269863 0.0636192 0.07074 0.0564984 0.0676743 0.00222158 0.00712081 0.0014702 0.000867838
0.491375 0.266878 0.269034 0.264721 0.0618442 0.0687721 0.0549162 0.0664366 0.00215659 0.00692792 0.00143125 0.000848671
0.494765 0.261709 0.263803 0.259616 0.0601029 0.0668422 0.0533636 0.0652151 0.00209333 0.00673933 0.0013932 0.000829807
0.498156 0.25658 0.258612 0.254548 0.0583953 0.0649503 0.0518403 0.0640095 0.00203175 0.00655495 0.00135602 0.000811242
0.501547 0.25149 0.253462 0.249518 0.0567211 0.0630958 0.0503464 0.0628195 0.00197181 0.00637471 0.00131969 0.000792972
0.504938 0.24644 0.248354 0.244527 0.05508 0.0612785 0.0488815 0.061645 0.00191347 0.00619852 0.0012842 0.000774993
0.508329 0.241432 0.243289 0.239575 0.0534718 0.0594981 0.0474455 0.0604858 0.00185667 0.00602631 0.00124952 0.000757303
0.51172 0.236465 0.238266 0.234664 0.0518963 0.0577543 0.0460383 0.0593417 0.00180139 0.00585801 0.00121563 0.000739897
0.51511 0.231541 0.233288 0.229793 0.0503532 0.0560467 0.0446597 0.0582124 0.00174758 0.00569353 0.00118253 0.000722773
0.518501 0.226659 0.228355 0.224964 0.0488422 0.054375 0.0433094 0.0570978 0.00169519 0.00553282 0.00115018 0.000705926
0.521892 0.221822 0.223466 0.220178 0.047363 0.0527388 0.0419872 0.0559978 0.0016442 0.0053758 0.00111858 0.000689355
0.525283 0.217029 0.218624 0.215435 0.0459154 0.0511378 0.040693 0.054912 0.00159457 0.00522239 0.00108771 0.000673055
0.528674 0.212282 0.213828 0.210735 0.0444991 0.0495716 0.0394266 0.0538405 0.00154625 0.00507253 0.00105754 0.000657025
0.532065 0.20758 0.209079 0.20608 0.0431137 0.0480399 0.0381876 0.0527829 0.00149922 0.00492615 0.00102808 0.000641259
0.535455 0.202924 0.204378 0.201471 0.041759 0.0465422 0.0369759 0.0517392 0.00145345 0.00478319 0.000999291 0.000625757
0.538846 0.198316 0.199725 0.196907 0.0404347 0.0450783 0.0357911 0.0507092 0.00140889 0.00464358 0.00097117 0.000610514
0.542237 0.193756 0.195122 0.192391 0.0391404 0.0436477 0.0346332 0.0496927 0.00136552 0.00450726 0.000943701 0.000595529
0.545628 0.189244 0.190568 0.187921 0.0378759 0.04225 0.0335017 0.0486896 0.00132331 0.00437416 0.000916868 0.000580797
0.549019 0.184782 0.186064 0.1835 0.0366407 0.0408849 0.0323965 0.0476998 0.00128223 0.00424422 0.00089066 0.000566318
0.55241 0.180369 0.181611 0.179127 0.0354346 0.039552 0.0313172 0.046723 0.00124225 0.00411739 0.000865061 0.000552087
0.5558 0.176007 0.17721 0.174803 0.0342572 0.0382508 0.0302636 0.0457593 0.00120334 0.0039936 0.000840061 0.000538102
0.559191 0.171695 0.172861 0.17053 0.0331082 0.036981 0.0292354 0.0448084 0.00116547 0.00387279 0.000815645 0.000524361
0.562582 0.167435 0.168564 0.166306 0.0319873 0.0357422 0.0282323 0.0438703 0.00112862 0.00375491 0.000791801 0.000510862
0.565973 0.163227 0.16432 0.162134 0.030894 0.0345339 0.0272541 0.0429448 0.00109276 0.00363989 0.000768519 0.000497601
0.569364 0.159072 0.16013 0.158014 0.029828 0.0333557 0.0263003 0.0420317 0.00105787 0.00352769 0.000745785 0.000484576
0.572755 0.15497 0.155994 0.153946 0.0287891 0.0322073 0.0253708 0.0411311 0.00102393 0.00341825 0.00072359 0.000471785
0.576146 0.150921 0.151912 0.14993 0.0277767 0.0310882 0.0244652 0.0402427 0.000990899 0.00331152 0.000701921 0.000459225
0.579536 0.146927 0.147886 0.145968 0.0267906 0.029998 0.0235831 0.0393665 0.000958767 0.00320743 0.000680768 0.000446894
0.582927 0.142988 0.143915 0.14206 0.0258303 0.0289363 0.0227244 0.0385024 0.00092751 0.00310595 0.00066012 0.000434789
0.586318 0.139103 0.14 0.138206 0.0248956 0.0279026 0.0218885 0.0376502 0.000897105 0.00300702 0.000639967 0.000422909
0.589709 0.135275 0.136142 0.134407 0.0239859 0.0268965 0.0210753 0.0368098 0.000867532 0.00291059 0.0006203 0.000411251
0.5931 0.131502 0.132341 0.130663 0.023101 0.0259176 0.0202844 0.0359813 0.000838769 0.00281661 0.000601108 0.000399813
0.596491 0.127786 0.128596 0.126975 0.0222404 0.0249654 0.0195154 0.0351644 0.000810798 0.00272503 0.000582381 0.000388592
0.599881 0.124126 0.12491 0.123343 0.0214038 0.0240396 0.018768 0.0343591 0.000783598 0.0026358 0.000564111 0.000377587
0.603272 0.120524 0.121281 0.119767 0.0205908 0.0231397 0.0180419 0.0335654 0.000757151 0.00254888 0.000546289 0.000366794
0.606663 0.116979 0.117711 0.116248 0.019801 0.0222652 0.0173367 0.032783 0.000731438 0.00246422 0.000528904 0.000356213
0.610054 0.113492 0.114199 0.112786 0.0190339 0.0214157 0.0166521 0.032012 0.000706442 0.00238178 0.00051195 0.00034584
0.613445 0.110064 0.110746 0.109382 0.0182893 0.0205908 0.0159878 0.0312522 0.000682145 0.00230151 0.000495417 0.000335673
0.616836 0.106693 0.107352 0.106035 0.0175667 0.0197901 0.0153433 0.0305036 0.000658531 0.00222336 0.000479296 0.000325711
0.620226 0.103382 0.104017 0.102746 0.0168657 0.019013 0.0147184 0.0297661 0.000635582 0.0021473 0.000463581 0.000315951
0.623617 0.100129 0.100742 0.0995157 0.016186 0.0182592 0.0141127 0.0290396 0.000613282 0.00207328 0.000448262 0.000306391
0.627008 0.0969352 0.0975268 0.0963436 0.015527 0.0175283 0.0135258 0.028324 0.000591617 0.00200126 0.000433332 0.00029703
0.630399 0.0938006 0.0943712 0.0932301 0.0148885 0.0168197 0.0129573 0.0276194 0.00057057 0.0019312 0.000418783 0.000287864
0.63379 0.0907255 0.0912757 0.0901754 0.0142701 0.0161331 0.012407 0.0269255 0.000550127 0.00186306 0.000404609 0.000278892
0.637181 0.0877098 0.0882401 0.0871795 0.0136712 0.015468 0.0118744 0.0262424 0.000530273 0.0017968 0.000390801 0.000270111
0.640571 0.0847537 0.0852647 0.0842427 0.0130917 0.0148241 0.0113593 0.0255699 0.000510994 0.00173238 0.000377352 0.00026152
0.643962 0.0818571 0.0823494 0.0813648 0.012531 0.0142007 0.0108612 0.0249081 0.000492276 0.00166976 0.000364256 0.000253117
0.647353 0.0790202 0.0794943 0.0785461 0.0119887 0.0135976 0.0103798 0.0242568 0.000474106 0.0016089 0.000351505 0.000244899
0.650744 0.076243 0.0766995 0.0757865 0.0114646 0.0130143 0.00991478 0.0236159 0.000456471 0.00154977 0.000339093 0.000236864
0.654135 0.0735253 0.0739646 0.0730859 0.0109581 0.0124504 0.00946572 0.0229855 0.000439358 0.00149233 0.000327012 0.000229011
0.657526 0.0708671 0.0712898 0.0704443 0.0104689 0.0119054 0.0090323 0.0223654 0.000422754 0.00143655 0.000315258 0.000221336
0.660916 0.0682684 0.068675 0.0678617 0.00999655 0.0113789 0.00861417 0.0217556 0.000406647 0.00138238 0.000303822 0.000213839
0.664307 0.0657289 0.0661199 0.0653379 0.00954078 0.0108706 0.00821097 0.021156 0.000391025 0.0013298 0.0002927 0.000206517
0.667698 0.0632486 0.0636245 0.0628727 0.00910113 0.0103799 0.00782236 0.0205666 0.000375877 0.00127877 0.000281884 0.000199367
0.671089 0.0608273 0.0611885 0.0604661 0.00867724 0.00990649 0.00744798 0.0199873 0.00036119 0.00122925 0.000271368 0.000192389
0.67448 0.0584648 0.0588117 0.0581178 0.00826872 0.00944995 0.0070875 0.019418 0.000346955 0.00118122 0.000261148 0.000185579
0.677871 0.0561607 0.0564938 0.0558275 0.00787522 0.00900986 0.00674058 0.0188587 0.00033316 0.00113464 0.000251216 0.000178936
0.681261 0.0539149 0.0542347 0.0535951 0.00749634 0.00858582 0.00640686 0.0183094 0.000319795 0.00108948 0.000241568 0.000172458
0.684652 0.051727 0.0520338 0.0514202 0.00713171 0.00817741 0.00608601 0.0177699 0.000306848 0.0010457 0.000232197 0.000166142
0.688043 0.0495967 0.049891 0.0493023 0.00678098 0.00778426 0.00577769 0.0172402 0.000294311 0.00100328 0.000223097 0.000159986
0.691434 0.0475236 0.0478058 0.0472414 0.00644377 0.00740596 0.00548158 0.0167202 0.000282172 0.00096219 0.000214265 0.000153989
0.694825 0.0455073 0.0457778 0.0452369 0.00611975 0.00704214 0.00519736 0.0162099 0.000270423 0.000922392 0.000205693 0.000148148
0.698216 0.0435474 0.0438065 0.0432884 0.00580853 0.00669239 0.00492467 0.0157093 0.000259054 0.00088386 0.000197377 0.000142461
0.701606 0.0416435 0.0418916 0.0413955 0.00550978 0.00635635 0.00466322 0.0152182 0.000248056 0.000846565 0.000189311 0.000136926
0.704997 0.039795 0.0400324 0.0395576 0.00522314 0.00603362 0.00441266 0.0147366 0.000237419 0.000810479 0.000181491 0.000131541
0.708388 0.0380014 0.0382286 0.0377743 0.00494827 0.00572385 0.0041727 0.0142645 0.000227134 0.000775573 0.000173912 0.000126303
0.711779 0.0362623 0.0364795 0.0360451 0.00468485 0.00542667 0.00394303 0.0138018 0.000217193 0.00074182 0.000166567 0.000121212
0.71517 0.0345769 0.0347845 0.0343693 0.00443251 0.0051417 0.00372331 0.0133483 0.000207588 0.000709193 0.000159453 0.000116263
0.718561 0.0329448 0.0331431 0.0327465 0.00419094 0.0048686 0.00351327 0.0129042 0.000198309 0.000677664 0.000152565 0.000111457
0.721951 0.0313652 0.0315546 0.0311759 0.0039598 0.00460701 0.0033126 0.0124692 0.00018935 0.000647208 0.000145897 0.000106789
0.725342 0.0298376 0.0300183 0.0296569 0.00373879 0.00435659 0.003121 0.0120434 0.000180701 0.000617798 0.000139446 0.000102259
0.728733 0.0283613 0.0285336 0.0281889 0.00352759 0.004117 0.00293818 0.0116267 0.000172355 0.00058941 0.000133206 9.7863e-05
0.732124 0.0269354 0.0270997 0.0267711 0.00332587 0.00388789 0.00276385 0.011219 0.000164304 0.000562017 0.000127173 9.36003e-05
0.735515 0.0255594 0.025716 0.0254029 0.00313334 0.00366893 0.00259774 0.0108202 0.00015654 0.000535596 0.000121342 8.94683e-05
0.738906 0.0242325 0.0243816 0.0240835 0.00294969 0.00345981 0.00243957 0.0104303 0.000149057 0.000510122 0.000115709 8.54648e-05
0.742296 0.0229539 0.0230957 0.022812 0.00277463 0.0032602 0.00228906 0.0100492 0.000141847 0.000485571 0.000110269 8.15877e-05
0.745687 0.0217227 0.0218576 0.0215878 0.00260787 0.00306979 0.00214595 0.00967687 0.000134903 0.00046192 0.000105019 7.78347e-05
0.749078 0.0205383 0.0206665 0.02041 0.00244912 0.00288826 0.00200997 0.00931321 0.000128218 0.000439146 9.99532e-05 7.42038e-05
0.752469 0.0193996 0.0195214 0.0192778 0.0022981 0.00271532 0.00188087 0.00895817 0.000121785 0.000417226 9.50683e-05 7.06928e-05
0.75586 0.018306 0.0184215 0.0181904 0.00215453 0.00255067 0.0017584 0.00861167 0.000115597 0.000396137 9.03597e-05 6.72994e-05
0.759251 0.0172564 0.017366 0.0171467 0.00201815 0.00239401 0.0016423 0.00827364 0.000109648 0.000375858 8.58235e-05 6.40216e-05
0.762641 0.01625 0.0163539 0.0161461 0.0018887 0.00224507 0.00153233 0.00794401 0.000103931 0.000356368 8.14555e-05 6.08572e-05
0.766032 0.0152859 0.0153844 0.0151875 0.00176591 0.00210355 0.00142826 0.00762271 9.84401e-05 0.000337644 7.72517e-05 5.78039e-05
0.769423 0.0143632 0.0144564 0.0142701 0.00164953 0.0019692 0.00132986 0.00730965 9.31689e-05 0.000319666 7.3208e-05 5.48597e-05
0.772814 0.013481 0.0135691 0.0133929 0.00153932 0.00184173 0.0012369 0.00700477 8.81114e-05 0.000302414 6.93207e-05 5.20223e-05
0.776205 0.0126382 0.0127214 0.0125549 0.00143502 0.00172089 0.00114916 0.00670799 8.32615e-05 0.000285867 6.55857e-05 4.92896e-05
0.779596 0.0118339 0.0119125 0.0117553 0.00133642 0.00160642 0.00106641 0.00641923 7.86134e-05 0.000270005 6.19993e-05 4.66594e-05
0.782986 0.0110672 0.0111413 0.010993 0.00124327 0.00149808 0.000988462 0.00613841 7.41613e-05 0.00025481 5.85577e-05 4.41295e-05
0.786377 0.010337 0.0104069 0.0102671 0.00115536 0.00139562 0.000915097 0.00586545 6.98994e-05 0.000240261 5.52571e-05 4.16978e-05
0.789768 0.00964236 0.00970819 0.00957654 0.00107246 0.0012988 0.000846115 0.00560027 6.58223e-05 0.00022634 5.20939e-05 3.93621e-05
0.793159 0.00898233 0.00904425 0.00892041 0.000994353 0.00120738 0.000781325 0.00534279 6.19245e-05 0.000213029 4.90643e-05 3.71202e-05
0.79655 0.00835587 0.00841407 0.00829767 0.000920844 0.00112115 0.000720535 0.00509292 5.82006e-05 0.000200308 4.61648e-05 3.49701e-05
0.799941 0.00776198 0.00781662 0.00770733 0.000851724 0.00103989 0.000663562 0.00485057 5.46453e-05 0.000188162 4.33919e-05 3.29094e-05
0.803332 0.00719963 0.00725089 0.00714838 0.000786797 0.000963368 0.000610227 0.00461566 5.12535e-05 0.000176571 4.07419e-05 3.09362e-05
0.806722 0.00666785 0.00671587 0.00661983 0.000725874 0.000891392 0.000560355 0.00438811 4.80201e-05 0.000165518 3.82115e-05 2.90482e-05
0.810113 0.0061656 0.00621054 0.00612066 0.000668765 0.000823753 0.000513778 0.00416781 4.49401e-05 0.000154987 3.57971e-05 2.72433e-05
0.813504 0.00569188 0.00573389 0.00564987 0.000615295 0.000760256 0.000470334 0.00395468 4.20086e-05 0.000144961 3.34955e-05 2.55193e-05
0.816895 0.0052457 0.00528492 0.00520648 0.000565287 0.000700711 0.000429863 0.00374863 3.92207e-05 0.000135424 3.13032e-05 2.38743e-05
0.820286 0.00482604 0.00486261 0.00478947 0.000518571 0.00064493 0.000392211 0.00354957 3.65719e-05 0.000126359 2.9217e-05 2.23059e-05
0.823677 0.00443191 0.00446597 0.00439786 0.000474983 0.000592734 0.000357232 0.00335738 3.40574e-05 0.000117751 2.72336e-05 2.08122e-05
0.827067 0.00406233 0.004094 0.00403065 0.000434367 0.000543951 0.000324783 0.00317199 3.16727e-05 0.000109584 2.53497e-05 1.93911e-05
0.830458 0.00371631 0.00374572 0.00368689 0.000396567 0.000498411 0.000294724 0.00299329 2.94134e-05 0.000101843 2.35622e-05 1.80404e-05
0.833849 0.00339288 0.00342015 0.0033656 0.000361437 0.000455951 0.000266923 0.00282118 2.72749e-05 9.45139e-05 2.18681e-05 1.67581e-05
0.83724 0.00309108 0.00311633 0.00306583 0.000328833 0.000416414 0.000241252 0.00265556 2.52532e-05 8.75809e-05 2.0264e-05 1.55421e-05
0.840631 0.00280996 0.0028333 0.00278661 0.000298617 0.000379647 0.000217587 0.00249632 2.33438e-05 8.10301e-05 1.87471e-05 1.43904e-05
0.844022 0.00254858 0.00257012 0.00252703 0.000270656 0.000345504 0.000195809 0.00234337 2.15428e-05 7.48476e-05 1.73144e-05 1.33009e-05
0.847412 0.00230602 0.00232586 0.00228617 0.000244823 0.000313842 0.000175803 0.00219659 1.98459e-05 6.90194e-05 1.59627e-05 1.22717e-05
0.850803 0.00208137 0.00209962 0.00206312 0.000220993 0.000284525 0.000157461 0.00205589 1.82493e-05 6.3532e-05 1.46893e-05 1.13006e-05
0.854194 0.00187374 0.00189049 0.00185699 0.000199049 0.000257421 0.000140676 0.00192114 1.67491e-05 5.83723e-05 1.34913e-05 1.03858e-05
0.857585 0.00168225 0.00169759 0.00166691 0.000178876 0.000232403 0.000125349 0.00179225 1.53413e-05 5.35271e-05 1.23657e-05 9.52529e-06
0.860976 0.00150605 0.00152008 0.00149203 0.000160367 0.00020935 0.000111383 0.00166909 1.40223e-05 4.89839e-05 1.13099e-05 8.71704e-06
0.864367 0.0013443 0.00135709 0.00133151 0.000143415 0.000188145 9.86849e-05 0.00155156 1.27884e-05 4.47302e-05 1.03211e-05 7.95915e-06
0.867757 0.00119618 0.00120782 0.00118455 0.000127922 0.000168675 8.7168e-05 0.00143954 1.16359e-05 4.07537e-05 9.39652e-06 7.24971e-06
0.871148 0.0010609 0.00107146 0.00105034 0.000113791 0.000150833 7.67481e-05 0.00133291 1.05614e-05 3.70425e-05 8.53355e-06 6.58682e-06
0.874539 0.000937667 0.000947228 0.000928106 0.00010093 0.000134515 6.73453e-05 0.00123156 9.5613e-06 3.35849e-05 7.72958e-06 5.96861e-06
0.87793 0.000825741 0.000834373 0.000817109 8.92533e-05 0.000119623 5.88837e-05 0.00113538 8.63233e-06 3.03696e-05 6.98202e-06 5.39322e-06
0.881321 0.000724388 0.000732159 0.000716617 7.86766e-05 0.000106062 5.12913e-05 0.00104423 7.77114e-06 2.73853e-05 6.28835e-06 4.85881e-06
0.884712 0.0006329 0.000639875 0.000625926 6.91207e-05 9.37419e-05 4.44996e-05 0.000957992 6.9745e-06 2.46211e-05 5.64609e-06 4.36359e-06
0.888102 0.000550595 0.000556834 0.000544356 6.05105e-05 8.2577e-05 3.84441e-05 0.000876554 6.23923e-06 2.20665e-05 5.05281e-06 3.90576e-06
0.891493 0.000476813 0.000482375 0.000471251 5.27743e-05 7.24851e-05 3.30635e-05 0.000799785 5.56226e-06 1.97108e-05 4.50611e-06 3.48358e-06
0.894884 0.000410922 0.000415863 0.000405982 4.58442e-05 6.33882e-05 2.83001e-05 0.00072756 4.94055e-06 1.7544e-05 4.00365e-06 3.09531e-06
0.898275 0.000352314 0.000356685 0.000347943 3.96559e-05 5.52121e-05 2.40997e-05 0.000659754 4.37115e-06 1.55562e-05 3.54314e-06 2.73925e-06
0.901666 0.000300405 0.000304256 0.000296554 3.41488e-05 4.78865e-05 2.04112e-05 0.000596236 3.8512e-06 1.37377e-05 3.12234e-06 2.41371e-06
0.905057 0.000254641 0.000258019 0.000251263 2.92654e-05 4.13444e-05 1.71864e-05 0.000536878 3.37788e-06 1.2079e-05 2.73904e-06 2.11706e-06
0.908447 0.00021449 0.000217438 0.000211541 2.49518e-05 3.55228e-05 1.43808e-05 0.000481549 2.94846e-06 1.0571e-05 2.3911e-06 1.84769e-06
0.911838 0.000179448 0.000182008 0.000176887 2.11571e-05 3.03618e-05 1.19524e-05 0.000430118 2.56028e-06 9.2047e-06 2.07641e-06 1.604e-06
0.915229 0.000149038 0.000151249 0.000146828 1.78335e-05 2.5805e-05 9.86207e-06 0.00038245 2.21075e-06 7.97145e-06 1.79293e-06 1.38444e-06
0.91862 0.000122809 0.000124707 0.000120912 1.49364e-05 2.17992e-05 8.07363e-06 0.000338411 1.89736e-06 6.86277e-06 1.53867e-06 1.18749e-06
0.922011 0.000100336 0.000101954 9.87184e-05 1.24239e-05 1.82944e-05 6.55345e-06 0.000297867 1.61765e-06 5.87047e-06 1.31167e-06 1.01168e-06
0.925402 8.12189e-05 8.25882e-05 7.98497e-05 1.0257e-05 1.52436e-05 5.27048e-06 0.000260681 1.36927e-06 4.98656e-06 1.11004e-06 8.55544e-07
0.928792 6.50848e-05 6.62347e-05 6.39349e-05 8.39947e-06 1.26028e-05 4.19615e-06 0.000226714 1.1499e-06 4.20332e-06 9.31952e-07 7.17678e-07
0.932183 5.15857e-05 5.25431e-05 5.06284e-05 6.81753e-06 1.03308e-05 3.30425e-06 0.000195828 9.57333e-07 3.51328e-06 7.75611e-07 5.96706e-07
0.935574 4.03991e-05 4.11885e-05 3.96096e-05 5.48001e-06 8.38921e-06 2.57081e-06 0.000167883 7.89412e-07 2.9092e-06 6.39291e-07 4.91292e-07
0.938965 3.12268e-05 3.18709e-05 3.05828e-05 4.35813e-06 6.74221e-06 1.97404e-06 0.000142739 6.44063e-07 2.38409e-06 5.21318e-07 4.00139e-07
0.942356 2.37954e-05 2.43147e-05 2.32761e-05 3.4254e-06 5.3566e-06 1.49421e-06 0.000120253 5.19288e-07 1.93119e-06 4.20076e-07 3.21994e-07
0.945747 1.78548e-05 1.8268e-05 1.74417e-05 2.65758e-06 4.2016e-06 1.11356e-06 0.000100285 4.13164e-07 1.54402e-06 3.34008e-07 2.55645e-07
0.949137 1.31782e-05 1.3502e-05 1.28543e-05 2.03251e-06 3.24883e-06 8.16182e-07 8.26894e-05 3.23846e-07 1.21632e-06 2.61616e-07 1.99923e-07
0.952528 9.56118e-06 9.81074e-06 9.31161e-06 1.53005e-06 2.47216e-06 5.87946e-07 6.73239e-05 2.49567e-07 9.42106e-07 2.01463e-07 1.53708e-07
0.955919 6.82123e-06 7.00986e-06 6.63259e-06 1.13202e-06 1.84764e-06 4.16393e-07 5.40437e-05 1.88639e-07 7.15624e-07 1.52174e-07 1.15923e-07
0.95931 4.79679e-06 4.93625e-06 4.65733e-06 8.22036e-07 1.35343e-06 2.90641e-07 4.27047e-05 1.39457e-07 5.31395e-07 1.12439e-07 8.55434e-08
0.962701 3.34662e-06 3.44711e-06 3.24612e-06 5.8549e-07 9.69686e-07 2.01295e-07 3.31625e-05 1.00496e-07 3.84195e-07 8.10138e-08 6.1592e-08
0.966092 2.34906e-06 2.41938e-06 2.27875e-06 4.09433e-07 6.78503e-07 1.40364e-07 2.52736e-05 7.03172e-08 2.69069e-07 5.67196e-08 4.31455e-08
0.969482 1.70144e-06 1.749e-06 1.65387e-06 2.82515e-07 4.6385e-07 1.01181e-07 1.88965e-05 4.75662e-08 1.81334e-07 3.84488e-08 2.93344e-08
0.972873 1.31968e-06 1.35066e-06 1.2887e-06 1.94938e-07 3.11525e-07 7.83507e-08 1.38934e-05 3.09782e-08 1.16587e-07 2.5165e-08 1.93456e-08
0.976264 1.1388e-06 1.15818e-06 1.11942e-06 1.38458e-07 2.09171e-07 6.77441e-08 1.01345e-05 1.93788e-08 7.07136e-08 1.59059e-08 1.24245e-08
0.979655 1.11543e-06 1.12711e-06 1.10374e-06 1.06523e-07 1.46423e-07 6.66243e-08 7.50818e-06 1.16869e-08 3.98991e-08 9.78546e-09 7.87655e-09
0.983046 1.23726e-06 1.24417e-06 1.23034e-06 9.48362e-08 1.15479e-07 7.41936e-08 5.94759e-06 6.91617e-09 2.06426e-08 5.99449e-09 5.06787e-09
0.986437 1.56298e-06 1.56715e-06 1.55881e-06 1.03751e-07 1.13522e-07 9.39794e-08 5.5287e-06 4.17038e-09 9.77127e-09 3.79574e-09 3.41853e-09
0.989827 2.52819e-06 2.53079e-06 2.52558e-06 1.56713e-07 1.61166e-07 1.52261e-07 7.02899e-06 2.60266e-09 4.45251e-09 2.47943e-09 2.35516e-09
0.993218 1.12215e-05 1.12219e-05 1.12212e-05 6.7941e-07 6.82324e-07 6.76495e-07 4.00239e-05 3.43181e-10 2.91465e-09 1.72422e-10 0
4.01075e-314 inf inf inf inf inf inf 0.000296791 13.1129 0.528731 0.313874 0.144608
