9.72476e-05 3.23809 3.50673 2.96945 1.13484 1.28123 0.988451 7.02596 0.268644 0.146387 0.0792646 0.0714863
0.0001 3.21913 3.48746 2.9508 1.12825 1.27431 0.982196 6.96389 0.26833 0.146059 0.0787768 0.0709139
0.00010283 3.20044 3.46846 2.93242 1.12177 1.2675 0.976031 6.90225 0.268019 0.145734 0.0782932 0.0703448
0.000105741 3.18262 3.45033 2.91491 1.11557 1.26099 0.970159 6.84105 0.267711 0.145414 0.0778137 0.069779
0.000108734 3.16354 3.43094 2.89613 1.10895 1.25405 0.963858 6.78027 0.267406 0.145097 0.0773383 0.0692164
0.000111811 3.14455 3.41166 2.87745 1.10238 1.24716 0.957591 6.71991 0.267104 0.144785 0.0768673 0.0686572
0.000114976 3.12567 3.39247 2.85886 1.09583 1.24031 0.951355 6.65998 0.266805 0.144476 0.0764002 0.0681011
0.00011823 3.10689 3.3734 2.84038 1.08933 1.2335 0.945154 6.60047 0.266509 0.144171 0.0759373 0.0675483
0.000121576 3.08821 3.35442 2.82199 1.08286 1.22673 0.938986 6.54138 0.266216 0.14387 0.0754786 0.0669987
0.000125017 3.06963 3.33555 2.8037 1.07642 1.22 0.93285 6.4827 0.265926 0.143573 0.075024 0.0664523
0.000128556 3.05115 3.31678 2.78551 1.07003 1.21331 0.926746 6.42443 0.265638 0.14328 0.0745735 0.065909
0.000132194 3.03277 3.29812 2.76741 1.06367 1.20666 0.920677 6.36657 0.265354 0.142991 0.0741272 0.065369
0.000135936 3.01448 3.27955 2.74941 1.05734 1.20005 0.914638 6.30912 0.265072 0.142706 0.073685 0.0648321
0.000139783 2.99629 3.26109 2.7315 1.05106 1.19348 0.908632 6.25208 0.264793 0.142424 0.0732468 0.0642983
0.000143739 2.97821 3.24272 2.71369 1.0448 1.18695 0.902658 6.19544 0.264517 0.142146 0.0728128 0.0637677
0.000147808 2.96022 3.22446 2.69597 1.03859 1.18046 0.896716 6.1392 0.264244 0.141872 0.0723828 0.0632401
0.000151991 2.94232 3.2063 2.67835 1.03241 1.17401 0.890805 6.08336 0.263973 0.141602 0.0719569 0.0627157
0.000156293 2.92452 3.18823 2.66082 1.02626 1.1676 0.884927 6.02791 0.263705 0.141335 0.0715351 0.0621943
0.000160717 2.90682 3.17026 2.64338 1.02015 1.16122 0.879079 5.97286 0.263439 0.141073 0.0711174 0.061676
0.000165265 2.88922 3.15239 2.62604 1.01408 1.15489 0.873263 5.9182 0.263176 0.140814 0.0707037 0.0611607
0.000169943 2.87171 3.13462 2.60879 1.00804 1.1486 0.867479 5.86392 0.262916 0.140558 0.0702942 0.0606486
0.000174753 2.85429 3.11695 2.59163 1.00203 1.14234 0.861725 5.81003 0.262658 0.140307 0.0698887 0.0601394
0.000179699 2.83697 3.09937 2.57456 0.996061 1.13612 0.856002 5.75653 0.262402 0.140059 0.0694872 0.0596332
0.000184785 2.81974 3.08189 2.55759 0.990125 1.12994 0.850311 5.7034 0.262149 0.139814 0.0690898 0.0591301
0.000190015 2.8026 3.0645 2.5407 0.984223 1.1238 0.84465 5.65066 0.261898 0.139573 0.0686964 0.0586299
0.000195393 2.78556 3.04721 2.52391 0.978355 1.11769 0.839019 5.5983 0.26165 0.139336 0.068307 0.0581327
0.000200923 2.76861 3.03001 2.5072 0.972522 1.11162 0.833419 5.54631 0.261404 0.139103 0.0679217 0.0576385
0.00020661 2.75175 3.01291 2.49059 0.966722 1.1056 0.827849 5.49469 0.26116 0.138873 0.0675404 0.0571472
0.000212458 2.73498 2.9959 2.47406 0.960955 1.0996 0.822309 5.44344 0.260919 0.138647 0.0671631 0.0566588
0.000218471 2.71831 2.97899 2.45763 0.955224 1.09365 0.8168 5.39256 0.260679 0.138424 0.06679 0.0561734
0.000224655 2.70172 2.96217 2.44128 0.949525 1.08773 0.81132 5.34205 0.260442 0.138205 0.0664208 0.0556909
0.000231013 2.68523 2.94543 2.42502 0.943858 1.08185 0.80587 5.2919 0.260207 0.137989 0.0660555 0.0552112
0.000237551 2.66883 2.9288 2.40885 0.938226 1.076 0.80045 5.24211 0.259974 0.137777 0.0656943 0.0547345
0.000244275 2.65251 2.91225 2.39277 0.932626 1.07019 0.795058 5.19268 0.259743 0.137568 0.0653371 0.0542606
0.000251189 2.63628 2.8958 2.37677 0.927059 1.06442 0.789697 5.14361 0.259514 0.137363 0.0649839 0.0537896
0.000258298 2.62014 2.87943 2.36086 0.921525 1.05869 0.784365 5.09489 0.259287 0.137161 0.0646347 0.0533214
0.000265609 2.60409 2.86316 2.34503 0.916024 1.05299 0.779061 5.04653 0.259062 0.136962 0.0642895 0.0528561
0.000273126 2.58813 2.84697 2.32929 0.910554 1.04732 0.773787 4.99852 0.258839 0.136767 0.0639482 0.0523935
0.000280857 2.57226 2.83087 2.31364 0.905118 1.04169 0.768542 4.95085 0.258618 0.136576 0.063611 0.0519339
0.000288806 2.55647 2.81487 2.29807 0.899713 1.0361 0.763325 4.90353 0.258398 0.136388 0.0632777 0.051477
0.00029698 2.54077 2.79895 2.28259 0.894339 1.03054 0.758137 4.85656 0.25818 0.136203 0.0629484 0.0510228
0.000305386 2.52515 2.78312 2.26719 0.888999 1.02502 0.752978 4.80993 0.257964 0.136022 0.0626231 0.0505715
0.000314029 2.50962 2.76737 2.25187 0.883689 1.01953 0.747846 4.76364 0.257749 0.135843 0.0623017 0.0501229
0.000322917 2.49418 2.75171 2.23664 0.878411 1.01408 0.742743 4.71769 0.257536 0.135669 0.0619843 0.049677
0.000332057 2.47882 2.73614 2.22149 0.873165 1.00866 0.737668 4.67207 0.257325 0.135497 0.0616708 0.0492339
0.000341455 2.46354 2.72066 2.20643 0.86795 1.00328 0.732621 4.62679 0.257115 0.135329 0.0613614 0.0487936
0.000351119 2.44835 2.70526 2.19144 0.862766 0.997929 0.727602 4.58184 0.256906 0.135164 0.0610558 0.0483559
0.000361057 2.43324 2.68994 2.17654 0.857612 0.992614 0.72261 4.53722 0.256699 0.135002 0.0607542 0.047921
0.000371276 2.41822 2.67471 2.16173 0.85249 0.987334 0.717647 4.49293 0.256493 0.134843 0.0604566 0.0474887
0.000381784 2.40327 2.65956 2.14699 0.847399 0.982087 0.71271 4.44897 0.256288 0.134688 0.0601629 0.0470591
0.00039259 2.38842 2.6445 2.13233 0.842338 0.976874 0.707802 4.40533 0.256085 0.134536 0.0598731 0.0466322
0.000403702 2.37364 2.62952 2.11775 0.837307 0.971694 0.70292 4.36201 0.255882 0.134387 0.0595872 0.046208
0.000415128 2.35894 2.61462 2.10326 0.832307 0.966548 0.698065 4.31901 0.255681 0.134241 0.0593053 0.0457864
0.000426877 2.34432 2.59981 2.08884 0.827336 0.961434 0.693238 4.27633 0.255481 0.134098 0.0590273 0.0453674
0.000438959 2.32979 2.58507 2.07451 0.822396 0.956355 0.688437 4.23397 0.255282 0.133959 0.0587533 0.0449511
0.000451383 2.31534 2.57042 2.06025 0.817486 0.951308 0.683663 4.19192 0.255084 0.133822 0.0584831 0.0445374
0.000464159 2.30096 2.55585 2.04607 0.812605 0.946294 0.678916 4.15019 0.254887 0.133689 0.0582169 0.0441263
0.000477296 2.28667 2.54136 2.03198 0.807754 0.941313 0.674196 4.10876 0.25469 0.133558 0.0579546 0.0437179
0.000490805 2.27245 2.52694 2.01795 0.802932 0.936363 0.669501 4.06765 0.254494 0.133431 0.0576961 0.0433119
0.000504697 2.25831 2.51261 2.00401 0.79814 0.931447 0.664833 4.02683 0.254299 0.133307 0.0574416 0.0429086
0.000518981 2.24425 2.49836 1.99015 0.793377 0.926562 0.660192 3.98633 0.254105 0.133185 0.0571909 0.0425078
0.00053367 2.23027 2.48418 1.97636 0.788643 0.921709 0.655576 3.94613 0.253911 0.133067 0.0569442 0.0421096
0.000548775 2.21637 2.47008 1.96265 0.783937 0.916888 0.650986 3.90623 0.253717 0.132951 0.0567013 0.041714
0.000564307 2.20254 2.45606 1.94902 0.779261 0.912099 0.646423 3.86663 0.253524 0.132838 0.0564623 0.0413209
0.000580278 2.18879 2.44212 1.93546 0.774613 0.907342 0.641884 3.82733 0.253332 0.132729 0.0562272 0.0409303
0.000596702 2.17511 2.42825 1.92197 0.769994 0.902615 0.637372 3.78832 0.253139 0.132622 0.055996 0.0405422
0.000613591 2.16152 2.41446 1.90857 0.765403 0.89792 0.632885 3.74961 0.252947 0.132518 0.0557686 0.0401566
0.000630957 2.14799 2.40075 1.89524 0.76084 0.893256 0.628423 3.71119 0.252755 0.132417 0.0555451 0.0397736
0.000648815 2.13454 2.38711 1.88198 0.756305 0.888623 0.623987 3.67306 0.252563 0.132318 0.0553255 0.039393
0.000667179 2.12117 2.37354 1.8688 0.751798 0.884021 0.619576 3.63522 0.252371 0.132223 0.0551096 0.0390149
0.000686062 2.10787 2.36005 1.85569 0.747319 0.879449 0.61519 3.59767 0.252179 0.13213 0.0548977 0.0386393
0.00070548 2.09464 2.34663 1.84266 0.742868 0.874907 0.610828 3.5604 0.251986 0.132039 0.0546895 0.0382661
0.000725448 2.08149 2.33328 1.8297 0.738444 0.870396 0.606492 3.52342 0.251793 0.131952 0.0544852 0.0378954
0.00074598 2.06841 2.32001 1.81681 0.734048 0.865915 0.60218 3.48672 0.2516 0.131867 0.0542847 0.0375271
0.000767094 2.0554 2.30681 1.804 0.729679 0.861464 0.597894 3.45029 0.251407 0.131785 0.0540881 0.0371613
0.000788805 2.04247 2.29368 1.79126 0.725337 0.857042 0.593631 3.41415 0.251213 0.131705 0.0538952 0.0367979
0.000811131 2.0296 2.28062 1.77859 0.721022 0.85265 0.589393 3.37829 0.251018 0.131629 0.0537062 0.036437
0.000834088 2.01681 2.26764 1.76599 0.716734 0.848288 0.58518 3.34269 0.250823 0.131554 0.0535209 0.0360784
0.000857696 2.00409 2.25472 1.75346 0.712473 0.843955 0.58099 3.30738 0.250627 0.131482 0.0533395 0.0357222
0.000881971 1.99144 2.24187 1.74101 0.708238 0.839651 0.576825 3.27233 0.25043 0.131413 0.0531618 0.0353684
0.000906934 1.97886 2.22909 1.72863 0.704029 0.835376 0.572683 3.23756 0.250232 0.131346 0.0529878 0.035017
0.000932603 1.96635 2.21638 1.71632 0.699848 0.831129 0.568566 3.20305 0.250033 0.131282 0.0528177 0.034668
0.000958999 1.95391 2.20374 1.70407 0.695692 0.826911 0.564472 3.16881 0.249833 0.13122 0.0526512 0.0343213
0.000986142 1.94153 2.19117 1.6919 0.691562 0.822722 0.560402 3.13483 0.249632 0.13116 0.0524886 0.0339771
0.00101405 1.92923 2.17866 1.6798 0.687458 0.818561 0.556356 3.10112 0.249429 0.131103 0.0523296 0.0336351
0.00104275 1.91699 2.16622 1.66777 0.68338 0.814428 0.552332 3.06767 0.249224 0.131048 0.0521744 0.0332955
0.00107227 1.90482 2.15384 1.65581 0.679328 0.810324 0.548333 3.03448 0.249018 0.130995 0.0520228 0.0329583
0.00110262 1.89272 2.14153 1.64391 0.675301 0.806246 0.544356 3.00156 0.248811 0.130945 0.051875 0.0326233
0.00113382 1.88069 2.12929 1.63209 0.6713 0.802197 0.540403 2.96889 0.248601 0.130897 0.0517308 0.0322907
0.00116591 1.86872 2.11711 1.62033 0.667324 0.798175 0.536473 2.93647 0.24839 0.130851 0.0515903 0.0319604
0.00119891 1.85682 2.10499 1.60864 0.663373 0.79418 0.532566 2.90431 0.248177 0.130807 0.0514535 0.0316323
0.00123285 1.84498 2.09294 1.59702 0.659447 0.790212 0.528681 2.8724 0.247961 0.130766 0.0513203 0.0313066
0.00126774 1.83321 2.08095 1.58546 0.655546 0.786272 0.52482 2.84074 0.247743 0.130726 0.0511907 0.0309832
0.00130362 1.8215 2.06902 1.57398 0.651669 0.782358 0.520981 2.80934 0.247523 0.130688 0.0510648 0.0306621
0.00134052 1.80986 2.05716 1.56256 0.647817 0.77847 0.517164 2.77818 0.2473 0.130653 0.0509424 0.0303432
0.00137846 1.79828 2.04535 1.5512 0.64399 0.77461 0.513371 2.74727 0.247075 0.130619 0.0508236 0.0300266
0.00141747 1.78676 2.03361 1.53992 0.640187 0.770775 0.509599 2.7166 0.246847 0.130588 0.0507084 0.0297122
0.00145759 1.77531 2.02193 1.5287 0.636408 0.766966 0.50585 2.68618 0.246616 0.130558 0.0505967 0.0294001
0.00149885 1.76392 2.0103 1.51754 0.632653 0.763183 0.502123 2.656 0.246382 0.13053 0.0504885 0.0290902
0.00154127 1.75259 1.99874 1.50645 0.628922 0.759426 0.498418 2.62606 0.246144 0.130504 0.0503839 0.0287826
0.00158489 1.74133 1.98723 1.49542 0.625215 0.755695 0.494735 2.59636 0.245904 0.13048 0.0502827 0.0284772
0.00162975 1.73012 1.97578 1.48446 0.621531 0.751989 0.491074 2.5669 0.24566 0.130457 0.050185 0.028174
0.00167588 1.71898 1.96439 1.47357 0.617871 0.748308 0.487434 2.53768 0.245412 0.130437 0.0500907 0.0278731
0.00172331 1.7079 1.95306 1.46274 0.614234 0.744652 0.483817 2.50869 0.245161 0.130417 0.0499998 0.0275743
0.00177209 1.69688 1.94178 1.45197 0.610621 0.741021 0.480221 2.47994 0.244905 0.1304 0.0499124 0.0272778
0.00182224 1.68591 1.93056 1.44127 0.60703 0.737414 0.476646 2.45142 0.244646 0.130384 0.0498282 0.0269834
0.00187382 1.67501 1.91939 1.43063 0.603462 0.733832 0.473093 2.42313 0.244382 0.130369 0.0497475 0.0266912
0.00192685 1.66416 1.90828 1.42005 0.599917 0.730273 0.469562 2.39507 0.244114 0.130356 0.04967 0.0264012
0.00198139 1.65338 1.89722 1.40953 0.596395 0.726739 0.466051 2.36724 0.243842 0.130344 0.0495958 0.0261134
0.00203747 1.64265 1.88621 1.39908 0.592896 0.723229 0.462562 2.33964 0.243565 0.130334 0.0495249 0.0258277
0.00209514 1.63198 1.87526 1.38869 0.589418 0.719743 0.459094 2.31226 0.243283 0.130325 0.0494572 0.0255442
0.00215443 1.62136 1.86436 1.37837 0.585963 0.71628 0.455646 2.28511 0.242995 0.130317 0.0493927 0.0252629
0.00221541 1.6108 1.85351 1.3681 0.58253 0.71284 0.45222 2.25818 0.242703 0.13031 0.0493314 0.0249836
0.00227812 1.6003 1.84271 1.3579 0.579119 0.709423 0.448814 2.23148 0.242405 0.130304 0.0492731 0.0247066
0.00234259 1.58986 1.83196 1.34775 0.575729 0.706029 0.44543 2.20499 0.242102 0.1303 0.049218 0.0244316
0.0024089 1.57947 1.82126 1.33767 0.572362 0.702658 0.442065 2.17873 0.241793 0.130296 0.0491659 0.0241588
0.00247708 1.56913 1.81061 1.32765 0.569016 0.699309 0.438722 2.15268 0.241478 0.130294 0.0491168 0.0238881
0.00254719 1.55885 1.80001 1.31769 0.565691 0.695983 0.435398 2.12685 0.241157 0.130292 0.0490707 0.0236196
0.00261928 1.54862 1.78945 1.30779 0.562387 0.692678 0.432096 2.10124 0.24083 0.130291 0.0490276 0.0233531
0.00269341 1.53845 1.77894 1.29795 0.559104 0.689396 0.428813 2.07584 0.240496 0.130291 0.0489873 0.0230887
0.00276965 1.52833 1.76848 1.28817 0.555842 0.686134 0.42555 2.05065 0.240155 0.130292 0.0489498 0.0228264
0.00284804 1.51826 1.75806 1.27845 0.552601 0.682894 0.422308 2.02568 0.239807 0.130293 0.0489152 0.0225662
0.00292864 1.50824 1.74769 1.26879 0.549381 0.679676 0.419086 2.00092 0.239453 0.130295 0.0488833 0.0223081
0.00301153 1.49828 1.73737 1.25919 0.546181 0.676478 0.415884 1.97637 0.239091 0.130297 0.0488541 0.022052
0.00309677 1.48836 1.72708 1.24964 0.543001 0.673301 0.412701 1.95203 0.238721 0.1303 0.0488275 0.0217981
0.00318442 1.4785 1.71684 1.24016 0.539842 0.670144 0.409539 1.92789 0.238344 0.130303 0.0488036 0.0215461
0.00327455 1.46869 1.70665 1.23073 0.536702 0.667008 0.406396 1.90396 0.237958 0.130306 0.0487822 0.0212963
0.00336723 1.45893 1.69649 1.22136 0.533582 0.663892 0.403272 1.88024 0.237565 0.13031 0.0487632 0.0210484
0.00346253 1.44921 1.68638 1.21205 0.530482 0.660795 0.400168 1.85672 0.237162 0.130313 0.0487467 0.0208027
0.00356053 1.43955 1.6763 1.2028 0.527401 0.657717 0.397084 1.83341 0.236752 0.130317 0.0487326 0.0205589
0.00366131 1.42993 1.66626 1.1936 0.524339 0.65466 0.394019 1.8103 0.236332 0.13032 0.0487207 0.0203172
0.00376494 1.42036 1.65627 1.18446 0.521297 0.651621 0.390974 1.78738 0.235903 0.130324 0.0487111 0.0200775
0.0038715 1.41084 1.64631 1.17538 0.518274 0.648601 0.387947 1.76467 0.235465 0.130327 0.0487037 0.0198398
0.00398107 1.40137 1.63639 1.16635 0.515269 0.645599 0.384939 1.74216 0.235017 0.13033 0.0486983 0.0196041
0.00409375 1.39194 1.6265 1.15738 0.512284 0.642616 0.381951 1.71984 0.23456 0.130332 0.048695 0.0193704
0.00420962 1.38256 1.61665 1.14847 0.509316 0.63965 0.378982 1.69772 0.234092 0.130334 0.0486936 0.0191387
0.00432876 1.37323 1.60684 1.13961 0.506367 0.636703 0.376032 1.6758 0.233614 0.130336 0.0486941 0.018909
0.00445128 1.36393 1.59706 1.13081 0.503436 0.633773 0.3731 1.65407 0.233125 0.130336 0.0486964 0.0186813
0.00457727 1.35469 1.58731 1.12206 0.500523 0.63086 0.370187 1.63254 0.232625 0.130336 0.0487004 0.0184556
0.00470682 1.34549 1.5776 1.11337 0.497629 0.627964 0.367293 1.61119 0.232114 0.130335 0.048706 0.0182318
0.00484003 1.33633 1.56792 1.10474 0.494751 0.625084 0.364418 1.59004 0.231591 0.130333 0.0487132 0.01801
0.00497702 1.32721 1.55827 1.09615 0.491891 0.622221 0.361561 1.56908 0.231057 0.13033 0.0487218 0.0177901
0.00511789 1.31814 1.54865 1.08763 0.489048 0.619374 0.358722 1.54831 0.230511 0.130326 0.0487318 0.0175722
0.00526274 1.30911 1.53906 1.07915 0.486222 0.616543 0.355902 1.52773 0.229953 0.13032 0.0487431 0.0173562
0.0054117 1.30012 1.5295 1.07074 0.483414 0.613727 0.3531 1.50734 0.229382 0.130313 0.0487555 0.0171421
0.00556486 1.29117 1.51997 1.06237 0.480621 0.610926 0.350317 1.48713 0.228798 0.130305 0.048769 0.01693
0.00572237 1.28226 1.51046 1.05406 0.477846 0.60814 0.347551 1.46711 0.228201 0.130294 0.0487834 0.0167198
0.00588433 1.27339 1.50098 1.0458 0.475087 0.605369 0.344804 1.44727 0.227591 0.130282 0.0487987 0.0165115
0.00605088 1.26457 1.49153 1.0376 0.472343 0.602612 0.342075 1.42762 0.226967 0.130269 0.0488148 0.0163051
0.00622213 1.25578 1.4821 1.02945 0.469616 0.599869 0.339364 1.40815 0.226329 0.130253 0.0488314 0.0161006
0.00639824 1.24702 1.4727 1.02135 0.466905 0.597139 0.33667 1.38886 0.225677 0.130235 0.0488486 0.015898
0.00657933 1.23831 1.46332 1.0133 0.464209 0.594423 0.333995 1.36975 0.22501 0.130214 0.0488662 0.0156973
0.00676555 1.22964 1.45396 1.00531 0.461528 0.591719 0.331337 1.35082 0.224328 0.130191 0.0488841 0.0154984
0.00695704 1.221 1.44463 0.997368 0.458863 0.589029 0.328697 1.33207 0.223631 0.130166 0.0489022 0.0153014
0.00715394 1.2124 1.43532 0.989479 0.456212 0.58635 0.326074 1.3135 0.222918 0.130138 0.0489202 0.0151063
0.00735642 1.20383 1.42602 0.981641 0.453576 0.583683 0.323469 1.29511 0.22219 0.130107 0.0489382 0.014913
0.00756463 1.1953 1.41675 0.973856 0.450955 0.581028 0.320882 1.2769 0.221446 0.130073 0.0489559 0.0147216
0.00777874 1.18681 1.40749 0.966121 0.448348 0.578384 0.318312 1.25885 0.220685 0.130036 0.0489732 0.014532
0.0079989 1.17834 1.39825 0.958438 0.445754 0.57575 0.315759 1.24099 0.219907 0.129996 0.04899 0.0143442
0.0082253 1.16992 1.38903 0.950806 0.443175 0.573127 0.313223 1.2233 0.219113 0.129952 0.0490061 0.0141583
0.0084581 1.16152 1.37983 0.943224 0.44061 0.570514 0.310705 1.20578 0.218301 0.129904 0.0490214 0.0139741
0.00869749 1.15316 1.37064 0.935694 0.438057 0.56791 0.308204 1.18843 0.217471 0.129853 0.0490357 0.0137918
0.00894366 1.14484 1.36146 0.928213 0.435518 0.565316 0.30572 1.17126 0.216624 0.129798 0.0490489 0.0136113
0.00919679 1.13654 1.3523 0.920783 0.432992 0.562731 0.303253 1.15426 0.215758 0.129739 0.0490609 0.0134325
0.00945709 1.12828 1.34315 0.913403 0.430479 0.560154 0.300803 1.13742 0.214873 0.129675 0.0490713 0.0132555
0.00972476 1.12004 1.33401 0.906073 0.427978 0.557585 0.29837 1.12076 0.21397 0.129607 0.0490802 0.0130803
0.01 1.11184 1.32489 0.898792 0.425489 0.555024 0.295954 1.10426 0.213047 0.129535 0.0490873 0.0129068
0.010283 1.10367 1.31577 0.891561 0.423012 0.552469 0.293555 1.08793 0.212106 0.129457 0.0490924 0.0127351
0.0105741 1.09552 1.30667 0.884379 0.420547 0.549922 0.291172 1.07177 0.211144 0.129375 0.0490954 0.0125652
0.0108734 1.08741 1.29757 0.877247 0.418093 0.54738 0.288806 1.05577 0.210162 0.129287 0.0490961 0.0123969
0.0111811 1.07932 1.28848 0.870163 0.415651 0.544845 0.286456 1.03994 0.20916 0.129194 0.0490942 0.0122304
0.0114976 1.07126 1.2794 0.863128 0.413219 0.542315 0.284124 1.02427 0.208137 0.129096 0.0490897 0.0120656
0.011823 1.06323 1.27033 0.856142 0.410798 0.53979 0.281807 1.00877 0.207093 0.128991 0.0490824 0.0119026
0.0121576 1.05523 1.26126 0.849203 0.408388 0.537269 0.279507 0.993424 0.206028 0.128881 0.0490719 0.0117412
0.0125017 1.04725 1.2522 0.842314 0.405988 0.534752 0.277223 0.978243 0.204941 0.128764 0.0490582 0.0115814
0.0128556 1.0393 1.24314 0.835472 0.403597 0.532239 0.274956 0.963224 0.203833 0.128641 0.0490411 0.0114234
0.0132194 1.03138 1.23408 0.828678 0.401216 0.529728 0.272705 0.948365 0.202702 0.128512 0.0490202 0.011267
0.0135936 1.02348 1.22503 0.821932 0.398845 0.52722 0.27047 0.933666 0.201549 0.128375 0.0489956 0.0111123
0.0139783 1.01561 1.21598 0.815233 0.396483 0.524714 0.268251 0.919125 0.200374 0.128232 0.0489668 0.0109592
0.0143739 1.00776 1.20693 0.808582 0.394129 0.52221 0.266048 0.904742 0.199176 0.128081 0.0489338 0.0108078
0.0147808 0.999932 1.19789 0.801978 0.391784 0.519706 0.263861 0.890516 0.197954 0.127923 0.0488962 0.010658
0.0151991 0.992131 1.18884 0.795421 0.389447 0.517203 0.26169 0.876446 0.19671 0.127756 0.048854 0.0105097
0.0156293 0.984352 1.17979 0.78891 0.387117 0.5147 0.259535 0.862533 0.195442 0.127582 0.0488068 0.0103631
0.0160717 0.976597 1.17075 0.782446 0.384796 0.512196 0.257396 0.848773 0.19415 0.1274 0.0487545 0.0102181
0.0165265 0.968864 1.1617 0.776029 0.382482 0.509691 0.255272 0.835168 0.192835 0.127209 0.0486969 0.0100747
0.0169943 0.961154 1.15265 0.769658 0.380174 0.507183 0.253165 0.821717 0.191495 0.127009 0.0486336 0.00993278
0.0174753 0.953465 1.1436 0.763334 0.377873 0.504674 0.251073 0.808418 0.190131 0.126801 0.0485645 0.00979245
0.0179699 0.945798 1.13454 0.757055 0.375579 0.502162 0.248996 0.795271 0.188743 0.126583 0.0484894 0.00965367
0.0184785 0.938153 1.12548 0.750822 0.37329 0.499646 0.246935 0.782274 0.18733 0.126355 0.0484081 0.00951642
0.0190015 0.930528 1.11642 0.744635 0.371008 0.497126 0.24489 0.769428 0.185893 0.126118 0.0483203 0.00938069
0.0195393 0.922924 1.10736 0.738493 0.36873 0.494601 0.242859 0.756731 0.184431 0.125871 0.0482257 0.00924646
0.0200923 0.915341 1.09828 0.732397 0.366458 0.492071 0.240844 0.744183 0.182944 0.125613 0.0481243 0.00911373
0.020661 0.907778 1.08921 0.726346 0.36419 0.489535 0.238845 0.731783 0.181432 0.125345 0.0480156 0.00898248
0.0212458 0.900235 1.08013 0.72034 0.361927 0.486992 0.236861 0.71953 0.179895 0.125066 0.0478996 0.00885269
0.0218471 0.892712 1.07105 0.714378 0.359667 0.484442 0.234891 0.707423 0.178334 0.124776 0.047776 0.00872437
0.0224655 0.885208 1.06195 0.708461 0.357411 0.481885 0.232938 0.695462 0.176747 0.124474 0.0476445 0.00859749
0.0231013 0.877724 1.05286 0.702589 0.355159 0.479319 0.230998 0.683646 0.175135 0.12416 0.047505 0.00847204
0.0237551 0.870259 1.04376 0.696761 0.352909 0.476744 0.229074 0.671973 0.173498 0.123835 0.0473572 0.008348
0.0244275 0.862814 1.03465 0.690978 0.350662 0.474159 0.227165 0.660443 0.171837 0.123497 0.047201 0.00822538
0.0251189 0.855388 1.02554 0.685238 0.348417 0.471563 0.225271 0.649056 0.17015 0.123146 0.047036 0.00810414
0.0258298 0.847981 1.01642 0.679542 0.346174 0.468957 0.223391 0.63781 0.168439 0.122783 0.0468622 0.00798427
0.0265609 0.840593 1.0073 0.673889 0.343933 0.466339 0.221526 0.626705 0.166703 0.122406 0.0466792 0.00786577
0.0273126 0.833223 0.998166 0.66828 0.341692 0.463708 0.219676 0.61574 0.164943 0.122016 0.0464869 0.00774862
0.0280857 0.825873 0.989031 0.662715 0.339452 0.461064 0.217841 0.604913 0.163158 0.121612 0.0462851 0.0076328
0.0288806 0.818542 0.979892 0.657193 0.337213 0.458407 0.216019 0.594225 0.16135 0.121194 0.0460736 0.00751831
0.029698 0.81123 0.970748 0.651713 0.334973 0.455734 0.214213 0.583674 0.159517 0.120761 0.0458522 0.00740512
0.0305386 0.803938 0.961599 0.646276 0.332734 0.453047 0.21242 0.573259 0.157662 0.120313 0.0456208 0.00729322
0.0314029 0.796665 0.952447 0.640882 0.330493 0.450344 0.210642 0.56298 0.155782 0.119851 0.0453792 0.0071826
0.0322917 0.789411 0.943291 0.63553 0.328251 0.447624 0.208878 0.552835 0.15388 0.119373 0.0451271 0.00707324
0.0332057 0.782177 0.934132 0.630221 0.326007 0.444887 0.207128 0.542824 0.151956 0.118879 0.0448645 0.00696513
0.0341455 0.774962 0.924972 0.624953 0.323762 0.442132 0.205392 0.532946 0.150009 0.11837 0.0445912 0.00685825
0.0351119 0.767768 0.915809 0.619727 0.321514 0.439358 0.20367 0.5232 0.148041 0.117844 0.0443071 0.0067526
0.0361057 0.760594 0.906646 0.614543 0.319263 0.436564 0.201962 0.513585 0.146052 0.117301 0.044012 0.00664814
0.0371276 0.753441 0.897483 0.6094 0.317009 0.433751 0.200267 0.504099 0.144042 0.116742 0.0437059 0.00654487
0.0381784 0.746309 0.888321 0.604298 0.314752 0.430917 0.198587 0.494743 0.142011 0.116165 0.0433886 0.00644278
0.039259 0.739199 0.87916 0.599237 0.31249 0.428061 0.196919 0.485515 0.139962 0.115571 0.0430601 0.00634184
0.0403702 0.73211 0.870003 0.594217 0.310224 0.425182 0.195265 0.476414 0.137893 0.114958 0.0427202 0.00624205
0.0415128 0.725043 0.860849 0.589237 0.307953 0.422281 0.193625 0.467439 0.135806 0.114328 0.0423689 0.00614339
0.0426877 0.717999 0.851701 0.584298 0.305677 0.419356 0.191997 0.45859 0.133701 0.113679 0.0420062 0.00604583
0.0438959 0.710979 0.842559 0.579398 0.303395 0.416407 0.190383 0.449865 0.13158 0.113012 0.041632 0.00594938
0.0451383 0.703982 0.833424 0.574539 0.301107 0.413433 0.188782 0.441262 0.129443 0.112325 0.0412463 0.005854
0.0464159 0.697009 0.824299 0.569719 0.298813 0.410432 0.187193 0.432782 0.12729 0.11162 0.0408492 0.0057597
0.0477296 0.690061 0.815184 0.564938 0.296511 0.407406 0.185617 0.424423 0.125123 0.110894 0.0404405 0.00566644
0.0490805 0.683138 0.80608 0.560195 0.294203 0.404352 0.184054 0.416184 0.122942 0.110149 0.0400204 0.00557422
0.0504697 0.676241 0.796991 0.555492 0.291887 0.401271 0.182503 0.408064 0.120749 0.109384 0.0395889 0.00548302
0.0518981 0.669371 0.787916 0.550827 0.289562 0.398161 0.180964 0.400061 0.118545 0.108598 0.0391461 0.00539282
0.053367 0.662529 0.778858 0.5462 0.287229 0.395022 0.179437 0.392176 0.116329 0.107792 0.038692 0.00530362
0.0548775 0.655714 0.769819 0.54161 0.284888 0.391853 0.177922 0.384406 0.114104 0.106965 0.0382268 0.0052154
0.0564307 0.648929 0.760799 0.537058 0.282536 0.388654 0.176419 0.37675 0.111871 0.106117 0.0377506 0.00512813
0.0580278 0.642173 0.751803 0.532543 0.280176 0.385424 0.174927 0.369208 0.10963 0.105248 0.0372635 0.00504181
0.0596702 0.635447 0.74283 0.528064 0.277805 0.382162 0.173447 0.361778 0.107383 0.104358 0.0367658 0.00495643
0.0613591 0.628752 0.733883 0.523621 0.275423 0.378869 0.171978 0.35446 0.105131 0.103446 0.0362576 0.00487196
0.0630957 0.622089 0.724964 0.519214 0.273031 0.375542 0.170519 0.347251 0.102875 0.102512 0.0357391 0.00478839
0.0648815 0.615459 0.716075 0.514843 0.270627 0.372183 0.169071 0.340151 0.100616 0.101556 0.0352106 0.00470572
0.0667179 0.608862 0.707218 0.510506 0.268212 0.36879 0.167633 0.333158 0.0983561 0.100578 0.0346724 0.00462393
0.0686062 0.602299 0.698395 0.506203 0.265784 0.365362 0.166206 0.326272 0.096096 0.0995784 0.0341246 0.00454299
0.070548 0.595772 0.689609 0.501935 0.263344 0.3619 0.164788 0.319491 0.0938372 0.0985563 0.0335677 0.00446291
0.0725448 0.58928 0.680861 0.497699 0.260891 0.358403 0.163379 0.312815 0.0915809 0.097512 0.0330018 0.00438367
0.074598 0.582825 0.672154 0.493496 0.258425 0.354871 0.16198 0.306241 0.0893287 0.0964454 0.0324275 0.00430525
0.0767094 0.576407 0.663489 0.489326 0.255946 0.351302 0.16059 0.299768 0.0870817 0.0953564 0.0318451 0.00422765
0.0788805 0.570028 0.65487 0.485187 0.253453 0.347698 0.159208 0.293396 0.0848415 0.094245 0.0312549 0.00415084
0.0811131 0.563687 0.646297 0.481078 0.250945 0.344056 0.157833 0.287123 0.0826095 0.0931114 0.0306575 0.00407483
0.0834088 0.557386 0.637773 0.476999 0.248422 0.340378 0.156467 0.280948 0.080387 0.0919556 0.0300531 0.0039996
0.0857696 0.551126 0.629301 0.47295 0.245885 0.336663 0.155108 0.274869 0.0781755 0.0907776 0.0294424 0.00392514
0.0881971 0.544906 0.620882 0.468929 0.243332 0.33291 0.153755 0.268887 0.0759765 0.0895775 0.0288257 0.00385144
0.0906934 0.538728 0.612519 0.464936 0.240764 0.32912 0.152408 0.262998 0.0737914 0.0883556 0.0282035 0.0037785
0.0932603 0.532592 0.604213 0.46097 0.23818 0.325292 0.151068 0.257202 0.0716216 0.087112 0.0275765 0.00370629
0.0958999 0.526498 0.595966 0.457029 0.235579 0.321426 0.149732 0.251498 0.0694686 0.0858469 0.0269451 0.00363482
0.0986142 0.520447 0.587781 0.453113 0.232961 0.317522 0.148401 0.245885 0.0673338 0.0845606 0.02631 0.00356408
0.101405 0.514439 0.579658 0.449221 0.230327 0.31358 0.147073 0.240361 0.0652186 0.0832534 0.0256716 0.00349406
0.104275 0.508475 0.5716 0.445351 0.227675 0.3096 0.145749 0.234926 0.0631244 0.0819256 0.0250305 0.00342475
0.107227 0.502555 0.563607 0.441502 0.225005 0.305583 0.144428 0.229577 0.0610526 0.0805775 0.0243874 0.00335615
0.110262 0.496678 0.555683 0.437673 0.222317 0.301527 0.143107 0.224315 0.0590047 0.0792097 0.023743 0.00328825
0.113382 0.490845 0.547827 0.433863 0.219611 0.297433 0.141788 0.219137 0.0569819 0.0778225 0.0230977 0.00322106
0.116591 0.485055 0.540041 0.43007 0.216885 0.293302 0.140469 0.214043 0.0549855 0.0764166 0.0224523 0.00315456
0.119891 0.479309 0.532325 0.426292 0.214141 0.289133 0.139149 0.209031 0.0530169 0.0749923 0.0218074 0.00308875
0.123285 0.473605 0.524682 0.422528 0.211377 0.284927 0.137826 0.204101 0.0510772 0.0735504 0.0211637 0.00302364
0.126774 0.467943 0.517111 0.418775 0.208593 0.280684 0.136501 0.199251 0.0491678 0.0720915 0.0205218 0.00295921
0.130362 0.462323 0.509613 0.415033 0.205788 0.276405 0.135172 0.194481 0.0472898 0.0706163 0.0198825 0.00289547
0.134052 0.456743 0.502187 0.411299 0.202963 0.272088 0.133837 0.189788 0.0454443 0.0691255 0.0192463 0.00283242
0.137846 0.451202 0.494835 0.40757 0.200116 0.267736 0.132496 0.185174 0.0436323 0.0676199 0.0186139 0.00277006
0.141747 0.445699 0.487555 0.403844 0.197248 0.263348 0.131147 0.180635 0.041855 0.0661005 0.017986 0.00270839
0.145759 0.440233 0.480347 0.40012 0.194357 0.258925 0.129788 0.176172 0.0401133 0.0645681 0.0173633 0.00264741
0.149885 0.434802 0.47321 0.396393 0.191443 0.254466 0.128419 0.171784 0.0384081 0.0630236 0.0167463 0.00258712
0.154127 0.429403 0.466143 0.392662 0.188505 0.249973 0.127037 0.167469 0.0367403 0.0614682 0.0161359 0.00252753
0.158489 0.424034 0.459145 0.388923 0.185544 0.245447 0.125641 0.163227 0.0351107 0.0599029 0.0155325 0.00246864
0.162975 0.418693 0.452213 0.385173 0.182557 0.240886 0.124229 0.159057 0.0335199 0.0583288 0.0149368 0.00241045
0.167588 0.413377 0.445346 0.381408 0.179545 0.236292 0.122798 0.154959 0.0319688 0.056747 0.0143494 0.00235297
0.172331 0.408082 0.43854 0.377624 0.176507 0.231666 0.121348 0.15093 0.0304578 0.055159 0.0137709 0.0022962
0.177209 0.402806 0.431793 0.373818 0.173441 0.227007 0.119876 0.146972 0.0289874 0.0535658 0.0132018 0.00224014
0.182224 0.397543 0.425102 0.369985 0.170348 0.222317 0.118379 0.143083 0.0275583 0.051969 0.0126428 0.0021848
0.187382 0.392291 0.418461 0.36612 0.167225 0.217595 0.116855 0.139262 0.0261706 0.0503699 0.0120942 0.00213018
0.192685 0.387044 0.411868 0.362219 0.164072 0.212842 0.115302 0.135509 0.0248248 0.0487699 0.0115567 0.00207628
0.198139 0.381796 0.405317 0.358275 0.160888 0.208058 0.113717 0.131823 0.023521 0.0471705 0.0110307 0.00202311
0.203747 0.376543 0.398803 0.354284 0.157671 0.203245 0.112098 0.128204 0.0222595 0.0455733 0.0105165 0.00197067
0.209514 0.371278 0.392318 0.350238 0.154421 0.198401 0.110441 0.12465 0.0210402 0.0439799 0.0100147 0.00191896
0.215443 0.365994 0.385858 0.346131 0.151136 0.193528 0.108744 0.121162 0.0198633 0.0423919 0.00952559 0.00186797
0.221541 0.360685 0.379414 0.341956 0.147814 0.188625 0.107003 0.117738 0.0187286 0.040811 0.00904949 0.00181772
0.227812 0.355341 0.372977 0.337705 0.144454 0.183693 0.105215 0.114378 0.017636 0.0392388 0.00858672 0.00176819
0.234259 0.349956 0.366541 0.33337 0.141055 0.178732 0.103378 0.111081 0.0165853 0.0376771 0.00813754 0.00171938
0.24089 0.344517 0.360094 0.328941 0.137615 0.173742 0.101487 0.107847 0.0155761 0.0361277 0.00770218 0.00167128
0.247708 0.339017 0.353625 0.324409 0.134132 0.168724 0.0995392 0.104674 0.0146082 0.0345923 0.00728083 0.00162388
0.254719 0.333442 0.347123 0.319761 0.130604 0.163677 0.0975313 0.101562 0.0136811 0.0330728 0.00687363 0.00157717
0.261928 0.32778 0.340574 0.314986 0.12703 0.158601 0.0954594 0.0985103 0.0127944 0.0315709 0.00648069 0.00153113
0.269341 0.322015 0.333963 0.310068 0.123408 0.153496 0.0933195 0.0955172 0.0119474 0.0300884 0.00610208 0.00148574
0.276965 0.31613 0.32727 0.304991 0.119735 0.148362 0.0911075 0.0925821 0.0111395 0.0286272 0.00573781 0.00144097
0.284804 0.3101 0.32047 0.29973 0.116008 0.143197 0.0888188 0.0897036 0.0103701 0.0271891 0.00538788 0.00139678
0.292864 0.303887 0.313526 0.294249 0.112222 0.137998 0.0864459 0.0868809 0.00963844 0.025776 0.00505222 0.00135312
0.301153 0.297414 0.306357 0.28847 0.108363 0.132753 0.0839736 0.0841129 0.00894379 0.0243896 0.00473072 0.0013099
0.309677 0.290314 0.298599 0.282029 0.10436 0.127392 0.0813285 0.0814 0.00828539 0.0230319 0.00442318 0.00126691
0.318442 0.283144 0.291189 0.275099 0.101533 0.124058 0.0790075 0.0803901 0.00804518 0.0225255 0.00430988 0.00125005
0.321833 0.280789 0.288601 0.272976 0.100102 0.12213 0.0780732 0.0793973 0.00781238 0.0220286 0.0041997 0.00123341
0.325224 0.278436 0.286023 0.270849 0.0986795 0.120221 0.0771382 0.0784212 0.00758675 0.0215413 0.00409254 0.00121698
0.328614 0.276086 0.283454 0.268718 0.0972661 0.118329 0.0762027 0.0774612 0.00736803 0.0210633 0.00398832 0.00120077
0.332005 0.273738 0.280894 0.266582 0.0958613 0.116456 0.0752668 0.0765166 0.007156 0.0205945 0.00388694 0.00118475
0.335396 0.271391 0.278342 0.264441 0.0944652 0.1146 0.0743305 0.0755871 0.00695043 0.0201347 0.00378832 0.00116894
0.338787 0.269045 0.275796 0.262294 0.0930777 0.112761 0.073394 0.0746722 0.00675109 0.0196838 0.00369237 0.00115331
0.342178 0.2667 0.273258 0.260142 0.0916988 0.11094 0.0724573 0.0737713 0.00655778 0.0192415 0.00359901 0.00113786
0.345569 0.264354 0.270725 0.257984 0.0903284 0.109136 0.0715206 0.0728839 0.0063703 0.0188078 0.00350816 0.00112259
0.348959 0.262008 0.268197 0.25582 0.0889665 0.107349 0.070584 0.0720098 0.00618845 0.0183825 0.00341975 0.0011075
0.35235 0.259662 0.265674 0.25365 0.0876131 0.105579 0.0696476 0.0711483 0.00601204 0.0179655 0.0033337 0.00109258
0.355741 0.257314 0.263155 0.251473 0.0862682 0.103825 0.0687115 0.0702991 0.00584089 0.0175567 0.00324994 0.00107781
0.359132 0.254964 0.260639 0.24929 0.0849317 0.102088 0.067776 0.0694617 0.00567483 0.0171558 0.00316839 0.00106321
0.362523 0.252613 0.258127 0.247099 0.0836038 0.100367 0.066841 0.0686359 0.0055137 0.0167627 0.003089 0.00104876
0.365914 0.25026 0.255617 0.244903 0.0822843 0.0986617 0.0659069 0.0678211 0.00535732 0.0163774 0.0030117 0.00103445
0.369305 0.247904 0.25311 0.242699 0.0809734 0.0969731 0.0649737 0.0670171 0.00520555 0.0159997 0.00293643 0.0010203
0.372695 0.245546 0.250604 0.240488 0.079671 0.0953004 0.0640416 0.0662234 0.00505823 0.0156294 0.00286312 0.00100628
0.376086 0.243185 0.2481 0.23827 0.0783772 0.0936436 0.0631108 0.0654397 0.00491522 0.0152664 0.00279172 0.000992405
0.379477 0.240821 0.245597 0.236044 0.077092 0.0920027 0.0621814 0.0646656 0.00477638 0.0149107 0.00272216 0.000978661
0.382868 0.238453 0.243095 0.233812 0.0758156 0.0903775 0.0612536 0.0639009 0.00464157 0.0145619 0.00265441 0.000965047
0.386259 0.236083 0.240593 0.231572 0.0745478 0.088768 0.0603276 0.0631453 0.00451067 0.0142202 0.00258839 0.000951561
0.38965 0.233709 0.238092 0.229325 0.0732889 0.0871741 0.0594036 0.0623983 0.00438356 0.0138852 0.00252406 0.000938198
0.39304 0.231331 0.235591 0.227071 0.0720388 0.0855958 0.0584818 0.0616598 0.0042601 0.013557 0.00246138 0.000924956
0.396431 0.22895 0.23309 0.224809 0.0707976 0.084033 0.0575623 0.0609294 0.00414018 0.0132354 0.00240028 0.000911832
0.399822 0.226564 0.230588 0.222541 0.0695655 0.0824856 0.0566453 0.0602068 0.0040237 0.0129202 0.00234073 0.000898824
0.403213 0.224176 0.228086 0.220265 0.0683424 0.0809538 0.055731 0.0594919 0.00391054 0.0126114 0.00228268 0.000885928
0.406604 0.221783 0.225583 0.217982 0.0671285 0.0794373 0.0548197 0.0587842 0.0038006 0.0123088 0.00222609 0.000873143
0.409995 0.219386 0.22308 0.215692 0.0659238 0.0779362 0.0539115 0.0580836 0.00369377 0.0120123 0.00217091 0.000860467
0.413385 0.216986 0.220576 0.213396 0.0647285 0.0764504 0.0530066 0.0573899 0.00358997 0.0117219 0.0021171 0.000847896
0.416776 0.214581 0.21807 0.211092 0.0635426 0.07498 0.0521052 0.0567027 0.00348909 0.0114374 0.00206463 0.000835429
0.420167 0.212173 0.215564 0.208782 0.0623662 0.073525 0.0512075 0.056022 0.00339105 0.0111588 0.00201345 0.000823065
0.423558 0.209761 0.213057 0.206465 0.0611995 0.0720853 0.0503137 0.0553474 0.00329576 0.0108858 0.00196353 0.000810801
0.426949 0.207346 0.210549 0.204143 0.0600425 0.0706609 0.049424 0.0546787 0.00320313 0.0106184 0.00191483 0.000798636
0.43034 0.204927 0.20804 0.201814 0.0588952 0.0692518 0.0485387 0.0540158 0.00311308 0.0103566 0.00186732 0.000786568
0.43373 0.202504 0.20553 0.199479 0.057758 0.0678581 0.0476578 0.0533585 0.00302553 0.0101001 0.00182096 0.000774596
0.437121 0.200078 0.203019 0.197138 0.0566307 0.0664797 0.0467817 0.0527065 0.00294041 0.00984903 0.00177573 0.000762719
0.440512 0.197649 0.200507 0.194792 0.0555136 0.0651167 0.0459105 0.0520597 0.00285765 0.00960313 0.00173158 0.000750935
0.443903 0.195218 0.197995 0.19244 0.0544067 0.0637691 0.0450444 0.0514179 0.00277716 0.00936235 0.0016885 0.000739243
0.447294 0.192783 0.195482 0.190084 0.0533102 0.0624368 0.0441836 0.050781 0.00269889 0.00912661 0.00164644 0.000727642
0.450685 0.190346 0.192968 0.187723 0.0522241 0.0611199 0.0433283 0.0501488 0.00262277 0.00889581 0.00160539 0.000716132
0.454075 0.187906 0.190455 0.185357 0.0511486 0.0598184 0.0424787 0.0495212 0.00254873 0.00866987 0.00156531 0.000704711
0.457466 0.185464 0.187941 0.182987 0.0500837 0.0585324 0.041635 0.048898 0.0024767 0.0084487 0.00152618 0.000693379
0.460857 0.18302 0.185427 0.180614 0.0490296 0.0572618 0.0407974 0.048279 0.00240665 0.00823221 0.00148796 0.000682135
0.464248 0.180575 0.182914 0.178237 0.0479864 0.0560067 0.0399661 0.0476642 0.00233849 0.00802031 0.00145065 0.000670978
0.467639 0.178128 0.180401 0.175856 0.0469542 0.0547671 0.0391412 0.0470535 0.00227218 0.00781293 0.00141421 0.000659909
0.47103 0.175681 0.177888 0.173473 0.045933 0.053543 0.038323 0.0464466 0.00220766 0.00760998 0.00137862 0.000648926
0.47442 0.173232 0.175377 0.171087 0.0449231 0.0523344 0.0375117 0.0458436 0.00214488 0.00741138 0.00134385 0.00063803
0.477811 0.170783 0.172867 0.1687 0.0439244 0.0511414 0.0367073 0.0452443 0.0020838 0.00721706 0.00130989 0.000627219
0.481202 0.168334 0.170359 0.16631 0.0429371 0.049964 0.0359102 0.0446486 0.00202435 0.00702693 0.00127671 0.000616494
0.484593 0.165886 0.167852 0.163919 0.0419613 0.0488022 0.0351204 0.0440564 0.0019665 0.00684092 0.0012443 0.000605855
0.487984 0.163438 0.165348 0.161528 0.040997 0.047656 0.0343381 0.0434676 0.0019102 0.00665895 0.00121263 0.000595301
0.491375 0.160991 0.162846 0.159135 0.0400445 0.0465254 0.0335635 0.0428822 0.0018554 0.00648095 0.00118168 0.000584833
0.494765 0.158545 0.160347 0.156743 0.0391036 0.0454105 0.0327968 0.0423 0.00180206 0.00630684 0.00115144 0.000574451
0.498156 0.156102 0.157852 0.154351 0.0381746 0.0443112 0.0320381 0.0417211 0.00175014 0.00613657 0.00112189 0.000564154
0.501547 0.15366 0.15536 0.151961 0.0372575 0.0432276 0.0312875 0.0411453 0.0016996 0.00597004 0.00109301 0.000553943
0.504938 0.151222 0.152872 0.149571 0.0363524 0.0421597 0.0305452 0.0405727 0.0016504 0.00580721 0.00106478 0.000543817
0.508329 0.148786 0.150389 0.147184 0.0354594 0.0411074 0.0298114 0.040003 0.00160251 0.00564799 0.00103719 0.000533778
0.51172 0.146354 0.14791 0.144798 0.0345786 0.0400709 0.0290862 0.0394364 0.00155588 0.00549232 0.00101022 0.000523825
0.51511 0.143927 0.145437 0.142416 0.0337099 0.03905 0.0283697 0.0388727 0.00151048 0.00534014 0.000983854 0.000513959
0.518501 0.141504 0.14297 0.140037 0.0328535 0.0380449 0.0276621 0.0383119 0.00146629 0.00519138 0.000958083 0.00050418
0.521892 0.139086 0.140509 0.137662 0.0320094 0.0370554 0.0269635 0.0377541 0.00142326 0.00504598 0.000932889 0.000494488
0.525283 0.136673 0.138054 0.135292 0.0311778 0.0360816 0.0262739 0.037199 0.00138136 0.00490387 0.000908259 0.000484884
0.528674 0.134267 0.135607 0.132926 0.0303585 0.0351235 0.0255935 0.0366468 0.00134056 0.004765 0.00088418 0.000475368
0.532065 0.131867 0.133168 0.130566 0.0295518 0.0341811 0.0249225 0.0360975 0.00130084 0.00462931 0.000860638 0.000465941
0.535455 0.129475 0.130737 0.128213 0.0287575 0.0332543 0.0242608 0.0355509 0.00126216 0.00449672 0.000837621 0.000456603
0.538846 0.12709 0.128314 0.125865 0.0279759 0.032343 0.0236087 0.0350071 0.0012245 0.0043672 0.000815117 0.000447354
0.542237 0.124713 0.125901 0.123526 0.0272068 0.0314474 0.0229661 0.0344662 0.00118783 0.00424067 0.000793114 0.000438196
0.545628 0.122346 0.123498 0.121194 0.0264503 0.0305674 0.0223332 0.033928 0.00115212 0.00411709 0.000771601 0.000429128
0.549019 0.119988 0.121105 0.11887 0.0257065 0.0297029 0.0217101 0.0333926 0.00111734 0.00399639 0.000750567 0.000420151
0.55241 0.117639 0.118723 0.116556 0.0249753 0.0288539 0.0210968 0.03286 0.00108348 0.00387853 0.000730001 0.000411266
0.5558 0.115302 0.116352 0.114251 0.0242568 0.0280203 0.0204934 0.0323302 0.00105051 0.00376345 0.000709893 0.000402474
0.559191 0.112975 0.113993 0.111957 0.023551 0.0272021 0.0198999 0.0318032 0.00101841 0.00365109 0.000690233 0.000393774
0.562582 0.11066 0.111647 0.109673 0.0228579 0.0263993 0.0193165 0.031279 0.000987145 0.00354142 0.000671011 0.000385167
0.565973 0.108357 0.109314 0.107401 0.0221774 0.0256118 0.0187431 0.0307577 0.000956705 0.00343436 0.000652217 0.000376655
0.569364 0.106068 0.106995 0.105141 0.0215096 0.0248395 0.0181798 0.0302393 0.000927065 0.00332988 0.000633844 0.000368237
0.572755 0.103792 0.10469 0.102894 0.0208545 0.0240824 0.0176266 0.0297238 0.000898206 0.00322793 0.000615881 0.000359914
0.576146 0.10153 0.1024 0.10066 0.020212 0.0233404 0.0170835 0.0292112 0.000870107 0.00312846 0.000598321 0.000351687
0.579536 0.0992825 0.100125 0.0984398 0.019582 0.0226134 0.0165506 0.0287016 0.00084275 0.00303141 0.000581154 0.000343556
0.582927 0.0970507 0.0978668 0.0962345 0.0189647 0.0219014 0.0160279 0.028195 0.000816115 0.00293675 0.000564373 0.000335522
0.586318 0.0948346 0.0956248 0.0940445 0.0183599 0.0212043 0.0155154 0.0276914 0.000790185 0.00284443 0.000547971 0.000327585
0.589709 0.0926351 0.0934001 0.0918702 0.0177675 0.0205219 0.0150131 0.0271909 0.000764942 0.0027544 0.000531939 0.000319746
0.5931 0.0904529 0.0911933 0.0897125 0.0171877 0.0198543 0.014521 0.0266935 0.000740369 0.00266661 0.000516269 0.000312006
0.596491 0.0882884 0.0890048 0.0875719 0.0166202 0.0192012 0.0140391 0.0261993 0.00071645 0.00258103 0.000500956 0.000304364
0.599881 0.0861422 0.0868353 0.085449 0.016065 0.0185626 0.0135674 0.0257083 0.000693168 0.00249762 0.000485992 0.000296822
0.603272 0.0840149 0.0846854 0.0833444 0.0155221 0.0179384 0.0131058 0.0252205 0.000670509 0.00241632 0.00047137 0.00028938
0.606663 0.0819073 0.0825557 0.0812588 0.0149914 0.0173285 0.0126543 0.0247361 0.000648456 0.0023371 0.000457083 0.000282039
0.610054 0.0798196 0.0804466 0.0791927 0.0144729 0.0167328 0.012213 0.024255 0.000626996 0.00225991 0.000443126 0.000274798
0.613445 0.0777528 0.0783589 0.0771467 0.0139664 0.0161511 0.0117817 0.0237773 0.000606114 0.00218473 0.000429491 0.000267659
0.616836 0.0757072 0.076293 0.0751214 0.0134718 0.0155833 0.0113603 0.0233031 0.000585796 0.0021115 0.000416174 0.000260621
0.620226 0.0736835 0.0742495 0.0731175 0.0129892 0.0150294 0.010949 0.0228324 0.000566028 0.00204019 0.000403167 0.000253686
0.623617 0.0716822 0.072229 0.0711354 0.0125183 0.014489 0.0105475 0.0223653 0.000546799 0.00197076 0.000390465 0.000246853
0.627008 0.069704 0.0702321 0.0691759 0.0120591 0.0139623 0.0101559 0.0219018 0.000528094 0.00190317 0.000378063 0.000240123
0.630399 0.0677492 0.0682591 0.0672393 0.0116115 0.0134489 0.00977408 0.021442 0.000509901 0.00183739 0.000365955 0.000233495
0.63379 0.0658184 0.0663106 0.0653262 0.0111753 0.0129487 0.00940195 0.020986 0.000492209 0.00177337 0.000354136 0.000226971
0.637181 0.0639122 0.0643872 0.0634372 0.0107505 0.0124616 0.00903944 0.0205337 0.000475006 0.00171109 0.0003426 0.000220551
0.640571 0.0620311 0.0624894 0.0615728 0.010337 0.0119875 0.00868647 0.0200854 0.00045828 0.00165051 0.000331342 0.000214235
0.643962 0.0601756 0.0606176 0.0597336 0.00993457 0.0115262 0.00834298 0.019641 0.00044202 0.00159159 0.000320358 0.000208023
0.647353 0.0583461 0.0587723 0.0579199 0.00954315 0.0110775 0.00800884 0.0192006 0.000426216 0.00153431 0.000309643 0.000201914
0.650744 0.0565431 0.056954 0.0561323 0.0091626 0.0106412 0.00768399 0.0187642 0.000410857 0.00147862 0.000299191 0.00019591
0.654135 0.0547672 0.0551631 0.0543712 0.00879279 0.0102173 0.0073683 0.018332 0.000395932 0.00142449 0.000288998 0.000190011
0.657526 0.0530185 0.0534 0.0526371 0.00843358 0.00980547 0.00706169 0.017904 0.000381431 0.00137189 0.00027906 0.000184216
0.660916 0.0512978 0.0516652 0.0509305 0.00808484 0.00940563 0.00676405 0.0174802 0.000367346 0.00132079 0.000269372 0.000178525
0.664307 0.0496053 0.0499589 0.0492516 0.00774641 0.00901757 0.00647525 0.0170608 0.000353666 0.00127116 0.00025993 0.000172939
0.667698 0.0479414 0.0482818 0.047601 0.00741816 0.00864113 0.00619519 0.0166457 0.000340381 0.00122297 0.000250729 0.000167458
0.671089 0.0463064 0.0466339 0.0459789 0.00709993 0.00827611 0.00592375 0.016235 0.000327484 0.00117618 0.000241765 0.00016208
0.67448 0.0447008 0.0450158 0.0443859 0.00679157 0.00792234 0.00566081 0.0158289 0.000314965 0.00113077 0.000233034 0.000156807
0.677871 0.0431248 0.0434276 0.042822 0.00649293 0.00757963 0.00540623 0.0154273 0.000302816 0.0010867 0.000224532 0.000151638
0.681261 0.0415788 0.0418698 0.0412878 0.00620384 0.00724779 0.00515988 0.0150303 0.000291027 0.00104396 0.000216256 0.000146573
0.684652 0.040063 0.0403426 0.0397834 0.00592416 0.00692665 0.00492166 0.014638 0.000279591 0.0010025 0.0002082 0.000141611
0.688043 0.0385777 0.0388462 0.0383092 0.00565371 0.00661601 0.00469141 0.0142505 0.0002685 0.000962302 0.000200361 0.000136753
0.691434 0.0371231 0.0373809 0.0368654 0.00539233 0.00631567 0.00446899 0.0138677 0.000257746 0.00092334 0.000192736 0.000131998
0.694825 0.0356995 0.0359468 0.0354522 0.00513986 0.00602545 0.00425428 0.0134898 0.000247322 0.000885585 0.000185321 0.000127345
0.698216 0.034307 0.0345442 0.0340698 0.00489613 0.00574513 0.00404712 0.0131168 0.000237219 0.000849009 0.000178111 0.000122795
0.701606 0.0329457 0.0331732 0.0327183 0.00466096 0.00547455 0.00384738 0.0127487 0.00022743 0.000813587 0.000171104 0.000118346
0.704997 0.0316159 0.0318339 0.031398 0.00443419 0.00521348 0.0036549 0.0123857 0.000217948 0.000779293 0.000164295 0.000113999
0.708388 0.0303177 0.0305264 0.0301089 0.00421564 0.00496174 0.00346954 0.0120277 0.000208767 0.0007461 0.000157682 0.000109753
0.711779 0.029051 0.0292509 0.0288511 0.00400515 0.00471913 0.00329116 0.0116749 0.000199878 0.000713985 0.00015126 0.000105608
0.71517 0.0278161 0.0280073 0.0276248 0.00380253 0.00448545 0.00311961 0.0113272 0.000191276 0.000682922 0.000145026 0.000101562
0.718561 0.0266128 0.0267958 0.0264299 0.00360761 0.0042605 0.00295472 0.0109847 0.000182954 0.000652888 0.000138978 9.76153e-05
0.721951 0.0254413 0.0256162 0.0252664 0.00342022 0.00404408 0.00279636 0.0106474 0.000174905 0.000623857 0.000133111 9.37672e-05
0.725342 0.0243015 0.0244687 0.0241344 0.00324018 0.00383599 0.00264437 0.0103155 0.000167123 0.000595807 0.000127421 9.0017e-05
0.728733 0.0231934 0.023353 0.0230338 0.00306731 0.00363603 0.0024986 0.00998884 0.000159602 0.000568714 0.000121907 8.63638e-05
0.732124 0.0221169 0.0222692 0.0219645 0.00290144 0.003444 0.00235888 0.0096676 0.000152335 0.000542556 0.000116564 8.28071e-05
0.735515 0.0210718 0.0212172 0.0209265 0.00274239 0.0032597 0.00222508 0.00935176 0.000145316 0.00051731 0.00011139 7.93458e-05
0.738906 0.0200582 0.0201967 0.0199196 0.00258999 0.00308294 0.00209703 0.00904137 0.00013854 0.000492954 0.00010638 7.59793e-05
0.742296 0.0190757 0.0192077 0.0189437 0.00244405 0.00291352 0.00197458 0.00873645 0.000132001 0.000469466 0.000101532 7.27067e-05
0.745687 0.0181243 0.01825 0.0179986 0.00230441 0.00275123 0.00185758 0.00843704 0.000125693 0.000446825 9.68436e-05 6.9527e-05
0.749078 0.0172037 0.0173233 0.0170841 0.00217089 0.00259589 0.00174588 0.00814317 0.00011961 0.000425009 9.23105e-05 6.64393e-05
0.752469 0.0163137 0.0164274 0.0161999 0.00204331 0.00244731 0.00163931 0.00785485 0.000113748 0.000403998 8.79298e-05 6.34427e-05
0.75586 0.015454 0.0155621 0.0153459 0.00192151 0.00230528 0.00153774 0.00757211 0.000108099 0.000383772 8.36987e-05 6.05361e-05
0.759251 0.0146244 0.014727 0.0145217 0.00180531 0.00216962 0.001441 0.00729498 0.000102661 0.00036431 7.96139e-05 5.77184e-05
0.762641 0.0138245 0.0139219 0.013727 0.00169454 0.00204013 0.00134895 0.00702347 9.74258e-05 0.000345593 7.56726e-05 5.49887e-05
0.766032 0.013054 0.0131463 0.0129616 0.00158904 0.00191664 0.00126144 0.00675759 9.23898e-05 0.000327601 7.18717e-05 5.23458e-05
0.769423 0.0123125 0.0124 0.0122249 0.00148863 0.00179895 0.00117832 0.00649736 8.75476e-05 0.000310314 6.82082e-05 4.97886e-05
0.772814 0.0115997 0.0116826 0.0115168 0.00139316 0.00168687 0.00109944 0.0062428 8.28943e-05 0.000293715 6.46792e-05 4.73159e-05
0.776205 0.0109151 0.0109935 0.0108367 0.00130245 0.00158023 0.00102467 0.00599389 7.84249e-05 0.000277784 6.12818e-05 4.49266e-05
0.779596 0.0102583 0.0103324 0.0101842 0.00121635 0.00147885 0.000953845 0.00575067 7.41346e-05 0.000262504 5.8013e-05 4.26193e-05
0.782986 0.00962889 0.00969891 0.00955888 0.00113469 0.00138255 0.000886839 0.00551311 7.00187e-05 0.000247855 5.48699e-05 4.0393e-05
0.786377 0.00902636 0.00909243 0.00896028 0.00105733 0.00129115 0.000823507 0.00528123 6.60725e-05 0.000233821 5.18497e-05 3.82462e-05
0.789768 0.00845021 0.00851251 0.00838792 0.000984097 0.00120448 0.000763712 0.00505501 6.22915e-05 0.000220385 4.89495e-05 3.61777e-05
0.793159 0.00789994 0.00795861 0.00784127 0.000914845 0.00112237 0.000707317 0.00483446 5.8671e-05 0.000207528 4.61664e-05 3.41862e-05
0.79655 0.00737502 0.00743022 0.00731981 0.000849424 0.00104466 0.00065419 0.00461957 5.52067e-05 0.000195234 4.34977e-05 3.22704e-05
0.799941 0.00687489 0.00692678 0.00682299 0.000787686 0.000971173 0.000604198 0.00441031 5.1894e-05 0.000183487 4.09406e-05 3.04288e-05
0.803332 0.00639898 0.00644771 0.00635025 0.000729484 0.000901754 0.000557213 0.00420668 4.87288e-05 0.000172271 3.84922e-05 2.86601e-05
0.806722 0.00594672 0.00599243 0.00590102 0.000674676 0.000836244 0.000513108 0.00400867 4.57068e-05 0.000161568 3.61499e-05 2.69629e-05
0.810113 0.00551752 0.00556034 0.00547469 0.000623123 0.000774487 0.000471759 0.00381624 4.28236e-05 0.000151364 3.39109e-05 2.53357e-05
0.813504 0.00511075 0.00515083 0.00507068 0.000574686 0.00071633 0.000433043 0.00362937 4.00753e-05 0.000141643 3.17723e-05 2.37772e-05
0.816895 0.00472581 0.00476327 0.00468835 0.000529233 0.000661623 0.000396843 0.00344804 3.74577e-05 0.00013239 2.97317e-05 2.22857e-05
0.820286 0.00436207 0.00439703 0.0043271 0.000486631 0.00061022 0.000363041 0.00327222 3.49669e-05 0.00012359 2.77862e-05 2.086e-05
0.823677 0.00401887 0.00405147 0.00398627 0.000446753 0.00056198 0.000331526 0.00310187 3.25988e-05 0.000115227 2.59332e-05 1.94984e-05
0.827067 0.00369557 0.00372592 0.00366522 0.000409473 0.000516762 0.000302185 0.00293696 3.03496e-05 0.000107288 2.41701e-05 1.81995e-05
0.830458 0.00339153 0.00341975 0.00336332 0.000374669 0.000474428 0.00027491 0.00277746 2.82154e-05 9.9759e-05 2.24943e-05 1.69618e-05
0.833849 0.00310608 0.00313227 0.00307989 0.000342222 0.000434847 0.000249597 0.00262331 2.61925e-05 9.2625e-05 2.09031e-05 1.57837e-05
0.83724 0.00283855 0.00286283 0.00281427 0.000312016 0.000397889 0.000226144 0.00247448 2.42771e-05 8.58727e-05 1.93939e-05 1.46637e-05
0.840631 0.00258827 0.00261074 0.00256581 0.00028394 0.000363428 0.000204451 0.00233091 2.24656e-05 7.94886e-05 1.79642e-05 1.36002e-05
0.844022 0.00235458 0.00237533 0.00233383 0.000257882 0.000331341 0.000184422 0.00219256 2.07543e-05 7.34594e-05 1.66115e-05 1.25917e-05
0.847412 0.00213681 0.00215595 0.00211767 0.000233737 0.000301509 0.000165965 0.00205937 1.91397e-05 6.77723e-05 1.53333e-05 1.16366e-05
0.850803 0.00193428 0.0019519 0.00191666 0.000211403 0.000273817 0.000148988 0.00193128 1.76184e-05 6.24143e-05 1.4127e-05 1.07334e-05
0.854194 0.00174634 0.00176253 0.00173015 0.000190778 0.000248151 0.000133405 0.00180824 1.61868e-05 5.7373e-05 1.29902e-05 9.8805e-06
0.857585 0.00157232 0.00158716 0.00155748 0.000171768 0.000224404 0.000119132 0.00169019 1.48415e-05 5.26361e-05 1.19205e-05 9.07631e-06
0.860976 0.00141156 0.00142514 0.00139798 0.000154278 0.00020247 0.000106087 0.00157705 1.35794e-05 4.81916e-05 1.09153e-05 8.31926e-06
0.864367 0.00126341 0.00127581 0.00125101 0.000138219 0.000182247 9.41917e-05 0.00146876 1.2397e-05 4.40277e-05 9.97248e-06 7.60779e-06
0.867757 0.00112724 0.00113853 0.00111594 0.000123505 0.000163637 8.3372e-05 0.00136525 1.12911e-05 4.01327e-05 9.08949e-06 6.94031e-06
0.871148 0.00100239 0.00101265 0.000992135 0.00011005 0.000146546 7.35551e-05 0.00126645 1.02586e-05 3.64953e-05 8.26403e-06 6.31528e-06
0.874539 0.000888263 0.000897559 0.000878966 9.77766e-05 0.000130881 6.46722e-05 0.00117227 9.2964e-06 3.31044e-05 7.49381e-06 5.73111e-06
0.87793 0.00078423 0.000792631 0.000775828 8.66059e-05 0.000116555 5.66568e-05 0.00108264 8.40138e-06 2.99491e-05 6.77653e-06 5.18626e-06
0.881321 0.000689692 0.000697263 0.000682122 7.64644e-05 0.000103483 4.94456e-05 0.000997474 7.57057e-06 2.70188e-05 6.10995e-06 4.67917e-06
0.884712 0.000604063 0.000610864 0.000597262 6.72813e-05 9.15842e-05 4.29784e-05 0.00091669 6.80102e-06 2.43029e-05 5.49184e-06 4.2083e-06
0.888102 0.000526769 0.000532859 0.000520679 5.89889e-05 8.07802e-05 3.71976e-05 0.000840197 6.08984e-06 2.17913e-05 4.92002e-06 3.77211e-06
0.891493 0.000457252 0.000462686 0.000451818 5.15224e-05 7.09963e-05 3.20484e-05 0.000767905 5.4342e-06 1.9474e-05 4.39233e-06 3.36908e-06
0.894884 0.000394969 0.0003998 0.000390138 4.48201e-05 6.21613e-05 2.7479e-05 0.000699721 4.83131e-06 1.73411e-05 3.90664e-06 2.9977e-06
0.898275 0.000339395 0.000343674 0.000335117 3.88234e-05 5.42067e-05 2.34401e-05 0.000635548 4.27846e-06 1.53833e-05 3.46087e-06 2.65647e-06
0.901666 0.000290024 0.000293797 0.000286251 3.34764e-05 4.70675e-05 1.98852e-05 0.000575289 3.77299e-06 1.35911e-05 3.05295e-06 2.34392e-06
0.905057 0.000246366 0.000249679 0.000243054 2.87261e-05 4.06816e-05 1.67706e-05 0.000518841 3.31228e-06 1.19555e-05 2.68087e-06 2.05857e-06
0.908447 0.000207952 0.000210846 0.000205058 2.45224e-05 3.49899e-05 1.40548e-05 0.000466101 2.89379e-06 1.04676e-05 2.34265e-06 1.79898e-06
0.911838 0.000174332 0.000176847 0.000171817 2.08179e-05 2.99366e-05 1.16992e-05 0.000416963 2.51504e-06 9.11869e-06 2.03635e-06 1.56372e-06
0.915229 0.000145075 0.000147248 0.000142901 1.75678e-05 2.54683e-05 9.66741e-06 0.000371318 2.17359e-06 7.90044e-06 1.76005e-06 1.35139e-06
0.91862 0.000119773 0.00012164 0.000117906 1.47302e-05 2.15348e-05 7.92561e-06 0.000329054 1.86709e-06 6.80461e-06 1.5119e-06 1.1606e-06
0.922011 9.80371e-05 9.96304e-05 9.64439e-05 1.22655e-05 1.80887e-05 6.44223e-06 0.000290059 1.59321e-06 5.82323e-06 1.29008e-06 9.89984e-07
0.925402 7.95012e-05 8.08509e-05 7.81515e-05 1.01366e-05 1.50851e-05 5.18801e-06 0.000254217 1.34972e-06 4.94856e-06 1.0928e-06 8.38216e-07
0.928792 6.38196e-05 6.49541e-05 6.26852e-05 8.30894e-06 1.2482e-05 4.13587e-06 0.00022141 1.13444e-06 4.17307e-06 9.18321e-07 7.03987e-07
0.932183 5.06685e-05 5.16138e-05 4.97233e-05 6.75035e-06 1.02398e-05 3.26088e-06 0.000191516 9.45243e-07 3.48948e-06 7.64966e-07 5.86015e-07
0.935574 3.97456e-05 4.05257e-05 3.89655e-05 5.43085e-06 8.32155e-06 2.54015e-06 0.000164416 7.80081e-07 2.8907e-06 6.31086e-07 4.83053e-07
0.938965 3.07703e-05 3.14073e-05 3.01333e-05 4.32269e-06 6.6926e-06 1.95279e-06 0.000139983 6.36966e-07 2.36991e-06 5.15086e-07 3.93882e-07
0.942356 2.34834e-05 2.39973e-05 2.29694e-05 3.40029e-06 5.32079e-06 1.4798e-06 0.000118091 5.13977e-07 1.92049e-06 4.15419e-07 3.1732e-07
0.945747 1.76466e-05 1.80559e-05 1.72374e-05 2.64012e-06 4.17621e-06 1.10402e-06 9.86133e-05 4.09261e-07 1.53609e-06 3.30592e-07 2.52217e-07
0.949137 1.30432e-05 1.33642e-05 1.27221e-05 2.02061e-06 3.23118e-06 8.10047e-07 8.14186e-05 3.21038e-07 1.21057e-06 2.59163e-07 1.97462e-07
0.952528 9.47636e-06 9.72396e-06 9.22877e-06 1.52214e-06 2.46016e-06 5.84125e-07 6.63756e-05 2.47594e-07 9.3802e-07 1.99743e-07 1.51983e-07
0.955919 6.76987e-06 6.95717e-06 6.58258e-06 1.1269e-06 1.8397e-06 4.141e-07 5.33514e-05 1.87291e-07 7.12801e-07 1.51002e-07 1.14748e-07
0.95931 4.76699e-06 4.90556e-06 4.62843e-06 8.18828e-07 1.34833e-06 2.89324e-07 4.22118e-05 1.38565e-07 5.29504e-07 1.11666e-07 8.47679e-08
0.962701 3.33018e-06 3.4301e-06 3.23025e-06 5.83551e-07 9.66525e-07 2.00576e-07 3.28217e-05 9.9928e-08 3.82975e-07 8.0523e-08 6.10999e-08
0.966092 2.3405e-06 2.41048e-06 2.27053e-06 4.0831e-07 6.76626e-07 1.39994e-07 2.5046e-05 6.99714e-08 2.68316e-07 5.64221e-08 4.28472e-08
0.969482 1.69726e-06 1.74463e-06 1.64989e-06 2.81897e-07 4.62791e-07 1.01003e-07 1.87506e-05 4.73671e-08 1.80894e-07 3.82782e-08 2.91634e-08
0.972873 1.31776e-06 1.34863e-06 1.28689e-06 1.94617e-07 3.10963e-07 7.82706e-08 1.38044e-05 3.08709e-08 1.16346e-07 2.50735e-08 1.92539e-08
0.976264 1.13794e-06 1.15726e-06 1.11861e-06 1.38301e-07 2.08893e-07 6.77087e-08 1.00832e-05 1.93254e-08 7.05922e-08 1.58605e-08 1.2379e-08
0.979655 1.11498e-06 1.12665e-06 1.10332e-06 1.0645e-07 1.46294e-07 6.66063e-08 7.4802e-06 1.16625e-08 3.98441e-08 9.76462e-09 7.85567e-09
0.983046 1.23692e-06 1.24383e-06 1.23002e-06 9.48003e-08 1.15421e-07 7.418e-08 5.93271e-06 6.9056e-09 2.06203e-08 5.98529e-09 5.05866e-09
0.986437 1.56261e-06 1.56678e-06 1.55845e-06 1.03727e-07 1.1349e-07 9.39639e-08 5.51977e-06 4.1655e-09 9.76294e-09 3.79126e-09 3.41405e-09
0.989827 2.5276e-06 2.5302e-06 2.525e-06 1.56685e-07 1.61134e-07 1.52236e-07 7.02045e-06 2.59989e-09 4.44904e-09 2.47674e-09 2.35247e-09
0.993218 1.12189e-05 1.12192e-05 1.12186e-05 6.79299e-07 6.82213e-07 6.76385e-07 3.99781e-05 3.43122e-10 2.91409e-09 1.72423e-10 0
4.01075e-314 inf inf inf inf inf inf 9.61245e-05 7.02596 0.268644 0.146387 0.0792646
