9.72476e-05 11.3055 11.967 10.644 5.56915 5.9806 5.1577 17.0417 0.661518 0.411449 0.187851 0.178336
0.0001 11.2354 11.8945 10.5762 5.53421 5.94404 5.12437 16.8887 0.659142 0.409834 0.186552 0.176934
0.00010283 11.1662 11.823 10.5094 5.49978 5.908 5.09155 16.7369 0.656775 0.408228 0.185262 0.17554
0.000105741 11.1002 11.7546 10.4458 5.46694 5.87357 5.06031 16.5861 0.654418 0.40663 0.183982 0.174155
0.000108734 11.0296 11.6817 10.3775 5.43178 5.83682 5.02674 16.4365 0.652071 0.405041 0.182712 0.172779
0.000111811 10.9593 11.6091 10.3096 5.39681 5.80027 4.99335 16.2879 0.649733 0.403461 0.181452 0.171411
0.000114976 10.8894 11.5368 10.242 5.36202 5.76391 4.96013 16.1404 0.647404 0.401889 0.180202 0.170052
0.00011823 10.8199 11.465 10.1748 5.32742 5.72775 4.9271 15.9941 0.645085 0.400326 0.178961 0.168702
0.000121576 10.7508 11.3935 10.108 5.29302 5.69179 4.89424 15.8488 0.642775 0.398771 0.17773 0.16736
0.000125017 10.682 11.3225 10.0415 5.25879 5.65602 4.86157 15.7045 0.640475 0.397225 0.176509 0.166027
0.000128556 10.6136 11.2517 9.97537 5.22475 5.62044 4.82907 15.5614 0.638183 0.395688 0.175297 0.164702
0.000132194 10.5455 11.1814 9.9096 5.1909 5.58506 4.79675 15.4192 0.635901 0.394158 0.174095 0.163386
0.000135936 10.4778 11.1114 9.84418 5.15723 5.54987 4.7646 15.2782 0.633627 0.392637 0.172902 0.162078
0.000139783 10.4105 11.0418 9.7791 5.12374 5.51487 4.73262 15.1382 0.631363 0.391124 0.171719 0.160779
0.000143739 10.3435 10.9726 9.71438 5.09044 5.48006 4.70082 14.9992 0.629107 0.38962 0.170546 0.159488
0.000147808 10.2769 10.9037 9.65 5.05732 5.44544 4.66919 14.8612 0.62686 0.388123 0.169382 0.158205
0.000151991 10.2106 10.8352 9.58597 5.02437 5.41101 4.63774 14.7243 0.624622 0.386635 0.168227 0.15693
0.000156293 10.1447 10.7671 9.52229 4.99161 5.37676 4.60645 14.5884 0.622392 0.385155 0.167082 0.155664
0.000160717 10.0791 10.6993 9.45895 4.95902 5.34271 4.57534 14.4535 0.620171 0.383682 0.165946 0.154405
0.000165265 10.0139 10.6319 9.39594 4.92661 5.30883 4.5444 14.3196 0.617959 0.382218 0.164819 0.153155
0.000169943 9.94904 10.5648 9.33329 4.89439 5.27515 4.51363 14.1867 0.615754 0.380761 0.163702 0.151913
0.000174753 9.88453 10.4981 9.27097 4.86234 5.24165 4.48302 14.0548 0.613559 0.379313 0.162594 0.150679
0.000179699 9.82035 10.4317 9.20898 4.83046 5.20833 4.45258 13.9239 0.611371 0.377872 0.161495 0.149452
0.000184785 9.75653 10.3657 9.14733 4.79876 5.17519 4.42232 13.794 0.609191 0.376439 0.160405 0.148234
0.000190015 9.69304 10.3001 9.08602 4.76723 5.14224 4.39221 13.665 0.60702 0.375014 0.159324 0.147024
0.000195393 9.62989 10.2347 9.02504 4.73587 5.10947 4.36227 13.537 0.604856 0.373596 0.158253 0.145821
0.000200923 9.56709 10.1698 8.96439 4.70469 5.07687 4.3325 13.41 0.602701 0.372186 0.157191 0.144627
0.00020661 9.50462 10.1052 8.90407 4.67368 5.04446 4.30289 13.2839 0.600553 0.370783 0.156137 0.14344
0.000212458 9.44249 10.0409 8.84407 4.64283 5.01222 4.27345 13.1588 0.598413 0.369388 0.155093 0.14226
0.000218471 9.3807 9.97698 8.78442 4.61217 4.98017 4.24417 13.0346 0.596281 0.368001 0.154058 0.141089
0.000224655 9.31923 9.91339 8.72508 4.58167 4.94829 4.21505 12.9114 0.594156 0.366621 0.153032 0.139925
0.000231013 9.2581 9.85014 8.66606 4.55134 4.91658 4.18609 12.7891 0.592039 0.365248 0.152014 0.138769
0.000237551 9.1973 9.78723 8.60737 4.52118 4.88506 4.15729 12.6677 0.58993 0.363882 0.151006 0.13762
0.000244275 9.13683 9.72466 8.549 4.49118 4.8537 4.12865 12.5473 0.587827 0.362524 0.150006 0.136479
0.000251189 9.07668 9.66242 8.49095 4.46135 4.82252 4.10017 12.4277 0.585732 0.361173 0.149016 0.135345
0.000258298 9.01687 9.60051 8.43322 4.43168 4.79151 4.07185 12.3091 0.583645 0.359829 0.148034 0.134219
0.000265609 8.95737 9.53894 8.37581 4.40218 4.76068 4.04369 12.1914 0.581564 0.358493 0.147061 0.1331
0.000273126 8.8982 9.47769 8.31871 4.37285 4.73001 4.01569 12.0745 0.57949 0.357163 0.146096 0.131989
0.000280857 8.83935 9.41678 8.26193 4.34368 4.69952 3.98784 11.9586 0.577423 0.35584 0.145141 0.130885
0.000288806 8.78082 9.35619 8.20546 4.31467 4.6692 3.96015 11.8435 0.575363 0.354525 0.144194 0.129788
0.00029698 8.72261 9.29592 8.1493 4.28582 4.63904 3.93261 11.7294 0.57331 0.353216 0.143256 0.128698
0.000305386 8.66472 9.23598 8.09346 4.25714 4.60905 3.90522 11.6161 0.571264 0.351914 0.142326 0.127616
0.000314029 8.60713 9.17636 8.03791 4.22861 4.57923 3.87799 11.5036 0.569224 0.350619 0.141405 0.126541
0.000322917 8.54987 9.11706 7.98268 4.20025 4.54958 3.85092 11.3921 0.56719 0.34933 0.140493 0.125473
0.000332057 8.49292 9.05808 7.92775 4.17204 4.52009 3.82399 11.2814 0.565163 0.348049 0.139589 0.124412
0.000341455 8.43628 8.99942 7.87314 4.14399 4.49077 3.79722 11.1715 0.563142 0.346774 0.138694 0.123358
0.000351119 8.37994 8.94107 7.81882 4.1161 4.46161 3.7706 11.0625 0.561128 0.345505 0.137807 0.122311
0.000361057 8.32392 8.88304 7.7648 4.08837 4.43261 3.74413 10.9544 0.559119 0.344243 0.136929 0.121272
0.000371276 8.26821 8.82533 7.71109 4.06079 4.40378 3.71781 10.847 0.557117 0.342988 0.136059 0.120239
0.000381784 8.2128 8.76792 7.65768 4.03337 4.37511 3.69163 10.7406 0.55512 0.341739 0.135197 0.119213
0.00039259 8.15769 8.71082 7.60456 4.00611 4.3466 3.66561 10.6349 0.553129 0.340497 0.134344 0.118194
0.000403702 8.10288 8.65403 7.55174 3.97899 4.31825 3.63973 10.53 0.551144 0.33926 0.133499 0.117182
0.000415128 8.04838 8.59755 7.49922 3.95204 4.29007 3.61401 10.426 0.549165 0.338031 0.132663 0.116177
0.000426877 7.99418 8.54137 7.44699 3.92523 4.26204 3.58842 10.3228 0.547191 0.336807 0.131835 0.115178
0.000438959 7.94028 8.4855 7.39505 3.89858 4.23417 3.56299 10.2204 0.545223 0.33559 0.131015 0.114186
0.000451383 7.88667 8.42993 7.34341 3.87207 4.20645 3.53769 10.1188 0.54326 0.334378 0.130203 0.113201
0.000464159 7.83336 8.37466 7.29206 3.84572 4.17889 3.51255 10.018 0.541302 0.333173 0.1294 0.112223
0.000477296 7.78035 8.31969 7.241 3.81952 4.15149 3.48755 9.91794 0.539349 0.331974 0.128604 0.111251
0.000490805 7.72762 8.26502 7.19022 3.79347 4.12425 3.46269 9.81871 0.537401 0.330781 0.127817 0.110286
0.000504697 7.67519 8.21065 7.13973 3.76756 4.09716 3.43797 9.72024 0.535458 0.329594 0.127038 0.109327
0.000518981 7.62304 8.15656 7.08952 3.74181 4.07022 3.4134 9.62256 0.53352 0.328412 0.126267 0.108375
0.00053367 7.57119 8.10278 7.0396 3.7162 4.04344 3.38896 9.52565 0.531587 0.327237 0.125504 0.107429
0.000548775 7.51962 8.04928 6.98997 3.69074 4.0168 3.36467 9.4295 0.529658 0.326067 0.124749 0.10649
0.000564307 7.46835 7.99608 6.94061 3.66542 3.99032 3.34052 9.33411 0.527734 0.324903 0.124002 0.105558
0.000580278 7.41735 7.94316 6.89154 3.64025 3.96399 3.31651 9.23948 0.525814 0.323745 0.123263 0.104631
0.000596702 7.36664 7.89054 6.84274 3.61522 3.93782 3.29263 9.1456 0.523898 0.322592 0.122533 0.103712
0.000613591 7.31621 7.8382 6.79423 3.59034 3.91179 3.2689 9.05246 0.521986 0.321445 0.121809 0.102798
0.000630957 7.26606 7.78614 6.74598 3.5656 3.88591 3.2453 8.96007 0.520079 0.320303 0.121094 0.101891
0.000648815 7.2162 7.73437 6.69802 3.54101 3.86018 3.22184 8.86841 0.518175 0.319167 0.120387 0.10099
0.000667179 7.1666 7.68288 6.65033 3.51655 3.83459 3.19852 8.77748 0.516275 0.318036 0.119687 0.100095
0.000686062 7.11729 7.63167 6.60291 3.49224 3.80915 3.17533 8.68728 0.514378 0.31691 0.118995 0.0992063
0.00070548 7.06825 7.58074 6.55577 3.46807 3.78386 3.15228 8.5978 0.512486 0.31579 0.118311 0.0983239
0.000725448 7.01949 7.53008 6.50889 3.44404 3.75871 3.12936 8.50904 0.510596 0.314675 0.117635 0.0974477
0.00074598 6.971 7.4797 6.46229 3.42014 3.73371 3.10658 8.421 0.50871 0.313565 0.116966 0.0965774
0.000767094 6.92278 7.4296 6.41595 3.39639 3.70885 3.08393 8.33365 0.506827 0.31246 0.116305 0.0957134
0.000788805 6.87483 7.37978 6.36988 3.37277 3.68413 3.06141 8.24702 0.504947 0.31136 0.115652 0.0948553
0.000811131 6.82715 7.33022 6.32408 3.34929 3.65956 3.03903 8.16108 0.503069 0.310265 0.115006 0.0940032
0.000834088 6.77974 7.28093 6.27854 3.32595 3.63513 3.01678 8.07584 0.501195 0.309175 0.114368 0.0931572
0.000857696 6.73259 7.23191 6.23327 3.30275 3.61084 2.99466 7.99129 0.499323 0.30809 0.113737 0.092317
0.000881971 6.68571 7.18316 6.18826 3.27968 3.58669 2.97267 7.90742 0.497453 0.30701 0.113114 0.0914828
0.000906934 6.63909 7.13468 6.14351 3.25674 3.56268 2.95081 7.82424 0.495586 0.305935 0.112498 0.0906544
0.000932603 6.59274 7.08646 6.09902 3.23394 3.53881 2.92908 7.74172 0.493721 0.304864 0.111889 0.0898319
0.000958999 6.54664 7.0385 6.05479 3.21127 3.51507 2.90748 7.65989 0.491858 0.303798 0.111288 0.0890151
0.000986142 6.50081 6.99081 6.01082 3.18874 3.49148 2.88601 7.57872 0.489997 0.302736 0.110694 0.0882042
0.00101405 6.45524 6.94338 5.9671 3.16634 3.46802 2.86466 7.49822 0.488138 0.301679 0.110108 0.087399
0.00104275 6.40992 6.8962 5.92364 3.14407 3.4447 2.84344 7.41837 0.48628 0.300626 0.109528 0.0865995
0.00107227 6.36486 6.84929 5.88044 3.12193 3.42151 2.82236 7.33918 0.484424 0.299577 0.108956 0.0858058
0.00110262 6.32006 6.80263 5.83749 3.09993 3.39846 2.80139 7.26064 0.482569 0.298533 0.108391 0.0850177
0.00113382 6.27551 6.75622 5.79479 3.07805 3.37554 2.78055 7.18275 0.480716 0.297493 0.107834 0.0842352
0.00116591 6.23121 6.71007 5.75234 3.0563 3.35276 2.75984 7.1055 0.478863 0.296458 0.107283 0.0834583
0.00119891 6.18716 6.66417 5.71015 3.03468 3.33011 2.73926 7.02889 0.477011 0.295426 0.106739 0.0826869
0.00123285 6.14336 6.61852 5.6682 3.01319 3.30759 2.71879 6.95292 0.475159 0.294398 0.106202 0.0819211
0.00126774 6.09981 6.57312 5.6265 2.99183 3.2852 2.69845 6.87757 0.473309 0.293375 0.105673 0.0811609
0.00130362 6.05651 6.52797 5.58505 2.97059 3.26295 2.67824 6.80285 0.471458 0.292355 0.10515 0.0804061
0.00134052 6.01345 6.48306 5.54385 2.94948 3.24082 2.65814 6.72875 0.469608 0.291339 0.104634 0.0796567
0.00137846 5.97064 6.4384 5.50289 2.9285 3.21883 2.63817 6.65526 0.467758 0.290327 0.104125 0.0789127
0.00141747 5.92808 6.39398 5.46217 2.90764 3.19696 2.61832 6.5824 0.465907 0.289318 0.103622 0.0781741
0.00145759 5.88575 6.34981 5.4217 2.88691 3.17522 2.59859 6.51014 0.464056 0.288313 0.103127 0.0774409
0.00149885 5.84367 6.30587 5.38146 2.8663 3.15361 2.57898 6.43849 0.462205 0.287312 0.102638 0.076713
0.00154127 5.80183 6.26218 5.34147 2.84581 3.13213 2.5595 6.36744 0.460353 0.286314 0.102155 0.0759904
0.00158489 5.76022 6.21872 5.30172 2.82545 3.11077 2.54013 6.29699 0.4585 0.28532 0.10168 0.075273
0.00162975 5.71886 6.17551 5.26221 2.80521 3.08954 2.52088 6.22713 0.456646 0.284328 0.10121 0.074561
0.00167588 5.67773 6.13252 5.22294 2.78509 3.06843 2.50175 6.15786 0.454791 0.28334 0.100748 0.0738541
0.00172331 5.63684 6.08977 5.1839 2.76509 3.04745 2.48274 6.08918 0.452934 0.282356 0.100291 0.0731523
0.00177209 5.59618 6.04725 5.1451 2.74521 3.02659 2.46384 6.02108 0.451076 0.281374 0.099841 0.0724558
0.00182224 5.55575 6.00496 5.10653 2.72546 3.00585 2.44506 5.95356 0.449216 0.280395 0.0993971 0.0717643
0.00187382 5.51555 5.96291 5.0682 2.70582 2.98524 2.4264 5.88662 0.447354 0.279419 0.0989595 0.0710779
0.00192685 5.47559 5.92108 5.0301 2.6863 2.96475 2.40785 5.82025 0.445489 0.278446 0.098528 0.0703966
0.00198139 5.43586 5.87948 4.99223 2.6669 2.94437 2.38942 5.75444 0.443622 0.277476 0.0981027 0.0697203
0.00203747 5.39635 5.8381 4.95459 2.64762 2.92412 2.37111 5.6892 0.441753 0.276508 0.0976834 0.069049
0.00209514 5.35707 5.79695 4.91719 2.62845 2.90399 2.35291 5.62452 0.439881 0.275543 0.09727 0.0683827
0.00215443 5.31801 5.75602 4.88001 2.6094 2.88398 2.33482 5.56039 0.438006 0.274581 0.0968625 0.0677213
0.00221541 5.27918 5.71531 4.84306 2.59047 2.86409 2.31685 5.49682 0.436127 0.27362 0.0964609 0.0670649
0.00227812 5.24058 5.67482 4.80633 2.57165 2.84431 2.29898 5.4338 0.434245 0.272663 0.096065 0.0664133
0.00234259 5.20219 5.63455 4.76983 2.55294 2.82465 2.28124 5.37132 0.43236 0.271707 0.0956748 0.0657666
0.0024089 5.16403 5.5945 4.73356 2.53436 2.80511 2.2636 5.30938 0.43047 0.270754 0.0952903 0.0651247
0.00247708 5.12609 5.55467 4.69751 2.51588 2.78569 2.24608 5.24799 0.428577 0.269802 0.0949112 0.0644876
0.00254719 5.08836 5.51504 4.66169 2.49752 2.76637 2.22867 5.18713 0.426679 0.268853 0.0945376 0.0638553
0.00261928 5.05086 5.47564 4.62608 2.47927 2.74718 2.21137 5.1268 0.424776 0.267905 0.0941694 0.0632277
0.00269341 5.01357 5.43644 4.5907 2.46114 2.72809 2.19418 5.06699 0.422869 0.266959 0.0938065 0.0626048
0.00276965 4.9765 5.39745 4.55554 2.44311 2.70912 2.17709 5.00772 0.420957 0.266015 0.0934487 0.0619866
0.00284804 4.93964 5.35868 4.5206 2.42519 2.69027 2.16012 4.94896 0.419039 0.265073 0.0930961 0.061373
0.00292864 4.90299 5.32011 4.48587 2.40739 2.67152 2.14326 4.89073 0.417116 0.264131 0.0927485 0.0607641
0.00301153 4.86655 5.28174 4.45136 2.3897 2.65289 2.12651 4.833 0.415188 0.263192 0.0924058 0.0601598
0.00309677 4.83033 5.24358 4.41708 2.37211 2.63437 2.10986 4.77579 0.413253 0.262253 0.092068 0.05956
0.00318442 4.79431 5.20563 4.383 2.35464 2.61595 2.09332 4.71909 0.411312 0.261316 0.0917349 0.0589648
0.00327455 4.75851 5.16787 4.34914 2.33727 2.59765 2.07689 4.66289 0.409365 0.26038 0.0914065 0.0583741
0.00336723 4.72291 5.13032 4.3155 2.32001 2.57945 2.06056 4.60719 0.407411 0.259444 0.0910826 0.0577879
0.00346253 4.68751 5.09296 4.28207 2.30285 2.56136 2.04434 4.55199 0.40545 0.25851 0.0907631 0.0572061
0.00356053 4.65233 5.05581 4.24884 2.28581 2.54338 2.02823 4.49728 0.403482 0.257576 0.090448 0.0566288
0.00366131 4.61734 5.01885 4.21584 2.26887 2.52551 2.01222 4.44307 0.401506 0.256643 0.0901371 0.0560558
0.00376494 4.58256 4.98208 4.18304 2.25203 2.50774 1.99632 4.38934 0.399523 0.25571 0.0898303 0.0554872
0.0038715 4.54798 4.94551 4.15045 2.2353 2.49008 1.98052 4.33611 0.397532 0.254778 0.0895275 0.054923
0.00398107 4.5136 4.90913 4.11807 2.21867 2.47252 1.96483 4.28335 0.395533 0.253846 0.0892286 0.054363
0.00409375 4.47942 4.87295 4.0859 2.20215 2.45506 1.94924 4.23107 0.393525 0.252914 0.0889334 0.0538074
0.00420962 4.44544 4.83695 4.05393 2.18573 2.43771 1.93375 4.17926 0.391508 0.251983 0.0886419 0.053256
0.00432876 4.41165 4.80114 4.02217 2.16941 2.42046 1.91836 4.12793 0.389483 0.251051 0.0883539 0.0527088
0.00445128 4.37807 4.76551 3.99062 2.1532 2.40332 1.90308 4.07707 0.387448 0.250119 0.0880692 0.0521658
0.00457727 4.34467 4.73008 3.95927 2.13708 2.38627 1.8879 4.02667 0.385404 0.249186 0.0877878 0.051627
0.00470682 4.31147 4.69482 3.92812 2.12107 2.36932 1.87282 3.97674 0.38335 0.248253 0.0875095 0.0510923
0.00484003 4.27847 4.65975 3.89718 2.10516 2.35248 1.85784 3.92727 0.381285 0.24732 0.0872342 0.0505618
0.00497702 4.24565 4.62486 3.86644 2.08935 2.33573 1.84296 3.87825 0.379211 0.246386 0.0869617 0.0500352
0.00511789 4.21303 4.59015 3.8359 2.07363 2.31908 1.82818 3.82969 0.377126 0.245451 0.0866918 0.0495128
0.00526274 4.18059 4.55562 3.80556 2.05802 2.30253 1.8135 3.78158 0.37503 0.244515 0.0864245 0.0489944
0.0054117 4.14834 4.52127 3.77542 2.0425 2.28608 1.79892 3.73392 0.372923 0.243577 0.0861596 0.04848
0.00556486 4.11628 4.48709 3.74548 2.02708 2.26972 1.78444 3.68671 0.370805 0.242639 0.0858969 0.0479695
0.00572237 4.08441 4.45309 3.71574 2.01176 2.25346 1.77006 3.63994 0.368675 0.241699 0.0856362 0.047463
0.00588433 4.05272 4.41925 3.68619 1.99653 2.23729 1.75577 3.5936 0.366533 0.240758 0.0853775 0.0469604
0.00605088 4.02122 4.3856 3.65684 1.9814 2.22121 1.74159 3.54771 0.364379 0.239815 0.0851205 0.0464616
0.00622213 3.9899 4.35211 3.62768 1.96636 2.20523 1.72749 3.50224 0.362212 0.23887 0.084865 0.0459668
0.00639824 3.95875 4.31879 3.59872 1.95142 2.18935 1.7135 3.45721 0.360033 0.237923 0.0846109 0.0454757
0.00657933 3.9278 4.28564 3.56996 1.93658 2.17355 1.6996 3.41261 0.357841 0.236973 0.084358 0.0449884
0.00676555 3.89702 4.25265 3.54138 1.92182 2.15784 1.6858 3.36843 0.355635 0.236022 0.0841062 0.0445049
0.00695704 3.86642 4.21983 3.513 1.90716 2.14223 1.67209 3.32467 0.353416 0.235068 0.0838552 0.0440251
0.00715394 3.836 4.18718 3.48481 1.89259 2.1267 1.65848 3.28134 0.351183 0.234112 0.0836048 0.043549
0.00735642 3.80575 4.15469 3.45681 1.87811 2.11127 1.64496 3.23842 0.348936 0.233152 0.0833549 0.0430766
0.00756463 3.77568 4.12236 3.42901 1.86373 2.09592 1.63154 3.19591 0.346675 0.23219 0.0831052 0.0426078
0.00777874 3.74578 4.09018 3.40139 1.84943 2.08066 1.61821 3.15382 0.344399 0.231225 0.0828556 0.0421427
0.0079989 3.71606 4.05817 3.37395 1.83522 2.06548 1.60497 3.11213 0.342109 0.230256 0.0826059 0.0416811
0.0082253 3.68651 4.02631 3.34671 1.82111 2.05039 1.59182 3.07085 0.339803 0.229284 0.0823558 0.0412231
0.0084581 3.65713 3.99461 3.31965 1.80708 2.03539 1.57877 3.02998 0.337482 0.228309 0.0821051 0.0407686
0.00869749 3.62792 3.96307 3.29278 1.79314 2.02047 1.56581 2.9895 0.335146 0.227329 0.0818537 0.0403176
0.00894366 3.59888 3.93168 3.26609 1.77928 2.00563 1.55294 2.94942 0.332793 0.226346 0.0816013 0.0398701
0.00919679 3.57001 3.90044 3.23959 1.76551 1.99087 1.54016 2.90974 0.330425 0.225358 0.0813476 0.039426
0.00945709 3.54131 3.86935 3.21327 1.75183 1.9762 1.52746 2.87045 0.328041 0.224366 0.0810926 0.0389853
0.00972476 3.51277 3.83841 3.18713 1.73823 1.9616 1.51486 2.83155 0.32564 0.22337 0.0808358 0.038548
0.01 3.4844 3.80762 3.16118 1.72472 1.94709 1.50235 2.79304 0.323223 0.222369 0.0805771 0.0381141
0.010283 3.45619 3.77698 3.1354 1.71129 1.93265 1.48993 2.75491 0.320788 0.221363 0.0803163 0.0376835
0.0105741 3.42815 3.74648 3.10981 1.69794 1.9183 1.47759 2.71716 0.318337 0.220352 0.0800532 0.0372561
0.0108734 3.40026 3.71613 3.0844 1.68468 1.90402 1.46534 2.67979 0.315868 0.219336 0.0797874 0.036832
0.0111811 3.37254 3.68593 3.05916 1.6715 1.88981 1.45318 2.6428 0.313383 0.218315 0.0795187 0.0364112
0.0114976 3.34498 3.65586 3.0341 1.6584 1.87568 1.44111 2.60618 0.310879 0.217287 0.079247 0.0359935
0.011823 3.31758 3.62594 3.00922 1.64538 1.86163 1.42912 2.56994 0.308358 0.216254 0.0789719 0.0355791
0.0121576 3.29034 3.59616 2.98452 1.63243 1.84765 1.41722 2.53406 0.305819 0.215215 0.0786932 0.0351677
0.0125017 3.26325 3.56651 2.95999 1.61957 1.83374 1.4054 2.49855 0.303262 0.21417 0.0784106 0.0347595
0.0128556 3.23632 3.53701 2.93564 1.60678 1.8199 1.39367 2.46341 0.300686 0.213118 0.078124 0.0343543
0.0132194 3.20955 3.50764 2.91146 1.59408 1.80614 1.38202 2.42862 0.298093 0.21206 0.0778329 0.0339522
0.0135936 3.18293 3.47841 2.88745 1.58144 1.79244 1.37045 2.3942 0.295481 0.210994 0.0775372 0.0335531
0.0139783 3.15646 3.44932 2.86361 1.56889 1.77881 1.35896 2.36012 0.292851 0.209922 0.0772366 0.0331571
0.0143739 3.13015 3.42035 2.83995 1.5564 1.76525 1.34756 2.32641 0.290202 0.208842 0.0769309 0.0327639
0.0147808 3.10399 3.39153 2.81646 1.544 1.75175 1.33624 2.29304 0.287534 0.207755 0.0766198 0.0323737
0.0151991 3.07798 3.36283 2.79313 1.53166 1.73832 1.325 2.26002 0.284848 0.206661 0.076303 0.0319864
0.0156293 3.05212 3.33426 2.76998 1.5194 1.72495 1.31384 2.22735 0.282144 0.205558 0.0759802 0.031602
0.0160717 3.02641 3.30583 2.74699 1.5072 1.71165 1.30276 2.19502 0.27942 0.204447 0.0756512 0.0312204
0.0165265 3.00085 3.27752 2.72417 1.49508 1.69841 1.29175 2.16304 0.276678 0.203328 0.0753158 0.0308416
0.0169943 2.97543 3.24935 2.70151 1.48303 1.68523 1.28083 2.13139 0.273918 0.202201 0.0749737 0.0304656
0.0174753 2.95016 3.2213 2.67902 1.47104 1.67211 1.26998 2.10008 0.271138 0.201064 0.0746245 0.0300924
0.0179699 2.92503 3.19337 2.65669 1.45913 1.65905 1.25921 2.0691 0.26834 0.199919 0.0742681 0.0297219
0.0184785 2.90005 3.16558 2.63453 1.44728 1.64604 1.24851 2.03845 0.265524 0.198764 0.0739043 0.0293541
0.0190015 2.87522 3.13791 2.61253 1.43549 1.63309 1.23789 2.00813 0.262689 0.1976 0.0735326 0.0289889
0.0195393 2.85052 3.11036 2.59069 1.42377 1.6202 1.22734 1.97813 0.259837 0.196426 0.073153 0.0286264
0.0200923 2.82597 3.08294 2.56901 1.41211 1.60735 1.21687 1.94846 0.256966 0.195243 0.0727651 0.0282665
0.020661 2.80156 3.05564 2.54748 1.40052 1.59457 1.20647 1.91911 0.254077 0.194049 0.0723687 0.0279091
0.0212458 2.77729 3.02846 2.52612 1.38898 1.58183 1.19614 1.89008 0.25117 0.192845 0.0719636 0.0275543
0.0218471 2.75316 3.0014 2.50491 1.37751 1.56914 1.18588 1.86136 0.248246 0.19163 0.0715495 0.027202
0.0224655 2.72916 2.97447 2.48386 1.36609 1.5565 1.17569 1.83296 0.245305 0.190405 0.0711262 0.0268523
0.0231013 2.70531 2.94765 2.46296 1.35473 1.5439 1.16557 1.80486 0.242347 0.189168 0.0706935 0.0265049
0.0237551 2.68159 2.92096 2.44222 1.34343 1.53135 1.15551 1.77708 0.239372 0.187921 0.0702511 0.02616
0.0244275 2.658 2.89438 2.42162 1.33219 1.51885 1.14553 1.7496 0.236381 0.186662 0.0697989 0.0258176
0.0251189 2.63455 2.86793 2.40118 1.321 1.50639 1.13561 1.72242 0.233373 0.185391 0.0693367 0.0254774
0.0258298 2.61124 2.84159 2.38089 1.30986 1.49397 1.12575 1.69555 0.23035 0.184108 0.0688642 0.0251397
0.0265609 2.58806 2.81537 2.36075 1.29877 1.48158 1.11596 1.66897 0.227312 0.182813 0.0683813 0.0248042
0.0273126 2.56501 2.78927 2.34075 1.28773 1.46924 1.10623 1.64269 0.22426 0.181506 0.0678878 0.0244711
0.0280857 2.54209 2.76328 2.3209 1.27674 1.45693 1.09656 1.6167 0.221193 0.180187 0.0673835 0.0241402
0.0288806 2.5193 2.73741 2.30119 1.2658 1.44466 1.08695 1.591 0.218112 0.178854 0.0668683 0.0238116
0.029698 2.49664 2.71166 2.28163 1.2549 1.43241 1.0774 1.56558 0.215018 0.177509 0.066342 0.0234852
0.0305386 2.47411 2.68603 2.2622 1.24405 1.4202 1.0679 1.54046 0.211911 0.176151 0.0658046 0.0231609
0.0314029 2.45171 2.6605 2.24292 1.23324 1.40802 1.05846 1.51561 0.208793 0.174779 0.0652558 0.0228388
0.0322917 2.42944 2.6351 2.22377 1.22248 1.39587 1.04908 1.49105 0.205663 0.173393 0.0646957 0.0225189
0.0332057 2.40729 2.60981 2.20476 1.21175 1.38374 1.03975 1.46676 0.202522 0.171994 0.064124 0.0222011
0.0341455 2.38526 2.58463 2.18589 1.20106 1.37164 1.03047 1.44275 0.199371 0.170581 0.0635408 0.0218853
0.0351119 2.36336 2.55957 2.16715 1.1904 1.35955 1.02125 1.41901 0.196211 0.169154 0.062946 0.0215717
0.0361057 2.34158 2.53462 2.14853 1.17978 1.34749 1.01207 1.39554 0.193043 0.167712 0.0623395 0.02126
0.0371276 2.31992 2.50978 2.13005 1.16919 1.33545 1.00293 1.37233 0.189866 0.166256 0.0617214 0.0209504
0.0381784 2.29838 2.48507 2.1117 1.15863 1.32342 0.993848 1.34939 0.186683 0.164786 0.0610915 0.0206428
0.039259 2.27696 2.46046 2.09347 1.1481 1.31141 0.984804 1.32671 0.183494 0.163301 0.06045 0.0203371
0.0403702 2.25566 2.43596 2.07536 1.1376 1.2994 0.975802 1.30429 0.1803 0.1618 0.0597968 0.0200334
0.0415128 2.23448 2.41158 2.05738 1.12713 1.28741 0.96684 1.28212 0.177102 0.160285 0.0591321 0.0197316
0.0426877 2.21341 2.38731 2.03951 1.11667 1.27542 0.957916 1.26021 0.1739 0.158754 0.0584558 0.0194317
0.0438959 2.19246 2.36316 2.02176 1.10624 1.26344 0.949028 1.23855 0.170696 0.157208 0.0577681 0.0191336
0.0451383 2.17162 2.33911 2.00413 1.09582 1.25147 0.940173 1.21714 0.167492 0.155647 0.0570691 0.0188375
0.0464159 2.15089 2.31517 1.9866 1.08542 1.23949 0.93135 1.19597 0.164287 0.15407 0.056359 0.0185432
0.0477296 2.13027 2.29135 1.96918 1.07503 1.22751 0.922557 1.17504 0.161083 0.152477 0.0556378 0.0182507
0.0490805 2.10976 2.26764 1.95188 1.06466 1.21553 0.913791 1.15436 0.157882 0.150869 0.0549057 0.01796
0.0504697 2.08935 2.24404 1.93467 1.05429 1.20354 0.90505 1.13391 0.154684 0.149245 0.0541631 0.0176711
0.0518981 2.06905 2.22054 1.91756 1.04394 1.19154 0.896332 1.1137 0.15149 0.147605 0.05341 0.017384
0.053367 2.04886 2.19716 1.90055 1.03358 1.17953 0.887633 1.09371 0.148302 0.145949 0.0526468 0.0170986
0.0548775 2.02876 2.17388 1.88364 1.02323 1.16751 0.878952 1.07396 0.145121 0.144277 0.0518736 0.016815
0.0564307 2.00876 2.15071 1.86681 1.01287 1.15546 0.870285 1.05443 0.141948 0.142589 0.0510909 0.0165331
0.0580278 1.98886 2.12765 1.85008 1.00252 1.1434 0.861631 1.03512 0.138785 0.140886 0.0502989 0.016253
0.0596702 1.96906 2.10469 1.83343 0.992152 1.13132 0.852986 1.01604 0.135633 0.139166 0.049498 0.0159745
0.0613591 1.94935 2.08184 1.81685 0.981778 1.11921 0.844348 0.997173 0.132493 0.137431 0.0486885 0.0156977
0.0630957 1.92972 2.05909 1.80036 0.971392 1.10707 0.835712 0.978521 0.129366 0.135679 0.0478708 0.0154226
0.0648815 1.91019 2.03644 1.78393 0.96099 1.0949 0.827078 0.960081 0.126254 0.133912 0.0470453 0.0151491
0.0667179 1.89074 2.0139 1.76758 0.95057 1.0827 0.81844 0.941851 0.123159 0.13213 0.0462125 0.0148774
0.0686062 1.87137 1.99145 1.75129 0.940128 1.07046 0.809797 0.923827 0.120081 0.130332 0.0453728 0.0146072
0.070548 1.85208 1.9691 1.73506 0.929662 1.05818 0.801144 0.906008 0.117021 0.128518 0.0445267 0.0143388
0.0725448 1.83286 1.94684 1.71888 0.919168 1.04586 0.792478 0.888389 0.113983 0.12669 0.0436747 0.0140719
0.074598 1.81372 1.92468 1.70275 0.908643 1.03349 0.783797 0.870969 0.110966 0.124846 0.0428173 0.0138068
0.0767094 1.79464 1.90261 1.68667 0.898083 1.02107 0.775096 0.853745 0.107972 0.122988 0.041955 0.0135432
0.0788805 1.77563 1.88063 1.67063 0.887486 1.0086 0.766371 0.836714 0.105002 0.121115 0.0410883 0.0132813
0.0811131 1.75668 1.85874 1.65462 0.876847 0.996075 0.75762 0.819873 0.102059 0.119228 0.040218 0.013021
0.0834088 1.73778 1.83693 1.63864 0.866164 0.983491 0.748837 0.803221 0.0991428 0.117327 0.0393445 0.0127624
0.0857696 1.71894 1.8152 1.62268 0.855432 0.970844 0.74002 0.786753 0.0962553 0.115412 0.0384684 0.0125054
0.0881971 1.70014 1.79354 1.60675 0.844648 0.958132 0.731165 0.770468 0.0933979 0.113484 0.0375904 0.01225
0.0906934 1.68139 1.77196 1.59082 0.83381 0.945352 0.722267 0.754363 0.0905717 0.111543 0.0367111 0.0119963
0.0932603 1.66267 1.75045 1.57489 0.822911 0.932501 0.713322 0.738436 0.0877782 0.10959 0.0358311 0.0117443
0.0958999 1.64398 1.729 1.55896 0.811951 0.919575 0.704326 0.722684 0.0850187 0.107624 0.0349511 0.0114939
0.0986142 1.62532 1.70761 1.54303 0.800923 0.90657 0.695276 0.707104 0.0822944 0.105647 0.0340717 0.0112452
0.101405 1.60668 1.68628 1.52707 0.789826 0.893485 0.686167 0.691695 0.0796066 0.103659 0.0331937 0.0109983
0.104275 1.58805 1.665 1.51109 0.778655 0.880316 0.676994 0.676454 0.0769564 0.101661 0.0323176 0.010753
0.107227 1.56942 1.64377 1.49508 0.767406 0.867059 0.667754 0.661378 0.0743451 0.0996527 0.0314442 0.0105094
0.110262 1.5508 1.62257 1.47903 0.756077 0.853712 0.658442 0.646466 0.0717739 0.0976353 0.0305741 0.0102676
0.113382 1.53217 1.60141 1.46292 0.744663 0.840272 0.649053 0.631715 0.0692437 0.0956094 0.029708 0.0100275
0.116591 1.51352 1.58027 1.44676 0.733161 0.826736 0.639585 0.617124 0.0667557 0.0935756 0.0288465 0.00978928
0.119891 1.49485 1.55916 1.43054 0.721566 0.813101 0.630032 0.602689 0.0643108 0.0915347 0.0279904 0.00955283
0.123285 1.47614 1.53805 1.41423 0.709877 0.799365 0.62039 0.58841 0.0619101 0.0894876 0.0271404 0.00931822
0.126774 1.4574 1.51695 1.39784 0.69809 0.785525 0.610655 0.574284 0.0595544 0.087435 0.026297 0.00908547
0.130362 1.43861 1.49585 1.38136 0.686201 0.771578 0.600823 0.560311 0.0572447 0.0853778 0.025461 0.00885462
0.134052 1.41975 1.47473 1.36477 0.674207 0.757524 0.59089 0.546487 0.0549817 0.0833169 0.0246329 0.00862571
0.137846 1.40083 1.45359 1.34806 0.662106 0.743359 0.580852 0.532812 0.0527661 0.0812533 0.0238135 0.00839876
0.141747 1.38183 1.43243 1.33123 0.649894 0.729082 0.570706 0.519284 0.0505987 0.079188 0.0230033 0.00817382
0.145759 1.36274 1.41122 1.31426 0.63757 0.714693 0.560448 0.505902 0.0484802 0.077122 0.0222029 0.00795092
0.149885 1.34354 1.38996 1.29713 0.625132 0.700188 0.550075 0.492664 0.0464109 0.0750564 0.0214129 0.00773011
0.154127 1.32424 1.36863 1.27985 0.612576 0.685569 0.539584 0.47957 0.0443916 0.0729923 0.0206339 0.00751143
0.158489 1.30481 1.34724 1.26239 0.599903 0.670834 0.528972 0.466619 0.0424225 0.0709309 0.0198665 0.00729493
0.162975 1.28525 1.32576 1.24475 0.587109 0.655983 0.518236 0.45381 0.0405042 0.0688734 0.0191111 0.00708066
0.167588 1.26555 1.30418 1.22691 0.574196 0.641017 0.507375 0.441142 0.0386369 0.066821 0.0183683 0.00686867
0.172331 1.24568 1.2825 1.20885 0.561161 0.625936 0.496386 0.428615 0.0368208 0.064775 0.0176385 0.00665902
0.177209 1.22563 1.26069 1.19058 0.548006 0.610743 0.48527 0.416228 0.0350561 0.0627367 0.0169222 0.00645175
0.182224 1.20541 1.23875 1.17206 0.534731 0.595439 0.474024 0.403981 0.033343 0.0607075 0.0162199 0.00624694
0.187382 1.18498 1.21666 1.1533 0.521338 0.580026 0.462649 0.391875 0.0316815 0.0586887 0.0155319 0.00604463
0.192685 1.16434 1.19441 1.13427 0.507827 0.564509 0.451145 0.379909 0.0300715 0.0566819 0.0148587 0.0058449
0.198139 1.14347 1.17199 1.11496 0.494202 0.548891 0.439514 0.368084 0.028513 0.0546884 0.0142005 0.0056478
0.203747 1.12237 1.14937 1.09536 0.480467 0.533177 0.427757 0.3564 0.0270058 0.0527097 0.0135577 0.0054534
0.209514 1.10101 1.12656 1.07546 0.466625 0.517373 0.415878 0.344858 0.0255497 0.0507473 0.0129305 0.00526177
0.215443 1.07938 1.10352 1.05524 0.452683 0.501485 0.40388 0.333459 0.0241444 0.0488029 0.0123194 0.00507297
0.221541 1.05747 1.08026 1.03468 0.438645 0.485523 0.391767 0.322204 0.0227895 0.0468779 0.0117244 0.00488708
0.227812 1.03527 1.05675 1.01378 0.42452 0.469494 0.379546 0.311095 0.0214847 0.0449739 0.0111458 0.00470417
0.234259 1.01275 1.03298 0.992523 0.410316 0.453409 0.367224 0.300131 0.0202295 0.0430925 0.0105837 0.00452429
0.24089 0.989916 1.00894 0.970892 0.396044 0.437279 0.354808 0.289317 0.0190234 0.0412354 0.0100383 0.00434753
0.247708 0.966743 0.984609 0.948878 0.381714 0.421118 0.34231 0.278652 0.0178657 0.039404 0.00950966 0.00417394
0.254719 0.943224 0.95998 0.926468 0.36734 0.40494 0.32974 0.26814 0.0167559 0.0376001 0.0089979 0.00400359
0.261928 0.919343 0.935037 0.90365 0.352937 0.388762 0.317111 0.257782 0.0156932 0.0358253 0.00850304 0.00383653
0.269341 0.895088 0.909764 0.880411 0.338522 0.372603 0.304441 0.247582 0.0146768 0.0340811 0.00802508 0.00367281
0.276965 0.870443 0.884149 0.856736 0.324115 0.356484 0.291746 0.237541 0.0137061 0.0323692 0.00756397 0.00351246
0.284804 0.845389 0.858169 0.832609 0.309741 0.340432 0.279049 0.227664 0.0127801 0.0306911 0.00711963 0.00335548
0.292864 0.819894 0.831792 0.807996 0.29543 0.324478 0.266382 0.217955 0.0118979 0.0290483 0.00669191 0.00320184
0.301153 0.793877 0.804935 0.782818 0.281234 0.308676 0.253792 0.208417 0.0110584 0.0274424 0.00628055 0.0030514
0.309677 0.766883 0.777144 0.756623 0.267312 0.293187 0.241438 0.199062 0.0102605 0.0258747 0.00588493 0.00290361
0.318442 0.744263 0.75423 0.734295 0.257893 0.283183 0.232604 0.195577 0.00996745 0.0252898 0.00573734 0.00284632
0.321833 0.734602 0.744285 0.724919 0.252663 0.27738 0.227946 0.192153 0.00968316 0.0247168 0.00559355 0.00279011
0.325224 0.724994 0.734402 0.715587 0.247503 0.271658 0.223348 0.188788 0.00940733 0.0241553 0.00545346 0.00273493
0.328614 0.715439 0.724579 0.7063 0.242412 0.266018 0.218807 0.185481 0.00913968 0.0236052 0.00531694 0.00268078
0.332005 0.705936 0.714816 0.697057 0.237391 0.260457 0.214325 0.182231 0.00887994 0.0230662 0.00518391 0.00262763
0.335396 0.696486 0.705114 0.687858 0.232438 0.254976 0.2099 0.179036 0.00862784 0.0225381 0.00505425 0.00257546
0.338787 0.687087 0.69547 0.678704 0.227554 0.249575 0.205533 0.175896 0.00838313 0.0220208 0.00492787 0.00252424
0.342178 0.677739 0.685885 0.669594 0.222738 0.244252 0.201224 0.172808 0.00814557 0.0215139 0.00480468 0.00247395
0.345569 0.668443 0.676358 0.660528 0.217989 0.239007 0.196972 0.169773 0.00791494 0.0210173 0.00468458 0.00242458
0.348959 0.659199 0.66689 0.651508 0.213308 0.233839 0.192778 0.166788 0.00769099 0.0205308 0.00456749 0.00237611
0.35235 0.650005 0.657479 0.642532 0.208694 0.228748 0.18864 0.163854 0.00747352 0.0200542 0.00445332 0.00232851
0.355741 0.640863 0.648126 0.633601 0.204147 0.223734 0.184559 0.160967 0.00726232 0.0195873 0.004342 0.00228177
0.359132 0.631772 0.63883 0.624715 0.199665 0.218795 0.180535 0.158129 0.00705719 0.0191299 0.00423344 0.00223587
0.362523 0.622733 0.629591 0.615875 0.19525 0.213932 0.176568 0.155337 0.00685793 0.0186818 0.00412756 0.0021908
0.365914 0.613745 0.620409 0.60708 0.1909 0.209143 0.172657 0.152591 0.00666437 0.0182429 0.00402429 0.00214653
0.369305 0.604808 0.611285 0.598332 0.186615 0.204428 0.168802 0.149889 0.00647631 0.017813 0.00392357 0.00210304
0.372695 0.595924 0.602217 0.58963 0.182395 0.199787 0.165004 0.147232 0.0062936 0.0173919 0.00382531 0.00206034
0.376086 0.587091 0.593207 0.580975 0.17824 0.195219 0.161261 0.144618 0.00611605 0.0169794 0.00372945 0.00201839
0.379477 0.57831 0.584254 0.572367 0.174149 0.190724 0.157573 0.142045 0.00594352 0.0165754 0.00363593 0.00197719
0.382868 0.569582 0.575358 0.563806 0.170121 0.186301 0.153941 0.139514 0.00577584 0.0161797 0.00354469 0.00193671
0.386259 0.560906 0.566519 0.555293 0.166156 0.181949 0.150364 0.137024 0.00561287 0.0157922 0.00345565 0.00189695
0.38965 0.552284 0.557738 0.546829 0.162255 0.177667 0.146842 0.134573 0.00545446 0.0154127 0.00336878 0.00185789
0.39304 0.543714 0.549015 0.538414 0.158416 0.173457 0.143375 0.132161 0.00530047 0.015041 0.00328399 0.00181951
0.396431 0.535198 0.540349 0.530048 0.154639 0.169316 0.139962 0.129788 0.00515077 0.014677 0.00320125 0.00178181
0.399822 0.526737 0.531742 0.521731 0.150924 0.165244 0.136603 0.127452 0.00500524 0.0143205 0.0031205 0.00174478
0.403213 0.518329 0.523193 0.513465 0.14727 0.161241 0.133298 0.125152 0.00486374 0.0139715 0.00304168 0.00170839
0.406604 0.509976 0.514703 0.50525 0.143677 0.157307 0.130047 0.122889 0.00472615 0.0136298 0.00296474 0.00167263
0.409995 0.501679 0.506271 0.497087 0.140145 0.15344 0.126849 0.120662 0.00459236 0.0132951 0.00288964 0.00163751
0.413385 0.493437 0.497899 0.488975 0.136672 0.14964 0.123705 0.118469 0.00446225 0.0129675 0.00281633 0.00160299
0.416776 0.485251 0.489587 0.480916 0.13326 0.145907 0.120613 0.11631 0.00433572 0.0126468 0.00274476 0.00156908
0.420167 0.477122 0.481335 0.472909 0.129906 0.142239 0.117574 0.114184 0.00421266 0.0123328 0.00267489 0.00153576
0.423558 0.46905 0.473143 0.464957 0.126612 0.138637 0.114587 0.112092 0.00409296 0.0120254 0.00260668 0.00150302
0.426949 0.461035 0.465012 0.457059 0.123376 0.1351 0.111651 0.110032 0.00397654 0.0117244 0.00254007 0.00147085
0.43034 0.453079 0.456942 0.449215 0.120197 0.131627 0.108768 0.108004 0.00386329 0.0114299 0.00247504 0.00143925
0.43373 0.44518 0.448934 0.441427 0.117077 0.128218 0.105935 0.106006 0.00375313 0.0111416 0.00241154 0.00140819
0.437121 0.437341 0.440987 0.433695 0.114013 0.124872 0.103154 0.10404 0.00364596 0.0108594 0.00234953 0.00137767
0.440512 0.429562 0.433104 0.42602 0.111006 0.121589 0.100422 0.102104 0.00354169 0.0105833 0.00228898 0.00134769
0.443903 0.421843 0.425283 0.418402 0.108055 0.118368 0.0977416 0.100197 0.00344026 0.010313 0.00222985 0.00131823
0.447294 0.414184 0.417526 0.410843 0.105159 0.115208 0.0951105 0.0983191 0.00334157 0.0100485 0.00217211 0.00128928
0.450685 0.406587 0.409832 0.403341 0.102319 0.112108 0.0925288 0.09647 0.00324554 0.00978976 0.00211571 0.00126084
0.454075 0.399051 0.402203 0.395899 0.0995327 0.109069 0.0899961 0.0946491 0.00315211 0.00953655 0.00206064 0.00123289
0.457466 0.391578 0.39464 0.388517 0.096801 0.10609 0.0875122 0.0928558 0.00306119 0.00928881 0.00200685 0.00120544
0.460857 0.384168 0.387141 0.381195 0.0941229 0.103169 0.0850765 0.0910897 0.00297272 0.00904644 0.00195432 0.00117846
0.464248 0.376822 0.379708 0.373935 0.091498 0.100307 0.0826887 0.0893503 0.00288664 0.00880934 0.00190302 0.00115196
0.467639 0.369539 0.372342 0.366736 0.0889257 0.0975031 0.0803483 0.0876373 0.00280286 0.0085774 0.00185291 0.00112592
0.47103 0.362321 0.365043 0.3596 0.0864055 0.094756 0.0780549 0.0859502 0.00272134 0.00835053 0.00180397 0.00110034
0.47442 0.355169 0.357811 0.352527 0.0839368 0.0920654 0.0758081 0.0842885 0.002642 0.00812865 0.00175617 0.00107521
0.477811 0.348082 0.350647 0.345517 0.0815191 0.0894307 0.0736074 0.082652 0.00256479 0.00791164 0.00170948 0.00105053
0.481202 0.341062 0.343551 0.338572 0.0791519 0.0868513 0.0714524 0.0810401 0.00248965 0.00769942 0.00166388 0.00102628
0.484593 0.334109 0.336525 0.331692 0.0768347 0.0843266 0.0693428 0.0794525 0.00241652 0.00749191 0.00161934 0.00100246
0.487984 0.327223 0.329568 0.324877 0.0745669 0.0818559 0.0672779 0.0778888 0.00234535 0.007289 0.00157584 0.000979062
0.491375 0.320405 0.322681 0.318129 0.072348 0.0794386 0.0652573 0.0763487 0.00227608 0.00709063 0.00153335 0.000956083
0.494765 0.313656 0.315865 0.311448 0.0701774 0.0770741 0.0632807 0.0748318 0.00220867 0.00689669 0.00149185 0.000933513
0.498156 0.306977 0.30912 0.304834 0.0680545 0.0747616 0.0613474 0.0733378 0.00214305 0.00670711 0.00145131 0.000911348
0.501547 0.300367 0.302446 0.298288 0.0659788 0.0725006 0.059457 0.0718663 0.0020792 0.0065218 0.00141173 0.000889581
0.504938 0.293827 0.295844 0.29181 0.0639496 0.0702903 0.0576089 0.070417 0.00201705 0.00634069 0.00137306 0.000868205
0.508329 0.287359 0.289315 0.285402 0.0619666 0.0681303 0.055803 0.0689895 0.00195657 0.00616369 0.0013353 0.000847216
0.51172 0.280961 0.282859 0.279064 0.060029 0.0660197 0.0540383 0.0675836 0.0018977 0.00599072 0.00129842 0.000826608
0.51511 0.274636 0.276476 0.272795 0.0581363 0.063958 0.0523146 0.0661989 0.00184041 0.00582172 0.0012624 0.000806375
0.518501 0.268383 0.270168 0.266598 0.056288 0.0619446 0.0506314 0.0648352 0.00178465 0.0056566 0.00122723 0.000786512
0.521892 0.262203 0.263933 0.260473 0.0544833 0.0599786 0.048988 0.0634921 0.00173039 0.00549529 0.00119288 0.000767012
0.525283 0.256096 0.257774 0.254419 0.0527218 0.0580595 0.0473841 0.0621693 0.00167758 0.00533772 0.00115934 0.000747872
0.528674 0.250064 0.25169 0.248437 0.0510028 0.0561866 0.045819 0.0608667 0.00162619 0.00518382 0.00112658 0.000729086
0.532065 0.244105 0.245681 0.242529 0.0493258 0.0543593 0.0442923 0.0595838 0.00157618 0.00503351 0.0010946 0.000710649
0.535455 0.238222 0.239749 0.236694 0.0476901 0.0525768 0.0428034 0.0583205 0.00152752 0.00488673 0.00106337 0.000692556
0.538846 0.232413 0.233893 0.230933 0.0460951 0.0508386 0.0413517 0.0570765 0.00148016 0.00474341 0.00103288 0.000674803
0.542237 0.22668 0.228114 0.225246 0.0445404 0.0491439 0.0399369 0.0558515 0.00143408 0.00460349 0.00100311 0.000657384
0.545628 0.221023 0.222413 0.219634 0.0430251 0.047492 0.0385582 0.0546453 0.00138924 0.0044669 0.000974052 0.000640294
0.549019 0.215443 0.216789 0.214097 0.0415488 0.0458824 0.0372153 0.0534576 0.00134562 0.00433357 0.000945681 0.00062353
0.55241 0.209939 0.211243 0.208636 0.0401109 0.0443143 0.0359075 0.0522882 0.00130317 0.00420344 0.000917987 0.000607087
0.5558 0.204513 0.205775 0.203251 0.0387107 0.0427871 0.0346342 0.0511369 0.00126188 0.00407645 0.000890955 0.000590961
0.559191 0.199164 0.200386 0.197942 0.0373476 0.0413001 0.0333951 0.0500035 0.0012217 0.00395255 0.000864571 0.000575146
0.562582 0.193892 0.195075 0.19271 0.036021 0.0398527 0.0321894 0.0488876 0.00118262 0.00383166 0.000838821 0.000559639
0.565973 0.188699 0.189844 0.187555 0.0347304 0.0384441 0.0310167 0.0477892 0.0011446 0.00371373 0.000813692 0.000544436
0.569364 0.183584 0.184692 0.182477 0.0334751 0.0370738 0.0298764 0.0467079 0.00110762 0.00359871 0.000789171 0.000529533
0.572755 0.178548 0.179619 0.177476 0.0322545 0.035741 0.0287679 0.0456437 0.00107166 0.00348653 0.000765245 0.000514925
0.576146 0.17359 0.174627 0.172553 0.0310679 0.0344451 0.0276908 0.0445962 0.00103668 0.00337714 0.000741901 0.000500608
0.579536 0.168711 0.169714 0.167709 0.0299149 0.0331854 0.0266444 0.0435653 0.00100266 0.00327049 0.000719128 0.00048658
0.582927 0.163912 0.164881 0.162942 0.0287948 0.0319613 0.0256283 0.0425508 0.000969583 0.00316652 0.000696914 0.000472835
0.586318 0.159191 0.160129 0.158254 0.027707 0.0307721 0.0246418 0.0415526 0.000937418 0.00306518 0.000675246 0.000459369
0.589709 0.15455 0.155457 0.153644 0.0266508 0.0296172 0.0236844 0.0405703 0.000906146 0.00296642 0.000654115 0.000446181
0.5931 0.149989 0.150865 0.149113 0.0256258 0.0284959 0.0227556 0.0396039 0.000875744 0.00287018 0.000633508 0.000433264
0.596491 0.145507 0.146353 0.144661 0.0246312 0.0274076 0.0218548 0.0386532 0.00084619 0.00277642 0.000613414 0.000420616
0.599881 0.141105 0.141922 0.140287 0.0236666 0.0263516 0.0209815 0.0377179 0.000817463 0.00268508 0.000593825 0.000408234
0.603272 0.136782 0.137572 0.135993 0.0227312 0.0253273 0.0201351 0.036798 0.000789544 0.00259612 0.000574727 0.000396113
0.606663 0.13254 0.133302 0.131777 0.0218246 0.0243341 0.0193151 0.0358932 0.000762412 0.00250949 0.000556113 0.00038425
0.610054 0.128376 0.129112 0.12764 0.0209461 0.0233713 0.018521 0.0350034 0.000736047 0.00242514 0.000537972 0.000372641
0.613445 0.124292 0.125003 0.123582 0.0200952 0.0224382 0.0177522 0.0341285 0.000710431 0.00234303 0.000520294 0.000361284
0.616836 0.120288 0.120974 0.119603 0.0192712 0.0215343 0.0170081 0.0332682 0.000685546 0.00226311 0.00050307 0.000350175
0.620226 0.116363 0.117025 0.115702 0.0184737 0.020659 0.0162883 0.0324224 0.000661374 0.00218533 0.00048629 0.00033931
0.623617 0.112518 0.113156 0.11188 0.0177019 0.0198116 0.0155923 0.031591 0.000637896 0.00210965 0.000469946 0.000328686
0.627008 0.108751 0.109366 0.108136 0.0169554 0.0189915 0.0149194 0.0307739 0.000615097 0.00203604 0.000454029 0.0003183
0.630399 0.105063 0.105656 0.10447 0.0162336 0.0181981 0.0142692 0.0299708 0.00059296 0.00196444 0.00043853 0.000308148
0.63379 0.101454 0.102025 0.100882 0.015536 0.0174308 0.0136412 0.0291816 0.000571468 0.00189481 0.00042344 0.000298227
0.637181 0.0979227 0.0984733 0.097372 0.0148619 0.016689 0.0130348 0.0284062 0.000550605 0.00182711 0.000408751 0.000288535
0.640571 0.0944697 0.095 0.0939393 0.0142109 0.0159722 0.0124495 0.0276445 0.000530357 0.00176131 0.000394455 0.000279067
0.643962 0.0910944 0.0916051 0.0905836 0.0135823 0.0152796 0.0118849 0.0268963 0.000510708 0.00169736 0.000380544 0.000269821
0.647353 0.0877963 0.088288 0.0873047 0.0129757 0.0146109 0.0113404 0.0261615 0.000491644 0.00163522 0.00036701 0.000260794
0.650744 0.0845753 0.0850484 0.0841021 0.0123904 0.0139653 0.0108156 0.0254399 0.00047315 0.00157486 0.000353846 0.000251982
0.654135 0.0814307 0.0818859 0.0809755 0.0118261 0.0133423 0.0103099 0.0247314 0.000455213 0.00151624 0.000341043 0.000243383
0.657526 0.0783622 0.0788 0.0779244 0.0112821 0.0127414 0.0098228 0.024036 0.000437818 0.00145931 0.000328595 0.000234993
0.660916 0.0753693 0.0757902 0.0749483 0.010758 0.012162 0.00935393 0.0233533 0.000420953 0.00140405 0.000316493 0.000226809
0.664307 0.0724515 0.0728561 0.0720469 0.0102531 0.0116036 0.00890274 0.0226835 0.000404604 0.00135041 0.000304732 0.000218829
0.667698 0.0696082 0.0699969 0.0692194 0.00976714 0.0110655 0.00846877 0.0220262 0.00038876 0.00129837 0.000293304 0.000211048
0.671089 0.0668388 0.0672122 0.0664654 0.00929947 0.0105473 0.00805158 0.0213814 0.000373406 0.00124788 0.000282202 0.000203466
0.67448 0.0641428 0.0645013 0.0637843 0.00884962 0.0100485 0.0076507 0.020749 0.000358533 0.00119892 0.000271419 0.000196077
0.677871 0.0615195 0.0618636 0.0611754 0.0084171 0.00956854 0.00726566 0.0201288 0.000344126 0.00115144 0.000260949 0.000188881
0.681261 0.0589683 0.0592984 0.0586381 0.00800145 0.00910686 0.00689603 0.0195208 0.000330176 0.00110542 0.000250785 0.000181872
0.684652 0.0564883 0.056805 0.0561717 0.00760218 0.008663 0.00654136 0.0189247 0.000316671 0.00106082 0.000240921 0.00017505
0.688043 0.0540791 0.0543827 0.0537755 0.00721883 0.00823644 0.00620122 0.0183406 0.000303599 0.00101761 0.00023135 0.00016841
0.691434 0.0517398 0.0520307 0.0514488 0.00685095 0.00782671 0.00587519 0.0177682 0.000290951 0.000975762 0.000222067 0.00016195
0.694825 0.0494696 0.0497484 0.0491909 0.00649807 0.00743331 0.00556283 0.0172075 0.000278715 0.000935241 0.000213065 0.000155667
0.698216 0.0472678 0.0475346 0.0470009 0.00615975 0.00705577 0.00526374 0.0166584 0.00026688 0.000896017 0.000204337 0.000149559
0.701606 0.0451334 0.0453888 0.044878 0.00583556 0.00669362 0.0049775 0.0161207 0.000255438 0.00085806 0.00019588 0.000143621
0.704997 0.0430657 0.0433101 0.0428213 0.00552506 0.0063464 0.00470372 0.0155943 0.000244378 0.000821341 0.000187685 0.000137853
0.708388 0.0410636 0.0412973 0.04083 0.00522783 0.00601366 0.004442 0.0150791 0.000233691 0.000785831 0.000179749 0.00013225
0.711779 0.0391264 0.0393498 0.0389031 0.00494346 0.00569496 0.00419196 0.014575 0.000223366 0.000751501 0.000172064 0.00012681
0.71517 0.0372532 0.0374666 0.0370398 0.00467152 0.00538984 0.0039532 0.0140819 0.000213396 0.000718322 0.000164627 0.000121531
0.718561 0.035443 0.0356468 0.0352392 0.00441163 0.0050979 0.00372536 0.0135997 0.00020377 0.000686268 0.00015743 0.000116409
0.721951 0.0336947 0.0338892 0.0335002 0.00416339 0.0048187 0.00350808 0.0131282 0.00019448 0.000655311 0.000150469 0.000111441
0.725342 0.0320074 0.032193 0.0318219 0.0039264 0.00455182 0.00330097 0.0126674 0.000185517 0.000625424 0.000143739 0.000106626
0.728733 0.0303801 0.030557 0.0302032 0.00370029 0.00429687 0.00310371 0.0122172 0.000176873 0.000596581 0.000137234 0.00010196
0.732124 0.0288117 0.0289803 0.0286432 0.0034847 0.00405345 0.00291594 0.0117774 0.000168539 0.000568756 0.00013095 9.74405e-05
0.735515 0.0273012 0.0274617 0.0271407 0.00327924 0.00382117 0.00273732 0.0113479 0.000160507 0.000541924 0.00012488 9.30649e-05
0.738906 0.0258475 0.0260003 0.0256947 0.00308358 0.00359964 0.00256752 0.0109286 0.00015277 0.000516059 0.000119021 8.88306e-05
0.742296 0.0244495 0.0245948 0.0243042 0.00289736 0.00338849 0.00240622 0.0105195 0.000145319 0.000491136 0.000113367 8.47348e-05
0.745687 0.023106 0.0232442 0.0229679 0.00272023 0.00318737 0.0022531 0.0101204 0.000138147 0.000467133 0.000107914 8.07748e-05
0.749078 0.0218161 0.0219473 0.0216848 0.00255188 0.0029959 0.00210785 0.00973111 0.000131246 0.000444024 0.000102656 7.69481e-05
0.752469 0.0205785 0.0207031 0.0204539 0.00239196 0.00281374 0.00197017 0.00935164 0.000124608 0.000421787 9.75896e-05 7.3252e-05
0.75586 0.019392 0.0195103 0.0192738 0.00224016 0.00264056 0.00183976 0.00898185 0.000118228 0.000400398 9.27095e-05 6.96838e-05
0.759251 0.0182556 0.0183677 0.0181435 0.00209617 0.00247601 0.00171634 0.00862163 0.000112097 0.000379835 8.80112e-05 6.6241e-05
0.762641 0.0171681 0.0172743 0.0170619 0.00195969 0.00231977 0.00159962 0.00827085 0.000106209 0.000360075 8.34903e-05 6.29209e-05
0.766032 0.0161282 0.0162287 0.0160276 0.00183042 0.00217152 0.00148933 0.00792943 0.000100556 0.000341097 7.91423e-05 5.9721e-05
0.769423 0.0151347 0.0152299 0.0150396 0.00170808 0.00203096 0.0013852 0.00759723 9.51328e-05 0.00032288 7.49629e-05 5.66387e-05
0.772814 0.0141866 0.0142765 0.0140967 0.00159237 0.00189777 0.00128697 0.00727416 8.99321e-05 0.000305401 7.09478e-05 5.36714e-05
0.776205 0.0132826 0.0133675 0.0131976 0.00148304 0.00177168 0.0011944 0.0069601 8.49476e-05 0.000288641 6.70927e-05 5.08166e-05
0.779596 0.0124214 0.0125016 0.0123412 0.0013798 0.00165238 0.00110723 0.00665494 8.01731e-05 0.000272578 6.33935e-05 4.80717e-05
0.782986 0.0116019 0.0116775 0.0115263 0.00128242 0.00153961 0.00102522 0.00635857 7.56023e-05 0.000257193 5.9846e-05 4.54342e-05
0.786377 0.0108228 0.0108941 0.0107516 0.00119062 0.00143308 0.000948151 0.00607087 7.12293e-05 0.000242467 5.64461e-05 4.29016e-05
0.789768 0.0100831 0.0101501 0.010016 0.00110417 0.00133255 0.000875788 0.00579174 6.70481e-05 0.000228379 5.31898e-05 4.04715e-05
0.793159 0.00938131 0.00944436 0.00931826 0.00102283 0.00123774 0.000807915 0.00552105 6.30528e-05 0.000214911 5.00732e-05 3.81413e-05
0.79655 0.00871641 0.00877564 0.00865717 0.000946364 0.00114841 0.00074432 0.0052587 5.92378e-05 0.000202043 4.70923e-05 3.59085e-05
0.799941 0.00808714 0.00814274 0.00803154 0.000874558 0.00106432 0.000684799 0.00500457 5.55975e-05 0.000189759 4.42434e-05 3.37708e-05
0.803332 0.00749232 0.00754444 0.00744019 0.00080719 0.000985229 0.000629151 0.00475854 5.21265e-05 0.000178039 4.15225e-05 3.17257e-05
0.806722 0.00693074 0.00697956 0.00688192 0.000744052 0.000910918 0.000577185 0.0045205 4.88192e-05 0.000166866 3.8926e-05 2.97707e-05
0.810113 0.00640123 0.0064469 0.00635556 0.000684939 0.000841162 0.000528715 0.00429033 4.56705e-05 0.000156223 3.64503e-05 2.79036e-05
0.813504 0.00590261 0.00594528 0.00585993 0.000629655 0.000775748 0.000483563 0.00406792 4.26751e-05 0.000146093 3.40915e-05 2.61218e-05
0.816895 0.00543372 0.00547355 0.00539389 0.000578009 0.000714467 0.000441552 0.00385314 3.9828e-05 0.000136458 3.18462e-05 2.4423e-05
0.820286 0.0049934 0.00503052 0.00495628 0.00052982 0.000657122 0.000402518 0.00364587 3.71243e-05 0.000127302 2.97109e-05 2.28049e-05
0.823677 0.00458052 0.00461508 0.00454596 0.000484908 0.000603518 0.000366298 0.003446 3.45589e-05 0.00011861 2.7682e-05 2.12652e-05
0.827067 0.00419394 0.00422607 0.00416182 0.000443102 0.000553467 0.000332737 0.00325341 3.21273e-05 0.000110365 2.57561e-05 1.98015e-05
0.830458 0.00383257 0.0038624 0.00380275 0.000404237 0.000506789 0.000301685 0.00306798 2.98245e-05 0.000102552 2.39298e-05 1.84115e-05
0.833849 0.00349529 0.00352294 0.00346765 0.000368154 0.00046331 0.000272999 0.00288957 2.76462e-05 9.51556e-05 2.21999e-05 1.7093e-05
0.83724 0.00318103 0.00320662 0.00315544 0.000334701 0.000422862 0.00024654 0.00271808 2.55876e-05 8.81609e-05 2.05629e-05 1.58438e-05
0.840631 0.00288874 0.00291238 0.00286509 0.00030373 0.000385283 0.000222177 0.00255338 2.36445e-05 8.15533e-05 1.90158e-05 1.46615e-05
0.844022 0.00261735 0.00263917 0.00259554 0.000275098 0.000350417 0.00019978 0.00239533 2.18125e-05 7.53184e-05 1.75553e-05 1.3544e-05
0.847412 0.00236587 0.00238596 0.00234578 0.000248671 0.000318113 0.000179228 0.00224383 2.00873e-05 6.94421e-05 1.61783e-05 1.24892e-05
0.850803 0.00213328 0.00215174 0.00211481 0.000224316 0.000288227 0.000160405 0.00209873 1.84648e-05 6.39107e-05 1.48818e-05 1.14947e-05
0.854194 0.0019186 0.00193554 0.00190166 0.00020191 0.00026062 0.000143199 0.00195992 1.6941e-05 5.87106e-05 1.36626e-05 1.05586e-05
0.857585 0.00172088 0.00173639 0.00170536 0.000181331 0.00023516 0.000127503 0.00182727 1.55117e-05 5.38287e-05 1.25179e-05 9.67865e-06
0.860976 0.00153918 0.00155335 0.00152501 0.000162466 0.000211718 0.000113214 0.00170064 1.41732e-05 4.9252e-05 1.14446e-05 8.8528e-06
0.864367 0.0013726 0.00138552 0.00135968 0.000145204 0.000190172 0.000100236 0.00157991 1.29216e-05 4.49677e-05 1.044e-05 8.07897e-06
0.867757 0.00122025 0.001232 0.0012085 0.00012944 0.000170404 8.84766e-05 0.00146495 1.17532e-05 4.09635e-05 9.50115e-06 7.35513e-06
0.871148 0.00108128 0.00109194 0.00107061 0.000115074 0.000152302 7.78471e-05 0.00135563 1.06643e-05 3.72273e-05 8.62532e-06 6.67927e-06
0.874539 0.000954842 0.000964493 0.000945191 0.000102011 0.000135758 6.8264e-05 0.00125181 9.65127e-06 3.37471e-05 7.80979e-06 6.0494e-06
0.87793 0.000840144 0.000848854 0.000831433 9.01594e-05 0.000120671 5.96479e-05 0.00115337 8.71071e-06 3.05115e-05 7.05187e-06 5.46356e-06
0.881321 0.000736402 0.000744241 0.000728563 7.94326e-05 0.000106942 5.19237e-05 0.00106016 7.83916e-06 2.75089e-05 6.34895e-06 4.91983e-06
0.884712 0.000642866 0.0006499 0.000635833 6.97486e-05 9.4477e-05 4.50201e-05 0.000972057 7.03329e-06 2.47284e-05 5.69845e-06 4.41629e-06
0.888102 0.000558814 0.000565103 0.000552524 6.10292e-05 8.31884e-05 3.887e-05 0.000888923 6.28983e-06 2.21592e-05 5.09784e-06 3.95109e-06
0.891493 0.000483549 0.000489155 0.000477944 5.32005e-05 7.29911e-05 3.34099e-05 0.000810622 5.6056e-06 1.97906e-05 4.54467e-06 3.52239e-06
0.894884 0.000416406 0.000421384 0.000411429 4.61923e-05 6.38046e-05 2.858e-05 0.000737016 4.97749e-06 1.76123e-05 4.0365e-06 3.12836e-06
0.898275 0.000356746 0.000361149 0.000352344 3.99386e-05 5.5553e-05 2.43242e-05 0.000667968 4.40248e-06 1.56144e-05 3.57099e-06 2.76726e-06
0.901666 0.000303961 0.000307838 0.000300083 3.43768e-05 4.81638e-05 2.05899e-05 0.000603339 3.87762e-06 1.3787e-05 3.1458e-06 2.43731e-06
0.905057 0.00025747 0.00026087 0.00025407 2.94482e-05 4.15687e-05 1.73276e-05 0.000542989 3.40003e-06 1.21205e-05 2.7587e-06 2.13683e-06
0.908447 0.000216721 0.000219688 0.000213754 2.50972e-05 3.57029e-05 1.44914e-05 0.000486779 2.9669e-06 1.06057e-05 2.40745e-06 1.86414e-06
0.911838 0.000181192 0.000183767 0.000178616 2.12718e-05 3.05054e-05 1.20382e-05 0.000434567 2.57554e-06 9.2336e-06 2.08993e-06 1.61759e-06
0.915229 0.000150387 0.000152611 0.000148164 1.79232e-05 2.59185e-05 9.92794e-06 0.000386213 2.22327e-06 7.9953e-06 1.80402e-06 1.39558e-06
0.91862 0.000123842 0.000125749 0.000121934 1.5006e-05 2.18883e-05 8.12366e-06 0.000341572 1.90755e-06 6.8823e-06 1.54769e-06 1.19656e-06
0.922011 0.000101116 0.000102742 9.94904e-05 1.24773e-05 1.83636e-05 6.591e-06 0.000300503 1.62588e-06 5.88632e-06 1.31894e-06 1.01898e-06
0.925402 8.18011e-05 8.31769e-05 8.04253e-05 1.02976e-05 1.52969e-05 5.2983e-06 0.00026286 1.37584e-06 4.9993e-06 1.11585e-06 8.61376e-07
0.928792 6.5513e-05 6.66681e-05 6.43579e-05 8.42994e-06 1.26434e-05 4.21647e-06 0.000228501 1.1551e-06 4.21346e-06 9.36538e-07 7.22284e-07
0.932183 5.18957e-05 5.28571e-05 5.09343e-05 6.84011e-06 1.03614e-05 3.31885e-06 0.000197279 9.61395e-07 3.52126e-06 7.79191e-07 6.003e-07
0.935574 4.06196e-05 4.14122e-05 3.98271e-05 5.49652e-06 8.41192e-06 2.58112e-06 0.00016905 7.92545e-07 2.9154e-06 6.42048e-07 4.9406e-07
0.938965 3.13808e-05 3.20272e-05 3.07343e-05 4.37002e-06 6.75886e-06 1.98119e-06 0.000143665 6.46445e-07 2.38883e-06 5.23411e-07 4.0224e-07
0.942356 2.39005e-05 2.44215e-05 2.33794e-05 3.43383e-06 5.3686e-06 1.49906e-06 0.00012098 5.2107e-07 1.93477e-06 4.21639e-07 3.23563e-07
0.945747 1.79248e-05 1.83392e-05 1.75103e-05 2.66343e-06 4.21011e-06 1.11676e-06 0.000100846 4.14473e-07 1.54667e-06 3.35154e-07 2.56794e-07
0.949137 1.32235e-05 1.35483e-05 1.28987e-05 2.03649e-06 3.25474e-06 8.1824e-07 8.31161e-05 3.24787e-07 1.21825e-06 2.62438e-07 2.00748e-07
0.952528 9.58965e-06 9.83987e-06 9.33942e-06 1.5327e-06 2.47617e-06 5.89227e-07 6.7642e-05 2.50228e-07 9.43472e-07 2.02039e-07 1.54286e-07
0.955919 6.83845e-06 7.02754e-06 6.64936e-06 1.13373e-06 1.8503e-06 4.1716e-07 5.42759e-05 1.89091e-07 7.16568e-07 1.52567e-07 1.16317e-07
0.95931 4.80677e-06 4.94652e-06 4.66701e-06 8.23108e-07 1.35513e-06 2.91081e-07 4.28699e-05 1.39756e-07 5.32027e-07 1.12698e-07 8.5803e-08
0.962701 3.35213e-06 3.45281e-06 3.25144e-06 5.86138e-07 9.70741e-07 2.01535e-07 3.32766e-05 1.00686e-07 3.84603e-07 8.1178e-08 6.17567e-08
0.966092 2.35193e-06 2.42236e-06 2.2815e-06 4.09808e-07 6.79129e-07 1.40487e-07 2.53498e-05 7.04328e-08 2.69321e-07 5.68191e-08 4.32452e-08
0.969482 1.70284e-06 1.75047e-06 1.6552e-06 2.82722e-07 4.64203e-07 1.0124e-07 1.89453e-05 4.76328e-08 1.81481e-07 3.85058e-08 2.93915e-08
0.972873 1.32032e-06 1.35133e-06 1.28931e-06 1.95045e-07 3.11713e-07 7.83773e-08 1.39231e-05 3.1014e-08 1.16668e-07 2.51956e-08 1.93762e-08
0.976264 1.13909e-06 1.15849e-06 1.11969e-06 1.3851e-07 2.09264e-07 6.77558e-08 1.01517e-05 1.93966e-08 7.0754e-08 1.59211e-08 1.24397e-08
0.979655 1.11557e-06 1.12727e-06 1.10388e-06 1.06548e-07 1.46465e-07 6.66303e-08 7.51752e-06 1.16951e-08 3.99175e-08 9.79241e-09 7.88351e-09
0.983046 1.23737e-06 1.24429e-06 1.23045e-06 9.48481e-08 1.15498e-07 7.41981e-08 5.95256e-06 6.91969e-09 2.065e-08 5.99755e-09 5.07094e-09
0.986437 1.56311e-06 1.56728e-06 1.55894e-06 1.03759e-07 1.13533e-07 9.39845e-08 5.53168e-06 4.17201e-09 9.77405e-09 3.79723e-09 3.42002e-09
0.989827 2.52838e-06 2.53099e-06 2.52578e-06 1.56723e-07 1.61176e-07 1.52269e-07 7.03184e-06 2.60359e-09 4.45366e-09 2.48033e-09 2.35606e-09
0.993218 1.12224e-05 1.12227e-05 1.1222e-05 6.79446e-07 6.82361e-07 6.76531e-07 4.00391e-05 3.43201e-10 2.91483e-09 1.72422e-10 0
4.01075e-314 inf inf inf inf inf inf 0.000501574 17.0417 0.661518 0.411449 0.187851
