9.72476e-05 5.32982 5.78398 4.87566 2.45715 2.67288 2.24142 2.52782 0.454158 0.215728 0.0192774 0.0112878
0.0001 5.30308 5.7565 4.84965 2.44493 2.66054 2.22933 2.51485 0.453423 0.215606 0.0193195 0.0112412
0.00010283 5.27713 5.72981 4.82444 2.43308 2.64856 2.21759 2.50193 0.452688 0.215484 0.0193627 0.0111948
0.000105741 5.26116 5.71312 4.80921 2.42589 2.64126 2.21053 2.48905 0.451953 0.215363 0.019407 0.0111486
0.000108734 5.23385 5.68507 4.78263 2.41341 2.62865 2.19816 2.47621 0.45122 0.215241 0.0194525 0.0111025
0.000111811 5.20665 5.65714 4.75617 2.40097 2.61609 2.18585 2.46342 0.450487 0.21512 0.0194992 0.0110566
0.000114976 5.17957 5.62932 4.72981 2.38859 2.60359 2.17359 2.45068 0.449755 0.214998 0.0195471 0.0110109
0.00011823 5.15261 5.60163 4.70358 2.37627 2.59115 2.16139 2.43798 0.449023 0.214877 0.0195961 0.0109654
0.000121576 5.12576 5.57405 4.67747 2.364 2.57875 2.14924 2.42532 0.448292 0.214756 0.0196464 0.0109201
0.000125017 5.09904 5.5466 4.65148 2.35179 2.56642 2.13715 2.41271 0.447561 0.214635 0.0196978 0.0108749
0.000128556 5.07243 5.51926 4.6256 2.33963 2.55414 2.12511 2.40014 0.446831 0.214514 0.0197505 0.0108299
0.000132194 5.04593 5.49204 4.59983 2.32752 2.54191 2.11313 2.38762 0.446101 0.214393 0.0198044 0.0107851
0.000135936 5.01955 5.46493 4.57418 2.31547 2.52974 2.1012 2.37514 0.445372 0.214272 0.0198596 0.0107404
0.000139783 4.99329 5.43793 4.54864 2.30348 2.51763 2.08933 2.36271 0.444643 0.214151 0.0199159 0.0106959
0.000143739 4.96714 5.41105 4.52322 2.29153 2.50556 2.0775 2.35032 0.443915 0.21403 0.0199736 0.0106516
0.000147808 4.9411 5.38429 4.49791 2.27964 2.49355 2.06573 2.33798 0.443187 0.213909 0.0200325 0.0106075
0.000151991 4.91518 5.35764 4.47272 2.26781 2.48159 2.05402 2.32567 0.44246 0.213789 0.0200927 0.0105635
0.000156293 4.88937 5.33111 4.44764 2.25603 2.46969 2.04236 2.31342 0.441733 0.213668 0.0201542 0.0105198
0.000160717 4.86368 5.30469 4.42267 2.24429 2.45784 2.03075 2.3012 0.441006 0.213547 0.020217 0.0104762
0.000165265 4.8381 5.27838 4.39782 2.23262 2.44604 2.01919 2.28903 0.44028 0.213427 0.0202811 0.0104327
0.000169943 4.81263 5.25218 4.37307 2.22099 2.4343 2.00769 2.2769 0.439554 0.213306 0.0203465 0.0103895
0.000174753 4.78727 5.2261 4.34844 2.20943 2.42261 1.99624 2.26482 0.438828 0.213186 0.0204133 0.0103464
0.000179699 4.76202 5.20013 4.32392 2.1979 2.41097 1.98484 2.25278 0.438103 0.213065 0.0204814 0.0103034
0.000184785 4.73689 5.17426 4.29951 2.18644 2.39938 1.97349 2.24078 0.437377 0.212945 0.0205509 0.0102607
0.000190015 4.71186 5.14851 4.27521 2.17502 2.38785 1.9622 2.22883 0.436653 0.212824 0.0206217 0.0102181
0.000195393 4.68695 5.12288 4.25102 2.16366 2.37636 1.95095 2.21692 0.435928 0.212704 0.0206939 0.0101757
0.000200923 4.66214 5.09735 4.22694 2.15235 2.36493 1.93977 2.20505 0.435203 0.212583 0.0207675 0.0101335
0.00020661 4.63744 5.07192 4.20296 2.14109 2.35355 1.92862 2.19322 0.434479 0.212463 0.0208425 0.0100915
0.000212458 4.61286 5.04661 4.1791 2.12988 2.34222 1.91753 2.18144 0.433755 0.212342 0.0209189 0.0100496
0.000218471 4.58838 5.02141 4.15535 2.11872 2.33094 1.90649 2.1697 0.433031 0.212222 0.0209968 0.0100079
0.000224655 4.56401 4.99631 4.1317 2.10761 2.31971 1.89551 2.158 0.432307 0.212101 0.021076 0.00996637
0.000231013 4.53974 4.97133 4.10816 2.09655 2.30853 1.88457 2.14634 0.431583 0.211981 0.0211567 0.009925
0.000237551 4.51559 4.94645 4.08473 2.08555 2.29741 1.87369 2.13473 0.430859 0.21186 0.0212389 0.00988382
0.000244275 4.49154 4.92167 4.0614 2.07459 2.28633 1.86285 2.12316 0.430135 0.21174 0.0213226 0.00984279
0.000251189 4.4676 4.89701 4.03818 2.06368 2.2753 1.85206 2.11163 0.429411 0.211619 0.0214077 0.00980195
0.000258298 4.44376 4.87245 4.01508 2.05283 2.26433 1.84133 2.10014 0.428687 0.211499 0.0214943 0.00976128
0.000265609 4.42003 4.84799 3.99207 2.04202 2.2534 1.83064 2.0887 0.427962 0.211378 0.0215825 0.00972078
0.000273126 4.3964 4.82364 3.96916 2.03126 2.24252 1.82001 2.07729 0.427238 0.211257 0.0216721 0.00968044
0.000280857 4.37289 4.7994 3.94637 2.02056 2.2317 1.80942 2.06593 0.426514 0.211136 0.0217633 0.00964029
0.000288806 4.34947 4.77526 3.92368 2.0099 2.22091 1.79888 2.05461 0.425789 0.211015 0.021856 0.00960031
0.00029698 4.32616 4.75122 3.90109 1.99929 2.21018 1.78839 2.04333 0.425064 0.210894 0.0219503 0.00956048
0.000305386 4.30295 4.72729 3.87861 1.98873 2.1995 1.77796 2.03209 0.424339 0.210773 0.0220461 0.00952085
0.000314029 4.27984 4.70346 3.85623 1.97822 2.18887 1.76757 2.0209 0.423613 0.210652 0.0221435 0.00948136
0.000322917 4.25684 4.67973 3.83395 1.96776 2.17829 1.75722 2.00974 0.422887 0.210531 0.0222425 0.00944205
0.000332057 4.23394 4.6561 3.81177 1.95734 2.16775 1.74693 1.99863 0.422161 0.210409 0.0223431 0.00940292
0.000341455 4.21114 4.63258 3.78971 1.94697 2.15726 1.73668 1.98756 0.421434 0.210288 0.0224454 0.00936396
0.000351119 4.18844 4.60915 3.76774 1.93665 2.14682 1.72648 1.97653 0.420707 0.210166 0.0225492 0.00932516
0.000361057 4.16585 4.58583 3.74587 1.92638 2.13642 1.71634 1.96553 0.41998 0.210044 0.0226547 0.00928653
0.000371276 4.14336 4.56261 3.72411 1.91616 2.12608 1.70624 1.95458 0.419252 0.209922 0.0227618 0.00924809
0.000381784 4.12096 4.53949 3.70244 1.90598 2.11578 1.69618 1.94368 0.418523 0.2098 0.0228705 0.0092098
0.00039259 4.09867 4.51646 3.68088 1.89585 2.10553 1.68617 1.93281 0.417793 0.209678 0.022981 0.00917168
0.000403702 4.07648 4.49354 3.65942 1.88577 2.09533 1.67621 1.92198 0.417063 0.209556 0.0230931 0.00913373
0.000415128 4.05438 4.47071 3.63805 1.87574 2.08517 1.6663 1.91119 0.416333 0.209433 0.0232069 0.00909595
0.000426877 4.03239 4.44799 3.61679 1.86575 2.07506 1.65644 1.90045 0.415601 0.20931 0.0233224 0.00905834
0.000438959 4.01049 4.42536 3.59562 1.85581 2.065 1.64662 1.88974 0.414869 0.209187 0.0234397 0.0090209
0.000451383 3.98869 4.40283 3.57456 1.84591 2.05497 1.63685 1.87907 0.414135 0.209064 0.0235586 0.00898362
0.000464159 3.96699 4.38039 3.55359 1.83607 2.04501 1.62713 1.86845 0.413401 0.20894 0.0236793 0.00894652
0.000477296 3.94539 4.35806 3.53273 1.82626 2.03508 1.61745 1.85786 0.412666 0.208817 0.0238018 0.00890959
0.000490805 3.92388 4.33581 3.51195 1.81651 2.0252 1.60781 1.84732 0.41193 0.208693 0.023926 0.00887281
0.000504697 3.90248 4.31367 3.49128 1.8068 2.01536 1.59823 1.83681 0.411193 0.208568 0.024052 0.00883622
0.000518981 3.88116 4.29161 3.4707 1.79713 2.00557 1.58869 1.82634 0.410454 0.208444 0.0241798 0.00879978
0.00053367 3.85994 4.26966 3.45023 1.78751 1.99583 1.57919 1.81592 0.409715 0.208319 0.0243093 0.00876351
0.000548775 3.83882 4.24779 3.42984 1.77793 1.98613 1.56974 1.80553 0.408974 0.208194 0.0244407 0.0087274
0.000564307 3.81779 4.22602 3.40956 1.76841 1.97648 1.56034 1.79519 0.408232 0.208069 0.0245739 0.00869148
0.000580278 3.79686 4.20435 3.38937 1.75892 1.96687 1.55098 1.78488 0.407489 0.207943 0.0247089 0.0086557
0.000596702 3.77602 4.18276 3.36928 1.74948 1.9573 1.54167 1.77461 0.406744 0.207817 0.0248458 0.0086201
0.000613591 3.75528 4.16128 3.34928 1.74009 1.94778 1.5324 1.76438 0.405997 0.20769 0.0249845 0.00858466
0.000630957 3.73463 4.13988 3.32938 1.73074 1.9383 1.52318 1.7542 0.405249 0.207564 0.025125 0.00854939
0.000648815 3.71407 4.11857 3.30957 1.72144 1.92887 1.514 1.74405 0.4045 0.207436 0.0252674 0.00851429
0.000667179 3.6936 4.09735 3.28986 1.71217 1.91948 1.50486 1.73394 0.403749 0.207309 0.0254117 0.00847934
0.000686062 3.67324 4.07623 3.27024 1.70295 1.91014 1.49577 1.72387 0.402996 0.207181 0.0255579 0.00844456
0.00070548 3.65296 4.0552 3.25071 1.69379 1.90084 1.48673 1.71384 0.402241 0.207052 0.025706 0.00840994
0.000725448 3.63277 4.03425 3.23128 1.68465 1.89158 1.47773 1.70384 0.401484 0.206923 0.025856 0.0083755
0.00074598 3.61267 4.0134 3.21194 1.67557 1.88236 1.46877 1.69389 0.400725 0.206794 0.0260079 0.0083412
0.000767094 3.59267 3.99263 3.1927 1.66653 1.87319 1.45987 1.68398 0.399965 0.206664 0.0261617 0.00830708
0.000788805 3.57275 3.97195 3.17355 1.65753 1.86406 1.451 1.6741 0.399202 0.206534 0.0263175 0.00827312
0.000811131 3.55293 3.95136 3.15449 1.64857 1.85498 1.44217 1.66427 0.398437 0.206403 0.0264751 0.00823931
0.000834088 3.53319 3.93086 3.13552 1.63966 1.84593 1.43338 1.65447 0.397669 0.206272 0.0266348 0.00820568
0.000857696 3.51354 3.91044 3.11665 1.63079 1.83693 1.42465 1.64471 0.3969 0.20614 0.0267964 0.0081722
0.000881971 3.49398 3.89011 3.09786 1.62196 1.82797 1.41595 1.63499 0.396127 0.206007 0.0269599 0.00813888
0.000906934 3.47452 3.86987 3.07917 1.61317 1.81905 1.4073 1.62531 0.395353 0.205874 0.0271254 0.00810572
0.000932603 3.45514 3.84971 3.06056 1.60443 1.81017 1.39869 1.61567 0.394575 0.20574 0.0272929 0.00807273
0.000958999 3.43584 3.82964 3.04205 1.59573 1.80134 1.39012 1.60607 0.393795 0.205606 0.0274624 0.00803988
0.000986142 3.41664 3.80965 3.02363 1.58707 1.79254 1.3816 1.5965 0.393012 0.205471 0.0276338 0.00800721
0.00101405 3.39752 3.78975 3.0053 1.57846 1.78379 1.37312 1.58697 0.392226 0.205335 0.0278072 0.00797469
0.00104275 3.37849 3.76993 2.98706 1.56988 1.77508 1.36469 1.57749 0.391437 0.205199 0.0279827 0.00794232
0.00107227 3.35955 3.75019 2.9689 1.56135 1.76641 1.35629 1.56804 0.390645 0.205061 0.0281601 0.00791012
0.00110262 3.34069 3.73054 2.95083 1.55286 1.75778 1.34793 1.55862 0.38985 0.204924 0.0283395 0.00787807
0.00113382 3.32191 3.71096 2.93286 1.54441 1.74919 1.33962 1.54925 0.389052 0.204785 0.0285209 0.00784617
0.00116591 3.30323 3.69148 2.91498 1.536 1.74064 1.33135 1.53992 0.38825 0.204645 0.0287043 0.00781443
0.00119891 3.28462 3.67207 2.89718 1.52763 1.73213 1.32313 1.53062 0.387444 0.204505 0.0288898 0.00778285
0.00123285 3.2661 3.65274 2.87947 1.5193 1.72367 1.31494 1.52136 0.386635 0.204364 0.0290772 0.00775141
0.00126774 3.24767 3.63349 2.86185 1.51102 1.71524 1.30679 1.51214 0.385822 0.204222 0.0292666 0.00772014
0.00130362 3.22932 3.61433 2.84432 1.50277 1.70685 1.29869 1.50296 0.385005 0.204079 0.0294581 0.00768902
0.00134052 3.21105 3.59524 2.82687 1.49457 1.6985 1.29063 1.49382 0.384184 0.203935 0.0296515 0.00765804
0.00137846 3.19287 3.57623 2.80951 1.4864 1.69019 1.28261 1.48471 0.383359 0.20379 0.029847 0.00762722
0.00141747 3.17476 3.55729 2.79223 1.47828 1.68192 1.27463 1.47564 0.38253 0.203644 0.0300445 0.00759655
0.00145759 3.15674 3.53844 2.77505 1.47019 1.67369 1.26669 1.46661 0.381697 0.203497 0.0302439 0.00756603
0.00149885 3.13881 3.51967 2.75795 1.46215 1.6655 1.2588 1.45762 0.380859 0.203349 0.0304454 0.00753565
0.00154127 3.12095 3.50097 2.74094 1.45414 1.65734 1.25094 1.44867 0.380016 0.203199 0.0306488 0.00750543
0.00158489 3.10317 3.48234 2.724 1.44618 1.64923 1.24313 1.43975 0.379168 0.203049 0.0308543 0.00747534
0.00162975 3.08548 3.4638 2.70716 1.43825 1.64115 1.23535 1.43087 0.378316 0.202898 0.0310617 0.00744542
0.00167588 3.06787 3.44533 2.69041 1.43036 1.63311 1.22762 1.42203 0.377459 0.202745 0.0312711 0.00741563
0.00172331 3.05033 3.42693 2.67374 1.42252 1.62511 1.21993 1.41323 0.376596 0.202591 0.0314824 0.00738598
0.00177209 3.03288 3.40861 2.65715 1.41471 1.61714 1.21227 1.40447 0.375728 0.202436 0.0316957 0.00735649
0.00182224 3.0155 3.39036 2.64065 1.40694 1.60922 1.20466 1.39574 0.374855 0.202279 0.0319109 0.00732713
0.00187382 2.9982 3.37218 2.62423 1.39921 1.60133 1.19709 1.38705 0.373975 0.202121 0.0321281 0.00729791
0.00192685 2.98098 3.35407 2.60789 1.39152 1.59348 1.18956 1.3784 0.373091 0.201962 0.0323471 0.00726883
0.00198139 2.96384 3.33604 2.59164 1.38386 1.58567 1.18206 1.36979 0.3722 0.201801 0.0325681 0.00723989
0.00203747 2.94678 3.31808 2.57548 1.37625 1.57789 1.17461 1.36121 0.371303 0.201639 0.0327909 0.00721109
0.00209514 2.92979 3.30019 2.55939 1.36867 1.57015 1.1672 1.35267 0.370399 0.201475 0.0330157 0.00718243
0.00215443 2.91288 3.28237 2.54339 1.36113 1.56244 1.15982 1.34417 0.36949 0.20131 0.0332422 0.0071539
0.00221541 2.89605 3.26462 2.52747 1.35363 1.55478 1.15249 1.33571 0.368573 0.201143 0.0334706 0.0071255
0.00227812 2.87929 3.24694 2.51164 1.34617 1.54714 1.1452 1.32729 0.36765 0.200975 0.0337008 0.00709724
0.00234259 2.86261 3.22933 2.49589 1.33875 1.53955 1.13794 1.3189 0.36672 0.200804 0.0339328 0.00706911
0.0024089 2.846 3.21179 2.48022 1.33136 1.53199 1.13073 1.31055 0.365782 0.200632 0.0341665 0.00704111
0.00247708 2.82947 3.19431 2.46464 1.32401 1.52447 1.12355 1.30224 0.364838 0.200458 0.034402 0.00701324
0.00254719 2.81301 3.1769 2.44913 1.3167 1.51698 1.11641 1.29397 0.363885 0.200282 0.0346392 0.00698549
0.00261928 2.79663 3.15955 2.4337 1.30942 1.50953 1.10932 1.28573 0.362925 0.200105 0.034878 0.00695787
0.00269341 2.78032 3.14228 2.41836 1.30218 1.50211 1.10226 1.27753 0.361957 0.199925 0.0351185 0.00693038
0.00276965 2.76408 3.12506 2.4031 1.29498 1.49472 1.09524 1.26937 0.360981 0.199743 0.0353606 0.006903
0.00284804 2.74792 3.10792 2.38793 1.28782 1.48738 1.08826 1.26125 0.359997 0.19956 0.0356043 0.00687575
0.00292864 2.73183 3.09084 2.37283 1.28069 1.48006 1.08131 1.25316 0.359003 0.199374 0.0358495 0.00684862
0.00301153 2.71581 3.07382 2.35781 1.2736 1.47278 1.07441 1.24511 0.358002 0.199185 0.0360962 0.0068216
0.00309677 2.69987 3.05686 2.34288 1.26654 1.46554 1.06755 1.2371 0.356991 0.198995 0.0363444 0.0067947
0.00318442 2.68399 3.03996 2.32802 1.25952 1.45833 1.06072 1.22913 0.35597 0.198802 0.036594 0.00676792
0.00327455 2.66819 3.02313 2.31325 1.25254 1.45115 1.05393 1.2212 0.354941 0.198607 0.0368449 0.00674125
0.00336723 2.65245 3.00635 2.29855 1.2456 1.444 1.04719 1.2133 0.353902 0.198409 0.0370972 0.00671469
0.00346253 2.63679 2.98964 2.28393 1.23868 1.43689 1.04048 1.20544 0.352852 0.198209 0.0373507 0.00668823
0.00356053 2.62119 2.97299 2.2694 1.23181 1.42982 1.0338 1.19762 0.351793 0.198007 0.0376054 0.00666188
0.00366131 2.60567 2.95639 2.25494 1.22497 1.42277 1.02717 1.18983 0.350723 0.197801 0.0378613 0.00663564
0.00376494 2.59021 2.93985 2.24057 1.21817 1.41576 1.02057 1.18209 0.349643 0.197593 0.0381183 0.0066095
0.0038715 2.57482 2.92337 2.22627 1.2114 1.40878 1.01402 1.17438 0.348552 0.197382 0.0383764 0.00658345
0.00398107 2.5595 2.90695 2.21205 1.20467 1.40183 1.0075 1.16671 0.34745 0.197168 0.0386354 0.00655751
0.00409375 2.54425 2.89058 2.19791 1.19797 1.39492 1.00102 1.15907 0.346336 0.196951 0.0388953 0.00653167
0.00420962 2.52906 2.87427 2.18385 1.1913 1.38804 0.994573 1.15148 0.34521 0.196731 0.039156 0.00650591
0.00432876 2.51395 2.85802 2.16987 1.18468 1.38119 0.988169 1.14392 0.344073 0.196508 0.0394175 0.00648025
0.00445128 2.4989 2.84182 2.15597 1.17808 1.37437 0.981801 1.1364 0.342924 0.196282 0.0396797 0.00645468
0.00457727 2.48391 2.82567 2.14214 1.17152 1.36758 0.975472 1.12892 0.341762 0.196052 0.0399425 0.00642919
0.00470682 2.46899 2.80958 2.1284 1.165 1.36082 0.969181 1.12147 0.340587 0.195819 0.0402058 0.00640378
0.00484003 2.45413 2.79353 2.11474 1.15851 1.35409 0.962927 1.11407 0.339399 0.195583 0.0404696 0.00637846
0.00497702 2.43935 2.77754 2.10115 1.15205 1.3474 0.956711 1.1067 0.338198 0.195343 0.0407337 0.00635321
0.00511789 2.42462 2.7616 2.08764 1.14563 1.34073 0.950534 1.09937 0.336984 0.195099 0.040998 0.00632804
0.00526274 2.40996 2.74571 2.0742 1.13925 1.3341 0.944394 1.09207 0.335755 0.194852 0.0412626 0.00630295
0.0054117 2.39536 2.72987 2.06085 1.13289 1.32749 0.938292 1.08482 0.334512 0.1946 0.0415271 0.00627792
0.00556486 2.38083 2.71408 2.04757 1.12657 1.32092 0.932227 1.0776 0.333255 0.194345 0.0417916 0.00625297
0.00572237 2.36635 2.69834 2.03437 1.12028 1.31437 0.926199 1.07042 0.331983 0.194085 0.042056 0.00622807
0.00588433 2.35194 2.68264 2.02125 1.11403 1.30785 0.92021 1.06328 0.330696 0.193822 0.04232 0.00620324
0.00605088 2.3376 2.667 2.00821 1.10781 1.30137 0.914258 1.05617 0.329394 0.193554 0.0425837 0.00617846
0.00622213 2.32331 2.65139 1.99524 1.10162 1.29491 0.908343 1.0491 0.328076 0.193281 0.0428469 0.00615374
0.00639824 2.30909 2.63583 1.98235 1.09547 1.28848 0.902467 1.04208 0.326742 0.193005 0.0431094 0.00612907
0.00657933 2.29493 2.62032 1.96954 1.08935 1.28207 0.896628 1.03508 0.325392 0.192723 0.0433712 0.00610445
0.00676555 2.28082 2.60485 1.9568 1.08326 1.2757 0.890826 1.02813 0.324025 0.192437 0.0436321 0.00607988
0.00695704 2.26678 2.58942 1.94414 1.07721 1.26935 0.885062 1.02122 0.322641 0.192146 0.0438919 0.00605535
0.00715394 2.2528 2.57404 1.93156 1.07118 1.26303 0.879335 1.01434 0.321239 0.19185 0.0441505 0.00603086
0.00735642 2.23888 2.5587 1.91906 1.06519 1.25674 0.873646 1.0075 0.31982 0.191548 0.0444078 0.00600639
0.00756463 2.22502 2.5434 1.90663 1.05924 1.25048 0.867994 1.0007 0.318384 0.191242 0.0446637 0.00598197
0.00777874 2.21121 2.52814 1.89428 1.05331 1.24424 0.86238 0.993933 0.316929 0.19093 0.0449178 0.00595757
0.0079989 2.19746 2.51291 1.882 1.04742 1.23803 0.856803 0.987206 0.315455 0.190612 0.0451702 0.00593319
0.0082253 2.18377 2.49773 1.86981 1.04155 1.23184 0.851264 0.980518 0.313962 0.190289 0.0454206 0.00590883
0.0084581 2.17014 2.48259 1.85769 1.03572 1.22568 0.845762 0.973867 0.312451 0.18996 0.0456688 0.00588449
0.00869749 2.15657 2.46748 1.84565 1.02992 1.21955 0.840298 0.967254 0.310919 0.189625 0.0459147 0.00586017
0.00894366 2.14304 2.45241 1.83367 1.02416 1.21344 0.834871 0.960679 0.309368 0.189284 0.0461581 0.00583585
0.00919679 2.12958 2.43738 1.82179 1.01842 1.20736 0.829482 0.954141 0.307796 0.188937 0.0463988 0.00581153
0.00945709 2.11617 2.42238 1.80997 1.01271 1.2013 0.824129 0.947642 0.306204 0.188584 0.0466366 0.00578722
0.00972476 2.10282 2.40742 1.79823 1.00704 1.19526 0.818815 0.941179 0.304591 0.188223 0.0468714 0.0057629
0.01 2.08953 2.39249 1.78658 1.00139 1.18925 0.813538 0.934755 0.302957 0.187856 0.0471028 0.00573857
0.010283 2.07629 2.3776 1.77499 0.99578 1.18326 0.808298 0.928368 0.301301 0.187482 0.0473307 0.00571422
0.0105741 2.06311 2.36273 1.76348 0.990197 1.1773 0.803096 0.922018 0.299624 0.187102 0.0475549 0.00568987
0.0108734 2.04998 2.3479 1.75205 0.984644 1.17136 0.797931 0.915706 0.297924 0.186713 0.0477752 0.00566549
0.0111811 2.0369 2.3331 1.7407 0.979122 1.16544 0.792804 0.909431 0.296201 0.186318 0.0479913 0.00564108
0.0114976 2.02388 2.31834 1.72942 0.973629 1.15954 0.787715 0.903193 0.294456 0.185915 0.048203 0.00561664
0.011823 2.01092 2.3036 1.71823 0.968166 1.15367 0.782663 0.896993 0.292688 0.185504 0.04841 0.00559217
0.0121576 1.998 2.2889 1.7071 0.962732 1.14782 0.777648 0.89083 0.290896 0.185085 0.0486122 0.00556765
0.0125017 1.98513 2.27422 1.69605 0.957329 1.14199 0.772671 0.884704 0.289081 0.184658 0.0488093 0.00554309
0.0128556 1.97232 2.25957 1.68508 0.951954 1.13618 0.767731 0.878616 0.287241 0.184223 0.049001 0.00551848
0.0132194 1.95957 2.24495 1.67419 0.946608 1.13039 0.762829 0.872564 0.285377 0.183779 0.049187 0.00549381
0.0135936 1.94686 2.23035 1.66337 0.941291 1.12462 0.757965 0.866549 0.283489 0.183326 0.0493672 0.00546909
0.0139783 1.93421 2.21579 1.65264 0.936003 1.11887 0.753138 0.86057 0.281576 0.182865 0.0495412 0.00544429
0.0143739 1.92161 2.20125 1.64198 0.930743 1.11314 0.748349 0.854628 0.279637 0.182394 0.0497088 0.00541943
0.0147808 1.90906 2.18674 1.63139 0.925511 1.10743 0.743597 0.848723 0.277674 0.181914 0.0498697 0.00539449
0.0151991 1.89657 2.17225 1.62088 0.920308 1.10173 0.738883 0.842854 0.275684 0.181425 0.0500237 0.00536947
0.0156293 1.88412 2.15779 1.61045 0.915132 1.09606 0.734206 0.837021 0.273669 0.180925 0.0501703 0.00534437
0.0160717 1.87172 2.14335 1.60009 0.909983 1.0904 0.729567 0.831224 0.271628 0.180416 0.0503094 0.00531917
0.0165265 1.85938 2.12894 1.58982 0.904862 1.08476 0.724966 0.825463 0.26956 0.179896 0.0504407 0.00529387
0.0169943 1.84709 2.11455 1.57962 0.899768 1.07913 0.720402 0.819737 0.267467 0.179366 0.0505638 0.00526847
0.0174753 1.83485 2.10019 1.5695 0.894701 1.07353 0.715875 0.814048 0.265346 0.178826 0.0506785 0.00524296
0.0179699 1.82265 2.08585 1.55946 0.889661 1.06793 0.711386 0.808393 0.263199 0.178274 0.0507845 0.00521734
0.0184785 1.81051 2.07154 1.54949 0.884647 1.06236 0.706936 0.802773 0.261024 0.177711 0.0508814 0.0051916
0.0190015 1.79842 2.05724 1.5396 0.879659 1.0568 0.702521 0.797188 0.258823 0.177137 0.050969 0.00516574
0.0195393 1.78638 2.04298 1.52979 0.874696 1.05125 0.698145 0.791638 0.256595 0.176551 0.051047 0.00513974
0.0200923 1.7744 2.02873 1.52006 0.869759 1.04571 0.693806 0.786122 0.254339 0.175954 0.051115 0.0051136
0.020661 1.76246 2.01452 1.5104 0.864848 1.04019 0.689504 0.78064 0.252056 0.175344 0.0511727 0.00508733
0.0212458 1.75057 2.00032 1.50083 0.859961 1.03468 0.68524 0.775192 0.249746 0.174722 0.0512199 0.0050609
0.0218471 1.73874 1.98614 1.49133 0.855099 1.02919 0.681012 0.769778 0.247408 0.174087 0.0512562 0.00503431
0.0224655 1.72695 1.97199 1.48191 0.850261 1.0237 0.676822 0.764396 0.245043 0.173439 0.0512813 0.00500757
0.0231013 1.71521 1.95786 1.47256 0.845447 1.01822 0.672669 0.759048 0.24265 0.172778 0.0512949 0.00498066
0.0237551 1.70353 1.94376 1.4633 0.840656 1.01276 0.668553 0.753731 0.24023 0.172103 0.0512967 0.00495358
0.0244275 1.6919 1.92968 1.45412 0.835889 1.0073 0.664474 0.748447 0.237783 0.171415 0.0512864 0.00492632
0.0251189 1.68032 1.91563 1.44501 0.831144 1.00186 0.660431 0.743195 0.235309 0.170713 0.0512637 0.00489888
0.0258298 1.66879 1.9016 1.43598 0.826422 0.996418 0.656425 0.737974 0.232808 0.169996 0.0512283 0.00487124
0.0265609 1.65731 1.88759 1.42703 0.821721 0.990986 0.652456 0.732784 0.23028 0.169265 0.0511799 0.00484341
0.0273126 1.64588 1.87361 1.41816 0.817041 0.98556 0.648522 0.727624 0.227725 0.168519 0.0511183 0.00481537
0.0280857 1.63451 1.85966 1.40937 0.812383 0.980141 0.644625 0.722494 0.225144 0.167758 0.051043 0.00478712
0.0288806 1.62319 1.84573 1.40066 0.807745 0.974727 0.640764 0.717393 0.222537 0.166981 0.050954 0.00475866
0.029698 1.61192 1.83183 1.39202 0.803128 0.969317 0.636938 0.712322 0.219904 0.166189 0.0508508 0.00472998
0.0305386 1.60071 1.81796 1.38347 0.798529 0.96391 0.633148 0.707279 0.217246 0.165381 0.0507332 0.00470107
0.0314029 1.58955 1.80411 1.37499 0.79395 0.958507 0.629394 0.702263 0.214562 0.164557 0.0506011 0.00467192
0.0322917 1.57845 1.7903 1.36659 0.789389 0.953104 0.625673 0.697275 0.211854 0.163715 0.0504541 0.00464254
0.0332057 1.56739 1.77652 1.35827 0.784845 0.947703 0.621988 0.692314 0.209122 0.162857 0.050292 0.00461291
0.0341455 1.5564 1.76277 1.35003 0.780318 0.942301 0.618336 0.687378 0.206366 0.161982 0.0501146 0.00458303
0.0351119 1.54546 1.74905 1.34188 0.775808 0.936898 0.614718 0.682468 0.203586 0.16109 0.0499216 0.00455289
0.0361057 1.53458 1.73536 1.33379 0.771314 0.931493 0.611134 0.677582 0.200784 0.16018 0.049713 0.00452249
0.0371276 1.52375 1.72171 1.32579 0.766834 0.926085 0.607583 0.67272 0.19796 0.159251 0.0494885 0.00449181
0.0381784 1.51298 1.70809 1.31786 0.762369 0.920673 0.604064 0.667882 0.195114 0.158305 0.0492479 0.00446086
0.039259 1.50227 1.69452 1.31002 0.757917 0.915256 0.600577 0.663065 0.192248 0.157339 0.0489912 0.00442963
0.0403702 1.49162 1.68098 1.30225 0.753477 0.909832 0.597122 0.65827 0.189362 0.156355 0.0487181 0.00439812
0.0415128 1.48102 1.66748 1.29456 0.749049 0.904401 0.593697 0.653496 0.186457 0.155352 0.0484286 0.00436631
0.0426877 1.47049 1.65402 1.28695 0.744632 0.898961 0.590303 0.648741 0.183533 0.154329 0.0481226 0.0043342
0.0438959 1.46001 1.6406 1.27942 0.740225 0.893511 0.586938 0.644005 0.180592 0.153287 0.0477999 0.00430179
0.0451383 1.44959 1.62723 1.27196 0.735826 0.88805 0.583602 0.639287 0.177635 0.152224 0.0474607 0.00426907
0.0464159 1.43924 1.6139 1.26458 0.731435 0.882576 0.580293 0.634586 0.174662 0.151141 0.0471047 0.00423603
0.0477296 1.42895 1.60062 1.25727 0.72705 0.877088 0.577012 0.629901 0.171674 0.150038 0.0467321 0.00420268
0.0490805 1.41872 1.5874 1.25005 0.722671 0.871585 0.573757 0.62523 0.168673 0.148914 0.0463429 0.004169
0.0504697 1.40856 1.57422 1.2429 0.718295 0.866064 0.570526 0.620573 0.16566 0.147769 0.045937 0.00413499
0.0518981 1.39846 1.56109 1.23582 0.713923 0.860525 0.567321 0.615929 0.162636 0.146602 0.0455146 0.00410065
0.053367 1.38842 1.54802 1.22882 0.709552 0.854966 0.564138 0.611295 0.159602 0.145414 0.0450758 0.00406596
0.0548775 1.37845 1.53501 1.22189 0.705181 0.849386 0.560976 0.606672 0.156559 0.144205 0.0446206 0.00403094
0.0564307 1.36855 1.52205 1.21504 0.700808 0.843781 0.557835 0.602058 0.153508 0.142973 0.0441493 0.00399556
0.0580278 1.3587 1.50915 1.20825 0.696432 0.838151 0.554713 0.597451 0.150452 0.141719 0.043662 0.00395983
0.0596702 1.34893 1.49632 1.20154 0.692051 0.832494 0.551608 0.592851 0.147391 0.140443 0.0431589 0.00392375
0.0613591 1.33922 1.48355 1.1949 0.687664 0.826808 0.548519 0.588255 0.144326 0.139144 0.0426403 0.00388731
0.0630957 1.32959 1.47085 1.18833 0.683268 0.821091 0.545445 0.583663 0.14126 0.137823 0.0421064 0.0038505
0.0648815 1.32002 1.45821 1.18182 0.678862 0.815341 0.542383 0.579072 0.138193 0.136479 0.0415576 0.00381333
0.0667179 1.31051 1.44564 1.17539 0.674444 0.809555 0.539332 0.574482 0.135128 0.135112 0.0409941 0.00377578
0.0686062 1.30108 1.43314 1.16901 0.670011 0.803732 0.53629 0.569891 0.132065 0.133721 0.0404163 0.00373787
0.070548 1.29171 1.42072 1.1627 0.665561 0.797869 0.533254 0.565297 0.129006 0.132308 0.0398247 0.00369958
0.0725448 1.28241 1.40836 1.15645 0.661092 0.791963 0.530222 0.560699 0.125954 0.130871 0.0392196 0.00366091
0.074598 1.27318 1.39609 1.15027 0.656602 0.786013 0.527191 0.556095 0.122909 0.129411 0.0386014 0.00362186
0.0767094 1.26401 1.38389 1.14414 0.652088 0.780015 0.524161 0.551483 0.119873 0.127927 0.0379708 0.00358244
0.0788805 1.25491 1.37176 1.13807 0.647547 0.773967 0.521127 0.546862 0.116848 0.12642 0.0373281 0.00354263
0.0811131 1.24588 1.35972 1.13205 0.642976 0.767865 0.518086 0.542229 0.113835 0.12489 0.0366739 0.00350244
0.0834088 1.23692 1.34775 1.12608 0.638372 0.761708 0.515036 0.537583 0.110837 0.123336 0.0360089 0.00346186
0.0857696 1.22801 1.33587 1.12016 0.633733 0.755491 0.511974 0.532923 0.107855 0.121759 0.0353335 0.00342091
0.0881971 1.21917 1.32406 1.11428 0.629055 0.749213 0.508897 0.528245 0.104891 0.120158 0.0346484 0.00337957
0.0906934 1.2104 1.31234 1.10845 0.624334 0.742869 0.505799 0.523549 0.101947 0.118535 0.0339543 0.00333785
0.0932603 1.20168 1.3007 1.10265 0.619568 0.736456 0.502679 0.518832 0.0990231 0.116888 0.0332517 0.00329575
0.0958999 1.19302 1.28914 1.09689 0.614752 0.729971 0.499532 0.514093 0.0961227 0.115219 0.0325416 0.00325327
0.0986142 1.18441 1.27766 1.09117 0.609882 0.72341 0.496355 0.509328 0.0932469 0.113527 0.0318244 0.00321042
0.101405 1.17586 1.26626 1.08546 0.604955 0.716768 0.493142 0.504538 0.0903976 0.111813 0.031101 0.00316719
0.104275 1.16736 1.25494 1.07978 0.599966 0.710044 0.489889 0.499718 0.0875764 0.110077 0.0303722 0.0031236
0.107227 1.1589 1.24369 1.07412 0.594911 0.70323 0.486591 0.494868 0.084785 0.10832 0.0296387 0.00307964
0.110262 1.15049 1.23252 1.06847 0.589785 0.696325 0.483244 0.489985 0.0820251 0.10654 0.0289012 0.00303533
0.113382 1.14212 1.22142 1.06282 0.584584 0.689324 0.479843 0.485067 0.0792983 0.104741 0.0281607 0.00299066
0.116591 1.13379 1.21039 1.05718 0.579302 0.682222 0.476381 0.480112 0.0766062 0.10292 0.0274178 0.00294564
0.119891 1.12548 1.19943 1.05153 0.573934 0.675014 0.472854 0.475118 0.0739503 0.10108 0.0266735 0.00290028
0.123285 1.1172 1.18853 1.04586 0.568476 0.667696 0.469256 0.470083 0.0713322 0.0992201 0.0259286 0.00285459
0.126774 1.10893 1.17769 1.04018 0.562921 0.660262 0.465579 0.465004 0.0687534 0.0973417 0.0251838 0.00280858
0.130362 1.10068 1.1669 1.03447 0.557264 0.652709 0.461819 0.459881 0.0662152 0.0954451 0.0244401 0.00276225
0.134052 1.09243 1.15615 1.02872 0.551499 0.64503 0.457968 0.454711 0.0637191 0.0935311 0.0236982 0.00271562
0.137846 1.08419 1.14545 1.02292 0.545619 0.637219 0.454018 0.449491 0.0612664 0.0916005 0.022959 0.0026687
0.141747 1.07593 1.13478 1.01707 0.53962 0.629274 0.449966 0.444221 0.0588584 0.0896541 0.0222233 0.0026215
0.145759 1.06765 1.12414 1.01115 0.533493 0.621186 0.4458 0.438898 0.0564962 0.0876926 0.0214919 0.00257404
0.149885 1.05934 1.11352 1.00516 0.527233 0.61295 0.441516 0.43352 0.054181 0.0857172 0.0207657 0.00252632
0.154127 1.05099 1.1029 0.999076 0.520833 0.604561 0.437104 0.428086 0.0519139 0.0837287 0.0200453 0.00247837
0.158489 1.04259 1.09229 0.992893 0.514286 0.596014 0.432558 0.422594 0.0496958 0.0817281 0.0193317 0.0024302
0.162975 1.03413 1.08165 0.986598 0.507585 0.587302 0.427868 0.417043 0.0475277 0.0797167 0.0186256 0.00238183
0.167588 1.02559 1.071 0.980175 0.500723 0.578419 0.423028 0.411431 0.0454105 0.0776955 0.0179277 0.00233327
0.172331 1.01696 1.0603 0.973611 0.493694 0.56936 0.418028 0.405757 0.0433448 0.0756659 0.0172387 0.00228456
0.177209 1.00822 1.04955 0.966888 0.486489 0.560118 0.41286 0.40002 0.0413314 0.073629 0.0165593 0.00223571
0.182224 0.999363 1.03873 0.959992 0.479102 0.550688 0.407516 0.394218 0.0393709 0.0715862 0.0158902 0.00218673
0.187382 0.990368 1.02783 0.952904 0.471526 0.541065 0.401987 0.388352 0.0374637 0.069539 0.0152321 0.00213767
0.192685 0.981217 1.01683 0.945606 0.463754 0.531243 0.396265 0.382419 0.0356104 0.0674888 0.0145855 0.00208854
0.198139 0.97189 1.0057 0.938079 0.455778 0.521215 0.390341 0.376421 0.0338113 0.0654371 0.013951 0.00203936
0.203747 0.962368 0.994435 0.930302 0.447594 0.510979 0.384208 0.370356 0.0320666 0.0633855 0.0133292 0.00199017
0.209514 0.952629 0.983005 0.922252 0.439193 0.500529 0.377858 0.364224 0.0303765 0.0613358 0.0127206 0.001941
0.215443 0.942649 0.97139 0.913908 0.430572 0.489861 0.371282 0.358026 0.0287411 0.0592895 0.0121256 0.00189187
0.221541 0.932406 0.959566 0.905246 0.421723 0.478971 0.364474 0.351761 0.0271604 0.0572485 0.0115447 0.00184282
0.227812 0.921873 0.947507 0.896239 0.412642 0.467857 0.357428 0.345431 0.0256344 0.0552146 0.0109784 0.00179387
0.234259 0.911023 0.935186 0.886861 0.403326 0.456516 0.350136 0.339036 0.0241628 0.0531896 0.0104269 0.00174507
0.24089 0.899829 0.922574 0.877083 0.393771 0.444946 0.342595 0.332578 0.0227454 0.0511754 0.00989055 0.00169645
0.247708 0.888259 0.909641 0.866877 0.383974 0.433148 0.3348 0.326057 0.0213818 0.0491741 0.00936971 0.00164804
0.254719 0.876282 0.896354 0.85621 0.373935 0.421122 0.326747 0.319475 0.0200718 0.0471876 0.00886457 0.00159988
0.261928 0.863864 0.882679 0.84505 0.363654 0.408872 0.318436 0.312835 0.0188147 0.0452179 0.00837536 0.00155201
0.269341 0.850969 0.868579 0.833359 0.353133 0.3964 0.309866 0.306137 0.01761 0.0432671 0.00790222 0.00150445
0.276965 0.837552 0.854009 0.821095 0.342376 0.383714 0.301039 0.299385 0.0164571 0.0413373 0.00744528 0.00145725
0.284804 0.823562 0.838918 0.808207 0.331392 0.370823 0.291962 0.292582 0.0153553 0.0394307 0.00700462 0.00141045
0.292864 0.808919 0.823223 0.794615 0.320194 0.357743 0.282645 0.285729 0.0143038 0.0375493 0.00658028 0.00136405
0.301153 0.793419 0.806721 0.780117 0.308812 0.344508 0.273117 0.278832 0.0133017 0.0356954 0.00617225 0.00131807
0.309677 0.773736 0.786085 0.761388 0.297606 0.331476 0.263735 0.271896 0.0123481 0.0338709 0.00578039 0.00127243
0.318442 0.754857 0.766855 0.742858 0.288759 0.321946 0.255573 0.269267 0.0119984 0.0331867 0.0056351 0.00125416
0.321833 0.74894 0.760599 0.737281 0.284432 0.316946 0.251918 0.26666 0.011659 0.0325143 0.0054936 0.00123612
0.325224 0.742997 0.754327 0.731668 0.280125 0.311979 0.248272 0.264075 0.0113295 0.0318534 0.00535576 0.00121831
0.328614 0.737029 0.748039 0.726019 0.27584 0.307044 0.244636 0.261512 0.0110097 0.0312039 0.0052215 0.00120071
0.332005 0.731034 0.741734 0.720335 0.271577 0.302142 0.241011 0.258969 0.0106993 0.0305657 0.0050907 0.00118333
0.335396 0.725013 0.735411 0.714615 0.267336 0.297274 0.237397 0.256448 0.0103979 0.0299384 0.00496327 0.00116617
0.338787 0.718967 0.729072 0.708861 0.263117 0.292439 0.233795 0.253948 0.0101052 0.0293221 0.00483911 0.00114921
0.342178 0.712893 0.722714 0.703072 0.258923 0.287639 0.230206 0.251468 0.00982109 0.0287165 0.00471813 0.00113246
0.345569 0.706793 0.716338 0.697247 0.254752 0.282873 0.22663 0.249008 0.00954514 0.0281214 0.00460024 0.00111591
0.348959 0.700666 0.709943 0.691388 0.250605 0.278142 0.223069 0.246568 0.00927714 0.0275368 0.00448536 0.00109956
0.35235 0.694513 0.703529 0.685496 0.246485 0.273447 0.219522 0.244149 0.00901683 0.0269623 0.0043734 0.00108341
0.355741 0.688333 0.697097 0.679569 0.24239 0.268787 0.215992 0.241748 0.00876398 0.0263979 0.00426428 0.00106745
0.359132 0.682128 0.690646 0.67361 0.238321 0.264164 0.212477 0.239367 0.00851835 0.0258434 0.00415792 0.00105168
0.362523 0.675896 0.684176 0.667617 0.234279 0.259578 0.20898 0.237005 0.00827973 0.0252987 0.00405424 0.0010361
0.365914 0.669639 0.677687 0.661591 0.230265 0.255028 0.205501 0.234662 0.00804788 0.0247636 0.00395317 0.0010207
0.369305 0.663356 0.671179 0.655534 0.226278 0.250516 0.20204 0.232337 0.0078226 0.0242379 0.00385464 0.00100548
0.372695 0.657049 0.664652 0.649445 0.22232 0.246041 0.198598 0.23003 0.0076037 0.0237216 0.00375858 0.000990435
0.376086 0.650716 0.658107 0.643325 0.218391 0.241606 0.195177 0.227742 0.00739097 0.0232144 0.00366492 0.000975568
0.379477 0.644359 0.651543 0.637175 0.214492 0.237208 0.191775 0.225471 0.00718423 0.0227163 0.00357359 0.000960873
0.382868 0.637978 0.644961 0.630995 0.210622 0.232849 0.188395 0.223217 0.00698329 0.022227 0.00348453 0.000946347
0.386259 0.631574 0.638362 0.624786 0.206784 0.22853 0.185037 0.220981 0.00678798 0.0217465 0.00339768 0.000931988
0.38965 0.625146 0.631744 0.618548 0.202976 0.224251 0.181701 0.218761 0.00659812 0.0212746 0.00331299 0.000917794
0.39304 0.618697 0.62511 0.612283 0.1992 0.220012 0.178389 0.216559 0.00641357 0.0208112 0.00323038 0.000903761
0.396431 0.612225 0.618459 0.605991 0.195457 0.215813 0.1751 0.214373 0.00623414 0.0203562 0.00314981 0.000889888
0.399822 0.605732 0.611792 0.599673 0.191746 0.211655 0.171836 0.212203 0.00605971 0.0199093 0.00307122 0.000876171
0.403213 0.599219 0.60511 0.593329 0.188068 0.207538 0.168597 0.210048 0.0058901 0.0194706 0.00299456 0.000862609
0.406604 0.592687 0.598412 0.586962 0.184423 0.203463 0.165383 0.20791 0.00572519 0.0190398 0.00291977 0.0008492
0.409995 0.586135 0.5917 0.58057 0.180812 0.199429 0.162195 0.205787 0.00556483 0.0186169 0.00284681 0.000835941
0.413385 0.579565 0.584974 0.574156 0.177236 0.195438 0.159034 0.203679 0.00540888 0.0182017 0.00277562 0.00082283
0.416776 0.572977 0.578235 0.56772 0.173695 0.191489 0.155901 0.201586 0.00525723 0.0177941 0.00270617 0.000809865
0.420167 0.566373 0.571483 0.561263 0.170189 0.187583 0.152795 0.199508 0.00510974 0.017394 0.0026384 0.000797044
0.423558 0.559753 0.564719 0.554787 0.166718 0.18372 0.149717 0.197444 0.00496629 0.0170013 0.00257228 0.000784364
0.426949 0.553118 0.557945 0.548291 0.163284 0.1799 0.146668 0.195394 0.00482677 0.0166158 0.00250775 0.000771825
0.43034 0.546469 0.55116 0.541778 0.159886 0.176123 0.143648 0.193358 0.00469106 0.0162374 0.00244477 0.000759425
0.43373 0.539808 0.544367 0.535249 0.156525 0.172391 0.140659 0.191336 0.00455904 0.0158661 0.00238331 0.00074716
0.437121 0.533134 0.537565 0.528703 0.153201 0.168702 0.137699 0.189328 0.00443063 0.0155017 0.00232333 0.00073503
0.440512 0.526449 0.530755 0.522143 0.149914 0.165058 0.13477 0.187332 0.0043057 0.0151441 0.00226479 0.000723034
0.443903 0.519754 0.523938 0.51557 0.146665 0.161458 0.131872 0.185349 0.00418417 0.0147932 0.00220764 0.000711168
0.447294 0.513051 0.517117 0.508985 0.143455 0.157904 0.129006 0.183379 0.00406593 0.014449 0.00215186 0.000699432
0.450685 0.50634 0.510291 0.502389 0.140282 0.154394 0.126171 0.181422 0.0039509 0.0141112 0.00209741 0.000687825
0.454075 0.499622 0.503461 0.495783 0.137149 0.150928 0.123369 0.179477 0.00383897 0.0137798 0.00204426 0.000676344
0.457466 0.492899 0.496629 0.489168 0.134054 0.147508 0.120599 0.177543 0.00373007 0.0134547 0.00199237 0.000664988
0.460857 0.486171 0.489795 0.482547 0.130998 0.144134 0.117862 0.175622 0.00362411 0.0131358 0.00194171 0.000653756
0.464248 0.47944 0.482961 0.475919 0.127982 0.140805 0.115159 0.173712 0.003521 0.012823 0.00189225 0.000642646
0.467639 0.472708 0.476128 0.469287 0.125005 0.137521 0.112489 0.171813 0.00342067 0.0125162 0.00184396 0.000631658
0.47103 0.465975 0.469298 0.462652 0.122068 0.134284 0.109853 0.169926 0.00332303 0.0122154 0.00179681 0.000620789
0.47442 0.459242 0.46247 0.456014 0.119171 0.131091 0.107251 0.168049 0.00322802 0.0119203 0.00175077 0.000610039
0.477811 0.452511 0.455647 0.449376 0.116315 0.127946 0.104684 0.166183 0.00313556 0.0116309 0.00170582 0.000599406
0.481202 0.445785 0.44883 0.442739 0.113498 0.124846 0.102151 0.164328 0.00304558 0.0113472 0.00166192 0.000588889
0.484593 0.439062 0.44202 0.436104 0.110722 0.121791 0.0996527 0.162483 0.00295801 0.0110691 0.00161905 0.000578488
0.487984 0.432346 0.435219 0.429473 0.107987 0.118783 0.0971902 0.160648 0.00287279 0.0107964 0.00157719 0.0005682
0.491375 0.425637 0.428427 0.422847 0.105291 0.11582 0.0947624 0.158823 0.00278985 0.010529 0.00153631 0.000558026
0.494765 0.418937 0.421646 0.416228 0.102637 0.112904 0.0923703 0.157007 0.00270912 0.010267 0.00149639 0.000547964
0.498156 0.412247 0.414877 0.409616 0.100023 0.110034 0.0900134 0.155201 0.00263056 0.0100101 0.0014574 0.000538012
0.501547 0.405569 0.408123 0.403015 0.0974509 0.107209 0.0876925 0.153404 0.00255409 0.00975835 0.00141932 0.000528171
0.504938 0.398904 0.401384 0.396424 0.0949193 0.104431 0.0854076 0.151617 0.00247967 0.00951164 0.00138213 0.000518439
0.508329 0.392253 0.39466 0.389846 0.0924285 0.101698 0.0831586 0.149838 0.00240723 0.00926989 0.0013458 0.000508816
0.51172 0.385619 0.387956 0.383282 0.0899781 0.0990111 0.0809451 0.148069 0.00233673 0.00903301 0.00131033 0.0004993
0.51511 0.379002 0.38127 0.376734 0.0875689 0.0963698 0.0787679 0.146308 0.00226811 0.00880093 0.00127568 0.000489891
0.518501 0.372404 0.374605 0.370203 0.0852004 0.0937739 0.0766268 0.144555 0.00220132 0.00857357 0.00124184 0.000480588
0.521892 0.365827 0.367964 0.363691 0.0828727 0.0912235 0.0745218 0.142811 0.00213632 0.00835084 0.00120878 0.000471391
0.525283 0.359272 0.361345 0.357199 0.0805857 0.0887184 0.072453 0.141075 0.00207305 0.00813269 0.00117649 0.000462298
0.528674 0.352741 0.354753 0.35073 0.0783393 0.0862583 0.0704202 0.139347 0.00201146 0.00791904 0.00114496 0.000453309
0.532065 0.346235 0.348187 0.344284 0.0761334 0.0838432 0.0684236 0.137627 0.00195153 0.0077098 0.00111415 0.000444423
0.535455 0.339756 0.341649 0.337863 0.0739679 0.0814728 0.066463 0.135915 0.00189319 0.00750491 0.00108407 0.000435641
0.538846 0.333305 0.335142 0.331469 0.0718427 0.079147 0.0645384 0.134211 0.00183641 0.0073043 0.00105468 0.00042696
0.542237 0.326884 0.328666 0.325103 0.0697576 0.0768655 0.0626497 0.132514 0.00178115 0.00710791 0.00102598 0.000418381
0.545628 0.320495 0.322222 0.318767 0.0677125 0.0746281 0.0607968 0.130825 0.00172736 0.00691565 0.000997943 0.000409903
0.549019 0.314138 0.315813 0.312463 0.0657072 0.0724346 0.0589797 0.129143 0.00167502 0.00672746 0.00097056 0.000401526
0.55241 0.307817 0.309441 0.306193 0.0637414 0.0702847 0.0571981 0.127468 0.00162407 0.00654328 0.000943814 0.000393248
0.5558 0.301531 0.303105 0.299956 0.0618151 0.0681781 0.0554521 0.125801 0.00157449 0.00636304 0.000917691 0.000385071
0.559191 0.295283 0.296809 0.293757 0.059928 0.0661147 0.0537413 0.124141 0.00152624 0.00618667 0.000892177 0.000376992
0.562582 0.289074 0.290554 0.287595 0.0580798 0.0640939 0.0520657 0.122488 0.00147929 0.00601412 0.000867259 0.000369013
0.565973 0.282907 0.28434 0.281473 0.0562703 0.0621156 0.050425 0.120842 0.00143359 0.00584531 0.000842922 0.000361131
0.569364 0.276781 0.27817 0.275392 0.0544992 0.0601794 0.0488191 0.119202 0.00138913 0.00568019 0.000819154 0.000353347
0.572755 0.2707 0.272046 0.269354 0.0527664 0.0582851 0.0472477 0.11757 0.00134586 0.00551869 0.000795942 0.000345661
0.576146 0.264664 0.265968 0.263361 0.0510714 0.0564322 0.0457107 0.115945 0.00130375 0.00536075 0.000773273 0.000338073
0.579536 0.258676 0.259939 0.257413 0.0494141 0.0546204 0.0442078 0.114326 0.00126279 0.00520632 0.000751137 0.000330581
0.582927 0.252736 0.253958 0.251513 0.047794 0.0528494 0.0427387 0.112714 0.00122293 0.00505533 0.000729521 0.000323185
0.586318 0.246845 0.248029 0.245661 0.0462109 0.0511186 0.0413031 0.111109 0.00118415 0.00490773 0.000708414 0.000315886
0.589709 0.241007 0.242153 0.23986 0.0446644 0.0494279 0.039901 0.109511 0.00114642 0.00476346 0.000687804 0.000308682
0.5931 0.235221 0.236331 0.234112 0.0431542 0.0477767 0.0385318 0.107919 0.00110972 0.00462246 0.000667682 0.000301574
0.596491 0.22949 0.230564 0.228416 0.0416799 0.0461646 0.0371953 0.106334 0.00107402 0.00448468 0.000648036 0.000294561
0.599881 0.223815 0.224854 0.222776 0.0402413 0.0445913 0.0358912 0.104756 0.00103929 0.00435006 0.000628856 0.000287643
0.603272 0.218197 0.219203 0.217192 0.0388378 0.0430563 0.0346192 0.103185 0.00100551 0.00421855 0.000610132 0.00028082
0.606663 0.212638 0.21361 0.211665 0.0374691 0.0415592 0.033379 0.10162 0.000972656 0.00409009 0.000591855 0.000274091
0.610054 0.207139 0.208079 0.206198 0.0361349 0.0400995 0.0321702 0.100062 0.000940704 0.00396464 0.000574015 0.000267456
0.613445 0.201701 0.20261 0.200791 0.0348346 0.0386767 0.0309924 0.0985109 0.000909632 0.00384214 0.000556603 0.000260915
0.616836 0.196325 0.197205 0.195446 0.0335679 0.0372904 0.0298454 0.0969666 0.000879417 0.00372254 0.00053961 0.000254468
0.620226 0.191015 0.191865 0.190165 0.0323344 0.0359402 0.0287287 0.0954293 0.000850039 0.00360578 0.000523027 0.000248113
0.623617 0.185769 0.18659 0.184947 0.0311337 0.0346256 0.0276419 0.0938989 0.000821476 0.00349182 0.000506845 0.000241852
0.627008 0.180589 0.181383 0.179795 0.0299653 0.0333459 0.0265847 0.0923755 0.000793708 0.00338062 0.000491057 0.000235684
0.630399 0.175477 0.176244 0.174711 0.0288288 0.0321009 0.0255567 0.0908592 0.000766715 0.00327211 0.000475653 0.000229608
0.63379 0.170434 0.171175 0.169694 0.0277237 0.0308899 0.0245574 0.08935 0.000740479 0.00316626 0.000460627 0.000223625
0.637181 0.165462 0.166177 0.164747 0.0266495 0.0297126 0.0235865 0.087848 0.00071498 0.00306302 0.00044597 0.000217734
0.640571 0.160559 0.16125 0.159869 0.0256059 0.0285682 0.0226436 0.0863533 0.0006902 0.00296233 0.000431675 0.000211934
0.643962 0.155729 0.156395 0.155063 0.0245923 0.0274565 0.0217282 0.0848661 0.000666122 0.00286416 0.000417734 0.000206226
0.647353 0.150972 0.151614 0.150329 0.0236083 0.0263767 0.0208398 0.0833863 0.000642728 0.00276846 0.000404141 0.000200609
0.650744 0.146289 0.146909 0.145669 0.0226534 0.0253286 0.0199782 0.081914 0.000620001 0.00267518 0.000390887 0.000195083
0.654135 0.141681 0.142279 0.141083 0.021727 0.0243113 0.0191428 0.0804495 0.000597925 0.00258429 0.000377967 0.000189648
0.657526 0.137148 0.137725 0.136572 0.0208289 0.0233246 0.0183331 0.0789928 0.000576485 0.00249573 0.000365373 0.000184303
0.660916 0.132692 0.133248 0.132136 0.0199583 0.0223677 0.0175488 0.077544 0.000555663 0.00240946 0.000353099 0.000179049
0.664307 0.128313 0.128849 0.127778 0.0191149 0.0214403 0.0167894 0.0761032 0.000535446 0.00232545 0.000341139 0.000173884
0.667698 0.124013 0.124528 0.123497 0.0182982 0.0205418 0.0160545 0.0746706 0.000515819 0.00224364 0.000329486 0.000168809
0.671089 0.11979 0.120287 0.119294 0.0175075 0.0196716 0.0153435 0.0732464 0.000496766 0.00216401 0.000318135 0.000163823
0.67448 0.115648 0.116126 0.115169 0.0167426 0.0188291 0.0146561 0.0718305 0.000478274 0.0020865 0.000307078 0.000158926
0.677871 0.111585 0.112045 0.111125 0.0160028 0.0180139 0.0139917 0.0704233 0.00046033 0.00201108 0.000296311 0.000154117
0.681261 0.107602 0.108045 0.107159 0.0152877 0.0172254 0.01335 0.0690248 0.00044292 0.00193771 0.000285827 0.000149397
0.684652 0.103701 0.104127 0.103275 0.0145967 0.016463 0.0127303 0.0676352 0.00042603 0.00186635 0.000275621 0.000144764
0.688043 0.0998802 0.10029 0.0994705 0.0139294 0.0157263 0.0121324 0.0662547 0.000409649 0.00179697 0.000265688 0.000140219
0.691434 0.0961413 0.096535 0.0957475 0.0132852 0.0150147 0.0115557 0.0648833 0.000393763 0.00172951 0.000256021 0.000135762
0.694825 0.0924839 0.0928623 0.0921056 0.0126637 0.0143276 0.0109997 0.0635213 0.000378361 0.00166395 0.000246616 0.000131391
0.698216 0.0889093 0.0892727 0.0885458 0.0120643 0.0136646 0.010464 0.0621689 0.000363431 0.00160026 0.000237468 0.000127106
0.701606 0.0854166 0.0857655 0.0850676 0.0114866 0.013025 0.00994823 0.0608262 0.000348962 0.00153838 0.000228571 0.000122908
0.704997 0.0820061 0.082341 0.0816711 0.01093 0.0124083 0.00945171 0.0594934 0.000334941 0.00147829 0.000219921 0.000118795
0.708388 0.078678 0.0789993 0.0783566 0.0103941 0.011814 0.00897413 0.0581706 0.000321358 0.00141995 0.000211512 0.000114767
0.711779 0.0754324 0.0757406 0.0751242 0.00987833 0.0112417 0.008515 0.0568582 0.000308203 0.00136333 0.000203341 0.000110823
0.71517 0.072269 0.0725645 0.0719736 0.00938222 0.0106906 0.00807383 0.0555561 0.000295465 0.00130839 0.000195401 0.000106964
0.718561 0.0691878 0.069471 0.0689047 0.00890529 0.0101604 0.00765019 0.0542647 0.000283133 0.0012551 0.000187689 0.000103189
0.721951 0.0661887 0.0664599 0.0659175 0.00844702 0.00965044 0.00724359 0.0529841 0.000271198 0.00120342 0.0001802 9.94967e-05
0.725342 0.0632713 0.0635309 0.0630116 0.00800698 0.00916031 0.00685366 0.0517145 0.000259649 0.00115332 0.000172929 9.58872e-05
0.728733 0.0604353 0.0606838 0.0601868 0.00758466 0.00868944 0.00647988 0.0504561 0.000248478 0.00110478 0.000165873 9.23599e-05
0.732124 0.0576803 0.057918 0.0574426 0.00717958 0.00823733 0.00612184 0.0492091 0.000237675 0.00105774 0.000159026 8.89142e-05
0.735515 0.055006 0.0552332 0.0547788 0.00679127 0.00780347 0.00577908 0.0479738 0.000227231 0.0010122 0.000152385 8.55496e-05
0.738906 0.0524118 0.052629 0.0521947 0.00641927 0.00738737 0.00545117 0.0467502 0.000217137 0.000968099 0.000145946 8.22655e-05
0.742296 0.0498972 0.0501046 0.0496898 0.00606311 0.00698853 0.00513768 0.0455386 0.000207384 0.000925425 0.000139704 7.90612e-05
0.745687 0.0474615 0.0476595 0.0472636 0.00572233 0.00660647 0.00483818 0.0443392 0.000197964 0.000884141 0.000133656 7.59363e-05
0.749078 0.0451042 0.045293 0.0449153 0.00539647 0.00624069 0.00455225 0.0431523 0.000188868 0.000844219 0.000127797 7.289e-05
0.752469 0.0428244 0.0430044 0.0426443 0.00508509 0.00589072 0.00427947 0.0419779 0.000180088 0.000805627 0.000122124 6.99217e-05
0.75586 0.0406213 0.040793 0.0404497 0.00478775 0.00555609 0.00401942 0.0408164 0.000171617 0.000768336 0.000116633 6.70307e-05
0.759251 0.0384943 0.0386577 0.0383308 0.00450401 0.00523633 0.00377169 0.0396678 0.000163446 0.000732318 0.00011132 6.42164e-05
0.762641 0.0364423 0.0365979 0.0362867 0.00423343 0.00493098 0.00353589 0.0385325 0.000155567 0.000697544 0.000106181 6.14781e-05
0.766032 0.0344644 0.0346124 0.0343165 0.0039756 0.00463958 0.00331161 0.0374106 0.000147974 0.000663985 0.000101213 5.8815e-05
0.769423 0.0325597 0.0327004 0.0324191 0.00373008 0.0043617 0.00309847 0.0363024 0.000140658 0.000631613 9.64123e-05 5.62264e-05
0.772814 0.0307271 0.0308607 0.0305935 0.00349648 0.00409688 0.00289607 0.0352079 0.000133614 0.000600401 9.17748e-05 5.37115e-05
0.776205 0.0289655 0.0290924 0.0288387 0.00327438 0.0038447 0.00270405 0.0341275 0.000126833 0.000570323 8.72975e-05 5.12697e-05
0.779596 0.0272738 0.0273941 0.0271535 0.00306337 0.00360472 0.00252202 0.0330613 0.000120308 0.00054135 8.29767e-05 4.89e-05
0.782986 0.0256508 0.0257648 0.0255367 0.00286308 0.00337654 0.00234963 0.0320096 0.000114034 0.000513456 7.8809e-05 4.66017e-05
0.786377 0.0240952 0.0242032 0.0239872 0.00267312 0.00315974 0.0021865 0.0309724 0.000108003 0.000486616 7.47912e-05 4.4374e-05
0.789768 0.0226059 0.0227081 0.0225037 0.0024931 0.0029539 0.00203229 0.0299501 0.000102209 0.000460804 7.09199e-05 4.2216e-05
0.793159 0.0211814 0.021278 0.0210847 0.00232265 0.00275865 0.00188666 0.0289428 9.66456e-05 0.000435994 6.71918e-05 4.01268e-05
0.79655 0.0198205 0.0199118 0.0197292 0.00216142 0.00257358 0.00174926 0.0279506 9.13063e-05 0.000412161 6.36037e-05 3.81057e-05
0.799941 0.0185217 0.0186079 0.0184356 0.00200903 0.00239831 0.00161975 0.0269739 8.61851e-05 0.00038928 6.01523e-05 3.61516e-05
0.803332 0.0172838 0.0173651 0.0172025 0.00186516 0.00223248 0.00149783 0.0260127 8.1276e-05 0.000367328 5.68345e-05 3.42637e-05
0.806722 0.0161052 0.0161818 0.0160286 0.00172944 0.00207572 0.00138316 0.0250673 7.65731e-05 0.000346279 5.36472e-05 3.2441e-05
0.810113 0.0149845 0.0150566 0.0149124 0.00160155 0.00192766 0.00127544 0.0241378 7.20707e-05 0.00032611 5.05873e-05 3.06827e-05
0.813504 0.0139201 0.0139879 0.0138524 0.00148117 0.00178796 0.00117437 0.0232243 6.77631e-05 0.000306798 4.76517e-05 2.89877e-05
0.816895 0.0129106 0.0129742 0.0128469 0.00136796 0.00165628 0.00107964 0.0223272 6.36446e-05 0.000288319 4.48374e-05 2.7355e-05
0.820286 0.0119544 0.0120141 0.0118947 0.00126163 0.00153229 0.000990983 0.0214465 5.97099e-05 0.000270651 4.21414e-05 2.57838e-05
0.823677 0.01105 0.011106 0.0109941 0.00116187 0.00141564 0.000908095 0.0205824 5.59535e-05 0.000253772 3.95607e-05 2.42728e-05
0.827067 0.0101958 0.0102482 0.0101435 0.00106838 0.00130604 0.000830721 0.019735 5.23702e-05 0.000237658 3.70925e-05 2.28212e-05
0.830458 0.00939022 0.00943917 0.00934126 0.000980873 0.00120316 0.000758585 0.0189046 4.89548e-05 0.000222288 3.47337e-05 2.14279e-05
0.833849 0.00863167 0.00867738 0.00858597 0.000899072 0.00110671 0.000691431 0.0180912 4.57022e-05 0.000207641 3.24817e-05 2.00918e-05
0.83724 0.00791853 0.00796114 0.00787592 0.000822705 0.0010164 0.00062901 0.017295 4.26074e-05 0.000193695 3.03334e-05 1.88119e-05
0.840631 0.00724921 0.00728888 0.00720955 0.000751506 0.000931936 0.000571076 0.0165162 3.96656e-05 0.00018043 2.82861e-05 1.75871e-05
0.844022 0.00662212 0.00665899 0.00658525 0.000685219 0.000853042 0.000517395 0.0157548 3.68718e-05 0.000167823 2.6337e-05 1.64162e-05
0.847412 0.00603561 0.00606983 0.00600139 0.000623594 0.00077945 0.000467738 0.015011 3.42213e-05 0.000155856 2.44834e-05 1.52982e-05
0.850803 0.0054881 0.00551981 0.00545639 0.000566391 0.000710899 0.000421883 0.014285 3.17095e-05 0.000144508 2.27225e-05 1.42319e-05
0.854194 0.004978 0.00500733 0.00494866 0.000513376 0.000647134 0.000379617 0.0135767 2.93318e-05 0.000133759 2.10517e-05 1.32162e-05
0.857585 0.00450369 0.00453078 0.00447661 0.000464323 0.000587911 0.000340734 0.0128864 2.70837e-05 0.000123589 1.94681e-05 1.22499e-05
0.860976 0.00406362 0.00408858 0.00403866 0.000419013 0.000532992 0.000305033 0.0122141 2.49608e-05 0.000113979 1.79693e-05 1.13319e-05
0.864367 0.0036562 0.00367916 0.00363325 0.000377236 0.000482146 0.000272325 0.01156 2.29587e-05 0.000104911 1.65525e-05 1.0461e-05
0.867757 0.0032799 0.00330097 0.00325883 0.000338787 0.000435152 0.000242423 0.010924 2.10731e-05 9.63648e-05 1.52151e-05 9.63606e-06
0.871148 0.00293317 0.00295247 0.00291387 0.000303472 0.000391794 0.000215149 0.0103064 1.92998e-05 8.83227e-05 1.39546e-05 8.8558e-06
0.874539 0.00261452 0.00263215 0.00259688 0.0002711 0.000351867 0.000190334 0.00970711 1.76347e-05 8.07663e-05 1.27685e-05 8.11905e-06
0.87793 0.00232244 0.00233851 0.00230636 0.000241491 0.000315168 0.000167813 0.00912624 1.60738e-05 7.36778e-05 1.16541e-05 7.42458e-06
0.881321 0.00205548 0.00207009 0.00204086 0.000214468 0.000281507 0.000147429 0.00856384 1.46129e-05 6.70393e-05 1.06089e-05 6.77119e-06
0.884712 0.00181219 0.00182544 0.00179894 0.000189866 0.0002507 0.000129033 0.00801996 1.32482e-05 6.08336e-05 9.63059e-06 6.15762e-06
0.888102 0.00159119 0.00160317 0.00157922 0.000167523 0.000222566 0.000112479 0.00749463 1.19759e-05 5.50433e-05 8.71656e-06 5.58263e-06
0.891493 0.00139109 0.00140188 0.0013803 0.000147284 0.000196936 9.76325e-05 0.00698788 1.0792e-05 4.96518e-05 7.86441e-06 5.04499e-06
0.894884 0.00121056 0.00122025 0.00120086 0.000129004 0.000173646 8.43616e-05 0.00649972 9.69285e-06 4.46423e-05 7.07173e-06 4.54342e-06
0.898275 0.00104829 0.00105696 0.00103961 0.000112541 0.000152539 7.25425e-05 0.00603015 8.6748e-06 3.99985e-05 6.33612e-06 4.07668e-06
0.901666 0.000903013 0.000910747 0.000895279 9.77609e-05 0.000133465 6.20567e-05 0.00557918 7.7342e-06 3.57042e-05 5.65521e-06 3.64349e-06
0.905057 0.00077351 0.000780377 0.000766642 8.4536e-05 0.00011628 5.27924e-05 0.00514678 6.86749e-06 3.17436e-05 5.02666e-06 3.24258e-06
0.908447 0.000658592 0.000664663 0.00065252 7.27451e-05 0.000100846 4.4644e-05 0.00473293 6.07118e-06 2.81011e-05 4.44815e-06 2.87267e-06
0.911838 0.000557112 0.000562454 0.00055177 6.22724e-05 8.70338e-05 3.7511e-05 0.00433759 5.34181e-06 2.47614e-05 3.91737e-06 2.53249e-06
0.915229 0.000467975 0.000472651 0.000463299 5.30086e-05 7.47178e-05 3.12993e-05 0.0039607 4.67601e-06 2.17093e-05 3.43207e-06 2.22076e-06
0.91862 0.000390125 0.000394195 0.000386054 4.48499e-05 6.37799e-05 2.59199e-05 0.0036022 4.07045e-06 1.893e-05 2.98997e-06 1.93618e-06
0.922011 0.000322551 0.000326073 0.000319029 3.76985e-05 5.41074e-05 2.12896e-05 0.00326202 3.52188e-06 1.64089e-05 2.58887e-06 1.67748e-06
0.925402 0.00026429 0.000267317 0.000261263 3.14621e-05 4.55938e-05 1.73305e-05 0.00294006 3.02707e-06 1.41317e-05 2.22657e-06 1.44338e-06
0.928792 0.000214428 0.000217011 0.000211845 2.60538e-05 3.8138e-05 1.39696e-05 0.00263621 2.58288e-06 1.20842e-05 1.90088e-06 1.23259e-06
0.932183 0.000172097 0.000174283 0.000169911 2.1392e-05 3.16447e-05 1.11393e-05 0.00235035 2.18621e-06 1.02527e-05 1.60967e-06 1.04383e-06
0.935574 0.000136479 0.000138313 0.000134645 1.74004e-05 2.6024e-05 8.77688e-06 0.00208234 1.83403e-06 8.62354e-06 1.35082e-06 8.75828e-07
0.938965 0.000106804 0.000108328 0.000105281 1.40076e-05 2.1191e-05 6.8242e-06 0.00183202 1.52336e-06 7.18341e-06 1.12223e-06 7.27305e-07
0.942356 8.23533e-05 8.36046e-05 8.1102e-05 1.11471e-05 1.70663e-05 5.22782e-06 0.00159922 1.25127e-06 5.91923e-06 9.21839e-07 5.96997e-07
0.945747 6.24552e-05 6.34701e-05 6.14403e-05 8.757e-06 1.35752e-05 3.93881e-06 0.00138374 1.01491e-06 4.81819e-06 7.47618e-07 4.83641e-07
0.949137 4.64897e-05 4.73011e-05 4.56782e-05 6.78026e-06 1.0648e-05 2.91254e-06 0.00118537 8.1146e-07 3.86772e-06 5.97562e-07 3.85985e-07
0.952528 3.38846e-05 3.45228e-05 3.32464e-05 5.16408e-06 8.21961e-06 2.10855e-06 0.00100386 6.38182e-07 3.05553e-06 4.697e-07 3.02784e-07
0.955919 2.41177e-05 2.46101e-05 2.36253e-05 3.86e-06 6.22958e-06 1.49041e-06 0.000838948 4.92389e-07 2.36959e-06 3.62092e-07 2.32805e-07
0.95931 1.67148e-05 1.70862e-05 1.63433e-05 2.82368e-06 4.6218e-06 1.02556e-06 0.000690338 3.71456e-07 1.79812e-06 2.72836e-07 1.74827e-07
0.962701 1.12501e-05 1.15229e-05 1.09772e-05 2.0148e-06 3.34446e-06 6.85142e-07 0.000557706 2.72822e-07 1.32966e-06 2.00065e-07 1.27645e-07
0.966092 7.34534e-06 7.53933e-06 7.15135e-06 1.39687e-06 2.34985e-06 4.43888e-07 0.000440692 1.93989e-07 9.52981e-07 1.41948e-07 9.0068e-08
0.969482 4.66927e-06 4.80179e-06 4.53674e-06 9.37141e-07 1.59432e-06 2.79964e-07 0.000338896 1.32527e-07 6.57177e-07 9.66997e-08 6.09265e-08
0.972873 2.93749e-06 3.02357e-06 2.85141e-06 6.06496e-07 1.03813e-06 1.74867e-07 0.000251873 8.60777e-08 4.31629e-07 6.25755e-08 3.9072e-08
0.976264 1.91334e-06 1.9657e-06 1.86099e-06 3.79419e-07 6.45454e-07 1.13384e-07 0.000179126 5.23549e-08 2.66035e-07 3.78799e-08 2.33813e-08
0.979655 1.41223e-06 1.44138e-06 1.38308e-06 2.342e-07 3.84623e-07 8.37765e-08 0.000120096 2.91521e-08 1.50423e-07 2.09698e-08 1.27611e-08
0.983046 1.31928e-06 1.33363e-06 1.30494e-06 1.53944e-07 2.2912e-07 7.87669e-08 7.41571e-05 1.43478e-08 7.51767e-08 1.02599e-08 6.15241e-09
0.986437 1.68516e-06 1.69108e-06 1.67925e-06 1.32317e-07 1.63386e-07 1.01249e-07 4.06279e-05 5.91443e-09 3.10681e-08 4.23073e-09 2.53623e-09
0.989827 4.74804e-06 4.74996e-06 4.74612e-06 2.95439e-07 3.0475e-07 2.86128e-07 1.89795e-05 1.92398e-09 9.31136e-09 1.43147e-09 9.34989e-10
0.993218 8.92561e-06 8.92588e-06 8.92533e-06 5.40397e-07 5.42715e-07 5.38079e-07 2.48459e-05 2.72964e-10 2.3183e-09 1.3714e-10 0
4.01075e-314 inf inf inf inf inf inf 0.000217973 2.52782 0.454158 0.215728 0.0192774
