9.72476e-05 36.4012 37.1583 35.6441 22.3384 22.774 21.9028 7.09652 0.75711 0.435583 0.0449516 0.0371602
0.0001 36.1747 36.929 35.4205 22.2045 22.6387 21.7703 7.06049 0.754248 0.434185 0.0448951 0.0370173
0.00010283 35.9557 36.7071 35.2043 22.0749 22.5077 21.6421 7.0246 0.751396 0.432791 0.0448399 0.0368748
0.000105741 35.8279 36.5764 35.0793 21.9986 22.43 21.5672 6.98885 0.748553 0.431402 0.0447862 0.0367328
0.000108734 35.5966 36.3423 34.8508 21.8617 22.2917 21.4317 6.95323 0.745721 0.430016 0.0447338 0.0365912
0.000111811 35.3664 36.1093 34.6235 21.7255 22.1542 21.2969 6.91774 0.742898 0.428635 0.0446828 0.0364501
0.000114976 35.1373 35.8774 34.3972 21.59 22.0173 21.1627 6.8824 0.740085 0.427257 0.0446332 0.0363094
0.00011823 34.9095 35.6468 34.1722 21.4551 21.881 21.0293 6.84718 0.737281 0.425884 0.0445851 0.0361691
0.000121576 34.6828 35.4173 33.9483 21.3209 21.7454 20.8964 6.8121 0.734487 0.424515 0.0445384 0.0360293
0.000125017 34.4572 35.1889 33.7255 21.1873 21.6105 20.7642 6.77716 0.731702 0.423151 0.0444931 0.0358899
0.000128556 34.2328 34.9618 33.5039 21.0544 21.4762 20.6326 6.74234 0.728927 0.42179 0.0444492 0.0357508
0.000132194 34.0096 34.7358 33.2834 20.9221 21.3426 20.5017 6.70766 0.726161 0.420433 0.0444068 0.0356123
0.000135936 33.7875 34.5109 33.0641 20.7905 21.2096 20.3714 6.67311 0.723404 0.41908 0.0443659 0.0354742
0.000139783 33.5666 34.2872 32.8459 20.6595 21.0773 20.2418 6.6387 0.720657 0.417732 0.0443264 0.0353364
0.000143739 33.3468 34.0647 32.6288 20.5292 20.9456 20.1128 6.60441 0.717918 0.416387 0.0442884 0.0351992
0.000147808 33.1281 33.8433 32.4129 20.3995 20.8146 19.9845 6.57026 0.715189 0.415047 0.0442518 0.0350623
0.000151991 32.9105 33.623 32.1981 20.2705 20.6842 19.8568 6.53624 0.712469 0.41371 0.0442168 0.0349258
0.000156293 32.6941 33.4039 31.9843 20.142 20.5544 19.7296 6.50234 0.709758 0.412377 0.0441832 0.0347898
0.000160717 32.4788 33.1858 31.7717 20.0142 20.4253 19.6032 6.46858 0.707056 0.411049 0.0441512 0.0346541
0.000165265 32.2646 32.9689 31.5602 19.887 20.2968 19.4773 6.43495 0.704363 0.409724 0.0441206 0.0345189
0.000169943 32.0515 32.7532 31.3498 19.7605 20.1689 19.3521 6.40144 0.701678 0.408403 0.0440917 0.0343841
0.000174753 31.8394 32.5385 31.1404 19.6346 20.0417 19.2275 6.36806 0.699003 0.407086 0.0440642 0.0342497
0.000179699 31.6285 32.3249 30.9322 19.5092 19.915 19.1035 6.33482 0.696336 0.405773 0.0440383 0.0341157
0.000184785 31.4188 32.1124 30.7251 19.3846 19.7891 18.9801 6.30169 0.693678 0.404464 0.0440139 0.0339821
0.000190015 31.21 31.901 30.519 19.2605 19.6637 18.8574 6.2687 0.691028 0.403158 0.0439911 0.0338489
0.000195393 31.0024 31.6908 30.314 19.1371 19.5389 18.7352 6.23583 0.688387 0.401857 0.0439698 0.0337161
0.000200923 30.7958 31.4816 30.1101 19.0142 19.4148 18.6136 6.20309 0.685754 0.400559 0.0439501 0.0335836
0.00020661 30.5903 31.2735 29.9072 18.892 19.2912 18.4927 6.17047 0.68313 0.399265 0.043932 0.0334516
0.000212458 30.386 31.0665 29.7055 18.7703 19.1683 18.3723 6.13798 0.680514 0.397974 0.0439155 0.03332
0.000218471 30.1826 30.8605 29.5047 18.6493 19.046 18.2526 6.10562 0.677906 0.396688 0.0439007 0.0331888
0.000224655 29.9803 30.6556 29.305 18.5288 18.9243 18.1334 6.07338 0.675307 0.395405 0.0438874 0.033058
0.000231013 29.7791 30.4518 29.1064 18.409 18.8031 18.0149 6.04126 0.672716 0.394126 0.0438757 0.0329275
0.000237551 29.5789 30.2491 28.9088 18.2898 18.6826 17.8969 6.00926 0.670132 0.39285 0.0438657 0.0327974
0.000244275 29.3798 30.0474 28.7123 18.1711 18.5627 17.7796 5.9774 0.667557 0.391578 0.0438572 0.0326677
0.000251189 29.1817 29.8467 28.5168 18.0531 18.4434 17.6627 5.94565 0.66499 0.39031 0.0438505 0.0325384
0.000258298 28.9847 29.6471 28.3223 17.9356 18.3247 17.5466 5.91402 0.662431 0.389046 0.0438454 0.0324095
0.000265609 28.7887 29.4486 28.1288 17.8187 18.2065 17.4309 5.88252 0.659879 0.387785 0.043842 0.032281
0.000273126 28.5937 29.2511 27.9364 17.7024 18.0889 17.3159 5.85114 0.657336 0.386527 0.0438402 0.0321527
0.000280857 28.3998 29.0546 27.745 17.5868 17.972 17.2015 5.81988 0.654799 0.385273 0.0438402 0.032025
0.000288806 28.2068 28.8591 27.5546 17.4716 17.8556 17.0876 5.78874 0.652271 0.384023 0.0438418 0.0318976
0.00029698 28.0149 28.6647 27.3652 17.357 17.7398 16.9742 5.75772 0.64975 0.382776 0.0438451 0.0317705
0.000305386 27.824 28.4712 27.1768 17.2431 17.6246 16.8615 5.72682 0.647237 0.381533 0.0438502 0.0316438
0.000314029 27.6341 28.2789 26.9894 17.1296 17.5099 16.7493 5.69604 0.644731 0.380293 0.0438569 0.0315174
0.000322917 27.4453 28.0875 26.803 17.0168 17.3958 16.6377 5.66538 0.642232 0.379057 0.0438654 0.0313915
0.000332057 27.2574 27.8971 26.6176 16.9045 17.2823 16.5267 5.63484 0.639741 0.377824 0.0438756 0.0312659
0.000341455 27.0705 27.7078 26.4333 16.7928 17.1694 16.4162 5.60441 0.637257 0.376594 0.0438876 0.0311406
0.000351119 26.8846 27.5194 26.2499 16.6816 17.057 16.3062 5.57411 0.634779 0.375368 0.0439013 0.0310157
0.000361057 26.6997 27.332 26.0674 16.571 16.9452 16.1969 5.54392 0.632309 0.374145 0.0439168 0.0308912
0.000371276 26.5158 27.1456 25.8859 16.461 16.8339 16.088 5.51385 0.629846 0.372926 0.0439341 0.030767
0.000381784 26.3328 26.9602 25.7054 16.3515 16.7232 15.9798 5.48389 0.62739 0.37171 0.0439531 0.0306432
0.00039259 26.1509 26.7759 25.526 16.2426 16.613 15.8721 5.45405 0.624941 0.370497 0.043974 0.0305197
0.000403702 25.9699 26.5924 25.3474 16.1342 16.5035 15.7649 5.42433 0.622498 0.369288 0.0439966 0.0303965
0.000415128 25.7898 26.4099 25.1698 16.0264 16.3945 15.6583 5.39472 0.620062 0.368081 0.044021 0.0302737
0.000426877 25.6108 26.2284 24.9932 15.9191 16.286 15.5522 5.36523 0.617633 0.366878 0.0440473 0.0301512
0.000438959 25.4327 26.0479 24.8175 15.8123 16.178 15.4467 5.33585 0.61521 0.365678 0.0440754 0.0300291
0.000451383 25.2555 25.8683 24.6427 15.7061 16.0706 15.3416 5.30659 0.612794 0.364482 0.0441053 0.0299073
0.000464159 25.0794 25.6898 24.469 15.6005 15.9638 15.2372 5.27744 0.610384 0.363288 0.0441371 0.0297858
0.000477296 24.9041 25.5121 24.2961 15.4953 15.8574 15.1332 5.2484 0.60798 0.362098 0.0441707 0.0296647
0.000490805 24.7298 25.3354 24.1242 15.3908 15.7517 15.0299 5.21948 0.605582 0.360911 0.0442061 0.0295439
0.000504697 24.5565 25.1596 23.9533 15.2867 15.6464 14.927 5.19067 0.60319 0.359726 0.0442435 0.0294234
0.000518981 24.384 24.9848 23.7832 15.1832 15.5418 14.8247 5.16198 0.600805 0.358545 0.0442827 0.0293033
0.00053367 24.2125 24.8109 23.6141 15.0802 15.4376 14.7228 5.13339 0.598425 0.357367 0.0443238 0.0291834
0.000548775 24.0419 24.638 23.4459 14.9777 15.3339 14.6215 5.10492 0.596051 0.356192 0.0443667 0.0290639
0.000564307 23.8723 24.466 23.2786 14.8758 15.2308 14.5208 5.07655 0.593683 0.35502 0.0444116 0.0289447
0.000580278 23.7035 24.2948 23.1122 14.7744 15.1282 14.4205 5.0483 0.591321 0.353851 0.0444584 0.0288258
0.000596702 23.5357 24.1246 22.9467 14.6735 15.0262 14.3208 5.02016 0.588964 0.352685 0.0445071 0.0287073
0.000613591 23.3688 23.9554 22.7822 14.573 14.9246 14.2215 4.99213 0.586612 0.351521 0.0445577 0.028589
0.000630957 23.2028 23.787 22.6185 14.4732 14.8236 14.1229 4.96421 0.584266 0.350361 0.0446102 0.028471
0.000648815 23.0377 23.6196 22.4558 14.3738 14.723 14.0246 4.93639 0.581925 0.349203 0.0446646 0.0283534
0.000667179 22.8735 23.4531 22.2939 14.275 14.623 13.9269 4.90869 0.579589 0.348048 0.044721 0.028236
0.000686062 22.7102 23.2875 22.133 14.1766 14.5235 13.8297 4.8811 0.577259 0.346896 0.0447793 0.028119
0.00070548 22.5478 23.1227 21.9728 14.0788 14.4245 13.733 4.85361 0.574933 0.345747 0.0448395 0.0280022
0.000725448 22.3863 22.9589 21.8136 13.9815 14.3261 13.6369 4.82623 0.572612 0.344601 0.0449018 0.0278857
0.00074598 22.2256 22.7959 21.6553 13.8846 14.228 13.5411 4.79896 0.570296 0.343457 0.0449659 0.0277695
0.000767094 22.0659 22.6338 21.4979 13.7882 14.1306 13.4459 4.77179 0.567985 0.342316 0.045032 0.0276536
0.000788805 21.9069 22.4726 21.3412 13.6925 14.0336 13.3513 4.74474 0.565678 0.341177 0.0451001 0.027538
0.000811131 21.7489 22.3123 21.1856 13.5971 13.9371 13.257 4.71778 0.563376 0.340042 0.0451701 0.0274227
0.000834088 21.5918 22.1529 21.0307 13.5022 13.8412 13.1633 4.69094 0.561078 0.338908 0.0452422 0.0273076
0.000857696 21.4355 21.9943 20.8767 13.4079 13.7457 13.0701 4.6642 0.558784 0.337778 0.0453161 0.0271928
0.000881971 21.2801 21.8366 20.7236 13.314 13.6507 12.9774 4.63756 0.556494 0.336649 0.0453921 0.0270783
0.000906934 21.1255 21.6797 20.5713 13.2206 13.5561 12.8851 4.61103 0.554209 0.335524 0.04547 0.0269641
0.000932603 20.9718 21.5237 20.4199 13.1277 13.4621 12.7933 4.58461 0.551927 0.3344 0.0455499 0.0268501
0.000958999 20.8189 21.3686 20.2693 13.0353 13.3686 12.702 4.55829 0.549649 0.33328 0.0456318 0.0267364
0.000986142 20.6669 21.2142 20.1195 12.9433 13.2755 12.6112 4.53207 0.547375 0.332161 0.0457157 0.0266229
0.00101405 20.5157 21.0608 19.9706 12.8519 13.1829 12.5208 4.50595 0.545104 0.331045 0.0458015 0.0265097
0.00104275 20.3654 20.9082 19.8225 12.7609 13.0908 12.4309 4.47994 0.542836 0.329931 0.0458893 0.0263968
0.00107227 20.2159 20.7564 19.6753 12.6703 12.9991 12.3415 4.45403 0.540572 0.32882 0.0459792 0.0262841
0.00110262 20.0672 20.6055 19.5289 12.5803 12.908 12.2526 4.42823 0.538311 0.327711 0.0460709 0.0261716
0.00113382 19.9193 20.4554 19.3833 12.4907 12.8173 12.1641 4.40252 0.536054 0.326604 0.0461647 0.0260594
0.00116591 19.7723 20.3061 19.2385 12.4016 12.7271 12.0761 4.37692 0.533799 0.325499 0.0462604 0.0259474
0.00119891 19.6261 20.1576 19.0945 12.3129 12.6373 11.9885 4.35142 0.531546 0.324396 0.0463581 0.0258357
0.00123285 19.4807 20.01 18.9514 12.2247 12.548 11.9014 4.32602 0.529297 0.323295 0.0464577 0.0257242
0.00126774 19.3361 19.8632 18.8091 12.137 12.4592 11.8148 4.30072 0.52705 0.322197 0.0465594 0.025613
0.00130362 19.1924 19.7172 18.6676 12.0497 12.3708 11.7286 4.27552 0.524805 0.3211 0.0466629 0.0255019
0.00134052 19.0494 19.572 18.5268 11.9629 12.2829 11.6429 4.25042 0.522563 0.320006 0.0467684 0.0253911
0.00137846 18.9073 19.4276 18.3869 11.8766 12.1955 11.5576 4.22542 0.520323 0.318913 0.0468759 0.0252805
0.00141747 18.7658 19.2839 18.2478 11.7906 12.1085 11.4728 4.20052 0.518084 0.317822 0.0469852 0.0251701
0.00145759 18.6253 19.1412 18.1095 11.7052 12.0219 11.3884 4.17571 0.515848 0.316734 0.0470965 0.0250599
0.00149885 18.4855 18.9991 17.9719 11.6202 11.9358 11.3045 4.15101 0.513613 0.315647 0.0472097 0.02495
0.00154127 18.3465 18.8579 17.8351 11.5356 11.8501 11.221 4.1264 0.511379 0.314561 0.0473248 0.0248402
0.00158489 18.2083 18.7174 17.6991 11.4514 11.7649 11.138 4.10189 0.509148 0.313478 0.0474418 0.0247306
0.00162975 18.0708 18.5777 17.5639 11.3678 11.6802 11.0554 4.07748 0.506917 0.312396 0.0475607 0.0246213
0.00167588 17.9342 18.4389 17.4295 11.2845 11.5958 10.9732 4.05317 0.504687 0.311316 0.0476814 0.0245121
0.00172331 17.7983 18.3008 17.2959 11.2017 11.5119 10.8915 4.02895 0.502458 0.310237 0.047804 0.0244031
0.00177209 17.6632 18.1634 17.163 11.1193 11.4285 10.8102 4.00483 0.50023 0.30916 0.0479284 0.0242943
0.00182224 17.5288 18.0268 17.0308 11.0374 11.3455 10.7293 3.9808 0.498002 0.308084 0.0480546 0.0241857
0.00187382 17.3952 17.891 16.8994 10.9559 11.2629 10.6488 3.95687 0.495775 0.30701 0.0481826 0.0240772
0.00192685 17.2624 17.756 16.7689 10.8748 11.1807 10.5688 3.93304 0.493548 0.305938 0.0483123 0.023969
0.00198139 17.1303 17.6217 16.639 10.7941 11.099 10.4892 3.9093 0.491321 0.304866 0.0484439 0.0238609
0.00203747 16.999 17.4881 16.5099 10.7139 11.0177 10.4101 3.88565 0.489095 0.303796 0.0485771 0.0237529
0.00209514 16.8684 17.3553 16.3815 10.634 10.9368 10.3313 3.8621 0.486867 0.302727 0.0487121 0.0236451
0.00215443 16.7386 17.2232 16.2539 10.5546 10.8563 10.253 3.83865 0.48464 0.30166 0.0488487 0.0235375
0.00221541 16.6095 17.0919 16.1271 10.4757 10.7763 10.1751 3.81528 0.482411 0.300593 0.048987 0.02343
0.00227812 16.4811 16.9613 16.0009 10.3971 10.6966 10.0976 3.79201 0.480182 0.299528 0.0491269 0.0233227
0.00234259 16.3535 16.8314 15.8755 10.3189 10.6174 10.0205 3.76883 0.477952 0.298463 0.0492683 0.0232155
0.0024089 16.2266 16.7023 15.7509 10.2412 10.5386 9.9438 3.74575 0.47572 0.2974 0.0494114 0.0231084
0.00247708 16.1004 16.5739 15.6269 10.1639 10.4602 9.86753 3.72276 0.473487 0.296337 0.049556 0.0230015
0.00254719 15.975 16.4462 15.5037 10.0869 10.3822 9.79166 3.69986 0.471253 0.295276 0.049702 0.0228947
0.00261928 15.8503 16.3193 15.3813 10.0104 10.3046 9.7162 3.67705 0.469017 0.294215 0.0498495 0.022788
0.00269341 15.7263 16.1931 15.2595 9.93429 10.2274 9.64113 3.65433 0.466779 0.293155 0.0499984 0.0226815
0.00276965 15.6029 16.0675 15.1384 9.85856 10.1507 9.56647 3.6317 0.464538 0.292095 0.0501487 0.022575
0.00284804 15.4804 15.9427 15.0181 9.78324 10.0743 9.4922 3.60916 0.462296 0.291037 0.0503003 0.0224687
0.00292864 15.3585 15.8185 14.8984 9.70831 9.99829 9.41834 3.58672 0.46005 0.289978 0.0504532 0.0223624
0.00301153 15.2374 15.6952 14.7796 9.63377 9.92269 9.34485 3.56436 0.457802 0.288921 0.0506073 0.0222563
0.00309677 15.1169 15.5724 14.6613 9.55963 9.84749 9.27177 3.54209 0.455551 0.287863 0.0507626 0.0221502
0.00318442 14.9971 15.4504 14.5438 9.48588 9.77269 9.19908 3.51991 0.453296 0.286806 0.050919 0.0220443
0.00327455 14.878 15.329 14.427 9.41251 9.69826 9.12676 3.49782 0.451039 0.285749 0.0510765 0.0219384
0.00336723 14.7596 15.2084 14.3108 9.33953 9.62422 9.05484 3.47582 0.448777 0.284693 0.051235 0.0218326
0.00346253 14.6419 15.0884 14.1954 9.26693 9.55057 8.98329 3.4539 0.446512 0.283636 0.0513945 0.0217268
0.00356053 14.5248 14.9691 14.0806 9.19471 9.47729 8.91213 3.43208 0.444242 0.28258 0.0515549 0.0216211
0.00366131 14.4085 14.8505 13.9665 9.12287 9.40439 8.84134 3.41034 0.441968 0.281524 0.051716 0.0215155
0.00376494 14.2928 14.7325 13.8531 9.0514 9.33187 8.77093 3.38869 0.439689 0.280467 0.051878 0.02141
0.0038715 14.1778 14.6152 13.7404 8.98031 9.25972 8.7009 3.36712 0.437406 0.279411 0.0520406 0.0213045
0.00398107 14.0635 14.4986 13.6284 8.90959 9.18794 8.63124 3.34564 0.435118 0.278354 0.0522038 0.021199
0.00409375 13.9498 14.3827 13.517 8.83924 9.11654 8.56194 3.32425 0.432824 0.277297 0.0523676 0.0210936
0.00420962 13.8368 14.2673 13.4063 8.76926 9.04549 8.49302 3.30294 0.430525 0.276239 0.0525319 0.0209882
0.00432876 13.7245 14.1527 13.2963 8.69964 8.97482 8.42446 3.28171 0.42822 0.275181 0.0526965 0.0208828
0.00445128 13.6128 14.0387 13.1869 8.63038 8.9045 8.35626 3.26058 0.425909 0.274123 0.0528614 0.0207774
0.00457727 13.5017 13.9253 13.0781 8.56149 8.83455 8.28842 3.23952 0.423591 0.273063 0.0530265 0.0206721
0.00470682 13.3913 13.8126 12.9701 8.49295 8.76496 8.22095 3.21855 0.421267 0.272003 0.0531917 0.0205667
0.00484003 13.2816 13.7006 12.8627 8.42476 8.69571 8.15382 3.19766 0.418937 0.270943 0.0533569 0.0204614
0.00497702 13.1725 13.5891 12.7559 8.35694 8.62682 8.08706 3.17686 0.416599 0.269881 0.053522 0.020356
0.00511789 13.064 13.4783 12.6498 8.28946 8.55828 8.02065 3.15614 0.414254 0.268818 0.053687 0.0202507
0.00526274 12.9562 13.3681 12.5443 8.22234 8.4901 7.95459 3.1355 0.411902 0.267754 0.0538516 0.0201453
0.0054117 12.849 13.2586 12.4395 8.15556 8.42225 7.88887 3.11495 0.409541 0.266689 0.0540158 0.0200399
0.00556486 12.7425 13.1497 12.3353 8.08913 8.35475 7.8235 3.09447 0.407173 0.265623 0.0541795 0.0199344
0.00572237 12.6365 13.0413 12.2317 8.02303 8.28759 7.75848 3.07408 0.404796 0.264555 0.0543425 0.019829
0.00588433 12.5312 12.9336 12.1287 7.95728 8.22077 7.6938 3.05377 0.402411 0.263486 0.0545048 0.0197234
0.00605088 12.4265 12.8265 12.0265 7.89187 8.15428 7.62945 3.03353 0.400017 0.262415 0.0546662 0.0196179
0.00622213 12.3224 12.72 11.9248 7.82678 8.08813 7.56544 3.01338 0.397613 0.261343 0.0548266 0.0195122
0.00639824 12.2189 12.6141 11.8237 7.76204 8.02231 7.50177 2.99331 0.395201 0.260268 0.0549858 0.0194065
0.00657933 12.1161 12.5088 11.7233 7.69762 7.95681 7.43843 2.97332 0.392778 0.259192 0.0551437 0.0193008
0.00676555 12.0138 12.4042 11.6235 7.63354 7.89165 7.37542 2.9534 0.390346 0.258114 0.0553002 0.0191949
0.00695704 11.9121 12.3 11.5242 7.56977 7.82681 7.31274 2.93357 0.387904 0.257033 0.0554551 0.019089
0.00715394 11.8111 12.1965 11.4256 7.50634 7.76229 7.25039 2.91381 0.385451 0.255951 0.0556082 0.0189829
0.00735642 11.7106 12.0936 11.3276 7.44322 7.69808 7.18835 2.89413 0.382987 0.254866 0.0557594 0.0188768
0.00756463 11.6107 11.9913 11.2302 7.38042 7.63419 7.12664 2.87453 0.380512 0.253778 0.0559086 0.0187706
0.00777874 11.5115 11.8895 11.1334 7.31793 7.57062 7.06524 2.855 0.378026 0.252688 0.0560556 0.0186642
0.0079989 11.4128 11.7883 11.0372 7.25576 7.50735 7.00416 2.83555 0.375529 0.251596 0.0562002 0.0185577
0.0082253 11.3147 11.6877 10.9416 7.1939 7.4444 6.9434 2.81617 0.373019 0.2505 0.0563422 0.0184511
0.0084581 11.2171 11.5876 10.8466 7.13236 7.38176 6.88295 2.79688 0.370498 0.249401 0.0564815 0.0183444
0.00869749 11.1202 11.4881 10.7522 7.07111 7.31941 6.82281 2.77765 0.367964 0.2483 0.0566178 0.0182375
0.00894366 11.0238 11.3892 10.6584 7.01017 7.25736 6.76297 2.7585 0.365417 0.247195 0.056751 0.0181305
0.00919679 10.9279 11.2908 10.5651 6.94953 7.19562 6.70344 2.73942 0.362858 0.246087 0.0568809 0.0180233
0.00945709 10.8327 11.193 10.4724 6.88919 7.13416 6.64421 2.72042 0.360286 0.244975 0.0570073 0.0179159
0.00972476 10.738 11.0957 10.3803 6.82914 7.073 6.58528 2.70149 0.3577 0.24386 0.05713 0.0178084
0.01 10.6439 10.999 10.2888 6.76939 7.01213 6.52665 2.68263 0.3551 0.24274 0.0572488 0.0177007
0.010283 10.5503 10.9028 10.1978 6.70993 6.95154 6.46831 2.66385 0.352487 0.241617 0.0573634 0.0175928
0.0105741 10.4572 10.8071 10.1074 6.65076 6.89125 6.41027 2.64513 0.34986 0.24049 0.0574737 0.0174847
0.0108734 10.3648 10.712 10.0175 6.59187 6.83123 6.35251 2.62649 0.347218 0.239359 0.0575795 0.0173764
0.0111811 10.2728 10.6174 9.92827 6.53326 6.77149 6.29504 2.60791 0.344562 0.238224 0.0576804 0.0172679
0.0114976 10.1814 10.5233 9.83955 6.47494 6.71203 6.23786 2.58941 0.34189 0.237083 0.0577764 0.0171591
0.011823 10.0906 10.4298 9.75138 6.41689 6.65283 6.18095 2.57097 0.339204 0.235939 0.0578671 0.0170502
0.0121576 10.0003 10.3368 9.66376 6.35912 6.59391 6.12433 2.55261 0.336503 0.234789 0.0579522 0.016941
0.0125017 9.91047 10.2443 9.57669 6.30162 6.53525 6.06798 2.53431 0.333786 0.233635 0.0580317 0.0168316
0.0128556 9.82121 10.1523 9.49015 6.24438 6.47686 6.01191 2.51607 0.331053 0.232475 0.0581052 0.0167219
0.0132194 9.73247 10.0608 9.40416 6.18742 6.41873 5.95611 2.49791 0.328304 0.231311 0.0581725 0.0166119
0.0135936 9.64425 9.96979 9.31871 6.13071 6.36085 5.90057 2.47981 0.32554 0.23014 0.0582333 0.0165017
0.0139783 9.55655 9.87931 9.23379 6.07427 6.30323 5.8453 2.46177 0.322759 0.228964 0.0582874 0.0163912
0.0143739 9.46936 9.78933 9.1494 6.01808 6.24587 5.7903 2.4438 0.319962 0.227783 0.0583345 0.0162805
0.0147808 9.38269 9.69984 9.06554 5.96215 6.18875 5.73556 2.4259 0.317148 0.226595 0.0583743 0.0161694
0.0151991 9.29652 9.61084 8.9822 5.90647 6.13187 5.68107 2.40805 0.314318 0.225402 0.0584067 0.0160581
0.0156293 9.21085 9.52232 8.89938 5.85104 6.07524 5.62684 2.39027 0.311471 0.224202 0.0584312 0.0159465
0.0160717 9.12569 9.43429 8.81708 5.79585 6.01885 5.57286 2.37255 0.308606 0.222996 0.0584477 0.0158345
0.0165265 9.04102 9.34674 8.73529 5.74091 5.96269 5.51913 2.3549 0.305725 0.221783 0.0584559 0.0157223
0.0169943 8.95684 9.25966 8.65401 5.68621 5.90677 5.46564 2.3373 0.302827 0.220563 0.0584555 0.0156097
0.0174753 8.87315 9.17306 8.57324 5.63174 5.85108 5.4124 2.31976 0.299912 0.219336 0.0584463 0.0154967
0.0179699 8.78994 9.08692 8.49297 5.57751 5.79561 5.3594 2.30228 0.296979 0.218102 0.0584279 0.0153835
0.0184785 8.70723 9.00125 8.4132 5.5235 5.74036 5.30664 2.28486 0.294029 0.216861 0.0584001 0.0152699
0.0190015 8.62498 8.91604 8.33392 5.46972 5.68534 5.25411 2.26749 0.291061 0.215612 0.0583626 0.0151559
0.0195393 8.54322 8.83129 8.25514 5.41617 5.63053 5.20181 2.25019 0.288077 0.214356 0.0583152 0.0150416
0.0200923 8.46192 8.74699 8.17684 5.36284 5.57593 5.14974 2.23293 0.285075 0.213091 0.0582575 0.0149269
0.020661 8.38109 8.66315 8.09904 5.30972 5.52154 5.0979 2.21573 0.282055 0.211819 0.0581894 0.0148119
0.0212458 8.30072 8.57974 8.02171 5.25682 5.46735 5.04628 2.19859 0.279019 0.210538 0.0581105 0.0146964
0.0218471 8.22082 8.49678 7.94485 5.20412 5.41337 4.99488 2.18149 0.275965 0.209249 0.0580205 0.0145806
0.0224655 8.14137 8.41426 7.86847 5.15164 5.35959 4.94369 2.16445 0.272894 0.207951 0.0579193 0.0144644
0.0231013 8.06237 8.33217 7.79256 5.09936 5.306 4.89271 2.14746 0.269806 0.206644 0.0578065 0.0143478
0.0237551 7.98382 8.25052 7.71711 5.04727 5.2526 4.84195 2.13051 0.266701 0.205327 0.0576819 0.0142308
0.0244275 7.90571 8.16929 7.64213 4.99539 5.19939 4.79139 2.11362 0.26358 0.204002 0.0575452 0.0141133
0.0251189 7.82805 8.08849 7.5676 4.9437 5.14636 4.74103 2.09677 0.260442 0.202667 0.0573962 0.0139955
0.0258298 7.75082 8.0081 7.49353 4.89219 5.09352 4.69087 2.07997 0.257288 0.201322 0.0572347 0.0138772
0.0265609 7.67403 7.92814 7.41991 4.84088 5.04085 4.64091 2.06321 0.254118 0.199968 0.0570604 0.0137585
0.0273126 7.59766 7.84859 7.34672 4.78974 4.98835 4.59114 2.0465 0.250932 0.198603 0.056873 0.0136394
0.0280857 7.52172 7.76945 7.27399 4.73879 4.93602 4.54156 2.02983 0.247731 0.197228 0.0566725 0.0135199
0.0288806 7.44619 7.69071 7.20168 4.68801 4.88385 4.49216 2.0132 0.244514 0.195843 0.0564585 0.0133998
0.029698 7.37109 7.61237 7.12981 4.6374 4.83185 4.44295 1.9966 0.241283 0.194447 0.056231 0.0132794
0.0305386 7.2964 7.53444 7.05836 4.58696 4.78 4.39392 1.98005 0.238037 0.193039 0.0559896 0.0131585
0.0314029 7.22212 7.4569 6.98734 4.53668 4.7283 4.34506 1.96354 0.234778 0.191621 0.0557342 0.0130371
0.0322917 7.14825 7.37975 6.91674 4.48656 4.67675 4.29637 1.94706 0.231504 0.190191 0.0554646 0.0129153
0.0332057 7.07477 7.30299 6.84655 4.43659 4.62534 4.24784 1.93061 0.228218 0.18875 0.0551808 0.012793
0.0341455 7.00169 7.22661 6.77677 4.38678 4.57407 4.19948 1.9142 0.22492 0.187297 0.0548825 0.0126703
0.0351119 6.92899 7.1506 6.70738 4.33711 4.52295 4.15128 1.89781 0.221609 0.185832 0.0545696 0.0125471
0.0361057 6.85669 7.07498 6.6384 4.28759 4.47195 4.10324 1.88146 0.218287 0.184355 0.054242 0.0124234
0.0371276 6.78477 6.99972 6.56981 4.23821 4.42108 4.05535 1.86514 0.214955 0.182865 0.0538997 0.0122992
0.0381784 6.71322 6.92484 6.50161 4.18896 4.37032 4.0076 1.84884 0.211612 0.181363 0.0535425 0.0121746
0.039259 6.64205 6.85031 6.43379 4.13985 4.31969 3.96 1.83257 0.20826 0.179848 0.0531705 0.0120494
0.0403702 6.57125 6.77615 6.36635 4.09086 4.26918 3.91254 1.81631 0.204899 0.178321 0.0527834 0.0119238
0.0415128 6.50081 6.70235 6.29928 4.04199 4.21877 3.86521 1.80008 0.201531 0.17678 0.0523814 0.0117977
0.0426877 6.43073 6.62889 6.23258 3.99325 4.16847 3.81802 1.78387 0.198155 0.175225 0.0519645 0.0116712
0.0438959 6.361 6.55578 6.16623 3.94462 4.11828 3.77096 1.76768 0.194773 0.173658 0.0515326 0.0115441
0.0451383 6.29162 6.48301 6.10024 3.89609 4.06817 3.72402 1.7515 0.191386 0.172076 0.0510857 0.0114166
0.0464159 6.22259 6.41058 6.03459 3.84768 4.01816 3.6772 1.73534 0.187994 0.170481 0.050624 0.0112886
0.0477296 6.15389 6.33849 5.96929 3.79936 3.96823 3.63049 1.71918 0.1846 0.168872 0.0501476 0.0111601
0.0490805 6.08552 6.26673 5.90432 3.75115 3.91839 3.5839 1.70304 0.181202 0.167248 0.0496564 0.0110311
0.0504697 6.01749 6.19529 5.83968 3.70302 3.86863 3.53741 1.6869 0.177803 0.165611 0.0491507 0.0109016
0.0518981 5.94977 6.12417 5.77536 3.65498 3.81894 3.49103 1.67077 0.174404 0.163959 0.0486306 0.0107717
0.053367 5.88237 6.05337 5.71136 3.60703 3.76933 3.44474 1.65464 0.171005 0.162292 0.0480963 0.0106413
0.0548775 5.81527 5.98288 5.64767 3.55916 3.71977 3.39855 1.63851 0.167609 0.16061 0.047548 0.0105104
0.0564307 5.74849 5.9127 5.58427 3.51136 3.67028 3.35245 1.62238 0.164215 0.158914 0.0469859 0.010379
0.0580278 5.682 5.84282 5.52117 3.46364 3.62084 3.30644 1.60625 0.160825 0.157202 0.0464102 0.0102472
0.0596702 5.61579 5.77324 5.45835 3.41598 3.57145 3.2605 1.59011 0.157441 0.155476 0.0458212 0.010115
0.0613591 5.54988 5.70395 5.39582 3.36838 3.52211 3.21464 1.57396 0.154064 0.153734 0.0452193 0.00998224
0.0630957 5.48425 5.63494 5.33355 3.32084 3.47281 3.16886 1.5578 0.150694 0.151977 0.0446047 0.00984908
0.0648815 5.41888 5.56621 5.27155 3.27335 3.42356 3.12315 1.54162 0.147334 0.150205 0.0439777 0.00971547
0.0667179 5.35377 5.49776 5.20979 3.22591 3.37433 3.07749 1.52543 0.143985 0.148417 0.0433389 0.00958144
0.0686062 5.28893 5.42957 5.14828 3.17852 3.32514 3.03191 1.50921 0.140647 0.146614 0.0426884 0.00944698
0.070548 5.22433 5.36165 5.087 3.13117 3.27596 2.98637 1.49298 0.137323 0.144796 0.0420269 0.00931211
0.0725448 5.15997 5.29399 5.02596 3.08385 3.22681 2.94088 1.47672 0.134014 0.142962 0.0413546 0.00917683
0.074598 5.09585 5.22657 4.96513 3.03656 3.17767 2.89545 1.46043 0.130721 0.141112 0.0406721 0.00904116
0.0767094 5.03195 5.1594 4.90451 2.98931 3.12855 2.85006 1.44411 0.127445 0.139247 0.0399798 0.00890511
0.0788805 4.96827 5.09246 4.84408 2.94207 3.07943 2.8047 1.42776 0.124189 0.137367 0.0392784 0.00876869
0.0811131 4.9048 5.02575 4.78384 2.89486 3.03033 2.75939 1.41137 0.120953 0.135471 0.0385682 0.00863191
0.0834088 4.84152 4.95926 4.72378 2.84766 2.98122 2.7141 1.39494 0.117739 0.13356 0.0378498 0.0084948
0.0857696 4.77843 4.89298 4.66388 2.80047 2.93211 2.66884 1.37847 0.114548 0.131634 0.0371238 0.00835735
0.0881971 4.71552 4.82691 4.60414 2.7533 2.88299 2.62361 1.36196 0.111382 0.129693 0.0363908 0.00821958
0.0906934 4.65279 4.76103 4.54454 2.70613 2.83387 2.5784 1.34539 0.108243 0.127737 0.0356514 0.00808153
0.0932603 4.59021 4.69534 4.48507 2.65897 2.78473 2.5332 1.32877 0.105132 0.125766 0.0349063 0.0079432
0.0958999 4.52778 4.62983 4.42573 2.6118 2.73558 2.48802 1.3121 0.10205 0.12378 0.0341559 0.00780461
0.0986142 4.46549 4.56449 4.36649 2.56463 2.68641 2.44285 1.29537 0.098999 0.12178 0.033401 0.00766579
0.101405 4.40332 4.4993 4.30734 2.51746 2.63723 2.3977 1.27859 0.0959802 0.119766 0.0326423 0.00752675
0.104275 4.34128 4.43427 4.24828 2.47028 2.58802 2.35254 1.26173 0.0929951 0.117739 0.0318804 0.00738753
0.107227 4.27933 4.36937 4.18928 2.42309 2.53878 2.30739 1.24481 0.0900451 0.115698 0.0311159 0.00724814
0.110262 4.21747 4.3046 4.13034 2.37589 2.48953 2.26225 1.22783 0.0871315 0.113643 0.0303496 0.0071086
0.113382 4.1557 4.23995 4.07144 2.32868 2.44025 2.2171 1.21076 0.0842559 0.111576 0.0295822 0.00696895
0.116591 4.09399 4.17541 4.01257 2.28145 2.39094 2.17195 1.19363 0.0814194 0.109497 0.0288143 0.00682922
0.119891 4.03232 4.11095 3.9537 2.23421 2.34162 2.12681 1.17641 0.0786234 0.107405 0.0280466 0.00668944
0.123285 3.9707 4.04657 3.89483 2.18695 2.29226 2.08165 1.15912 0.0758692 0.105303 0.0272799 0.00654964
0.126774 3.9091 3.98226 3.83594 2.13969 2.24288 2.0365 1.14174 0.073158 0.103189 0.0265148 0.00640985
0.130362 3.84751 3.918 3.77702 2.09241 2.19348 1.99135 1.12428 0.070491 0.101065 0.025752 0.00627011
0.134052 3.78591 3.85378 3.71804 2.04512 2.14406 1.94619 1.10672 0.0678693 0.0989309 0.0249922 0.00613047
0.137846 3.72429 3.78959 3.659 1.99783 2.09462 1.90104 1.08908 0.065294 0.096788 0.0242362 0.00599095
0.141747 3.66263 3.7254 3.59986 1.95053 2.04517 1.85589 1.07134 0.0627663 0.0946367 0.0234845 0.0058516
0.145759 3.60091 3.6612 3.54063 1.90323 1.99571 1.81075 1.05351 0.060287 0.0924777 0.0227379 0.00571247
0.149885 3.53913 3.59698 3.48127 1.85593 1.94625 1.76562 1.03559 0.0578572 0.0903118 0.021997 0.0055736
0.154127 3.47725 3.53273 3.42177 1.80865 1.89679 1.72051 1.01756 0.0554777 0.0881399 0.0212624 0.00543504
0.158489 3.41527 3.46841 3.36212 1.76137 1.84734 1.67541 0.999443 0.0531493 0.0859628 0.0205349 0.00529685
0.162975 3.35316 3.40403 3.30229 1.71413 1.79791 1.63035 0.981223 0.0508729 0.0837814 0.0198149 0.00515908
0.167588 3.29091 3.33956 3.24226 1.66691 1.74851 1.58532 0.962902 0.0486491 0.0815968 0.0191032 0.00502178
0.172331 3.2285 3.27498 3.18202 1.61974 1.69915 1.54033 0.944481 0.0464785 0.07941 0.0184003 0.00488501
0.177209 3.16591 3.21027 3.12155 1.57262 1.64984 1.4954 0.92596 0.0443618 0.077222 0.0177068 0.00474885
0.182224 3.10313 3.14543 3.06083 1.52557 1.6006 1.45053 0.907341 0.0422994 0.075034 0.0170232 0.00461335
0.187382 3.04012 3.08042 2.99983 1.47859 1.55144 1.40574 0.888623 0.0402917 0.0728472 0.01635 0.00447858
0.192685 2.97688 3.01522 2.93854 1.43171 1.50237 1.36105 0.869808 0.0383392 0.0706628 0.0156879 0.00434462
0.198139 2.91339 2.94983 2.87695 1.38495 1.45343 1.31646 0.850899 0.0364421 0.0684822 0.0150372 0.00421154
0.203747 2.84963 2.88423 2.81503 1.33831 1.40462 1.272 0.831897 0.0346006 0.0663067 0.0143985 0.00407941
0.209514 2.78557 2.81839 2.75276 1.29183 1.35597 1.22769 0.812807 0.0328148 0.0641378 0.0137722 0.00394833
0.215443 2.72121 2.75229 2.69012 1.24553 1.3075 1.18355 0.793632 0.031085 0.0619769 0.0131586 0.00381836
0.221541 2.65652 2.68593 2.62711 1.19942 1.25925 1.1396 0.774376 0.029411 0.0598254 0.0125583 0.00368961
0.227812 2.59149 2.61928 2.5637 1.15355 1.21124 1.09587 0.755044 0.0277927 0.0576851 0.0119716 0.00356216
0.234259 2.52611 2.55234 2.49988 1.10794 1.16349 1.05238 0.735643 0.0262302 0.0555575 0.0113987 0.0034361
0.24089 2.46036 2.48508 2.43564 1.06262 1.11607 1.00918 0.716179 0.024723 0.0534444 0.0108401 0.00331154
0.247708 2.39423 2.4175 2.37096 1.01764 1.06898 0.966288 0.696659 0.023271 0.0513474 0.0102961 0.00318857
0.254719 2.32772 2.34959 2.30585 0.973025 1.02229 0.923757 0.677092 0.0218738 0.0492684 0.00976681 0.00306729
0.261928 2.26081 2.28134 2.24028 0.928835 0.976044 0.881626 0.657488 0.0205311 0.0472092 0.0092526 0.0029478
0.269341 2.19352 2.21276 2.17428 0.88512 0.930291 0.839948 0.637855 0.0192422 0.0451716 0.00875365 0.00283022
0.276965 2.12585 2.14386 2.10784 0.841945 0.885102 0.798787 0.618206 0.0180066 0.0431576 0.00827014 0.00271463
0.284804 2.05782 2.07464 2.041 0.799398 0.840567 0.758229 0.598552 0.0168239 0.0411692 0.00780223 0.00260113
0.292864 1.98949 2.00518 1.97379 0.757625 0.796833 0.718417 0.578907 0.0156931 0.0392082 0.00735001 0.00248981
0.301153 1.92103 1.93564 1.90641 0.717004 0.754281 0.679728 0.559286 0.0146137 0.0372766 0.00691353 0.0023807
0.309677 1.85519 1.86878 1.84161 0.683563 0.718939 0.648187 0.539705 0.0135845 0.0353763 0.00649263 0.00227364
0.318442 1.79805 1.81125 1.78484 0.657441 0.692104 0.622779 0.532318 0.0132052 0.0346624 0.0063348 0.00223117
0.321833 1.77253 1.78537 1.7597 0.642639 0.676599 0.608678 0.525017 0.0128368 0.0339608 0.00618082 0.00218943
0.325224 1.74725 1.75973 1.73477 0.628094 0.661365 0.594823 0.517801 0.0124789 0.0332713 0.00603057 0.0021484
0.328614 1.72218 1.73431 1.71005 0.613804 0.646398 0.58121 0.510669 0.0121313 0.0325937 0.00588396 0.00210808
0.332005 1.69733 1.70912 1.68554 0.599764 0.631692 0.567837 0.50362 0.0117936 0.0319278 0.00574089 0.00206843
0.335396 1.6727 1.68416 1.66123 0.585972 0.617246 0.554699 0.496652 0.0114654 0.0312734 0.00560126 0.00202946
0.338787 1.64827 1.65942 1.63712 0.572424 0.603054 0.541794 0.489765 0.0111465 0.0306303 0.00546499 0.00199115
0.342178 1.62406 1.63489 1.61322 0.559117 0.589115 0.529118 0.482959 0.0108366 0.0299984 0.00533199 0.0019535
0.345569 1.60005 1.61058 1.58951 0.546046 0.575424 0.516669 0.476231 0.0105355 0.0293775 0.00520218 0.00191647
0.348959 1.57624 1.58648 1.566 0.53321 0.561978 0.504443 0.469582 0.0102428 0.0287674 0.00507546 0.00188008
0.35235 1.55264 1.5626 1.54268 0.520605 0.548773 0.492437 0.463009 0.00995824 0.0281679 0.00495177 0.0018443
0.355741 1.52923 1.53892 1.51955 0.508228 0.535806 0.480649 0.456513 0.00968167 0.0275789 0.00483103 0.00180912
0.359132 1.50602 1.51544 1.49661 0.496075 0.523075 0.469075 0.450093 0.0094128 0.0270001 0.00471315 0.00177454
0.362523 1.48301 1.49217 1.47386 0.484144 0.510576 0.457713 0.443747 0.00915141 0.0264315 0.00459806 0.00174054
0.365914 1.4602 1.4691 1.4513 0.472433 0.498306 0.44656 0.437475 0.00889727 0.0258729 0.00448571 0.00170712
0.369305 1.43758 1.44623 1.42893 0.460937 0.486261 0.435613 0.431275 0.00865015 0.0253241 0.004376 0.00167425
0.372695 1.41514 1.42355 1.40673 0.449654 0.474439 0.424869 0.425148 0.00840986 0.024785 0.00426889 0.00164194
0.376086 1.3929 1.40108 1.38473 0.438582 0.462837 0.414326 0.419092 0.00817619 0.0242554 0.0041643 0.00161017
0.379477 1.37085 1.3788 1.3629 0.427717 0.451452 0.403982 0.413107 0.00794894 0.0237352 0.00406217 0.00157893
0.382868 1.34898 1.35671 1.34125 0.417057 0.440282 0.393833 0.407192 0.00772793 0.0232242 0.00396243 0.00154822
0.386259 1.3273 1.33482 1.31979 0.4066 0.429323 0.383878 0.401345 0.00751297 0.0227222 0.00386504 0.00151803
0.38965 1.30581 1.31311 1.29851 0.396342 0.418572 0.374113 0.395566 0.00730388 0.0222293 0.00376993 0.00148834
0.39304 1.2845 1.2916 1.2774 0.386282 0.408027 0.364537 0.389855 0.0071005 0.0217451 0.00367704 0.00145915
0.396431 1.26338 1.27028 1.25647 0.376415 0.397685 0.355146 0.384211 0.00690266 0.0212696 0.00358632 0.00143045
0.399822 1.24244 1.24915 1.23573 0.366741 0.387543 0.345938 0.378632 0.0067102 0.0208026 0.00349772 0.00140223
0.403213 1.22168 1.2282 1.21516 0.357256 0.3776 0.336911 0.373119 0.00652297 0.0203441 0.00341119 0.00137448
0.406604 1.2011 1.20744 1.19476 0.347957 0.367851 0.328064 0.36767 0.00634081 0.0198938 0.00332666 0.00134719
0.409995 1.18071 1.18687 1.17454 0.338844 0.358295 0.319392 0.362284 0.00616358 0.0194517 0.00324411 0.00132037
0.413385 1.1605 1.16649 1.15451 0.329912 0.34893 0.310895 0.356962 0.00599114 0.0190176 0.00316347 0.00129399
0.416776 1.14046 1.14629 1.13464 0.321159 0.339751 0.302568 0.351702 0.00582336 0.0185914 0.0030847 0.00126806
0.420167 1.12061 1.12627 1.11495 0.312584 0.330757 0.294411 0.346503 0.0056601 0.018173 0.00300776 0.00124256
0.423558 1.10094 1.10644 1.09544 0.304184 0.321946 0.286422 0.341365 0.00550123 0.0177622 0.0029326 0.00121748
0.426949 1.08145 1.08679 1.0761 0.295956 0.313315 0.278597 0.336288 0.00534664 0.017359 0.00285918 0.00119283
0.43034 1.06214 1.06733 1.05694 0.287898 0.304861 0.270935 0.33127 0.0051962 0.0169632 0.00278746 0.00116859
0.43373 1.043 1.04805 1.03795 0.280007 0.296582 0.263433 0.32631 0.00504979 0.0165747 0.00271739 0.00114475
0.437121 1.02405 1.02895 1.01914 0.272283 0.288476 0.256089 0.321409 0.00490731 0.0161934 0.00264895 0.00112132
0.440512 1.00527 1.01004 1.0005 0.264721 0.28054 0.248902 0.316565 0.00476865 0.0158192 0.00258208 0.00109828
0.443903 0.986677 0.991311 0.982043 0.25732 0.272772 0.241868 0.311778 0.0046337 0.015452 0.00251676 0.00107563
0.447294 0.968263 0.972765 0.963761 0.250078 0.26517 0.234986 0.307047 0.00450235 0.0150916 0.00245294 0.00105335
0.450685 0.950029 0.954403 0.945654 0.242992 0.25773 0.228254 0.302372 0.00437452 0.0147381 0.0023906 0.00103145
0.454075 0.931978 0.936228 0.927728 0.23606 0.250451 0.221669 0.297751 0.0042501 0.0143912 0.00232969 0.00100992
0.457466 0.914101 0.91823 0.909972 0.229281 0.243331 0.21523 0.293185 0.00412899 0.0140508 0.00227019 0.000988753
0.460857 0.896407 0.900418 0.892396 0.22265 0.236367 0.208933 0.288672 0.00401112 0.0137169 0.00221206 0.000967942
0.464248 0.878891 0.882787 0.874994 0.216167 0.229557 0.202778 0.284212 0.00389639 0.0133894 0.00215526 0.000947481
0.467639 0.861557 0.865342 0.857772 0.20983 0.222899 0.196762 0.279805 0.00378471 0.0130681 0.00209978 0.000927365
0.47103 0.844402 0.848078 0.840726 0.203636 0.216389 0.190883 0.275449 0.00367601 0.012753 0.00204557 0.000907589
0.47442 0.827429 0.831 0.823859 0.197584 0.210028 0.18514 0.271144 0.0035702 0.012444 0.00199261 0.000888148
0.477811 0.810638 0.814105 0.807171 0.191669 0.20381 0.179528 0.26689 0.00346721 0.0121409 0.00194087 0.000869036
0.481202 0.794028 0.797395 0.790661 0.185892 0.197736 0.174048 0.262685 0.00336696 0.0118437 0.00189033 0.000850249
0.484593 0.7776 0.780869 0.774331 0.18025 0.191802 0.168698 0.25853 0.00326938 0.0115523 0.00184094 0.00083178
0.487984 0.761354 0.764528 0.758179 0.17474 0.186007 0.163474 0.254424 0.00317439 0.0112667 0.0017927 0.000813626
0.491375 0.74529 0.748372 0.742208 0.169361 0.180347 0.158374 0.250366 0.00308193 0.0109866 0.00174557 0.000795781
0.494765 0.729409 0.732401 0.726417 0.16411 0.174822 0.153398 0.246356 0.00299194 0.010712 0.00169953 0.000778241
0.498156 0.713712 0.716616 0.710807 0.158986 0.169429 0.148543 0.242392 0.00290433 0.0104429 0.00165454 0.000761
0.501547 0.698197 0.701016 0.695378 0.153986 0.164165 0.143807 0.238475 0.00281906 0.0101792 0.0016106 0.000744055
0.504938 0.682866 0.685602 0.68013 0.149108 0.159029 0.139187 0.234604 0.00273606 0.00992068 0.00156768 0.000727401
0.508329 0.66772 0.670375 0.665064 0.144351 0.154018 0.134683 0.230779 0.00265527 0.00966738 0.00152575 0.000711033
0.51172 0.652757 0.655334 0.650181 0.139712 0.149131 0.130293 0.226998 0.00257663 0.00941919 0.00148478 0.000694948
0.51511 0.63798 0.64048 0.63548 0.135189 0.144365 0.126013 0.223262 0.00250009 0.00917602 0.00144477 0.000679141
0.518501 0.623387 0.625813 0.620961 0.130781 0.139718 0.121843 0.219569 0.0024256 0.0089378 0.00140569 0.000663607
0.521892 0.60898 0.611333 0.606627 0.126485 0.135189 0.11778 0.21592 0.00235309 0.00870444 0.00136751 0.000648343
0.525283 0.594758 0.59704 0.592475 0.122299 0.130775 0.113823 0.212313 0.00228251 0.00847587 0.00133022 0.000633345
0.528674 0.580722 0.582936 0.578508 0.118222 0.126474 0.10997 0.208749 0.00221383 0.00825202 0.0012938 0.000618609
0.532065 0.566872 0.569019 0.564725 0.114251 0.122284 0.106218 0.205227 0.00214698 0.00803281 0.00125823 0.000604131
0.535455 0.553208 0.55529 0.551126 0.110385 0.118203 0.102567 0.201746 0.00208192 0.00781816 0.00122348 0.000589907
0.538846 0.539731 0.54175 0.537713 0.106622 0.11423 0.0990138 0.198306 0.00201861 0.007608 0.00118955 0.000575934
0.542237 0.526441 0.528398 0.524484 0.10296 0.110362 0.0955574 0.194906 0.00195699 0.00740226 0.00115642 0.000562208
0.545628 0.513338 0.515235 0.511441 0.0993964 0.106597 0.0921955 0.191546 0.00189704 0.00720086 0.00112406 0.000548726
0.549019 0.500421 0.50226 0.498583 0.0959299 0.102934 0.0889261 0.188225 0.00183869 0.00700375 0.00109246 0.000535483
0.55241 0.487693 0.489474 0.485911 0.0925591 0.09937 0.0857483 0.184944 0.00178192 0.00681084 0.00106161 0.000522477
0.5558 0.475151 0.476878 0.473424 0.0892816 0.0959037 0.0826596 0.181701 0.00172668 0.00662207 0.00103148 0.000509704
0.559191 0.462797 0.46447 0.461124 0.0860955 0.0925329 0.0796581 0.178496 0.00167293 0.00643738 0.00100207 0.000497161
0.562582 0.450631 0.452251 0.44901 0.0829997 0.0892564 0.076743 0.175329 0.00162063 0.00625669 0.000973348 0.000484845
0.565973 0.438651 0.440221 0.437081 0.0799918 0.0860718 0.0739119 0.1722 0.00156976 0.00607994 0.000945312 0.000472753
0.569364 0.42686 0.42838 0.425339 0.0770702 0.0829773 0.0711632 0.169107 0.00152026 0.00590707 0.000917942 0.000460881
0.572755 0.415256 0.416728 0.413784 0.0742332 0.0799712 0.0684952 0.166051 0.00147211 0.00573801 0.000891226 0.000449226
0.576146 0.403839 0.405264 0.402414 0.071479 0.0770517 0.0659063 0.163031 0.00142528 0.0055727 0.000865148 0.000437786
0.579536 0.39261 0.39399 0.39123 0.068806 0.074217 0.0633949 0.160046 0.00137972 0.00541107 0.000839695 0.000426557
0.582927 0.381568 0.382903 0.380232 0.0662123 0.0714653 0.0609592 0.157097 0.00133541 0.00525307 0.000814854 0.000415536
0.586318 0.370712 0.372005 0.36942 0.0636964 0.068795 0.0585978 0.154183 0.00129232 0.00509863 0.000790612 0.000404722
0.589709 0.360044 0.361294 0.358794 0.0612566 0.0662043 0.0563089 0.151303 0.00125041 0.0049477 0.000766956 0.00039411
0.5931 0.349562 0.350771 0.348352 0.0588912 0.0636914 0.054091 0.148458 0.00120966 0.00480021 0.000743874 0.000383698
0.596491 0.339266 0.340436 0.338096 0.0565985 0.0612546 0.0519424 0.145646 0.00117003 0.00465611 0.000721354 0.000373484
0.599881 0.329155 0.330287 0.328024 0.0543771 0.0588925 0.0498618 0.142868 0.0011315 0.00451534 0.000699384 0.000363465
0.603272 0.319231 0.320325 0.318137 0.0522253 0.0566031 0.0478475 0.140124 0.00109404 0.00437784 0.000677952 0.000353638
0.606663 0.309491 0.310549 0.308434 0.0501415 0.054385 0.0458979 0.137412 0.00105762 0.00424356 0.000657047 0.000344
0.610054 0.299936 0.300958 0.298913 0.0481242 0.0522366 0.0440117 0.134733 0.00102223 0.00411244 0.000636658 0.00033455
0.613445 0.290564 0.291552 0.289576 0.0461718 0.0501562 0.0421873 0.132086 0.000987822 0.00398442 0.000616774 0.000325284
0.616836 0.281376 0.28233 0.280421 0.0442827 0.0481422 0.0404233 0.129471 0.000954384 0.00385947 0.000597385 0.000316201
0.620226 0.27237 0.273292 0.271448 0.0424557 0.0461932 0.0387182 0.126887 0.000921889 0.00373751 0.000578479 0.000307297
0.623617 0.263546 0.264437 0.262656 0.040689 0.0443075 0.0370706 0.124335 0.000890313 0.00361849 0.000560048 0.00029857
0.627008 0.254904 0.255764 0.254044 0.0389814 0.0424837 0.035479 0.121815 0.000859635 0.00350238 0.000542081 0.000290019
0.630399 0.246442 0.247272 0.245612 0.0373312 0.0407203 0.0339421 0.119325 0.000829831 0.00338911 0.000524569 0.00028164
0.63379 0.23816 0.23896 0.237359 0.0357372 0.0390158 0.0324585 0.116865 0.00080088 0.00327863 0.000507502 0.000273431
0.637181 0.230056 0.230829 0.229283 0.0341978 0.0373687 0.0310269 0.114436 0.00077276 0.0031709 0.00049087 0.000265391
0.640571 0.22213 0.222875 0.221384 0.0327118 0.0357777 0.029646 0.112037 0.000745451 0.00306587 0.000474666 0.000257517
0.643962 0.214381 0.2151 0.213662 0.0312777 0.0342412 0.0283143 0.109668 0.000718932 0.00296348 0.000458879 0.000249807
0.647353 0.206807 0.2075 0.206114 0.0298943 0.032758 0.0270306 0.107328 0.000693185 0.00286369 0.000443502 0.000242258
0.650744 0.199408 0.200076 0.19874 0.0285601 0.0313266 0.0257937 0.105017 0.000668189 0.00276645 0.000428525 0.000234869
0.654135 0.192183 0.192827 0.191539 0.027274 0.0299457 0.0246023 0.102736 0.000643927 0.00267172 0.00041394 0.000227638
0.657526 0.185129 0.18575 0.184509 0.0260345 0.028614 0.0234551 0.100484 0.000620379 0.00257945 0.00039974 0.000220562
0.660916 0.178247 0.178844 0.177649 0.0248405 0.0273301 0.0223509 0.0982601 0.000597528 0.00248959 0.000385917 0.000213639
0.664307 0.171534 0.172109 0.170958 0.0236907 0.0260928 0.0212886 0.0960649 0.000575358 0.00240211 0.000372461 0.000206867
0.667698 0.164989 0.165543 0.164435 0.0225839 0.0249009 0.020267 0.093898 0.00055385 0.00231694 0.000359367 0.000200245
0.671089 0.158611 0.159144 0.158078 0.0215188 0.0237529 0.0192848 0.0917592 0.000532988 0.00223406 0.000346626 0.00019377
0.67448 0.152399 0.152912 0.151886 0.0204944 0.0226478 0.018341 0.0896482 0.000512757 0.00215342 0.000334231 0.000187441
0.677871 0.14635 0.146843 0.145856 0.0195094 0.0215844 0.0174344 0.087565 0.00049314 0.00207498 0.000322175 0.000181255
0.681261 0.140463 0.140937 0.139989 0.0185627 0.0205614 0.016564 0.0855094 0.000474123 0.00199868 0.00031045 0.000175211
0.684652 0.134737 0.135192 0.134281 0.0176532 0.0195777 0.0157287 0.0834811 0.00045569 0.0019245 0.000299051 0.000169306
0.688043 0.129169 0.129607 0.128731 0.0167797 0.0186321 0.0149273 0.0814801 0.000437826 0.0018524 0.000287969 0.000163539
0.691434 0.123759 0.124179 0.123338 0.0159413 0.0177236 0.014159 0.0795061 0.000420518 0.00178232 0.000277199 0.000157908
0.694825 0.118504 0.118908 0.1181 0.0151368 0.0168511 0.0134226 0.0775591 0.000403751 0.00171424 0.000266734 0.000152412
0.698216 0.113402 0.113789 0.113014 0.0143652 0.0160133 0.0127171 0.0756388 0.000387512 0.00164811 0.000256567 0.000147047
0.701606 0.108452 0.108824 0.10808 0.0136255 0.0152094 0.0120416 0.0737451 0.000371788 0.00158389 0.000246693 0.000141813
0.704997 0.103651 0.104008 0.103295 0.0129167 0.0144383 0.0113952 0.0718779 0.000356566 0.00152155 0.000237105 0.000136708
0.708388 0.0989983 0.0993401 0.0986564 0.0122378 0.0136989 0.0107768 0.0700371 0.000341832 0.00146104 0.000227796 0.000131729
0.711779 0.0944911 0.0948186 0.0941635 0.0115879 0.0129902 0.0101855 0.0682226 0.000327576 0.00140234 0.000218762 0.000126876
0.71517 0.090127 0.0904408 0.0898132 0.010966 0.0123114 0.00962059 0.0664341 0.000313783 0.0013454 0.000209997 0.000122146
0.718561 0.0859044 0.0862048 0.0856039 0.0103712 0.0116613 0.00908097 0.0646717 0.000300444 0.00129019 0.000201494 0.000117537
0.721951 0.0818209 0.0821085 0.0815334 0.00980253 0.0110392 0.00856587 0.0629351 0.000287546 0.00123666 0.000193248 0.000113049
0.725342 0.0778749 0.0781499 0.0775998 0.00925925 0.0104441 0.00807445 0.0612243 0.000275078 0.0011848 0.000185253 0.000108678
0.728733 0.074063 0.0743261 0.0738 0.0087404 0.00987495 0.00760584 0.0595392 0.000263028 0.00113456 0.000177505 0.000104424
0.732124 0.0703842 0.0706356 0.0701329 0.0082452 0.0093311 0.0071593 0.0578796 0.000251388 0.0010859 0.000169997 0.000100285
0.735515 0.0668355 0.0670756 0.0665953 0.00777278 0.00881158 0.00673399 0.0562455 0.000240144 0.0010388 0.000162725 9.62591e-05
0.738906 0.0634146 0.0636438 0.0631853 0.00732237 0.00831559 0.00632916 0.0546368 0.000229288 0.000993212 0.000155683 9.23443e-05
0.742296 0.0601192 0.060338 0.0599003 0.00689319 0.0078423 0.00594407 0.0530534 0.00021881 0.000949115 0.000148867 8.85392e-05
0.745687 0.0569468 0.0571555 0.0567381 0.00648445 0.00739092 0.00557798 0.0514951 0.000208699 0.000906471 0.000142272 8.48422e-05
0.749078 0.0538952 0.0540941 0.0536962 0.00609542 0.00696067 0.00523017 0.049962 0.000198946 0.000865249 0.000135891 8.12515e-05
0.752469 0.0509618 0.0511513 0.0507723 0.00572538 0.00655079 0.00489996 0.0484539 0.000189542 0.000825417 0.000129722 7.77656e-05
0.75586 0.0481441 0.0483246 0.0479636 0.0053736 0.00616054 0.00458666 0.0469707 0.000180477 0.000786944 0.000123759 7.43827e-05
0.759251 0.0454397 0.0456115 0.045268 0.0050394 0.0057892 0.0042896 0.0455125 0.000171742 0.000749798 0.000117997 7.11012e-05
0.762641 0.042846 0.0430093 0.0426827 0.00472211 0.00543606 0.00400816 0.044079 0.000163329 0.00071395 0.000112432 6.79196e-05
0.766032 0.0403605 0.0405157 0.0402053 0.00442106 0.00510043 0.00374169 0.0426702 0.000155229 0.000679368 0.000107059 6.4836e-05
0.769423 0.0379807 0.0381281 0.0378332 0.00413563 0.00478166 0.00348961 0.0412861 0.000147433 0.000646024 0.000101875 6.18491e-05
0.772814 0.0357039 0.0358439 0.035564 0.00386519 0.00447908 0.00325131 0.0399266 0.000139934 0.000613888 9.68738e-05 5.8957e-05
0.776205 0.0335277 0.0336604 0.033395 0.00360914 0.00419207 0.0030262 0.0385916 0.000132723 0.000582932 9.20522e-05 5.61582e-05
0.779596 0.0314494 0.0315752 0.0313236 0.00336688 0.00392001 0.00281375 0.037281 0.000125792 0.000553126 8.74058e-05 5.34512e-05
0.782986 0.0294665 0.0295856 0.0293474 0.00313785 0.00366229 0.0026134 0.0359948 0.000119134 0.000524443 8.29303e-05 5.08342e-05
0.786377 0.0275763 0.027689 0.0274635 0.00292149 0.00341834 0.00242463 0.0347329 0.00011274 0.000496855 7.86217e-05 4.83057e-05
0.789768 0.0257763 0.0258829 0.0256697 0.00271726 0.0031876 0.00224693 0.0334953 0.000106605 0.000470335 7.4476e-05 4.58641e-05
0.793159 0.0240639 0.0241646 0.0239632 0.00252465 0.0029695 0.00207979 0.0322819 0.000100719 0.000444855 7.04892e-05 4.35078e-05
0.79655 0.0224365 0.0225316 0.0223414 0.00234313 0.00276352 0.00192274 0.0310925 9.50771e-05 0.00042039 6.66574e-05 4.12351e-05
0.799941 0.0208914 0.0209811 0.0208018 0.00217223 0.00256914 0.00177532 0.0299273 8.96712e-05 0.000396912 6.29768e-05 3.90446e-05
0.803332 0.0194263 0.0195108 0.0193418 0.00201147 0.00238586 0.00163707 0.028786 8.44946e-05 0.000374397 5.94435e-05 3.69346e-05
0.806722 0.0180384 0.018118 0.0179589 0.00186037 0.00221319 0.00150756 0.0276687 7.95409e-05 0.000352818 5.60539e-05 3.49036e-05
0.810113 0.0167253 0.0168001 0.0166505 0.0017185 0.00205065 0.00138635 0.0265753 7.48033e-05 0.00033215 5.28042e-05 3.29499e-05
0.813504 0.0154844 0.0155546 0.0154141 0.00158543 0.0018978 0.00127306 0.0255056 7.02754e-05 0.000312369 4.96907e-05 3.1072e-05
0.816895 0.0143131 0.0143791 0.0142472 0.00146072 0.00175417 0.00116727 0.0244598 6.5951e-05 0.000293451 4.671e-05 2.92683e-05
0.820286 0.013209 0.0132709 0.0131472 0.00134399 0.00161936 0.00106862 0.0234375 6.1824e-05 0.00027537 4.38585e-05 2.75373e-05
0.823677 0.0121697 0.0122276 0.0121118 0.00123483 0.00149294 0.000976729 0.0224389 5.78882e-05 0.000258104 4.11326e-05 2.58773e-05
0.827067 0.0111927 0.0112468 0.0111385 0.00113287 0.0013745 0.000891245 0.0214639 5.41377e-05 0.000241629 3.8529e-05 2.42869e-05
0.830458 0.0102755 0.010326 0.0102249 0.00103775 0.00126368 0.000811832 0.0205123 5.05667e-05 0.000225922 3.60443e-05 2.27644e-05
0.833849 0.00941568 0.00946285 0.00936851 0.000949119 0.00116008 0.000738159 0.0195841 4.71696e-05 0.00021096 3.3675e-05 2.13082e-05
0.83724 0.00861102 0.00865496 0.00856708 0.000866625 0.00106335 0.000669904 0.0186792 4.39407e-05 0.000196721 3.14179e-05 1.99169e-05
0.840631 0.0078591 0.00789997 0.00781822 0.00078995 0.000973132 0.000606768 0.0177976 4.08745e-05 0.000183182 2.92698e-05 1.85889e-05
0.844022 0.00715765 0.00719562 0.00711968 0.000718779 0.000889101 0.000548457 0.0169392 3.79658e-05 0.000170322 2.72274e-05 1.73226e-05
0.847412 0.00650443 0.00653964 0.00646922 0.000652809 0.000810929 0.000494688 0.0161038 3.52092e-05 0.00015812 2.52876e-05 1.61164e-05
0.850803 0.00589717 0.00592977 0.00586457 0.000591748 0.000738303 0.000445193 0.0152915 3.25995e-05 0.000146555 2.34472e-05 1.49689e-05
0.854194 0.00533372 0.00536385 0.00530359 0.000535318 0.000670923 0.000399713 0.0145021 3.01318e-05 0.000135605 2.17031e-05 1.38784e-05
0.857585 0.00481193 0.00483973 0.00478413 0.000483248 0.000608498 0.000357998 0.0137355 2.7801e-05 0.00012525 2.00523e-05 1.28435e-05
0.860976 0.00432972 0.00435533 0.00430412 0.000435282 0.000550752 0.000319813 0.0129916 2.56022e-05 0.00011547 1.84917e-05 1.18626e-05
0.864367 0.00388504 0.00390857 0.00386151 0.000391173 0.000497418 0.000284928 0.0122704 2.35307e-05 0.000106245 1.70184e-05 1.09342e-05
0.867757 0.00347589 0.00349747 0.0034543 0.000350683 0.000448238 0.000253127 0.0115718 2.15817e-05 9.75554e-05 1.56295e-05 1.00566e-05
0.871148 0.0031003 0.00312005 0.00308055 0.000313585 0.000402967 0.000224203 0.0108956 1.97508e-05 8.9382e-05 1.4322e-05 9.22854e-06
0.874539 0.00275639 0.00277442 0.00273836 0.000279664 0.00036137 0.000197958 0.0102417 1.80333e-05 8.1706e-05 1.30931e-05 8.44832e-06
0.87793 0.0024423 0.00245872 0.00242587 0.000248711 0.00032322 0.000174203 0.00960997 1.64248e-05 7.45084e-05 1.194e-05 7.71448e-06
0.881321 0.00215623 0.00217115 0.00214131 0.000220529 0.0002883 0.000152758 0.00900037 1.4921e-05 6.77711e-05 1.08599e-05 7.02549e-06
0.884712 0.00189644 0.00190996 0.00188292 0.000194929 0.000256405 0.000133453 0.00841275 1.35176e-05 6.14758e-05 9.84999e-06 6.37985e-06
0.888102 0.00166123 0.00167344 0.00164902 0.000171731 0.000227336 0.000116126 0.00784696 1.22104e-05 5.56048e-05 8.90759e-06 5.77606e-06
0.891493 0.00144897 0.00145997 0.00143798 0.000150764 0.000200905 0.000100624 0.00730288 1.09953e-05 5.01406e-05 8.03003e-06 5.21262e-06
0.894884 0.00125809 0.00126796 0.00124822 0.000131865 0.000176931 8.67993e-05 0.00678035 9.8684e-06 4.50659e-05 7.21466e-06 4.68803e-06
0.898275 0.00108705 0.00109587 0.00107822 0.00011488 0.000155243 7.45157e-05 0.00627923 8.82559e-06 4.03638e-05 6.45886e-06 4.20082e-06
0.901666 0.000934395 0.000942258 0.000926532 9.96603e-05 0.000135678 6.36426e-05 0.00579937 7.86305e-06 3.60177e-05 5.76006e-06 3.74949e-06
0.905057 0.000798718 0.000805695 0.000791741 8.60683e-05 0.000118079 5.40572e-05 0.0053406 6.97698e-06 3.20112e-05 5.11573e-06 3.33259e-06
0.908447 0.000678669 0.000684833 0.000672506 7.39723e-05 0.0001023 4.56442e-05 0.00490276 6.16366e-06 2.83281e-05 4.52335e-06 2.94864e-06
0.911838 0.000572962 0.000578382 0.000567543 6.32477e-05 8.82004e-05 3.82949e-05 0.00448565 5.41942e-06 2.49527e-05 3.98045e-06 2.59619e-06
0.915229 0.000480365 0.000485106 0.000475625 5.37773e-05 7.56468e-05 3.19078e-05 0.0040891 4.74068e-06 2.18695e-05 3.4846e-06 2.27379e-06
0.91862 0.000399707 0.000403831 0.000395583 4.54503e-05 6.45135e-05 2.63872e-05 0.0037129 4.12394e-06 1.90631e-05 3.03339e-06 1.98e-06
0.922011 0.000329877 0.000333443 0.000326311 3.81631e-05 5.46817e-05 2.16444e-05 0.00335686 3.56574e-06 1.65186e-05 2.62446e-06 1.71338e-06
0.925402 0.000269821 0.000272884 0.000266758 3.18177e-05 4.60391e-05 1.75964e-05 0.00302075 3.06272e-06 1.42213e-05 2.25546e-06 1.47252e-06
0.928792 0.000218546 0.000221157 0.000215934 2.6323e-05 3.84798e-05 1.41662e-05 0.00270435 2.61156e-06 1.21568e-05 1.92411e-06 1.25601e-06
0.932183 0.000175116 0.000177325 0.000172907 2.15933e-05 3.19041e-05 1.12826e-05 0.00240741 2.20904e-06 1.03108e-05 1.62814e-06 1.06244e-06
0.935574 0.000138655 0.000140507 0.000136803 1.75489e-05 2.62184e-05 8.87943e-06 0.00212968 1.85198e-06 8.66948e-06 1.36532e-06 8.90437e-07
0.938965 0.000108344 0.000109881 0.000106807 1.41155e-05 2.13348e-05 6.89625e-06 0.00187091 1.53728e-06 7.21927e-06 1.13346e-06 7.38615e-07
0.942356 8.34198e-05 8.46817e-05 8.21579e-05 1.12242e-05 1.7171e-05 5.27736e-06 0.00163079 1.2619e-06 5.94681e-06 9.30402e-07 6.05618e-07
0.945747 6.31765e-05 6.41994e-05 6.21537e-05 8.81112e-06 1.36502e-05 3.97208e-06 0.00140905 1.02289e-06 4.83904e-06 7.54033e-07 4.90098e-07
0.949137 4.69642e-05 4.77815e-05 4.61468e-05 6.81746e-06 1.07006e-05 2.93427e-06 0.00120536 8.1733e-07 3.88319e-06 6.02273e-07 3.90724e-07
0.952528 3.41872e-05 3.48296e-05 3.35448e-05 5.18906e-06 8.25582e-06 2.1223e-06 0.00101938 6.42405e-07 3.06676e-06 4.73079e-07 3.06183e-07
0.955919 2.43037e-05 2.47991e-05 2.38084e-05 3.87633e-06 6.25386e-06 1.4988e-06 0.000850772 4.95347e-07 2.37753e-06 3.64453e-07 2.35178e-07
0.95931 1.68244e-05 1.71979e-05 1.64509e-05 2.83404e-06 4.63761e-06 1.03046e-06 0.000699142 3.73464e-07 1.80358e-06 2.74433e-07 1.76432e-07
0.962701 1.13115e-05 1.15856e-05 1.10373e-05 2.02113e-06 3.3544e-06 6.87863e-07 0.000564086 2.74135e-07 1.33327e-06 2.01104e-07 1.28689e-07
0.966092 7.37766e-06 7.57247e-06 7.18285e-06 1.40058e-06 2.35585e-06 4.45305e-07 0.000445168 1.94809e-07 9.55273e-07 1.42594e-07 9.07169e-08
0.969482 4.68506e-06 4.81807e-06 4.55205e-06 9.39205e-07 1.59776e-06 2.80649e-07 0.000341912 1.33012e-07 6.58556e-07 9.70786e-08 6.1307e-08
0.972873 2.94453e-06 3.03087e-06 2.85819e-06 6.07572e-07 1.03998e-06 1.75167e-07 0.000253806 8.63438e-08 4.32404e-07 6.27818e-08 3.9279e-08
0.976264 1.91616e-06 1.96865e-06 1.86368e-06 3.79936e-07 6.4637e-07 1.13503e-07 0.000180286 5.24879e-08 2.66434e-07 3.79817e-08 2.34835e-08
0.979655 1.41327e-06 1.44249e-06 1.38406e-06 2.34424e-07 3.85029e-07 8.38194e-08 0.000120733 2.92104e-08 1.50605e-07 2.10136e-08 1.28051e-08
0.983046 1.31973e-06 1.3341e-06 1.30536e-06 1.54031e-07 2.29278e-07 7.87851e-08 7.44657e-05 1.4369e-08 7.52463e-08 1.02755e-08 6.16801e-09
0.986437 1.68553e-06 1.69145e-06 1.67961e-06 1.32353e-07 1.63442e-07 1.01265e-07 4.07513e-05 5.92033e-09 3.10886e-08 4.23492e-09 2.54044e-09
0.989827 4.74902e-06 4.75095e-06 4.7471e-06 2.95484e-07 3.048e-07 2.86169e-07 1.9016e-05 1.92525e-09 9.31537e-09 1.43242e-09 9.35939e-10
0.993218 8.92745e-06 8.92773e-06 8.92718e-06 5.40475e-07 5.42794e-07 5.38157e-07 2.48712e-05 2.73006e-10 2.31869e-09 1.3714e-10 0
4.01075e-314 inf inf inf inf inf inf 0.00213 7.09652 0.75711 0.435583 0.0449516
