9.72476e-05 2.51638 2.78104 2.25172 0.930499 1.03959 0.821405 1.42848 0.264661 0.109094 0.0131043 0.00600645
0.0001 2.50453 2.76927 2.2398 0.9263 1.03558 0.817021 1.42106 0.264735 0.109279 0.0131545 0.00597785
0.00010283 2.49305 2.75786 2.22824 0.922235 1.0317 0.812771 1.41366 0.264808 0.109464 0.0132057 0.00594932
0.000105741 2.48613 2.75101 2.22125 0.919855 1.02951 0.810204 1.40628 0.264881 0.109651 0.0132578 0.00592088
0.000108734 2.47402 2.73898 2.20907 0.91556 1.0254 0.805723 1.39893 0.264953 0.109837 0.0133108 0.0058925
0.000111811 2.46197 2.72699 2.19694 0.911287 1.02131 0.801263 1.39159 0.265026 0.110024 0.0133649 0.00586421
0.000114976 2.44997 2.71507 2.18487 0.907033 1.01724 0.796822 1.38428 0.265098 0.110211 0.0134199 0.00583599
0.00011823 2.43802 2.70319 2.17285 0.902801 1.0132 0.792401 1.37699 0.265169 0.110399 0.0134758 0.00580786
0.000121576 2.42612 2.69136 2.16088 0.898587 1.00917 0.788 1.36971 0.265241 0.110588 0.0135328 0.0057798
0.000125017 2.41428 2.67959 2.14897 0.894394 1.00517 0.783618 1.36246 0.265312 0.110776 0.0135908 0.00575182
0.000128556 2.40249 2.66788 2.13711 0.890221 1.00119 0.779255 1.35523 0.265383 0.110966 0.0136497 0.00572392
0.000132194 2.39075 2.65621 2.1253 0.886069 0.997224 0.774914 1.34802 0.265453 0.111155 0.0137097 0.00569611
0.000135936 2.37907 2.64459 2.11355 0.881935 0.993281 0.77059 1.34083 0.265523 0.111346 0.0137708 0.00566837
0.000139783 2.36744 2.63303 2.10184 0.877821 0.989357 0.766285 1.33366 0.265593 0.111536 0.0138328 0.0056407
0.000143739 2.35585 2.62152 2.09019 0.873729 0.985456 0.762001 1.32651 0.265662 0.111727 0.0138959 0.00561313
0.000147808 2.34432 2.61005 2.07859 0.869654 0.981572 0.757735 1.31938 0.265731 0.111919 0.0139601 0.00558562
0.000151991 2.33284 2.59864 2.06704 0.865599 0.97771 0.753489 1.31227 0.2658 0.112111 0.0140253 0.0055582
0.000156293 2.32141 2.58728 2.05555 0.861565 0.973868 0.749261 1.30518 0.265868 0.112303 0.0140917 0.00553087
0.000160717 2.31003 2.57597 2.0441 0.857548 0.970044 0.745052 1.29811 0.265936 0.112496 0.0141591 0.00550361
0.000165265 2.29871 2.56471 2.0327 0.853552 0.966241 0.740863 1.29106 0.266003 0.112689 0.0142276 0.00547643
0.000169943 2.28743 2.5535 2.02136 0.849576 0.962459 0.736693 1.28403 0.26607 0.112883 0.0142972 0.00544934
0.000174753 2.27621 2.54234 2.01007 0.845618 0.958695 0.732541 1.27703 0.266136 0.113077 0.0143679 0.00542233
0.000179699 2.26503 2.53123 1.99883 0.841679 0.954951 0.728408 1.27004 0.266202 0.113272 0.0144398 0.00539539
0.000184785 2.2539 2.52017 1.98764 0.83776 0.951226 0.724293 1.26307 0.266267 0.113467 0.0145128 0.00536855
0.000190015 2.24282 2.50916 1.97649 0.833859 0.947521 0.720197 1.25612 0.266332 0.113662 0.0145869 0.00534178
0.000195393 2.2318 2.49819 1.9654 0.829977 0.943835 0.716119 1.2492 0.266396 0.113858 0.0146622 0.0053151
0.000200923 2.22082 2.48728 1.95436 0.826115 0.940169 0.712061 1.24229 0.26646 0.114054 0.0147387 0.0052885
0.00020661 2.20989 2.47641 1.94336 0.822271 0.936522 0.70802 1.2354 0.266523 0.114251 0.0148164 0.00526198
0.000212458 2.19901 2.46559 1.93242 0.818446 0.932894 0.703998 1.22854 0.266585 0.114448 0.0148953 0.00523554
0.000218471 2.18818 2.45482 1.92153 0.81464 0.929286 0.699995 1.22169 0.266647 0.114646 0.0149753 0.0052092
0.000224655 2.17739 2.4441 1.91068 0.810852 0.925696 0.696009 1.21486 0.266708 0.114843 0.0150566 0.00518293
0.000231013 2.16666 2.43343 1.89989 0.807083 0.922125 0.692041 1.20805 0.266769 0.115042 0.0151391 0.00515675
0.000237551 2.15597 2.4228 1.88915 0.803332 0.918573 0.688092 1.20127 0.266828 0.115241 0.0152229 0.00513066
0.000244275 2.14533 2.41222 1.87844 0.799599 0.915039 0.68416 1.1945 0.266888 0.11544 0.0153079 0.00510464
0.000251189 2.13474 2.40168 1.86779 0.795886 0.911525 0.680246 1.18775 0.266946 0.115639 0.0153941 0.00507871
0.000258298 2.12419 2.3912 1.85719 0.79219 0.90803 0.676351 1.18102 0.267004 0.115839 0.0154816 0.00505287
0.000265609 2.1137 2.38076 1.84664 0.788513 0.904553 0.672473 1.17431 0.26706 0.11604 0.0155704 0.00502712
0.000273126 2.10325 2.37037 1.83614 0.784853 0.901094 0.668613 1.16763 0.267116 0.116241 0.0156605 0.00500145
0.000280857 2.09285 2.36002 1.82567 0.781213 0.897655 0.664771 1.16096 0.267172 0.116442 0.0157519 0.00497587
0.000288806 2.08249 2.34972 1.81527 0.777589 0.894233 0.660946 1.15431 0.267226 0.116643 0.0158446 0.00495038
0.00029698 2.07218 2.33946 1.8049 0.773984 0.890829 0.657139 1.14768 0.26728 0.116845 0.0159387 0.00492496
0.000305386 2.06192 2.32926 1.79459 0.770397 0.887445 0.65335 1.14107 0.267332 0.117047 0.0160341 0.00489965
0.000314029 2.0517 2.31909 1.78432 0.766827 0.884077 0.649577 1.13448 0.267384 0.11725 0.0161308 0.00487441
0.000322917 2.04153 2.30897 1.7741 0.763275 0.880728 0.645822 1.12791 0.267435 0.117453 0.0162289 0.00484927
0.000332057 2.03141 2.29889 1.76392 0.759741 0.877398 0.642085 1.12136 0.267484 0.117657 0.0163283 0.00482421
0.000341455 2.02133 2.28887 1.7538 0.756225 0.874085 0.638365 1.11483 0.267533 0.11786 0.0164291 0.00479925
0.000351119 2.0113 2.27888 1.74372 0.752726 0.870791 0.634662 1.10831 0.267581 0.118064 0.0165314 0.00477437
0.000361057 2.00131 2.26894 1.73368 0.749245 0.867513 0.630976 1.10182 0.267627 0.118269 0.016635 0.00474958
0.000371276 1.99136 2.25903 1.72369 0.745781 0.864255 0.627308 1.09535 0.267673 0.118474 0.0167401 0.00472489
0.000381784 1.98147 2.24918 1.71375 0.742335 0.861013 0.623656 1.0889 0.267717 0.118679 0.0168465 0.00470028
0.00039259 1.97161 2.23937 1.70385 0.738905 0.857789 0.620021 1.08246 0.26776 0.118884 0.0169545 0.00467576
0.000403702 1.9618 2.2296 1.694 0.735493 0.854583 0.616403 1.07605 0.267802 0.11909 0.0170638 0.00465133
0.000415128 1.95204 2.21988 1.68419 0.732098 0.851394 0.612802 1.06965 0.267843 0.119296 0.0171747 0.004627
0.000426877 1.94231 2.2102 1.67443 0.72872 0.848223 0.609218 1.06328 0.267882 0.119502 0.017287 0.00460275
0.000438959 1.93263 2.20055 1.66471 0.72536 0.845069 0.605651 1.05692 0.26792 0.119709 0.0174008 0.0045786
0.000451383 1.923 2.19096 1.65505 0.722016 0.841932 0.6021 1.05059 0.267957 0.119916 0.0175161 0.00455454
0.000464159 1.91341 2.1814 1.64542 0.71869 0.838813 0.598566 1.04427 0.267992 0.120123 0.0176329 0.00453058
0.000477296 1.90386 2.17189 1.63584 0.71538 0.835711 0.595049 1.03797 0.268026 0.120331 0.0177512 0.00450671
0.000490805 1.89436 2.16242 1.6263 0.712086 0.832625 0.591547 1.03169 0.268059 0.120539 0.0178711 0.00448292
0.000504697 1.8849 2.15299 1.61681 0.708811 0.829558 0.588064 1.02543 0.268089 0.120747 0.0179925 0.00445924
0.000518981 1.87548 2.1436 1.60736 0.705551 0.826506 0.584595 1.0192 0.268119 0.120955 0.0181154 0.00443565
0.00053367 1.86611 2.13425 1.59796 0.702308 0.823472 0.581144 1.01297 0.268146 0.121164 0.0182399 0.00441215
0.000548775 1.85677 2.12494 1.58859 0.699081 0.820454 0.577708 1.00677 0.268173 0.121373 0.018366 0.00438875
0.000564307 1.84748 2.11568 1.57928 0.695871 0.817453 0.574289 1.00059 0.268197 0.121582 0.0184937 0.00436544
0.000580278 1.83823 2.10645 1.57001 0.692677 0.814469 0.570886 0.994431 0.268219 0.121791 0.018623 0.00434223
0.000596702 1.82902 2.09726 1.56078 0.6895 0.811501 0.567499 0.988288 0.26824 0.122001 0.0187539 0.00431912
0.000613591 1.81985 2.08811 1.55159 0.686339 0.80855 0.564128 0.982165 0.268259 0.122211 0.0188864 0.0042961
0.000630957 1.81073 2.07901 1.54245 0.683194 0.805615 0.560773 0.976061 0.268276 0.122421 0.0190205 0.00427318
0.000648815 1.80165 2.06994 1.53336 0.680065 0.802696 0.557435 0.969976 0.268291 0.122631 0.0191563 0.00425036
0.000667179 1.7926 2.0609 1.52429 0.676953 0.799794 0.554112 0.963911 0.268304 0.122841 0.0192937 0.00422763
0.000686062 1.78359 2.05191 1.51528 0.673856 0.796908 0.550805 0.957865 0.268315 0.123051 0.0194328 0.00420501
0.00070548 1.77463 2.04296 1.50631 0.670776 0.794038 0.547514 0.951839 0.268324 0.123262 0.0195735 0.00418248
0.000725448 1.76571 2.03404 1.49738 0.667711 0.791184 0.544238 0.945831 0.26833 0.123473 0.019716 0.00416005
0.00074598 1.75683 2.02516 1.48849 0.664662 0.788346 0.540979 0.939844 0.268335 0.123684 0.0198601 0.00413771
0.000767094 1.74799 2.01633 1.47965 0.66163 0.785525 0.537735 0.933875 0.268337 0.123895 0.0200059 0.00411549
0.000788805 1.73918 2.00752 1.47085 0.658612 0.782718 0.534507 0.927926 0.268336 0.124106 0.0201535 0.00409336
0.000811131 1.73043 1.99876 1.46209 0.655611 0.779928 0.531293 0.921997 0.268333 0.124317 0.0203027 0.00407133
0.000834088 1.7217 1.99003 1.45337 0.652625 0.777153 0.528096 0.916086 0.268328 0.124528 0.0204537 0.0040494
0.000857696 1.71302 1.98134 1.4447 0.649654 0.774394 0.524914 0.910195 0.26832 0.12474 0.0206064 0.00402757
0.000881971 1.70437 1.97268 1.43606 0.646699 0.77165 0.521748 0.904324 0.26831 0.124951 0.0207609 0.00400585
0.000906934 1.69576 1.96406 1.42747 0.643759 0.768922 0.518597 0.898472 0.268296 0.125163 0.0209171 0.00398422
0.000932603 1.68719 1.95547 1.41891 0.640835 0.766209 0.515461 0.892639 0.26828 0.125374 0.021075 0.00396271
0.000958999 1.67866 1.94693 1.4104 0.637925 0.763511 0.51234 0.886827 0.268261 0.125585 0.0212348 0.00394128
0.000986142 1.67017 1.93841 1.40193 0.635032 0.760829 0.509235 0.881033 0.268239 0.125797 0.0213963 0.00391997
0.00101405 1.66172 1.92993 1.3935 0.632153 0.758162 0.506145 0.875259 0.268214 0.126008 0.0215596 0.00389876
0.00104275 1.6533 1.92148 1.38511 0.62929 0.755509 0.50307 0.869504 0.268186 0.12622 0.0217247 0.00387765
0.00107227 1.64492 1.91307 1.37676 0.626441 0.752872 0.50001 0.863769 0.268155 0.126431 0.0218916 0.00385665
0.00110262 1.63658 1.9047 1.36846 0.623607 0.750249 0.496965 0.858054 0.26812 0.126642 0.0220602 0.00383575
0.00113382 1.62827 1.89635 1.36018 0.620788 0.747641 0.493935 0.852358 0.268082 0.126853 0.0222307 0.00381496
0.00116591 1.62 1.88804 1.35196 0.617983 0.745048 0.490919 0.846682 0.268041 0.127064 0.022403 0.00379427
0.00119891 1.61177 1.87976 1.34377 0.615194 0.742469 0.487919 0.841025 0.267995 0.127275 0.0225771 0.00377369
0.00123285 1.60357 1.87152 1.33563 0.612419 0.739905 0.484934 0.835388 0.267947 0.127486 0.022753 0.00375322
0.00126774 1.59541 1.86331 1.32752 0.60966 0.737356 0.481964 0.829771 0.267894 0.127696 0.0229308 0.00373285
0.00130362 1.58728 1.85512 1.31945 0.606914 0.734821 0.479008 0.824173 0.267838 0.127906 0.0231104 0.00371259
0.00134052 1.57919 1.84697 1.31142 0.604183 0.732299 0.476067 0.818596 0.267778 0.128116 0.0232918 0.00369244
0.00137846 1.57114 1.83886 1.30343 0.601467 0.729793 0.47314 0.813038 0.267713 0.128326 0.023475 0.00367239
0.00141747 1.56312 1.83077 1.29548 0.598764 0.7273 0.470229 0.8075 0.267644 0.128536 0.0236601 0.00365245
0.00145759 1.55514 1.82271 1.28757 0.596076 0.724821 0.467331 0.801982 0.267572 0.128745 0.023847 0.00363262
0.00149885 1.54719 1.81469 1.2797 0.593402 0.722355 0.464448 0.796483 0.267494 0.128954 0.0240357 0.0036129
0.00154127 1.53928 1.80669 1.27186 0.590742 0.719904 0.46158 0.791005 0.267412 0.129162 0.0242263 0.00359329
0.00158489 1.5314 1.79872 1.26407 0.588096 0.717467 0.458726 0.785547 0.267326 0.12937 0.0244187 0.00357378
0.00162975 1.52355 1.79078 1.25632 0.585465 0.715043 0.455887 0.780108 0.267235 0.129578 0.0246129 0.00355439
0.00167588 1.51574 1.78288 1.2486 0.582847 0.712633 0.453062 0.77469 0.267139 0.129785 0.0248089 0.00353511
0.00172331 1.50796 1.77499 1.24092 0.580243 0.710235 0.450251 0.769292 0.267038 0.129992 0.0250068 0.00351593
0.00177209 1.50021 1.76714 1.23328 0.577653 0.707852 0.447455 0.763914 0.266931 0.130198 0.0252065 0.00349687
0.00182224 1.4925 1.75932 1.22568 0.575076 0.705481 0.444672 0.758556 0.26682 0.130404 0.025408 0.00347791
0.00187382 1.48482 1.75152 1.21811 0.572514 0.703123 0.441905 0.753219 0.266703 0.130609 0.0256113 0.00345907
0.00192685 1.47717 1.74375 1.21059 0.569964 0.700778 0.43915 0.747902 0.26658 0.130814 0.0258164 0.00344033
0.00198139 1.46955 1.736 1.2031 0.567429 0.698447 0.436411 0.742605 0.266452 0.131018 0.0260233 0.00342171
0.00203747 1.46197 1.72829 1.19565 0.564907 0.696128 0.433685 0.737329 0.266318 0.131221 0.026232 0.0034032
0.00209514 1.45441 1.72059 1.18824 0.562398 0.693822 0.430974 0.732073 0.266178 0.131424 0.0264425 0.00338481
0.00215443 1.44689 1.71292 1.18086 0.559902 0.691527 0.428276 0.726838 0.266031 0.131626 0.0266547 0.00336652
0.00221541 1.4394 1.70528 1.17352 0.557419 0.689246 0.425592 0.721624 0.265879 0.131827 0.0268687 0.00334834
0.00227812 1.43194 1.69766 1.16623 0.55495 0.686977 0.422923 0.71643 0.26572 0.132027 0.0270844 0.00333028
0.00234259 1.42452 1.69007 1.15896 0.552494 0.68472 0.420267 0.711257 0.265554 0.132227 0.0273018 0.00331233
0.0024089 1.41712 1.6825 1.15174 0.55005 0.682476 0.417625 0.706104 0.265381 0.132425 0.027521 0.00329449
0.00247708 1.40975 1.67495 1.14455 0.54762 0.680243 0.414998 0.700973 0.265202 0.132623 0.0277418 0.00327676
0.00254719 1.40241 1.66743 1.1374 0.545202 0.678021 0.412383 0.695862 0.265015 0.132819 0.0279643 0.00325915
0.00261928 1.3951 1.65992 1.13028 0.542797 0.675812 0.409783 0.690773 0.264821 0.133015 0.0281884 0.00324165
0.00269341 1.38782 1.65244 1.1232 0.540405 0.673615 0.407196 0.685705 0.26462 0.133209 0.0284142 0.00322426
0.00276965 1.38057 1.64498 1.11616 0.538025 0.671428 0.404623 0.680657 0.264411 0.133403 0.0286416 0.00320698
0.00284804 1.37335 1.63754 1.10916 0.535658 0.669253 0.402064 0.675631 0.264193 0.133595 0.0288706 0.00318981
0.00292864 1.36616 1.63013 1.10219 0.533303 0.667089 0.399518 0.670627 0.263968 0.133786 0.0291011 0.00317276
0.00301153 1.35899 1.62273 1.09526 0.530961 0.664936 0.396985 0.665644 0.263735 0.133976 0.0293331 0.00315582
0.00309677 1.35185 1.61535 1.08836 0.528631 0.662794 0.394467 0.660682 0.263493 0.134164 0.0295667 0.00313899
0.00318442 1.34474 1.60799 1.0815 0.526313 0.660664 0.391962 0.655742 0.263242 0.134351 0.0298017 0.00312228
0.00327455 1.33766 1.60064 1.07468 0.524007 0.658543 0.38947 0.650824 0.262982 0.134536 0.0300381 0.00310568
0.00336723 1.3306 1.59332 1.06789 0.521713 0.656433 0.386992 0.645927 0.262713 0.13472 0.030276 0.00308919
0.00346253 1.32358 1.58601 1.06114 0.519431 0.654334 0.384528 0.641052 0.262435 0.134903 0.0305152 0.00307281
0.00356053 1.31657 1.57872 1.05442 0.51716 0.652244 0.382076 0.636199 0.262148 0.135084 0.0307557 0.00305654
0.00366131 1.30959 1.57144 1.04774 0.514902 0.650165 0.379639 0.631368 0.26185 0.135263 0.0309975 0.00304038
0.00376494 1.30264 1.56418 1.0411 0.512655 0.648095 0.377215 0.62656 0.261542 0.13544 0.0312405 0.00302434
0.0038715 1.29572 1.55694 1.03449 0.510419 0.646035 0.374803 0.621773 0.261224 0.135616 0.0314847 0.0030084
0.00398107 1.28881 1.54971 1.02792 0.508195 0.643985 0.372406 0.617009 0.260896 0.13579 0.0317301 0.00299258
0.00409375 1.28194 1.54249 1.02138 0.505982 0.641944 0.370021 0.612267 0.260557 0.135961 0.0319766 0.00297686
0.00420962 1.27509 1.53529 1.01488 0.503782 0.639913 0.36765 0.607548 0.260206 0.136131 0.0322241 0.00296126
0.00432876 1.26826 1.5281 1.00841 0.501591 0.63789 0.365293 0.602851 0.259845 0.136299 0.0324726 0.00294577
0.00445128 1.26145 1.52092 1.00198 0.499412 0.635876 0.362948 0.598178 0.259471 0.136464 0.032722 0.00293038
0.00457727 1.25467 1.51376 0.995584 0.497244 0.633871 0.360616 0.593527 0.259086 0.136627 0.0329723 0.00291511
0.00470682 1.24791 1.5066 0.989222 0.495087 0.631875 0.358298 0.588898 0.258689 0.136788 0.0332234 0.00289994
0.00484003 1.24118 1.49946 0.982896 0.49294 0.629886 0.355993 0.584293 0.25828 0.136947 0.0334752 0.00288488
0.00497702 1.23446 1.49232 0.976604 0.490804 0.627906 0.353701 0.579712 0.257858 0.137103 0.0337276 0.00286992
0.00511789 1.22777 1.48519 0.970347 0.488678 0.625934 0.351422 0.575153 0.257422 0.137256 0.0339807 0.00285508
0.00526274 1.2211 1.47807 0.964126 0.486563 0.62397 0.349156 0.570618 0.256974 0.137407 0.0342343 0.00284034
0.0054117 1.21445 1.47096 0.957939 0.484459 0.622013 0.346904 0.566106 0.256512 0.137554 0.0344883 0.00282571
0.00556486 1.20782 1.46386 0.951787 0.482364 0.620063 0.344665 0.561618 0.256036 0.137699 0.0347427 0.00281118
0.00572237 1.20121 1.45676 0.945668 0.480279 0.618121 0.342438 0.557153 0.255546 0.137841 0.0349974 0.00279675
0.00588433 1.19463 1.44967 0.939586 0.478205 0.616186 0.340225 0.552713 0.255042 0.13798 0.0352522 0.00278243
0.00605088 1.18806 1.44258 0.933537 0.476141 0.614257 0.338025 0.548296 0.254523 0.138116 0.0355071 0.00276821
0.00622213 1.18151 1.4355 0.927523 0.474086 0.612334 0.335837 0.543904 0.253988 0.138249 0.0357621 0.00275409
0.00639824 1.17498 1.42842 0.921543 0.472041 0.610419 0.333663 0.539536 0.253439 0.138378 0.0360169 0.00274007
0.00657933 1.16847 1.42134 0.915598 0.470005 0.608509 0.331501 0.535192 0.252873 0.138504 0.0362715 0.00272615
0.00676555 1.16198 1.41427 0.909687 0.467979 0.606604 0.329353 0.530872 0.252292 0.138626 0.0365258 0.00271233
0.00695704 1.1555 1.4072 0.90381 0.465962 0.604706 0.327218 0.526577 0.251694 0.138744 0.0367796 0.00269861
0.00715394 1.14905 1.40013 0.897968 0.463954 0.602812 0.325095 0.522307 0.251079 0.138858 0.037033 0.00268498
0.00735642 1.14261 1.39305 0.892159 0.461954 0.600923 0.322985 0.518062 0.250447 0.138969 0.0372856 0.00267145
0.00756463 1.13618 1.38598 0.886385 0.459965 0.59904 0.320889 0.513841 0.249798 0.139075 0.0375375 0.00265802
0.00777874 1.12978 1.37891 0.880646 0.457984 0.597161 0.318806 0.509646 0.249131 0.139178 0.0377884 0.00264467
0.0079989 1.12339 1.37183 0.87494 0.45601 0.595286 0.316735 0.505476 0.248445 0.139276 0.0380383 0.00263142
0.0082253 1.11701 1.36475 0.869268 0.454046 0.593415 0.314677 0.501331 0.247742 0.139369 0.0382871 0.00261826
0.0084581 1.11065 1.35767 0.863631 0.45209 0.591548 0.312633 0.497211 0.247019 0.139458 0.0385345 0.00260519
0.00869749 1.1043 1.35058 0.858027 0.450143 0.589684 0.310601 0.493117 0.246277 0.139542 0.0387804 0.00259221
0.00894366 1.09797 1.34349 0.852457 0.448203 0.587823 0.308582 0.489049 0.245515 0.139621 0.0390247 0.00257932
0.00919679 1.09166 1.33639 0.846922 0.446271 0.585966 0.306576 0.485007 0.244734 0.139695 0.0392672 0.0025665
0.00945709 1.08535 1.32928 0.84142 0.444346 0.58411 0.304583 0.480991 0.243932 0.139764 0.0395078 0.00255378
0.00972476 1.07906 1.32217 0.835952 0.44243 0.582257 0.302603 0.477 0.243109 0.139827 0.0397463 0.00254113
0.01 1.07278 1.31505 0.830518 0.44052 0.580405 0.300635 0.473036 0.242266 0.139885 0.0399826 0.00252857
0.010283 1.06652 1.30792 0.825118 0.438618 0.578556 0.298681 0.469098 0.2414 0.139937 0.0402163 0.00251608
0.0105741 1.06027 1.30078 0.819752 0.436723 0.576707 0.29674 0.465187 0.240513 0.139984 0.0404475 0.00250367
0.0108734 1.05402 1.29363 0.81442 0.434836 0.57486 0.294812 0.461302 0.239604 0.140024 0.0406758 0.00249133
0.0111811 1.04779 1.28647 0.809122 0.432954 0.573012 0.292896 0.457444 0.238672 0.140058 0.0409012 0.00247907
0.0114976 1.04157 1.27929 0.803858 0.43108 0.571166 0.290994 0.453612 0.237717 0.140086 0.0411233 0.00246688
0.011823 1.03537 1.2721 0.798627 0.429211 0.569319 0.289104 0.449808 0.236739 0.140107 0.0413421 0.00245476
0.0121576 1.02917 1.2649 0.793431 0.427349 0.567471 0.287228 0.44603 0.235737 0.140121 0.0415573 0.00244271
0.0125017 1.02298 1.25769 0.788268 0.425493 0.565622 0.285364 0.44228 0.23471 0.140129 0.0417686 0.00243072
0.0128556 1.0168 1.25046 0.783139 0.423643 0.563772 0.283514 0.438556 0.23366 0.140129 0.0419759 0.00241879
0.0132194 1.01063 1.24321 0.778044 0.421799 0.561921 0.281677 0.43486 0.232584 0.140122 0.042179 0.00240693
0.0135936 1.00447 1.23595 0.772983 0.41996 0.560067 0.279852 0.431192 0.231483 0.140107 0.0423776 0.00239512
0.0139783 0.998314 1.22867 0.767956 0.418126 0.558211 0.278041 0.427551 0.230357 0.140085 0.0425716 0.00238337
0.0143739 0.992169 1.22137 0.762964 0.416297 0.556352 0.276243 0.423937 0.229205 0.140055 0.0427606 0.00237167
0.0147808 0.986031 1.21406 0.758005 0.414473 0.554489 0.274457 0.420352 0.228026 0.140016 0.0429444 0.00236003
0.0151991 0.979901 1.20672 0.75308 0.412654 0.552623 0.272685 0.416793 0.226821 0.139969 0.0431228 0.00234843
0.0156293 0.973778 1.19937 0.748189 0.41084 0.550753 0.270926 0.413263 0.225589 0.139913 0.0432955 0.00233688
0.0160717 0.967662 1.19199 0.743333 0.409029 0.548878 0.269181 0.409761 0.22433 0.139849 0.0434623 0.00232537
0.0165265 0.961552 1.1846 0.73851 0.407223 0.546998 0.267448 0.406287 0.223043 0.139775 0.043623 0.00231391
0.0169943 0.955449 1.17718 0.733722 0.40542 0.545112 0.265728 0.402841 0.221728 0.139692 0.0437772 0.00230248
0.0174753 0.949352 1.16974 0.728968 0.403621 0.54322 0.264022 0.399422 0.220385 0.139599 0.0439247 0.00229109
0.0179699 0.94326 1.16227 0.724248 0.401826 0.541322 0.26233 0.396032 0.219013 0.139496 0.0440652 0.00227973
0.0184785 0.937175 1.15479 0.719562 0.400033 0.539416 0.26065 0.392671 0.217612 0.139383 0.0441985 0.0022684
0.0190015 0.931094 1.14728 0.714911 0.398244 0.537504 0.258984 0.389337 0.216183 0.13926 0.0443242 0.0022571
0.0195393 0.925019 1.13974 0.710295 0.396457 0.535583 0.257331 0.386032 0.214724 0.139126 0.0444422 0.00224582
0.0200923 0.918949 1.13218 0.705713 0.394672 0.533653 0.255691 0.382755 0.213236 0.138981 0.044552 0.00223456
0.020661 0.912883 1.1246 0.701166 0.39289 0.531715 0.254065 0.379506 0.211718 0.138825 0.0446535 0.00222332
0.0212458 0.906822 1.11699 0.696652 0.39111 0.529767 0.252452 0.376285 0.210169 0.138657 0.0447463 0.00221209
0.0218471 0.900766 1.10936 0.692174 0.389331 0.527808 0.250853 0.373093 0.208591 0.138478 0.0448302 0.00220088
0.0224655 0.894714 1.1017 0.687731 0.387553 0.525839 0.249267 0.369929 0.206983 0.138286 0.0449048 0.00218967
0.0231013 0.888666 1.09401 0.683323 0.385777 0.523859 0.247695 0.366794 0.205344 0.138082 0.0449699 0.00217846
0.0237551 0.882624 1.0863 0.678949 0.384002 0.521868 0.246137 0.363686 0.203674 0.137865 0.0450251 0.00216726
0.0244275 0.876585 1.07856 0.674612 0.382228 0.519863 0.244592 0.360607 0.201974 0.137635 0.0450703 0.00215606
0.0251189 0.870551 1.07079 0.670308 0.380453 0.517846 0.243061 0.357556 0.200243 0.137392 0.045105 0.00214484
0.0258298 0.864521 1.063 0.66604 0.378679 0.515814 0.241543 0.354533 0.198481 0.137136 0.045129 0.00213362
0.0265609 0.858496 1.05518 0.661808 0.376905 0.51377 0.24004 0.351537 0.196688 0.136865 0.0451419 0.00212239
0.0273126 0.852475 1.04734 0.65761 0.37513 0.511709 0.23855 0.34857 0.194865 0.13658 0.0451436 0.00211114
0.0280857 0.846459 1.03947 0.653449 0.373354 0.509634 0.237074 0.345631 0.19301 0.13628 0.0451337 0.00209986
0.0288806 0.840448 1.03157 0.649323 0.371577 0.507542 0.235612 0.342719 0.191125 0.135965 0.045112 0.00208857
0.029698 0.834442 1.02365 0.645233 0.369799 0.505434 0.234164 0.339834 0.18921 0.135635 0.045078 0.00207724
0.0305386 0.828442 1.01571 0.641178 0.368019 0.503308 0.23273 0.336977 0.187264 0.135289 0.0450317 0.00206588
0.0314029 0.822448 1.00773 0.637161 0.366237 0.501165 0.23131 0.334148 0.185287 0.134927 0.0449727 0.00205449
0.0322917 0.816459 0.999739 0.633178 0.364453 0.499002 0.229904 0.331345 0.18328 0.134549 0.0449007 0.00204305
0.0332057 0.810477 0.99172 0.629233 0.362666 0.49682 0.228512 0.328569 0.181244 0.134154 0.0448154 0.00203157
0.0341455 0.804501 0.983678 0.625324 0.360877 0.494619 0.227135 0.325819 0.179177 0.133742 0.0447167 0.00202004
0.0351119 0.798532 0.975614 0.621451 0.359084 0.492396 0.225772 0.323096 0.177082 0.133312 0.0446043 0.00200846
0.0361057 0.792572 0.967529 0.617615 0.357287 0.490152 0.224422 0.320399 0.174957 0.132865 0.0444779 0.00199683
0.0371276 0.786619 0.959424 0.613815 0.355487 0.487887 0.223088 0.317728 0.172804 0.132399 0.0443373 0.00198513
0.0381784 0.780676 0.951299 0.610053 0.353683 0.485598 0.221767 0.315082 0.170623 0.131915 0.0441823 0.00197337
0.039259 0.774742 0.943156 0.606328 0.351874 0.483286 0.220461 0.312462 0.168414 0.131412 0.0440127 0.00196154
0.0403702 0.768818 0.934996 0.60264 0.350059 0.480949 0.219169 0.309866 0.166178 0.13089 0.0438283 0.00194964
0.0415128 0.762905 0.92682 0.59899 0.348241 0.478588 0.217893 0.307295 0.163915 0.130348 0.043629 0.00193765
0.0426877 0.757003 0.918629 0.595376 0.346415 0.476201 0.21663 0.304748 0.161627 0.129786 0.0434145 0.00192559
0.0438959 0.751113 0.910426 0.591801 0.344585 0.473788 0.215382 0.302225 0.159313 0.129203 0.0431847 0.00191344
0.0451383 0.745237 0.902211 0.588263 0.342748 0.471348 0.214148 0.299725 0.156974 0.1286 0.0429395 0.0019012
0.0464159 0.739376 0.893987 0.584764 0.340905 0.46888 0.212929 0.297248 0.154612 0.127975 0.0426788 0.00188887
0.0477296 0.733529 0.885756 0.581303 0.339054 0.466384 0.211725 0.294794 0.152226 0.127329 0.0424024 0.00187644
0.0490805 0.727699 0.877518 0.57788 0.337197 0.463858 0.210535 0.292361 0.149819 0.126661 0.0421104 0.0018639
0.0504697 0.721886 0.869276 0.574495 0.335331 0.461302 0.20936 0.289949 0.14739 0.125971 0.0418025 0.00185126
0.0518981 0.71609 0.861032 0.571149 0.333458 0.458716 0.208199 0.287559 0.144941 0.125258 0.0414789 0.00183851
0.053367 0.710315 0.852788 0.567842 0.331576 0.456098 0.207053 0.285189 0.142473 0.124522 0.0411395 0.00182564
0.0548775 0.70456 0.844547 0.564574 0.329685 0.453448 0.205922 0.282838 0.139987 0.123763 0.0407843 0.00181265
0.0564307 0.698828 0.836311 0.561345 0.327785 0.450765 0.204805 0.280506 0.137483 0.12298 0.0404134 0.00179954
0.0580278 0.693118 0.828082 0.558155 0.325876 0.448049 0.203703 0.278193 0.134964 0.122173 0.0400267 0.0017863
0.0596702 0.687433 0.819863 0.555003 0.323957 0.445299 0.202615 0.275898 0.13243 0.121342 0.0396244 0.00177293
0.0613591 0.681774 0.811656 0.551892 0.322027 0.442513 0.201541 0.273619 0.129882 0.120486 0.0392066 0.00175943
0.0630957 0.676142 0.803464 0.54882 0.320087 0.439692 0.200482 0.271357 0.127322 0.119605 0.0387735 0.00174578
0.0648815 0.670539 0.79529 0.545787 0.318136 0.436835 0.199437 0.26911 0.124752 0.118699 0.0383251 0.001732
0.0667179 0.664966 0.787138 0.542794 0.316174 0.433941 0.198406 0.266877 0.122172 0.117767 0.0378618 0.00171806
0.0686062 0.659425 0.779009 0.53984 0.314199 0.431008 0.197389 0.264659 0.119584 0.11681 0.0373837 0.00170398
0.070548 0.653917 0.770907 0.536927 0.312212 0.428038 0.196386 0.262454 0.11699 0.115826 0.036891 0.00168974
0.0725448 0.648444 0.762834 0.534054 0.310212 0.425028 0.195396 0.260261 0.11439 0.114816 0.0363842 0.00167535
0.074598 0.643007 0.754795 0.531219 0.308199 0.421979 0.19442 0.258079 0.111788 0.113779 0.0358634 0.0016608
0.0767094 0.637609 0.746792 0.528425 0.306173 0.41889 0.193457 0.255907 0.109183 0.112716 0.035329 0.00164608
0.0788805 0.632249 0.738828 0.525671 0.304133 0.415759 0.192507 0.253745 0.106579 0.111626 0.0347815 0.0016312
0.0811131 0.626931 0.730907 0.522956 0.302078 0.412587 0.191569 0.251591 0.103976 0.110509 0.0342212 0.00161616
0.0834088 0.621656 0.723032 0.52028 0.300008 0.409372 0.190644 0.249445 0.101376 0.109364 0.0336485 0.00160094
0.0857696 0.616425 0.715205 0.517644 0.297923 0.406115 0.18973 0.247305 0.0987807 0.108193 0.0330639 0.00158555
0.0881971 0.61124 0.707432 0.515048 0.295822 0.402815 0.188828 0.24517 0.0961923 0.106993 0.032468 0.00156999
0.0906934 0.606102 0.699715 0.51249 0.293704 0.399471 0.187937 0.24304 0.0936124 0.105767 0.0318613 0.00155425
0.0932603 0.601013 0.692056 0.509971 0.291569 0.396081 0.187056 0.240913 0.0910427 0.104513 0.0312442 0.00153833
0.0958999 0.595975 0.68446 0.50749 0.289417 0.392648 0.186186 0.238788 0.0884849 0.103231 0.0306175 0.00152224
0.0986142 0.590988 0.676929 0.505047 0.287246 0.389168 0.185324 0.236664 0.085941 0.101922 0.0299817 0.00150597
0.101405 0.586054 0.669467 0.502642 0.285056 0.385642 0.18447 0.23454 0.0834125 0.100586 0.0293375 0.00148952
0.104275 0.581175 0.662076 0.500273 0.282847 0.382069 0.183625 0.232415 0.0809015 0.099222 0.0286855 0.00147289
0.107227 0.576351 0.65476 0.497941 0.280618 0.378449 0.182786 0.230288 0.0784096 0.0978314 0.0280265 0.00145608
0.110262 0.571583 0.647521 0.495644 0.278367 0.374781 0.181953 0.228158 0.0759386 0.0964139 0.0273611 0.00143909
0.113382 0.566872 0.640363 0.493382 0.276095 0.371065 0.181125 0.226023 0.0734903 0.0949699 0.0266901 0.00142193
0.116591 0.56222 0.633286 0.491153 0.2738 0.3673 0.180301 0.223883 0.0710665 0.0934996 0.0260143 0.00140459
0.119891 0.557627 0.626296 0.488958 0.271482 0.363485 0.179478 0.221736 0.0686688 0.0920033 0.0253344 0.00138708
0.123285 0.553093 0.619392 0.486794 0.269138 0.359619 0.178656 0.219582 0.0662991 0.0904815 0.0246513 0.0013694
0.126774 0.548619 0.612577 0.48466 0.266769 0.355704 0.177834 0.217419 0.0639589 0.0889346 0.0239657 0.00135155
0.130362 0.544204 0.605854 0.482554 0.264373 0.351737 0.17701 0.215247 0.0616499 0.0873632 0.0232785 0.00133354
0.134052 0.539849 0.599223 0.480475 0.261949 0.347717 0.176181 0.213063 0.0593736 0.0857677 0.0225905 0.00131537
0.137846 0.535553 0.592685 0.478422 0.259496 0.343645 0.175347 0.210869 0.0571317 0.0841489 0.0219026 0.00129704
0.141747 0.531316 0.586242 0.47639 0.257011 0.339519 0.174504 0.208662 0.0549256 0.0825074 0.0212156 0.00127857
0.145759 0.527136 0.579893 0.47438 0.254495 0.335339 0.17365 0.206442 0.0527568 0.080844 0.0205303 0.00125995
0.149885 0.523013 0.57364 0.472386 0.251943 0.331103 0.172784 0.204208 0.0506266 0.0791595 0.0198476 0.00124119
0.154127 0.518944 0.56748 0.470408 0.249356 0.326811 0.171901 0.20196 0.0485364 0.0774547 0.0191684 0.0012223
0.158489 0.514928 0.561416 0.468441 0.24673 0.322461 0.171 0.199696 0.0464874 0.0757308 0.0184934 0.00120329
0.162975 0.510963 0.555443 0.466482 0.244065 0.318053 0.170076 0.197417 0.0444808 0.0739885 0.0178236 0.00118416
0.167588 0.507044 0.549562 0.464526 0.241356 0.313585 0.169127 0.195122 0.0425178 0.0722292 0.0171598 0.00116493
0.172331 0.503169 0.543768 0.46257 0.238603 0.309057 0.168149 0.192811 0.0405993 0.0704539 0.0165027 0.0011456
0.177209 0.499334 0.53806 0.460608 0.235801 0.304465 0.167137 0.190484 0.0387263 0.0686638 0.0158531 0.00112619
0.182224 0.495534 0.532434 0.458634 0.232949 0.299809 0.166088 0.18814 0.0368997 0.0668604 0.0152119 0.0011067
0.187382 0.491764 0.526885 0.456644 0.230042 0.295087 0.164997 0.18578 0.0351203 0.065045 0.0145797 0.00108714
0.192685 0.488019 0.521408 0.45463 0.227078 0.290297 0.163858 0.183403 0.0333887 0.0632191 0.0139573 0.00106753
0.198139 0.484291 0.515997 0.452585 0.224052 0.285436 0.162667 0.181011 0.0317057 0.0613842 0.0133455 0.00104787
0.203747 0.480573 0.510644 0.450501 0.220961 0.280503 0.161419 0.178604 0.0300716 0.0595419 0.0127448 0.00102818
0.209514 0.476856 0.505343 0.448369 0.217801 0.275494 0.160107 0.176183 0.028487 0.0576939 0.0121559 0.00100848
0.215443 0.47313 0.500082 0.446178 0.214566 0.270408 0.158724 0.173748 0.0269521 0.055842 0.0115794 0.000988768
0.221541 0.469387 0.494854 0.44392 0.211254 0.265242 0.157266 0.171301 0.0254673 0.053988 0.0110158 0.000969063
0.227812 0.465613 0.489646 0.441581 0.207857 0.259991 0.155723 0.168842 0.0240326 0.0521338 0.0104658 0.000949376
0.234259 0.461796 0.484444 0.439148 0.204372 0.254654 0.154091 0.166373 0.0226481 0.0502814 0.0099297 0.00092972
0.24089 0.457921 0.479235 0.436607 0.200793 0.249225 0.15236 0.163896 0.0213138 0.0484328 0.00940804 0.000910106
0.247708 0.453972 0.474001 0.433942 0.197112 0.243702 0.150522 0.161412 0.0200296 0.04659 0.00890118 0.000890546
0.254719 0.44993 0.468726 0.431135 0.193326 0.238082 0.148571 0.158923 0.0187953 0.0447552 0.00840949 0.00087105
0.261928 0.445776 0.463386 0.428165 0.189428 0.232359 0.146498 0.15643 0.0176105 0.0429306 0.00793327 0.000851628
0.269341 0.441484 0.457958 0.425009 0.185411 0.226529 0.144293 0.153936 0.0164748 0.0411185 0.00747276 0.000832287
0.276965 0.437025 0.452412 0.421637 0.181268 0.220589 0.141947 0.151443 0.0153878 0.0393209 0.00702819 0.000813034
0.284804 0.432359 0.446708 0.41801 0.176991 0.214531 0.139451 0.148953 0.014349 0.0375404 0.00659971 0.000793872
0.292864 0.427422 0.44078 0.414064 0.172568 0.208347 0.136789 0.146468 0.0133576 0.0357791 0.00618744 0.000774799
0.301153 0.422042 0.434455 0.409629 0.167971 0.202011 0.133932 0.143989 0.0124131 0.0340395 0.00579143 0.000755805
0.309677 0.413422 0.424937 0.401908 0.162742 0.195066 0.130418 0.141522 0.0115146 0.0323238 0.00541168 0.000736834
0.318442 0.404586 0.415772 0.393401 0.158757 0.190437 0.127077 0.140594 0.0111856 0.03168 0.0052716 0.000729167
0.321833 0.402591 0.413458 0.391725 0.156996 0.188043 0.125949 0.139678 0.0108665 0.0310468 0.00513526 0.000721574
0.325224 0.400581 0.411138 0.390024 0.155234 0.185658 0.12481 0.138772 0.0105568 0.030424 0.00500258 0.000714052
0.328614 0.398555 0.408811 0.388298 0.153471 0.183283 0.12366 0.137878 0.0102562 0.0298116 0.00487343 0.000706601
0.332005 0.396511 0.406476 0.386546 0.151709 0.180918 0.122499 0.136993 0.00996454 0.0292093 0.00474773 0.000699217
0.335396 0.39445 0.404131 0.384768 0.149945 0.178562 0.121328 0.136119 0.00968144 0.0286171 0.00462538 0.000691898
0.338787 0.39237 0.401776 0.382963 0.14818 0.176215 0.120146 0.135255 0.00940665 0.0280348 0.00450627 0.000684644
0.342178 0.39027 0.39941 0.38113 0.146416 0.173879 0.118954 0.134401 0.0091399 0.0274623 0.00439033 0.000677452
0.345569 0.388151 0.397032 0.37927 0.144652 0.171551 0.117752 0.133556 0.00888093 0.0268995 0.00427746 0.00067032
0.348959 0.386011 0.39464 0.377381 0.142887 0.169233 0.116541 0.13272 0.00862951 0.0263461 0.00416757 0.000663246
0.35235 0.383849 0.392234 0.375463 0.141122 0.166925 0.11532 0.131893 0.00838538 0.0258022 0.00406058 0.000656229
0.355741 0.381665 0.389814 0.373517 0.139358 0.164626 0.114091 0.131076 0.00814833 0.0252675 0.00395641 0.000649266
0.359132 0.379459 0.387377 0.371541 0.137595 0.162336 0.112853 0.130266 0.00791813 0.0247419 0.00385498 0.000642357
0.362523 0.37723 0.384925 0.369536 0.135831 0.160056 0.111606 0.129465 0.00769456 0.0242254 0.00375622 0.0006355
0.365914 0.374977 0.382454 0.3675 0.134069 0.157786 0.110351 0.128672 0.00747743 0.0237177 0.00366004 0.000628692
0.369305 0.3727 0.379967 0.365434 0.132307 0.155526 0.109089 0.127887 0.00726652 0.0232187 0.00356637 0.000621933
0.372695 0.370399 0.377461 0.363337 0.130547 0.153276 0.107819 0.12711 0.00706166 0.0227284 0.00347515 0.00061522
0.376086 0.368072 0.374935 0.361209 0.128788 0.151035 0.106542 0.126339 0.00686265 0.0222466 0.00338631 0.000608553
0.379477 0.36572 0.372389 0.359051 0.127031 0.148804 0.105258 0.125576 0.00666931 0.0217732 0.00329978 0.00060193
0.382868 0.363343 0.369824 0.356861 0.125276 0.146585 0.103968 0.124819 0.00648147 0.0213081 0.00321549 0.00059535
0.386259 0.360939 0.367238 0.35464 0.123523 0.144374 0.102672 0.124069 0.00629897 0.0208511 0.00313339 0.00058881
0.38965 0.358508 0.36463 0.352387 0.121773 0.142175 0.101371 0.123325 0.00612163 0.0204022 0.00305341 0.000582311
0.39304 0.356052 0.362001 0.350102 0.120026 0.139987 0.100065 0.122586 0.00594931 0.0199611 0.00297549 0.00057585
0.396431 0.353568 0.35935 0.347786 0.118281 0.137809 0.0987533 0.121854 0.00578185 0.0195279 0.00289958 0.000569426
0.399822 0.351057 0.356676 0.345438 0.11654 0.135643 0.0974379 0.121126 0.0056191 0.0191024 0.00282562 0.000563039
0.403213 0.348519 0.353979 0.343058 0.114803 0.133487 0.0961182 0.120404 0.00546093 0.0186844 0.00275355 0.000556687
0.406604 0.345953 0.35126 0.340646 0.113069 0.131343 0.094795 0.119687 0.00530719 0.0182739 0.00268333 0.000550369
0.409995 0.343359 0.348517 0.338201 0.11134 0.129211 0.0934693 0.118974 0.00515776 0.0178708 0.00261491 0.000544085
0.413385 0.340737 0.34575 0.335725 0.109615 0.12709 0.0921404 0.118265 0.0050125 0.0174749 0.00254822 0.000537832
0.416776 0.338088 0.342959 0.333216 0.107896 0.124982 0.0908095 0.11756 0.0048713 0.0170862 0.00248323 0.00053161
0.420167 0.33541 0.340144 0.330676 0.106181 0.122886 0.0894767 0.116859 0.00473402 0.0167045 0.00241989 0.000525418
0.423558 0.332705 0.337306 0.328105 0.104472 0.120802 0.0881424 0.116161 0.00460057 0.0163298 0.00235816 0.000519256
0.426949 0.329972 0.334443 0.325501 0.102769 0.118731 0.0868075 0.115466 0.00447081 0.0159619 0.00229798 0.000513123
0.43034 0.327211 0.331555 0.322866 0.101073 0.116673 0.085472 0.114773 0.00434465 0.0156007 0.00223932 0.000507017
0.43373 0.324422 0.328643 0.3202 0.0993826 0.114629 0.0841365 0.114084 0.00422198 0.0152461 0.00218214 0.000500938
0.437121 0.321605 0.325708 0.317502 0.0976995 0.112598 0.0828014 0.113396 0.00410269 0.0148981 0.00212639 0.000494886
0.440512 0.31876 0.322747 0.314774 0.0960236 0.11058 0.0814671 0.112711 0.00398669 0.0145565 0.00207204 0.000488859
0.443903 0.315888 0.319762 0.312014 0.0943555 0.108577 0.0801342 0.112027 0.00387389 0.0142213 0.00201905 0.000482858
0.447294 0.312989 0.316753 0.309225 0.0926952 0.106588 0.0788029 0.111344 0.00376418 0.0138923 0.00196738 0.000476881
0.450685 0.310062 0.31372 0.306405 0.0910434 0.104613 0.077474 0.110662 0.00365749 0.0135694 0.00191699 0.000470928
0.454075 0.307109 0.310663 0.303556 0.0894003 0.102653 0.0761476 0.109982 0.00355372 0.0132526 0.00186786 0.000464999
0.457466 0.30413 0.307582 0.300677 0.0877662 0.100708 0.0748244 0.109301 0.00345279 0.0129418 0.00181994 0.000459094
0.460857 0.301123 0.304478 0.297769 0.0861415 0.0987783 0.0735046 0.108621 0.00335462 0.0126368 0.00177321 0.000453211
0.464248 0.298092 0.301351 0.294832 0.0845265 0.0968642 0.0721889 0.107941 0.00325912 0.0123377 0.00172763 0.000447351
0.467639 0.295034 0.2982 0.291868 0.0829217 0.0949659 0.0708775 0.107261 0.00316623 0.0120442 0.00168317 0.000441514
0.47103 0.291951 0.295027 0.288875 0.0813273 0.0930836 0.069571 0.10658 0.00307587 0.0117563 0.00163981 0.000435698
0.47442 0.288844 0.291832 0.285856 0.0797437 0.0912176 0.0682698 0.105898 0.00298797 0.0114739 0.00159751 0.000429905
0.477811 0.285712 0.288614 0.282809 0.0781712 0.0893682 0.0669742 0.105215 0.00290245 0.011197 0.00155624 0.000424133
0.481202 0.282556 0.285375 0.279737 0.0766102 0.0875356 0.0656848 0.104531 0.00281925 0.0109254 0.00151598 0.000418383
0.484593 0.279377 0.282116 0.276639 0.075061 0.0857201 0.0644019 0.103845 0.00273831 0.0106591 0.00147671 0.000412654
0.487984 0.276176 0.278835 0.273516 0.0735239 0.0839219 0.0631259 0.103158 0.00265956 0.010398 0.00143838 0.000406947
0.491375 0.272952 0.275535 0.270369 0.0719993 0.0821412 0.0618573 0.102468 0.00258294 0.010142 0.00140099 0.000401262
0.494765 0.269706 0.272215 0.267198 0.0704874 0.0803784 0.0605965 0.101776 0.00250839 0.00989096 0.0013645 0.000395598
0.498156 0.26644 0.268876 0.264004 0.0689887 0.0786336 0.0593438 0.101082 0.00243586 0.00964491 0.0013289 0.000389956
0.501547 0.263153 0.265518 0.260787 0.0675033 0.076907 0.0580996 0.100385 0.00236527 0.00940372 0.00129416 0.000384335
0.504938 0.259846 0.262143 0.25755 0.0660317 0.075199 0.0568643 0.0996846 0.0022966 0.00916733 0.00126025 0.000378737
0.508329 0.256521 0.258751 0.254291 0.064574 0.0735097 0.0556384 0.0989814 0.00222977 0.00893565 0.00122715 0.00037316
0.51172 0.253178 0.255343 0.251013 0.0631307 0.0718393 0.0544221 0.0982749 0.00216474 0.00870862 0.00119486 0.000367606
0.51511 0.249817 0.251918 0.247715 0.061702 0.0701881 0.0532158 0.0975649 0.00210146 0.00848615 0.00116333 0.000362074
0.518501 0.246439 0.248479 0.2444 0.0602881 0.0685562 0.0520199 0.0968511 0.00203988 0.00826818 0.00113256 0.000356565
0.521892 0.243046 0.245026 0.241066 0.0588893 0.0669439 0.0508347 0.0961335 0.00197996 0.00805463 0.00110253 0.000351079
0.525283 0.239638 0.24156 0.237716 0.0575059 0.0653513 0.0496605 0.0954117 0.00192165 0.00784543 0.00107321 0.000345617
0.528674 0.236216 0.238081 0.234351 0.0561382 0.0637787 0.0484977 0.0946858 0.0018649 0.00764052 0.00104459 0.000340178
0.532065 0.232781 0.234591 0.230971 0.0547864 0.0622262 0.0473465 0.0939554 0.00180967 0.00743981 0.00101665 0.000334763
0.535455 0.229334 0.23109 0.227578 0.0534507 0.0606939 0.0462074 0.0932205 0.00175593 0.00724326 0.000989372 0.000329373
0.538846 0.225876 0.227579 0.224172 0.0521313 0.0591821 0.0450805 0.0924809 0.00170363 0.00705078 0.000962743 0.000324009
0.542237 0.222407 0.22406 0.220754 0.0508285 0.0576909 0.0439662 0.0917365 0.00165273 0.00686232 0.000936746 0.000318669
0.545628 0.21893 0.220533 0.217326 0.0495425 0.0562203 0.0428647 0.0909871 0.0016032 0.00667781 0.000911364 0.000313356
0.549019 0.215443 0.216998 0.213888 0.0482735 0.0547707 0.0417764 0.0902327 0.001555 0.00649718 0.000886582 0.000308069
0.55241 0.211951 0.213459 0.210442 0.0470217 0.0533421 0.0407013 0.0894731 0.00150809 0.00632036 0.000862386 0.000302809
0.5558 0.208451 0.209914 0.206989 0.0457872 0.0519345 0.0396399 0.0887083 0.00146244 0.00614731 0.000838761 0.000297576
0.559191 0.204948 0.206366 0.20353 0.0445703 0.0505482 0.0385923 0.0879381 0.00141802 0.00597796 0.000815693 0.000292372
0.562582 0.20144 0.202815 0.200065 0.043371 0.0491833 0.0375588 0.0871624 0.00137479 0.00581224 0.00079317 0.000287196
0.565973 0.19793 0.199263 0.196597 0.0421896 0.0478397 0.0365395 0.0863812 0.00133272 0.00565009 0.000771178 0.00028205
0.569364 0.194418 0.19571 0.193126 0.0410261 0.0465176 0.0355347 0.0855945 0.00129178 0.00549146 0.000749704 0.000276934
0.572755 0.190906 0.192158 0.189654 0.0398808 0.0452171 0.0345445 0.0848022 0.00125194 0.00533629 0.000728736 0.000271848
0.576146 0.187395 0.188608 0.186182 0.0387536 0.0439382 0.0335691 0.0840041 0.00121317 0.00518452 0.000708262 0.000266793
0.579536 0.183886 0.185062 0.182711 0.0376448 0.0426809 0.0326087 0.0832004 0.00117545 0.00503609 0.00068827 0.000261771
0.582927 0.180381 0.18152 0.179242 0.0365544 0.0414454 0.0316635 0.082391 0.00113875 0.00489096 0.00066875 0.00025678
0.586318 0.17688 0.177983 0.175777 0.0354825 0.0402316 0.0307335 0.0815758 0.00110303 0.00474905 0.00064969 0.000251824
0.589709 0.173385 0.174454 0.172317 0.0344292 0.0390396 0.0298189 0.0807549 0.00106828 0.00461033 0.000631079 0.000246901
0.5931 0.169898 0.170932 0.168863 0.0333946 0.0378693 0.0289198 0.0799282 0.00103447 0.00447472 0.000612908 0.000242012
0.596491 0.166418 0.16742 0.165417 0.0323786 0.0367208 0.0280364 0.0790958 0.00100158 0.00434219 0.000595166 0.000237159
0.599881 0.162949 0.163919 0.16198 0.0313813 0.035594 0.0271686 0.0782577 0.00096958 0.00421269 0.000577843 0.000232342
0.603272 0.159491 0.160429 0.158553 0.0304028 0.034489 0.0263167 0.077414 0.000938448 0.00408614 0.00056093 0.000227562
0.606663 0.156045 0.156953 0.155136 0.0294432 0.0334057 0.0254807 0.0765646 0.000908163 0.00396252 0.000544418 0.00022282
0.610054 0.152613 0.153491 0.151734 0.0285023 0.032344 0.0246605 0.0757097 0.000878704 0.00384177 0.000528298 0.000218115
0.613445 0.149195 0.150045 0.148345 0.0275801 0.031304 0.0238563 0.0748493 0.00085005 0.00372383 0.000512561 0.00021345
0.616836 0.145794 0.146616 0.144972 0.0266768 0.0302855 0.0230682 0.0739834 0.000822179 0.00360866 0.000497199 0.000208824
0.620226 0.142411 0.143206 0.141616 0.0257922 0.0292884 0.022296 0.0731122 0.000795073 0.00349622 0.000482203 0.000204238
0.623617 0.139047 0.139816 0.138278 0.0249263 0.0283127 0.0215399 0.0722358 0.000768712 0.00338644 0.000467566 0.000199694
0.627008 0.135703 0.136446 0.13496 0.024079 0.0273583 0.0207997 0.0713542 0.000743077 0.0032793 0.000453279 0.000195191
0.630399 0.13238 0.133098 0.131662 0.0232504 0.0264252 0.0200757 0.0704676 0.00071815 0.00317474 0.000439336 0.000190731
0.63379 0.129081 0.129775 0.128387 0.0224404 0.0255131 0.0193676 0.0695761 0.000693914 0.00307271 0.000425729 0.000186315
0.637181 0.125806 0.126476 0.125136 0.0216487 0.0246219 0.0186755 0.0686798 0.00067035 0.00297318 0.00041245 0.000181942
0.640571 0.122557 0.123204 0.121909 0.0208755 0.0237516 0.0179994 0.0677789 0.000647444 0.0028761 0.000399494 0.000177614
0.643962 0.119333 0.119959 0.118708 0.0201205 0.0229019 0.0173391 0.0668735 0.000625177 0.00278141 0.000386852 0.000173331
0.647353 0.116139 0.116742 0.115535 0.0193837 0.0220727 0.0166946 0.0659637 0.000603534 0.00268909 0.000374519 0.000169094
0.650744 0.112974 0.113556 0.112391 0.0186649 0.021264 0.0160658 0.0650498 0.0005825 0.00259909 0.000362488 0.000164904
0.654135 0.109839 0.110401 0.109277 0.0179641 0.0204755 0.0154527 0.064132 0.00056206 0.00251136 0.000350753 0.000160761
0.657526 0.106737 0.107279 0.106194 0.017281 0.0197069 0.0148552 0.0632103 0.000542199 0.00242587 0.000339307 0.000156666
0.660916 0.103667 0.10419 0.103144 0.0166157 0.0189582 0.0142731 0.062285 0.000522903 0.00234258 0.000328146 0.00015262
0.664307 0.100631 0.101136 0.100127 0.0159678 0.0182292 0.0137063 0.0613564 0.000504158 0.00226144 0.000317263 0.000148623
0.667698 0.0976319 0.0981178 0.0971459 0.0153372 0.0175196 0.0131548 0.0604245 0.00048595 0.00218242 0.000306652 0.000144676
0.671089 0.0946683 0.0951366 0.0942 0.0147238 0.0168293 0.0126184 0.0594898 0.000468268 0.00210547 0.000296308 0.00014078
0.67448 0.0917429 0.092194 0.0912918 0.0141274 0.016158 0.0120969 0.0585522 0.000451096 0.00203056 0.000286226 0.000136934
0.677871 0.0888564 0.0892908 0.0884219 0.0135478 0.0155055 0.0115902 0.0576122 0.000434425 0.00195765 0.000276401 0.00013314
0.681261 0.0860095 0.0864277 0.0855913 0.0129848 0.0148715 0.0110981 0.0566699 0.00041824 0.0018867 0.000266827 0.000129398
0.684652 0.0832035 0.083606 0.0828009 0.0124382 0.0142559 0.0106206 0.0557256 0.000402531 0.00181768 0.000257499 0.000125709
0.688043 0.0804391 0.0808264 0.0800518 0.0119079 0.0136584 0.0101573 0.0547796 0.000387285 0.00175054 0.000248413 0.000122073
0.691434 0.0777179 0.0780904 0.0773454 0.0113935 0.0130788 0.00970823 0.053832 0.000372492 0.00168526 0.000239564 0.00011849
0.694825 0.0750405 0.0753987 0.0746824 0.0108949 0.0125167 0.00927308 0.0528833 0.000358141 0.0016218 0.000230948 0.000114962
0.698216 0.0724078 0.072752 0.0720636 0.0104118 0.011972 0.00885172 0.0519336 0.000344221 0.00156012 0.000222559 0.000111488
0.701606 0.0698206 0.0701513 0.0694898 0.00994411 0.0114443 0.00844392 0.0509833 0.000330721 0.00150019 0.000214394 0.000108069
0.704997 0.0672797 0.0675973 0.0669621 0.0094915 0.0109335 0.00804953 0.0500326 0.000317632 0.00144197 0.000206448 0.000104705
0.708388 0.064786 0.0650909 0.064481 0.0090537 0.0104391 0.00766826 0.0490818 0.000304943 0.00138544 0.000198716 0.000101397
0.711779 0.06234 0.0626327 0.0620474 0.00863046 0.009961 0.00729991 0.0481313 0.000292646 0.00133055 0.000191196 9.81454e-05
0.71517 0.0599427 0.0602234 0.0596619 0.00822163 0.0094989 0.00694435 0.0471813 0.00028073 0.00127727 0.000183882 9.49498e-05
0.718561 0.0575944 0.0578636 0.0573252 0.00782687 0.00905245 0.00660129 0.0462321 0.000269186 0.00122558 0.000176771 9.18108e-05
0.721951 0.0552958 0.0555538 0.0550378 0.00744595 0.00862139 0.00627051 0.0452841 0.000258006 0.00117544 0.000169859 8.87287e-05
0.725342 0.0530475 0.0532947 0.0528003 0.00707861 0.00820543 0.00595179 0.0443376 0.00024718 0.00112682 0.000163142 8.57038e-05
0.728733 0.0508499 0.0510866 0.0506132 0.00672458 0.00780426 0.0056449 0.0433928 0.000236701 0.00107968 0.000156616 8.27363e-05
0.732124 0.0487035 0.0489301 0.048477 0.00638359 0.0074176 0.00534959 0.0424502 0.000226559 0.00103401 0.000150278 7.98263e-05
0.735515 0.0466087 0.0468254 0.0463919 0.00605538 0.00704514 0.00506563 0.0415101 0.000216746 0.000989756 0.000144124 7.69741e-05
0.738906 0.0445656 0.0447729 0.0443583 0.00573967 0.00668658 0.00479277 0.0405728 0.000207256 0.000946904 0.000138151 7.41797e-05
0.742296 0.0425747 0.0427728 0.0423767 0.00543619 0.00634161 0.00453077 0.0396385 0.000198079 0.00090542 0.000132355 7.14433e-05
0.745687 0.0406362 0.0408254 0.040447 0.00514466 0.00600993 0.00427938 0.0387078 0.000189208 0.000865275 0.000126733 6.8765e-05
0.749078 0.0387502 0.0389308 0.0385696 0.0048648 0.00569124 0.00403836 0.0377809 0.000180635 0.00082644 0.000121281 6.61447e-05
0.752469 0.0369168 0.0370892 0.0367445 0.00459634 0.00538523 0.00380745 0.0368581 0.000172355 0.000788887 0.000115996 6.35826e-05
0.75586 0.0351361 0.0353004 0.0349717 0.004339 0.00509159 0.00358641 0.0359398 0.000164358 0.000752588 0.000110875 6.10786e-05
0.759251 0.033408 0.0335646 0.0332513 0.0040925 0.00481001 0.00337498 0.0350264 0.000156639 0.000717516 0.000105914 5.86327e-05
0.762641 0.0317325 0.0318817 0.0315833 0.00385655 0.00454019 0.00317291 0.0341181 0.00014919 0.000683643 0.000101112 5.62449e-05
0.766032 0.0301095 0.0302515 0.0299675 0.00363089 0.00428183 0.00297995 0.0332154 0.000142005 0.000650943 9.64631e-05 5.39149e-05
0.769423 0.0285388 0.0286738 0.0284037 0.00341522 0.00403461 0.00279583 0.0323186 0.000135077 0.000619389 9.1966e-05 5.16427e-05
0.772814 0.0270201 0.0271485 0.0268917 0.00320928 0.00379823 0.00262032 0.031428 0.000128399 0.000588955 8.76172e-05 4.94282e-05
0.776205 0.0255533 0.0256752 0.0254313 0.00301278 0.00357239 0.00245316 0.030544 0.000121967 0.000559615 8.34139e-05 4.72712e-05
0.779596 0.0241378 0.0242536 0.0240221 0.00282545 0.00335679 0.00229411 0.0296669 0.000115772 0.000531344 7.93529e-05 4.51714e-05
0.782986 0.0227734 0.0228832 0.0226636 0.00264701 0.00315113 0.0021429 0.0287972 0.00010981 0.000504116 7.54316e-05 4.31286e-05
0.786377 0.0214596 0.0215637 0.0213555 0.00247719 0.0029551 0.00199929 0.027935 0.000104074 0.000477907 7.16469e-05 4.11425e-05
0.789768 0.0201958 0.0202944 0.0200973 0.00231573 0.00276842 0.00186303 0.0270808 9.85583e-05 0.000452692 6.79961e-05 3.92129e-05
0.793159 0.0189816 0.0190748 0.0188883 0.00216234 0.00259079 0.00173389 0.0262349 9.32577e-05 0.000428448 6.44763e-05 3.73393e-05
0.79655 0.0178163 0.0179045 0.0177281 0.00201677 0.00242192 0.00161162 0.0253977 8.81662e-05 0.000405149 6.10848e-05 3.55215e-05
0.799941 0.0166993 0.0167825 0.016616 0.00187875 0.00226152 0.00149597 0.0245695 8.32784e-05 0.000382774 5.78189e-05 3.37591e-05
0.803332 0.0156298 0.0157083 0.0155512 0.00174801 0.00210931 0.00138672 0.0237506 7.8589e-05 0.000361297 5.46758e-05 3.20515e-05
0.806722 0.0146071 0.0146812 0.014533 0.00162431 0.00196501 0.00128362 0.0229414 7.40925e-05 0.000340698 5.16529e-05 3.03984e-05
0.810113 0.0136304 0.0137002 0.0135606 0.00150739 0.00182834 0.00118643 0.0221421 6.97839e-05 0.000320952 4.87475e-05 2.87994e-05
0.813504 0.0126989 0.0127646 0.0126332 0.00139699 0.00169902 0.00109495 0.0213532 6.5658e-05 0.000302037 4.59569e-05 2.72538e-05
0.816895 0.0118117 0.0118734 0.01175 0.00129286 0.0015768 0.00100893 0.0205749 6.17098e-05 0.000283932 4.32787e-05 2.57611e-05
0.820286 0.0109679 0.0110258 0.0109099 0.00119477 0.00146139 0.00092816 0.0198076 5.79343e-05 0.000266615 4.07101e-05 2.43209e-05
0.823677 0.0101664 0.0102208 0.0101121 0.00110248 0.00135255 0.000852418 0.0190515 5.43268e-05 0.000250064 3.82486e-05 2.29325e-05
0.827067 0.00940645 0.00945733 0.00935557 0.00101574 0.00125 0.000781487 0.018307 5.08823e-05 0.000234257 3.58916e-05 2.15952e-05
0.830458 0.00868685 0.00873444 0.00863925 0.000934333 0.00115351 0.000715158 0.0175743 4.75963e-05 0.000219175 3.36367e-05 2.03085e-05
0.833849 0.00800659 0.00805106 0.00796213 0.000858025 0.00106282 0.000653229 0.0168538 4.44642e-05 0.000204796 3.14814e-05 1.90716e-05
0.83724 0.00736458 0.00740606 0.0073231 0.000786592 0.000977692 0.000595492 0.0161458 4.14813e-05 0.0001911 2.94231e-05 1.78839e-05
0.840631 0.00675974 0.00679838 0.00672109 0.000719818 0.000897885 0.000541751 0.0154505 3.86433e-05 0.000178067 2.74593e-05 1.67446e-05
0.844022 0.0061909 0.00622685 0.00615495 0.00065749 0.000823167 0.000491813 0.0147683 3.59457e-05 0.000165677 2.55877e-05 1.5653e-05
0.847412 0.00565693 0.00569031 0.00562354 0.000599399 0.00075331 0.000445489 0.0140993 3.33842e-05 0.000153911 2.38058e-05 1.46083e-05
0.850803 0.00515664 0.0051876 0.00512569 0.000545343 0.000688091 0.000402594 0.0134439 3.09545e-05 0.000142748 2.21112e-05 1.36097e-05
0.854194 0.00468887 0.00471752 0.00466022 0.000495122 0.000627292 0.000362951 0.0128023 2.86525e-05 0.000132171 2.05014e-05 1.26565e-05
0.857585 0.0042524 0.00427887 0.00422593 0.000448543 0.000570702 0.000326383 0.0121747 2.64741e-05 0.00012216 1.89741e-05 1.17476e-05
0.860976 0.00384603 0.00387044 0.00382161 0.000405419 0.000518115 0.000292723 0.0115615 2.44151e-05 0.000112696 1.75269e-05 1.08824e-05
0.864367 0.00346854 0.00349101 0.00344607 0.000365566 0.000469327 0.000261804 0.0109627 2.24715e-05 0.000103762 1.61574e-05 1.00598e-05
0.867757 0.00311872 0.00313936 0.00309808 0.000328806 0.000424145 0.000233467 0.0103787 2.06394e-05 9.53388e-05 1.48634e-05 9.27895e-06
0.871148 0.00279534 0.00281425 0.00277642 0.000294969 0.000382378 0.000207559 0.00980967 1.8915e-05 8.74093e-05 1.36424e-05 8.53895e-06
0.874539 0.00249718 0.00251448 0.00247989 0.000263886 0.000343841 0.00018393 0.00925578 1.72943e-05 7.99558e-05 1.24922e-05 7.83883e-06
0.87793 0.00222304 0.00223881 0.00220727 0.000235395 0.000308356 0.000162435 0.00871725 1.57736e-05 7.29608e-05 1.14105e-05 7.17761e-06
0.881321 0.0019717 0.00198605 0.00195735 0.000209343 0.00027575 0.000142935 0.00819425 1.43493e-05 6.64074e-05 1.0395e-05 6.5543e-06
0.884712 0.00174197 0.00175498 0.00172895 0.000185576 0.000245855 0.000125297 0.00768696 1.30175e-05 6.02787e-05 9.44332e-06 5.96788e-06
0.888102 0.00153266 0.00154443 0.00152088 0.00016395 0.000218508 0.000109392 0.00719553 1.17748e-05 5.45581e-05 8.55334e-06 5.41732e-06
0.891493 0.0013426 0.00135322 0.00133198 0.000144325 0.000193554 9.5096e-05 0.00672012 1.06175e-05 4.92291e-05 7.72276e-06 4.90158e-06
0.894884 0.00117064 0.00118018 0.0011611 0.000126567 0.000170843 8.22909e-05 0.00626087 9.54209e-06 4.42758e-05 6.94936e-06 4.41959e-06
0.898275 0.00101566 0.0010242 0.00100711 0.000110546 0.000150228 7.08633e-05 0.00581789 8.54519e-06 3.96822e-05 6.23093e-06 3.97027e-06
0.901666 0.000876534 0.000884158 0.000868911 9.61375e-05 0.00013157 6.07048e-05 0.0053913 7.62335e-06 3.54327e-05 5.56526e-06 3.55253e-06
0.905057 0.000752191 0.000758964 0.000745418 8.32245e-05 0.000114736 5.17127e-05 0.0049812 6.77322e-06 3.15118e-05 4.95018e-06 3.16527e-06
0.908447 0.000641573 0.000647565 0.000635582 7.16931e-05 9.95975e-05 4.37887e-05 0.00458768 5.99148e-06 2.79044e-05 4.38351e-06 2.80736e-06
0.911838 0.00054365 0.000548925 0.000538376 6.14352e-05 8.60306e-05 3.68397e-05 0.0042108 5.27488e-06 2.45954e-05 3.86311e-06 2.47768e-06
0.915229 0.000457431 0.000462052 0.000452811 5.23477e-05 7.3918e-05 3.07774e-05 0.00385063 4.62019e-06 2.15703e-05 3.38683e-06 2.17508e-06
0.91862 0.000381953 0.000385978 0.000377929 4.4333e-05 6.31474e-05 2.55185e-05 0.0035072 4.02426e-06 1.88144e-05 2.95255e-06 1.89841e-06
0.922011 0.000316292 0.000319776 0.000312808 3.72981e-05 5.36116e-05 2.09845e-05 0.00318054 3.48396e-06 1.63136e-05 2.55817e-06 1.64651e-06
0.925402 0.000259556 0.000262552 0.00025656 3.11551e-05 4.52089e-05 1.71014e-05 0.00287065 2.99623e-06 1.40538e-05 2.20161e-06 1.41822e-06
0.928792 0.000210897 0.000213455 0.000208339 2.58212e-05 3.78423e-05 1.38e-05 0.00257754 2.55804e-06 1.20212e-05 1.88081e-06 1.21235e-06
0.932183 0.000169503 0.00017167 0.000167337 2.12179e-05 3.14201e-05 1.10157e-05 0.00230116 2.16643e-06 1.02022e-05 1.5937e-06 1.02773e-06
0.935574 0.000134606 0.000136424 0.000132787 1.72718e-05 2.58554e-05 8.68825e-06 0.00204149 1.81847e-06 8.58358e-06 1.33826e-06 8.63182e-07
0.938965 0.000105477 0.000106988 0.000103966 1.39141e-05 2.10663e-05 6.76187e-06 0.00179844 1.51128e-06 7.15221e-06 1.1125e-06 7.17508e-07
0.942356 8.14328e-05 8.26748e-05 8.01907e-05 1.10801e-05 1.69754e-05 5.1849e-06 0.00157193 1.24205e-06 5.89523e-06 9.14415e-07 5.89523e-07
0.945747 6.1832e-05 6.28399e-05 6.0824e-05 8.70999e-06 1.351e-05 3.90996e-06 0.00136185 1.00798e-06 4.80003e-06 7.42052e-07 4.7804e-07
0.949137 4.60789e-05 4.68853e-05 4.52725e-05 6.74792e-06 1.06022e-05 2.89367e-06 0.00116806 8.06358e-07 3.85424e-06 5.93472e-07 3.81871e-07
0.952528 3.36223e-05 3.42568e-05 3.29878e-05 5.14235e-06 8.18809e-06 2.0966e-06 0.000990403 6.3451e-07 3.04575e-06 4.66763e-07 2.99831e-07
0.955919 2.39561e-05 2.44459e-05 2.34663e-05 3.84577e-06 6.20843e-06 1.48312e-06 0.000828688 4.89816e-07 2.36266e-06 3.6004e-07 2.30742e-07
0.95931 1.66195e-05 1.69892e-05 1.62498e-05 2.81466e-06 4.60802e-06 1.02129e-06 0.000682693 3.69708e-07 1.79337e-06 2.71447e-07 1.73431e-07
0.962701 1.11967e-05 1.14684e-05 1.0925e-05 2.00928e-06 3.33578e-06 6.82771e-07 0.000552161 2.71678e-07 1.3265e-06 1.9916e-07 1.26735e-07
0.966092 7.31717e-06 7.51044e-06 7.12389e-06 1.39363e-06 2.34461e-06 4.42651e-07 0.000436799 1.93273e-07 9.5098e-07 1.41385e-07 8.95027e-08
0.969482 4.6555e-06 4.78761e-06 4.5234e-06 9.3534e-07 1.59131e-06 2.79367e-07 0.00033627 1.32104e-07 6.55973e-07 9.63694e-08 6.05949e-08
0.972873 2.93135e-06 3.01719e-06 2.8455e-06 6.05557e-07 1.03651e-06 1.74604e-07 0.000250189 8.58454e-08 4.30952e-07 6.23956e-08 3.88913e-08
0.976264 1.91088e-06 1.96312e-06 1.85864e-06 3.78968e-07 6.44655e-07 1.13281e-07 0.000178115 5.22388e-08 2.65687e-07 3.77911e-08 2.32922e-08
0.979655 1.41132e-06 1.44042e-06 1.38222e-06 2.34003e-07 3.84268e-07 8.37389e-08 0.00011954 2.91011e-08 1.50264e-07 2.09315e-08 1.27227e-08
0.983046 1.31889e-06 1.33322e-06 1.30456e-06 1.53867e-07 2.28983e-07 7.8751e-08 7.38877e-05 1.43293e-08 7.51158e-08 1.02463e-08 6.13878e-09
0.986437 1.68484e-06 1.69075e-06 1.67893e-06 1.32286e-07 1.63336e-07 1.01236e-07 4.05201e-05 5.90927e-09 3.10502e-08 4.22706e-09 2.53255e-09
0.989827 4.74718e-06 4.7491e-06 4.74526e-06 2.95399e-07 3.04707e-07 2.86091e-07 1.89477e-05 1.92287e-09 9.30786e-09 1.43064e-09 9.34158e-10
0.993218 8.92399e-06 8.92427e-06 8.92372e-06 5.40328e-07 5.42646e-07 5.3801e-07 2.48238e-05 2.72927e-10 2.31795e-09 1.3714e-10 -1.05879e-22
4.01075e-314 inf inf inf inf inf inf 7.98796e-05 1.42848 0.264661 0.109094 0.0131043
