9.72476e-05 12.3147 12.9517 11.6776 7.14632 7.48527 6.80737 4.49266 0.637028 0.338948 0.0302133 0.0219742
0.0001 12.2493 12.8844 11.6142 7.10797 7.44617 6.76978 4.47019 0.635135 0.338198 0.0302232 0.0218928
0.00010283 12.1859 12.8192 11.5527 7.07079 7.40824 6.73334 4.44781 0.633247 0.33745 0.0302343 0.0218116
0.000105741 12.1471 12.7784 11.5157 7.04824 7.38495 6.71154 4.42552 0.631364 0.336703 0.0302468 0.0217307
0.000108734 12.0803 12.7098 11.4508 7.00907 7.34503 6.67311 4.4033 0.629485 0.335958 0.0302605 0.02165
0.000111811 12.0139 12.6415 11.3863 6.97008 7.30529 6.63486 4.38117 0.627612 0.335215 0.0302755 0.0215697
0.000114976 11.9478 12.5735 11.322 6.93126 7.26573 6.59679 4.35912 0.625743 0.334473 0.0302918 0.0214896
0.00011823 11.8819 12.5058 11.258 6.89262 7.22635 6.55889 4.33715 0.623878 0.333732 0.0303095 0.0214099
0.000121576 11.8164 12.4384 11.1943 6.85416 7.18715 6.52116 4.31527 0.622019 0.332993 0.0303285 0.0213304
0.000125017 11.7511 12.3713 11.1309 6.81587 7.14813 6.48362 4.29347 0.620164 0.332255 0.0303488 0.0212512
0.000128556 11.6861 12.3045 11.0678 6.77776 7.10928 6.44624 4.27174 0.618313 0.331519 0.0303705 0.0211722
0.000132194 11.6215 12.238 11.005 6.73983 7.07062 6.40905 4.2501 0.616467 0.330785 0.0303936 0.0210935
0.000135936 11.5571 12.1717 10.9425 6.70207 7.03212 6.37202 4.22854 0.614626 0.330051 0.030418 0.0210152
0.000139783 11.493 12.1058 10.8802 6.66448 6.9938 6.33516 4.20706 0.612789 0.32932 0.0304437 0.020937
0.000143739 11.4292 12.0402 10.8183 6.62707 6.95566 6.29848 4.18566 0.610956 0.328589 0.030471 0.0208592
0.000147808 11.3657 11.9748 10.7566 6.58983 6.91769 6.26197 4.16435 0.609128 0.327861 0.0304995 0.0207816
0.000151991 11.3025 11.9098 10.6952 6.55276 6.87989 6.22563 4.14311 0.607305 0.327133 0.0305295 0.0207043
0.000156293 11.2396 11.845 10.6341 6.51587 6.84227 6.18946 4.12195 0.605485 0.326407 0.0305609 0.0206273
0.000160717 11.1769 11.7806 10.5732 6.47913 6.80482 6.15345 4.10087 0.60367 0.325683 0.0305937 0.0205505
0.000165265 11.1145 11.7164 10.5127 6.44258 6.76754 6.11762 4.07987 0.60186 0.32496 0.030628 0.020474
0.000169943 11.0525 11.6525 10.4524 6.4062 6.73043 6.08196 4.05895 0.600053 0.324238 0.0306637 0.0203978
0.000174753 10.9907 11.5889 10.3924 6.36998 6.6935 6.04647 4.0381 0.598251 0.323518 0.0307009 0.0203218
0.000179699 10.9291 11.5256 10.3327 6.33393 6.65673 6.01113 4.01734 0.596452 0.322799 0.0307395 0.0202461
0.000184785 10.8679 11.4626 10.2732 6.29805 6.62013 5.97597 3.99665 0.594658 0.322081 0.0307797 0.0201707
0.000190015 10.8069 11.3998 10.2141 6.26234 6.5837 5.94097 3.97604 0.592868 0.321365 0.0308212 0.0200955
0.000195393 10.7463 11.3373 10.1552 6.22679 6.54744 5.90614 3.95551 0.591082 0.32065 0.0308644 0.0200206
0.000200923 10.6859 11.2752 10.0966 6.19141 6.51135 5.87147 3.93506 0.5893 0.319937 0.030909 0.019946
0.00020661 10.6257 11.2132 10.0382 6.1562 6.47542 5.83697 3.91468 0.587522 0.319225 0.0309551 0.0198716
0.000212458 10.5659 11.1516 9.98012 6.12115 6.43966 5.80263 3.89439 0.585748 0.318514 0.0310028 0.0197975
0.000218471 10.5063 11.0903 9.92232 6.08627 6.40407 5.76846 3.87416 0.583977 0.317805 0.031052 0.0197236
0.000224655 10.447 11.0292 9.86478 6.05154 6.36864 5.73445 3.85402 0.582211 0.317096 0.0311028 0.01965
0.000231013 10.388 10.9684 9.80751 6.01699 6.33338 5.7006 3.83395 0.580448 0.31639 0.0311551 0.0195767
0.000237551 10.3292 10.9079 9.75051 5.9826 6.29828 5.66692 3.81395 0.578689 0.315684 0.0312091 0.0195036
0.000244275 10.2707 10.8476 9.69376 5.94836 6.26334 5.63338 3.79404 0.576934 0.31498 0.0312645 0.0194308
0.000251189 10.2125 10.7877 9.63729 5.91429 6.22857 5.60001 3.77419 0.575182 0.314277 0.0313216 0.0193582
0.000258298 10.1545 10.728 9.58108 5.88038 6.19396 5.56681 3.75443 0.573434 0.313575 0.0313803 0.0192858
0.000265609 10.0968 10.6685 9.52514 5.84664 6.15951 5.53376 3.73474 0.571689 0.312875 0.0314406 0.0192138
0.000273126 10.0394 10.6094 9.46945 5.81304 6.12522 5.50087 3.71512 0.569948 0.312175 0.0315025 0.0191419
0.000280857 9.98226 10.5505 9.41404 5.77963 6.09111 5.46815 3.69558 0.568211 0.311477 0.0315661 0.0190704
0.000288806 9.92536 10.4918 9.35889 5.74635 6.05713 5.43557 3.67611 0.566477 0.310781 0.0316314 0.018999
0.00029698 9.86874 10.4335 9.30399 5.71324 6.02333 5.40316 3.65672 0.564746 0.310085 0.0316982 0.0189279
0.000305386 9.81238 10.3754 9.24936 5.68029 5.98969 5.3709 3.6374 0.563018 0.309391 0.0317668 0.0188571
0.000314029 9.75627 10.3176 9.19497 5.6475 5.9562 5.3388 3.61815 0.561294 0.308697 0.031837 0.0187865
0.000322917 9.70042 10.26 9.14085 5.61486 5.92286 5.30685 3.59898 0.559573 0.308005 0.031909 0.0187161
0.000332057 9.64484 10.2027 9.08698 5.58237 5.88969 5.27506 3.57988 0.557855 0.307314 0.0319826 0.018646
0.000341455 9.58952 10.1457 9.03338 5.55005 5.85667 5.24342 3.56086 0.55614 0.306625 0.032058 0.0185762
0.000351119 9.53445 10.0889 8.98003 5.51788 5.82382 5.21194 3.5419 0.554428 0.305936 0.032135 0.0185065
0.000361057 9.47965 10.0324 8.92693 5.48587 5.79112 5.18062 3.52302 0.552719 0.305249 0.0322139 0.0184371
0.000371276 9.4251 9.97611 8.87409 5.45401 5.75857 5.14944 3.50422 0.551013 0.304562 0.0322944 0.018368
0.000381784 9.3708 9.92011 8.82149 5.4223 5.72617 5.11842 3.48548 0.54931 0.303877 0.0323767 0.0182991
0.00039259 9.31676 9.86436 8.76915 5.39075 5.69394 5.08755 3.46682 0.54761 0.303193 0.0324608 0.0182304
0.000403702 9.26297 9.80888 8.71705 5.35935 5.66186 5.05684 3.44823 0.545912 0.302509 0.0325467 0.0181619
0.000415128 9.20943 9.75365 8.66521 5.32809 5.62992 5.02627 3.42971 0.544218 0.301827 0.0326343 0.0180937
0.000426877 9.15614 9.69867 8.61362 5.297 5.59814 4.99585 3.41126 0.542525 0.301146 0.0327238 0.0180257
0.000438959 9.10311 9.64395 8.56228 5.26605 5.56652 4.96559 3.39288 0.540836 0.300466 0.032815 0.017958
0.000451383 9.05033 9.58947 8.51118 5.23526 5.53505 4.93547 3.37457 0.539148 0.299787 0.0329081 0.0178904
0.000464159 8.99779 9.53526 8.46033 5.20461 5.50372 4.90551 3.35634 0.537464 0.299109 0.033003 0.0178231
0.000477296 8.94551 9.48129 8.40972 5.17412 5.47256 4.87569 3.33817 0.535781 0.298432 0.0330998 0.0177561
0.000490805 8.89346 9.42756 8.35936 5.14377 5.44153 4.84602 3.32008 0.534101 0.297756 0.0331983 0.0176892
0.000504697 8.84167 9.3741 8.30925 5.11358 5.41066 4.8165 3.30205 0.532423 0.29708 0.0332988 0.0176226
0.000518981 8.79012 9.32087 8.25938 5.08353 5.37994 4.78713 3.2841 0.530747 0.296406 0.0334011 0.0175562
0.00053367 8.73882 9.2679 8.20975 5.05364 5.34937 4.7579 3.26621 0.529074 0.295733 0.0335053 0.01749
0.000548775 8.68776 9.21516 8.16036 5.02388 5.31894 4.72882 3.2484 0.527402 0.29506 0.0336113 0.017424
0.000564307 8.63695 9.16268 8.11121 4.99428 5.28866 4.69989 3.23065 0.525732 0.294388 0.0337193 0.0173583
0.000580278 8.58637 9.11044 8.06231 4.96482 5.25853 4.6711 3.21297 0.524065 0.293718 0.0338292 0.0172928
0.000596702 8.53604 9.05844 8.01364 4.9355 5.22855 4.64246 3.19536 0.522398 0.293048 0.033941 0.0172275
0.000613591 8.48595 9.00668 7.96521 4.90633 5.19871 4.61396 3.17782 0.520734 0.292378 0.0340547 0.0171624
0.000630957 8.43609 8.95516 7.91702 4.87731 5.16902 4.5856 3.16035 0.519071 0.29171 0.0341703 0.0170975
0.000648815 8.38648 8.90389 7.86907 4.84844 5.13948 4.55739 3.14295 0.51741 0.291043 0.0342879 0.0170328
0.000667179 8.3371 8.85285 7.82135 4.8197 5.11008 4.52932 3.12562 0.51575 0.290376 0.0344074 0.0169683
0.000686062 8.28795 8.80204 7.77386 4.79111 5.08082 4.5014 3.10835 0.514092 0.28971 0.0345289 0.0169041
0.00070548 8.23905 8.75148 7.72661 4.76266 5.0517 4.47362 3.09115 0.512435 0.289044 0.0346523 0.01684
0.000725448 8.19038 8.70116 7.6796 4.73435 5.02273 4.44597 3.07402 0.510779 0.28838 0.0347777 0.0167762
0.00074598 8.14194 8.65107 7.63282 4.70619 4.9939 4.41847 3.05695 0.509124 0.287716 0.0349051 0.0167125
0.000767094 8.09374 8.60121 7.58627 4.67817 4.96522 4.39111 3.03996 0.50747 0.287052 0.0350345 0.016649
0.000788805 8.04577 8.55159 7.53995 4.65029 4.93668 4.3639 3.02303 0.505818 0.286389 0.0351658 0.0165858
0.000811131 7.99804 8.5022 7.49387 4.62255 4.90828 4.33682 3.00616 0.504166 0.285727 0.0352991 0.0165227
0.000834088 7.95053 8.45304 7.44801 4.59495 4.88002 4.30988 2.98937 0.502514 0.285066 0.0354345 0.0164599
0.000857696 7.90325 8.40412 7.40239 4.56749 4.85189 4.28308 2.97263 0.500864 0.284405 0.0355718 0.0163972
0.000881971 7.8562 8.35542 7.35699 4.54017 4.82391 4.25643 2.95597 0.499214 0.283744 0.0357111 0.0163348
0.000906934 7.80938 8.30695 7.31182 4.51298 4.79607 4.2299 2.93937 0.497564 0.283084 0.0358524 0.0162725
0.000932603 7.76279 8.2587 7.26687 4.48594 4.76837 4.20352 2.92284 0.495915 0.282425 0.0359958 0.0162104
0.000958999 7.71642 8.21069 7.22216 4.45904 4.7408 4.17727 2.90637 0.494266 0.281766 0.0361411 0.0161485
0.000986142 7.67029 8.1629 7.17767 4.43227 4.71338 4.15116 2.88997 0.492617 0.281107 0.0362885 0.0160867
0.00101405 7.62437 8.11534 7.1334 4.40564 4.68609 4.12519 2.87364 0.490968 0.280449 0.036438 0.0160252
0.00104275 7.57868 8.068 7.08936 4.37915 4.65894 4.09936 2.85736 0.48932 0.279791 0.0365894 0.0159638
0.00107227 7.53322 8.02089 7.04555 4.35279 4.63192 4.07366 2.84116 0.48767 0.279134 0.0367428 0.0159027
0.00110262 7.48797 7.97399 7.00195 4.32657 4.60504 4.04809 2.82502 0.486021 0.278476 0.0368983 0.0158417
0.00113382 7.44295 7.92732 6.95857 4.30048 4.5783 4.02266 2.80894 0.484371 0.27782 0.0370558 0.0157808
0.00116591 7.39814 7.88086 6.91542 4.27453 4.55169 3.99737 2.79293 0.482721 0.277163 0.0372153 0.0157202
0.00119891 7.35356 7.83463 6.87249 4.24871 4.52521 3.9722 2.77698 0.48107 0.276506 0.0373769 0.0156597
0.00123285 7.3092 7.78862 6.82979 4.22303 4.49888 3.94718 2.7611 0.479418 0.27585 0.0375404 0.0155994
0.00126774 7.26506 7.74282 6.78729 4.19748 4.47267 3.92228 2.74528 0.477765 0.275194 0.037706 0.0155392
0.00130362 7.22114 7.69725 6.74503 4.17206 4.4466 3.89752 2.72952 0.476111 0.274538 0.0378736 0.0154792
0.00134052 7.17743 7.65188 6.70297 4.14678 4.42066 3.87289 2.71383 0.474456 0.273882 0.0380431 0.0154194
0.00137846 7.13394 7.60674 6.66114 4.12162 4.39485 3.8484 2.6982 0.4728 0.273227 0.0382147 0.0153598
0.00141747 7.09066 7.5618 6.61951 4.09661 4.36918 3.82403 2.68263 0.471142 0.272571 0.0383883 0.0153002
0.00145759 7.04759 7.51708 6.57811 4.07172 4.34363 3.7998 2.66713 0.469483 0.271915 0.0385639 0.0152409
0.00149885 7.00474 7.47256 6.53692 4.04695 4.31821 3.77569 2.65169 0.467822 0.271259 0.0387414 0.0151817
0.00154127 6.9621 7.42826 6.49594 4.02233 4.29293 3.75173 2.63631 0.466159 0.270604 0.0389209 0.0151226
0.00158489 6.91968 7.38418 6.45519 3.99783 4.26778 3.72788 2.62099 0.464494 0.269948 0.0391024 0.0150637
0.00162975 6.87747 7.3403 6.41464 3.97347 4.24276 3.70417 2.60574 0.462827 0.269291 0.0392858 0.015005
0.00167588 6.83547 7.29663 6.37431 3.94923 4.21786 3.68059 2.59055 0.461157 0.268635 0.0394712 0.0149463
0.00172331 6.79367 7.25316 6.33419 3.92511 4.19309 3.65714 2.57542 0.459485 0.267978 0.0396584 0.0148879
0.00177209 6.7521 7.20991 6.29428 3.90114 4.16846 3.63381 2.56035 0.457811 0.267322 0.0398476 0.0148295
0.00182224 6.71072 7.16685 6.25459 3.87728 4.14394 3.61061 2.54535 0.456134 0.266664 0.0400387 0.0147713
0.00187382 6.66955 7.124 6.21509 3.85355 4.11955 3.58754 2.5304 0.454453 0.266007 0.0402316 0.0147132
0.00192685 6.62858 7.08135 6.17581 3.82995 4.0953 3.5646 2.51552 0.45277 0.265349 0.0404264 0.0146553
0.00198139 6.58783 7.03892 6.13675 3.80648 4.07117 3.54179 2.5007 0.451083 0.26469 0.040623 0.0145974
0.00203747 6.54728 6.99667 6.09788 3.78313 4.04716 3.5191 2.48594 0.449393 0.264031 0.0408214 0.0145397
0.00209514 6.50693 6.95463 6.05923 3.75991 4.02328 3.49654 2.47124 0.4477 0.263372 0.0410217 0.0144822
0.00215443 6.46679 6.91279 6.02078 3.73681 3.99952 3.4741 2.4566 0.446002 0.262712 0.0412236 0.0144247
0.00221541 6.42685 6.87115 5.98255 3.71384 3.97589 3.45178 2.44202 0.444301 0.262051 0.0414274 0.0143673
0.00227812 6.38711 6.8297 5.94451 3.69099 3.95238 3.4296 2.42751 0.442595 0.26139 0.0416328 0.0143101
0.00234259 6.34757 6.78846 5.90669 3.66826 3.92899 3.40753 2.41305 0.440885 0.260727 0.0418399 0.014253
0.0024089 6.30823 6.74741 5.86906 3.64567 3.90573 3.3856 2.39865 0.439171 0.260064 0.0420487 0.0141959
0.00247708 6.2691 6.70655 5.83164 3.62319 3.88259 3.36379 2.38432 0.437452 0.2594 0.0422591 0.014139
0.00254719 6.23016 6.66588 5.79443 3.60084 3.85957 3.3421 2.37004 0.435728 0.258736 0.042471 0.0140822
0.00261928 6.19141 6.62541 5.75741 3.5786 3.83667 3.32053 2.35582 0.433999 0.25807 0.0426845 0.0140254
0.00269341 6.15287 6.58513 5.7206 3.55649 3.81389 3.29909 2.34166 0.432264 0.257403 0.0428995 0.0139688
0.00276965 6.11451 6.54504 5.68399 3.5345 3.79123 3.27776 2.32757 0.430524 0.256735 0.043116 0.0139122
0.00284804 6.07636 6.50514 5.64758 3.51263 3.76869 3.25656 2.31353 0.428778 0.256066 0.0433339 0.0138558
0.00292864 6.0384 6.46543 5.61138 3.49088 3.74627 3.23548 2.29954 0.427027 0.255396 0.0435532 0.0137994
0.00301153 6.00064 6.42591 5.57537 3.46925 3.72397 3.21452 2.28562 0.425269 0.254724 0.0437737 0.013743
0.00309677 5.96307 6.38657 5.53956 3.44773 3.70178 3.19368 2.27176 0.423505 0.254052 0.0439956 0.0136868
0.00318442 5.92569 6.34742 5.50395 3.42634 3.67972 3.17296 2.25796 0.421734 0.253377 0.0442187 0.0136306
0.00327455 5.8885 6.30845 5.46854 3.40507 3.65777 3.15236 2.24421 0.419956 0.252702 0.044443 0.0135745
0.00336723 5.8515 6.26967 5.43333 3.38391 3.63594 3.13189 2.23052 0.418172 0.252024 0.0446684 0.0135184
0.00346253 5.81469 6.23107 5.39831 3.36287 3.61422 3.11153 2.21689 0.41638 0.251346 0.0448948 0.0134624
0.00356053 5.77807 6.19265 5.36349 3.34195 3.59261 3.09128 2.20332 0.414581 0.250665 0.0451222 0.0134065
0.00366131 5.74164 6.15441 5.32887 3.32114 3.57113 3.07116 2.18981 0.412773 0.249983 0.0453506 0.0133506
0.00376494 5.7054 6.11635 5.29444 3.30045 3.54975 3.05115 2.17635 0.410958 0.249299 0.0455798 0.0132948
0.0038715 5.66933 6.07847 5.2602 3.27988 3.52849 3.03127 2.16295 0.409135 0.248613 0.0458098 0.0132389
0.00398107 5.63347 6.04077 5.22616 3.25942 3.50734 3.01149 2.14961 0.407303 0.247925 0.0460405 0.0131832
0.00409375 5.59778 6.00324 5.19231 3.23907 3.48631 2.99184 2.13633 0.405463 0.247235 0.0462718 0.0131274
0.00420962 5.56227 5.96589 5.15866 3.21884 3.46538 2.9723 2.1231 0.403613 0.246543 0.0465037 0.0130717
0.00432876 5.52695 5.92871 5.1252 3.19872 3.44456 2.95287 2.10993 0.401755 0.245848 0.046736 0.013016
0.00445128 5.49182 5.8917 5.09193 3.17871 3.42386 2.93356 2.09681 0.399886 0.245151 0.0469687 0.0129604
0.00457727 5.45687 5.85487 5.05886 3.15881 3.40327 2.91436 2.08376 0.398009 0.244452 0.0472017 0.0129047
0.00470682 5.42209 5.81821 5.02597 3.13904 3.38279 2.89529 2.07076 0.396121 0.243751 0.0474349 0.012849
0.00484003 5.38749 5.78171 4.99327 3.11936 3.36241 2.87632 2.05781 0.394223 0.243047 0.0476682 0.0127934
0.00497702 5.35308 5.74539 4.96076 3.0998 3.34214 2.85746 2.04492 0.392314 0.24234 0.0479015 0.0127377
0.00511789 5.31884 5.70923 4.92844 3.08035 3.32198 2.83872 2.03209 0.390395 0.24163 0.0481347 0.0126821
0.00526274 5.28478 5.67325 4.89632 3.061 3.30192 2.82009 2.01931 0.388464 0.240918 0.0483676 0.0126264
0.0054117 5.2509 5.63742 4.86438 3.04177 3.28197 2.80157 2.00659 0.386522 0.240203 0.0486002 0.0125708
0.00556486 5.21719 5.60176 4.83262 3.02264 3.26213 2.78316 1.99392 0.384568 0.239484 0.0488324 0.0125151
0.00572237 5.18365 5.56626 4.80105 3.00363 3.24239 2.76486 1.98131 0.382603 0.238763 0.049064 0.0124593
0.00588433 5.1503 5.53093 4.76967 2.98471 3.22275 2.74667 1.96876 0.380625 0.238038 0.0492948 0.0124036
0.00605088 5.11711 5.49575 4.73848 2.96591 3.20322 2.7286 1.95625 0.378635 0.23731 0.0495249 0.0123478
0.00622213 5.0841 5.46073 4.70747 2.9472 3.18378 2.71063 1.94381 0.376632 0.236578 0.0497539 0.012292
0.00639824 5.05126 5.42588 4.67664 2.92861 3.16445 2.69277 1.93141 0.374616 0.235843 0.0499819 0.0122361
0.00657933 5.01859 5.39118 4.646 2.91012 3.14522 2.67502 1.91907 0.372587 0.235104 0.0502086 0.0121801
0.00676555 4.98609 5.35663 4.61554 2.89173 3.12609 2.65737 1.90679 0.370544 0.234362 0.0504339 0.0121241
0.00695704 4.95375 5.32224 4.58526 2.87344 3.10706 2.63983 1.89456 0.368487 0.233615 0.0506577 0.0120681
0.00715394 4.92159 5.28801 4.55517 2.85526 3.08812 2.6224 1.88238 0.366416 0.232864 0.0508797 0.012012
0.00735642 4.88959 5.25392 4.52526 2.83718 3.06929 2.60507 1.87025 0.364331 0.23211 0.0510999 0.0119557
0.00756463 4.85776 5.21999 4.49553 2.81919 3.05054 2.58784 1.85818 0.36223 0.231351 0.051318 0.0118995
0.00777874 4.82609 5.18621 4.46598 2.80131 3.0319 2.57072 1.84616 0.360115 0.230587 0.0515339 0.0118431
0.0079989 4.79459 5.15257 4.43661 2.78353 3.01335 2.55371 1.8342 0.357984 0.229819 0.0517474 0.0117866
0.0082253 4.76325 5.11909 4.40741 2.76584 2.99489 2.5368 1.82229 0.355837 0.229047 0.0519584 0.0117301
0.0084581 4.73207 5.08575 4.3784 2.74826 2.97653 2.51999 1.81042 0.353675 0.228269 0.0521666 0.0116734
0.00869749 4.70106 5.05256 4.34956 2.73077 2.95825 2.50328 1.79861 0.351496 0.227487 0.0523718 0.0116166
0.00894366 4.67021 5.01951 4.32091 2.71337 2.94007 2.48667 1.78686 0.349301 0.226699 0.0525739 0.0115597
0.00919679 4.63952 4.9866 4.29243 2.69607 2.92198 2.47016 1.77515 0.347088 0.225907 0.0527726 0.0115027
0.00945709 4.60898 4.95384 4.26412 2.67887 2.90397 2.45376 1.7635 0.344859 0.225109 0.0529678 0.0114455
0.00972476 4.5786 4.92121 4.23599 2.66175 2.88605 2.43744 1.75189 0.342612 0.224305 0.0531591 0.0113882
0.01 4.54838 4.88873 4.20803 2.64473 2.86822 2.42123 1.74034 0.340348 0.223496 0.0533465 0.0113308
0.010283 4.51831 4.85638 4.18024 2.6278 2.85048 2.40512 1.72883 0.338066 0.222681 0.0535297 0.0112732
0.0105741 4.4884 4.82416 4.15263 2.61096 2.83282 2.3891 1.71738 0.335765 0.22186 0.0537084 0.0112155
0.0108734 4.45865 4.79209 4.1252 2.59421 2.81524 2.37318 1.70598 0.333446 0.221033 0.0538825 0.0111575
0.0111811 4.42904 4.76015 4.09793 2.57754 2.79774 2.35734 1.69462 0.331109 0.2202 0.0540516 0.0110995
0.0114976 4.39959 4.72835 4.07084 2.56097 2.78033 2.34161 1.68332 0.328752 0.21936 0.0542156 0.0110412
0.011823 4.37029 4.69667 4.04392 2.54448 2.76299 2.32596 1.67206 0.326376 0.218514 0.0543742 0.0109828
0.0121576 4.34114 4.66512 4.01716 2.52807 2.74573 2.31041 1.66085 0.32398 0.217661 0.0545271 0.0109241
0.0125017 4.31214 4.63371 3.99057 2.51175 2.72855 2.29495 1.64969 0.321565 0.216801 0.0546741 0.0108653
0.0128556 4.28329 4.60242 3.96416 2.49551 2.71144 2.27958 1.63858 0.31913 0.215933 0.054815 0.0108063
0.0132194 4.25458 4.57125 3.93791 2.47935 2.69441 2.26429 1.62752 0.316675 0.215059 0.0549494 0.010747
0.0135936 4.22601 4.54021 3.91182 2.46327 2.67745 2.2491 1.6165 0.314199 0.214177 0.055077 0.0106876
0.0139783 4.1976 4.5093 3.8859 2.44728 2.66056 2.23399 1.60553 0.311703 0.213288 0.0551977 0.0106279
0.0143739 4.16933 4.47851 3.86014 2.43135 2.64374 2.21896 1.5946 0.309186 0.21239 0.0553112 0.0105679
0.0147808 4.1412 4.44785 3.83455 2.41551 2.62699 2.20402 1.58372 0.306648 0.211485 0.0554171 0.0105078
0.0151991 4.11321 4.4173 3.80912 2.39974 2.61031 2.18917 1.57289 0.304088 0.210571 0.0555151 0.0104474
0.0156293 4.08536 4.38687 3.78386 2.38404 2.59369 2.17439 1.5621 0.301508 0.209649 0.0556051 0.0103867
0.0160717 4.05766 4.35656 3.75875 2.36841 2.57713 2.1597 1.55135 0.298906 0.208718 0.0556866 0.0103258
0.0165265 4.03009 4.32637 3.7338 2.35286 2.56064 2.14508 1.54065 0.296283 0.207779 0.0557595 0.0102646
0.0169943 4.00265 4.29628 3.70901 2.33737 2.5442 2.13054 1.52999 0.293638 0.206831 0.0558234 0.0102031
0.0174753 3.97535 4.26632 3.68438 2.32195 2.52783 2.11608 1.51938 0.290971 0.205873 0.0558779 0.0101414
0.0179699 3.94819 4.23647 3.65991 2.3066 2.5115 2.10169 1.5088 0.288282 0.204906 0.0559229 0.0100793
0.0184785 3.92116 4.20673 3.63559 2.29131 2.49524 2.08738 1.49827 0.285571 0.203929 0.055958 0.010017
0.0190015 3.89426 4.1771 3.61142 2.27608 2.47903 2.07314 1.48778 0.282839 0.202943 0.055983 0.00995436
0.0195393 3.8675 4.14758 3.58741 2.26092 2.46286 2.05897 1.47733 0.280084 0.201946 0.0559974 0.00989141
0.0200923 3.84086 4.11817 3.56355 2.2458 2.44674 2.04486 1.46692 0.277308 0.20094 0.0560011 0.00982814
0.020661 3.81436 4.08887 3.53985 2.23075 2.43068 2.03083 1.45655 0.274509 0.199923 0.0559937 0.00976454
0.0212458 3.78798 4.05967 3.51629 2.21575 2.41465 2.01686 1.44622 0.271689 0.198895 0.0559749 0.00970061
0.0218471 3.76172 4.03057 3.49287 2.20081 2.39867 2.00295 1.43593 0.268847 0.197856 0.0559444 0.00963634
0.0224655 3.73559 4.00158 3.46961 2.18592 2.38272 1.98911 1.42567 0.265983 0.196806 0.055902 0.00957173
0.0231013 3.70959 3.97269 3.44649 2.17107 2.36682 1.97533 1.41545 0.263097 0.195745 0.0558473 0.00950676
0.0237551 3.68371 3.9439 3.42352 2.15627 2.35094 1.9616 1.40527 0.26019 0.194672 0.0557801 0.00944143
0.0244275 3.65795 3.91521 3.40069 2.14152 2.33511 1.94793 1.39512 0.257261 0.193587 0.0557001 0.00937574
0.0251189 3.63231 3.88662 3.37799 2.1268 2.3193 1.93431 1.38501 0.254311 0.19249 0.055607 0.00930967
0.0258298 3.60678 3.85812 3.35544 2.11213 2.30351 1.92075 1.37493 0.251341 0.191382 0.0555005 0.00924322
0.0265609 3.58137 3.82972 3.33302 2.0975 2.28776 1.90724 1.36488 0.248349 0.19026 0.0553804 0.00917638
0.0273126 3.55608 3.80142 3.31074 2.08289 2.27202 1.89377 1.35486 0.245337 0.189126 0.0552464 0.00910915
0.0280857 3.5309 3.7732 3.28859 2.06833 2.2563 1.88035 1.34488 0.242305 0.187979 0.0550983 0.00904152
0.0288806 3.50583 3.74509 3.26658 2.05379 2.24061 1.86697 1.33492 0.239254 0.186818 0.0549358 0.00897348
0.029698 3.48088 3.71706 3.2447 2.03927 2.22491 1.85363 1.325 0.236183 0.185644 0.0547587 0.00890503
0.0305386 3.45603 3.68913 3.22294 2.02478 2.20924 1.84033 1.3151 0.233092 0.184457 0.0545668 0.00883616
0.0314029 3.4313 3.66128 3.20131 2.01032 2.19358 1.82706 1.30523 0.229984 0.183256 0.0543599 0.00876687
0.0322917 3.40666 3.63352 3.1798 1.99587 2.17791 1.81383 1.29538 0.226857 0.18204 0.0541378 0.00869715
0.0332057 3.38213 3.60584 3.15842 1.98144 2.16225 1.80063 1.28556 0.223713 0.18081 0.0539002 0.00862698
0.0341455 3.3577 3.57825 3.13714 1.96701 2.14658 1.78745 1.27577 0.220552 0.179566 0.0536471 0.00855638
0.0351119 3.33337 3.55075 3.116 1.9526 2.1309 1.77429 1.26599 0.217374 0.178306 0.0533783 0.00848533
0.0361057 3.30914 3.52332 3.09496 1.9382 2.11523 1.76116 1.25624 0.214181 0.177032 0.0530937 0.00841383
0.0371276 3.28501 3.49598 3.07403 1.92379 2.09953 1.74805 1.2465 0.210972 0.175742 0.052793 0.00834187
0.0381784 3.26097 3.46872 3.05322 1.90938 2.08382 1.73494 1.23679 0.20775 0.174437 0.0524763 0.00826944
0.039259 3.23702 3.44154 3.03251 1.89497 2.06809 1.72186 1.22709 0.204513 0.173116 0.0521434 0.00819655
0.0403702 3.21317 3.41443 3.0119 1.88055 2.05233 1.70877 1.21741 0.201264 0.171779 0.0517944 0.00812319
0.0415128 3.1894 3.3874 2.9914 1.86612 2.03655 1.6957 1.20775 0.198003 0.170425 0.051429 0.00804936
0.0426877 3.16572 3.36045 2.97099 1.85168 2.02073 1.68262 1.19809 0.19473 0.169056 0.0510474 0.00797504
0.0438959 3.14212 3.33357 2.95067 1.83721 2.00488 1.66954 1.18845 0.191448 0.16767 0.0506494 0.00790023
0.0451383 3.11859 3.30675 2.93044 1.82272 1.98899 1.65645 1.17882 0.188156 0.166267 0.0502353 0.00782495
0.0464159 3.09516 3.28001 2.9103 1.80821 1.97305 1.64336 1.1692 0.184856 0.164847 0.0498048 0.00774916
0.0477296 3.07179 3.25334 2.89024 1.79366 1.95707 1.63025 1.15958 0.181549 0.16341 0.0493583 0.00767289
0.0490805 3.0485 3.22673 2.87026 1.77907 1.94102 1.61711 1.14997 0.178236 0.161955 0.0488957 0.00759612
0.0504697 3.02527 3.20019 2.85036 1.76444 1.92492 1.60396 1.14036 0.174917 0.160483 0.0484171 0.00751885
0.0518981 3.00212 3.17371 2.83052 1.74977 1.90876 1.59078 1.13076 0.171595 0.158993 0.0479228 0.00744108
0.053367 2.97903 3.1473 2.81076 1.73505 1.89253 1.57756 1.12115 0.16827 0.157485 0.0474128 0.00736281
0.0548775 2.95599 3.12094 2.79105 1.72027 1.87623 1.56431 1.11155 0.164944 0.155959 0.0468874 0.00728403
0.0564307 2.93302 3.09464 2.7714 1.70543 1.85985 1.55102 1.10194 0.161617 0.154415 0.0463469 0.00720475
0.0580278 2.9101 3.06839 2.75181 1.69053 1.84338 1.53768 1.09232 0.158292 0.152853 0.0457913 0.00712497
0.0596702 2.88722 3.04219 2.73225 1.67556 1.82684 1.52429 1.08269 0.154969 0.151272 0.0452212 0.00704467
0.0613591 2.8644 3.01605 2.71275 1.66052 1.81019 1.51084 1.07306 0.15165 0.149673 0.0446367 0.00696387
0.0630957 2.84161 2.98995 2.69328 1.64539 1.79345 1.49733 1.06341 0.148336 0.148055 0.0440381 0.00688257
0.0648815 2.81887 2.9639 2.67384 1.63018 1.7766 1.48376 1.05375 0.145029 0.146419 0.043426 0.00680076
0.0667179 2.79615 2.93788 2.65442 1.61488 1.75964 1.47011 1.04407 0.14173 0.144763 0.0428005 0.00671845
0.0686062 2.77346 2.9119 2.63502 1.59948 1.74257 1.45639 1.03438 0.13844 0.143089 0.0421623 0.00663564
0.070548 2.7508 2.88596 2.61564 1.58398 1.72538 1.44258 1.02466 0.135162 0.141396 0.0415116 0.00655233
0.0725448 2.72816 2.86005 2.59626 1.56837 1.70806 1.42869 1.01492 0.131896 0.139684 0.0408491 0.00646853
0.074598 2.70552 2.83417 2.57688 1.55265 1.6906 1.4147 1.00516 0.128644 0.137953 0.0401751 0.00638423
0.0767094 2.68289 2.8083 2.55749 1.53681 1.67302 1.40061 0.995362 0.125409 0.136203 0.0394902 0.00629945
0.0788805 2.66027 2.78246 2.53808 1.52085 1.65528 1.38641 0.985538 0.12219 0.134435 0.038795 0.00621418
0.0811131 2.63764 2.75663 2.51865 1.50475 1.6374 1.37211 0.97568 0.11899 0.132648 0.0380901 0.00612844
0.0834088 2.615 2.73081 2.49919 1.48852 1.61936 1.35767 0.965786 0.115811 0.130842 0.037376 0.00604223
0.0857696 2.59233 2.70499 2.47968 1.47213 1.60115 1.34312 0.955854 0.112654 0.129017 0.0366533 0.00595556
0.0881971 2.56965 2.67917 2.46013 1.4556 1.58278 1.32843 0.945881 0.109521 0.127174 0.0359228 0.00586843
0.0906934 2.54693 2.65334 2.44052 1.43892 1.56423 1.31361 0.935864 0.106412 0.125313 0.035185 0.00578085
0.0932603 2.52416 2.62749 2.42083 1.42207 1.54551 1.29864 0.925801 0.103331 0.123434 0.0344407 0.00569284
0.0958999 2.50135 2.60163 2.40107 1.40505 1.52659 1.28352 0.915689 0.100278 0.121537 0.0336905 0.00560439
0.0986142 2.47847 2.57573 2.38122 1.38786 1.50748 1.26824 0.905525 0.0972557 0.119623 0.0329351 0.00551553
0.101405 2.45554 2.5498 2.36127 1.37048 1.48818 1.25279 0.895306 0.0942645 0.117691 0.0321753 0.00542627
0.104275 2.43252 2.52383 2.34121 1.35292 1.46867 1.23718 0.885029 0.0913065 0.115743 0.0314118 0.00533661
0.107227 2.40942 2.4978 2.32103 1.33516 1.44894 1.22139 0.874693 0.0883831 0.113777 0.0306454 0.00524658
0.110262 2.38621 2.47171 2.30072 1.31721 1.429 1.20541 0.864293 0.0854959 0.111796 0.0298768 0.00515618
0.113382 2.3629 2.44555 2.28026 1.29904 1.40883 1.18924 0.853828 0.0826463 0.109799 0.0291067 0.00506543
0.116591 2.33947 2.41931 2.25964 1.28066 1.38845 1.17287 0.843294 0.0798357 0.107786 0.028336 0.00497436
0.119891 2.31591 2.39297 2.23884 1.26206 1.36782 1.1563 0.832689 0.0770656 0.105759 0.0275654 0.00488298
0.123285 2.2922 2.36654 2.21786 1.24324 1.34696 1.13952 0.82201 0.0743372 0.103718 0.0267957 0.0047913
0.126774 2.26833 2.33999 2.19668 1.22419 1.32585 1.12253 0.811255 0.071652 0.101662 0.0260276 0.00469936
0.130362 2.24429 2.3133 2.17528 1.2049 1.3045 1.10531 0.80042 0.0690111 0.0995944 0.025262 0.00460717
0.134052 2.22007 2.28649 2.15365 1.18538 1.28289 1.08786 0.789504 0.0664157 0.0975139 0.0244995 0.00451476
0.137846 2.19564 2.25951 2.13178 1.1656 1.26103 1.07018 0.778504 0.0638671 0.0954219 0.0237409 0.00442215
0.141747 2.17101 2.23237 2.10964 1.14558 1.2389 1.05226 0.767417 0.0613663 0.0933191 0.022987 0.00432937
0.145759 2.14613 2.20505 2.08722 1.1253 1.21651 1.0341 0.756242 0.0589144 0.0912063 0.0222385 0.00423645
0.149885 2.12101 2.17752 2.0645 1.10477 1.19385 1.01568 0.744976 0.0565124 0.0890844 0.0214961 0.00414342
0.154127 2.09562 2.14978 2.04146 1.08397 1.17093 0.997018 0.733618 0.0541611 0.0869544 0.0207605 0.00405031
0.158489 2.06995 2.12181 2.01808 1.06291 1.14773 0.978096 0.722165 0.0518614 0.0848171 0.0200324 0.00395716
0.162975 2.04397 2.09358 1.99436 1.04159 1.12426 0.958915 0.710616 0.0496141 0.0826737 0.0193126 0.003864
0.167588 2.01767 2.06509 1.97025 1.02 1.10052 0.939471 0.69897 0.04742 0.0805252 0.0186015 0.00377088
0.172331 1.99103 2.03631 1.94575 0.998136 1.07651 0.919763 0.687225 0.0452796 0.0783728 0.0178999 0.00367782
0.177209 1.96403 2.00722 1.92084 0.976008 1.05223 0.899791 0.675381 0.0431935 0.0762176 0.0172084 0.00358488
0.182224 1.93664 1.9778 1.89548 0.953615 1.02768 0.879554 0.663436 0.0411623 0.0740609 0.0165275 0.0034921
0.187382 1.90885 1.94803 1.86966 0.930956 1.00286 0.859052 0.651391 0.0391863 0.0719041 0.0158578 0.00339953
0.192685 1.88062 1.91789 1.84336 0.908036 0.977785 0.838288 0.639245 0.0372658 0.0697484 0.0151999 0.00330721
0.198139 1.85195 1.88735 1.81654 0.88486 0.952455 0.817264 0.626998 0.0354011 0.0675953 0.0145541 0.0032152
0.203747 1.8228 1.85639 1.78921 0.861432 0.926878 0.795986 0.614652 0.0335925 0.0654463 0.0139211 0.00312355
0.209514 1.79315 1.82499 1.76131 0.83776 0.901063 0.774458 0.602207 0.0318399 0.0633028 0.0133012 0.00303232
0.215443 1.76298 1.79312 1.73283 0.813853 0.87502 0.752687 0.589664 0.0301435 0.0611665 0.0126949 0.00294157
0.221541 1.73226 1.76076 1.70375 0.789721 0.84876 0.730682 0.577026 0.0285032 0.059039 0.0121025 0.00285136
0.227812 1.70096 1.72788 1.67404 0.765377 0.822299 0.708455 0.564295 0.0269188 0.056922 0.0115244 0.00276175
0.234259 1.66907 1.69446 1.64368 0.740834 0.795651 0.686017 0.551473 0.0253901 0.0548171 0.0109609 0.0026728
0.24089 1.63656 1.66048 1.61264 0.71611 0.768836 0.663384 0.538565 0.023917 0.0527262 0.0104123 0.0025846
0.247708 1.6034 1.6259 1.5809 0.691224 0.741876 0.640573 0.525573 0.0224989 0.0506511 0.00987892 0.0024972
0.254719 1.56956 1.5907 1.54843 0.666199 0.714793 0.617605 0.512502 0.0211356 0.0485937 0.00936088 0.00241068
0.261928 1.53503 1.55486 1.5152 0.64106 0.687616 0.594505 0.499358 0.0198264 0.0465558 0.00885841 0.00232512
0.269341 1.49978 1.51835 1.48121 0.615839 0.660379 0.5713 0.486146 0.0185709 0.0445394 0.00837169 0.00224059
0.276965 1.46379 1.48115 1.44642 0.590574 0.63312 0.548027 0.472872 0.0173684 0.0425464 0.00790082 0.00215715
0.284804 1.42703 1.44324 1.41081 0.565315 0.605893 0.524736 0.459544 0.0162182 0.0405789 0.00744592 0.00207488
0.292864 1.38946 1.40458 1.37434 0.540139 0.578778 0.5015 0.446169 0.0151196 0.0386388 0.00700702 0.00199384
0.301153 1.35102 1.36509 1.33695 0.515238 0.551966 0.47851 0.432756 0.0140717 0.0367282 0.00658413 0.00191405
0.309677 1.31028 1.32335 1.2972 0.493417 0.528266 0.458568 0.419318 0.0130735 0.034849 0.00617708 0.00183538
0.318442 1.27357 1.28628 1.26086 0.476239 0.510383 0.442095 0.414236 0.0127064 0.0341437 0.00602521 0.00180408
0.321833 1.25904 1.27139 1.24669 0.466999 0.50045 0.433548 0.409204 0.01235 0.0334507 0.00587714 0.00177325
0.325224 1.24456 1.25656 1.23255 0.457874 0.490643 0.425104 0.404222 0.0120039 0.0327697 0.00573277 0.0017429
0.328614 1.23012 1.24179 1.21846 0.448862 0.480962 0.416761 0.39929 0.0116679 0.0321005 0.005592 0.001713
0.332005 1.21573 1.22708 1.20439 0.439964 0.471407 0.408521 0.394408 0.0113415 0.031443 0.00545472 0.00168356
0.335396 1.20139 1.21241 1.19037 0.431179 0.461976 0.400382 0.389574 0.0110244 0.0307969 0.00532084 0.00165457
0.338787 1.1871 1.19781 1.17638 0.422507 0.452669 0.392345 0.384789 0.0107165 0.0301621 0.00519027 0.00162601
0.342178 1.17284 1.18326 1.16243 0.413948 0.443487 0.38441 0.380051 0.0104173 0.0295384 0.00506292 0.00159789
0.345569 1.15865 1.16877 1.14852 0.405501 0.434426 0.376575 0.37536 0.0101267 0.0289255 0.00493869 0.00157018
0.348959 1.14449 1.15433 1.13464 0.397165 0.425488 0.368841 0.370717 0.0098443 0.0283234 0.00481752 0.0015429
0.35235 1.13038 1.13995 1.12081 0.38894 0.416672 0.361208 0.366119 0.0095699 0.0277319 0.00469931 0.00151602
0.355741 1.11632 1.12562 1.10702 0.380826 0.407976 0.353675 0.361567 0.00930325 0.0271508 0.00458398 0.00148955
0.359132 1.1023 1.11135 1.09326 0.372822 0.399402 0.346242 0.357061 0.0090441 0.0265799 0.00447146 0.00146348
0.362523 1.08834 1.09713 1.07955 0.364927 0.390946 0.338908 0.352599 0.00879222 0.0260191 0.00436167 0.00143779
0.365914 1.07442 1.08296 1.06587 0.357142 0.38261 0.331674 0.348182 0.00854741 0.0254681 0.00425455 0.00141249
0.369305 1.06055 1.06886 1.05224 0.349466 0.374393 0.324539 0.343809 0.00830943 0.024927 0.00415001 0.00138756
0.372695 1.04673 1.05481 1.03865 0.341899 0.366294 0.317503 0.339479 0.00807809 0.0243954 0.004048 0.00136301
0.376086 1.03295 1.0408 1.0251 0.334439 0.358312 0.310565 0.335192 0.00785319 0.0238733 0.00394844 0.00133882
0.379477 1.01923 1.02686 1.01159 0.327086 0.350447 0.303726 0.330947 0.00763452 0.0233605 0.00385128 0.00131499
0.382868 1.00555 1.01298 0.998133 0.31984 0.342697 0.296984 0.326745 0.00742191 0.0228568 0.00375645 0.00129151
0.386259 0.991935 0.99915 0.98472 0.312702 0.335064 0.290339 0.322584 0.00721517 0.0223622 0.00366388 0.00126839
0.38965 0.978364 0.985378 0.97135 0.305669 0.327545 0.283792 0.318465 0.00701414 0.0218764 0.00357353 0.0012456
0.39304 0.964847 0.971666 0.958029 0.298741 0.320141 0.277342 0.314386 0.00681864 0.0213994 0.00348533 0.00122315
0.396431 0.951385 0.958013 0.944756 0.291919 0.31285 0.270988 0.310348 0.0066285 0.0209309 0.00339923 0.00120104
0.399822 0.937977 0.94442 0.931533 0.285201 0.305672 0.26473 0.30635 0.00644358 0.0204709 0.00331517 0.00117925
0.403213 0.924623 0.930887 0.918359 0.278587 0.298606 0.258567 0.302391 0.00626372 0.0200193 0.00323311 0.00115778
0.406604 0.911324 0.917413 0.905235 0.272076 0.291652 0.2525 0.298471 0.00608877 0.0195758 0.00315299 0.00113663
0.409995 0.898084 0.904003 0.892166 0.265668 0.284809 0.246528 0.29459 0.00591859 0.0191404 0.00307476 0.00111579
0.413385 0.884899 0.890652 0.879146 0.259362 0.278075 0.240649 0.290747 0.00575304 0.018713 0.00299838 0.00109526
0.416776 0.871774 0.877366 0.866182 0.253159 0.271452 0.234865 0.286941 0.00559199 0.0182934 0.0029238 0.00107503
0.420167 0.858708 0.864144 0.853273 0.247056 0.264938 0.229175 0.283174 0.00543532 0.0178815 0.00285097 0.00105509
0.423558 0.845704 0.850987 0.840421 0.241053 0.25853 0.223576 0.279443 0.00528288 0.0174771 0.00277985 0.00103545
0.426949 0.832761 0.837895 0.827626 0.235151 0.252231 0.218071 0.275748 0.00513458 0.0170802 0.0027104 0.0010161
0.43034 0.819881 0.824871 0.81489 0.229347 0.246038 0.212657 0.27209 0.00499027 0.0166907 0.00264258 0.000997039
0.43373 0.807065 0.811915 0.802215 0.223643 0.239951 0.207334 0.268468 0.00484987 0.0163084 0.00257635 0.000978254
0.437121 0.794314 0.799027 0.789601 0.218036 0.233969 0.202103 0.264881 0.00471324 0.0159332 0.00251166 0.000959745
0.440512 0.781629 0.78621 0.777049 0.212527 0.228092 0.196962 0.261329 0.0045803 0.015565 0.00244848 0.000941508
0.443903 0.769012 0.773463 0.764561 0.207114 0.222318 0.19191 0.257812 0.00445093 0.0152038 0.00238677 0.00092354
0.447294 0.756464 0.760789 0.752139 0.201797 0.216646 0.186947 0.254328 0.00432503 0.0148493 0.0023265 0.000905836
0.450685 0.743986 0.748189 0.739784 0.196575 0.211077 0.182074 0.250879 0.00420251 0.0145015 0.00226764 0.000888393
0.454075 0.731579 0.735662 0.727496 0.191448 0.205608 0.177288 0.247463 0.00408327 0.0141602 0.00221014 0.000871206
0.457466 0.719244 0.723212 0.715277 0.186415 0.20024 0.172589 0.24408 0.00396723 0.0138255 0.00215398 0.000854273
0.460857 0.706983 0.710838 0.703129 0.181474 0.194972 0.167977 0.24073 0.0038543 0.0134971 0.00209911 0.00083759
0.464248 0.694798 0.698542 0.691053 0.176626 0.189801 0.163451 0.237412 0.00374438 0.013175 0.00204553 0.000821153
0.467639 0.682688 0.686326 0.679051 0.17187 0.184729 0.159011 0.234126 0.0036374 0.0128591 0.00199318 0.000804959
0.47103 0.670656 0.674189 0.667123 0.167204 0.179753 0.154655 0.230871 0.00353328 0.0125493 0.00194204 0.000789004
0.47442 0.658703 0.662135 0.655272 0.162628 0.174873 0.150383 0.227648 0.00343193 0.0122454 0.00189209 0.000773286
0.477811 0.64683 0.650164 0.643497 0.158141 0.170089 0.146194 0.224456 0.00333329 0.0119474 0.0018433 0.0007578
0.481202 0.635039 0.638277 0.631802 0.153743 0.165398 0.142088 0.221294 0.00323728 0.0116553 0.00179563 0.000742545
0.484593 0.623332 0.626476 0.620188 0.149432 0.160801 0.138063 0.218162 0.00314383 0.0113688 0.00174906 0.000727516
0.487984 0.611708 0.61476 0.608655 0.145208 0.156296 0.13412 0.21506 0.00305286 0.011088 0.00170357 0.000712711
0.491375 0.60017 0.603134 0.597205 0.14107 0.151882 0.130257 0.211988 0.00296432 0.0108127 0.00165913 0.000698127
0.494765 0.588719 0.591597 0.585841 0.137016 0.147559 0.126474 0.208944 0.00287814 0.0105428 0.00161572 0.000683761
0.498156 0.577356 0.58015 0.574562 0.133047 0.143326 0.122769 0.20593 0.00279425 0.0102783 0.00157331 0.000669611
0.501547 0.566083 0.568796 0.563371 0.129161 0.13918 0.119142 0.202944 0.0027126 0.010019 0.00153188 0.000655672
0.504938 0.554902 0.557535 0.552269 0.125358 0.135123 0.115593 0.199986 0.00263312 0.00976498 0.0014914 0.000641944
0.508329 0.543813 0.546369 0.541257 0.121636 0.131152 0.11212 0.197056 0.00255575 0.00951603 0.00145186 0.000628422
0.51172 0.532818 0.535298 0.530337 0.117994 0.127266 0.108722 0.194154 0.00248045 0.0092721 0.00141324 0.000615105
0.51511 0.521917 0.524324 0.51951 0.114433 0.123466 0.1054 0.191278 0.00240715 0.00903311 0.00137551 0.00060199
0.518501 0.511114 0.513449 0.508778 0.11095 0.119749 0.102151 0.18843 0.00233581 0.00879899 0.00133865 0.000589075
0.521892 0.500408 0.502674 0.498141 0.107544 0.116114 0.0989747 0.185609 0.00226636 0.00856965 0.00130264 0.000576357
0.525283 0.489801 0.492 0.487603 0.104216 0.112561 0.095871 0.182813 0.00219877 0.00834503 0.00126747 0.000563833
0.528674 0.479295 0.481428 0.477162 0.100964 0.109089 0.0928388 0.180044 0.00213298 0.00812504 0.00123311 0.000551501
0.532065 0.468891 0.47096 0.466822 0.0977862 0.105696 0.0898766 0.177301 0.00206895 0.0079096 0.00119955 0.00053936
0.535455 0.45859 0.460596 0.456583 0.0946831 0.102382 0.0869845 0.174583 0.00200663 0.00769865 0.00116677 0.000527406
0.538846 0.448393 0.450339 0.446447 0.0916528 0.0991449 0.0841607 0.171891 0.00194598 0.00749212 0.00113475 0.000515639
0.542237 0.438302 0.440189 0.436415 0.0886942 0.0959842 0.0814043 0.169223 0.00188694 0.00728993 0.00110347 0.000504054
0.545628 0.428317 0.430147 0.426488 0.0858074 0.0928994 0.0787153 0.16658 0.00182949 0.00709201 0.00107292 0.000492651
0.549019 0.418441 0.420215 0.416668 0.0829904 0.0898887 0.0760921 0.163962 0.00177358 0.00689829 0.00104309 0.000481427
0.55241 0.408674 0.410393 0.406955 0.0802425 0.0869512 0.0735338 0.161368 0.00171917 0.0067087 0.00101395 0.000470381
0.5558 0.399017 0.400683 0.397351 0.0775629 0.0840861 0.0710397 0.158798 0.00166622 0.00652318 0.000985491 0.00045951
0.559191 0.389472 0.391087 0.387857 0.0749504 0.0812921 0.0686088 0.156252 0.0016147 0.00634166 0.0009577 0.000448812
0.562582 0.38004 0.381604 0.378475 0.0724041 0.0785682 0.0662401 0.153729 0.00156456 0.00616407 0.000930561 0.000438285
0.565973 0.370721 0.372237 0.369205 0.069923 0.0759133 0.0639326 0.15123 0.00151578 0.00599035 0.000904059 0.000427928
0.569364 0.361517 0.362986 0.360049 0.0675061 0.0733265 0.0616856 0.148754 0.00146832 0.00582043 0.000878182 0.000417739
0.572755 0.352429 0.353852 0.351007 0.0651523 0.0708066 0.0594981 0.1463 0.00142213 0.00565425 0.000852915 0.000407716
0.576146 0.343458 0.344835 0.342081 0.0628607 0.0683525 0.057369 0.14387 0.00137721 0.00549176 0.000828246 0.000397857
0.579536 0.334605 0.335938 0.333271 0.0606303 0.0659632 0.0552974 0.141462 0.0013335 0.00533288 0.000804161 0.00038816
0.582927 0.325871 0.327162 0.32458 0.0584601 0.0636376 0.0532825 0.139076 0.00129098 0.00517755 0.000780649 0.000378624
0.586318 0.317256 0.318506 0.316006 0.056349 0.0613747 0.0513232 0.136713 0.00124962 0.00502573 0.000757696 0.000369247
0.589709 0.308762 0.309972 0.307553 0.054296 0.0591733 0.0494186 0.134372 0.00120939 0.00487734 0.000735291 0.000360027
0.5931 0.300389 0.30156 0.299219 0.0523002 0.0570325 0.0475678 0.132052 0.00117026 0.00473233 0.000713423 0.000350963
0.596491 0.292139 0.293271 0.291007 0.0503605 0.0549511 0.0457698 0.129754 0.00113221 0.00459065 0.00069208 0.000342053
0.599881 0.284012 0.285107 0.282916 0.0484759 0.0529282 0.0440237 0.127478 0.0010952 0.00445223 0.000671251 0.000333296
0.603272 0.276007 0.277067 0.274948 0.0466455 0.0509625 0.0423285 0.125223 0.00105921 0.00431702 0.000650925 0.00032469
0.606663 0.268128 0.269152 0.267104 0.0448682 0.0490532 0.0406832 0.122989 0.00102422 0.00418497 0.000631092 0.000316233
0.610054 0.260373 0.261364 0.259383 0.0431431 0.0471991 0.0390871 0.120776 0.000990197 0.00405601 0.000611741 0.000307924
0.613445 0.252744 0.253701 0.251787 0.0414691 0.0453992 0.037539 0.118585 0.000957122 0.00393011 0.000592863 0.000299762
0.616836 0.245241 0.246166 0.244316 0.0398452 0.0436524 0.036038 0.116414 0.000924969 0.0038072 0.000574447 0.000291744
0.620226 0.237864 0.238758 0.23697 0.0382705 0.0419578 0.0345833 0.114264 0.000893715 0.00368723 0.000556484 0.00028387
0.623617 0.230614 0.231478 0.229751 0.036744 0.0403142 0.0331739 0.112134 0.000863338 0.00357015 0.000538964 0.000276139
0.627008 0.223492 0.224326 0.222658 0.0352648 0.0387207 0.0318088 0.110025 0.000833817 0.00345591 0.000521878 0.000268548
0.630399 0.216497 0.217302 0.215692 0.0338317 0.0371761 0.0304872 0.107937 0.00080513 0.00334447 0.000505218 0.000261096
0.63379 0.20963 0.210407 0.208853 0.0324439 0.0356797 0.0292082 0.105869 0.000777256 0.00323576 0.000488975 0.000253783
0.637181 0.202891 0.203641 0.202141 0.0311005 0.0342302 0.0279707 0.103821 0.000750176 0.00312975 0.000473139 0.000246605
0.640571 0.19628 0.197004 0.195556 0.0298004 0.0328268 0.026774 0.101793 0.000723869 0.00302638 0.000457703 0.000239564
0.643962 0.189798 0.190496 0.189099 0.0285427 0.0314683 0.0256171 0.099785 0.000698317 0.0029256 0.000442659 0.000232656
0.647353 0.183444 0.184117 0.18277 0.0273265 0.0301538 0.0244991 0.0977973 0.0006735 0.00282738 0.000427998 0.00022588
0.650744 0.177218 0.177868 0.176569 0.0261508 0.0288824 0.0234191 0.0958294 0.000649402 0.00273165 0.000413712 0.000219236
0.654135 0.171121 0.171747 0.170495 0.0250147 0.0276531 0.0223763 0.0938815 0.000626003 0.00263839 0.000399794 0.000212722
0.657526 0.165152 0.165756 0.164549 0.0239173 0.0264648 0.0213698 0.0919534 0.000603286 0.00254754 0.000386237 0.000206337
0.660916 0.159311 0.159892 0.15873 0.0228577 0.0253168 0.0203987 0.090045 0.000581236 0.00245905 0.000373033 0.000200079
0.664307 0.153598 0.154158 0.153038 0.021835 0.0242079 0.0194621 0.0881565 0.000559835 0.00237289 0.000360174 0.000193947
0.667698 0.148012 0.148551 0.147473 0.0208483 0.0231373 0.0185593 0.0862875 0.000539067 0.00228902 0.000347655 0.00018794
0.671089 0.142554 0.143073 0.142035 0.0198967 0.0221041 0.0176893 0.0844383 0.000518917 0.00220738 0.000335467 0.000182057
0.67448 0.137222 0.137721 0.136722 0.0189793 0.0211072 0.0168514 0.0826087 0.00049937 0.00212793 0.000323605 0.000176296
0.677871 0.132016 0.132496 0.131536 0.0180953 0.0201459 0.0160446 0.0807987 0.00048041 0.00205064 0.000312061 0.000170656
0.681261 0.126937 0.127399 0.126475 0.0172438 0.0192193 0.0152683 0.0790083 0.000462023 0.00197547 0.000300829 0.000165136
0.684652 0.121982 0.122426 0.121538 0.016424 0.0183264 0.0145216 0.0772375 0.000444195 0.00190237 0.000289903 0.000159735
0.688043 0.117151 0.117578 0.116724 0.015635 0.0174663 0.0138037 0.0754863 0.000426912 0.0018313 0.000279276 0.000154451
0.691434 0.112445 0.112855 0.112035 0.014876 0.0166382 0.0131138 0.0737546 0.000410161 0.00176222 0.000268943 0.000149284
0.694825 0.107861 0.108255 0.107467 0.0141462 0.0158413 0.0124511 0.0720425 0.000393928 0.0016951 0.000258897 0.000144231
0.698216 0.103399 0.103778 0.103021 0.0134448 0.0150747 0.0118149 0.0703499 0.000378201 0.0016299 0.000249132 0.000139292
0.701606 0.0990592 0.0994222 0.0986963 0.0127711 0.0143376 0.0112045 0.0686769 0.000362967 0.00156658 0.000239643 0.000134466
0.704997 0.0948392 0.0951874 0.094491 0.0121241 0.0136292 0.010619 0.0670235 0.000348213 0.0015051 0.000230425 0.000129751
0.708388 0.0907386 0.0910726 0.0904047 0.0115032 0.0129486 0.0100578 0.0653896 0.000333929 0.00144542 0.000221471 0.000125146
0.711779 0.0867561 0.0870762 0.086436 0.0109076 0.0122951 0.00952008 0.0637754 0.000320101 0.00138751 0.000212776 0.00012065
0.71517 0.0828904 0.0831972 0.0825837 0.0103365 0.0116679 0.00900519 0.0621808 0.000306719 0.00133133 0.000204335 0.000116262
0.718561 0.0791407 0.0794344 0.0788469 0.00978929 0.0110661 0.00851244 0.0606058 0.000293772 0.00127685 0.000196142 0.00011198
0.721951 0.0755055 0.0757868 0.0752243 0.00926516 0.0104892 0.00804113 0.0590505 0.000281248 0.00122403 0.000188193 0.000107803
0.725342 0.0719839 0.072253 0.0717147 0.00876342 0.00993627 0.00759058 0.0575149 0.000269138 0.00117284 0.000180482 0.00010373
0.728733 0.0685741 0.0688315 0.0683166 0.00828336 0.00940661 0.00716011 0.0559991 0.00025743 0.00112325 0.000173004 9.97604e-05
0.732124 0.0652749 0.065521 0.0650288 0.00782428 0.00889949 0.00674907 0.054503 0.000246114 0.00107521 0.000165755 9.58921e-05
0.735515 0.0620848 0.06232 0.0618496 0.00738556 0.00841426 0.00635686 0.0530266 0.00023518 0.0010287 0.00015873 9.21241e-05
0.738906 0.0590024 0.059227 0.0587777 0.00696651 0.00795019 0.00598283 0.0515702 0.00022462 0.00098368 0.000151924 8.84552e-05
0.742296 0.056026 0.0562404 0.0558116 0.00656648 0.0075066 0.00562635 0.0501335 0.000214422 0.000940124 0.000145331 8.48842e-05
0.745687 0.0531542 0.0533588 0.0529496 0.00618484 0.00708284 0.00528684 0.0487168 0.000204579 0.000897998 0.000138949 8.14098e-05
0.749078 0.0503852 0.0505802 0.0501901 0.00582096 0.00667823 0.00496369 0.0473201 0.00019508 0.000857271 0.000132772 7.80309e-05
0.752469 0.0477174 0.0479033 0.0475315 0.00547424 0.00629215 0.00465633 0.0459433 0.000185917 0.000817911 0.000126796 7.47461e-05
0.75586 0.045149 0.0453261 0.0449719 0.00514407 0.00592396 0.00436418 0.0445866 0.000177081 0.000779887 0.000121016 7.15542e-05
0.759251 0.0426784 0.0428469 0.0425098 0.00482987 0.00557304 0.0040867 0.0432499 0.000168564 0.00074317 0.000115428 6.8454e-05
0.762641 0.0403036 0.040464 0.0401432 0.00453107 0.0052388 0.00382334 0.0419334 0.000160357 0.00070773 0.000110029 6.54442e-05
0.766032 0.0380229 0.0381753 0.0378704 0.00424711 0.00492065 0.00357357 0.040637 0.000152452 0.000673538 0.000104813 6.25235e-05
0.769423 0.0358344 0.0359792 0.0356895 0.00397743 0.004618 0.00333687 0.0393609 0.000144842 0.000640563 9.97769e-05 5.96907e-05
0.772814 0.0337361 0.0338736 0.0335986 0.00372152 0.0043303 0.00311274 0.038105 0.000137517 0.000608779 9.49167e-05 5.69446e-05
0.776205 0.0317262 0.0318567 0.0315958 0.00347883 0.00405698 0.00290067 0.0368695 0.000130472 0.000578156 9.02282e-05 5.42838e-05
0.779596 0.0298028 0.0299265 0.0296791 0.00324886 0.00379753 0.00270019 0.0356543 0.000123697 0.000548666 8.57076e-05 5.1707e-05
0.782986 0.0279638 0.028081 0.0278466 0.00303111 0.0035514 0.00251083 0.0344595 0.000117186 0.000520283 8.13511e-05 4.9213e-05
0.786377 0.0262072 0.0263181 0.0260962 0.00282511 0.00331808 0.00233213 0.0332851 0.000110932 0.000492979 7.71547e-05 4.68005e-05
0.789768 0.024531 0.0246359 0.024426 0.00263036 0.00309709 0.00216363 0.0321313 0.000104928 0.000466727 7.31148e-05 4.44682e-05
0.793159 0.0229331 0.0230323 0.022834 0.00244641 0.00288792 0.00200491 0.030998 9.91657e-05 0.000441502 6.92277e-05 4.22148e-05
0.79655 0.0214116 0.0215052 0.0213179 0.00227282 0.0026901 0.00185555 0.0298853 9.36396e-05 0.000417276 6.54897e-05 4.00389e-05
0.799941 0.0199642 0.0200525 0.0198758 0.00210915 0.00250317 0.00171512 0.0287931 8.83428e-05 0.000394025 6.18973e-05 3.79393e-05
0.803332 0.018589 0.0186722 0.0185057 0.00195496 0.00232669 0.00158324 0.0277217 8.32687e-05 0.000371723 5.84469e-05 3.59147e-05
0.806722 0.0172838 0.0173622 0.0172054 0.00180985 0.0021602 0.00145951 0.026671 7.84109e-05 0.000350345 5.5135e-05 3.39637e-05
0.810113 0.0160466 0.0161204 0.0159728 0.00167342 0.00200329 0.00134356 0.025641 7.37633e-05 0.000329866 5.19582e-05 3.2085e-05
0.813504 0.0148753 0.0149446 0.0148059 0.00154527 0.00185554 0.00123501 0.0246317 6.93196e-05 0.000310263 4.8913e-05 3.02772e-05
0.816895 0.0137676 0.0138327 0.0137026 0.00142503 0.00171654 0.00113352 0.0236433 6.50739e-05 0.000291511 4.59961e-05 2.85391e-05
0.820286 0.0127217 0.0127827 0.0126607 0.00131233 0.00158591 0.00103874 0.0226757 6.10203e-05 0.000273587 4.32042e-05 2.68693e-05
0.823677 0.0117353 0.0117924 0.0116781 0.00120681 0.00146327 0.000950338 0.021729 5.7153e-05 0.000256467 4.05339e-05 2.52663e-05
0.827067 0.0108063 0.0108598 0.0107529 0.00110812 0.00134825 0.000867994 0.0208031 5.34663e-05 0.000240129 3.79821e-05 2.3729e-05
0.830458 0.00993277 0.00998272 0.00988281 0.00101594 0.00124049 0.000791394 0.0198982 4.99547e-05 0.00022455 3.55456e-05 2.22559e-05
0.833849 0.0091125 0.00915911 0.00906589 0.000929945 0.00113965 0.000720239 0.0190142 4.66126e-05 0.000209707 3.32211e-05 2.08456e-05
0.83724 0.00834354 0.00838697 0.0083001 0.000849811 0.00104539 0.000654233 0.0181511 4.34348e-05 0.000195578 3.10056e-05 1.94969e-05
0.840631 0.00762375 0.00766417 0.00758334 0.000775245 0.000957388 0.000593102 0.0173089 4.0416e-05 0.000182143 2.8896e-05 1.82082e-05
0.844022 0.00695123 0.00698878 0.00691368 0.000705952 0.000875331 0.000536573 0.0164877 3.7551e-05 0.000169379 2.68892e-05 1.69783e-05
0.847412 0.0063239 0.00635874 0.00628907 0.000641652 0.000798918 0.000484385 0.0156875 3.48348e-05 0.000157266 2.49823e-05 1.58058e-05
0.850803 0.00573981 0.00577208 0.00570755 0.000582072 0.000727854 0.000436289 0.0149082 3.22623e-05 0.000145783 2.31721e-05 1.46892e-05
0.854194 0.00519702 0.00522685 0.00516719 0.000526951 0.000661859 0.000392042 0.0141499 2.98288e-05 0.000134908 2.14559e-05 1.36272e-05
0.857585 0.0046936 0.00472113 0.00466607 0.000476036 0.00060066 0.000351413 0.0134125 2.75294e-05 0.000124623 1.98307e-05 1.26184e-05
0.860976 0.00422767 0.00425303 0.00420231 0.000429087 0.000543995 0.000314179 0.012696 2.53594e-05 0.000114908 1.82937e-05 1.16615e-05
0.864367 0.00379736 0.00382067 0.00377405 0.000385869 0.000491611 0.000280127 0.0120005 2.33142e-05 0.000105742 1.68419e-05 1.07549e-05
0.867757 0.00340087 0.00342225 0.00337948 0.000346159 0.000443266 0.000249053 0.0113258 2.13893e-05 9.71066e-05 1.54725e-05 9.89735e-06
0.871148 0.00303639 0.00305597 0.00301681 0.000309742 0.000398725 0.000220759 0.0106719 1.95802e-05 8.89828e-05 1.41829e-05 9.08742e-06
0.874539 0.00270218 0.00272006 0.0026843 0.000276412 0.000357763 0.00019506 0.0100388 1.78826e-05 8.13519e-05 1.29702e-05 8.3237e-06
0.87793 0.00239654 0.00241284 0.00238025 0.000245971 0.000320167 0.000171776 0.0094265 1.62921e-05 7.41955e-05 1.18318e-05 7.6048e-06
0.881321 0.0021178 0.00213261 0.002103 0.000218231 0.000285726 0.000150735 0.00883488 1.48046e-05 6.74954e-05 1.0765e-05 6.92931e-06
0.884712 0.00186434 0.00187775 0.00185092 0.00019301 0.000254244 0.000131776 0.0082639 1.34158e-05 6.12339e-05 9.76703e-06 6.29583e-06
0.888102 0.00163456 0.00164669 0.00162244 0.000170137 0.00022553 0.000114743 0.00771351 1.21218e-05 5.53934e-05 8.83539e-06 5.70296e-06
0.891493 0.00142695 0.00143787 0.00141603 0.000149447 0.000199403 9.94904e-05 0.00718361 1.09186e-05 4.99566e-05 7.96745e-06 5.14928e-06
0.894884 0.00124002 0.00124982 0.00123022 0.000130782 0.000175689 8.5876e-05 0.00667414 9.80216e-06 4.49064e-05 7.16067e-06 4.63342e-06
0.898275 0.00107232 0.00108109 0.00106355 0.000113995 0.000154221 7.37687e-05 0.00618501 8.76871e-06 4.02263e-05 6.41251e-06 4.15395e-06
0.901666 0.000922484 0.000930299 0.00091467 9.8942e-05 0.000134842 6.30423e-05 0.00571611 7.81446e-06 3.58997e-05 5.72049e-06 3.70948e-06
0.905057 0.000789155 0.000796091 0.00078222 8.54895e-05 0.0001174 5.3579e-05 0.00526734 6.9357e-06 3.19105e-05 5.08212e-06 3.29863e-06
0.908447 0.000671062 0.00067719 0.000664933 7.35089e-05 0.000101752 4.52662e-05 0.00483859 6.1288e-06 2.82427e-05 4.49498e-06 2.91999e-06
0.911838 0.000566959 0.000572349 0.000561569 6.28797e-05 8.77604e-05 3.79989e-05 0.00442973 5.39017e-06 2.48808e-05 3.95666e-06 2.57217e-06
0.915229 0.000475676 0.000480392 0.00047096 5.34873e-05 7.52965e-05 3.16781e-05 0.00404062 4.71632e-06 2.18092e-05 3.46479e-06 2.2538e-06
0.91862 0.000396083 0.000400187 0.000391979 4.52239e-05 6.4237e-05 2.62109e-05 0.00367112 4.1038e-06 1.90131e-05 3.01703e-06 1.96348e-06
0.922011 0.000327108 0.000330657 0.000323559 3.7988e-05 5.44654e-05 2.15106e-05 0.00332108 3.54923e-06 1.64774e-05 2.61105e-06 1.69986e-06
0.925402 0.000267732 0.000270781 0.000264682 3.16838e-05 4.58714e-05 1.74961e-05 0.00299032 3.0493e-06 1.41876e-05 2.24458e-06 1.46155e-06
0.928792 0.000216991 0.000219592 0.000214391 2.62217e-05 3.83511e-05 1.40922e-05 0.00267866 2.60077e-06 1.21295e-05 1.91536e-06 1.24719e-06
0.932183 0.000173977 0.000176178 0.000171777 2.15176e-05 3.18065e-05 1.12286e-05 0.0023859 2.20045e-06 1.02889e-05 1.62119e-06 1.05544e-06
0.935574 0.000137835 0.00013968 0.00013599 1.74931e-05 2.61453e-05 8.84084e-06 0.00211185 1.84523e-06 8.65222e-06 1.35986e-06 8.84939e-07
0.938965 0.000107764 0.000109296 0.000106232 1.40749e-05 2.12807e-05 6.86912e-06 0.00185626 1.53204e-06 7.2058e-06 1.12923e-06 7.3436e-07
0.942356 8.30177e-05 8.42756e-05 8.17598e-05 1.11952e-05 1.71316e-05 5.25873e-06 0.00161891 1.2579e-06 5.93645e-06 9.2718e-07 6.02375e-07
0.945747 6.29051e-05 6.3925e-05 6.18853e-05 8.79077e-06 1.3622e-05 3.95956e-06 0.00139953 1.01989e-06 4.83121e-06 7.51621e-07 4.8767e-07
0.949137 4.67856e-05 4.76007e-05 4.59705e-05 6.80348e-06 1.06809e-05 2.92609e-06 0.00119784 8.15124e-07 3.87738e-06 6.00502e-07 3.88942e-07
0.952528 3.40734e-05 3.47142e-05 3.34326e-05 5.17968e-06 8.24222e-06 2.11713e-06 0.00101354 6.40818e-07 3.06254e-06 4.71809e-07 3.04905e-07
0.955919 2.42338e-05 2.4728e-05 2.37395e-05 3.87019e-06 6.24474e-06 1.49565e-06 0.000846326 4.94236e-07 2.37455e-06 3.63566e-07 2.34286e-07
0.95931 1.67832e-05 1.71559e-05 1.64104e-05 2.83015e-06 4.63168e-06 1.02862e-06 0.000695832 3.7271e-07 1.80153e-06 2.73833e-07 1.75829e-07
0.962701 1.12884e-05 1.1562e-05 1.10147e-05 2.01875e-06 3.35067e-06 6.86837e-07 0.000561689 2.73642e-07 1.33191e-06 2.00714e-07 1.28297e-07
0.966092 7.36552e-06 7.56002e-06 7.17102e-06 1.39919e-06 2.3536e-06 4.44773e-07 0.000443486 1.94501e-07 9.54413e-07 1.42352e-07 9.04732e-08
0.969482 4.67913e-06 4.81196e-06 4.5463e-06 9.3843e-07 1.59647e-06 2.80392e-07 0.000340779 1.3283e-07 6.58038e-07 9.69363e-08 6.11641e-08
0.972873 2.94189e-06 3.02813e-06 2.85564e-06 6.07168e-07 1.03928e-06 1.75055e-07 0.00025308 8.62439e-08 4.32113e-07 6.27044e-08 3.92013e-08
0.976264 1.91511e-06 1.96754e-06 1.86267e-06 3.79742e-07 6.46027e-07 1.13458e-07 0.00017985 5.2438e-08 2.66284e-07 3.79435e-08 2.34451e-08
0.979655 1.41288e-06 1.44207e-06 1.38369e-06 2.3434e-07 3.84877e-07 8.38032e-08 0.000120494 2.91885e-08 1.50537e-07 2.09972e-08 1.27886e-08
0.983046 1.31956e-06 1.33393e-06 1.3052e-06 1.53998e-07 2.29219e-07 7.87782e-08 7.43499e-05 1.43611e-08 7.52202e-08 1.02697e-08 6.16215e-09
0.986437 1.68539e-06 1.69131e-06 1.67947e-06 1.3234e-07 1.63421e-07 1.01259e-07 4.0705e-05 5.91812e-09 3.1081e-08 4.23335e-09 2.53886e-09
0.989827 4.74866e-06 4.75058e-06 4.74673e-06 2.95467e-07 3.04781e-07 2.86153e-07 1.90023e-05 1.92478e-09 9.31386e-09 1.43206e-09 9.35583e-10
0.993218 8.92676e-06 8.92704e-06 8.92649e-06 5.40445e-07 5.42764e-07 5.38127e-07 2.48617e-05 2.7299e-10 2.31855e-09 1.3714e-10 0
4.01075e-314 inf inf inf inf inf inf 0.000662001 4.49266 0.637028 0.338948 0.0302133
