9.72476e-05 15.9181 16.5949 15.2412 9.68778 10.057 9.31857 5.17433 0.676837 0.369203 0.0340499 0.0258802
0.0001 15.8321 16.5067 15.1574 9.63479 10.0031 9.26653 5.14845 0.674643 0.368264 0.0340446 0.0257842
0.00010283 15.7487 16.4211 15.0762 9.58343 9.95076 9.2161 5.12266 0.672456 0.367327 0.0340405 0.0256887
0.000105741 15.6978 16.3681 15.0276 9.55241 9.9188 9.18602 5.09697 0.670274 0.366392 0.0340378 0.0255934
0.000108734 15.61 16.2781 14.9419 9.49828 9.86374 9.13282 5.07138 0.6681 0.36546 0.0340364 0.0254984
0.000111811 15.5226 16.1885 14.8567 9.44441 9.80894 9.07988 5.04588 0.665931 0.364529 0.0340363 0.0254038
0.000114976 15.4356 16.0994 14.7718 9.39078 9.75439 9.02718 5.02048 0.663768 0.363601 0.0340375 0.0253094
0.00011823 15.349 16.0106 14.6874 9.33741 9.70009 8.97474 4.99518 0.661611 0.362676 0.0340401 0.0252154
0.000121576 15.2628 15.9222 14.6033 9.28429 9.64604 8.92254 4.96997 0.659461 0.361752 0.0340441 0.0251217
0.000125017 15.1769 15.8342 14.5196 9.2314 9.59223 8.87057 4.94485 0.657316 0.36083 0.0340494 0.0250283
0.000128556 15.0915 15.7466 14.4363 9.17877 9.53868 8.81886 4.91983 0.655178 0.359911 0.0340561 0.0249352
0.000132194 15.0064 15.6594 14.3533 9.12639 9.48538 8.76739 4.8949 0.653045 0.358994 0.0340642 0.0248425
0.000135936 14.9217 15.5726 14.2708 9.07424 9.43232 8.71616 4.87006 0.650918 0.358079 0.0340736 0.02475
0.000139783 14.8375 15.4863 14.1887 9.02233 9.3795 8.66517 4.84532 0.648797 0.357166 0.0340845 0.0246578
0.000143739 14.7535 15.4002 14.1069 8.97069 9.32694 8.61443 4.82067 0.646682 0.356255 0.0340968 0.024566
0.000147808 14.6701 15.3146 14.0255 8.91926 9.27461 8.56391 4.79612 0.644573 0.355346 0.0341104 0.0244744
0.000151991 14.5869 15.2294 13.9445 8.86809 9.22253 8.51365 4.77166 0.642469 0.35444 0.0341256 0.0243832
0.000156293 14.5042 15.1446 13.8638 8.81715 9.17069 8.46362 4.74728 0.640371 0.353535 0.0341421 0.0242923
0.000160717 14.4218 15.0601 13.7835 8.76645 9.11909 8.41382 4.723 0.638278 0.352633 0.0341601 0.0242016
0.000165265 14.3398 14.976 13.7036 8.716 9.06773 8.36426 4.69882 0.636192 0.351733 0.0341796 0.0241113
0.000169943 14.2582 14.8923 13.6241 8.66578 9.01662 8.31495 4.67472 0.63411 0.350834 0.0342006 0.0240213
0.000174753 14.177 14.809 13.5449 8.6158 8.96573 8.26586 4.65071 0.632035 0.349938 0.034223 0.0239315
0.000179699 14.0961 14.7261 13.4661 8.56605 8.91509 8.217 4.6268 0.629964 0.349044 0.0342469 0.0238421
0.000184785 14.0156 14.6435 13.3877 8.51654 8.86469 8.16838 4.60297 0.627899 0.348151 0.0342723 0.0237529
0.000190015 13.9355 14.5613 13.3097 8.46725 8.81452 8.11999 4.57924 0.62584 0.347261 0.0342992 0.0236641
0.000195393 13.8558 14.4795 13.232 8.41821 8.76458 8.07184 4.55559 0.623786 0.346373 0.0343276 0.0235755
0.000200923 13.7764 14.3981 13.1546 8.3694 8.71489 8.02391 4.53204 0.621737 0.345487 0.0343576 0.0234872
0.00020661 13.6974 14.3171 13.0777 8.32081 8.66542 7.97621 4.50857 0.619693 0.344602 0.0343891 0.0233992
0.000212458 13.6187 14.2364 13.0011 8.27246 8.61618 7.92874 4.48519 0.617654 0.34372 0.0344221 0.0233115
0.000218471 13.5405 14.1561 12.9249 8.22435 8.56719 7.88151 4.4619 0.615621 0.34284 0.0344567 0.0232241
0.000224655 13.4626 14.0762 12.849 8.17646 8.51842 7.8345 4.4387 0.613593 0.341961 0.0344929 0.023137
0.000231013 13.385 13.9966 12.7734 8.12879 8.46988 7.78771 4.41559 0.611569 0.341085 0.0345306 0.0230502
0.000237551 13.3078 13.9174 12.6983 8.08136 8.42157 7.74115 4.39256 0.609551 0.34021 0.03457 0.0229636
0.000244275 13.231 13.8385 12.6235 8.03415 8.37349 7.69482 4.36963 0.607538 0.339337 0.0346109 0.0228773
0.000251189 13.1545 13.7601 12.549 7.98717 8.32564 7.64871 4.34678 0.605529 0.338467 0.0346535 0.0227913
0.000258298 13.0784 13.6819 12.4749 7.94042 8.27801 7.60282 4.32401 0.603525 0.337598 0.0346976 0.0227056
0.000265609 13.0027 13.6042 12.4011 7.89388 8.23061 7.55715 4.30134 0.601526 0.336731 0.0347434 0.0226202
0.000273126 12.9273 13.5268 12.3277 7.84757 8.18344 7.51171 4.27875 0.599532 0.335865 0.0347909 0.022535
0.000280857 12.8522 13.4498 12.2547 7.8015 8.1365 7.4665 4.25624 0.597543 0.335002 0.03484 0.0224502
0.000288806 12.7775 13.3731 12.182 7.75563 8.08977 7.42149 4.23383 0.595558 0.33414 0.0348907 0.0223656
0.00029698 12.7032 13.2968 12.1096 7.70999 8.04327 7.37671 4.21149 0.593578 0.333281 0.0349431 0.0222812
0.000305386 12.6292 13.2208 12.0376 7.66457 7.997 7.33215 4.18925 0.591602 0.332423 0.0349973 0.0221972
0.000314029 12.5555 13.1452 11.9659 7.61937 7.95093 7.2878 4.16708 0.58963 0.331567 0.0350531 0.0221133
0.000322917 12.4822 13.0699 11.8946 7.57439 7.9051 7.24367 4.14501 0.587663 0.330712 0.0351106 0.0220298
0.000332057 12.4093 12.995 11.8236 7.52962 7.85948 7.19976 4.12301 0.585701 0.329859 0.0351698 0.0219465
0.000341455 12.3367 12.9204 11.7529 7.48508 7.81409 7.15607 4.1011 0.583742 0.329008 0.0352308 0.0218636
0.000351119 12.2644 12.8462 11.6826 7.44075 7.76891 7.11259 4.07928 0.581788 0.328159 0.0352934 0.0217808
0.000361057 12.1925 12.7723 11.6127 7.39664 7.72395 7.06933 4.05754 0.579838 0.327312 0.0353579 0.0216984
0.000371276 12.1209 12.6988 11.543 7.35274 7.67921 7.02627 4.03588 0.577892 0.326466 0.0354241 0.0216162
0.000381784 12.0497 12.6256 11.4737 7.30906 7.63468 6.98344 4.01431 0.57595 0.325622 0.035492 0.0215342
0.00039259 11.9788 12.5528 11.4048 7.26559 7.59037 6.94081 3.99281 0.574012 0.324779 0.0355617 0.0214525
0.000403702 11.9082 12.4803 11.3361 7.22233 7.54627 6.89839 3.97141 0.572078 0.323938 0.0356332 0.0213711
0.000415128 11.838 12.4081 11.2678 7.17929 7.50238 6.85619 3.95008 0.570148 0.323099 0.0357065 0.0212899
0.000426877 11.7681 12.3363 11.1998 7.13645 7.45871 6.81419 3.92884 0.568221 0.322262 0.0357816 0.021209
0.000438959 11.6985 12.2648 11.1322 7.09383 7.41526 6.77241 3.90767 0.566298 0.321425 0.0358585 0.0211283
0.000451383 11.6293 12.1937 11.0649 7.05142 7.37201 6.73083 3.88659 0.564379 0.320591 0.0359373 0.0210479
0.000464159 11.5604 12.1228 10.9979 7.00922 7.32897 6.68946 3.86559 0.562463 0.319758 0.0360178 0.0209677
0.000477296 11.4918 12.0524 10.9313 6.96722 7.28615 6.64829 3.84467 0.560551 0.318927 0.0361003 0.0208878
0.000490805 11.4236 11.9822 10.8649 6.92543 7.24353 6.60733 3.82384 0.558642 0.318097 0.0361845 0.0208081
0.000504697 11.3557 11.9124 10.7989 6.88385 7.20112 6.56659 3.80308 0.556737 0.317268 0.0362707 0.0207286
0.000518981 11.2881 11.8429 10.7332 6.84248 7.15893 6.52604 3.7824 0.554835 0.316442 0.0363587 0.0206494
0.00053367 11.2208 11.7737 10.6679 6.80131 7.11693 6.4857 3.76181 0.552936 0.315616 0.0364485 0.0205705
0.000548775 11.1539 11.7049 10.6028 6.76035 7.07514 6.44555 3.74129 0.55104 0.314792 0.0365403 0.0204918
0.000564307 11.0872 11.6364 10.5381 6.71959 7.03356 6.40562 3.72085 0.549147 0.31397 0.036634 0.0204133
0.000580278 11.0209 11.5682 10.4737 6.67903 6.99218 6.36588 3.70049 0.547257 0.313149 0.0367295 0.020335
0.000596702 10.955 11.5003 10.4096 6.63868 6.95101 6.32635 3.68022 0.54537 0.312329 0.036827 0.020257
0.000613591 10.8893 11.4328 10.3458 6.59853 6.91005 6.28702 3.66002 0.543486 0.31151 0.0369264 0.0201792
0.000630957 10.824 11.3656 10.2824 6.55858 6.86927 6.24789 3.63989 0.541604 0.310693 0.0370277 0.0201017
0.000648815 10.7589 11.2987 10.2192 6.51883 6.82871 6.20895 3.61985 0.539725 0.309878 0.037131 0.0200244
0.000667179 10.6942 11.2321 10.1564 6.47928 6.78835 6.17022 3.59989 0.537849 0.309063 0.0372362 0.0199473
0.000686062 10.6298 11.1658 10.0939 6.43993 6.74818 6.13168 3.58 0.535975 0.30825 0.0373434 0.0198704
0.00070548 10.5658 11.0999 10.0316 6.40078 6.70822 6.09334 3.56019 0.534103 0.307438 0.0374525 0.0197937
0.000725448 10.502 11.0342 9.96975 6.36182 6.66845 6.0552 3.54046 0.532234 0.306627 0.0375635 0.0197173
0.00074598 10.4385 10.9689 9.90815 6.32307 6.62888 6.01725 3.52081 0.530367 0.305818 0.0376766 0.0196411
0.000767094 10.3754 10.9039 9.84687 6.28451 6.58952 5.9795 3.50123 0.528502 0.30501 0.0377916 0.0195651
0.000788805 10.3125 10.8392 9.78589 6.24614 6.55034 5.94193 3.48173 0.526638 0.304202 0.0379086 0.0194893
0.000811131 10.25 10.7748 9.72521 6.20797 6.51136 5.90457 3.4623 0.524777 0.303396 0.0380276 0.0194137
0.000834088 10.1878 10.7107 9.66485 6.16999 6.47258 5.86739 3.44296 0.522918 0.302592 0.0381485 0.0193384
0.000857696 10.1258 10.6469 9.60478 6.1322 6.43399 5.83041 3.42368 0.52106 0.301788 0.0382715 0.0192632
0.000881971 10.0642 10.5834 9.54501 6.09461 6.3956 5.79363 3.40449 0.519204 0.300985 0.0383965 0.0191882
0.000906934 10.0029 10.5202 9.48554 6.05721 6.35739 5.75702 3.38537 0.517349 0.300183 0.0385234 0.0191135
0.000932603 9.94187 10.4574 9.42638 6.02 6.31938 5.72062 3.36632 0.515495 0.299383 0.0386524 0.0190389
0.000958999 9.88115 10.3948 9.36751 5.98298 6.28156 5.68439 3.34735 0.513643 0.298583 0.0387833 0.0189646
0.000986142 9.82073 10.3325 9.30894 5.94615 6.24394 5.64837 3.32846 0.511792 0.297784 0.0389163 0.0188904
0.00101405 9.76061 10.2706 9.25067 5.90951 6.2065 5.61253 3.30964 0.509942 0.296986 0.0390513 0.0188165
0.00104275 9.70078 10.2089 9.19269 5.87306 6.16925 5.57687 3.29089 0.508093 0.296189 0.0391883 0.0187427
0.00107227 9.64126 10.1475 9.13501 5.8368 6.13219 5.5414 3.27222 0.506245 0.295393 0.0393273 0.0186692
0.00110262 9.58202 10.0864 9.07762 5.80072 6.09532 5.50612 3.25362 0.504398 0.294598 0.0394683 0.0185958
0.00113382 9.52307 10.0256 9.02052 5.76483 6.05863 5.47102 3.23509 0.502551 0.293803 0.0396113 0.0185226
0.00116591 9.46442 9.96512 8.96371 5.72912 6.02213 5.43611 3.21664 0.500704 0.293009 0.0397564 0.0184495
0.00119891 9.40605 9.90491 8.90719 5.6936 5.98581 5.40138 3.19827 0.498858 0.292216 0.0399034 0.0183767
0.00123285 9.34798 9.84499 8.85097 5.65826 5.94968 5.36684 3.17996 0.497012 0.291424 0.0400524 0.018304
0.00126774 9.2902 9.78537 8.79504 5.62311 5.91374 5.33247 3.16173 0.495166 0.290632 0.0402035 0.0182316
0.00130362 9.23271 9.72603 8.73939 5.58814 5.87798 5.2983 3.14357 0.49332 0.289841 0.0403565 0.0181593
0.00134052 9.17549 9.66697 8.68402 5.55335 5.8424 5.2643 3.12549 0.491474 0.289051 0.0405115 0.0180871
0.00137846 9.11857 9.6082 8.62895 5.51874 5.807 5.23048 3.10747 0.489627 0.288261 0.0406685 0.0180151
0.00141747 9.06193 9.54971 8.57415 5.48432 5.77179 5.19684 3.08953 0.48778 0.287471 0.0408275 0.0179433
0.00145759 9.00557 9.4915 8.51964 5.45007 5.73675 5.16338 3.07166 0.485933 0.286683 0.0409884 0.0178717
0.00149885 8.94949 9.43357 8.46541 5.41599 5.70189 5.1301 3.05386 0.484084 0.285894 0.0411513 0.0178002
0.00154127 8.8937 9.37593 8.41146 5.3821 5.66721 5.097 3.03613 0.482235 0.285106 0.0413161 0.0177288
0.00158489 8.83818 9.31856 8.35779 5.34839 5.63271 5.06407 3.01848 0.480385 0.284318 0.0414828 0.0176576
0.00162975 8.78294 9.26147 8.30441 5.31486 5.59839 5.03133 3.00089 0.478533 0.283531 0.0416516 0.0175866
0.00167588 8.72798 9.20466 8.2513 5.2815 5.56424 4.99875 2.98338 0.47668 0.282744 0.0418222 0.0175157
0.00172331 8.6733 9.14812 8.19847 5.24832 5.53027 4.96636 2.96593 0.474826 0.281957 0.0419946 0.017445
0.00177209 8.61888 9.09185 8.14591 5.2153 5.49647 4.93413 2.94856 0.47297 0.281171 0.042169 0.0173744
0.00182224 8.56475 9.03586 8.09363 5.18247 5.46285 4.90209 2.93125 0.471112 0.280384 0.0423453 0.0173039
0.00187382 8.51088 8.98013 8.04163 5.14981 5.42941 4.87021 2.91402 0.469252 0.279598 0.0425233 0.0172336
0.00192685 8.45729 8.92468 7.9899 5.11732 5.39613 4.83851 2.89686 0.46739 0.278811 0.0427032 0.0171634
0.00198139 8.40396 8.86949 7.93844 5.085 5.36303 4.80698 2.87976 0.465526 0.278025 0.0428849 0.0170933
0.00203747 8.35091 8.81457 7.88725 5.05285 5.33009 4.77561 2.86274 0.463659 0.277239 0.0430684 0.0170234
0.00209514 8.29812 8.75991 7.83633 5.02088 5.29733 4.74443 2.84578 0.46179 0.276453 0.0432537 0.0169536
0.00215443 8.2456 8.70552 7.78568 4.98907 5.26474 4.7134 2.82889 0.459917 0.275666 0.0434407 0.0168838
0.00221541 8.19335 8.65139 7.7353 4.95743 5.23231 4.68255 2.81207 0.458042 0.274879 0.0436293 0.0168142
0.00227812 8.14136 8.59752 7.68519 4.92596 5.20005 4.65187 2.79532 0.456164 0.274092 0.0438197 0.0167448
0.00234259 8.08963 8.54391 7.63534 4.89466 5.16797 4.62135 2.77864 0.454282 0.273305 0.0440117 0.0166754
0.0024089 8.03816 8.49056 7.58577 4.86353 5.13604 4.59101 2.76203 0.452396 0.272518 0.0442053 0.0166061
0.00247708 7.98697 8.43747 7.53646 4.83256 5.10429 4.56083 2.74548 0.450507 0.27173 0.0444005 0.016537
0.00254719 7.93602 8.38463 7.48741 4.80175 5.07269 4.53081 2.729 0.448614 0.270942 0.0445973 0.0164679
0.00261928 7.88533 8.33205 7.43862 4.77111 5.04126 4.50096 2.71259 0.446716 0.270153 0.0447955 0.0163989
0.00269341 7.83491 8.27972 7.39009 4.74064 5.01 4.47127 2.69625 0.444815 0.269363 0.0449953 0.01633
0.00276965 7.78473 8.22764 7.34182 4.71032 4.97889 4.44174 2.67997 0.442908 0.268573 0.0451964 0.0162612
0.00284804 7.73482 8.17582 7.29382 4.68017 4.94795 4.41238 2.66376 0.440997 0.267783 0.0453989 0.0161924
0.00292864 7.68516 8.12424 7.24608 4.65018 4.91717 4.38318 2.64762 0.439081 0.266991 0.0456028 0.0161238
0.00301153 7.63575 8.07291 7.19859 4.62034 4.88654 4.35415 2.63154 0.43716 0.266199 0.0458079 0.0160552
0.00309677 7.5866 8.02183 7.15137 4.59067 4.85608 4.32527 2.61553 0.435233 0.265406 0.0460143 0.0159867
0.00318442 7.53769 7.971 7.10439 4.56117 4.82578 4.29655 2.59958 0.433301 0.264612 0.0462219 0.0159182
0.00327455 7.48904 7.9204 7.05768 4.53181 4.79562 4.26799 2.58371 0.431363 0.263816 0.0464305 0.0158498
0.00336723 7.44063 7.87005 7.01121 4.50261 4.76563 4.23959 2.56789 0.429418 0.26302 0.0466403 0.0157815
0.00346253 7.39247 7.81994 6.965 4.47357 4.73579 4.21135 2.55214 0.427468 0.262223 0.0468511 0.0157132
0.00356053 7.34455 7.77006 6.91904 4.44468 4.70611 4.18326 2.53646 0.425511 0.261425 0.0470628 0.015645
0.00366131 7.29688 7.72043 6.87334 4.41595 4.67657 4.15532 2.52084 0.423547 0.260625 0.0472753 0.0155768
0.00376494 7.24946 7.67103 6.82788 4.38738 4.6472 4.12755 2.50529 0.421576 0.259824 0.0474887 0.0155086
0.0038715 7.20227 7.62187 6.78267 4.35895 4.61797 4.09993 2.4898 0.419598 0.259021 0.0477028 0.0154405
0.00398107 7.15533 7.57294 6.73772 4.33068 4.58889 4.07246 2.47438 0.417612 0.258217 0.0479176 0.0153724
0.00409375 7.10863 7.52425 6.69301 4.30255 4.55997 4.04514 2.45901 0.415619 0.257411 0.048133 0.0153043
0.00420962 7.06217 7.47579 6.64855 4.27459 4.53119 4.01798 2.44372 0.413617 0.256604 0.0483488 0.0152362
0.00432876 7.01594 7.42755 6.60434 4.24676 4.50256 3.99097 2.42848 0.411608 0.255795 0.0485651 0.0151682
0.00445128 6.96995 7.37954 6.56036 4.21909 4.47407 3.96411 2.41332 0.40959 0.254984 0.0487817 0.0151001
0.00457727 6.92419 7.33176 6.51663 4.19156 4.44573 3.93739 2.39821 0.407563 0.254171 0.0489985 0.0150321
0.00470682 6.87868 7.2842 6.47315 4.16418 4.41754 3.91083 2.38317 0.405527 0.253356 0.0492155 0.0149641
0.00484003 6.83339 7.23687 6.42991 4.13695 4.38949 3.88441 2.36818 0.403482 0.252539 0.0494325 0.014896
0.00497702 6.78834 7.18976 6.38691 4.10986 4.36158 3.85814 2.35327 0.401427 0.25172 0.0496494 0.0148279
0.00511789 6.74351 7.14287 6.34415 4.08291 4.33381 3.83202 2.33841 0.399363 0.250898 0.0498662 0.0147599
0.00526274 6.69891 7.0962 6.30163 4.05611 4.30619 3.80604 2.32362 0.397288 0.250074 0.0500827 0.0146917
0.0054117 6.65455 7.04975 6.25935 4.02945 4.2787 3.7802 2.30889 0.395203 0.249248 0.0502988 0.0146236
0.00556486 6.6104 7.00351 6.21729 4.00293 4.25135 3.75451 2.29421 0.393108 0.248419 0.0505144 0.0145554
0.00572237 6.56649 6.95749 6.17548 3.97655 4.22413 3.72896 2.27961 0.391002 0.247587 0.0507293 0.0144872
0.00588433 6.52279 6.91168 6.13391 3.9503 4.19705 3.70355 2.26506 0.388884 0.246753 0.0509435 0.014419
0.00605088 6.47933 6.86608 6.09257 3.9242 4.17012 3.67829 2.25057 0.386755 0.245915 0.0511568 0.0143506
0.00622213 6.43608 6.8207 6.05147 3.89823 4.14331 3.65316 2.23615 0.384614 0.245075 0.051369 0.0142823
0.00639824 6.39305 6.77551 6.01059 3.8724 4.11663 3.62817 2.22178 0.382462 0.244232 0.0515801 0.0142138
0.00657933 6.35024 6.73054 5.96995 3.8467 4.09008 3.60331 2.20747 0.380296 0.243385 0.0517899 0.0141453
0.00676555 6.30765 6.68577 5.92953 3.82113 4.06367 3.5786 2.19323 0.378119 0.242535 0.0519982 0.0140768
0.00695704 6.26528 6.64121 5.88935 3.7957 4.03738 3.55402 2.17904 0.375928 0.241682 0.0522049 0.0140081
0.00715394 6.22312 6.59684 5.84939 3.7704 4.01122 3.52957 2.16491 0.373725 0.240825 0.0524098 0.0139393
0.00735642 6.18117 6.55268 5.80966 3.74522 3.98518 3.50526 2.15085 0.371508 0.239964 0.0526128 0.0138705
0.00756463 6.13944 6.50872 5.77016 3.72018 3.95928 3.48108 2.13684 0.369277 0.2391 0.0528137 0.0138015
0.00777874 6.09792 6.46495 5.73089 3.69526 3.93349 3.45703 2.12289 0.367032 0.238231 0.0530123 0.0137325
0.0079989 6.0566 6.42138 5.69183 3.67047 3.90783 3.43311 2.10899 0.364773 0.237359 0.0532085 0.0136633
0.0082253 6.0155 6.378 5.653 3.6458 3.88228 3.40932 2.09516 0.3625 0.236482 0.053402 0.013594
0.0084581 5.9746 6.33481 5.61439 3.62126 3.85686 3.38566 2.08138 0.360211 0.235602 0.0535927 0.0135246
0.00869749 5.93391 6.29182 5.57601 3.59684 3.83155 3.36212 2.06766 0.357908 0.234716 0.0537804 0.0134551
0.00894366 5.89343 6.24901 5.53784 3.57254 3.80636 3.33871 2.054 0.355589 0.233826 0.0539649 0.0133854
0.00919679 5.85315 6.2064 5.49989 3.54836 3.78129 3.31543 2.04039 0.353254 0.232932 0.054146 0.0133155
0.00945709 5.81306 6.16396 5.46215 3.52429 3.75632 3.29226 2.02684 0.350903 0.232032 0.0543234 0.0132455
0.00972476 5.77318 6.12171 5.42464 3.50035 3.73148 3.26922 2.01335 0.348537 0.231128 0.054497 0.0131754
0.01 5.73349 6.07965 5.38734 3.47651 3.70673 3.2463 1.99991 0.346153 0.230218 0.0546666 0.0131051
0.010283 5.694 6.03776 5.35025 3.4528 3.6821 3.22349 1.98653 0.343753 0.229303 0.0548319 0.0130346
0.0105741 5.65471 5.99605 5.31338 3.42919 3.65758 3.20081 1.9732 0.341336 0.228383 0.0549927 0.0129639
0.0108734 5.61562 5.95452 5.27671 3.4057 3.63316 3.17824 1.95992 0.338902 0.227457 0.0551488 0.012893
0.0111811 5.57672 5.91317 5.24027 3.38232 3.60884 3.15579 1.9467 0.33645 0.226526 0.0552999 0.012822
0.0114976 5.538 5.87198 5.20402 3.35904 3.58463 3.13345 1.93354 0.33398 0.225588 0.0554459 0.0127507
0.011823 5.49948 5.83098 5.16799 3.33587 3.56051 3.11122 1.92043 0.331492 0.224644 0.0555864 0.0126792
0.0121576 5.46115 5.79013 5.13216 3.3128 3.53649 3.0891 1.90737 0.328987 0.223695 0.0557211 0.0126075
0.0125017 5.423 5.74946 5.09654 3.28984 3.51257 3.0671 1.89436 0.326462 0.222738 0.0558499 0.0125356
0.0128556 5.38504 5.70896 5.06112 3.26697 3.48875 3.0452 1.8814 0.323919 0.221775 0.0559725 0.0124635
0.0132194 5.34726 5.66861 5.0259 3.24421 3.46502 3.0234 1.8685 0.321357 0.220806 0.0560887 0.0123911
0.0135936 5.30967 5.62844 4.99089 3.22154 3.44137 3.00171 1.85565 0.318776 0.219829 0.0561981 0.0123185
0.0139783 5.27225 5.58842 4.95607 3.19897 3.41782 2.98012 1.84285 0.316176 0.218846 0.0563004 0.0122456
0.0143739 5.23501 5.54857 4.92146 3.1765 3.39435 2.95864 1.83009 0.313556 0.217855 0.0563955 0.0121724
0.0147808 5.19796 5.50888 4.88705 3.15411 3.37096 2.93725 1.81739 0.310916 0.216857 0.0564831 0.012099
0.0151991 5.16108 5.46934 4.85282 3.13181 3.34766 2.91596 1.80474 0.308257 0.215851 0.0565628 0.0120254
0.0156293 5.12437 5.42995 4.81879 3.1096 3.32444 2.89476 1.79213 0.305578 0.214837 0.0566343 0.0119514
0.0160717 5.08783 5.39071 4.78495 3.08748 3.3013 2.87367 1.77958 0.302879 0.213815 0.0566975 0.0118771
0.0165265 5.05147 5.35163 4.75131 3.06544 3.27823 2.85266 1.76707 0.300159 0.212786 0.0567519 0.0118026
0.0169943 5.01527 5.31269 4.71785 3.04349 3.25524 2.83174 1.75461 0.297419 0.211747 0.0567974 0.0117277
0.0174753 4.97924 5.2739 4.68458 3.02161 3.23231 2.81091 1.74219 0.294659 0.2107 0.0568336 0.0116526
0.0179699 4.94338 5.23526 4.6515 2.99981 3.20946 2.79017 1.72982 0.291879 0.209645 0.0568602 0.0115771
0.0184785 4.90768 5.19676 4.6186 2.97809 3.18667 2.76951 1.7175 0.289078 0.20858 0.056877 0.0115013
0.0190015 4.87215 5.15841 4.58589 2.95644 3.16394 2.74893 1.70522 0.286256 0.207506 0.0568836 0.0114251
0.0195393 4.83678 5.12019 4.55336 2.93486 3.14128 2.72843 1.69298 0.283414 0.206423 0.0568797 0.0113486
0.0200923 4.80156 5.08211 4.52101 2.91334 3.11867 2.70801 1.68079 0.280551 0.20533 0.0568651 0.0112718
0.020661 4.7665 5.04417 4.48883 2.8919 3.09612 2.68767 1.66864 0.277668 0.204228 0.0568395 0.0111946
0.0212458 4.73159 5.00636 4.45683 2.87051 3.07363 2.6674 1.65653 0.274764 0.203115 0.0568025 0.011117
0.0218471 4.69684 4.96868 4.425 2.84918 3.05118 2.64719 1.64446 0.27184 0.201992 0.056754 0.0110391
0.0224655 4.66224 4.93114 4.39335 2.82792 3.02878 2.62706 1.63243 0.268896 0.200859 0.0566935 0.0109608
0.0231013 4.62779 4.89372 4.36186 2.80671 3.00642 2.60699 1.62044 0.265931 0.199715 0.0566209 0.0108822
0.0237551 4.59349 4.85644 4.33054 2.78555 2.98411 2.58699 1.60849 0.262947 0.19856 0.0565358 0.0108031
0.0244275 4.55933 4.81928 4.29939 2.76444 2.96184 2.56705 1.59658 0.259942 0.197394 0.056438 0.0107236
0.0251189 4.52532 4.78223 4.2684 2.74338 2.93959 2.54716 1.5847 0.256918 0.196217 0.0563272 0.0106438
0.0258298 4.49145 4.74532 4.23757 2.72235 2.91738 2.52732 1.57286 0.253875 0.195028 0.0562031 0.0105635
0.0265609 4.45771 4.70852 4.2069 2.70137 2.8952 2.50755 1.56105 0.250812 0.193827 0.0560656 0.0104828
0.0273126 4.42411 4.67184 4.17638 2.68043 2.87305 2.48782 1.54928 0.24773 0.192615 0.0559143 0.0104017
0.0280857 4.39066 4.63529 4.14603 2.65953 2.85092 2.46814 1.53754 0.24463 0.19139 0.055749 0.0103202
0.0288806 4.35733 4.59884 4.11582 2.63865 2.82881 2.4485 1.52583 0.241511 0.190153 0.0555695 0.0102382
0.029698 4.32412 4.5625 4.08575 2.6178 2.80671 2.4289 1.51415 0.238374 0.188903 0.0553756 0.0101558
0.0305386 4.29106 4.52628 4.05584 2.59698 2.78462 2.40934 1.5025 0.23522 0.18764 0.055167 0.0100729
0.0314029 4.25812 4.49017 4.02607 2.57618 2.76255 2.38982 1.49088 0.232049 0.186364 0.0549436 0.00998962
0.0322917 4.2253 4.45416 3.99643 2.5554 2.74047 2.37032 1.47929 0.228862 0.185075 0.0547051 0.00990586
0.0332057 4.19259 4.41825 3.96694 2.53462 2.71839 2.35085 1.46772 0.225658 0.183772 0.0544515 0.00982163
0.0341455 4.16002 4.38245 3.93758 2.51386 2.69632 2.33141 1.45618 0.222439 0.182456 0.0541825 0.00973694
0.0351119 4.12755 4.34675 3.90834 2.49311 2.67423 2.31198 1.44466 0.219205 0.181125 0.0538981 0.00965178
0.0361057 4.0952 4.31115 3.87924 2.47236 2.65214 2.29258 1.43316 0.215957 0.17978 0.053598 0.00956614
0.0371276 4.06296 4.27566 3.85027 2.45161 2.63003 2.27319 1.42169 0.212695 0.178421 0.0532822 0.00948002
0.0381784 4.03083 4.24025 3.8214 2.43085 2.6079 2.2538 1.41023 0.20942 0.177047 0.0529506 0.00939341
0.039259 3.9988 4.20493 3.79267 2.41008 2.58574 2.23443 1.39879 0.206134 0.175659 0.0526031 0.00930632
0.0403702 3.96688 4.16971 3.76404 2.38931 2.56356 2.21505 1.38737 0.202835 0.174255 0.0522397 0.00921874
0.0415128 3.93505 4.13458 3.73552 2.36851 2.54135 2.19568 1.37596 0.199527 0.172836 0.0518603 0.00913066
0.0426877 3.90332 4.09953 3.70711 2.3477 2.5191 2.17629 1.36457 0.196208 0.171401 0.0514649 0.00904208
0.0438959 3.87168 4.06456 3.6788 2.32685 2.4968 2.1569 1.35319 0.192881 0.169951 0.0510536 0.00895299
0.0451383 3.84014 4.02968 3.65059 2.30597 2.47446 2.13749 1.34181 0.189546 0.168485 0.0506263 0.00886341
0.0464159 3.80868 3.99488 3.62247 2.28507 2.45207 2.11806 1.33045 0.186204 0.167003 0.0501831 0.00877331
0.0477296 3.7773 3.96016 3.59445 2.26412 2.42962 2.09861 1.31909 0.182856 0.165504 0.0497242 0.00868271
0.0490805 3.74601 3.92551 3.5665 2.24313 2.40712 2.07914 1.30774 0.179503 0.16399 0.0492495 0.0085916
0.0504697 3.71479 3.89093 3.53864 2.22209 2.38454 2.05963 1.29639 0.176147 0.162458 0.0487593 0.00849998
0.0518981 3.68364 3.85643 3.51085 2.20099 2.3619 2.04008 1.28504 0.172788 0.16091 0.0482536 0.00840784
0.053367 3.65256 3.82198 3.48313 2.17984 2.33918 2.02049 1.27369 0.169428 0.159345 0.0477327 0.00831519
0.0548775 3.62154 3.78761 3.45547 2.15862 2.31638 2.00086 1.26234 0.166068 0.157763 0.0471968 0.00822202
0.0564307 3.59058 3.75329 3.42787 2.13733 2.2935 1.98117 1.25098 0.162708 0.156164 0.046646 0.00812835
0.0580278 3.55968 3.71903 3.40033 2.11597 2.27052 1.96143 1.23961 0.159351 0.154547 0.0460807 0.00803416
0.0596702 3.52884 3.68483 3.37284 2.09453 2.24745 1.94162 1.22824 0.155998 0.152914 0.0455012 0.00793946
0.0613591 3.49803 3.65068 3.34538 2.07301 2.22427 1.92175 1.21685 0.152649 0.151262 0.0449077 0.00784425
0.0630957 3.46727 3.61658 3.31796 2.0514 2.20099 1.9018 1.20545 0.149307 0.149593 0.0443006 0.00774853
0.0648815 3.43654 3.58251 3.29057 2.02969 2.1776 1.88178 1.19404 0.145973 0.147907 0.0436803 0.00765231
0.0667179 3.40585 3.5485 3.2632 2.00788 2.15408 1.86168 1.1826 0.142647 0.146203 0.0430471 0.00755559
0.0686062 3.37518 3.51451 3.23584 1.98596 2.13045 1.84148 1.17115 0.139333 0.14448 0.0424015 0.00745837
0.070548 3.34453 3.48056 3.2085 1.96394 2.10668 1.8212 1.15967 0.13603 0.142741 0.0417439 0.00736065
0.0725448 3.31389 3.44664 3.18115 1.9418 2.08278 1.80081 1.14816 0.132741 0.140983 0.0410748 0.00726245
0.074598 3.28327 3.41274 3.1538 1.91953 2.05874 1.78032 1.13663 0.129467 0.139208 0.0403947 0.00716376
0.0767094 3.25264 3.37885 3.12643 1.89713 2.03455 1.75972 1.12506 0.12621 0.137414 0.0397041 0.0070646
0.0788805 3.222 3.34497 3.09903 1.8746 2.01021 1.739 1.11347 0.122971 0.135603 0.0390035 0.00696497
0.0811131 3.19136 3.31111 3.07161 1.85193 1.98571 1.71816 1.10183 0.119751 0.133775 0.0382936 0.00686488
0.0834088 3.1607 3.27725 3.04415 1.82912 1.96105 1.69719 1.09016 0.116553 0.131929 0.0375749 0.00676434
0.0857696 3.13 3.24338 3.01663 1.80615 1.93622 1.67609 1.07844 0.113378 0.130065 0.036848 0.00666334
0.0881971 3.09928 3.2095 2.98905 1.78303 1.91121 1.65484 1.06668 0.110226 0.128184 0.0361135 0.00656192
0.0906934 3.0685 3.1756 2.9614 1.75974 1.88603 1.63346 1.05488 0.107101 0.126286 0.0353721 0.00646007
0.0932603 3.03768 3.14168 2.93368 1.73629 1.86066 1.61192 1.04302 0.104004 0.124372 0.0346245 0.00635782
0.0958999 3.00679 3.10773 2.90586 1.71266 1.8351 1.59022 1.03111 0.100935 0.12244 0.0338714 0.00625516
0.0986142 2.97584 3.07373 2.87794 1.68885 1.80934 1.56836 1.01914 0.0978968 0.120492 0.0331133 0.00615212
0.101405 2.9448 3.03969 2.84991 1.66486 1.78339 1.54633 1.00712 0.0948908 0.118528 0.0323512 0.00604871
0.104275 2.91367 3.00559 2.82175 1.64068 1.75722 1.52413 0.995033 0.0919184 0.116547 0.0315855 0.00594494
0.107227 2.88244 2.97142 2.79346 1.6163 1.73085 1.50175 0.982881 0.088981 0.114552 0.0308172 0.00584085
0.110262 2.8511 2.93718 2.76502 1.59173 1.70427 1.47919 0.970663 0.0860801 0.112541 0.0300469 0.00573643
0.113382 2.81963 2.90285 2.73641 1.56694 1.67746 1.45643 0.958374 0.0832173 0.110515 0.0292754 0.00563171
0.116591 2.78803 2.86842 2.70764 1.54195 1.65043 1.43348 0.946013 0.0803937 0.108475 0.0285034 0.00552671
0.119891 2.75629 2.8339 2.67868 1.51675 1.62317 1.41032 0.933575 0.0776109 0.106422 0.0277316 0.00542146
0.123285 2.72438 2.79925 2.64951 1.49133 1.59568 1.38697 0.921059 0.0748701 0.104355 0.0269609 0.00531598
0.126774 2.69229 2.76446 2.62012 1.46568 1.56796 1.36341 0.908461 0.0721726 0.102275 0.0261919 0.00521029
0.130362 2.66001 2.72953 2.59049 1.43982 1.54 1.33963 0.89578 0.0695197 0.100184 0.0254254 0.00510442
0.134052 2.62754 2.69445 2.56063 1.41372 1.5118 1.31564 0.883012 0.0669124 0.0980806 0.0246622 0.00499839
0.137846 2.59484 2.6592 2.53049 1.38739 1.48336 1.29143 0.870156 0.0643521 0.0959669 0.0239029 0.00489225
0.141747 2.56191 2.62375 2.50007 1.36083 1.45468 1.26699 0.857208 0.0618397 0.0938434 0.0231483 0.00478601
0.145759 2.52873 2.58811 2.46936 1.33405 1.42576 1.24234 0.844168 0.0593762 0.0917106 0.0223992 0.00467972
0.149885 2.49529 2.55225 2.43832 1.30701 1.39658 1.21744 0.831032 0.0569627 0.0895697 0.0216561 0.0045734
0.154127 2.46156 2.51616 2.40696 1.27975 1.36717 1.19233 0.817799 0.0546 0.0874213 0.0209198 0.0044671
0.158489 2.42753 2.47982 2.37524 1.25226 1.33752 1.16699 0.804467 0.052289 0.0852665 0.020191 0.00436086
0.162975 2.39318 2.44321 2.34315 1.22453 1.30764 1.14142 0.791035 0.0500304 0.0831063 0.0194703 0.00425471
0.167588 2.3585 2.40632 2.31067 1.19656 1.27751 1.11562 0.777502 0.0478249 0.0809418 0.0187583 0.00414871
0.172331 2.32345 2.36912 2.27777 1.16837 1.24715 1.0896 0.763866 0.0456732 0.078774 0.0180556 0.00404289
0.177209 2.28802 2.3316 2.24445 1.13995 1.21656 1.06335 0.750127 0.0435758 0.0766041 0.0173629 0.00393731
0.182224 2.25221 2.29374 2.21067 1.11132 1.18575 1.03689 0.736285 0.0415333 0.0744334 0.0166808 0.00383202
0.187382 2.21596 2.25551 2.17642 1.08247 1.15473 1.0102 0.72234 0.0395459 0.0722631 0.0160096 0.00372706
0.192685 2.17928 2.21689 2.14167 1.05341 1.1235 0.983314 0.708291 0.0376141 0.0700945 0.0153501 0.00362251
0.198139 2.14214 2.17788 2.1064 1.02416 1.09208 0.956227 0.69414 0.0357381 0.0679289 0.0147026 0.00351841
0.203747 2.10452 2.13844 2.0706 0.994714 1.06048 0.928946 0.679888 0.0339182 0.065768 0.0140676 0.00341483
0.209514 2.06638 2.09854 2.03423 0.965097 1.02871 0.901484 0.665536 0.0321543 0.0636131 0.0134456 0.00331182
0.215443 2.02773 2.05817 1.99728 0.935318 0.996784 0.873852 0.651086 0.0304466 0.0614658 0.012837 0.00320947
0.221541 1.98852 2.01732 1.95973 0.905394 0.964721 0.846066 0.636541 0.0287949 0.0593276 0.0122421 0.00310783
0.227812 1.94874 1.97594 1.92154 0.875341 0.932541 0.818141 0.621904 0.0271993 0.0572003 0.0116613 0.00300699
0.234259 1.90837 1.93403 1.88271 0.845182 0.900267 0.790096 0.607179 0.0256594 0.0550855 0.011095 0.00290701
0.24089 1.86738 1.89156 1.84321 0.814937 0.867922 0.761952 0.59237 0.024175 0.052985 0.0105434 0.00280797
0.247708 1.82576 1.84851 1.80302 0.784634 0.835534 0.733733 0.577482 0.0227459 0.0509005 0.0100068 0.00270995
0.254719 1.78348 1.80486 1.76211 0.754301 0.803135 0.705468 0.562519 0.0213715 0.0488339 0.00948541 0.00261304
0.261928 1.74054 1.76059 1.72049 0.723972 0.770759 0.677185 0.54749 0.0200515 0.046787 0.00897946 0.00251731
0.269341 1.69691 1.71569 1.67812 0.693685 0.738446 0.648923 0.5324 0.0187852 0.0447619 0.00848911 0.00242285
0.276965 1.65256 1.67014 1.63499 0.663488 0.706248 0.620727 0.517257 0.0175721 0.0427603 0.0080145 0.00232974
0.284804 1.60751 1.62392 1.5911 0.633442 0.674226 0.592657 0.502069 0.0164114 0.0407844 0.00755573 0.00223805
0.292864 1.56174 1.57704 1.54643 0.603647 0.642483 0.564811 0.486847 0.0153026 0.038836 0.00711288 0.00214786
0.301153 1.51522 1.52947 1.50098 0.574345 0.611262 0.537428 0.471601 0.0142446 0.0369172 0.00668595 0.00205919
0.309677 1.46756 1.4808 1.45432 0.54922 0.58425 0.51419 0.456345 0.0132365 0.0350299 0.00627477 0.00197191
0.318442 1.42515 1.43802 1.41229 0.529486 0.563808 0.495165 0.450579 0.0128655 0.0343214 0.00612112 0.00193721
0.321833 1.40765 1.42015 1.39514 0.518677 0.552302 0.485052 0.444874 0.0125053 0.0336252 0.00597129 0.00190307
0.325224 1.39023 1.40238 1.37807 0.50802 0.540961 0.475079 0.439228 0.0121555 0.0329411 0.00582516 0.00186947
0.328614 1.37289 1.38471 1.36108 0.497515 0.529784 0.465246 0.433642 0.0118158 0.0322688 0.00568263 0.00183639
0.332005 1.35565 1.36714 1.34416 0.487159 0.518767 0.455551 0.428114 0.0114858 0.0316082 0.00554362 0.00180384
0.335396 1.33849 1.34966 1.32733 0.476952 0.507911 0.445992 0.422645 0.0111652 0.0309591 0.00540801 0.0017718
0.338787 1.32142 1.33227 1.31056 0.466892 0.497213 0.436571 0.417233 0.0108538 0.0303212 0.00527573 0.00174027
0.342178 1.30443 1.31498 1.29388 0.456979 0.486674 0.427285 0.411877 0.0105512 0.0296945 0.00514668 0.00170923
0.345569 1.28753 1.29778 1.27727 0.447211 0.47629 0.418133 0.406578 0.0102573 0.0290788 0.00502077 0.00167868
0.348959 1.27071 1.28068 1.26074 0.437588 0.466062 0.409114 0.401334 0.0099716 0.0284738 0.00489793 0.0016486
0.35235 1.25397 1.26367 1.24428 0.428108 0.455988 0.400229 0.396145 0.00969399 0.0278794 0.00477806 0.001619
0.355741 1.23733 1.24675 1.2279 0.41877 0.446065 0.391475 0.391011 0.00942419 0.0272955 0.0046611 0.00158986
0.359132 1.22076 1.22992 1.2116 0.409573 0.436295 0.382851 0.38593 0.00916196 0.0267218 0.00454695 0.00156117
0.362523 1.20428 1.21318 1.19537 0.400516 0.426674 0.374358 0.380903 0.00890707 0.0261582 0.00443556 0.00153293
0.365914 1.18788 1.19654 1.17922 0.391599 0.417203 0.365994 0.375928 0.0086593 0.0256045 0.00432685 0.00150513
0.369305 1.17157 1.17998 1.16315 0.382819 0.407879 0.357758 0.371005 0.00841843 0.0250607 0.00422075 0.00147776
0.372695 1.15534 1.16352 1.14715 0.374176 0.398702 0.349649 0.366134 0.00818425 0.0245265 0.00411719 0.00145082
0.376086 1.13919 1.14714 1.13123 0.365669 0.389671 0.341667 0.361314 0.00795657 0.0240017 0.0040161 0.0014243
0.379477 1.12313 1.13086 1.11539 0.357297 0.380783 0.33381 0.356545 0.00773518 0.0234863 0.00391742 0.00139818
0.382868 1.10715 1.11467 1.09963 0.349059 0.372039 0.326079 0.351825 0.00751991 0.0229801 0.0038211 0.00137247
0.386259 1.09126 1.09857 1.08395 0.340953 0.363436 0.31847 0.347155 0.00731056 0.0224829 0.00372706 0.00134716
0.38965 1.07545 1.08256 1.06834 0.33298 0.354975 0.310985 0.342533 0.00710698 0.0219947 0.00363525 0.00132224
0.39304 1.05973 1.06664 1.05282 0.325138 0.346653 0.303623 0.33796 0.00690898 0.0215152 0.00354562 0.00129771
0.396431 1.04409 1.05081 1.03738 0.317425 0.338469 0.29638 0.333435 0.0067164 0.0210443 0.0034581 0.00127356
0.399822 1.02855 1.03508 1.02202 0.309841 0.330422 0.289259 0.328957 0.00652908 0.0205819 0.00337265 0.00124977
0.403213 1.01309 1.01944 1.00674 0.302384 0.322512 0.282257 0.324526 0.00634688 0.0201279 0.00328922 0.00122636
0.406604 0.997718 1.00389 0.991548 0.295055 0.314737 0.275373 0.320142 0.00616964 0.0196821 0.00320775 0.0012033
0.409995 0.982434 0.988431 0.976436 0.28785 0.307095 0.268606 0.315803 0.00599722 0.0192444 0.00312819 0.0011806
0.413385 0.967238 0.973067 0.961408 0.280771 0.299586 0.261957 0.31151 0.00582949 0.0188147 0.0030505 0.00115826
0.416776 0.952134 0.957801 0.946468 0.273815 0.292208 0.255422 0.307261 0.0056663 0.0183928 0.00297463 0.00113625
0.420167 0.937124 0.942632 0.931616 0.266982 0.28496 0.249003 0.303057 0.00550753 0.0179787 0.00290053 0.00111459
0.423558 0.922206 0.927559 0.916853 0.26027 0.277842 0.242698 0.298896 0.00535305 0.0175721 0.00282817 0.00109325
0.426949 0.907376 0.912578 0.902173 0.253678 0.270851 0.236505 0.294779 0.00520275 0.0171731 0.00275749 0.00107225
0.43034 0.892643 0.8977 0.887587 0.247206 0.263987 0.230425 0.290705 0.00505649 0.0167814 0.00268846 0.00105157
0.43373 0.878003 0.882918 0.873089 0.240852 0.257249 0.224455 0.286673 0.00491418 0.016397 0.00262104 0.00103121
0.437121 0.863459 0.868235 0.858683 0.234615 0.250635 0.218595 0.282684 0.00477569 0.0160198 0.00255519 0.00101116
0.440512 0.849011 0.853652 0.844371 0.228494 0.244143 0.212844 0.278736 0.00464092 0.0156496 0.00249087 0.000991422
0.443903 0.834661 0.83917 0.830151 0.222488 0.237774 0.207202 0.274828 0.00450977 0.0152863 0.00242804 0.000971988
0.447294 0.820408 0.82479 0.816026 0.216596 0.231526 0.201666 0.270962 0.00438214 0.0149298 0.00236667 0.000952853
0.450685 0.806255 0.810513 0.801997 0.210817 0.225397 0.196237 0.267136 0.00425793 0.0145801 0.00230672 0.000934013
0.454075 0.792201 0.796338 0.788064 0.205149 0.219386 0.190912 0.263349 0.00413704 0.0142369 0.00224816 0.000915464
0.457466 0.77825 0.782269 0.77423 0.199592 0.213492 0.185692 0.259601 0.00401938 0.0139003 0.00219096 0.000897202
0.460857 0.7644 0.768305 0.760495 0.194144 0.207714 0.180574 0.255893 0.00390487 0.0135701 0.00213508 0.000879222
0.464248 0.750655 0.754448 0.746861 0.188805 0.202051 0.175559 0.252222 0.00379342 0.0132462 0.00208049 0.000861521
0.467639 0.737013 0.740698 0.733328 0.183572 0.196501 0.170644 0.24859 0.00368494 0.0129284 0.00202716 0.000844093
0.47103 0.723477 0.727057 0.719898 0.178446 0.191063 0.165829 0.244995 0.00357935 0.0126168 0.00197507 0.000826936
0.47442 0.710049 0.713525 0.706572 0.173424 0.185736 0.161113 0.241437 0.00347658 0.0123113 0.00192417 0.000810046
0.477811 0.696727 0.700104 0.693351 0.168507 0.180518 0.156495 0.237916 0.00337655 0.0120116 0.00187446 0.000793417
0.481202 0.683515 0.686795 0.680236 0.163691 0.175409 0.151974 0.234431 0.00327918 0.0117178 0.00182588 0.000777048
0.484593 0.670414 0.673598 0.667229 0.158977 0.170407 0.147547 0.230982 0.00318441 0.0114296 0.00177844 0.000760934
0.487984 0.657423 0.660515 0.65433 0.154363 0.16551 0.143216 0.227568 0.00309216 0.0111472 0.00173208 0.000745071
0.491375 0.644544 0.647547 0.641542 0.149848 0.160718 0.138978 0.224189 0.00300236 0.0108703 0.00168679 0.000729457
0.494765 0.63178 0.634694 0.628865 0.14543 0.156029 0.134832 0.220845 0.00291496 0.0105989 0.00164255 0.000714087
0.498156 0.61913 0.62196 0.6163 0.14111 0.151443 0.130777 0.217536 0.00282988 0.0103328 0.00159933 0.000698959
0.501547 0.606595 0.609342 0.603848 0.136885 0.146957 0.126813 0.21426 0.00274707 0.0100721 0.00155711 0.000684068
0.504938 0.594178 0.596844 0.591512 0.132753 0.14257 0.122937 0.211017 0.00266646 0.00981654 0.00151587 0.000669413
0.508329 0.581879 0.584467 0.579291 0.128715 0.138282 0.119149 0.207808 0.00258799 0.00956614 0.00147557 0.000654989
0.51172 0.569699 0.572211 0.567188 0.124769 0.134089 0.115448 0.204631 0.00251162 0.0093208 0.00143621 0.000640794
0.51511 0.55764 0.560077 0.555203 0.120913 0.129993 0.111832 0.201487 0.00243728 0.00908042 0.00139776 0.000626824
0.518501 0.545702 0.548067 0.543337 0.117146 0.125991 0.108301 0.198374 0.00236492 0.00884494 0.00136019 0.000613077
0.521892 0.533886 0.536181 0.531592 0.113468 0.122082 0.104853 0.195294 0.00229449 0.00861427 0.0013235 0.000599549
0.525283 0.522194 0.52442 0.519968 0.109876 0.118264 0.101488 0.192244 0.00222594 0.00838833 0.00128766 0.000586238
0.528674 0.510627 0.512786 0.508468 0.10637 0.114537 0.0982031 0.189226 0.00215923 0.00816706 0.00125264 0.000573142
0.532065 0.499186 0.50128 0.497091 0.102949 0.110899 0.0949984 0.186238 0.00209429 0.00795037 0.00121845 0.000560256
0.535455 0.487871 0.489902 0.48584 0.0996101 0.107348 0.0918719 0.183281 0.00203109 0.0077382 0.00118504 0.000547579
0.538846 0.476684 0.478654 0.474714 0.0963539 0.103884 0.0888234 0.180353 0.00196957 0.00753046 0.00115241 0.000535108
0.542237 0.465626 0.467536 0.463717 0.093178 0.100505 0.0858509 0.177455 0.00190971 0.00732709 0.00112055 0.00052284
0.545628 0.454699 0.45655 0.452847 0.090082 0.09721 0.082954 0.174587 0.00185145 0.00712802 0.00108942 0.000510773
0.549019 0.443902 0.445696 0.442107 0.0870638 0.093997 0.0801306 0.171748 0.00179476 0.00693318 0.00105903 0.000498905
0.55241 0.433236 0.434976 0.431497 0.0841232 0.0908657 0.0773807 0.168937 0.00173958 0.00674249 0.00102934 0.000487232
0.5558 0.422703 0.424389 0.421018 0.0812581 0.087814 0.0747022 0.166155 0.0016859 0.0065559 0.00100035 0.000475752
0.559191 0.412304 0.413938 0.41067 0.0784677 0.084841 0.0720943 0.1634 0.00163365 0.00637332 0.000972042 0.000464464
0.562582 0.402039 0.403622 0.400457 0.0757506 0.0819453 0.0695558 0.160674 0.00158282 0.00619471 0.000944399 0.000453364
0.565973 0.39191 0.393443 0.390377 0.0731056 0.0791255 0.0670856 0.157976 0.00153336 0.00601999 0.000917407 0.000442451
0.569364 0.381917 0.383402 0.380431 0.0705315 0.0763806 0.0646824 0.155304 0.00148524 0.00584909 0.000891052 0.000431723
0.572755 0.37206 0.373498 0.370621 0.068027 0.073709 0.0623451 0.15266 0.00143842 0.00568196 0.000865322 0.000421176
0.576146 0.362341 0.363734 0.360948 0.0655911 0.0711097 0.0600726 0.150043 0.00139288 0.00551853 0.000840202 0.00041081
0.579536 0.35276 0.354108 0.351411 0.0632224 0.0685812 0.0578637 0.147452 0.00134857 0.00535874 0.000815679 0.000400621
0.582927 0.343318 0.344623 0.342012 0.0609198 0.0661223 0.0557173 0.144888 0.00130547 0.00520253 0.00079174 0.000390608
0.586318 0.334015 0.335279 0.332752 0.058682 0.0637319 0.0536322 0.142349 0.00126355 0.00504984 0.000768374 0.000380769
0.589709 0.324853 0.326076 0.32363 0.0565079 0.0614085 0.0516072 0.139837 0.00122278 0.00490061 0.000745568 0.000371101
0.5931 0.315831 0.317014 0.314648 0.0543961 0.0591509 0.0496413 0.13735 0.00118312 0.00475479 0.00072331 0.000361603
0.596491 0.306951 0.308095 0.305806 0.0523457 0.056958 0.0477334 0.134889 0.00114456 0.0046123 0.000701589 0.000352274
0.599881 0.298212 0.299319 0.297105 0.0503553 0.0548284 0.0458822 0.132453 0.00110706 0.00447311 0.000680393 0.00034311
0.603272 0.289615 0.290686 0.288544 0.0484238 0.052761 0.0440867 0.130042 0.00107059 0.00433714 0.000659711 0.00033411
0.606663 0.28116 0.282195 0.280125 0.04655 0.0507544 0.0423457 0.127655 0.00103514 0.00420435 0.000639533 0.000325272
0.610054 0.272848 0.273849 0.271848 0.0447328 0.0488075 0.0406582 0.125294 0.00100067 0.00407468 0.000619848 0.000316595
0.613445 0.264679 0.265646 0.263712 0.0429711 0.0469192 0.039023 0.122957 0.000967163 0.00394808 0.000600645 0.000308076
0.616836 0.256653 0.257588 0.255719 0.0412635 0.045088 0.037439 0.120644 0.000934592 0.00382449 0.000581915 0.000299714
0.620226 0.248771 0.249674 0.247868 0.0396091 0.043313 0.0359052 0.118355 0.000902935 0.00370387 0.000563648 0.000291507
0.623617 0.241032 0.241904 0.24016 0.0380067 0.0415928 0.0344205 0.116091 0.000872169 0.00358615 0.000545834 0.000283454
0.627008 0.233437 0.234279 0.232594 0.0364551 0.0399264 0.0329838 0.11385 0.000842271 0.00347129 0.000528464 0.000275552
0.630399 0.225984 0.226798 0.225171 0.0349533 0.0383125 0.0315941 0.111633 0.00081322 0.00335924 0.000511528 0.000267801
0.63379 0.218676 0.219461 0.217891 0.0335001 0.0367501 0.0302502 0.109439 0.000784996 0.00324995 0.000495018 0.000260197
0.637181 0.211512 0.212269 0.210754 0.0320945 0.0352379 0.0289511 0.107269 0.000757577 0.00314337 0.000478925 0.00025274
0.640571 0.20449 0.205221 0.203759 0.0307353 0.0337748 0.0276959 0.105122 0.000730943 0.00303945 0.000463241 0.000245429
0.643962 0.197611 0.198316 0.196906 0.0294216 0.0323597 0.0264835 0.102998 0.000705076 0.00293814 0.000447956 0.000238261
0.647353 0.190875 0.191555 0.190195 0.0281522 0.0309916 0.0253128 0.100897 0.000679956 0.0028394 0.000433062 0.000231235
0.650744 0.184281 0.184937 0.183626 0.0269261 0.0296692 0.0241829 0.0988189 0.000655565 0.00274317 0.000418553 0.000224349
0.654135 0.17783 0.178462 0.177198 0.0257422 0.0283916 0.0230927 0.0967637 0.000631884 0.00264942 0.000404419 0.000217602
0.657526 0.171521 0.17213 0.170912 0.0245995 0.0271576 0.0220414 0.0947312 0.000608897 0.0025581 0.000390653 0.000210992
0.660916 0.165352 0.165938 0.164765 0.023497 0.0259661 0.0210278 0.0927212 0.000586585 0.00246917 0.000377248 0.000204518
0.664307 0.159324 0.159889 0.158759 0.0224337 0.0248162 0.0200511 0.0907338 0.000564932 0.00238257 0.000364195 0.000198178
0.667698 0.153436 0.15398 0.152893 0.0214085 0.0237068 0.0191103 0.0887687 0.000543923 0.00229826 0.000351489 0.000191971
0.671089 0.147688 0.148212 0.147164 0.0204206 0.0226368 0.0182044 0.086826 0.00052354 0.00221621 0.000339121 0.000185895
0.67448 0.142078 0.142582 0.141574 0.019469 0.0216053 0.0173326 0.0849055 0.000503769 0.00213637 0.000327086 0.000179949
0.677871 0.136606 0.13709 0.136121 0.0185526 0.0206113 0.0164939 0.0830072 0.000484595 0.0020587 0.000315375 0.000174131
0.681261 0.131271 0.131737 0.130805 0.0176706 0.0196537 0.0156874 0.0811311 0.000466001 0.00198316 0.000303983 0.00016844
0.684652 0.126072 0.12652 0.125624 0.016822 0.0187317 0.0149123 0.079277 0.000447975 0.0019097 0.000292902 0.000162875
0.688043 0.121008 0.121438 0.120577 0.0160058 0.0178441 0.0141675 0.0774449 0.000430502 0.00183829 0.000282127 0.000157434
0.691434 0.116078 0.116492 0.115665 0.0152213 0.0169902 0.0134524 0.0756347 0.000413569 0.00176888 0.000271651 0.000152115
0.694825 0.111281 0.111678 0.110884 0.0144675 0.0161689 0.0127661 0.0738464 0.000397161 0.00170144 0.000261469 0.000146917
0.698216 0.106616 0.106997 0.106235 0.0137435 0.0153794 0.0121076 0.07208 0.000381266 0.00163593 0.000251573 0.000141839
0.701606 0.102082 0.102448 0.101716 0.0130485 0.0146208 0.0114762 0.0703354 0.000365871 0.00157232 0.000241958 0.00013688
0.704997 0.0976768 0.0980278 0.0973259 0.0123816 0.0138921 0.010871 0.0686126 0.000350964 0.00151055 0.000232619 0.000132037
0.708388 0.0934001 0.0937367 0.0930636 0.011742 0.0131926 0.0102914 0.0669116 0.000336532 0.0014506 0.000223549 0.00012731
0.711779 0.0892501 0.0895727 0.0889275 0.0111288 0.0125213 0.00973641 0.0652322 0.000322564 0.00139243 0.000214744 0.000122697
0.71517 0.0852254 0.0855344 0.0849163 0.0105414 0.0118774 0.00920539 0.0635746 0.000309047 0.001336 0.000206196 0.000118197
0.718561 0.0813248 0.0816208 0.0810288 0.00997876 0.01126 0.00869749 0.0619387 0.000295971 0.00128127 0.000197902 0.000113808
0.721951 0.0775461 0.0778294 0.0772628 0.00944022 0.0106684 0.008212 0.0603244 0.000283325 0.00122822 0.000189856 0.000109529
0.725342 0.0738887 0.0741598 0.0736176 0.00892503 0.0101018 0.00774822 0.0587317 0.000271097 0.00117681 0.000182052 0.000105359
0.728733 0.07035 0.0706093 0.0700907 0.0084324 0.0095594 0.0073054 0.0571607 0.000259276 0.001127 0.000174486 0.000101296
0.732124 0.066929 0.0671769 0.0666811 0.00796161 0.00904037 0.00688286 0.0556113 0.000247854 0.00107875 0.000167152 9.73388e-05
0.735515 0.0636238 0.0638606 0.0633869 0.00751196 0.00854401 0.00647992 0.0540836 0.000236818 0.00103205 0.000160046 9.34862e-05
0.738906 0.0604326 0.0606588 0.0602065 0.00708274 0.00806958 0.00609589 0.0525774 0.000226161 0.000986842 0.000153162 8.97366e-05
0.742296 0.0573537 0.0575695 0.0571378 0.00667324 0.00761634 0.00573013 0.0510929 0.000215871 0.000943106 0.000146496 8.60888e-05
0.745687 0.0543851 0.0545911 0.0541792 0.00628279 0.0071836 0.00538198 0.0496299 0.000205939 0.000900809 0.000140044 8.25413e-05
0.749078 0.0515251 0.0517215 0.0513287 0.00591073 0.00677065 0.00505082 0.0481886 0.000196357 0.000859918 0.0001338 7.90928e-05
0.752469 0.0487717 0.0489588 0.0485846 0.00555642 0.00637682 0.00473602 0.0467689 0.000187114 0.000820401 0.000127761 7.5742e-05
0.75586 0.0461229 0.0463011 0.0459447 0.00521922 0.00600144 0.00443699 0.0453709 0.000178203 0.000782229 0.000121921 7.24873e-05
0.759251 0.0435768 0.0437464 0.0434072 0.0048985 0.00564387 0.00415313 0.0439944 0.000169614 0.00074537 0.000116276 6.93275e-05
0.762641 0.0411313 0.0412926 0.0409699 0.00459368 0.00530347 0.00388388 0.0426396 0.000161339 0.000709794 0.000110822 6.62612e-05
0.766032 0.0387844 0.0389377 0.038631 0.00430414 0.00497962 0.00362867 0.0413065 0.00015337 0.000675473 0.000105554 6.32869e-05
0.769423 0.0365339 0.0366796 0.0363882 0.00402933 0.0046717 0.00338695 0.039995 0.000145698 0.000642376 0.00010047 6.04034e-05
0.772814 0.0343779 0.0345162 0.0342396 0.00376866 0.00437914 0.00315819 0.0387051 0.000138316 0.000610475 9.5563e-05 5.76092e-05
0.776205 0.0323141 0.0324453 0.0321829 0.00352161 0.00410135 0.00294187 0.037437 0.000131216 0.000579741 9.08307e-05 5.4903e-05
0.779596 0.0303404 0.0304648 0.030216 0.00328762 0.00383777 0.00273748 0.0361905 0.00012439 0.000550147 8.62686e-05 5.22833e-05
0.782986 0.0284547 0.0285725 0.0283369 0.00306619 0.00358785 0.00254452 0.0349657 0.000117831 0.000521664 8.18729e-05 4.97488e-05
0.786377 0.0266547 0.0267662 0.0265432 0.00285679 0.00335105 0.00236252 0.0337626 0.000111531 0.000494266 7.76396e-05 4.72981e-05
0.789768 0.0249382 0.0250437 0.0248328 0.00265894 0.00312686 0.00219101 0.0325813 0.000105483 0.000467925 7.35648e-05 4.49297e-05
0.793159 0.0233031 0.0234028 0.0232034 0.00247215 0.00291477 0.00202954 0.0314216 9.968e-05 0.000442616 6.96448e-05 4.26424e-05
0.79655 0.0217471 0.0218412 0.021653 0.00229596 0.00271427 0.00187765 0.0302837 9.41156e-05 0.00041831 6.58759e-05 4.04346e-05
0.799941 0.0202679 0.0203567 0.0201791 0.00212992 0.0025249 0.00173494 0.0291676 8.87827e-05 0.000394984 6.22544e-05 3.8305e-05
0.803332 0.0188634 0.0189471 0.0187798 0.00197357 0.00234619 0.00160096 0.0280732 8.36748e-05 0.000372611 5.87767e-05 3.62522e-05
0.806722 0.0175313 0.0176101 0.0174525 0.0018265 0.00217767 0.00147534 0.0270005 7.87853e-05 0.000351166 5.54391e-05 3.42748e-05
0.810113 0.0162693 0.0163434 0.0161952 0.00168828 0.00201891 0.00135766 0.0259497 7.41079e-05 0.000330625 5.22382e-05 3.23713e-05
0.813504 0.0150752 0.0151448 0.0150056 0.00155851 0.00186948 0.00124755 0.0249205 6.96364e-05 0.000310963 4.91705e-05 3.05404e-05
0.816895 0.0139468 0.0140122 0.0138814 0.00143681 0.00172896 0.00114465 0.0239132 6.53647e-05 0.000292156 4.62325e-05 2.87806e-05
0.820286 0.0128818 0.0129431 0.0128205 0.00132278 0.00159696 0.0010486 0.0229276 6.12867e-05 0.00027418 4.34209e-05 2.70905e-05
0.823677 0.0118781 0.0119355 0.0118207 0.00121606 0.00147307 0.000959047 0.0219638 5.73968e-05 0.000257011 4.07322e-05 2.54688e-05
0.827067 0.0109334 0.0109871 0.0108797 0.0011163 0.00135692 0.00087567 0.0210217 5.36889e-05 0.000240627 3.81633e-05 2.39139e-05
0.830458 0.0100455 0.0100957 0.00999535 0.00102315 0.00124815 0.000798143 0.0201014 5.01576e-05 0.000225006 3.57108e-05 2.24244e-05
0.833849 0.00921231 0.00925911 0.00916552 0.000936278 0.0011464 0.000726155 0.0192028 4.67974e-05 0.000210123 3.33715e-05 2.0999e-05
0.83724 0.00843162 0.00847522 0.00838801 0.000855368 0.00105133 0.00065941 0.0183259 4.36026e-05 0.000195958 3.11423e-05 1.96361e-05
0.840631 0.00770133 0.0077419 0.00766076 0.000780108 0.000962596 0.000597619 0.0174707 4.05681e-05 0.000182489 2.90199e-05 1.83344e-05
0.844022 0.00701929 0.00705698 0.00698161 0.000710195 0.000879888 0.000540502 0.0166372 3.76886e-05 0.000169693 2.70014e-05 1.70925e-05
0.847412 0.00638344 0.0064184 0.00634848 0.000645343 0.000802893 0.000487793 0.0158254 3.4959e-05 0.00015755 2.50835e-05 1.59088e-05
0.850803 0.00579173 0.0058241 0.00575935 0.000585274 0.000731313 0.000439235 0.0150352 3.23743e-05 0.000146039 2.32634e-05 1.4782e-05
0.854194 0.00524214 0.00527207 0.00521221 0.000529721 0.000664861 0.000394581 0.0142666 2.99294e-05 0.00013514 2.15379e-05 1.37106e-05
0.857585 0.00473267 0.00476029 0.00470505 0.000478425 0.000603256 0.000353593 0.0135196 2.76196e-05 0.000124832 1.99042e-05 1.26931e-05
0.860976 0.00426138 0.00428682 0.00423594 0.000431139 0.000546234 0.000316045 0.012794 2.544e-05 0.000115095 1.83594e-05 1.17282e-05
0.864367 0.00382634 0.00384972 0.00380295 0.000387626 0.000493536 0.000281717 0.01209 2.33861e-05 0.000105909 1.69005e-05 1.08144e-05
0.867757 0.00342566 0.00344712 0.00340421 0.000347659 0.000444914 0.000250403 0.0114073 2.14532e-05 9.72559e-05 1.55246e-05 9.95023e-06
0.871148 0.00305752 0.00307716 0.00303788 0.000311016 0.000400132 0.000221901 0.0107461 1.96369e-05 8.91156e-05 1.42291e-05 9.13428e-06
0.874539 0.00272012 0.00273805 0.00270218 0.00027749 0.00035896 0.000196021 0.0101061 1.79327e-05 8.14697e-05 1.30111e-05 8.36509e-06
0.87793 0.00241169 0.00242802 0.00239535 0.00024688 0.00032118 0.00017258 0.00948738 1.63362e-05 7.42996e-05 1.18678e-05 7.64123e-06
0.881321 0.00213053 0.00214537 0.00211568 0.000218993 0.00028658 0.000151406 0.0088898 1.48433e-05 6.75872e-05 1.07965e-05 6.96126e-06
0.884712 0.00187496 0.00188841 0.00186151 0.000193647 0.000254961 0.000132333 0.00831331 1.34497e-05 6.13144e-05 9.79459e-06 6.32375e-06
0.888102 0.0016434 0.00165555 0.00163124 0.000170666 0.00022613 0.000115202 0.00775781 1.21513e-05 5.54637e-05 8.85938e-06 5.72725e-06
0.891493 0.00143425 0.00144519 0.0014233 0.000149884 0.000199902 9.98667e-05 0.00722321 1.09441e-05 5.00178e-05 7.98825e-06 5.17033e-06
0.894884 0.00124601 0.00125583 0.00123619 0.000131142 0.000176102 8.61828e-05 0.00670941 9.82418e-06 4.49595e-05 7.17861e-06 4.65157e-06
0.898275 0.00107721 0.00108599 0.00106842 0.000114289 0.000154561 7.40168e-05 0.0062163 8.78762e-06 4.02721e-05 6.42792e-06 4.16953e-06
0.901666 0.000926432 0.000934262 0.000918601 9.9181e-05 0.00013512 6.3242e-05 0.00574377 7.83062e-06 3.5939e-05 5.73364e-06 3.72279e-06
0.905057 0.000792327 0.000799277 0.000785378 8.56819e-05 0.000117626 5.37378e-05 0.00529168 6.94943e-06 3.1944e-05 5.09329e-06 3.30992e-06
0.908447 0.000673585 0.000679725 0.000667444 7.3663e-05 0.000101934 4.53918e-05 0.00485991 6.1404e-06 2.82712e-05 4.50441e-06 2.92952e-06
0.911838 0.000568952 0.000574352 0.000563552 6.3002e-05 8.79068e-05 3.80973e-05 0.00444831 5.3999e-06 2.49047e-05 3.96458e-06 2.58016e-06
0.915229 0.000477233 0.000481958 0.000472509 5.35837e-05 7.5413e-05 3.17544e-05 0.00405674 4.72443e-06 2.18293e-05 3.47138e-06 2.26045e-06
0.91862 0.000397287 0.000401397 0.000393176 4.52993e-05 6.4329e-05 2.62695e-05 0.00368501 4.1105e-06 1.90297e-05 3.02247e-06 1.96898e-06
0.922011 0.000328028 0.000331583 0.000324473 3.80462e-05 5.45373e-05 2.15551e-05 0.00333298 3.55472e-06 1.64911e-05 2.61551e-06 1.70436e-06
0.925402 0.000268426 0.00027148 0.000265372 3.17283e-05 4.59272e-05 1.75295e-05 0.00300044 3.05377e-06 1.41988e-05 2.2482e-06 1.4652e-06
0.928792 0.000217508 0.000220112 0.000214904 2.62554e-05 3.83939e-05 1.41168e-05 0.0026872 2.60436e-06 1.21386e-05 1.91827e-06 1.25013e-06
0.932183 0.000174356 0.000176559 0.000172153 2.15428e-05 3.1839e-05 1.12466e-05 0.00239306 2.20331e-06 1.02962e-05 1.6235e-06 1.05777e-06
0.935574 0.000138108 0.000139955 0.00013626 1.75116e-05 2.61696e-05 8.85367e-06 0.00211778 1.84747e-06 8.65796e-06 1.36168e-06 8.86769e-07
0.938965 0.000107957 0.00010949 0.000106423 1.40884e-05 2.12987e-05 6.87815e-06 0.00186113 1.53379e-06 7.21028e-06 1.13064e-06 7.35776e-07
0.942356 8.31517e-05 8.44109e-05 8.18925e-05 1.12048e-05 1.71447e-05 5.26493e-06 0.00162286 1.25924e-06 5.9399e-06 9.28253e-07 6.03455e-07
0.945747 6.29953e-05 6.40162e-05 6.19744e-05 8.79755e-06 1.36314e-05 3.96373e-06 0.0014027 1.02089e-06 4.83382e-06 7.52424e-07 4.88478e-07
0.949137 4.68451e-05 4.76609e-05 4.60292e-05 6.80814e-06 1.06875e-05 2.92882e-06 0.00120034 8.15859e-07 3.87932e-06 6.01091e-07 3.89536e-07
0.952528 3.41113e-05 3.47526e-05 3.34699e-05 5.1828e-06 8.24675e-06 2.11885e-06 0.00101549 6.41346e-07 3.06395e-06 4.72232e-07 3.05331e-07
0.955919 2.42571e-05 2.47517e-05 2.37625e-05 3.87224e-06 6.24778e-06 1.4967e-06 0.000847806 4.94606e-07 2.37554e-06 3.63861e-07 2.34583e-07
0.95931 1.67969e-05 1.71698e-05 1.64239e-05 2.83144e-06 4.63366e-06 1.02923e-06 0.000696934 3.72961e-07 1.80221e-06 2.74033e-07 1.7603e-07
0.962701 1.12961e-05 1.15699e-05 1.10223e-05 2.01954e-06 3.35191e-06 6.87178e-07 0.000562487 2.73806e-07 1.33237e-06 2.00844e-07 1.28428e-07
0.966092 7.36957e-06 7.56417e-06 7.17496e-06 1.39965e-06 2.35435e-06 4.4495e-07 0.000444046 1.94604e-07 9.54699e-07 1.42433e-07 9.05544e-08
0.969482 4.68111e-06 4.814e-06 4.54822e-06 9.38688e-07 1.5969e-06 2.80478e-07 0.000341157 1.3289e-07 6.58211e-07 9.69837e-08 6.12117e-08
0.972873 2.94277e-06 3.02904e-06 2.85649e-06 6.07303e-07 1.03951e-06 1.75093e-07 0.000253322 8.62772e-08 4.3221e-07 6.27302e-08 3.92272e-08
0.976264 1.91546e-06 1.96792e-06 1.86301e-06 3.79807e-07 6.46141e-07 1.13473e-07 0.000179996 5.24546e-08 2.66334e-07 3.79563e-08 2.34579e-08
0.979655 1.41301e-06 1.44221e-06 1.38382e-06 2.34368e-07 3.84928e-07 8.38086e-08 0.000120574 2.91958e-08 1.5056e-07 2.10026e-08 1.27941e-08
0.983046 1.31962e-06 1.33398e-06 1.30526e-06 1.54009e-07 2.29238e-07 7.87804e-08 7.43884e-05 1.43637e-08 7.52289e-08 1.02716e-08 6.1641e-09
0.986437 1.68544e-06 1.69136e-06 1.67952e-06 1.32344e-07 1.63428e-07 1.01261e-07 4.07205e-05 5.91886e-09 3.10835e-08 4.23387e-09 2.53938e-09
0.989827 4.74878e-06 4.75071e-06 4.74686e-06 2.95473e-07 3.04787e-07 2.86158e-07 1.90069e-05 1.92494e-09 9.31436e-09 1.43218e-09 9.35702e-10
0.993218 8.927e-06 8.92727e-06 8.92673e-06 5.40455e-07 5.42774e-07 5.38137e-07 2.48649e-05 2.72995e-10 2.31859e-09 1.3714e-10 0
4.01075e-314 inf inf inf inf inf inf 0.000906209 5.17433 0.676837 0.369203 0.0340499
