9.72476e-05 3.03989 3.35046 2.72931 1.18653 1.31966 1.0534 1.65103 0.310576 0.133131 0.0143833 0.00701645
0.0001 3.02534 3.33583 2.71484 1.18104 1.31431 1.04776 1.64243 0.310494 0.133272 0.0144326 0.00698395
0.00010283 3.01122 3.32163 2.70081 1.17571 1.30913 1.0423 1.63386 0.310412 0.133413 0.0144828 0.00695155
0.000105741 3.00265 3.31298 2.69232 1.17256 1.30611 1.039 1.62532 0.310329 0.133555 0.0145341 0.00691925
0.000108734 2.98778 3.29803 2.67754 1.16694 1.30064 1.03324 1.6168 0.310246 0.133696 0.0145864 0.00688705
0.000111811 2.97298 3.28315 2.66282 1.16135 1.29519 1.02751 1.60831 0.310163 0.133838 0.0146397 0.00685496
0.000114976 2.95824 3.26832 2.64816 1.15578 1.28976 1.0218 1.59984 0.310079 0.133981 0.0146941 0.00682296
0.00011823 2.94357 3.25356 2.63357 1.15024 1.28436 1.01612 1.5914 0.309995 0.134123 0.0147494 0.00679106
0.000121576 2.92895 3.23886 2.61904 1.14473 1.27899 1.01046 1.58299 0.30991 0.134266 0.0148059 0.00675927
0.000125017 2.9144 3.22423 2.60458 1.13924 1.27365 1.00483 1.5746 0.309825 0.134409 0.0148633 0.00672758
0.000128556 2.89992 3.20966 2.59018 1.13377 1.26832 0.99922 1.56623 0.30974 0.134552 0.0149219 0.00669599
0.000132194 2.8855 3.19515 2.57584 1.12833 1.26303 0.993638 1.5579 0.309654 0.134696 0.0149815 0.00666451
0.000135936 2.87114 3.18071 2.56157 1.12292 1.25776 0.988081 1.54958 0.309568 0.13484 0.0150422 0.00663312
0.000139783 2.85685 3.16633 2.54737 1.11753 1.25252 0.982548 1.5413 0.309482 0.134984 0.015104 0.00660183
0.000143739 2.84261 3.15201 2.53322 1.11217 1.2473 0.977041 1.53303 0.309395 0.135128 0.015167 0.00657066
0.000147808 2.82845 3.13775 2.51914 1.10683 1.2421 0.971557 1.5248 0.309307 0.135272 0.015231 0.00653958
0.000151991 2.81434 3.12356 2.50512 1.10152 1.23693 0.9661 1.51659 0.309219 0.135417 0.0152961 0.0065086
0.000156293 2.80029 3.10942 2.49116 1.09623 1.23179 0.960666 1.5084 0.309131 0.135562 0.0153624 0.00647773
0.000160717 2.78631 3.09535 2.47727 1.09096 1.22667 0.955256 1.50024 0.309042 0.135707 0.0154299 0.00644696
0.000165265 2.77239 3.08134 2.46344 1.08572 1.22158 0.949871 1.49211 0.308952 0.135853 0.0154985 0.00641629
0.000169943 2.75853 3.06739 2.44967 1.08051 1.21651 0.944511 1.484 0.308862 0.135998 0.0155683 0.00638574
0.000174753 2.74473 3.0535 2.43596 1.07532 1.21146 0.939175 1.47591 0.308771 0.136144 0.0156392 0.00635529
0.000179699 2.73099 3.03967 2.42231 1.07015 1.20644 0.933862 1.46785 0.30868 0.136291 0.0157113 0.00632493
0.000184785 2.71732 3.02591 2.40873 1.06501 1.20145 0.928575 1.45982 0.308588 0.136437 0.0157847 0.00629469
0.000190015 2.7037 3.01219 2.3952 1.05989 1.19648 0.92331 1.45181 0.308495 0.136583 0.0158592 0.00626454
0.000195393 2.69014 2.99854 2.38174 1.0548 1.19153 0.918069 1.44383 0.308402 0.13673 0.015935 0.0062345
0.000200923 2.67664 2.98495 2.36833 1.04973 1.18661 0.912853 1.43587 0.308308 0.136877 0.016012 0.00620457
0.00020661 2.6632 2.97142 2.35499 1.04468 1.18171 0.90766 1.42793 0.308214 0.137024 0.0160903 0.00617474
0.000212458 2.64982 2.95794 2.3417 1.03966 1.17683 0.90249 1.42002 0.308119 0.137172 0.0161698 0.00614501
0.000218471 2.63651 2.94453 2.32848 1.03466 1.17198 0.897345 1.41214 0.308023 0.137319 0.0162506 0.0061154
0.000224655 2.62325 2.93118 2.31532 1.02969 1.16716 0.892223 1.40428 0.307926 0.137467 0.0163326 0.00608589
0.000231013 2.61005 2.91787 2.30222 1.02474 1.16235 0.887123 1.39644 0.307829 0.137615 0.016416 0.00605648
0.000237551 2.5969 2.90463 2.28917 1.01981 1.15758 0.882048 1.38863 0.30773 0.137763 0.0165006 0.00602719
0.000244275 2.58382 2.89145 2.27619 1.01491 1.15282 0.876995 1.38085 0.307631 0.137912 0.0165865 0.00599799
0.000251189 2.57079 2.87832 2.26326 1.01003 1.14809 0.871966 1.37309 0.307531 0.13806 0.0166738 0.00596891
0.000258298 2.55782 2.86525 2.25039 1.00517 1.14338 0.86696 1.36535 0.30743 0.138209 0.0167624 0.00593993
0.000265609 2.54491 2.85224 2.23758 1.00033 1.13869 0.861977 1.35764 0.307329 0.138358 0.0168524 0.00591106
0.000273126 2.53205 2.83928 2.22483 0.995523 1.13403 0.857016 1.34995 0.307226 0.138507 0.0169437 0.0058823
0.000280857 2.51926 2.82639 2.21214 0.990735 1.12939 0.852079 1.34229 0.307123 0.138656 0.0170364 0.00585365
0.000288806 2.50652 2.81354 2.1995 0.985969 1.12477 0.847164 1.33465 0.307018 0.138805 0.0171304 0.00582511
0.00029698 2.49384 2.80075 2.18693 0.981226 1.12018 0.842271 1.32703 0.306912 0.138955 0.0172259 0.00579667
0.000305386 2.48121 2.78802 2.17441 0.976507 1.11561 0.837402 1.31944 0.306806 0.139105 0.0173227 0.00576835
0.000314029 2.46864 2.77534 2.16194 0.971809 1.11106 0.832555 1.31188 0.306698 0.139254 0.017421 0.00574012
0.000322917 2.45613 2.76272 2.14954 0.967134 1.10654 0.82773 1.30434 0.30659 0.139404 0.0175207 0.00571201
0.000332057 2.44367 2.75015 2.13719 0.962481 1.10204 0.822927 1.29682 0.30648 0.139554 0.0176218 0.00568401
0.000341455 2.43127 2.73764 2.1249 0.957852 1.09756 0.818147 1.28933 0.306369 0.139704 0.0177244 0.00565613
0.000351119 2.41892 2.72517 2.11266 0.953244 1.0931 0.813389 1.28186 0.306257 0.139855 0.0178284 0.00562835
0.000361057 2.40662 2.71277 2.10048 0.948658 1.08866 0.808653 1.27441 0.306143 0.140005 0.0179339 0.00560068
0.000371276 2.39438 2.70041 2.08836 0.944095 1.08425 0.80394 1.26699 0.306028 0.140156 0.0180409 0.00557313
0.000381784 2.3822 2.68811 2.07629 0.939554 1.07986 0.799248 1.2596 0.305913 0.140306 0.0181494 0.00554568
0.00039259 2.37007 2.67587 2.06428 0.935035 1.07549 0.794578 1.25223 0.305795 0.140457 0.0182594 0.00551834
0.000403702 2.358 2.66367 2.05232 0.930536 1.07114 0.789929 1.24488 0.305677 0.140608 0.0183709 0.00549112
0.000415128 2.34598 2.65153 2.04042 0.926061 1.06682 0.785302 1.23756 0.305557 0.140758 0.018484 0.00546401
0.000426877 2.33401 2.63945 2.02858 0.921607 1.06252 0.780698 1.23026 0.305435 0.140909 0.0185986 0.00543701
0.000438959 2.3221 2.62741 2.01679 0.917175 1.05823 0.776115 1.22298 0.305312 0.14106 0.0187147 0.00541013
0.000451383 2.31024 2.61542 2.00505 0.912764 1.05398 0.771553 1.21573 0.305188 0.141211 0.0188324 0.00538335
0.000464159 2.29843 2.60349 1.99337 0.908375 1.04974 0.767013 1.2085 0.305062 0.141362 0.0189517 0.00535669
0.000477296 2.28667 2.59161 1.98174 0.904007 1.04552 0.762494 1.2013 0.304934 0.141513 0.0190726 0.00533015
0.000490805 2.27497 2.57977 1.97016 0.89966 1.04132 0.757996 1.19412 0.304805 0.141664 0.0191951 0.00530371
0.000504697 2.26332 2.56799 1.95865 0.895335 1.03715 0.75352 1.18696 0.304674 0.141815 0.0193192 0.0052774
0.000518981 2.25172 2.55626 1.94718 0.89103 1.033 0.749064 1.17983 0.304541 0.141966 0.0194449 0.00525119
0.00053367 2.24017 2.54458 1.93577 0.886747 1.02886 0.74463 1.17273 0.304406 0.142117 0.0195722 0.0052251
0.000548775 2.22868 2.53295 1.92441 0.882485 1.02475 0.740217 1.16564 0.30427 0.142268 0.0197012 0.00519912
0.000564307 2.21724 2.52137 1.9131 0.878244 1.02066 0.735824 1.15858 0.304132 0.142419 0.0198319 0.00517327
0.000580278 2.20584 2.50983 1.90185 0.874024 1.01659 0.731453 1.15155 0.303991 0.14257 0.0199642 0.00514752
0.000596702 2.1945 2.49835 1.89065 0.869824 1.01254 0.727103 1.14453 0.303849 0.142721 0.0200982 0.0051219
0.000613591 2.18321 2.48692 1.87951 0.865645 1.00852 0.722773 1.13755 0.303705 0.142872 0.0202339 0.00509638
0.000630957 2.17197 2.47553 1.86841 0.861486 1.00451 0.718463 1.13058 0.303558 0.143023 0.0203712 0.00507099
0.000648815 2.16078 2.46419 1.85737 0.857348 1.00052 0.714175 1.12364 0.30341 0.143173 0.0205103 0.00504571
0.000667179 2.14964 2.4529 1.84638 0.85323 0.996554 0.709907 1.11672 0.303259 0.143324 0.0206511 0.00502055
0.000686062 2.13855 2.44166 1.83544 0.849133 0.992608 0.705659 1.10983 0.303106 0.143474 0.0207937 0.0049955
0.00070548 2.12751 2.43046 1.82456 0.845056 0.988681 0.701432 1.10296 0.30295 0.143625 0.020938 0.00497058
0.000725448 2.11652 2.41931 1.81373 0.841 0.984775 0.697225 1.09612 0.302793 0.143775 0.021084 0.00494577
0.00074598 2.10558 2.40821 1.80294 0.836963 0.980888 0.693038 1.0893 0.302632 0.143925 0.0212318 0.00492107
0.000767094 2.09468 2.39715 1.79221 0.832946 0.977021 0.688871 1.0825 0.302469 0.144075 0.0213813 0.00489651
0.000788805 2.08383 2.38614 1.78153 0.82895 0.973174 0.684725 1.07572 0.302304 0.144225 0.0215327 0.00487205
0.000811131 2.07304 2.37518 1.77091 0.824973 0.969347 0.680599 1.06897 0.302136 0.144374 0.0216858 0.00484772
0.000834088 2.06229 2.36425 1.76033 0.821016 0.965539 0.676493 1.06225 0.301965 0.144523 0.0218407 0.0048235
0.000857696 2.05159 2.35338 1.7498 0.817079 0.961751 0.672406 1.05555 0.301791 0.144673 0.0219974 0.00479941
0.000881971 2.04093 2.34255 1.73932 0.813161 0.957982 0.668339 1.04887 0.301614 0.144821 0.022156 0.00477543
0.000906934 2.03033 2.33176 1.72889 0.809263 0.954233 0.664293 1.04221 0.301435 0.14497 0.0223163 0.00475157
0.000932603 2.01977 2.32102 1.71852 0.805384 0.950503 0.660266 1.03558 0.301252 0.145118 0.0224785 0.00472784
0.000958999 2.00926 2.31033 1.70819 0.801525 0.946791 0.656259 1.02897 0.301066 0.145266 0.0226425 0.00470422
0.000986142 1.99879 2.29967 1.69791 0.797685 0.943099 0.652271 1.02239 0.300877 0.145414 0.0228084 0.00468073
0.00101405 1.98837 2.28905 1.68768 0.793864 0.939425 0.648303 1.01583 0.300685 0.145561 0.0229761 0.00465735
0.00104275 1.978 2.27849 1.67751 0.790062 0.93577 0.644354 1.00929 0.300489 0.145708 0.0231457 0.0046341
0.00107227 1.96767 2.26796 1.66738 0.78628 0.932135 0.640425 1.00278 0.30029 0.145855 0.0233171 0.00461097
0.00110262 1.95739 2.25747 1.6573 0.782516 0.928517 0.636515 0.996295 0.300087 0.146001 0.0234904 0.00458796
0.00113382 1.94715 2.24703 1.64727 0.778771 0.924918 0.632624 0.98983 0.29988 0.146147 0.0236655 0.00456507
0.00116591 1.93696 2.23663 1.63729 0.775045 0.921337 0.628753 0.98339 0.29967 0.146292 0.0238426 0.0045423
0.00119891 1.92681 2.22627 1.62736 0.771338 0.917775 0.624901 0.976974 0.299456 0.146437 0.0240215 0.00451966
0.00123285 1.91671 2.21595 1.61747 0.76765 0.914231 0.621068 0.970582 0.299238 0.146582 0.0242023 0.00449714
0.00126774 1.90665 2.20567 1.60764 0.76398 0.910705 0.617254 0.964213 0.299016 0.146725 0.024385 0.00447474
0.00130362 1.89664 2.19543 1.59785 0.760329 0.907198 0.61346 0.957869 0.298789 0.146869 0.0245695 0.00445247
0.00134052 1.88667 2.18523 1.58811 0.756695 0.903707 0.609684 0.951548 0.298559 0.147012 0.024756 0.00443031
0.00137846 1.87674 2.17507 1.57842 0.753081 0.900235 0.605927 0.945252 0.298324 0.147154 0.0249443 0.00440828
0.00141747 1.86686 2.16494 1.56877 0.749485 0.89678 0.602189 0.93898 0.298084 0.147296 0.0251346 0.00438637
0.00145759 1.85702 2.15486 1.55918 0.745906 0.893343 0.598469 0.932731 0.29784 0.147437 0.0253267 0.00436459
0.00149885 1.84722 2.14481 1.54963 0.742346 0.889923 0.594769 0.926507 0.297591 0.147577 0.0255207 0.00434293
0.00154127 1.83747 2.1348 1.54013 0.738804 0.886521 0.591087 0.920307 0.297337 0.147717 0.0257166 0.00432139
0.00158489 1.82775 2.12483 1.53067 0.735279 0.883135 0.587424 0.914132 0.297079 0.147856 0.0259144 0.00429997
0.00162975 1.81809 2.1149 1.52127 0.731773 0.879767 0.58378 0.90798 0.296815 0.147994 0.0261141 0.00427869
0.00167588 1.80846 2.105 1.51191 0.728285 0.876416 0.580153 0.901852 0.296546 0.148131 0.0263157 0.00425752
0.00172331 1.79887 2.09514 1.50259 0.724814 0.873082 0.576546 0.89575 0.296271 0.148268 0.0265191 0.00423648
0.00177209 1.78932 2.08532 1.49333 0.721361 0.869764 0.572957 0.889671 0.295991 0.148403 0.0267244 0.00421556
0.00182224 1.77982 2.07552 1.48411 0.717925 0.866463 0.569386 0.883616 0.295705 0.148538 0.0269315 0.00419476
0.00187382 1.77035 2.06576 1.47494 0.714506 0.863178 0.565834 0.877586 0.295414 0.148672 0.0271406 0.00417409
0.00192685 1.76092 2.05604 1.46581 0.711105 0.85991 0.5623 0.871581 0.295116 0.148805 0.0273514 0.00415354
0.00198139 1.75154 2.04635 1.45673 0.707721 0.856658 0.558784 0.8656 0.294813 0.148937 0.0275641 0.00413311
0.00203747 1.74219 2.0367 1.44769 0.704354 0.853422 0.555286 0.859643 0.294503 0.149068 0.0277787 0.00411281
0.00209514 1.73289 2.02708 1.4387 0.701005 0.850203 0.551807 0.853712 0.294187 0.149198 0.027995 0.00409263
0.00215443 1.72362 2.01749 1.42976 0.697671 0.846998 0.548345 0.847804 0.293864 0.149327 0.0282131 0.00407258
0.00221541 1.7144 2.00793 1.42086 0.694356 0.84381 0.544901 0.841922 0.293535 0.149454 0.0284331 0.00405265
0.00227812 1.70521 1.99841 1.41201 0.691057 0.840638 0.541476 0.836064 0.293198 0.149581 0.0286548 0.00403284
0.00234259 1.69605 1.98891 1.4032 0.687774 0.83748 0.538068 0.830231 0.292855 0.149706 0.0288782 0.00401315
0.0024089 1.68695 1.97945 1.39444 0.684509 0.834339 0.534679 0.824423 0.292504 0.14983 0.0291034 0.00399359
0.00247708 1.67787 1.97002 1.38573 0.68126 0.831213 0.531308 0.818639 0.292146 0.149952 0.0293303 0.00397415
0.00254719 1.66883 1.96061 1.37705 0.678027 0.828101 0.527953 0.812881 0.29178 0.150074 0.0295589 0.00395483
0.00261928 1.65983 1.95124 1.36842 0.674811 0.825005 0.524618 0.807148 0.291407 0.150194 0.0297892 0.00393563
0.00269341 1.65087 1.94189 1.35984 0.671611 0.821923 0.521299 0.80144 0.291025 0.150312 0.0300212 0.00391656
0.00276965 1.64194 1.93258 1.35131 0.668427 0.818856 0.517998 0.795757 0.290636 0.150429 0.0302547 0.0038976
0.00284804 1.63305 1.92329 1.34281 0.66526 0.815804 0.514716 0.790099 0.290238 0.150544 0.0304899 0.00387877
0.00292864 1.62419 1.91403 1.33436 0.662108 0.812766 0.511451 0.784467 0.289831 0.150657 0.0307266 0.00386006
0.00301153 1.61538 1.90479 1.32596 0.658972 0.809742 0.508203 0.77886 0.289416 0.150769 0.0309649 0.00384147
0.00309677 1.60659 1.89559 1.3176 0.655852 0.806732 0.504973 0.773278 0.288992 0.15088 0.0312046 0.003823
0.00318442 1.59784 1.8864 1.30928 0.652748 0.803736 0.50176 0.767722 0.288558 0.150988 0.0314459 0.00380465
0.00327455 1.58913 1.87724 1.30101 0.649659 0.800754 0.498565 0.762191 0.288115 0.151094 0.0316885 0.00378642
0.00336723 1.58044 1.86811 1.29278 0.646586 0.797786 0.495387 0.756686 0.287663 0.151199 0.0319326 0.0037683
0.00346253 1.5718 1.859 1.2846 0.643529 0.79483 0.492227 0.751207 0.2872 0.151302 0.032178 0.00375031
0.00356053 1.56319 1.84992 1.27646 0.640486 0.791888 0.489084 0.745754 0.286728 0.151402 0.0324248 0.00373243
0.00366131 1.55461 1.84085 1.26836 0.637459 0.78896 0.485958 0.740326 0.286245 0.151501 0.0326728 0.00371467
0.00376494 1.54606 1.83181 1.26031 0.634447 0.786044 0.48285 0.734924 0.285751 0.151597 0.032922 0.00369702
0.0038715 1.53755 1.82279 1.2523 0.63145 0.783141 0.479759 0.729549 0.285247 0.151691 0.0331724 0.00367949
0.00398107 1.52906 1.8138 1.24433 0.628468 0.780251 0.476685 0.7242 0.284732 0.151783 0.0334239 0.00366208
0.00409375 1.52061 1.80482 1.23641 0.625501 0.777373 0.473629 0.718876 0.284205 0.151872 0.0336764 0.00364478
0.00420962 1.5122 1.79586 1.22853 0.622548 0.774507 0.470589 0.71358 0.283667 0.151959 0.03393 0.00362759
0.00432876 1.50381 1.78692 1.22069 0.619611 0.771654 0.467568 0.708309 0.283117 0.152043 0.0341845 0.00361052
0.00445128 1.49545 1.77801 1.2129 0.616687 0.768812 0.464562 0.703065 0.282555 0.152125 0.0344399 0.00359356
0.00457727 1.48712 1.7691 1.20514 0.613778 0.765982 0.461575 0.697848 0.28198 0.152204 0.0346961 0.00357671
0.00470682 1.47883 1.76022 1.19744 0.610884 0.763163 0.458604 0.692657 0.281393 0.15228 0.0349531 0.00355996
0.00484003 1.47056 1.75135 1.18977 0.608003 0.760356 0.45565 0.687493 0.280793 0.152353 0.0352107 0.00354333
0.00497702 1.46232 1.7425 1.18215 0.605136 0.757559 0.452713 0.682356 0.280179 0.152423 0.0354689 0.00352681
0.00511789 1.45412 1.73367 1.17456 0.602283 0.754774 0.449793 0.677246 0.279552 0.15249 0.0357277 0.00351039
0.00526274 1.44594 1.72485 1.16703 0.599445 0.751999 0.44689 0.672163 0.278912 0.152555 0.0359869 0.00349408
0.0054117 1.43779 1.71604 1.15953 0.59662 0.749235 0.444004 0.667107 0.278257 0.152615 0.0362464 0.00347787
0.00556486 1.42966 1.70725 1.15208 0.593808 0.746481 0.441136 0.662078 0.277588 0.152673 0.0365062 0.00346177
0.00572237 1.42157 1.69847 1.14466 0.59101 0.743737 0.438283 0.657077 0.276904 0.152727 0.0367662 0.00344577
0.00588433 1.4135 1.6897 1.13729 0.588226 0.741003 0.435449 0.652103 0.276205 0.152777 0.0370263 0.00342987
0.00605088 1.40546 1.68095 1.12997 0.585455 0.738279 0.432631 0.647157 0.27549 0.152824 0.0372864 0.00341407
0.00622213 1.39744 1.6722 1.12268 0.582696 0.735563 0.429829 0.642238 0.27476 0.152867 0.0375463 0.00339837
0.00639824 1.38945 1.66347 1.11544 0.579952 0.732858 0.427045 0.637347 0.274014 0.152906 0.037806 0.00338276
0.00657933 1.38149 1.65474 1.10824 0.577219 0.73016 0.424278 0.632484 0.273252 0.152941 0.0380653 0.00336725
0.00676555 1.37355 1.64603 1.10108 0.574499 0.727472 0.421527 0.627649 0.272473 0.152972 0.0383242 0.00335184
0.00695704 1.36564 1.63732 1.09396 0.571793 0.724791 0.418794 0.622841 0.271677 0.152999 0.0385826 0.00333652
0.00715394 1.35775 1.62861 1.08689 0.569098 0.72212 0.416077 0.618062 0.270864 0.153021 0.0388402 0.00332129
0.00735642 1.34988 1.61992 1.07985 0.566416 0.719455 0.413376 0.613312 0.270033 0.153039 0.039097 0.00330614
0.00756463 1.34204 1.61123 1.07286 0.563746 0.716799 0.410693 0.608589 0.269184 0.153053 0.0393529 0.00329109
0.00777874 1.33423 1.60254 1.06591 0.561088 0.714149 0.408027 0.603895 0.268317 0.153061 0.0396076 0.00327612
0.0079989 1.32643 1.59386 1.059 0.558442 0.711507 0.405377 0.59923 0.267431 0.153065 0.0398611 0.00326123
0.0082253 1.31866 1.58518 1.05213 0.555808 0.708872 0.402744 0.594593 0.266525 0.153064 0.0401133 0.00324643
0.0084581 1.31091 1.57651 1.04531 0.553185 0.706243 0.400128 0.589985 0.265601 0.153057 0.0403639 0.00323171
0.00869749 1.30318 1.56784 1.03852 0.550575 0.70362 0.397529 0.585406 0.264657 0.153046 0.0406128 0.00321706
0.00894366 1.29547 1.55917 1.03178 0.547975 0.701003 0.394946 0.580856 0.263692 0.153028 0.0408599 0.00320249
0.00919679 1.28779 1.5505 1.02508 0.545386 0.698392 0.392381 0.576335 0.262707 0.153006 0.041105 0.003188
0.00945709 1.28012 1.54182 1.01842 0.542809 0.695786 0.389832 0.571843 0.261701 0.152977 0.0413479 0.00317358
0.00972476 1.27248 1.53315 1.0118 0.540243 0.693185 0.3873 0.56738 0.260674 0.152943 0.0415885 0.00315922
0.01 1.26485 1.52448 1.00523 0.537687 0.690589 0.384785 0.562946 0.259625 0.152902 0.0418265 0.00314494
0.010283 1.25725 1.5158 0.998692 0.535142 0.687997 0.382287 0.558542 0.258555 0.152855 0.0420618 0.00313071
0.0105741 1.24966 1.50712 0.992198 0.532607 0.68541 0.379805 0.554168 0.257462 0.152802 0.0422942 0.00311655
0.0108734 1.24209 1.49844 0.985747 0.530083 0.682826 0.377341 0.549823 0.256346 0.152742 0.0425235 0.00310245
0.0111811 1.23454 1.48975 0.979336 0.527569 0.680245 0.374893 0.545508 0.255207 0.152676 0.0427495 0.00308841
0.0114976 1.22701 1.48106 0.972967 0.525064 0.677667 0.372462 0.541222 0.254045 0.152602 0.0429719 0.00307443
0.011823 1.2195 1.47236 0.96664 0.52257 0.675092 0.370048 0.536966 0.252859 0.152522 0.0431907 0.00306049
0.0121576 1.212 1.46365 0.960353 0.520085 0.672518 0.367651 0.53274 0.251649 0.152434 0.0434055 0.00304661
0.0125017 1.20452 1.45494 0.954108 0.517609 0.669947 0.365271 0.528545 0.250415 0.152338 0.0436162 0.00303277
0.0128556 1.19706 1.44622 0.947906 0.515143 0.667378 0.362908 0.524379 0.249155 0.152235 0.0438225 0.00301898
0.0132194 1.18961 1.43748 0.941744 0.512686 0.66481 0.360562 0.520243 0.24787 0.152124 0.0440242 0.00300522
0.0135936 1.18218 1.42874 0.935624 0.510237 0.662242 0.358232 0.516137 0.24656 0.152005 0.044221 0.00299151
0.0139783 1.17477 1.41999 0.929546 0.507797 0.659675 0.35592 0.512062 0.245224 0.151877 0.0444128 0.00297783
0.0143739 1.16737 1.41123 0.923508 0.505366 0.657107 0.353624 0.508017 0.243862 0.151741 0.0445992 0.00296418
0.0147808 1.15999 1.40246 0.917514 0.502943 0.654539 0.351346 0.504002 0.242473 0.151596 0.04478 0.00295056
0.0151991 1.15262 1.39368 0.91156 0.500528 0.65197 0.349086 0.500018 0.241058 0.151442 0.044955 0.00293697
0.0156293 1.14526 1.38488 0.905648 0.498121 0.6494 0.346842 0.496064 0.239615 0.151279 0.0451239 0.00292339
0.0160717 1.13792 1.37607 0.899779 0.495721 0.646828 0.344615 0.49214 0.238145 0.151107 0.0452864 0.00290984
0.0165265 1.1306 1.36724 0.893951 0.49333 0.644254 0.342405 0.488247 0.236647 0.150924 0.0454423 0.00289631
0.0169943 1.12329 1.35841 0.888164 0.490945 0.641677 0.340213 0.484384 0.235121 0.150732 0.0455913 0.00288278
0.0174753 1.11599 1.34955 0.88242 0.488567 0.639097 0.338038 0.480552 0.233566 0.15053 0.0457331 0.00286926
0.0179699 1.1087 1.34069 0.876718 0.486197 0.636513 0.33588 0.47675 0.231983 0.150317 0.0458675 0.00285575
0.0184785 1.10143 1.3318 0.871058 0.483833 0.633926 0.333739 0.472978 0.230372 0.150093 0.0459941 0.00284224
0.0190015 1.09417 1.3229 0.865441 0.481475 0.631334 0.331617 0.469237 0.228731 0.149858 0.0461126 0.00282873
0.0195393 1.08693 1.31399 0.859865 0.479124 0.628736 0.329511 0.465526 0.227061 0.149613 0.0462229 0.00281521
0.0200923 1.07969 1.30506 0.854332 0.476778 0.626134 0.327423 0.461846 0.225362 0.149355 0.0463245 0.00280168
0.020661 1.07247 1.29611 0.848841 0.474438 0.623525 0.325352 0.458196 0.223633 0.149086 0.0464172 0.00278814
0.0212458 1.06527 1.28714 0.843393 0.472104 0.620909 0.323299 0.454576 0.221875 0.148805 0.0465008 0.00277458
0.0218471 1.05807 1.27816 0.837988 0.469775 0.618286 0.321263 0.450986 0.220086 0.148512 0.0465748 0.002761
0.0224655 1.05089 1.26916 0.832624 0.467451 0.615656 0.319245 0.447427 0.218268 0.148205 0.046639 0.00274739
0.0231013 1.04372 1.26014 0.827304 0.465131 0.613018 0.317245 0.443897 0.216419 0.147886 0.0466931 0.00273375
0.0237551 1.03657 1.25111 0.822027 0.462816 0.61037 0.315262 0.440398 0.21454 0.147554 0.0467368 0.00272008
0.0244275 1.02942 1.24205 0.816793 0.460506 0.607714 0.313298 0.436928 0.212631 0.147208 0.0467698 0.00270637
0.0251189 1.02229 1.23299 0.811602 0.458199 0.605048 0.311351 0.433488 0.210692 0.146848 0.0467918 0.00269262
0.0258298 1.01518 1.2239 0.806454 0.455896 0.602371 0.309422 0.430077 0.208722 0.146474 0.0468025 0.00267882
0.0265609 1.00807 1.21479 0.80135 0.453597 0.599683 0.30751 0.426696 0.206723 0.146086 0.0468016 0.00266497
0.0273126 1.00098 1.20567 0.796288 0.4513 0.596983 0.305617 0.423343 0.204693 0.145683 0.0467889 0.00265106
0.0280857 0.993904 1.19654 0.791271 0.449007 0.594272 0.303742 0.42002 0.202633 0.145265 0.0467639 0.00263709
0.0288806 0.986841 1.18738 0.786298 0.446716 0.591547 0.301885 0.416726 0.200543 0.144831 0.0467265 0.00262306
0.029698 0.979791 1.17821 0.781368 0.444427 0.588809 0.300046 0.41346 0.198423 0.144382 0.0466764 0.00260896
0.0305386 0.972756 1.16903 0.776482 0.442141 0.586057 0.298224 0.410223 0.196274 0.143916 0.0466132 0.00259478
0.0314029 0.965736 1.15983 0.771641 0.439856 0.583291 0.296422 0.407013 0.194096 0.143434 0.0465367 0.00258053
0.0322917 0.958732 1.15062 0.766844 0.437573 0.580508 0.294637 0.403832 0.191888 0.142936 0.0464467 0.00256619
0.0332057 0.951743 1.14139 0.762091 0.435291 0.57771 0.292871 0.400678 0.189651 0.14242 0.0463429 0.00255177
0.0341455 0.94477 1.13216 0.757383 0.433009 0.574896 0.291123 0.397551 0.187387 0.141886 0.046225 0.00253725
0.0351119 0.937814 1.12291 0.75272 0.430729 0.572064 0.289393 0.394451 0.185094 0.141335 0.0460928 0.00252264
0.0361057 0.930875 1.11365 0.748102 0.428448 0.569214 0.287682 0.391377 0.182773 0.140766 0.0459461 0.00250792
0.0371276 0.923954 1.10438 0.743528 0.426168 0.566346 0.285989 0.38833 0.180425 0.140178 0.0457847 0.0024931
0.0381784 0.917051 1.0951 0.739001 0.423886 0.563458 0.284314 0.385309 0.178051 0.139572 0.0456083 0.00247816
0.039259 0.910168 1.08582 0.734518 0.421605 0.560551 0.282659 0.382312 0.17565 0.138946 0.0454168 0.00246311
0.0403702 0.903306 1.07653 0.730082 0.419322 0.557622 0.281021 0.379341 0.173224 0.138301 0.04521 0.00244794
0.0415128 0.896464 1.06724 0.725691 0.417037 0.554673 0.279402 0.376394 0.170773 0.137635 0.0449876 0.00243264
0.0426877 0.889643 1.05794 0.721345 0.414751 0.551701 0.277801 0.373471 0.168298 0.13695 0.0447497 0.00241721
0.0438959 0.882845 1.04864 0.717045 0.412462 0.548706 0.276219 0.370571 0.1658 0.136244 0.044496 0.00240165
0.0451383 0.876071 1.03935 0.712792 0.410172 0.545688 0.274655 0.367694 0.163278 0.135517 0.0442265 0.00238595
0.0464159 0.869321 1.03006 0.708586 0.407877 0.542646 0.273109 0.36484 0.160735 0.134768 0.043941 0.0023701
0.0477296 0.862597 1.02077 0.704425 0.40558 0.539579 0.271582 0.362007 0.158171 0.133998 0.0436394 0.0023541
0.0490805 0.855899 1.01149 0.700312 0.40328 0.536486 0.270073 0.359195 0.155587 0.133207 0.0433218 0.00233795
0.0504697 0.849229 1.00221 0.696245 0.400975 0.533367 0.268582 0.356403 0.152985 0.132392 0.0429881 0.00232164
0.0518981 0.842588 0.992952 0.692224 0.398665 0.530221 0.26711 0.353632 0.150364 0.131555 0.0426382 0.00230516
0.053367 0.835977 0.983703 0.688251 0.396351 0.527047 0.265655 0.350879 0.147726 0.130696 0.0422722 0.00228852
0.0548775 0.829398 0.97447 0.684325 0.394031 0.523844 0.264219 0.348144 0.145072 0.129813 0.0418901 0.0022717
0.0564307 0.822851 0.965255 0.680446 0.391706 0.520612 0.2628 0.345427 0.142404 0.128906 0.0414921 0.00225471
0.0580278 0.816338 0.95606 0.676615 0.389374 0.517349 0.261398 0.342727 0.139723 0.127975 0.0410781 0.00223753
0.0596702 0.80986 0.946889 0.672831 0.387035 0.514056 0.260015 0.340042 0.137029 0.127021 0.0406484 0.00222017
0.0613591 0.803419 0.937744 0.669094 0.38469 0.510731 0.258648 0.337373 0.134325 0.126042 0.0402029 0.00220262
0.0630957 0.797016 0.928627 0.665405 0.382337 0.507375 0.257299 0.334717 0.131611 0.125038 0.0397421 0.00218488
0.0648815 0.790651 0.919541 0.661762 0.379975 0.503984 0.255966 0.332075 0.128889 0.124009 0.0392659 0.00216694
0.0667179 0.784328 0.910489 0.658167 0.377605 0.50056 0.25465 0.329445 0.126161 0.122955 0.0387747 0.0021488
0.0686062 0.778048 0.901476 0.65462 0.375225 0.497101 0.253349 0.326826 0.123428 0.121876 0.0382687 0.00213045
0.070548 0.771811 0.892502 0.65112 0.372836 0.493607 0.252065 0.324217 0.120691 0.120771 0.0377483 0.0021119
0.0725448 0.765619 0.883572 0.647667 0.370436 0.490076 0.250796 0.321617 0.117952 0.11964 0.0372137 0.00209313
0.074598 0.759474 0.874688 0.644261 0.368025 0.486508 0.249542 0.319026 0.115213 0.118483 0.0366653 0.00207415
0.0767094 0.753377 0.865853 0.640902 0.365602 0.482902 0.248302 0.316441 0.112476 0.1173 0.0361035 0.00205495
0.0788805 0.74733 0.857071 0.637589 0.363167 0.479258 0.247076 0.313863 0.109741 0.116091 0.0355287 0.00203553
0.0811131 0.741333 0.848344 0.634322 0.360719 0.475574 0.245864 0.311288 0.107011 0.114855 0.0349413 0.00201589
0.0834088 0.735388 0.839676 0.631101 0.358256 0.471849 0.244663 0.308718 0.104287 0.113593 0.0343419 0.00199602
0.0857696 0.729498 0.83107 0.627926 0.355779 0.468084 0.243475 0.306149 0.101572 0.112304 0.033731 0.00197592
0.0881971 0.723662 0.822528 0.624796 0.353287 0.464276 0.242297 0.303582 0.0988661 0.110989 0.033109 0.0019556
0.0906934 0.717882 0.814054 0.62171 0.350777 0.460424 0.24113 0.301015 0.0961721 0.109647 0.0324766 0.00193505
0.0932603 0.71216 0.805651 0.618668 0.348251 0.45653 0.239972 0.298446 0.0934916 0.108279 0.0318343 0.00191426
0.0958999 0.706495 0.797322 0.615669 0.345705 0.45259 0.238821 0.295874 0.0908264 0.106884 0.0311828 0.00189324
0.0986142 0.700891 0.789069 0.612712 0.343141 0.448604 0.237678 0.293298 0.0881781 0.105463 0.0305227 0.00187199
0.101405 0.695345 0.780894 0.609797 0.340556 0.444572 0.23654 0.290717 0.0855487 0.104016 0.0298548 0.00185051
0.104275 0.689861 0.772801 0.606921 0.337949 0.440492 0.235406 0.288129 0.0829399 0.102543 0.0291796 0.00182879
0.107227 0.684438 0.764792 0.604085 0.335319 0.436362 0.234275 0.285533 0.0803534 0.101044 0.028498 0.00180685
0.110262 0.679077 0.756868 0.601286 0.332665 0.432184 0.233146 0.282927 0.0777911 0.0995191 0.0278107 0.00178467
0.113382 0.673778 0.749033 0.598523 0.329984 0.427954 0.232015 0.280311 0.0752547 0.0979693 0.0271185 0.00176227
0.116591 0.668541 0.741287 0.595795 0.327276 0.423671 0.230882 0.277683 0.0727459 0.0963946 0.026422 0.00173964
0.119891 0.663366 0.733632 0.5931 0.324539 0.419335 0.229744 0.275041 0.0702664 0.0947955 0.0257222 0.00171679
0.123285 0.658253 0.726071 0.590435 0.321771 0.414943 0.228598 0.272385 0.0678179 0.0931723 0.0250199 0.00169371
0.126774 0.6532 0.718602 0.587798 0.31897 0.410496 0.227444 0.269712 0.065402 0.0915257 0.0243159 0.00167043
0.130362 0.648207 0.711227 0.585187 0.316134 0.405991 0.226278 0.267023 0.0630203 0.0898562 0.0236109 0.00164692
0.134052 0.643273 0.703947 0.582598 0.313261 0.401426 0.225097 0.264315 0.0606742 0.0881644 0.022906 0.00162322
0.137846 0.638395 0.696761 0.58003 0.310349 0.3968 0.223898 0.261588 0.0583654 0.0864509 0.0222018 0.00159931
0.141747 0.633573 0.689668 0.577477 0.307395 0.392112 0.222679 0.258839 0.0560953 0.0847166 0.0214993 0.00157521
0.145759 0.628804 0.682669 0.574938 0.304396 0.387359 0.221434 0.256069 0.0538652 0.0829623 0.0207993 0.00155092
0.149885 0.624084 0.67576 0.572407 0.301351 0.382539 0.220162 0.253276 0.0516764 0.0811887 0.0201027 0.00152645
0.154127 0.619411 0.668941 0.569881 0.298254 0.377651 0.218858 0.25046 0.0495302 0.0793968 0.0194103 0.00150181
0.158489 0.614781 0.662209 0.567353 0.295104 0.372692 0.217516 0.247618 0.0474278 0.0775877 0.0187229 0.00147701
0.162975 0.610189 0.655559 0.564819 0.291897 0.367659 0.216135 0.244751 0.0453703 0.0757624 0.0180414 0.00145205
0.167588 0.605631 0.64899 0.562272 0.288629 0.362551 0.214707 0.241858 0.0433587 0.0739221 0.0173665 0.00142695
0.172331 0.601101 0.642495 0.559707 0.285296 0.357364 0.213228 0.238939 0.041394 0.0720679 0.0166991 0.00140172
0.177209 0.596593 0.63607 0.557116 0.281895 0.352096 0.211694 0.235992 0.0394771 0.0702011 0.0160399 0.00137637
0.182224 0.5921 0.629708 0.554491 0.278421 0.346744 0.210098 0.233018 0.0376087 0.0683231 0.0153896 0.00135092
0.187382 0.587614 0.623403 0.551824 0.274869 0.341304 0.208434 0.230016 0.0357896 0.0664353 0.0147491 0.00132537
0.192685 0.583126 0.617146 0.549106 0.271235 0.335774 0.206696 0.226986 0.0340204 0.0645391 0.014119 0.00129973
0.198139 0.578627 0.610929 0.546326 0.267513 0.330149 0.204876 0.223928 0.0323015 0.0626362 0.0134999 0.00127403
0.203747 0.574107 0.604741 0.543474 0.263697 0.324426 0.202969 0.220843 0.0306335 0.0607281 0.0128925 0.00124828
0.209514 0.569554 0.598571 0.540537 0.259784 0.318601 0.200968 0.21773 0.0290167 0.0588166 0.0122975 0.0012225
0.215443 0.564954 0.592406 0.537503 0.255767 0.31267 0.198864 0.214591 0.0274514 0.0569034 0.0117153 0.00119669
0.221541 0.560294 0.586232 0.534356 0.251639 0.30663 0.196649 0.211426 0.0259376 0.0549904 0.0111465 0.00117087
0.227812 0.555559 0.580035 0.531084 0.247395 0.300475 0.194316 0.208236 0.0244755 0.0530793 0.0105916 0.00114507
0.234259 0.550732 0.573797 0.527667 0.243029 0.294201 0.191857 0.205022 0.0230651 0.0511723 0.010051 0.00111929
0.24089 0.545794 0.567501 0.524088 0.238534 0.287805 0.189263 0.201784 0.0217063 0.0492712 0.00952512 0.00109355
0.247708 0.540726 0.561125 0.520327 0.233904 0.281282 0.186526 0.198525 0.0203988 0.0473782 0.00901436 0.00106787
0.254719 0.535503 0.554646 0.516361 0.229132 0.274627 0.183637 0.195246 0.0191423 0.0454954 0.00851902 0.00104227
0.261928 0.530102 0.548039 0.512166 0.224212 0.267837 0.180587 0.191948 0.0179366 0.0436248 0.00803936 0.00101675
0.269341 0.524494 0.541275 0.507713 0.219138 0.260907 0.17737 0.188634 0.0167811 0.0417687 0.0075756 0.000991335
0.276965 0.518644 0.534319 0.502969 0.213904 0.253833 0.173975 0.185303 0.0156754 0.0399293 0.00712794 0.000966033
0.284804 0.512507 0.527125 0.497888 0.208501 0.24661 0.170392 0.18196 0.0146187 0.0381089 0.00669649 0.000940853
0.292864 0.506009 0.51962 0.492399 0.202923 0.239233 0.166613 0.178605 0.0136105 0.0363097 0.00628134 0.000915798
0.301153 0.498964 0.511613 0.486314 0.197146 0.23168 0.162612 0.17524 0.0126499 0.0345341 0.00588253 0.000890862
0.309677 0.488313 0.500049 0.476577 0.190799 0.223583 0.158015 0.17187 0.0117361 0.0327843 0.0055 0.000865984
0.318442 0.477556 0.488957 0.466154 0.185887 0.218015 0.15376 0.170598 0.0114015 0.0321278 0.00535874 0.00085596
0.321833 0.474908 0.485984 0.463831 0.183672 0.215154 0.152189 0.169337 0.0110768 0.0314823 0.00522124 0.000846038
0.325224 0.472239 0.483 0.461477 0.181455 0.212303 0.150608 0.168089 0.0107617 0.0308477 0.00508739 0.000836217
0.328614 0.469548 0.480004 0.459092 0.179241 0.209464 0.149017 0.166853 0.0104559 0.0302238 0.0049571 0.000826494
0.332005 0.466836 0.476995 0.456676 0.177026 0.206636 0.147416 0.165628 0.0101592 0.0296103 0.00483026 0.000816867
0.335396 0.464099 0.47397 0.454228 0.174813 0.20382 0.145805 0.164415 0.00987113 0.0290073 0.00470678 0.000807334
0.338787 0.46134 0.470931 0.451748 0.172601 0.201015 0.144186 0.163213 0.00959153 0.0284144 0.00458655 0.000797892
0.342178 0.458556 0.467876 0.449236 0.170391 0.198223 0.142559 0.162022 0.00932009 0.0278317 0.00446948 0.00078854
0.345569 0.455747 0.464804 0.446691 0.168182 0.195441 0.140923 0.160842 0.00905656 0.0272589 0.0043555 0.000779275
0.348959 0.452912 0.461713 0.444112 0.165976 0.192672 0.13928 0.159672 0.00880069 0.0266959 0.0042445 0.000770095
0.35235 0.450052 0.458604 0.4415 0.163772 0.189914 0.137629 0.158513 0.00855223 0.0261425 0.00413641 0.000761
0.355741 0.447165 0.455476 0.438854 0.16157 0.187169 0.135972 0.157364 0.00831096 0.0255987 0.00403114 0.000751985
0.359132 0.444251 0.452327 0.436174 0.159372 0.184437 0.134308 0.156225 0.00807665 0.0250643 0.00392861 0.000743051
0.362523 0.441309 0.449158 0.43346 0.157177 0.181716 0.132638 0.155095 0.00784907 0.0245391 0.00382875 0.000734194
0.365914 0.43834 0.445968 0.430712 0.154986 0.179009 0.130963 0.153974 0.00762803 0.024023 0.00373148 0.000725413
0.369305 0.435342 0.442756 0.427929 0.152798 0.176314 0.129282 0.152863 0.00741331 0.023516 0.00363673 0.000716707
0.372695 0.432316 0.439521 0.425112 0.150615 0.173633 0.127598 0.151761 0.00720473 0.0230177 0.00354443 0.000708073
0.376086 0.429262 0.436264 0.42226 0.148437 0.170965 0.125909 0.150667 0.00700209 0.0225282 0.00345451 0.00069951
0.379477 0.426178 0.432984 0.419373 0.146263 0.168311 0.124216 0.149581 0.00680521 0.0220473 0.0033669 0.000691017
0.382868 0.423066 0.42968 0.416452 0.144095 0.16567 0.12252 0.148504 0.00661391 0.0215749 0.00328155 0.000682591
0.386259 0.419924 0.426352 0.413496 0.141933 0.163044 0.120823 0.147434 0.00642803 0.0211108 0.00319838 0.000674232
0.38965 0.416752 0.423 0.410505 0.139777 0.160432 0.119122 0.146372 0.0062474 0.0206549 0.00311733 0.000665938
0.39304 0.413552 0.419624 0.40748 0.137628 0.157835 0.117421 0.145317 0.00607186 0.0202071 0.00303836 0.000657707
0.396431 0.410321 0.416222 0.40442 0.135486 0.155253 0.115719 0.144269 0.00590125 0.0197673 0.00296139 0.000649538
0.399822 0.407061 0.412796 0.401325 0.13335 0.152686 0.114015 0.143228 0.00573543 0.0193354 0.00288638 0.000641431
0.403213 0.403771 0.409345 0.398197 0.131223 0.150134 0.112312 0.142194 0.00557426 0.0189112 0.00281327 0.000633382
0.406604 0.400451 0.405869 0.395034 0.129104 0.147599 0.110609 0.141166 0.00541759 0.0184946 0.00274201 0.000625392
0.409995 0.397102 0.402367 0.391837 0.126993 0.145079 0.108908 0.140144 0.0052653 0.0180856 0.00267254 0.000617459
0.413385 0.393723 0.39884 0.388606 0.124892 0.142576 0.107208 0.139127 0.00511724 0.017684 0.00260483 0.000609582
0.416776 0.390315 0.395288 0.385341 0.1228 0.140089 0.10551 0.138116 0.0049733 0.0172896 0.00253881 0.00060176
0.420167 0.386877 0.391711 0.382044 0.120717 0.13762 0.103815 0.13711 0.00483335 0.0169025 0.00247445 0.000593992
0.423558 0.383411 0.388108 0.378714 0.118645 0.135168 0.102123 0.136109 0.00469728 0.0165224 0.0024117 0.000586276
0.426949 0.379916 0.384481 0.375351 0.116583 0.132732 0.100434 0.135113 0.00456497 0.0161493 0.00235052 0.000578613
0.43034 0.376391 0.380828 0.371955 0.114533 0.130316 0.0987496 0.134121 0.00443632 0.015783 0.00229086 0.000571
0.43373 0.372839 0.37715 0.368528 0.112493 0.127917 0.0970696 0.133133 0.0043112 0.0154235 0.00223268 0.000563438
0.437121 0.369259 0.373448 0.365069 0.110466 0.125536 0.0953951 0.13215 0.00418953 0.0150707 0.00217594 0.000555925
0.440512 0.365651 0.369722 0.36158 0.108451 0.123175 0.0937263 0.131169 0.0040712 0.0147244 0.00212061 0.000548461
0.443903 0.362016 0.365972 0.35806 0.106448 0.120833 0.0920638 0.130192 0.00395612 0.0143846 0.00206664 0.000541044
0.447294 0.358354 0.362198 0.35451 0.104459 0.11851 0.0904078 0.129219 0.00384419 0.0140511 0.00201401 0.000533675
0.450685 0.354665 0.358401 0.35093 0.102482 0.116206 0.0887586 0.128248 0.00373531 0.0137239 0.00196266 0.000526352
0.454075 0.350951 0.35458 0.347321 0.100521 0.113923 0.0871177 0.127279 0.00362941 0.0134028 0.00191258 0.000519075
0.457466 0.347211 0.350738 0.343685 0.0985725 0.11166 0.0854847 0.126313 0.0035264 0.0130878 0.00186372 0.000511843
0.460857 0.343446 0.346872 0.34002 0.0966391 0.109418 0.0838603 0.125349 0.00342619 0.0127788 0.00181605 0.000504657
0.464248 0.339657 0.342985 0.336328 0.0947207 0.107196 0.0822451 0.124387 0.00332871 0.0124757 0.00176955 0.000497514
0.467639 0.335844 0.339078 0.33261 0.0928177 0.104996 0.0806393 0.123427 0.00323388 0.0121783 0.00172418 0.000490416
0.47103 0.332008 0.33515 0.328866 0.0909303 0.102817 0.0790437 0.122467 0.00314161 0.0118866 0.0016799 0.000483362
0.47442 0.328149 0.331201 0.325097 0.0890591 0.10066 0.0774585 0.121509 0.00305185 0.0116006 0.0016367 0.00047635
0.477811 0.324269 0.327234 0.321304 0.0872044 0.0985245 0.0758843 0.120552 0.00296452 0.0113201 0.00159455 0.000469382
0.481202 0.320368 0.323247 0.317488 0.0853664 0.0964114 0.0743214 0.119596 0.00287955 0.011045 0.00155341 0.000462456
0.484593 0.316446 0.319243 0.313649 0.0835456 0.0943209 0.0727703 0.11864 0.00279687 0.0107753 0.00151327 0.000455573
0.487984 0.312504 0.315221 0.309788 0.0817422 0.092253 0.0712314 0.117684 0.00271643 0.0105108 0.00147409 0.000448732
0.491375 0.308544 0.311182 0.305906 0.0799567 0.0902082 0.0697051 0.116729 0.00263815 0.0102515 0.00143584 0.000441933
0.494765 0.304566 0.307128 0.302004 0.0781893 0.0881866 0.0681919 0.115773 0.00256199 0.00999735 0.00139852 0.000435176
0.498156 0.300571 0.303059 0.298083 0.0764403 0.0861885 0.0666921 0.114817 0.00248787 0.0097482 0.00136209 0.00042846
0.501547 0.29656 0.298976 0.294144 0.07471 0.0842139 0.065206 0.11386 0.00241575 0.00950399 0.00132653 0.000421787
0.504938 0.292533 0.294879 0.290188 0.0729987 0.0822633 0.063734 0.112903 0.00234556 0.00926464 0.00129181 0.000415156
0.508329 0.288492 0.29077 0.286215 0.0713067 0.0803368 0.0622766 0.111945 0.00227726 0.00903008 0.00125792 0.000408566
0.51172 0.284438 0.286649 0.282227 0.0696343 0.0784345 0.0608341 0.110985 0.0022108 0.00880023 0.00122484 0.000402018
0.51511 0.280372 0.282518 0.278226 0.0679817 0.0765567 0.0594067 0.110024 0.00214611 0.00857501 0.00119254 0.000395512
0.518501 0.276294 0.278377 0.274211 0.0663492 0.0747035 0.0579948 0.109062 0.00208317 0.00835436 0.00116101 0.000389048
0.521892 0.272206 0.274227 0.270184 0.064737 0.0728752 0.0565988 0.108099 0.00202191 0.0081382 0.00113023 0.000382626
0.525283 0.268108 0.270071 0.266146 0.0631453 0.0710718 0.0552189 0.107133 0.00196229 0.00792645 0.00110017 0.000376247
0.528674 0.264003 0.265907 0.262099 0.0615744 0.0692935 0.0538554 0.106166 0.00190427 0.00771905 0.00107082 0.00036991
0.532065 0.259891 0.261738 0.258043 0.0600245 0.0675404 0.0525086 0.105197 0.0018478 0.00751592 0.00104217 0.000363616
0.535455 0.255772 0.257565 0.253979 0.0584957 0.0658127 0.0511787 0.104225 0.00179285 0.007317 0.00101419 0.000357364
0.538846 0.251649 0.253389 0.24991 0.0569883 0.0641105 0.0498661 0.103252 0.00173936 0.00712221 0.000986864 0.000351156
0.542237 0.247523 0.24921 0.245836 0.0555024 0.0624339 0.0485709 0.102276 0.00168731 0.0069315 0.000960186 0.000344991
0.545628 0.243394 0.245031 0.241758 0.0540382 0.060783 0.0472934 0.101297 0.00163666 0.00674479 0.000934134 0.00033887
0.549019 0.239265 0.240852 0.237677 0.0525958 0.0591578 0.0460338 0.100316 0.00158736 0.00656202 0.000908695 0.000332793
0.55241 0.235135 0.236674 0.233596 0.0511753 0.0575585 0.0447922 0.0993328 0.00153938 0.00638312 0.000883853 0.000326761
0.5558 0.231007 0.232499 0.229514 0.049777 0.055985 0.0435689 0.0983464 0.00149269 0.00620803 0.000859595 0.000320773
0.559191 0.226881 0.228329 0.225434 0.0484008 0.0544375 0.0423641 0.0973573 0.00144725 0.0060367 0.000835906 0.000314831
0.562582 0.22276 0.224163 0.221357 0.047047 0.052916 0.0411779 0.0963653 0.00140303 0.00586904 0.000812772 0.000308934
0.565973 0.218644 0.220004 0.217284 0.0457155 0.0514205 0.0400105 0.0953704 0.00136 0.00570502 0.000790182 0.000303083
0.569364 0.214535 0.215853 0.213217 0.0444065 0.049951 0.0388619 0.0943726 0.00131812 0.00554455 0.000768121 0.000297278
0.572755 0.210434 0.211711 0.209156 0.04312 0.0485076 0.0377324 0.0933718 0.00127737 0.0053876 0.000746578 0.00029152
0.576146 0.206341 0.207579 0.205104 0.041856 0.0470901 0.036622 0.0923679 0.00123772 0.00523409 0.000725541 0.000285809
0.579536 0.20226 0.20346 0.201061 0.0406147 0.0456987 0.0355308 0.0913611 0.00119914 0.00508397 0.000704998 0.000280146
0.582927 0.198191 0.199352 0.197029 0.0393961 0.0443332 0.0344589 0.0903512 0.00116159 0.00493718 0.000684938 0.000274532
0.586318 0.194135 0.195261 0.19301 0.0382 0.0429937 0.0334063 0.0893383 0.00112506 0.00479367 0.00066535 0.000268966
0.589709 0.190095 0.191184 0.189005 0.0370266 0.04168 0.0323732 0.0883223 0.00108951 0.00465338 0.000646223 0.000263449
0.5931 0.18607 0.187125 0.185015 0.0358759 0.0403921 0.0313596 0.0873033 0.00105493 0.00451626 0.000627546 0.000257981
0.596491 0.182063 0.183084 0.181042 0.0347477 0.03913 0.0303655 0.0862814 0.00102129 0.00438226 0.00060931 0.000252564
0.599881 0.178075 0.179064 0.177087 0.0336421 0.0378934 0.0293908 0.0852564 0.000988557 0.00425131 0.000591505 0.000247198
0.603272 0.174108 0.175065 0.173151 0.0325591 0.0366825 0.0284357 0.0842286 0.000956716 0.00412337 0.000574121 0.000241882
0.606663 0.170163 0.171088 0.169237 0.0314985 0.0354969 0.0275001 0.0831979 0.000925743 0.00399839 0.000557149 0.000236619
0.610054 0.16624 0.167136 0.165345 0.0304604 0.0343367 0.0265841 0.0821645 0.000895615 0.00387631 0.00054058 0.000231407
0.613445 0.162343 0.163209 0.161476 0.0294445 0.0332016 0.0256874 0.0811283 0.000866311 0.00375709 0.000524405 0.000226248
0.616836 0.158471 0.159309 0.157633 0.0284509 0.0320916 0.0248102 0.0800895 0.000837811 0.00364068 0.000508615 0.000221142
0.620226 0.154627 0.155437 0.153817 0.0274794 0.0310064 0.0239524 0.0790481 0.000810094 0.00352702 0.000493203 0.00021609
0.623617 0.150811 0.151595 0.150028 0.0265299 0.029946 0.0231139 0.0780043 0.00078314 0.00341608 0.00047816 0.000211093
0.627008 0.147026 0.147783 0.146269 0.0256023 0.0289101 0.0222945 0.0769581 0.00075693 0.00330779 0.000463479 0.00020615
0.630399 0.143272 0.144004 0.142541 0.0246964 0.0278986 0.0214943 0.0759097 0.000731447 0.00320212 0.000449151 0.000201262
0.63379 0.139552 0.140258 0.138845 0.0238122 0.0269112 0.0207131 0.0748592 0.000706671 0.00309902 0.000435169 0.000196429
0.637181 0.135865 0.136547 0.135182 0.0229494 0.0259478 0.0199509 0.0738067 0.000682585 0.00299845 0.000421526 0.000191653
0.640571 0.132213 0.132872 0.131554 0.0221078 0.0250082 0.0192075 0.0727524 0.000659171 0.00290035 0.000408215 0.000186934
0.643962 0.128599 0.129235 0.127962 0.0212874 0.0240921 0.0184827 0.0716964 0.000636415 0.00280469 0.000395229 0.000182272
0.647353 0.125022 0.125637 0.124408 0.0204879 0.0231993 0.0177764 0.0706389 0.000614298 0.00271142 0.000382561 0.000177667
0.650744 0.121486 0.122078 0.120893 0.019709 0.0223295 0.0170886 0.06958 0.000592805 0.0026205 0.000370205 0.000173121
0.654135 0.117989 0.118561 0.117417 0.0189508 0.0214827 0.0164189 0.0685199 0.000571922 0.00253188 0.000358155 0.000168632
0.657526 0.114534 0.115086 0.113982 0.0182128 0.0206583 0.0157672 0.0674587 0.000551632 0.00244553 0.000346403 0.000164203
0.660916 0.111122 0.111654 0.11059 0.0174949 0.0198563 0.0151335 0.0663968 0.000531922 0.0023614 0.000334945 0.000159833
0.664307 0.107754 0.108267 0.107242 0.0167968 0.0190763 0.0145174 0.0653342 0.000512777 0.00227945 0.000323774 0.000155523
0.667698 0.104431 0.104925 0.103937 0.0161185 0.0183181 0.0139188 0.0642712 0.000494183 0.00219965 0.000312884 0.000151273
0.671089 0.101155 0.101631 0.100679 0.0154594 0.0175814 0.0133375 0.063208 0.000476127 0.00212195 0.00030227 0.000147084
0.67448 0.097926 0.0983846 0.0974674 0.0148195 0.0168658 0.0127732 0.0621447 0.000458596 0.00204631 0.000291927 0.000142955
0.677871 0.0947448 0.0951864 0.0943032 0.0141985 0.0161712 0.0122258 0.0610817 0.000441577 0.00197269 0.000281848 0.000138888
0.681261 0.0916136 0.0920387 0.0911886 0.0135961 0.0154971 0.011695 0.0600191 0.000425058 0.00190106 0.00027203 0.000134882
0.684652 0.0885322 0.0889413 0.0881232 0.013012 0.0148434 0.0111806 0.0589573 0.000409026 0.00183139 0.000262466 0.000130938
0.688043 0.0855018 0.0858952 0.0851083 0.012446 0.0142096 0.0106824 0.0578963 0.00039347 0.00176362 0.000253151 0.000127057
0.691434 0.0825238 0.0829021 0.0821454 0.0118978 0.0135956 0.0102001 0.0568365 0.000378379 0.00169773 0.000244082 0.000123237
0.694825 0.0795983 0.0799621 0.0792346 0.0113671 0.0130008 0.00973346 0.0557781 0.00036374 0.00163368 0.000235252 0.000119481
0.698216 0.0767265 0.077076 0.076377 0.0108536 0.0124251 0.00928219 0.0547214 0.000349543 0.00157143 0.000226658 0.000115787
0.701606 0.0739092 0.074245 0.0735735 0.0103571 0.011868 0.00884614 0.0536667 0.000335777 0.00151095 0.000218294 0.000112156
0.704997 0.0711468 0.0714692 0.0708243 0.00987712 0.0113293 0.00842491 0.0526142 0.000322433 0.00145221 0.000210157 0.000108589
0.708388 0.0684399 0.0687494 0.0681304 0.00941353 0.0108087 0.00801837 0.0515641 0.000309499 0.00139517 0.000202242 0.000105085
0.711779 0.0657892 0.0660862 0.0654922 0.00896595 0.0103057 0.00762616 0.0505168 0.000296965 0.00133979 0.000194545 0.000101645
0.71517 0.0631952 0.0634801 0.0629104 0.00853405 0.00982009 0.007248 0.0494726 0.000284823 0.00128605 0.000187061 9.82684e-05
0.718561 0.0606585 0.0609315 0.0603854 0.00811755 0.00935146 0.00688365 0.0484317 0.000273063 0.00123391 0.000179786 9.49558e-05
0.721951 0.0581793 0.058441 0.0579177 0.00771614 0.00889948 0.00653281 0.0473945 0.000261675 0.00118333 0.000172716 9.17071e-05
0.725342 0.0557582 0.0560088 0.0555075 0.00732951 0.0084638 0.00619521 0.0463611 0.00025065 0.0011343 0.000165848 8.85223e-05
0.728733 0.0533953 0.0536353 0.0531553 0.00695732 0.00804408 0.00587055 0.045332 0.000239979 0.00108676 0.000159178 8.54016e-05
0.732124 0.051091 0.0513207 0.0508614 0.00659926 0.00763997 0.00555856 0.0443074 0.000229655 0.00104071 0.000152701 8.23449e-05
0.735515 0.0488455 0.0490652 0.0486258 0.00625502 0.00725111 0.00525893 0.0432876 0.000219668 0.000996091 0.000146414 7.93522e-05
0.738906 0.0466589 0.0468689 0.0464488 0.00592426 0.00687715 0.00497138 0.0422729 0.000210011 0.000952888 0.000140313 7.64235e-05
0.742296 0.0445312 0.0447319 0.0443306 0.00560668 0.00651775 0.00469561 0.0412637 0.000200674 0.000911069 0.000134394 7.35586e-05
0.745687 0.0424626 0.0426543 0.042271 0.00530195 0.00617255 0.00443135 0.0402602 0.000191652 0.000870603 0.000128655 7.07575e-05
0.749078 0.040453 0.0406359 0.0402701 0.00500974 0.0058412 0.00417828 0.0392627 0.000182934 0.000831462 0.000123091 6.802e-05
0.752469 0.0385023 0.0386768 0.0383278 0.00472974 0.00552336 0.00393612 0.0382716 0.000174515 0.000793617 0.0001177 6.53461e-05
0.75586 0.0366104 0.0367768 0.0364441 0.00446163 0.00521866 0.00370459 0.0372872 0.000166387 0.000757038 0.000112477 6.27354e-05
0.759251 0.0347771 0.0349357 0.0346186 0.00420507 0.00492677 0.00348337 0.0363098 0.000158542 0.0007217 0.000107419 6.01879e-05
0.762641 0.0330021 0.0331531 0.0328511 0.00395978 0.00464735 0.0032722 0.0353397 0.000150974 0.000687573 0.000102524 5.77033e-05
0.766032 0.0312851 0.0314288 0.0311414 0.0037254 0.00438003 0.00307077 0.0343772 0.000143675 0.00065463 9.77869e-05 5.52812e-05
0.769423 0.0296258 0.0297624 0.0294892 0.00350165 0.0041245 0.0028788 0.0334226 0.00013664 0.000622846 9.32058e-05 5.29216e-05
0.772814 0.0280237 0.0281535 0.0278938 0.0032882 0.00388039 0.00269601 0.0324763 0.00012986 0.000592193 8.87773e-05 5.06239e-05
0.776205 0.0264783 0.0266016 0.026355 0.00308474 0.00364739 0.0025221 0.0315386 0.00012333 0.000562644 8.44981e-05 4.8388e-05
0.779596 0.0249891 0.0251062 0.0248721 0.00289097 0.00342515 0.0023568 0.0306097 0.000117044 0.000534175 8.03652e-05 4.62134e-05
0.782986 0.0235556 0.0236666 0.0234446 0.00270658 0.00321334 0.00219982 0.02969 0.000110995 0.000506759 7.63756e-05 4.40997e-05
0.786377 0.022177 0.0222822 0.0220718 0.00253127 0.00301164 0.00205089 0.0287798 0.000105177 0.000480372 7.25262e-05 4.20466e-05
0.789768 0.0208527 0.0209523 0.0207531 0.00236472 0.00281971 0.00190974 0.0278794 9.95834e-05 0.000454989 6.88142e-05 4.00535e-05
0.793159 0.019582 0.0196762 0.0194878 0.00220667 0.00263726 0.00177609 0.0269891 9.42094e-05 0.000430585 6.52365e-05 3.812e-05
0.79655 0.018364 0.0184531 0.018275 0.00205681 0.00246394 0.00164967 0.0261092 8.90486e-05 0.000407135 6.17904e-05 3.62456e-05
0.799941 0.0171979 0.017282 0.0171138 0.00191485 0.00229946 0.00153023 0.02524 8.40956e-05 0.000384617 5.84728e-05 3.44298e-05
0.803332 0.0160829 0.0161623 0.0160036 0.0017805 0.00214351 0.0014175 0.0243818 7.93447e-05 0.000363006 5.52811e-05 3.2672e-05
0.806722 0.0150181 0.0150929 0.0149433 0.0016535 0.00199578 0.00131122 0.023535 7.47905e-05 0.000342279 5.22124e-05 3.09717e-05
0.810113 0.0140023 0.0140728 0.0139319 0.00153355 0.00185597 0.00121114 0.0226997 7.04277e-05 0.000322414 4.92639e-05 2.93282e-05
0.813504 0.0130348 0.013101 0.0129685 0.0014204 0.00172379 0.00111702 0.0218763 6.62508e-05 0.000303387 4.64329e-05 2.77409e-05
0.816895 0.0121143 0.0121766 0.012052 0.00131377 0.00159895 0.00102859 0.0210651 6.22549e-05 0.000285176 4.37166e-05 2.62091e-05
0.820286 0.0112399 0.0112983 0.0111814 0.00121341 0.00148117 0.000945647 0.0202663 5.84347e-05 0.00026776 4.11124e-05 2.47322e-05
0.823677 0.0104103 0.0104651 0.0103555 0.00111904 0.00137016 0.000867927 0.0194802 5.47854e-05 0.000251115 3.86176e-05 2.33095e-05
0.827067 0.00962456 0.00967586 0.00957326 0.00103044 0.00126566 0.000795217 0.0187072 5.1302e-05 0.000235222 3.62295e-05 2.19402e-05
0.830458 0.00888143 0.00892941 0.00883345 0.000947338 0.0011674 0.00072728 0.0179473 4.79796e-05 0.000220058 3.39455e-05 2.06237e-05
0.833849 0.00817973 0.00822454 0.00813491 0.000869503 0.00107511 0.0006639 0.017201 4.48136e-05 0.000205604 3.17631e-05 1.9359e-05
0.83724 0.00751819 0.00755999 0.00747639 0.000796698 0.000988535 0.000604861 0.0164684 4.17993e-05 0.000191837 2.96796e-05 1.81454e-05
0.840631 0.00689562 0.00693455 0.00685669 0.000728693 0.000907431 0.000549955 0.0157499 3.89321e-05 0.000178738 2.76924e-05 1.69821e-05
0.844022 0.00631073 0.00634693 0.00627452 0.000665262 0.000831549 0.000498976 0.0150455 3.62074e-05 0.000166287 2.5799e-05 1.58683e-05
0.847412 0.00576227 0.00579589 0.00572865 0.000606186 0.00076065 0.000451723 0.0143557 3.36208e-05 0.000154463 2.3997e-05 1.4803e-05
0.850803 0.00524895 0.00528012 0.00521778 0.000551251 0.000694499 0.000408003 0.0136805 3.1168e-05 0.000143248 2.22837e-05 1.37854e-05
0.854194 0.00476947 0.00479831 0.00474062 0.00050025 0.000632872 0.000367628 0.0130203 2.88447e-05 0.000132622 2.06568e-05 1.28145e-05
0.857585 0.00432252 0.00434917 0.00429587 0.000452979 0.000575545 0.000330414 0.0123751 2.66466e-05 0.000122566 1.91136e-05 1.18895e-05
0.860976 0.0039068 0.00393137 0.00388224 0.000409243 0.000522304 0.000296183 0.0117454 2.45695e-05 0.000113061 1.76519e-05 1.10094e-05
0.864367 0.00352101 0.00354362 0.0034984 0.000368851 0.000472939 0.000264763 0.0111311 2.26094e-05 0.000104088 1.62691e-05 1.01732e-05
0.867757 0.00316383 0.00318459 0.00314306 0.000331618 0.000427249 0.000235988 0.0105325 2.07623e-05 9.56304e-05 1.49629e-05 9.37996e-06
0.871148 0.00283395 0.00285297 0.00281492 0.000297366 0.000385035 0.000209697 0.00994984 1.9024e-05 8.7669e-05 1.37308e-05 8.62861e-06
0.874539 0.00253008 0.00254747 0.00251269 0.000265921 0.000346107 0.000185735 0.0093832 1.73908e-05 8.01863e-05 1.25704e-05 7.91815e-06
0.87793 0.00225093 0.00226679 0.00223507 0.000237116 0.000310281 0.000163952 0.00883277 1.58587e-05 7.31647e-05 1.14795e-05 7.24755e-06
0.881321 0.00199523 0.00200966 0.00198081 0.000210791 0.000277378 0.000144203 0.00829869 1.4424e-05 6.65872e-05 1.04556e-05 6.61574e-06
0.884712 0.00176171 0.00177479 0.00174863 0.000186788 0.000247225 0.000126352 0.0077811 1.3083e-05 6.04366e-05 9.49639e-06 6.02165e-06
0.888102 0.00154912 0.00156096 0.00153729 0.00016496 0.000219656 0.000110264 0.00728013 1.18318e-05 5.46962e-05 8.5996e-06 5.46418e-06
0.891493 0.00135625 0.00136692 0.00134559 0.000145162 0.000194512 9.5813e-05 0.00679589 1.0667e-05 4.93494e-05 7.76292e-06 4.94225e-06
0.894884 0.00118189 0.00119148 0.00117231 0.000127257 0.000171637 8.28768e-05 0.00632848 9.5849e-06 4.43802e-05 6.98407e-06 4.45472e-06
0.898275 0.00102486 0.00103344 0.00101628 0.000111111 0.000150883 7.13386e-05 0.005878 8.582e-06 3.97723e-05 6.26078e-06 4.00046e-06
0.901666 0.000884008 0.000891663 0.000876354 9.65977e-05 0.000132108 6.10877e-05 0.00544453 7.65485e-06 3.551e-05 5.59079e-06 3.57835e-06
0.905057 0.000758215 0.000765015 0.000751415 8.35965e-05 0.000115174 5.20187e-05 0.00502813 6.80001e-06 3.15778e-05 4.9719e-06 3.18722e-06
0.908447 0.000646384 0.000652398 0.00064037 7.19916e-05 9.9952e-05 4.40312e-05 0.00462886 6.01414e-06 2.79604e-05 4.40187e-06 2.82591e-06
0.911838 0.000547458 0.000552752 0.000542164 6.16728e-05 8.63155e-05 3.70301e-05 0.00424676 5.29391e-06 2.46427e-05 3.87852e-06 2.49325e-06
0.915229 0.000460416 0.000465052 0.00045578 5.25354e-05 7.41453e-05 3.09255e-05 0.00388186 4.63607e-06 2.16099e-05 3.39968e-06 2.18806e-06
0.91862 0.000384268 0.000388306 0.000380231 4.44798e-05 6.33272e-05 2.56325e-05 0.00353417 4.0374e-06 1.88473e-05 2.96319e-06 1.90915e-06
0.922011 0.000318066 0.00032156 0.000314571 3.74119e-05 5.37526e-05 2.10711e-05 0.00320368 3.49475e-06 1.63407e-05 2.5669e-06 1.65532e-06
0.925402 0.000260899 0.000263904 0.000257894 3.12424e-05 4.53184e-05 1.71664e-05 0.00289037 3.00501e-06 1.4076e-05 2.20871e-06 1.42537e-06
0.928792 0.000211899 0.000214464 0.000209334 2.58873e-05 3.79265e-05 1.38482e-05 0.00259421 2.56511e-06 1.20391e-05 1.88652e-06 1.21811e-06
0.932183 0.00017024 0.000172412 0.000168068 2.12674e-05 3.1484e-05 1.10508e-05 0.00231515 2.17206e-06 1.02166e-05 1.59824e-06 1.03232e-06
0.935574 0.000135138 0.000136961 0.000133315 1.73084e-05 2.59034e-05 8.71346e-06 0.0020531 1.8229e-06 8.59498e-06 1.34184e-06 8.66782e-07
0.938965 0.000105855 0.000107369 0.00010434 1.39407e-05 2.11018e-05 6.7796e-06 0.00180799 1.51472e-06 7.16111e-06 1.11527e-06 7.20298e-07
0.942356 8.16944e-05 8.29391e-05 8.04498e-05 1.10992e-05 1.70013e-05 5.19712e-06 0.00157969 1.24467e-06 5.90208e-06 9.1653e-07 5.91652e-07
0.945747 6.20095e-05 6.30194e-05 6.09995e-05 8.72339e-06 1.35286e-05 3.91818e-06 0.00136808 1.00995e-06 4.80521e-06 7.43638e-07 4.79636e-07
0.949137 4.61958e-05 4.70036e-05 4.5388e-05 6.75714e-06 1.06152e-05 2.89905e-06 0.00117299 8.07812e-07 3.85809e-06 5.94638e-07 3.83043e-07
0.952528 3.3697e-05 3.43326e-05 3.30615e-05 5.14854e-06 8.19708e-06 2.10001e-06 0.000994236 6.35557e-07 3.04854e-06 4.676e-07 3.00673e-07
0.955919 2.40021e-05 2.44927e-05 2.35116e-05 3.84983e-06 6.21447e-06 1.48519e-06 0.000831611 4.9055e-07 2.36464e-06 3.60625e-07 2.3133e-07
0.95931 1.66466e-05 1.70168e-05 1.62764e-05 2.81723e-06 4.61195e-06 1.02251e-06 0.000684872 3.70207e-07 1.79472e-06 2.71843e-07 1.73829e-07
0.962701 1.12119e-05 1.14839e-05 1.09399e-05 2.01085e-06 3.33826e-06 6.83446e-07 0.000553742 2.72004e-07 1.3274e-06 1.99418e-07 1.26995e-07
0.966092 7.32521e-06 7.51868e-06 7.13173e-06 1.39456e-06 2.34611e-06 4.43005e-07 0.000437909 1.93477e-07 9.51551e-07 1.41546e-07 8.9664e-08
0.969482 4.65943e-06 4.79165e-06 4.5272e-06 9.35854e-07 1.59217e-06 2.79538e-07 0.000337019 1.32225e-07 6.56316e-07 9.64637e-08 6.06895e-08
0.972873 2.9331e-06 3.01901e-06 2.84719e-06 6.05825e-07 1.03697e-06 1.74679e-07 0.00025067 8.59117e-08 4.31146e-07 6.24469e-08 3.89429e-08
0.976264 1.91158e-06 1.96385e-06 1.85931e-06 3.79097e-07 6.44883e-07 1.1331e-07 0.000178403 5.2272e-08 2.65786e-07 3.78165e-08 2.33176e-08
0.979655 1.41158e-06 1.4407e-06 1.38247e-06 2.34059e-07 3.84369e-07 8.37497e-08 0.000119699 2.91157e-08 1.5031e-07 2.09424e-08 1.27337e-08
0.983046 1.31901e-06 1.33334e-06 1.30467e-06 1.53889e-07 2.29022e-07 7.87556e-08 7.39646e-05 1.43346e-08 7.51332e-08 1.02502e-08 6.14267e-09
0.986437 1.68493e-06 1.69084e-06 1.67902e-06 1.32295e-07 1.6335e-07 1.0124e-07 4.05509e-05 5.91074e-09 3.10553e-08 4.22811e-09 2.5336e-09
0.989827 4.74742e-06 4.74935e-06 4.7455e-06 2.9541e-07 3.04719e-07 2.86102e-07 1.89568e-05 1.92319e-09 9.30886e-09 1.43087e-09 9.34395e-10
0.993218 8.92445e-06 8.92472e-06 8.92418e-06 5.40348e-07 5.42666e-07 5.3803e-07 2.48301e-05 2.72938e-10 2.31805e-09 1.3714e-10 1.05879e-22
4.01075e-314 inf inf inf inf inf inf 0.000102441 1.65103 0.310576 0.133131 0.0143833
