9.72476e-05 5.7135 6.15337 5.27363 2.49876 2.72121 2.2763 6.00355 0.439869 0.222457 0.0529286 0.0445175
0.0001 5.68237 6.1215 5.24324 2.48523 2.70744 2.26303 5.96091 0.439133 0.222204 0.0527427 0.0442392
0.00010283 5.65198 6.09038 5.21358 2.47204 2.69399 2.25009 5.91851 0.438398 0.221953 0.0525591 0.0439621
0.000105741 5.62598 6.06365 5.18832 2.46078 2.68248 2.23907 5.87633 0.437664 0.221702 0.0523778 0.0436863
0.000108734 5.59427 6.0312 5.15734 2.447 2.66845 2.22555 5.83437 0.436932 0.221453 0.0521987 0.0434118
0.000111811 5.56271 5.99891 5.12651 2.4333 2.6545 2.21209 5.79264 0.4362 0.221205 0.0520219 0.0431387
0.000114976 5.5313 5.96677 5.09583 2.41965 2.64061 2.19869 5.75112 0.43547 0.220958 0.0518474 0.0428667
0.00011823 5.50004 5.93478 5.0653 2.40608 2.62679 2.18536 5.70983 0.434741 0.220713 0.0516752 0.042596
0.000121576 5.46893 5.90294 5.03492 2.39257 2.61304 2.1721 5.66876 0.434012 0.220468 0.0515054 0.0423266
0.000125017 5.43797 5.87125 5.00468 2.37913 2.59935 2.1589 5.62791 0.433285 0.220224 0.0513378 0.0420584
0.000128556 5.40715 5.8397 4.97459 2.36575 2.58573 2.14577 5.58727 0.432558 0.219982 0.0511725 0.0417915
0.000132194 5.37648 5.80831 4.94465 2.35244 2.57218 2.1327 5.54685 0.431832 0.219741 0.0510096 0.0415259
0.000135936 5.34596 5.77707 4.91485 2.3392 2.5587 2.1197 5.50665 0.431107 0.2195 0.050849 0.0412615
0.000139783 5.31558 5.74596 4.8852 2.32601 2.54527 2.10675 5.46667 0.430384 0.219261 0.0506907 0.0409983
0.000143739 5.28535 5.71501 4.85569 2.3129 2.53192 2.09387 5.42689 0.42966 0.219023 0.0505349 0.0407365
0.000147808 5.25526 5.6842 4.82633 2.29984 2.51863 2.08106 5.38734 0.428938 0.218786 0.0503812 0.0404757
0.000151991 5.22532 5.65354 4.79711 2.28686 2.50541 2.06831 5.34799 0.428217 0.21855 0.05023 0.0402163
0.000156293 5.19552 5.62302 4.76803 2.27393 2.49225 2.05562 5.30885 0.427496 0.218315 0.0500812 0.0399581
0.000160717 5.16586 5.59264 4.73909 2.26107 2.47915 2.04299 5.26993 0.426776 0.218081 0.0499347 0.0397011
0.000165265 5.13635 5.56241 4.71029 2.24828 2.46612 2.03043 5.23122 0.426057 0.217848 0.0497905 0.0394453
0.000169943 5.10698 5.53232 4.68164 2.23555 2.45316 2.01793 5.19271 0.425338 0.217616 0.0496488 0.0391908
0.000174753 5.07775 5.50237 4.65313 2.22287 2.44026 2.00549 5.15441 0.42462 0.217385 0.0495094 0.0389375
0.000179699 5.04866 5.47256 4.62475 2.21027 2.42742 1.99311 5.11632 0.423903 0.217155 0.0493724 0.0386854
0.000184785 5.01971 5.44289 4.59652 2.19772 2.41465 1.9808 5.07844 0.423186 0.216926 0.0492379 0.0384345
0.000190015 4.9909 5.41337 4.56843 2.18524 2.40194 1.96854 5.04076 0.42247 0.216698 0.0491057 0.0381848
0.000195393 4.96222 5.38398 4.54047 2.17282 2.38929 1.95635 5.00328 0.421755 0.216471 0.048976 0.0379363
0.000200923 4.93369 5.35473 4.51265 2.16046 2.3767 1.94421 4.96601 0.42104 0.216245 0.0488486 0.037689
0.00020661 4.90529 5.32561 4.48496 2.14816 2.36418 1.93214 4.92894 0.420325 0.21602 0.0487237 0.0374429
0.000212458 4.87703 5.29664 4.45742 2.13592 2.35172 1.92012 4.89208 0.419611 0.215795 0.0486012 0.0371979
0.000218471 4.84891 5.2678 4.43001 2.12375 2.33932 1.90817 4.85541 0.418897 0.215572 0.0484813 0.0369543
0.000224655 4.82092 5.2391 4.40274 2.11163 2.32698 1.89628 4.81894 0.418184 0.21535 0.0483637 0.0367117
0.000231013 4.79307 5.21054 4.3756 2.09958 2.3147 1.88445 4.78268 0.417471 0.215128 0.0482485 0.0364704
0.000237551 4.76535 5.18211 4.3486 2.08758 2.30249 1.87268 4.74661 0.416758 0.214908 0.0481359 0.0362302
0.000244275 4.73777 5.15381 4.32172 2.07565 2.29033 1.86096 4.71074 0.416045 0.214688 0.0480257 0.0359912
0.000251189 4.71032 5.12565 4.29499 2.06377 2.27824 1.8493 4.67507 0.415333 0.214469 0.047918 0.0357534
0.000258298 4.68301 5.09763 4.26838 2.05196 2.26621 1.83771 4.63959 0.414621 0.214251 0.0478128 0.0355167
0.000265609 4.65582 5.06973 4.24191 2.0402 2.25424 1.82617 4.6043 0.413909 0.214034 0.0477101 0.0352812
0.000273126 4.62877 5.04197 4.21557 2.0285 2.24232 1.81469 4.56922 0.413197 0.213818 0.0476098 0.0350469
0.000280857 4.60185 5.01434 4.18937 2.01687 2.23047 1.80326 4.53432 0.412486 0.213602 0.0475122 0.0348137
0.000288806 4.57506 4.98684 4.16329 2.00529 2.21868 1.7919 4.49962 0.411774 0.213388 0.047417 0.0345817
0.00029698 4.5484 4.95947 4.13734 1.99377 2.20694 1.78059 4.46511 0.411062 0.213174 0.0473243 0.0343508
0.000305386 4.52188 4.93223 4.11153 1.9823 2.19526 1.76934 4.43078 0.41035 0.212961 0.0472341 0.0341211
0.000314029 4.49548 4.90511 4.08584 1.9709 2.18365 1.75815 4.39666 0.409639 0.212749 0.0471465 0.0338925
0.000322917 4.4692 4.87813 4.06028 1.95955 2.17209 1.74701 4.36271 0.408927 0.212537 0.0470614 0.0336651
0.000332057 4.44306 4.85127 4.03484 1.94826 2.16058 1.73593 4.32896 0.408215 0.212326 0.0469789 0.0334388
0.000341455 4.41705 4.82455 4.00955 1.93703 2.14914 1.72491 4.2954 0.407502 0.212116 0.046899 0.0332137
0.000351119 4.39116 4.79795 3.98437 1.92585 2.13776 1.71394 4.26202 0.40679 0.211907 0.0468216 0.0329897
0.000361057 4.3654 4.77147 3.95932 1.91473 2.12643 1.70303 4.22882 0.406077 0.211699 0.0467467 0.0327668
0.000371276 4.33976 4.74513 3.9344 1.90367 2.11516 1.69217 4.19582 0.405363 0.211491 0.0466745 0.032545
0.000381784 4.31425 4.7189 3.9096 1.89266 2.10394 1.68137 4.16299 0.40465 0.211284 0.0466048 0.0323244
0.00039259 4.28887 4.69281 3.88493 1.88171 2.09278 1.67063 4.13036 0.403935 0.211077 0.0465378 0.0321049
0.000403702 4.26361 4.66683 3.86039 1.87081 2.08168 1.65994 4.0979 0.403221 0.210871 0.0464733 0.0318865
0.000415128 4.23847 4.64098 3.83597 1.85997 2.07064 1.6493 4.06563 0.402505 0.210666 0.0464115 0.0316692
0.000426877 4.21345 4.61524 3.81167 1.84919 2.05965 1.63872 4.03353 0.401789 0.210461 0.0463522 0.031453
0.000438959 4.18857 4.58964 3.78749 1.83846 2.04871 1.6282 4.00162 0.401073 0.210257 0.0462956 0.031238
0.000451383 4.1638 4.56415 3.76344 1.82778 2.03784 1.61773 3.96989 0.400355 0.210054 0.0462416 0.031024
0.000464159 4.13915 4.53879 3.73952 1.81716 2.02701 1.60731 3.93834 0.399637 0.209851 0.0461902 0.0308112
0.000477296 4.11463 4.51354 3.71571 1.8066 2.01624 1.59695 3.90696 0.398918 0.209649 0.0461415 0.0305995
0.000490805 4.09022 4.48842 3.69202 1.79608 2.00553 1.58664 3.87576 0.398198 0.209447 0.0460954 0.0303888
0.000504697 4.06594 4.46341 3.66846 1.78563 1.99487 1.57638 3.84474 0.397477 0.209246 0.046052 0.0301793
0.000518981 4.04177 4.43853 3.64502 1.77522 1.98427 1.56618 3.8139 0.396755 0.209046 0.0460112 0.0299708
0.00053367 4.01772 4.41375 3.62169 1.76487 1.97372 1.55603 3.78323 0.396032 0.208846 0.0459731 0.0297634
0.000548775 3.99379 4.3891 3.59849 1.75457 1.96322 1.54593 3.75274 0.395308 0.208646 0.0459376 0.0295571
0.000564307 3.96999 4.36457 3.5754 1.74433 1.95278 1.53588 3.72242 0.394582 0.208447 0.0459049 0.029352
0.000580278 3.94629 4.34015 3.55244 1.73414 1.94239 1.52589 3.69227 0.393856 0.208248 0.0458747 0.0291478
0.000596702 3.92272 4.31584 3.52959 1.724 1.93205 1.51595 3.66229 0.393127 0.20805 0.0458473 0.0289448
0.000613591 3.89926 4.29166 3.50686 1.71391 1.92177 1.50606 3.63249 0.392398 0.207852 0.0458226 0.0287428
0.000630957 3.87592 4.26758 3.48425 1.70388 1.91153 1.49623 3.60286 0.391667 0.207654 0.0458006 0.0285419
0.000648815 3.85269 4.24362 3.46176 1.6939 1.90136 1.48644 3.5734 0.390934 0.207457 0.0457812 0.0283421
0.000667179 3.82957 4.21977 3.43937 1.68397 1.89123 1.47671 3.5441 0.390199 0.20726 0.0457646 0.0281433
0.000686062 3.80658 4.19604 3.41711 1.67409 1.88115 1.46703 3.51498 0.389463 0.207064 0.0457506 0.0279456
0.00070548 3.78369 4.17241 3.39496 1.66426 1.87113 1.45739 3.48603 0.388725 0.206867 0.0457394 0.027749
0.000725448 3.76092 4.14891 3.37294 1.65449 1.86116 1.44781 3.45724 0.387985 0.206671 0.0457309 0.0275534
0.00074598 3.73826 4.1255 3.35102 1.64476 1.85123 1.43828 3.42862 0.387243 0.206476 0.045725 0.0273589
0.000767094 3.71571 4.10221 3.32921 1.63508 1.84137 1.4288 3.40016 0.386499 0.20628 0.0457219 0.0271654
0.000788805 3.69328 4.07903 3.30752 1.62546 1.83155 1.41938 3.37187 0.385753 0.206085 0.0457215 0.026973
0.000811131 3.67095 4.05595 3.28595 1.61589 1.82178 1.41 3.34375 0.385005 0.20589 0.0457239 0.0267816
0.000834088 3.64874 4.03299 3.26448 1.60636 1.81206 1.40067 3.31579 0.384254 0.205695 0.0457289 0.0265913
0.000857696 3.62663 4.01013 3.24313 1.59689 1.80239 1.39139 3.28799 0.3835 0.2055 0.0457367 0.026402
0.000881971 3.60464 3.98739 3.2219 1.58746 1.79277 1.38216 3.26036 0.382745 0.205305 0.0457472 0.0262137
0.000906934 3.58276 3.96474 3.20077 1.57809 1.7832 1.37298 3.23288 0.381986 0.205111 0.0457603 0.0260265
0.000932603 3.56098 3.94221 3.17976 1.56876 1.77368 1.36385 3.20557 0.381225 0.204916 0.0457763 0.0258403
0.000958999 3.53931 3.91977 3.15885 1.55949 1.76421 1.35477 3.17842 0.380461 0.204722 0.0457949 0.0256551
0.000986142 3.51775 3.89745 3.13806 1.55026 1.75479 1.34573 3.15143 0.379694 0.204527 0.0458163 0.025471
0.00101405 3.4963 3.87522 3.11737 1.54108 1.74541 1.33675 3.1246 0.378924 0.204333 0.0458403 0.0252878
0.00104275 3.47495 3.8531 3.0968 1.53195 1.73609 1.32781 3.09793 0.378151 0.204138 0.0458671 0.0251057
0.00107227 3.45371 3.83108 3.07633 1.52287 1.72681 1.31892 3.07142 0.377375 0.203943 0.0458966 0.0249247
0.00110262 3.43257 3.80917 3.05598 1.51383 1.71758 1.31008 3.04506 0.376595 0.203748 0.0459288 0.0247446
0.00113382 3.41154 3.78735 3.03573 1.50484 1.7084 1.30129 3.01886 0.375812 0.203553 0.0459636 0.0245655
0.00116591 3.39061 3.76564 3.01559 1.4959 1.69926 1.29255 2.99282 0.375025 0.203358 0.0460012 0.0243875
0.00119891 3.36979 3.74403 2.99556 1.48701 1.69018 1.28385 2.96694 0.374235 0.203163 0.0460415 0.0242104
0.00123285 3.34907 3.72251 2.97563 1.47817 1.68114 1.2752 2.9412 0.37344 0.202967 0.0460844 0.0240344
0.00126774 3.32846 3.7011 2.95582 1.46937 1.67214 1.2666 2.91563 0.372642 0.202771 0.04613 0.0238594
0.00130362 3.30794 3.67978 2.9361 1.46062 1.66319 1.25804 2.8902 0.37184 0.202575 0.0461783 0.0236853
0.00134052 3.28753 3.65856 2.9165 1.45191 1.65429 1.24954 2.86494 0.371033 0.202378 0.0462292 0.0235122
0.00137846 3.26722 3.63744 2.897 1.44326 1.64544 1.24108 2.83982 0.370222 0.202181 0.0462828 0.0233402
0.00141747 3.24701 3.61641 2.8776 1.43464 1.63663 1.23266 2.81485 0.369407 0.201984 0.046339 0.0231691
0.00145759 3.2269 3.59548 2.85831 1.42608 1.62786 1.22429 2.79004 0.368587 0.201786 0.0463979 0.022999
0.00149885 3.20689 3.57465 2.83912 1.41756 1.61915 1.21597 2.76538 0.367762 0.201587 0.0464593 0.0228299
0.00154127 3.18697 3.55391 2.82004 1.40908 1.61047 1.20769 2.74087 0.366933 0.201388 0.0465234 0.0226618
0.00158489 3.16716 3.53326 2.80106 1.40065 1.60184 1.19946 2.71651 0.366098 0.201189 0.04659 0.0224946
0.00162975 3.14745 3.51271 2.78219 1.39227 1.59326 1.19128 2.69229 0.365258 0.200989 0.0466592 0.0223284
0.00167588 3.12783 3.49224 2.76342 1.38393 1.58472 1.18314 2.66823 0.364413 0.200788 0.0467309 0.0221632
0.00172331 3.10831 3.47188 2.74475 1.37563 1.57622 1.17505 2.64432 0.363562 0.200586 0.0468052 0.021999
0.00177209 3.08889 3.4516 2.72618 1.36739 1.56777 1.167 2.62055 0.362706 0.200384 0.046882 0.0218357
0.00182224 3.06956 3.43141 2.70772 1.35918 1.55936 1.159 2.59693 0.361844 0.200181 0.0469613 0.0216733
0.00187382 3.05033 3.41131 2.68936 1.35102 1.55099 1.15104 2.57345 0.360976 0.199977 0.047043 0.021512
0.00192685 3.03119 3.3913 2.67109 1.3429 1.54267 1.14313 2.55012 0.360102 0.199772 0.0471272 0.0213515
0.00198139 3.01215 3.37137 2.65293 1.33483 1.53439 1.13526 2.52694 0.359221 0.199566 0.0472139 0.0211921
0.00203747 2.99321 3.35154 2.63487 1.3268 1.52615 1.12744 2.5039 0.358334 0.199359 0.0473029 0.0210335
0.00209514 2.97435 3.33179 2.61691 1.31881 1.51796 1.11966 2.48101 0.357441 0.199151 0.0473943 0.0208759
0.00215443 2.95559 3.31213 2.59905 1.31086 1.50981 1.11192 2.45826 0.356541 0.198942 0.047488 0.0207193
0.00221541 2.93692 3.29255 2.58129 1.30296 1.50169 1.10423 2.43566 0.355633 0.198731 0.0475841 0.0205636
0.00227812 2.91834 3.27306 2.56363 1.2951 1.49362 1.09658 2.41319 0.354719 0.19852 0.0476824 0.0204088
0.00234259 2.89986 3.25365 2.54606 1.28729 1.4856 1.08898 2.39087 0.353797 0.198307 0.047783 0.0202549
0.0024089 2.88146 3.23433 2.52859 1.27952 1.47761 1.08142 2.36869 0.352867 0.198093 0.0478858 0.020102
0.00247708 2.86316 3.21509 2.51123 1.27178 1.46966 1.07391 2.34665 0.35193 0.197877 0.0479908 0.01995
0.00254719 2.84494 3.19593 2.49396 1.2641 1.46176 1.06643 2.32476 0.350985 0.197661 0.0480979 0.0197989
0.00261928 2.82682 3.17685 2.47679 1.25645 1.45389 1.05901 2.303 0.350032 0.197442 0.0482072 0.0196487
0.00269341 2.80878 3.15785 2.45971 1.24884 1.44606 1.05162 2.28138 0.34907 0.197222 0.0483184 0.0194994
0.00276965 2.79083 3.13893 2.44273 1.24128 1.43828 1.04428 2.25991 0.3481 0.197 0.0484317 0.019351
0.00284804 2.77297 3.12009 2.42585 1.23375 1.43053 1.03698 2.23857 0.347121 0.196777 0.048547 0.0192035
0.00292864 2.7552 3.10133 2.40907 1.22627 1.42282 1.02972 2.21737 0.346133 0.196552 0.0486642 0.019057
0.00301153 2.73751 3.08265 2.39237 1.21883 1.41515 1.0225 2.19631 0.345136 0.196325 0.0487832 0.0189113
0.00309677 2.71991 3.06404 2.37578 1.21143 1.40752 1.01533 2.17538 0.344129 0.196096 0.0489041 0.0187665
0.00318442 2.7024 3.04551 2.35929 1.20407 1.39993 1.0082 2.1546 0.343113 0.195865 0.0490267 0.0186226
0.00327455 2.68497 3.02705 2.34288 1.19675 1.39238 1.00112 2.13395 0.342087 0.195631 0.049151 0.0184795
0.00336723 2.66762 3.00867 2.32657 1.18947 1.38486 0.99407 2.11343 0.341051 0.195396 0.049277 0.0183374
0.00346253 2.65036 2.99036 2.31035 1.18223 1.37738 0.987067 2.09305 0.340004 0.195159 0.0494045 0.0181961
0.00356053 2.63318 2.97212 2.29423 1.17502 1.36994 0.980105 2.07281 0.338947 0.194919 0.0495336 0.0180556
0.00366131 2.61608 2.95396 2.2782 1.16786 1.36254 0.973185 2.0527 0.337879 0.194677 0.0496641 0.0179161
0.00376494 2.59907 2.93587 2.26227 1.16074 1.35517 0.966307 2.03273 0.3368 0.194432 0.049796 0.0177774
0.0038715 2.58214 2.91785 2.24643 1.15366 1.34784 0.95947 2.01289 0.335709 0.194185 0.0499292 0.0176395
0.00398107 2.56529 2.8999 2.23068 1.14661 1.34055 0.952675 1.99318 0.334607 0.193935 0.0500636 0.0175025
0.00409375 2.54852 2.88201 2.21502 1.1396 1.33329 0.945921 1.9736 0.333494 0.193683 0.0501992 0.0173664
0.00420962 2.53183 2.8642 2.19946 1.13264 1.32606 0.939208 1.95416 0.332368 0.193428 0.0503359 0.017231
0.00432876 2.51522 2.84645 2.18399 1.12571 1.31888 0.932537 1.93485 0.33123 0.193169 0.0504736 0.0170965
0.00445128 2.49869 2.82877 2.16861 1.11881 1.31172 0.925906 1.91568 0.330079 0.192908 0.0506121 0.0169629
0.00457727 2.48224 2.81115 2.15332 1.11196 1.3046 0.919316 1.89663 0.328915 0.192644 0.0507515 0.01683
0.00470682 2.46586 2.7936 2.13813 1.10514 1.29752 0.912767 1.87772 0.327738 0.192376 0.0508916 0.016698
0.00484003 2.44957 2.77612 2.12302 1.09836 1.29047 0.906258 1.85893 0.326548 0.192105 0.0510323 0.0165668
0.00497702 2.43335 2.75869 2.10801 1.09162 1.28345 0.89979 1.84028 0.325344 0.191831 0.0511735 0.0164364
0.00511789 2.41721 2.74133 2.09308 1.08492 1.27647 0.893362 1.82175 0.324126 0.191553 0.0513151 0.0163068
0.00526274 2.40114 2.72403 2.07825 1.07825 1.26952 0.886975 1.80336 0.322893 0.191272 0.051457 0.016178
0.0054117 2.38515 2.70679 2.0635 1.07161 1.2626 0.880628 1.78509 0.321647 0.190987 0.0515992 0.01605
0.00556486 2.36923 2.68962 2.04885 1.06502 1.25572 0.874321 1.76696 0.320385 0.190698 0.0517414 0.0159228
0.00572237 2.35339 2.6725 2.03428 1.05846 1.24886 0.868053 1.74895 0.319108 0.190405 0.0518836 0.0157963
0.00588433 2.33762 2.65544 2.01981 1.05193 1.24204 0.861826 1.73107 0.317816 0.190108 0.0520256 0.0156706
0.00605088 2.32192 2.63843 2.00542 1.04545 1.23525 0.855639 1.71331 0.316508 0.189806 0.0521673 0.0155457
0.00622213 2.3063 2.62149 1.99112 1.03899 1.22849 0.849491 1.69569 0.315184 0.189501 0.0523086 0.0154215
0.00639824 2.29075 2.6046 1.97691 1.03257 1.22177 0.843383 1.67819 0.313843 0.189191 0.0524494 0.0152981
0.00657933 2.27527 2.58776 1.96279 1.02619 1.21507 0.837315 1.66081 0.312486 0.188876 0.0525895 0.0151755
0.00676555 2.25987 2.57098 1.94876 1.01984 1.2084 0.831286 1.64356 0.311112 0.188557 0.0527287 0.0150536
0.00695704 2.24453 2.55425 1.93481 1.01353 1.20176 0.825297 1.62644 0.309721 0.188233 0.052867 0.0149324
0.00715394 2.22926 2.53757 1.92095 1.00725 1.19515 0.819347 1.60944 0.308313 0.187904 0.0530041 0.014812
0.00735642 2.21407 2.52095 1.90718 1.001 1.18857 0.813435 1.59257 0.306886 0.18757 0.0531399 0.0146922
0.00756463 2.19894 2.50438 1.8935 0.994794 1.18202 0.807563 1.57582 0.305441 0.18723 0.0532743 0.0145732
0.00777874 2.18388 2.48786 1.8799 0.988616 1.1755 0.80173 1.5592 0.303978 0.186885 0.0534071 0.0144549
0.0079989 2.16889 2.47138 1.86639 0.982471 1.16901 0.795936 1.5427 0.302497 0.186535 0.0535381 0.0143373
0.0082253 2.15396 2.45496 1.85297 0.97636 1.16254 0.790181 1.52632 0.300996 0.186179 0.0536672 0.0142204
0.0084581 2.13911 2.43858 1.83963 0.970282 1.1561 0.784465 1.51007 0.299475 0.185817 0.0537942 0.0141041
0.00869749 2.12432 2.42225 1.82638 0.964236 1.14969 0.778787 1.49394 0.297935 0.185449 0.0539188 0.0139886
0.00894366 2.10959 2.40597 1.81322 0.958223 1.1433 0.773149 1.47793 0.296376 0.185075 0.0540409 0.0138737
0.00919679 2.09493 2.38973 1.80014 0.952243 1.13694 0.767548 1.46204 0.294795 0.184694 0.0541604 0.0137595
0.00945709 2.08034 2.37353 1.78714 0.946294 1.1306 0.761986 1.44628 0.293195 0.184307 0.054277 0.0136459
0.00972476 2.06581 2.35739 1.77424 0.940377 1.12429 0.756463 1.43063 0.291573 0.183914 0.0543905 0.013533
0.01 2.05135 2.34128 1.76142 0.934491 1.118 0.750977 1.41511 0.289931 0.183513 0.0545007 0.0134207
0.010283 2.03695 2.32522 1.74868 0.928636 1.11174 0.74553 1.3997 0.288266 0.183106 0.0546074 0.0133091
0.0105741 2.02261 2.30919 1.73603 0.922813 1.1055 0.740121 1.38442 0.286581 0.182691 0.0547104 0.0131981
0.0108734 2.00834 2.29321 1.72346 0.91702 1.09929 0.734751 1.36925 0.284873 0.182269 0.0548095 0.0130877
0.0111811 1.99412 2.27727 1.71098 0.911258 1.0931 0.729418 1.35421 0.283143 0.18184 0.0549044 0.0129779
0.0114976 1.97997 2.26136 1.69858 0.905526 1.08693 0.724123 1.33928 0.28139 0.181403 0.054995 0.0128687
0.011823 1.96588 2.2455 1.68627 0.899824 1.08078 0.718866 1.32447 0.279615 0.180957 0.0550809 0.0127601
0.0121576 1.95185 2.22967 1.67404 0.894151 1.07466 0.713647 1.30978 0.277816 0.180504 0.055162 0.012652
0.0125017 1.93789 2.21388 1.66189 0.888508 1.06855 0.708466 1.29521 0.275994 0.180043 0.0552381 0.0125446
0.0128556 1.92398 2.19813 1.64983 0.882894 1.06247 0.703322 1.28075 0.274149 0.179572 0.0553088 0.0124377
0.0132194 1.91014 2.18242 1.63786 0.877309 1.0564 0.698215 1.26641 0.27228 0.179094 0.055374 0.0123313
0.0135936 1.89635 2.16674 1.62596 0.871752 1.05036 0.693147 1.25219 0.270387 0.178606 0.0554333 0.0122255
0.0139783 1.88262 2.15109 1.61415 0.866224 1.04433 0.688115 1.23809 0.26847 0.178109 0.0554866 0.0121203
0.0143739 1.86895 2.13548 1.60242 0.860723 1.03833 0.683121 1.22409 0.266528 0.177603 0.0555335 0.0120155
0.0147808 1.85534 2.1199 1.59078 0.855251 1.03234 0.678164 1.21022 0.264561 0.177087 0.0555739 0.0119113
0.0151991 1.84179 2.10436 1.57922 0.849805 1.02637 0.673244 1.19646 0.26257 0.176561 0.0556074 0.0118076
0.0156293 1.8283 2.08885 1.56774 0.844387 1.02041 0.668361 1.18281 0.260554 0.176025 0.0556338 0.0117044
0.0160717 1.81486 2.07337 1.55635 0.838995 1.01447 0.663516 1.16928 0.258513 0.17548 0.0556528 0.0116016
0.0165265 1.80148 2.05793 1.54504 0.83363 1.00855 0.658707 1.15585 0.256447 0.174923 0.0556641 0.0114994
0.0169943 1.78816 2.04251 1.5338 0.828291 1.00265 0.653935 1.14255 0.254355 0.174356 0.0556675 0.0113976
0.0174753 1.77489 2.02713 1.52266 0.822977 0.996755 0.649199 1.12935 0.252237 0.173778 0.0556627 0.0112963
0.0179699 1.76169 2.01178 1.51159 0.817689 0.990878 0.6445 1.11627 0.250095 0.173189 0.0556495 0.0111954
0.0184785 1.74853 1.99646 1.50061 0.812426 0.985014 0.639838 1.1033 0.247926 0.172588 0.0556274 0.0110949
0.0190015 1.73544 1.98117 1.48971 0.807188 0.979164 0.635212 1.09044 0.245732 0.171976 0.0555964 0.0109949
0.0195393 1.7224 1.96591 1.47889 0.801974 0.973326 0.630622 1.07768 0.243512 0.171352 0.055556 0.0108953
0.0200923 1.70942 1.95068 1.46815 0.796784 0.9675 0.626069 1.06504 0.241266 0.170715 0.055506 0.0107961
0.020661 1.69649 1.93548 1.45749 0.791618 0.961685 0.621551 1.05251 0.238995 0.170067 0.0554462 0.0106973
0.0212458 1.68361 1.92031 1.44692 0.786475 0.95588 0.61707 1.04009 0.236698 0.169405 0.0553763 0.0105989
0.0218471 1.6708 1.90517 1.43642 0.781354 0.950085 0.612623 1.02777 0.234375 0.168731 0.0552959 0.0105009
0.0224655 1.65804 1.89007 1.42601 0.776256 0.9443 0.608213 1.01557 0.232027 0.168043 0.0552048 0.0104032
0.0231013 1.64533 1.87499 1.41568 0.77118 0.938523 0.603838 1.00346 0.229653 0.167342 0.0551028 0.0103059
0.0237551 1.63268 1.85994 1.40543 0.766126 0.932754 0.599498 0.99147 0.227254 0.166628 0.0549895 0.0102089
0.0244275 1.62009 1.84492 1.39526 0.761093 0.926992 0.595194 0.979581 0.224829 0.165899 0.0548648 0.0101122
0.0251189 1.60755 1.82993 1.38517 0.75608 0.921236 0.590924 0.967798 0.22238 0.165156 0.0547283 0.0100159
0.0258298 1.59507 1.81497 1.37516 0.751088 0.915487 0.586689 0.956119 0.219906 0.164399 0.0545799 0.00991989
0.0265609 1.58264 1.80005 1.36523 0.746115 0.909742 0.582489 0.944543 0.217408 0.163627 0.0544191 0.00982417
0.0273126 1.57027 1.78515 1.35538 0.741162 0.904001 0.578323 0.933071 0.214885 0.162839 0.0542459 0.00972873
0.0280857 1.55795 1.77029 1.34562 0.736227 0.898264 0.57419 0.921701 0.212338 0.162037 0.05406 0.00963358
0.0288806 1.54569 1.75546 1.33593 0.731311 0.892529 0.570092 0.910433 0.209768 0.161218 0.0538611 0.00953868
0.029698 1.53349 1.74066 1.32632 0.726412 0.886797 0.566028 0.899266 0.207174 0.160384 0.0536491 0.00944404
0.0305386 1.52134 1.7259 1.31679 0.721531 0.881065 0.561996 0.888199 0.204558 0.159534 0.0534237 0.00934965
0.0314029 1.50925 1.71117 1.30733 0.716666 0.875333 0.557998 0.877231 0.201919 0.158668 0.0531847 0.00925549
0.0322917 1.49722 1.69648 1.29796 0.711817 0.869601 0.554033 0.866361 0.199259 0.157784 0.0529319 0.00916155
0.0332057 1.48524 1.68182 1.28867 0.706984 0.863868 0.5501 0.85559 0.196577 0.156884 0.0526652 0.00906783
0.0341455 1.47332 1.6672 1.27945 0.702165 0.858132 0.546199 0.844915 0.193874 0.155967 0.0523844 0.0089743
0.0351119 1.46146 1.65262 1.27031 0.697361 0.852392 0.542329 0.834336 0.191151 0.155032 0.0520894 0.00888096
0.0361057 1.44966 1.63807 1.26125 0.69257 0.846649 0.538491 0.823853 0.188409 0.154079 0.0517799 0.0087878
0.0371276 1.43792 1.62356 1.25227 0.687792 0.8409 0.534684 0.813464 0.185648 0.153108 0.051456 0.00869481
0.0381784 1.42623 1.6091 1.24336 0.683026 0.835145 0.530907 0.803168 0.182869 0.152119 0.0511174 0.00860198
0.039259 1.4146 1.59468 1.23453 0.678271 0.829383 0.52716 0.792964 0.180072 0.151112 0.0507641 0.00850929
0.0403702 1.40304 1.5803 1.22578 0.673528 0.823613 0.523442 0.782851 0.177259 0.150085 0.050396 0.00841675
0.0415128 1.39153 1.56596 1.2171 0.668794 0.817833 0.519754 0.772829 0.17443 0.14904 0.050013 0.00832433
0.0426877 1.38008 1.55167 1.2085 0.664068 0.812043 0.516093 0.762896 0.171586 0.147975 0.0496152 0.00823203
0.0438959 1.3687 1.53743 1.19997 0.659351 0.806242 0.512461 0.753052 0.168728 0.146891 0.0492025 0.00813983
0.0451383 1.35737 1.52323 1.19152 0.654642 0.800429 0.508855 0.743294 0.165858 0.145787 0.0487749 0.00804774
0.0464159 1.34611 1.50908 1.18313 0.649939 0.794602 0.505276 0.733623 0.162975 0.144663 0.0483325 0.00795573
0.0477296 1.33491 1.49499 1.17483 0.645241 0.78876 0.501722 0.724036 0.160081 0.143519 0.0478752 0.0078638
0.0490805 1.32377 1.48095 1.16659 0.640548 0.782902 0.498193 0.714533 0.157178 0.142355 0.0474032 0.00777194
0.0504697 1.3127 1.46696 1.15843 0.635858 0.777028 0.494689 0.705113 0.154266 0.141169 0.0469165 0.00768014
0.0518981 1.30168 1.45303 1.15034 0.631171 0.771134 0.491207 0.695774 0.151347 0.139964 0.0464153 0.0075884
0.053367 1.29074 1.43916 1.14231 0.626485 0.765221 0.487748 0.686514 0.148421 0.138737 0.0458997 0.0074967
0.0548775 1.27985 1.42534 1.13436 0.621798 0.759287 0.484309 0.677334 0.14549 0.137489 0.0453699 0.00740503
0.0564307 1.26903 1.41159 1.12648 0.617112 0.753331 0.480892 0.668231 0.142556 0.13622 0.044826 0.00731339
0.0580278 1.25828 1.3979 1.11866 0.612422 0.747351 0.477493 0.659204 0.139619 0.134929 0.0442684 0.00722178
0.0596702 1.24759 1.38427 1.11091 0.607729 0.741346 0.474112 0.650252 0.136681 0.133617 0.0436972 0.00713018
0.0613591 1.23696 1.37071 1.10322 0.603031 0.735314 0.470748 0.641374 0.133743 0.132283 0.0431127 0.00703858
0.0630957 1.2264 1.35721 1.0956 0.598326 0.729254 0.467399 0.632567 0.130807 0.130928 0.0425152 0.00694699
0.0648815 1.21591 1.34378 1.08804 0.593614 0.723164 0.464064 0.623831 0.127874 0.12955 0.0419051 0.00685539
0.0667179 1.20548 1.33043 1.08054 0.588892 0.717043 0.460741 0.615164 0.124946 0.128151 0.0412827 0.00676378
0.0686062 1.19512 1.31714 1.0731 0.584159 0.710889 0.45743 0.606564 0.122024 0.12673 0.0406483 0.00667216
0.070548 1.18482 1.30393 1.06571 0.579414 0.704701 0.454127 0.598031 0.119109 0.125287 0.0400025 0.00658052
0.0725448 1.17459 1.2908 1.05839 0.574654 0.698475 0.450832 0.589562 0.116204 0.123822 0.0393456 0.00648885
0.074598 1.16443 1.27774 1.05112 0.569877 0.692212 0.447543 0.581156 0.113309 0.122335 0.038678 0.00639716
0.0767094 1.15433 1.26475 1.0439 0.565083 0.685909 0.444257 0.572812 0.110427 0.120826 0.0380004 0.00630544
0.0788805 1.14429 1.25185 1.03673 0.560268 0.679563 0.440973 0.564528 0.107559 0.119295 0.0373131 0.00621368
0.0811131 1.13431 1.23902 1.02961 0.555431 0.673174 0.437688 0.556302 0.104706 0.117743 0.0366168 0.00612189
0.0834088 1.1244 1.22627 1.02253 0.55057 0.666739 0.434401 0.548132 0.10187 0.116169 0.035912 0.00603007
0.0857696 1.11455 1.21361 1.0155 0.545682 0.660256 0.431109 0.540018 0.0990528 0.114574 0.0351993 0.00593822
0.0881971 1.10476 1.20102 1.00851 0.540765 0.653722 0.427808 0.531957 0.0962561 0.112957 0.0344792 0.00584633
0.0906934 1.09503 1.18851 1.00155 0.535816 0.647136 0.424497 0.523948 0.0934813 0.111319 0.0337525 0.00575441
0.0932603 1.08536 1.17609 0.99463 0.530834 0.640495 0.421173 0.515989 0.0907299 0.109661 0.0330198 0.00566246
0.0958999 1.07574 1.16375 0.987739 0.525815 0.633798 0.417833 0.508078 0.0880037 0.107982 0.0322818 0.00557048
0.0986142 1.06618 1.15148 0.980875 0.520756 0.62704 0.414473 0.500215 0.0853041 0.106284 0.0315391 0.00547848
0.101405 1.05667 1.1393 0.974034 0.515656 0.620221 0.411091 0.492396 0.0826328 0.104565 0.0307924 0.00538646
0.104275 1.0472 1.12719 0.967212 0.51051 0.613337 0.407683 0.484621 0.0799912 0.102827 0.0300425 0.00529443
0.107227 1.03779 1.11517 0.960405 0.505315 0.606385 0.404245 0.476888 0.0773809 0.10107 0.0292901 0.0052024
0.110262 1.02841 1.10321 0.953608 0.50007 0.599364 0.400775 0.469196 0.0748033 0.0992947 0.028536 0.00511037
0.113382 1.01908 1.09134 0.946817 0.494768 0.59227 0.397267 0.461542 0.0722599 0.0975015 0.0277808 0.00501835
0.116591 1.00978 1.07953 0.940025 0.489409 0.5851 0.393718 0.453926 0.069752 0.0956909 0.0270255 0.00492635
0.119891 1.00051 1.06779 0.933227 0.483988 0.577851 0.390124 0.446345 0.0672811 0.0938635 0.0262706 0.00483439
0.123285 0.991267 1.05612 0.926418 0.478501 0.570521 0.38648 0.438798 0.0648486 0.0920202 0.025517 0.00474247
0.126774 0.982047 1.0445 0.919591 0.472944 0.563105 0.382782 0.431284 0.0624555 0.0901615 0.0247655 0.00465061
0.130362 0.972843 1.03295 0.912739 0.467314 0.555602 0.379026 0.423802 0.0601033 0.0882882 0.0240168 0.00455883
0.134052 0.963649 1.02144 0.905856 0.461606 0.548008 0.375205 0.416349 0.0577931 0.0864012 0.0232717 0.00446715
0.137846 0.954459 1.00999 0.898933 0.455817 0.540318 0.371316 0.408925 0.0555259 0.0845012 0.022531 0.00437557
0.141747 0.945266 0.998569 0.891963 0.449941 0.532531 0.367352 0.401528 0.0533029 0.0825893 0.0217954 0.00428412
0.145759 0.936062 0.987187 0.884937 0.443975 0.524642 0.363309 0.394158 0.0511251 0.0806664 0.0210656 0.00419282
0.149885 0.92684 0.975833 0.877846 0.437914 0.516648 0.359181 0.386812 0.0489933 0.0787334 0.0203424 0.00410169
0.154127 0.91759 0.964498 0.870681 0.431754 0.508546 0.354963 0.379491 0.0469085 0.0767916 0.0196265 0.00401076
0.158489 0.908303 0.953174 0.863431 0.42549 0.500332 0.350648 0.372193 0.0448714 0.0748419 0.0189186 0.00392004
0.162975 0.898969 0.941852 0.856086 0.419117 0.492002 0.346231 0.364917 0.0428828 0.0728856 0.0182194 0.00382958
0.167588 0.889578 0.930521 0.848635 0.41263 0.483554 0.341706 0.357662 0.0409433 0.070924 0.0175296 0.00373939
0.172331 0.880119 0.919172 0.841065 0.406025 0.474983 0.337066 0.350429 0.0390535 0.0689583 0.0168497 0.0036495
0.177209 0.870578 0.907792 0.833365 0.399297 0.466287 0.332307 0.343216 0.0372138 0.0669899 0.0161804 0.00355995
0.182224 0.860944 0.896369 0.82552 0.392441 0.457461 0.327421 0.336023 0.0354248 0.0650201 0.0155222 0.00347077
0.187382 0.851203 0.88489 0.817517 0.385453 0.448503 0.322402 0.328849 0.0336867 0.0630505 0.0148759 0.00338198
0.192685 0.84134 0.87334 0.80934 0.378328 0.439411 0.317246 0.321696 0.0319998 0.0610825 0.0142417 0.00329364
0.198139 0.83134 0.861704 0.800976 0.371063 0.43018 0.311945 0.314561 0.0303642 0.0591177 0.0136204 0.00320577
0.203747 0.821187 0.849967 0.792407 0.363652 0.42081 0.306494 0.307447 0.0287802 0.0571577 0.0130123 0.00311841
0.209514 0.810864 0.838111 0.783616 0.356093 0.411297 0.300888 0.300352 0.0272476 0.0552041 0.0124178 0.0030316
0.215443 0.800351 0.826118 0.774585 0.348381 0.401639 0.295122 0.293278 0.0257666 0.0532586 0.0118374 0.00294538
0.221541 0.789632 0.813969 0.765296 0.340513 0.391836 0.28919 0.286224 0.0243368 0.051323 0.0112714 0.0028598
0.227812 0.778686 0.801644 0.755728 0.332488 0.381887 0.283089 0.279192 0.0229581 0.049399 0.0107202 0.00277488
0.234259 0.767491 0.789122 0.745861 0.324303 0.371791 0.276814 0.272183 0.0216302 0.0474885 0.0101841 0.00269068
0.24089 0.756026 0.776379 0.735673 0.315956 0.361549 0.270363 0.265197 0.0203528 0.0455933 0.00966318 0.00260724
0.247708 0.744267 0.763393 0.725142 0.307448 0.351163 0.263732 0.258235 0.0191254 0.0437152 0.00915781 0.0025246
0.254719 0.732189 0.750136 0.714241 0.298778 0.340634 0.256922 0.2513 0.0179475 0.0418561 0.00866813 0.00244281
0.261928 0.719765 0.736584 0.702946 0.289948 0.329966 0.24993 0.244392 0.0168186 0.040018 0.00819426 0.00236189
0.269341 0.706965 0.722703 0.691227 0.280962 0.319165 0.242759 0.237513 0.015738 0.0382028 0.00773631 0.00228189
0.276965 0.693753 0.708458 0.679048 0.271823 0.308235 0.23541 0.230664 0.014705 0.0364124 0.00729433 0.00220283
0.284804 0.680085 0.693804 0.666366 0.262537 0.297186 0.227889 0.223849 0.0137188 0.0346487 0.00686833 0.00212475
0.292864 0.665886 0.678665 0.653107 0.253115 0.286029 0.220202 0.217068 0.0127787 0.0329137 0.00645827 0.00204763
0.301153 0.650977 0.66286 0.639093 0.24357 0.274779 0.21236 0.210327 0.0118836 0.0312093 0.00606405 0.00197144
0.309677 0.633869 0.644901 0.622836 0.23393 0.263468 0.204393 0.203631 0.0110327 0.0295375 0.00568538 0.00189593
0.318442 0.617677 0.628398 0.606956 0.226822 0.255735 0.19791 0.201115 0.0107207 0.0289121 0.00554475 0.00186614
0.321833 0.612103 0.622521 0.601685 0.223224 0.251522 0.194926 0.198631 0.010418 0.0282982 0.00540776 0.00183677
0.325224 0.606522 0.616647 0.596398 0.219649 0.247345 0.191954 0.196178 0.0101243 0.0276956 0.00527432 0.00180782
0.328614 0.600934 0.610774 0.591095 0.216098 0.243203 0.188994 0.193756 0.00983933 0.0271041 0.00514432 0.00177929
0.332005 0.595339 0.604902 0.585776 0.212571 0.239095 0.186048 0.191363 0.00956271 0.0265235 0.00501766 0.00175115
0.335396 0.589736 0.59903 0.580442 0.209069 0.235023 0.183115 0.189 0.00929421 0.0259537 0.00489424 0.00172341
0.338787 0.584125 0.593158 0.575091 0.205591 0.230986 0.180197 0.186666 0.00903357 0.0253945 0.00477397 0.00169605
0.342178 0.578506 0.587286 0.569725 0.202138 0.226984 0.177293 0.184359 0.00878054 0.0248456 0.00465676 0.00166907
0.345569 0.572879 0.581414 0.564344 0.198711 0.223018 0.174404 0.182081 0.00853485 0.024307 0.00454252 0.00164246
0.348959 0.567244 0.57554 0.558948 0.195309 0.219087 0.17153 0.179829 0.00829629 0.0237783 0.00443117 0.00161622
0.35235 0.561601 0.569665 0.553536 0.191933 0.215192 0.168673 0.177604 0.00806461 0.0232595 0.00432262 0.00159033
0.355741 0.555949 0.563789 0.54811 0.188583 0.211333 0.165832 0.175405 0.0078396 0.0227505 0.00421679 0.0015648
0.359132 0.55029 0.557911 0.542669 0.18526 0.207511 0.163009 0.173231 0.00762105 0.0222509 0.00411361 0.0015396
0.362523 0.544623 0.552032 0.537214 0.181963 0.203724 0.160202 0.171082 0.00740875 0.0217607 0.00401301 0.00151475
0.365914 0.538948 0.54615 0.531745 0.178694 0.199974 0.157414 0.168957 0.0072025 0.0212798 0.0039149 0.00149022
0.369305 0.533265 0.540268 0.526263 0.175452 0.19626 0.154645 0.166857 0.00700212 0.0208078 0.00381922 0.00146603
0.372695 0.527576 0.534383 0.520769 0.172238 0.192583 0.151894 0.16478 0.00680741 0.0203448 0.00372591 0.00144215
0.376086 0.521879 0.528497 0.515261 0.169053 0.188943 0.149162 0.162726 0.00661821 0.0198906 0.00363489 0.00141858
0.379477 0.516176 0.52261 0.509742 0.165895 0.18534 0.14645 0.160695 0.00643435 0.0194449 0.0035461 0.00139532
0.382868 0.510466 0.516722 0.504211 0.162767 0.181774 0.143759 0.158685 0.00625565 0.0190077 0.00345949 0.00137237
0.386259 0.50475 0.510832 0.498669 0.159667 0.178246 0.141088 0.156698 0.00608196 0.0185788 0.00337499 0.00134971
0.38965 0.499029 0.504942 0.493116 0.156596 0.174754 0.138438 0.154732 0.00591312 0.0181581 0.00329254 0.00132735
0.39304 0.493303 0.499052 0.487554 0.153556 0.171301 0.13581 0.152786 0.00574899 0.0177454 0.00321209 0.00130527
0.396431 0.487572 0.493161 0.481982 0.150545 0.167885 0.133204 0.150862 0.00558942 0.0173406 0.00313358 0.00128348
0.399822 0.481836 0.487271 0.476402 0.147564 0.164507 0.13062 0.148957 0.00543428 0.0169436 0.00305696 0.00126196
0.403213 0.476097 0.481381 0.470814 0.144614 0.161168 0.128059 0.147072 0.00528343 0.0165542 0.00298218 0.00124072
0.406604 0.470355 0.475492 0.465218 0.141694 0.157866 0.125521 0.145206 0.00513674 0.0161723 0.0029092 0.00121975
0.409995 0.46461 0.469604 0.459616 0.138805 0.154603 0.123007 0.143359 0.00499409 0.0157978 0.00283795 0.00119904
0.413385 0.458863 0.463719 0.454008 0.135947 0.151377 0.120516 0.141531 0.00485536 0.0154306 0.0027684 0.00117859
0.416776 0.453115 0.457836 0.448395 0.133121 0.148191 0.11805 0.139722 0.00472042 0.0150705 0.0027005 0.0011584
0.420167 0.447367 0.451956 0.442777 0.130326 0.145043 0.115608 0.13793 0.00458918 0.0147173 0.00263421 0.00113847
0.423558 0.441618 0.446079 0.437156 0.127563 0.141934 0.113192 0.136155 0.00446151 0.0143711 0.00256948 0.00111878
0.426949 0.435869 0.440207 0.431532 0.124832 0.138864 0.1108 0.134398 0.00433732 0.0140317 0.00250628 0.00109934
0.43034 0.430123 0.434339 0.425906 0.122133 0.135832 0.108434 0.132658 0.0042165 0.0136989 0.00244456 0.00108014
0.43373 0.424378 0.428477 0.420279 0.119467 0.13284 0.106094 0.130935 0.00409895 0.0133727 0.00238428 0.00106118
0.437121 0.418636 0.422621 0.414652 0.116833 0.129886 0.10378 0.129227 0.00398459 0.0130529 0.00232541 0.00104246
0.440512 0.412898 0.416772 0.409025 0.114232 0.126971 0.101493 0.127536 0.00387331 0.0127394 0.00226792 0.00102397
0.443903 0.407165 0.41093 0.4034 0.111664 0.124096 0.0992319 0.125861 0.00376502 0.0124321 0.00221176 0.0010057
0.447294 0.401437 0.405097 0.397777 0.109129 0.12126 0.096998 0.124201 0.00365965 0.012131 0.0021569 0.000987669
0.450685 0.395715 0.399272 0.392158 0.106627 0.118463 0.0947913 0.122556 0.00355711 0.0118359 0.00210331 0.000969857
0.454075 0.390001 0.393458 0.386543 0.104159 0.115705 0.0926119 0.120926 0.00345731 0.0115466 0.00205096 0.000952265
0.457466 0.384294 0.387654 0.380933 0.101723 0.112987 0.0904601 0.119311 0.00336019 0.0112632 0.00199981 0.000934891
0.460857 0.378596 0.381861 0.37533 0.0993219 0.110307 0.0883364 0.11771 0.00326566 0.0109855 0.00194984 0.000917732
0.464248 0.372908 0.376081 0.369734 0.096954 0.107667 0.0862406 0.116123 0.00317364 0.0107134 0.00190101 0.000900786
0.467639 0.36723 0.370315 0.364146 0.0946196 0.105066 0.0841728 0.11455 0.00308408 0.0104468 0.0018533 0.000884051
0.47103 0.361565 0.364562 0.358568 0.092319 0.102505 0.0821334 0.112991 0.0029969 0.0101857 0.00180669 0.000867523
0.47442 0.355912 0.358824 0.353 0.0900523 0.0999821 0.0801225 0.111445 0.00291203 0.00992981 0.00176113 0.0008512
0.477811 0.350273 0.353102 0.347444 0.0878196 0.0974988 0.0781403 0.109913 0.00282941 0.00967921 0.00171661 0.000835081
0.481202 0.344649 0.347398 0.3419 0.0856207 0.0950545 0.0761869 0.108393 0.00274898 0.00943376 0.0016731 0.000819163
0.484593 0.33904 0.34171 0.336369 0.0834558 0.0926492 0.0742624 0.106887 0.00267068 0.00919336 0.00163058 0.000803444
0.487984 0.333448 0.336042 0.330853 0.0813246 0.0902825 0.0723666 0.105393 0.00259445 0.00895793 0.00158903 0.000787922
0.491375 0.327874 0.330394 0.325353 0.0792275 0.0879549 0.0705001 0.103911 0.00252023 0.00872739 0.00154841 0.000772595
0.494765 0.322318 0.324766 0.31987 0.0771643 0.085666 0.0686627 0.102442 0.00244796 0.00850166 0.00150871 0.000757461
0.498156 0.316783 0.319161 0.314405 0.075135 0.0834156 0.0668543 0.100984 0.0023776 0.00828064 0.00146991 0.000742519
0.501547 0.311269 0.313578 0.30896 0.0731395 0.0812037 0.0650752 0.0995389 0.00230909 0.00806426 0.00143198 0.000727766
0.504938 0.305776 0.308019 0.303534 0.0711778 0.0790302 0.0633253 0.0981052 0.00224239 0.00785244 0.00139491 0.000713202
0.508329 0.300307 0.302485 0.29813 0.0692498 0.0768949 0.0616047 0.096683 0.00217743 0.0076451 0.00135867 0.000698823
0.51172 0.294862 0.296976 0.292748 0.0673555 0.0747976 0.0599133 0.0952723 0.00211419 0.00744217 0.00132324 0.00068463
0.51511 0.289442 0.291495 0.28739 0.0654947 0.0727382 0.0582511 0.0938729 0.0020526 0.00724355 0.00128862 0.000670619
0.518501 0.284049 0.286042 0.282057 0.0636674 0.0707166 0.0566182 0.0924845 0.00199263 0.00704919 0.00125477 0.00065679
0.521892 0.278684 0.280618 0.27675 0.0618734 0.0687324 0.0550144 0.0911072 0.00193424 0.00685901 0.00122168 0.000643141
0.525283 0.273347 0.275224 0.27147 0.0601127 0.0667857 0.0534398 0.0897407 0.00187738 0.00667293 0.00118933 0.000629671
0.528674 0.26804 0.269862 0.266218 0.0583851 0.064876 0.0518942 0.088385 0.00182201 0.00649089 0.00115771 0.000616379
0.532065 0.262764 0.264532 0.260996 0.0566905 0.0630033 0.0503777 0.0870399 0.00176809 0.00631281 0.0011268 0.000603263
0.535455 0.25752 0.259235 0.255804 0.0550286 0.0611672 0.04889 0.0857054 0.00171559 0.00613862 0.00109658 0.000590322
0.538846 0.252309 0.253973 0.250644 0.0533994 0.0593676 0.0474311 0.0843812 0.00166446 0.00596825 0.00106704 0.000577554
0.542237 0.247132 0.248747 0.245518 0.0518026 0.0576043 0.046001 0.0830674 0.00161468 0.00580165 0.00103817 0.000564959
0.545628 0.241991 0.243557 0.240425 0.0502381 0.0558769 0.0445994 0.0817638 0.0015662 0.00563874 0.00100994 0.000552535
0.549019 0.236886 0.238405 0.235367 0.0487057 0.0541852 0.0432263 0.0804703 0.001519 0.00547945 0.000982352 0.000540282
0.55241 0.231819 0.233292 0.230346 0.0472051 0.0525289 0.0418814 0.079187 0.00147304 0.00532373 0.000955384 0.000528197
0.5558 0.226791 0.228219 0.225363 0.0457362 0.0509077 0.0405647 0.0779136 0.00142828 0.00517151 0.000929022 0.000516281
0.559191 0.221803 0.223187 0.220418 0.0442987 0.0493214 0.039276 0.0766501 0.00138471 0.00502272 0.000903256 0.000504532
0.562582 0.216855 0.218197 0.215513 0.0428923 0.0477696 0.038015 0.0753965 0.00134228 0.00487732 0.000878072 0.000492948
0.565973 0.211949 0.21325 0.210648 0.0415169 0.0462521 0.0367816 0.0741526 0.00130097 0.00473523 0.000853458 0.00048153
0.569364 0.207087 0.208347 0.205826 0.0401721 0.0447685 0.0355757 0.0729186 0.00126076 0.0045964 0.000829402 0.000470276
0.572755 0.202268 0.20349 0.201047 0.0388577 0.0433185 0.034397 0.0716942 0.0012216 0.00446077 0.000805893 0.000459185
0.576146 0.197495 0.198679 0.196312 0.0375735 0.0419018 0.0332452 0.0704795 0.00118348 0.00432828 0.000782918 0.000448256
0.579536 0.192768 0.193914 0.191622 0.0363191 0.040518 0.0321202 0.0692744 0.00114638 0.00419888 0.000760467 0.000437488
0.582927 0.188088 0.189198 0.186978 0.0350942 0.0391667 0.0310217 0.0680788 0.00111026 0.00407251 0.000738529 0.000426881
0.586318 0.183457 0.184532 0.182381 0.0338986 0.0378477 0.0299494 0.0668929 0.0010751 0.00394911 0.000717094 0.000416433
0.589709 0.178874 0.179915 0.177833 0.0327318 0.0365605 0.0289032 0.0657164 0.00104088 0.00382864 0.000696151 0.000406144
0.5931 0.174342 0.17535 0.173335 0.0315938 0.0353048 0.0278827 0.0645495 0.00100757 0.00371104 0.000675691 0.000396012
0.596491 0.169861 0.170836 0.168886 0.030484 0.0340802 0.0268877 0.0633921 0.00097515 0.00359625 0.000655703 0.000386038
0.599881 0.165432 0.166376 0.164489 0.0294022 0.0328864 0.0259179 0.0622441 0.000943602 0.00348423 0.000636179 0.00037622
0.603272 0.161056 0.161969 0.160143 0.028348 0.0317229 0.024973 0.0611057 0.000912904 0.00337492 0.000617109 0.000366556
0.606663 0.156734 0.157617 0.155851 0.027321 0.0305893 0.0240527 0.0599767 0.000883033 0.00326828 0.000598484 0.000357048
0.610054 0.152467 0.153321 0.151613 0.026321 0.0294853 0.0231568 0.0588572 0.000853969 0.00316426 0.000580296 0.000347693
0.613445 0.148255 0.149081 0.14743 0.0253476 0.0284104 0.0222848 0.0577471 0.000825694 0.0030628 0.000562535 0.000338491
0.616836 0.1441 0.144898 0.143302 0.0244004 0.0273643 0.0214366 0.0566466 0.000798187 0.00296386 0.000545193 0.00032944
0.620226 0.140002 0.140774 0.139231 0.0234791 0.0263465 0.0206117 0.0555555 0.000771431 0.00286739 0.000528263 0.000320541
0.623617 0.135962 0.136707 0.135217 0.0225832 0.0253566 0.0198099 0.054474 0.000745407 0.00277335 0.000511737 0.000311793
0.627008 0.131981 0.132701 0.131261 0.0217124 0.0243941 0.0190307 0.0534021 0.000720097 0.0026817 0.000495605 0.000303193
0.630399 0.128059 0.128754 0.127363 0.0208664 0.0234588 0.018274 0.0523396 0.000695486 0.00259238 0.000479862 0.000294743
0.63379 0.124197 0.124869 0.123526 0.0200447 0.02255 0.0175393 0.0512868 0.000671555 0.00250535 0.0004645 0.00028644
0.637181 0.120396 0.121044 0.119748 0.0192469 0.0216675 0.0168263 0.0502436 0.000648289 0.00242057 0.00044951 0.000278285
0.640571 0.116656 0.117282 0.116031 0.0184727 0.0208107 0.0161347 0.0492101 0.000625672 0.00233799 0.000434887 0.000270276
0.643962 0.112978 0.113582 0.112375 0.0177217 0.0199792 0.0154641 0.0481862 0.000603688 0.00225758 0.000420623 0.000262412
0.647353 0.109363 0.109945 0.108781 0.0169934 0.0191727 0.0148141 0.047172 0.000582323 0.00217929 0.000406712 0.000254692
0.650744 0.105811 0.106373 0.105249 0.0162875 0.0183906 0.0141844 0.0461676 0.000561561 0.00210309 0.000393147 0.000247117
0.654135 0.102322 0.102864 0.101781 0.0156036 0.0176325 0.0135747 0.045173 0.000541389 0.00202892 0.000379921 0.000239684
0.657526 0.0988972 0.099419 0.0983754 0.0149412 0.016898 0.0129845 0.0441883 0.000521793 0.00195675 0.000367028 0.000232393
0.660916 0.0955366 0.0960394 0.0950339 0.0143 0.0161865 0.0124134 0.0432134 0.000502758 0.00188655 0.000354461 0.000225243
0.664307 0.0922405 0.0927248 0.0917562 0.0136796 0.0154978 0.0118613 0.0422485 0.000484272 0.00181827 0.000342216 0.000218233
0.667698 0.0890095 0.0894758 0.0885432 0.0130794 0.0148313 0.0113276 0.0412935 0.000466322 0.00175187 0.000330285 0.000211363
0.671089 0.0858437 0.0862926 0.0853948 0.0124993 0.0141866 0.0108119 0.0403486 0.000448896 0.00168733 0.000318663 0.000204631
0.67448 0.0827434 0.0831754 0.0823115 0.0119386 0.0135632 0.010314 0.0394138 0.00043198 0.00162459 0.000307344 0.000198036
0.677871 0.0797087 0.0801242 0.0792931 0.0113971 0.0129607 0.00983347 0.0384891 0.000415563 0.00156363 0.000296323 0.000191577
0.681261 0.07674 0.0771397 0.0763404 0.0108743 0.0123787 0.0093699 0.0375747 0.000399633 0.00150441 0.000285593 0.000185254
0.684652 0.0738371 0.0742213 0.0734529 0.0103698 0.0118167 0.00892291 0.0366704 0.000384179 0.00144689 0.00027515 0.000179065
0.688043 0.0710002 0.0713694 0.070631 0.00988319 0.0112742 0.00849215 0.0357765 0.00036919 0.00139103 0.000264988 0.00017301
0.691434 0.0682294 0.0685841 0.0678748 0.00941408 0.0107509 0.00807726 0.034893 0.000354655 0.00133682 0.000255102 0.000167087
0.694825 0.0655247 0.0658653 0.0651841 0.00896207 0.0102463 0.00767787 0.0340198 0.000340562 0.0012842 0.000245486 0.000161296
0.698216 0.0628858 0.0632127 0.0625589 0.00852674 0.00975989 0.00729359 0.0331572 0.000326902 0.00123315 0.000236136 0.000155635
0.701606 0.0603129 0.0606266 0.0599993 0.00810771 0.00929134 0.00692407 0.0323051 0.000313664 0.00118364 0.000227047 0.000150103
0.704997 0.0578056 0.0581064 0.0575048 0.00770454 0.00884016 0.00656892 0.0314636 0.000300839 0.00113562 0.000218214 0.000144699
0.708388 0.0553638 0.0556522 0.0550754 0.00731686 0.00840594 0.00622778 0.0306327 0.000288416 0.00108908 0.000209631 0.000139422
0.711779 0.0529875 0.0532638 0.0527111 0.00694431 0.00798828 0.00590033 0.0298126 0.000276387 0.00104397 0.000201295 0.000134271
0.71517 0.050676 0.0509407 0.0504113 0.00658644 0.00758671 0.00558616 0.0290032 0.000264741 0.00100028 0.0001932 0.000129245
0.718561 0.0484292 0.0486827 0.0481758 0.00624289 0.00720085 0.00528494 0.0282047 0.00025347 0.000957957 0.000185342 0.000124342
0.721951 0.0462467 0.0464893 0.0460042 0.00591327 0.00683025 0.00499628 0.0274171 0.000242564 0.000916984 0.000177716 0.000119562
0.725342 0.0441281 0.0443602 0.0438961 0.0055972 0.00647452 0.00471987 0.0266404 0.000232016 0.000877329 0.000170319 0.000114903
0.728733 0.042073 0.0422948 0.0418512 0.0052943 0.00613326 0.00445534 0.0258747 0.000221816 0.000838962 0.000163144 0.000110364
0.732124 0.0400808 0.0402927 0.0398688 0.0050042 0.00580605 0.00420234 0.02512 0.000211956 0.000801854 0.000156189 0.000105944
0.735515 0.0381509 0.0383534 0.0379485 0.00472652 0.0054925 0.00396054 0.0243765 0.000202427 0.000765978 0.000149449 0.000101641
0.738906 0.0362829 0.0364762 0.0360897 0.0044609 0.00519221 0.0037296 0.0236442 0.000193223 0.000731305 0.000142919 9.74539e-05
0.742296 0.0344761 0.0346604 0.0342918 0.00420699 0.00490479 0.00350918 0.022923 0.000184334 0.000697807 0.000136596 9.33819e-05
0.745687 0.0327298 0.0329056 0.0325541 0.00396441 0.00462987 0.00329895 0.0222132 0.000175754 0.000665458 0.000130474 8.94234e-05
0.749078 0.0310434 0.0312109 0.0308759 0.00373282 0.00436705 0.00309859 0.0215146 0.000167474 0.00063423 0.000124551 8.55771e-05
0.752469 0.029416 0.0295755 0.0292565 0.00351188 0.00411597 0.00290778 0.0208274 0.000159487 0.000604098 0.000118823 8.18416e-05
0.75586 0.0278469 0.0279987 0.0276952 0.00330123 0.00387626 0.00272619 0.0201516 0.000151786 0.000575034 0.000113284 7.82154e-05
0.759251 0.0263354 0.0264797 0.026191 0.00310054 0.00364755 0.00255352 0.0194873 0.000144364 0.000547015 0.000107932 7.46973e-05
0.762641 0.0248804 0.0250176 0.0247432 0.00290947 0.00342949 0.00238946 0.0188344 0.000137214 0.000520014 0.000102762 7.12858e-05
0.766032 0.0234813 0.0236116 0.0233509 0.00272771 0.00322172 0.00223371 0.0181931 0.000130328 0.000494006 9.77702e-05 6.79793e-05
0.769423 0.0221369 0.0222606 0.0220132 0.00255493 0.0030239 0.00208596 0.0175633 0.0001237 0.000468968 9.29535e-05 6.47766e-05
0.772814 0.0208465 0.0209638 0.0207292 0.00239081 0.00283568 0.00194593 0.0169451 0.000117324 0.000444874 8.83076e-05 6.1676e-05
0.776205 0.019609 0.0197202 0.0194978 0.00223504 0.00265674 0.00181334 0.0163386 0.000111192 0.000421701 8.38291e-05 5.86762e-05
0.779596 0.0184234 0.0185287 0.0183181 0.00208732 0.00248674 0.00168789 0.0157437 0.000105299 0.000399426 7.9514e-05 5.57755e-05
0.782986 0.0172887 0.0173883 0.017189 0.00194735 0.00232537 0.00156932 0.0151605 9.96385e-05 0.000378025 7.53588e-05 5.29724e-05
0.786377 0.0162037 0.0162979 0.0161095 0.00181483 0.00217231 0.00145736 0.014589 9.42038e-05 0.000357475 7.136e-05 5.02655e-05
0.789768 0.0151675 0.0152565 0.0150785 0.00168948 0.00202724 0.00135173 0.0140292 8.89891e-05 0.000337755 6.75138e-05 4.7653e-05
0.793159 0.0141789 0.0142629 0.0140949 0.00157102 0.00188987 0.00125218 0.0134812 8.39884e-05 0.000318842 6.38169e-05 4.51336e-05
0.79655 0.0132368 0.013316 0.0131576 0.00145918 0.00175989 0.00115846 0.0129449 7.91959e-05 0.000300714 6.02656e-05 4.27054e-05
0.799941 0.0123401 0.0124147 0.0122655 0.00135368 0.00163703 0.00107033 0.0124204 7.46058e-05 0.00028335 5.68565e-05 4.03671e-05
0.803332 0.0114875 0.0115577 0.0114173 0.00125426 0.00152099 0.000987532 0.0119076 7.02125e-05 0.000266729 5.35862e-05 3.81168e-05
0.806722 0.0106779 0.0107439 0.0106118 0.00116067 0.0014115 0.000909843 0.0114067 6.60104e-05 0.000250829 5.04512e-05 3.5953e-05
0.810113 0.00991004 0.00997204 0.00984805 0.00107266 0.00130829 0.000837025 0.0109174 6.1994e-05 0.000235631 4.74482e-05 3.3874e-05
0.813504 0.00918279 0.00924095 0.00912463 0.000989976 0.00121109 0.000768862 0.01044 5.8158e-05 0.000221114 4.45739e-05 3.18782e-05
0.816895 0.00849492 0.00854942 0.00844042 0.000912391 0.00111965 0.000705133 0.0099743 5.4497e-05 0.000207258 4.18249e-05 2.99638e-05
0.820286 0.00784518 0.00789618 0.00779417 0.00083967 0.00103371 0.000645627 0.00952035 5.1006e-05 0.000194044 3.9198e-05 2.81292e-05
0.823677 0.00723235 0.00728003 0.00718467 0.000771588 0.000953039 0.000590136 0.00907813 4.76797e-05 0.000181451 3.66899e-05 2.63727e-05
0.827067 0.00665517 0.00669969 0.00661066 0.000707929 0.000877391 0.000538466 0.00864761 4.45132e-05 0.000169463 3.42974e-05 2.46926e-05
0.830458 0.00611243 0.00615393 0.00607093 0.000648476 0.000806535 0.000490417 0.00822877 4.15014e-05 0.000158059 3.20173e-05 2.30871e-05
0.833849 0.00560288 0.00564152 0.00556424 0.000593027 0.000740248 0.000445807 0.00782158 3.86396e-05 0.000147221 2.98464e-05 2.15545e-05
0.83724 0.00512528 0.0051612 0.00508935 0.000541383 0.000678314 0.000404453 0.00742601 3.59229e-05 0.000136931 2.77817e-05 2.00931e-05
0.840631 0.00467837 0.00471172 0.00464502 0.000493348 0.000620519 0.000366177 0.00704201 3.33467e-05 0.000127171 2.58199e-05 1.87012e-05
0.844022 0.00426095 0.00429185 0.00423004 0.000448734 0.000566658 0.00033081 0.00666954 3.09062e-05 0.000117924 2.39581e-05 1.73769e-05
0.847412 0.00387179 0.00390038 0.00384319 0.000407361 0.000516534 0.000298189 0.00630856 2.8597e-05 0.000109172 2.21931e-05 1.61186e-05
0.850803 0.00350967 0.00353609 0.00348326 0.000369053 0.000469952 0.000268154 0.005959 2.64145e-05 0.000100899 2.05221e-05 1.49244e-05
0.854194 0.0031734 0.00319775 0.00314904 0.000333641 0.000426729 0.000240554 0.00562082 2.43543e-05 9.30877e-05 1.89419e-05 1.37927e-05
0.857585 0.00286177 0.00288418 0.00283936 0.000300962 0.000386683 0.00021524 0.00529395 2.24121e-05 8.57214e-05 1.74496e-05 1.27215e-05
0.860976 0.00257362 0.00259421 0.00255304 0.000270857 0.000349641 0.000192073 0.00497831 2.05837e-05 7.87841e-05 1.60424e-05 1.17093e-05
0.864367 0.00230779 0.00232665 0.00228892 0.000243176 0.000315436 0.000170916 0.00467385 1.88647e-05 7.22601e-05 1.47173e-05 1.07541e-05
0.867757 0.00206313 0.00208038 0.00204588 0.000217771 0.000283905 0.000151638 0.00438046 1.72512e-05 6.61335e-05 1.34714e-05 9.85419e-06
0.871148 0.00183852 0.00185426 0.00182278 0.000194504 0.000254894 0.000134115 0.00409809 1.5739e-05 6.03892e-05 1.23018e-05 9.00785e-06
0.874539 0.00163286 0.00164719 0.00161854 0.000173239 0.000228251 0.000118227 0.00382662 1.43241e-05 5.50119e-05 1.12059e-05 8.21327e-06
0.87793 0.00144508 0.00145808 0.00143208 0.000153847 0.000203834 0.000103861 0.00356597 1.30026e-05 4.99868e-05 1.01808e-05 7.46869e-06
0.881321 0.00127412 0.00128589 0.00126235 0.000136205 0.000181504 9.09054e-05 0.00331603 1.17706e-05 4.52994e-05 9.22381e-06 6.77234e-06
0.884712 0.00111894 0.00112957 0.00110832 0.000120193 0.000161128 7.92574e-05 0.0030767 1.06244e-05 4.09354e-05 8.33214e-06 6.12246e-06
0.888102 0.00097856 0.00098812 0.000968999 0.000105699 0.000142579 6.8818e-05 0.00284786 9.56026e-06 3.68807e-05 7.50315e-06 5.51729e-06
0.891493 0.000851992 0.000860566 0.000843417 9.26142e-05 0.000125736 5.94926e-05 0.00262939 8.57444e-06 3.31215e-05 6.73418e-06 4.95508e-06
0.894884 0.000738296 0.000745959 0.000730633 8.08361e-05 0.00011048 5.11917e-05 0.00242117 7.66337e-06 2.96444e-05 6.02261e-06 4.43408e-06
0.898275 0.000636559 0.000643383 0.000629736 7.02665e-05 9.67025e-05 4.38306e-05 0.00222307 6.82354e-06 2.64359e-05 5.36587e-06 3.95257e-06
0.901666 0.000545897 0.000551949 0.000539846 6.08123e-05 8.42955e-05 3.73292e-05 0.00203494 6.05146e-06 2.34832e-05 4.76141e-06 3.50882e-06
0.905057 0.000465463 0.000470807 0.000460119 5.23848e-05 7.31582e-05 3.16114e-05 0.00185665 5.34374e-06 2.07734e-05 4.20672e-06 3.10111e-06
0.908447 0.000394436 0.000399133 0.000389739 4.49003e-05 6.31943e-05 2.66062e-05 0.00168803 4.69704e-06 1.8294e-05 3.69931e-06 2.72774e-06
0.911838 0.000332034 0.000336142 0.000327926 3.82794e-05 5.43123e-05 2.22465e-05 0.00152893 4.10809e-06 1.60329e-05 3.23675e-06 2.38703e-06
0.915229 0.00027751 0.000281083 0.000273936 3.24473e-05 4.64253e-05 1.84693e-05 0.00137919 3.57368e-06 1.3978e-05 2.81663e-06 2.0773e-06
0.91862 0.000230148 0.000233238 0.000227057 2.73332e-05 3.94507e-05 1.52156e-05 0.00123863 3.09067e-06 1.21176e-05 2.43658e-06 1.79689e-06
0.922011 0.00018927 0.000191926 0.000186614 2.28707e-05 3.33108e-05 1.24306e-05 0.00110706 2.65599e-06 1.04401e-05 2.09429e-06 1.54416e-06
0.925402 0.000154233 0.000156499 0.000151966 1.89974e-05 2.79319e-05 1.00629e-05 0.000984312 2.26663e-06 8.93448e-06 1.78747e-06 1.3175e-06
0.928792 0.00012443 0.00012635 0.00012251 1.56549e-05 2.32446e-05 8.06526e-06 0.000870173 1.91964e-06 7.58967e-06 1.51387e-06 1.1153e-06
0.932183 9.92901e-05 0.000100902 9.7678e-05 1.27886e-05 1.91836e-05 6.39363e-06 0.000764443 1.61217e-06 6.395e-06 1.27129e-06 9.35975e-07
0.935574 7.82784e-05 7.96198e-05 7.6937e-05 1.03476e-05 1.56876e-05 5.00756e-06 0.000666909 1.3414e-06 5.34001e-06 1.05757e-06 7.77977e-07
0.938965 6.08959e-05 6.20005e-05 5.97913e-05 8.28445e-06 1.2699e-05 3.86992e-06 0.000577348 1.1046e-06 4.41454e-06 8.70604e-07 6.39772e-07
0.942356 4.6679e-05 4.75781e-05 4.57799e-05 6.55541e-06 1.01641e-05 2.94674e-06 0.000495529 8.99109e-07 3.60867e-06 7.08327e-07 5.19855e-07
0.945747 3.52005e-05 3.59228e-05 3.44782e-05 5.11994e-06 8.03271e-06 2.20716e-06 0.000421211 7.22332e-07 2.91277e-06 5.68721e-07 4.16751e-07
0.949137 2.6067e-05 2.66388e-05 2.54953e-05 3.94075e-06 6.25822e-06 1.62328e-06 0.000354143 5.71754e-07 2.31747e-06 4.49819e-07 3.29014e-07
0.952528 1.89208e-05 1.93658e-05 1.84759e-05 2.98367e-06 4.79733e-06 1.17001e-06 0.000294062 4.44932e-07 1.81366e-06 3.49709e-07 2.55232e-07
0.955919 1.34377e-05 1.37772e-05 1.30982e-05 2.21749e-06 3.61003e-06 8.24951e-07 0.000240695 3.39501e-07 1.39254e-06 2.6653e-07 1.94027e-07
0.95931 9.32683e-06 9.58e-06 9.07365e-06 1.61389e-06 2.65946e-06 5.68319e-07 0.000193758 2.53175e-07 1.04557e-06 1.98482e-07 1.4406e-07
0.962701 6.32999e-06 6.51374e-06 6.14624e-06 1.14729e-06 1.91181e-06 3.82764e-07 0.000152952 1.83749e-07 7.64525e-07 1.4382e-07 1.04031e-07
0.966092 4.22089e-06 4.35e-06 4.09179e-06 7.94747e-07 1.33621e-06 2.53286e-07 0.000117965 1.29104e-07 5.41461e-07 1.00864e-07 7.26838e-08
0.969482 2.80445e-06 2.89166e-06 2.71724e-06 5.35873e-07 9.04627e-07 1.67119e-07 8.84735e-05 8.7209e-08 3.68754e-07 6.80024e-08 4.88084e-08
0.972873 1.91639e-06 1.97251e-06 1.86026e-06 3.52749e-07 5.9185e-07 1.13648e-07 6.41354e-05 5.6124e-08 2.39101e-07 4.36899e-08 3.12459e-08
0.976264 1.42388e-06 1.45789e-06 1.38987e-06 2.29922e-07 3.75458e-07 8.43857e-08 4.45964e-05 3.4008e-08 1.45536e-07 2.64583e-08 1.88917e-08
0.979655 1.22873e-06 1.24786e-06 1.20961e-06 1.54569e-07 2.36019e-07 7.31186e-08 2.94915e-05 1.91224e-08 8.14503e-08 1.49194e-08 1.07009e-08
0.983046 1.28027e-06 1.29011e-06 1.27043e-06 1.17253e-07 1.57868e-07 7.66379e-08 1.84609e-05 9.83852e-09 4.06153e-08 7.7711e-09 5.69295e-09
0.986437 1.63711e-06 1.64175e-06 1.63247e-06 1.1564e-07 1.32857e-07 9.84236e-08 1.12154e-05 4.64302e-09 1.72167e-08 3.80164e-09 2.95463e-09
0.989827 3.22195e-06 3.22408e-06 3.21983e-06 2.00013e-07 2.05912e-07 1.94115e-07 7.94579e-06 2.12583e-09 5.89832e-09 1.87438e-09 1.62086e-09
0.993218 9.9084e-06 9.9087e-06 9.9081e-06 5.99907e-07 6.0248e-07 5.97333e-07 3.0883e-05 3.03023e-10 2.57358e-09 1.52246e-10 0
4.01075e-314 inf inf inf inf inf inf 0.000221365 6.00355 0.439869 0.222457 0.0529286
