9.72476e-05 63.0166 63.8939 62.1394 36.9987 37.5589 36.4385 18.5226 0.877292 0.560173 0.161595 0.153394
0.0001 62.5528 63.4263 61.6792 36.7451 37.303 36.1872 18.3882 0.873524 0.557895 0.160762 0.15247
0.00010283 62.1026 62.9724 61.2329 36.4985 37.0541 35.9428 18.2545 0.869772 0.555626 0.159933 0.151551
0.000105741 61.7329 62.5989 60.8669 36.2932 36.8466 35.7398 18.1216 0.866033 0.553365 0.159111 0.150636
0.000108734 61.2588 62.1211 60.3965 36.0341 36.5852 35.483 17.9895 0.862309 0.551113 0.158293 0.149726
0.000111811 60.7878 61.6464 59.9292 35.7765 36.3253 35.2276 17.8581 0.858599 0.54887 0.157481 0.14882
0.000114976 60.3196 61.1746 59.4647 35.5202 36.0669 34.9736 17.7275 0.854903 0.546635 0.156674 0.147918
0.00011823 59.8545 60.7057 59.0033 35.2654 35.8099 34.721 17.5976 0.851222 0.544408 0.155873 0.147021
0.000121576 59.3923 60.2398 58.5447 35.0121 35.5543 34.4699 17.4685 0.847554 0.54219 0.155076 0.146128
0.000125017 58.933 59.7769 58.0891 34.7601 35.3001 34.2202 17.3401 0.843901 0.539981 0.154286 0.145239
0.000128556 58.4766 59.3168 57.6363 34.5096 35.0474 33.9719 17.2125 0.840261 0.53778 0.1535 0.144354
0.000132194 58.0231 58.8598 57.1865 34.2605 34.7961 33.7249 17.0856 0.836635 0.535587 0.15272 0.143474
0.000135936 57.5725 58.4055 56.7395 34.0128 34.5462 33.4794 16.9594 0.833022 0.533402 0.151944 0.142598
0.000139783 57.1248 57.9542 56.2953 33.7665 34.2977 33.2353 16.834 0.829424 0.531226 0.151174 0.141726
0.000143739 56.6799 57.5057 55.854 33.5216 34.0506 32.9925 16.7093 0.825838 0.529058 0.15041 0.140859
0.000147808 56.2378 57.06 55.4155 33.278 33.8049 32.7511 16.5853 0.822267 0.526898 0.14965 0.139995
0.000151991 55.7985 56.6172 54.9798 33.0358 33.5606 32.5111 16.462 0.818708 0.524747 0.148896 0.139136
0.000156293 55.362 56.1772 54.5469 32.795 33.3176 32.2724 16.3395 0.815163 0.522603 0.148147 0.13828
0.000160717 54.9284 55.74 54.1167 32.5556 33.0761 32.0351 16.2176 0.811631 0.520468 0.147404 0.137429
0.000165265 54.4975 55.3056 53.6893 32.3175 32.8358 31.7991 16.0965 0.808112 0.51834 0.146665 0.136582
0.000169943 54.0694 54.874 53.2647 32.0808 32.597 31.5646 15.9761 0.804606 0.516221 0.145932 0.135739
0.000174753 53.644 54.4451 52.8428 31.8454 32.3595 31.3313 15.8564 0.801114 0.51411 0.145204 0.1349
0.000179699 53.2212 54.0189 52.4236 31.6113 32.1233 31.0993 15.7374 0.797634 0.512006 0.14448 0.134065
0.000184785 52.8013 53.5955 52.0071 31.3786 31.8885 30.8687 15.6191 0.794166 0.50991 0.143763 0.133234
0.000190015 52.384 53.1747 51.5933 31.1472 31.655 30.6394 15.5014 0.790712 0.507823 0.14305 0.132407
0.000195393 51.9694 52.7567 51.1822 30.9171 31.4229 30.4114 15.3845 0.78727 0.505743 0.142342 0.131584
0.000200923 51.5575 52.3413 50.7737 30.6883 31.192 30.1847 15.2683 0.783841 0.50367 0.14164 0.130765
0.00020661 51.1483 51.9287 50.3678 30.4609 30.9625 29.9593 15.1527 0.780424 0.501606 0.140943 0.12995
0.000212458 50.7416 51.5186 49.9646 30.2347 30.7343 29.7352 15.0378 0.777019 0.499549 0.140251 0.129139
0.000218471 50.3377 51.1113 49.5641 30.0099 30.5074 29.5124 14.9236 0.773627 0.4975 0.139564 0.128332
0.000224655 49.9363 50.7065 49.166 29.7863 30.2817 29.2908 14.8101 0.770247 0.495459 0.138882 0.127529
0.000231013 49.5375 50.3044 48.7706 29.564 30.0574 29.0706 14.6972 0.766879 0.493425 0.138205 0.126729
0.000237551 49.1413 49.9049 48.3778 29.343 29.8344 28.8516 14.585 0.763523 0.491399 0.137533 0.125934
0.000244275 48.7477 49.5078 47.9875 29.1232 29.6126 28.6339 14.4735 0.760179 0.48938 0.136866 0.125142
0.000251189 48.3566 49.1134 47.5998 28.9048 29.3921 28.4174 14.3626 0.756846 0.487368 0.136205 0.124354
0.000258298 47.9681 48.7216 47.2145 28.6876 29.1729 28.2022 14.2524 0.753526 0.485364 0.135548 0.12357
0.000265609 47.5821 48.3323 46.8319 28.4716 28.9549 27.9882 14.1428 0.750217 0.483368 0.134897 0.12279
0.000273126 47.1986 47.9455 46.4517 28.2568 28.7382 27.7755 14.0339 0.74692 0.481379 0.13425 0.122013
0.000280857 46.8176 47.5613 46.074 28.0434 28.5228 27.564 13.9256 0.743634 0.479397 0.133609 0.12124
0.000288806 46.4391 47.1795 45.6988 27.8311 28.3086 27.3537 13.818 0.740359 0.477422 0.132973 0.120471
0.00029698 46.0631 46.8002 45.326 27.6201 28.0956 27.1447 13.711 0.737096 0.475455 0.132341 0.119706
0.000305386 45.6896 46.4234 44.9557 27.4104 27.8839 26.9369 13.6046 0.733844 0.473494 0.131715 0.118944
0.000314029 45.3184 46.049 44.5878 27.2018 27.6733 26.7303 13.4989 0.730603 0.471541 0.131094 0.118186
0.000322917 44.9498 45.6772 44.2224 26.9945 27.4641 26.5249 13.3938 0.727373 0.469595 0.130478 0.117431
0.000332057 44.5835 45.3077 43.8594 26.7883 27.256 26.3206 13.2894 0.724154 0.467656 0.129866 0.116681
0.000341455 44.2197 44.9407 43.4988 26.5834 27.0491 26.1176 13.1855 0.720945 0.465724 0.12926 0.115934
0.000351119 43.8583 44.576 43.1405 26.3796 26.8434 25.9158 13.0823 0.717748 0.4638 0.128659 0.11519
0.000361057 43.4992 44.2138 42.7846 26.1771 26.6389 25.7152 12.9797 0.714561 0.461882 0.128062 0.11445
0.000371276 43.1425 43.8539 42.4311 25.9757 26.4357 25.5157 12.8778 0.711384 0.459971 0.127471 0.113714
0.000381784 42.7882 43.4964 42.08 25.7755 26.2335 25.3174 12.7764 0.708218 0.458066 0.126885 0.112981
0.00039259 42.4362 43.1413 41.7312 25.5765 26.0326 25.1203 12.6756 0.705062 0.456169 0.126303 0.112252
0.000403702 42.0865 42.7885 41.3846 25.3786 25.8329 24.9244 12.5755 0.701917 0.454278 0.125726 0.111526
0.000415128 41.7392 42.438 41.0404 25.1819 25.6343 24.7295 12.476 0.698781 0.452394 0.125155 0.110804
0.000426877 41.3942 42.0898 40.6985 24.9864 25.4369 24.5359 12.377 0.695656 0.450517 0.124588 0.110085
0.000438959 41.0515 41.744 40.3589 24.792 25.2407 24.3434 12.2787 0.69254 0.448647 0.124026 0.10937
0.000451383 40.711 41.4004 40.0215 24.5988 25.0456 24.152 12.1809 0.689435 0.446783 0.123469 0.108658
0.000464159 40.3728 41.0591 39.6865 24.4067 24.8516 23.9618 12.0838 0.686338 0.444926 0.122917 0.10795
0.000477296 40.0369 40.7201 39.3536 24.2157 24.6588 23.7727 11.9872 0.683252 0.443075 0.12237 0.107245
0.000490805 39.7031 40.3833 39.023 24.0259 24.4671 23.5847 11.8912 0.680175 0.44123 0.121828 0.106543
0.000504697 39.3717 40.0488 38.6946 23.8372 24.2766 23.3978 11.7958 0.677107 0.439392 0.121291 0.105845
0.000518981 39.0424 39.7165 38.3684 23.6496 24.0872 23.2121 11.701 0.674049 0.437561 0.120758 0.10515
0.00053367 38.7154 39.3864 38.0444 23.4631 23.8989 23.0274 11.6067 0.671 0.435736 0.12023 0.104459
0.000548775 38.3905 39.0585 37.7226 23.2778 23.7117 22.8439 11.5131 0.667959 0.433917 0.119707 0.103771
0.000564307 38.0679 38.7328 37.403 23.0936 23.5257 22.6614 11.42 0.664928 0.432104 0.119189 0.103086
0.000580278 37.7474 38.4093 37.0855 22.9104 23.3407 22.4801 11.3275 0.661905 0.430298 0.118676 0.102405
0.000596702 37.4291 38.088 36.7702 22.7283 23.1568 22.2998 11.2355 0.658892 0.428498 0.118168 0.101726
0.000613591 37.1129 37.7688 36.457 22.5473 22.974 22.1206 11.1441 0.655886 0.426704 0.117664 0.101052
0.000630957 36.7988 37.4517 36.1459 22.3674 22.7923 21.9425 11.0533 0.65289 0.424916 0.117165 0.10038
0.000648815 36.4869 37.1368 35.837 22.1886 22.6117 21.7654 10.963 0.649901 0.423134 0.116671 0.0997114
0.000667179 36.1771 36.824 35.5302 22.0108 22.4322 21.5895 10.8732 0.646921 0.421358 0.116182 0.0990462
0.000686062 35.8694 36.5133 35.2254 21.8341 22.2537 21.4145 10.7841 0.643949 0.419588 0.115697 0.0983841
0.00070548 35.5637 36.2047 34.9227 21.6585 22.0763 21.2407 10.6954 0.640985 0.417824 0.115217 0.0977253
0.000725448 35.2601 35.8982 34.6221 21.4839 21.9 21.0679 10.6074 0.638028 0.416065 0.114742 0.0970696
0.00074598 34.9586 35.5937 34.3236 21.3104 21.7247 20.8961 10.5198 0.63508 0.414313 0.114271 0.096417
0.000767094 34.6592 35.2913 34.0271 21.1379 21.5505 20.7254 10.4328 0.632139 0.412566 0.113806 0.0957677
0.000788805 34.3618 34.991 33.7326 20.9665 21.3773 20.5557 10.3464 0.629205 0.410825 0.113345 0.0951214
0.000811131 34.0664 34.6927 33.4402 20.7961 21.2052 20.387 10.2605 0.626279 0.40909 0.112888 0.0944782
0.000834088 33.7731 34.3964 33.1497 20.6267 21.0341 20.2194 10.1751 0.62336 0.40736 0.112436 0.0938381
0.000857696 33.4817 34.1022 32.8613 20.4583 20.864 20.0527 10.0902 0.620448 0.405636 0.111989 0.0932011
0.000881971 33.1924 33.8099 32.5748 20.291 20.6949 19.8871 10.0059 0.617544 0.403917 0.111547 0.0925671
0.000906934 32.905 33.5196 32.2903 20.1247 20.5269 19.7225 9.92206 0.614646 0.402204 0.111109 0.0919361
0.000932603 32.6196 33.2313 32.0078 19.9594 20.3599 19.5589 9.83878 0.611754 0.400496 0.110675 0.0913082
0.000958999 32.3361 32.945 31.7273 19.7951 20.1939 19.3963 9.75601 0.608869 0.398793 0.110247 0.0906832
0.000986142 32.0547 32.6606 31.4487 19.6318 20.0289 19.2347 9.67376 0.605991 0.397096 0.109822 0.0900613
0.00101405 31.7751 32.3782 31.172 19.4695 19.8649 19.0741 9.59202 0.603119 0.395404 0.109403 0.0894423
0.00104275 31.4975 32.0977 30.8972 19.3082 19.7019 18.9145 9.5108 0.600253 0.393717 0.108987 0.0888262
0.00107227 31.2218 31.8192 30.6244 19.1478 19.5399 18.7558 9.43008 0.597393 0.392036 0.108577 0.0882131
0.00110262 30.948 31.5425 30.3534 18.9885 19.3789 18.5981 9.34988 0.594538 0.390359 0.10817 0.0876029
0.00113382 30.6761 31.2678 30.0844 18.8301 19.2188 18.4414 9.27017 0.59169 0.388688 0.107768 0.0869956
0.00116591 30.4061 30.9949 29.8172 18.6727 19.0597 18.2856 9.19097 0.588847 0.387021 0.107371 0.0863911
0.00119891 30.1379 30.7239 29.5519 18.5162 18.9016 18.1309 9.11226 0.586009 0.38536 0.106978 0.0857896
0.00123285 29.8717 30.4548 29.2885 18.3607 18.7444 17.977 9.03406 0.583177 0.383703 0.106589 0.0851908
0.00126774 29.6073 30.1876 29.0269 18.2062 18.5882 17.8241 8.95634 0.580349 0.382051 0.106205 0.084595
0.00130362 29.3447 29.9222 28.7671 18.0526 18.433 17.6722 8.87911 0.577527 0.380404 0.105825 0.0840019
0.00134052 29.0839 29.6586 28.5092 17.9 18.2788 17.5212 8.80238 0.574709 0.378761 0.105449 0.0834116
0.00137846 28.825 29.3969 28.2531 17.7483 18.1254 17.3712 8.72613 0.571896 0.377123 0.105078 0.0828242
0.00141747 28.5678 29.1369 27.9987 17.5975 17.973 17.222 8.65036 0.569087 0.37549 0.104711 0.0822394
0.00145759 28.3125 28.8788 27.7462 17.4477 17.8216 17.0738 8.57508 0.566283 0.373861 0.104348 0.0816574
0.00149885 28.059 28.6225 27.4955 17.2988 17.671 16.9265 8.50027 0.563483 0.372237 0.103989 0.0810781
0.00154127 27.8073 28.3679 27.2466 17.1508 17.5214 16.7802 8.42594 0.560687 0.370617 0.103635 0.0805016
0.00158489 27.5573 28.1152 26.9994 17.0037 17.3727 16.6347 8.35209 0.557894 0.369002 0.103284 0.0799277
0.00162975 27.3091 27.8642 26.754 16.8576 17.225 16.4902 8.2787 0.555105 0.36739 0.102938 0.0793566
0.00167588 27.0626 27.6149 26.5103 16.7123 17.0781 16.3465 8.20579 0.552319 0.365783 0.102596 0.0787881
0.00172331 26.8179 27.3674 26.2683 16.568 16.9321 16.2038 8.13334 0.549537 0.36418 0.102257 0.0782222
0.00177209 26.5749 27.1216 26.0281 16.4245 16.7871 16.062 8.06135 0.546758 0.362581 0.101923 0.077659
0.00182224 26.3336 26.8776 25.7896 16.2819 16.6429 15.921 7.98983 0.543982 0.360986 0.101593 0.0770983
0.00187382 26.094 26.6352 25.5528 16.1403 16.4997 15.7809 7.91877 0.541208 0.359395 0.101266 0.0765403
0.00192685 25.8561 26.3946 25.3177 15.9995 16.3573 15.6417 7.84816 0.538437 0.357808 0.100943 0.0759848
0.00198139 25.62 26.1556 25.0843 15.8596 16.2158 15.5033 7.77801 0.535668 0.356225 0.100625 0.0754319
0.00203747 25.3855 25.9184 24.8525 15.7205 16.0752 15.3659 7.70831 0.532902 0.354646 0.10031 0.0748815
0.00209514 25.1526 25.6827 24.6224 15.5824 15.9354 15.2293 7.63906 0.530137 0.35307 0.0999984 0.0743337
0.00215443 24.9214 25.4488 24.394 15.4451 15.7966 15.0936 7.57026 0.527374 0.351497 0.0996908 0.0737883
0.00221541 24.6919 25.2165 24.1673 15.3086 15.6586 14.9587 7.50191 0.524613 0.349929 0.0993868 0.0732455
0.00227812 24.464 24.9858 23.9421 15.173 15.5214 14.8247 7.43399 0.521853 0.348363 0.0990865 0.0727051
0.00234259 24.2377 24.7568 23.7186 15.0383 15.3851 14.6915 7.36652 0.519094 0.346802 0.0987896 0.0721672
0.0024089 24.0131 24.5294 23.4968 14.9044 15.2497 14.5592 7.29949 0.516336 0.345243 0.0984963 0.0716317
0.00247708 23.7901 24.3036 23.2765 14.7714 15.1151 14.4277 7.23289 0.513579 0.343688 0.0982064 0.0710987
0.00254719 23.5686 24.0794 23.0578 14.6392 14.9813 14.297 7.16673 0.510823 0.342135 0.0979198 0.070568
0.00261928 23.3488 23.8568 22.8407 14.5078 14.8484 14.1672 7.101 0.508066 0.340586 0.0976365 0.0700397
0.00269341 23.1305 23.6358 22.6252 14.3772 14.7163 14.0382 7.03569 0.50531 0.33904 0.0973565 0.0695138
0.00276965 22.9138 23.4164 22.4113 14.2475 14.585 13.91 6.97082 0.502554 0.337497 0.0970797 0.0689902
0.00284804 22.6987 23.1985 22.1989 14.1186 14.4545 13.7826 6.90637 0.499798 0.335957 0.096806 0.068469
0.00292864 22.4851 22.9822 21.9881 13.9905 14.3249 13.6561 6.84235 0.497041 0.334419 0.0965353 0.0679501
0.00301153 22.2731 22.7674 21.7788 13.8632 14.1961 13.5303 6.77874 0.494284 0.332884 0.0962676 0.0674334
0.00309677 22.0626 22.5542 21.5711 13.7367 14.0681 13.4054 6.71555 0.491525 0.331352 0.0960029 0.0669191
0.00318442 21.8537 22.3425 21.3649 13.611 13.9408 13.2812 6.65278 0.488766 0.329822 0.095741 0.0664071
0.00327455 21.6462 22.1322 21.1602 13.4861 13.8144 13.1578 6.59043 0.486005 0.328294 0.0954818 0.0658972
0.00336723 21.4403 21.9235 20.957 13.362 13.6888 13.0353 6.52848 0.483242 0.326769 0.0952253 0.0653896
0.00346253 21.2359 21.7163 20.7554 13.2387 13.564 12.9135 6.46695 0.480478 0.325246 0.0949714 0.0648842
0.00356053 21.0329 21.5106 20.5552 13.1162 13.4399 12.7925 6.40582 0.477711 0.323726 0.09472 0.064381
0.00366131 20.8314 21.3064 20.3565 12.9944 13.3167 12.6722 6.3451 0.474942 0.322207 0.0944711 0.06388
0.00376494 20.6314 21.1036 20.1593 12.8735 13.1942 12.5528 6.28478 0.472171 0.32069 0.0942245 0.0633811
0.0038715 20.4329 20.9023 19.9635 12.7533 13.0724 12.4341 6.22486 0.469397 0.319176 0.0939801 0.0628843
0.00398107 20.2358 20.7024 19.7692 12.6338 12.9515 12.3162 6.16534 0.46662 0.317663 0.0937379 0.0623897
0.00409375 20.0402 20.504 19.5763 12.5151 12.8313 12.199 6.10622 0.46384 0.316151 0.0934977 0.0618972
0.00420962 19.8459 20.307 19.3849 12.3972 12.7118 12.0826 6.0475 0.461056 0.314641 0.0932595 0.0614068
0.00432876 19.6532 20.1115 19.1949 12.28 12.5932 11.9669 5.98916 0.458268 0.313133 0.0930232 0.0609184
0.00445128 19.4618 19.9173 19.0063 12.1636 12.4752 11.852 5.93122 0.455477 0.311626 0.0927885 0.0604321
0.00457727 19.2719 19.7245 18.8192 12.0479 12.358 11.7378 5.87367 0.452681 0.310121 0.0925555 0.0599478
0.00470682 19.0833 19.5332 18.6334 11.933 12.2416 11.6243 5.8165 0.449881 0.308616 0.0923241 0.0594655
0.00484003 18.8961 19.3432 18.449 11.8187 12.1259 11.5116 5.75972 0.447076 0.307113 0.092094 0.0589852
0.00497702 18.7103 19.1546 18.266 11.7052 12.0109 11.3996 5.70332 0.444266 0.305611 0.0918652 0.0585068
0.00511789 18.5259 18.9674 18.0845 11.5925 11.8966 11.2884 5.6473 0.441451 0.304109 0.0916376 0.0580305
0.00526274 18.3429 18.7815 17.9042 11.4804 11.783 11.1778 5.59166 0.438631 0.302609 0.0914111 0.0575561
0.0054117 18.1612 18.597 17.7254 11.3691 11.6702 11.068 5.5364 0.435805 0.301109 0.0911854 0.0570836
0.00556486 17.9808 18.4138 17.5479 11.2585 11.5581 10.9589 5.4815 0.432973 0.299609 0.0909605 0.056613
0.00572237 17.8019 18.232 17.3717 11.1486 11.4467 10.8505 5.42699 0.430135 0.29811 0.0907362 0.0561442
0.00588433 17.6242 18.0515 17.1969 11.0394 11.336 10.7428 5.37284 0.42729 0.296611 0.0905125 0.0556774
0.00605088 17.4478 17.8722 17.0234 10.9309 11.226 10.6357 5.31906 0.424439 0.295113 0.0902891 0.0552124
0.00622213 17.2728 17.6944 16.8512 10.823 11.1166 10.5294 5.26565 0.42158 0.293614 0.0900659 0.0547492
0.00639824 17.099 17.5177 16.6803 10.7159 11.008 10.4238 5.2126 0.418715 0.292116 0.0898427 0.0542878
0.00657933 16.9266 17.3424 16.5107 10.6095 10.9001 10.3188 5.15991 0.415842 0.290617 0.0896195 0.0538282
0.00676555 16.7554 17.1684 16.3425 10.5037 10.7928 10.2146 5.10759 0.412962 0.289118 0.089396 0.0533704
0.00695704 16.5855 16.9956 16.1755 10.3986 10.6862 10.111 5.05562 0.410073 0.287619 0.0891721 0.0529144
0.00715394 16.417 16.8241 16.0098 10.2942 10.5803 10.0081 5.00401 0.407176 0.286119 0.0889476 0.0524601
0.00735642 16.2496 16.6539 15.8453 10.1904 10.475 9.90581 4.95275 0.404271 0.284618 0.0887223 0.0520074
0.00756463 16.0835 16.4849 15.6822 10.0873 10.3705 9.80422 4.90185 0.401358 0.283117 0.0884961 0.0515565
0.00777874 15.9187 16.3171 15.5203 9.9849 10.2665 9.70329 4.85129 0.398435 0.281614 0.0882688 0.0511073
0.0079989 15.755 16.1505 15.3595 9.88312 10.1632 9.60301 4.80109 0.395504 0.280111 0.0880402 0.0506598
0.0082253 15.5927 15.9852 15.2001 9.78199 10.0606 9.50339 4.75123 0.392562 0.278606 0.0878102 0.0502139
0.0084581 15.4315 15.8211 15.0419 9.68151 9.95861 9.40441 4.70172 0.389612 0.277101 0.0875785 0.0497696
0.00869749 15.2716 15.6582 14.8849 9.58167 9.85726 9.30607 4.65254 0.386651 0.275593 0.0873449 0.0493269
0.00894366 15.1129 15.4965 14.7292 9.48246 9.75654 9.20837 4.60371 0.383681 0.274084 0.0871093 0.0488859
0.00919679 14.9553 15.336 14.5746 9.38388 9.65645 9.1113 4.55522 0.3807 0.272574 0.0868715 0.0484464
0.00945709 14.799 15.1767 14.4212 9.28592 9.55699 9.01486 4.50706 0.377709 0.271061 0.0866312 0.0480084
0.00972476 14.6438 15.0185 14.2691 9.18859 9.45814 8.91905 4.45924 0.374707 0.269546 0.0863882 0.047572
0.01 14.4898 14.8615 14.1181 9.09188 9.35991 8.82385 4.41176 0.371694 0.26803 0.0861424 0.0471372
0.010283 14.337 14.7056 13.9683 8.99579 9.2623 8.72927 4.3646 0.36867 0.266511 0.0858934 0.0467038
0.0105741 14.1853 14.5509 13.8196 8.9003 9.16529 8.63531 4.31777 0.365635 0.264989 0.0856412 0.0462719
0.0108734 14.0347 14.3973 13.6721 8.80541 9.06888 8.54195 4.27127 0.362588 0.263465 0.0853855 0.0458415
0.0111811 13.8853 14.2449 13.5258 8.71113 8.97307 8.44919 4.2251 0.35953 0.261938 0.085126 0.0454125
0.0114976 13.737 14.0935 13.3806 8.61744 8.87785 8.35703 4.17924 0.35646 0.260408 0.0848626 0.0449849
0.011823 13.5899 13.9433 13.2365 8.52434 8.78322 8.26547 4.13371 0.353378 0.258875 0.084595 0.0445588
0.0121576 13.4439 13.7942 13.0936 8.43183 8.68917 8.17449 4.0885 0.350284 0.257339 0.0843229 0.0441341
0.0125017 13.299 13.6461 12.9518 8.3399 8.5957 8.0841 4.0436 0.347177 0.255799 0.0840462 0.0437107
0.0128556 13.1551 13.4992 12.8111 8.24855 8.50281 7.99429 3.99902 0.344058 0.254256 0.0837646 0.0432888
0.0132194 13.0124 13.3533 12.6715 8.15777 8.41048 7.90506 3.95476 0.340926 0.252709 0.0834778 0.0428681
0.0135936 12.8708 13.2085 12.533 8.06756 8.31872 7.8164 3.9108 0.337782 0.251158 0.0831857 0.0424488
0.0139783 12.7302 13.0648 12.3956 7.97791 8.22752 7.72831 3.86716 0.334625 0.249603 0.0828879 0.0420309
0.0143739 12.5907 12.9221 12.2592 7.88882 8.13687 7.64078 3.82382 0.331455 0.248044 0.0825843 0.0416142
0.0147808 12.4522 12.7805 12.124 7.8003 8.04678 7.55381 3.78078 0.328272 0.246481 0.0822745 0.0411988
0.0151991 12.3148 12.6399 11.9898 7.71231 7.95722 7.4674 3.73806 0.325076 0.244912 0.0819585 0.0407847
0.0156293 12.1785 12.5004 11.8566 7.62487 7.86821 7.38153 3.69563 0.321867 0.24334 0.0816357 0.0403718
0.0160717 12.0432 12.3618 11.7245 7.53798 7.77974 7.29621 3.6535 0.318645 0.241762 0.0813062 0.0399601
0.0165265 11.9089 12.2243 11.5935 7.45162 7.6918 7.21144 3.61167 0.315409 0.240179 0.0809696 0.0395497
0.0169943 11.7756 12.0878 11.4635 7.36579 7.60438 7.1272 3.57014 0.312161 0.238591 0.0806256 0.0391405
0.0174753 11.6434 11.9523 11.3345 7.28049 7.51749 7.04349 3.52889 0.308899 0.236998 0.080274 0.0387325
0.0179699 11.5121 11.8177 11.2065 7.19571 7.43111 6.96032 3.48794 0.305624 0.235399 0.0799146 0.0383256
0.0184785 11.3818 11.6842 11.0795 7.11145 7.34525 6.87766 3.44728 0.302336 0.233794 0.0795471 0.0379199
0.0190015 11.2526 11.5516 10.9536 7.02771 7.25989 6.79553 3.40691 0.299034 0.232183 0.0791713 0.0375154
0.0195393 11.1243 11.42 10.8286 6.94447 7.17504 6.71391 3.36682 0.29572 0.230566 0.0787869 0.037112
0.0200923 10.997 11.2894 10.7046 6.86174 7.09068 6.6328 3.32702 0.292393 0.228943 0.0783938 0.0367098
0.020661 10.8706 11.1597 10.5816 6.7795 7.00682 6.55219 3.28749 0.289053 0.227313 0.0779916 0.0363086
0.0212458 10.7452 11.0309 10.4595 6.69777 6.92344 6.47209 3.24825 0.2857 0.225676 0.0775801 0.0359085
0.0218471 10.6208 10.9031 10.3384 6.61652 6.84055 6.39248 3.20928 0.282335 0.224033 0.0771592 0.0355096
0.0224655 10.4973 10.7762 10.2183 6.53575 6.75814 6.31337 3.17059 0.278958 0.222383 0.0767286 0.0351117
0.0231013 10.3747 10.6503 10.0991 6.45547 6.67619 6.23474 3.13217 0.275568 0.220725 0.076288 0.0347148
0.0237551 10.2531 10.5252 9.9809 6.37566 6.59472 6.1566 3.09402 0.272166 0.21906 0.0758374 0.034319
0.0244275 10.1323 10.4011 9.86358 6.29633 6.51371 6.07894 3.05614 0.268753 0.217387 0.0753764 0.0339243
0.0251189 10.0125 10.2778 9.74718 6.21746 6.43316 6.00175 3.01853 0.265328 0.215707 0.0749049 0.0335306
0.0258298 9.89359 10.1555 9.6317 6.13905 6.35306 5.92503 2.98118 0.261892 0.214019 0.0744226 0.0331379
0.0265609 9.77556 10.034 9.51712 6.06109 6.27342 5.84877 2.94409 0.258446 0.212322 0.0739295 0.0327462
0.0273126 9.65842 9.91341 9.40344 5.98359 6.19421 5.77298 2.90727 0.254989 0.210617 0.0734253 0.0323555
0.0280857 9.54216 9.79368 9.29064 5.90654 6.11545 5.69764 2.8707 0.251522 0.208904 0.0729099 0.0319658
0.0288806 9.42677 9.67481 9.17872 5.82993 6.03711 5.62275 2.83438 0.248045 0.207182 0.0723832 0.0315772
0.029698 9.31223 9.55679 9.06767 5.75376 5.95921 5.54831 2.79832 0.244559 0.205451 0.0718449 0.0311894
0.0305386 9.19855 9.43961 8.95748 5.67801 5.88173 5.4743 2.76251 0.241064 0.203712 0.071295 0.0308027
0.0314029 9.08572 9.32328 8.84815 5.60271 5.80467 5.40074 2.72695 0.237561 0.201963 0.0707333 0.0304169
0.0322917 8.97372 9.20777 8.73967 5.52782 5.72802 5.32761 2.69163 0.234051 0.200204 0.0701598 0.0300321
0.0332057 8.86255 9.09308 8.63202 5.45335 5.65178 5.25491 2.65656 0.230533 0.198437 0.0695744 0.0296482
0.0341455 8.7522 8.97921 8.52519 5.37929 5.57595 5.18263 2.62173 0.227009 0.196659 0.0689769 0.0292653
0.0351119 8.64266 8.86614 8.41919 5.30564 5.50051 5.11077 2.58714 0.223478 0.194872 0.0683673 0.0288834
0.0361057 8.53393 8.75387 8.31399 5.2324 5.42547 5.03932 2.55279 0.219943 0.193074 0.0677457 0.0285024
0.0371276 8.42599 8.6424 8.20959 5.15955 5.35082 4.96829 2.51867 0.216403 0.191267 0.0671118 0.0281223
0.0381784 8.31884 8.5317 8.10598 5.0871 5.27655 4.89765 2.48478 0.212859 0.189449 0.0664658 0.0277432
0.039259 8.21247 8.42178 8.00316 5.01504 5.20266 4.82742 2.45112 0.209311 0.187621 0.0658077 0.027365
0.0403702 8.10688 8.31264 7.90111 4.94337 5.12915 4.75759 2.41769 0.205762 0.185782 0.0651374 0.0269877
0.0415128 8.00204 8.20425 7.79983 4.87207 5.05601 4.68814 2.38448 0.20221 0.183933 0.064455 0.0266114
0.0426877 7.89796 8.09661 7.6993 4.80116 4.98323 4.61908 2.35149 0.198658 0.182072 0.0637606 0.0262361
0.0438959 7.79462 7.98972 7.59951 4.73061 4.91081 4.55041 2.31873 0.195107 0.180201 0.0630542 0.0258617
0.0451383 7.69201 7.88357 7.50046 4.66042 4.83874 4.48211 2.28618 0.191556 0.178318 0.0623359 0.0254882
0.0464159 7.59013 7.77814 7.40213 4.5906 4.76703 4.41418 2.25384 0.188007 0.176425 0.061606 0.0251157
0.0477296 7.48897 7.67344 7.30451 4.52114 4.69566 4.34662 2.22172 0.184461 0.17452 0.0608644 0.0247442
0.0490805 7.38853 7.56945 7.20761 4.45203 4.62463 4.27943 2.18981 0.180919 0.172603 0.0601114 0.0243736
0.0504697 7.28878 7.46616 7.1114 4.38326 4.55394 4.21259 2.1581 0.177383 0.170676 0.0593471 0.024004
0.0518981 7.18973 7.36358 7.01587 4.31484 4.48358 4.14611 2.1266 0.173852 0.168736 0.0585718 0.0236354
0.053367 7.09135 7.26168 6.92102 4.24676 4.41355 4.07998 2.09529 0.170328 0.166785 0.0577857 0.0232677
0.0548775 6.99365 7.16046 6.82684 4.17902 4.34384 4.0142 2.06419 0.166813 0.164822 0.0569889 0.0229011
0.0564307 6.89661 7.05992 6.7333 4.1116 4.27445 3.94876 2.03328 0.163307 0.162848 0.0561819 0.0225355
0.0580278 6.80023 6.96004 6.64042 4.04451 4.20537 3.88365 2.00257 0.159811 0.160862 0.0553649 0.0221709
0.0596702 6.70449 6.86081 6.54816 3.97774 4.13661 3.81888 1.97204 0.156327 0.158864 0.0545381 0.0218073
0.0613591 6.60938 6.76224 6.45653 3.91129 4.06815 3.75444 1.94171 0.152856 0.156854 0.053702 0.0214448
0.0630957 6.5149 6.6643 6.3655 3.84515 3.99998 3.69032 1.91156 0.1494 0.154832 0.0528569 0.0210834
0.0648815 6.42104 6.567 6.27508 3.77933 3.93213 3.62653 1.88159 0.145958 0.152799 0.0520031 0.0207231
0.0667179 6.32777 6.47031 6.18524 3.71381 3.86456 3.56305 1.8518 0.142534 0.150753 0.0511411 0.0203639
0.0686062 6.23511 6.37424 6.09598 3.64859 3.79729 3.49989 1.82219 0.139127 0.148697 0.0502712 0.0200058
0.070548 6.14303 6.27877 6.00729 3.58367 3.7303 3.43704 1.79275 0.13574 0.146628 0.049394 0.0196488
0.0725448 6.05151 6.18389 5.91914 3.51905 3.6636 3.3745 1.76348 0.132373 0.144548 0.0485098 0.0192931
0.074598 5.96057 6.08959 5.83154 3.45472 3.59717 3.31226 1.73439 0.129028 0.142456 0.0476193 0.0189385
0.0767094 5.87017 5.99588 5.74446 3.39067 3.53103 3.25032 1.70546 0.125707 0.140353 0.0467227 0.0185852
0.0788805 5.78032 5.90273 5.65791 3.32692 3.46516 3.18868 1.67669 0.12241 0.138239 0.0458207 0.0182331
0.0811131 5.69099 5.81013 5.57185 3.26345 3.39956 3.12733 1.64808 0.119139 0.136114 0.0449138 0.0178823
0.0834088 5.60218 5.71807 5.48628 3.20026 3.33424 3.06628 1.61964 0.115895 0.133978 0.0440026 0.0175328
0.0857696 5.51388 5.62656 5.4012 3.13735 3.26918 3.00552 1.59135 0.11268 0.131831 0.0430875 0.0171847
0.0881971 5.42607 5.53556 5.31658 3.07471 3.20439 2.94504 1.56321 0.109494 0.129674 0.0421692 0.016838
0.0906934 5.33875 5.44509 5.23241 3.01236 3.13987 2.88485 1.53522 0.10634 0.127507 0.0412483 0.0164926
0.0932603 5.25189 5.35511 5.14867 2.95028 3.07561 2.82495 1.50739 0.103219 0.12533 0.0403253 0.0161488
0.0958999 5.1655 5.26563 5.06537 2.88847 3.01161 2.76532 1.4797 0.100131 0.123143 0.039401 0.0158065
0.0986142 5.07955 5.17663 4.98247 2.82693 2.94788 2.70598 1.45215 0.0970785 0.120947 0.0384758 0.0154657
0.101405 4.99403 5.08809 4.89997 2.76567 2.88441 2.64692 1.42475 0.0940625 0.118742 0.0375504 0.0151265
0.104275 4.90893 5.00002 4.81785 2.70468 2.8212 2.58815 1.39748 0.0910842 0.116528 0.0366255 0.014789
0.107227 4.82424 4.91239 4.7361 2.64395 2.75826 2.52965 1.37036 0.0881447 0.114307 0.0357017 0.0144532
0.110262 4.73995 4.82519 4.6547 2.58351 2.69559 2.47143 1.34337 0.0852455 0.112077 0.0347797 0.0141191
0.113382 4.65603 4.73842 4.57364 2.52334 2.63318 2.4135 1.31652 0.0823875 0.109841 0.0338601 0.0137869
0.116591 4.57249 4.65206 4.49291 2.46344 2.57104 2.35585 1.2898 0.079572 0.107598 0.0329435 0.0134565
0.119891 4.48929 4.56609 4.41249 2.40383 2.50918 2.29848 1.26321 0.0768001 0.105349 0.0320306 0.0131281
0.123285 4.40643 4.48051 4.33236 2.3445 2.4476 2.24141 1.23676 0.0740729 0.103095 0.0311221 0.0128017
0.126774 4.3239 4.39529 4.25251 2.28546 2.38629 2.18462 1.21043 0.0713913 0.100835 0.0302186 0.0124773
0.130362 4.24169 4.31044 4.17293 2.2267 2.32527 2.12813 1.18424 0.0687565 0.0985717 0.0293208 0.0121551
0.134052 4.15977 4.22593 4.0936 2.16825 2.26455 2.07194 1.15817 0.0661692 0.0963047 0.0284293 0.0118351
0.137846 4.07813 4.14176 4.0145 2.11009 2.20412 2.01605 1.13223 0.0636306 0.094035 0.0275447 0.0115174
0.141747 3.99676 4.0579 3.93562 2.05224 2.144 1.96048 1.10642 0.0611413 0.0917634 0.0266676 0.0112021
0.145759 3.91565 3.97435 3.85695 1.99471 2.0842 1.90522 1.08074 0.0587023 0.0894908 0.0257988 0.0108892
0.149885 3.83478 3.89109 3.77847 1.9375 2.02472 1.85028 1.05519 0.0563142 0.087218 0.0249388 0.0105789
0.154127 3.75413 3.80811 3.70016 1.88063 1.96557 1.79568 1.02977 0.0539778 0.0849459 0.0240881 0.0102712
0.158489 3.6737 3.72539 3.62201 1.8241 1.90677 1.74142 1.00447 0.0516937 0.0826756 0.0232475 0.00996634
0.162975 3.59347 3.64293 3.54401 1.76792 1.84833 1.68752 0.979315 0.0494626 0.0804079 0.0224174 0.00966427
0.167588 3.51342 3.56071 3.46614 1.71212 1.79027 1.63398 0.95429 0.0472849 0.0781441 0.0215984 0.00936515
0.172331 3.43354 3.47871 3.38838 1.6567 1.73258 1.58081 0.929401 0.045161 0.0758852 0.0207911 0.0090691
0.177209 3.35383 3.39692 3.31074 1.60167 1.67531 1.52804 0.904651 0.0430915 0.0736323 0.019996 0.00877621
0.182224 3.27426 3.31534 3.23318 1.54707 1.61845 1.47568 0.880043 0.0410767 0.0713867 0.0192135 0.0084866
0.187382 3.19483 3.23395 3.15571 1.49289 1.56204 1.42374 0.855581 0.0391168 0.0691496 0.0184443 0.00820041
0.192685 3.11552 3.15273 3.07831 1.43917 1.5061 1.37225 0.831267 0.037212 0.0669223 0.0176888 0.00791774
0.198139 3.03633 3.07169 3.00097 1.38593 1.45063 1.32122 0.807107 0.0353626 0.0647061 0.0169473 0.00763873
0.203747 2.95724 2.99081 2.92368 1.33318 1.39568 1.27068 0.783106 0.0335686 0.0625025 0.0162205 0.00736351
0.209514 2.87826 2.91009 2.84643 1.28095 1.34127 1.22064 0.759269 0.03183 0.0603129 0.0155086 0.00709221
0.215443 2.79936 2.82951 2.76922 1.22928 1.28742 1.17114 0.735602 0.0301468 0.0581387 0.014812 0.00682498
0.221541 2.72056 2.74907 2.69204 1.17818 1.23416 1.1222 0.712111 0.0285189 0.0559816 0.0141313 0.00656195
0.227812 2.64183 2.66878 2.61489 1.1277 1.18154 1.07386 0.688804 0.0269462 0.0538429 0.0134666 0.00630326
0.234259 2.5632 2.58862 2.53777 1.07786 1.12958 1.02613 0.665688 0.0254283 0.0517245 0.0128183 0.00604907
0.24089 2.48465 2.50861 2.46068 1.0287 1.07833 0.979074 0.642772 0.0239651 0.0496278 0.0121867 0.00579951
0.247708 2.40619 2.42875 2.38364 0.980269 1.02782 0.932714 0.620064 0.0225561 0.0475546 0.0115721 0.00555474
0.254719 2.32785 2.34905 2.30665 0.932606 0.978113 0.8871 0.597575 0.021201 0.0455066 0.0109747 0.00531489
0.261928 2.24962 2.26952 2.22973 0.885758 0.929243 0.842272 0.575314 0.0198992 0.0434855 0.0103948 0.00508011
0.269341 2.17155 2.1902 2.1529 0.839784 0.881277 0.798291 0.553292 0.0186503 0.0414931 0.00983247 0.00485052
0.276965 2.09365 2.11111 2.0762 0.794758 0.834289 0.755227 0.531521 0.0174536 0.0395311 0.00928794 0.00462624
0.284804 2.016 2.03231 1.99969 0.750775 0.788377 0.713174 0.510013 0.0163084 0.0376012 0.00876127 0.00440736
0.292864 1.93868 1.9539 1.92347 0.707995 0.7437 0.67229 0.488784 0.015214 0.0357054 0.0082525 0.00419391
0.301153 1.86195 1.87612 1.84778 0.666804 0.70065 0.632959 0.467847 0.0141695 0.0338451 0.00776149 0.0039858
0.309677 1.78761 1.80079 1.77444 0.630256 0.662278 0.598234 0.447226 0.0131734 0.0320219 0.00728761 0.00378239
0.318442 1.72865 1.74145 1.71584 0.604789 0.636127 0.573451 0.439522 0.0128054 0.031338 0.00710907 0.00370295
0.321833 1.70029 1.71274 1.68784 0.589838 0.620505 0.559171 0.431945 0.0124479 0.0306669 0.00693487 0.00362509
0.325224 1.67227 1.68437 1.66017 0.575192 0.6052 0.545183 0.424491 0.0121007 0.0300083 0.0067649 0.00354877
0.328614 1.64459 1.65635 1.63282 0.560845 0.590207 0.531483 0.417158 0.0117633 0.0293621 0.00659905 0.00347397
0.332005 1.61723 1.62866 1.60579 0.546793 0.575521 0.518065 0.409944 0.0114356 0.0287279 0.00643721 0.00340064
0.335396 1.59019 1.60131 1.57907 0.533029 0.561135 0.504924 0.402846 0.0111171 0.0281056 0.00627928 0.00332876
0.338787 1.56347 1.57427 1.55266 0.519549 0.547044 0.492054 0.395863 0.0108077 0.027495 0.00612515 0.0032583
0.342178 1.53706 1.54756 1.52655 0.506348 0.533244 0.479452 0.388993 0.0105069 0.0268959 0.00597471 0.00318922
0.345569 1.51095 1.52117 1.50074 0.493421 0.519729 0.467113 0.382233 0.0102146 0.026308 0.00582789 0.0031215
0.348959 1.48515 1.49508 1.47522 0.480762 0.506493 0.455031 0.375581 0.00993056 0.0257312 0.00568457 0.00305511
0.35235 1.45965 1.46931 1.45 0.468367 0.493533 0.443202 0.369036 0.00965442 0.0251652 0.00554468 0.00299001
0.355741 1.43445 1.44383 1.42506 0.456232 0.480842 0.431622 0.362595 0.00938599 0.0246099 0.00540812 0.00292619
0.359132 1.40954 1.41866 1.40041 0.444352 0.468417 0.420287 0.356257 0.00912501 0.0240651 0.00527481 0.00286362
0.362523 1.38491 1.39378 1.37604 0.432723 0.456253 0.409192 0.35002 0.00887128 0.0235306 0.00514466 0.00280226
0.365914 1.36057 1.3692 1.35195 0.42134 0.444346 0.398333 0.343882 0.00862457 0.0230063 0.0050176 0.0027421
0.369305 1.33652 1.3449 1.32813 0.410198 0.43269 0.387706 0.337842 0.00838468 0.0224918 0.00489355 0.00268311
0.372695 1.31274 1.32089 1.30459 0.399295 0.421282 0.377308 0.331897 0.0081514 0.0219872 0.00477243 0.00262527
0.376086 1.28924 1.29716 1.28131 0.388625 0.410117 0.367133 0.326046 0.00792453 0.0214921 0.00465416 0.00256855
0.379477 1.26601 1.27371 1.2583 0.378185 0.399192 0.357179 0.320288 0.00770388 0.0210065 0.00453868 0.00251293
0.382868 1.24305 1.25054 1.23556 0.367972 0.388502 0.347441 0.314621 0.00748928 0.0205302 0.00442592 0.00245839
0.386259 1.22036 1.22764 1.21308 0.357979 0.378042 0.337916 0.309043 0.00728055 0.020063 0.00431581 0.00240491
0.38965 1.19793 1.20501 1.19085 0.348206 0.36781 0.328601 0.303553 0.0070775 0.0196047 0.00420828 0.00235246
0.39304 1.17577 1.18265 1.16889 0.338646 0.357802 0.319491 0.29815 0.00687999 0.0191553 0.00410327 0.00230103
0.396431 1.15386 1.16055 1.14718 0.329298 0.348012 0.310583 0.292832 0.00668784 0.0187145 0.00400072 0.00225059
0.399822 1.13222 1.13872 1.12572 0.320156 0.338439 0.301874 0.287597 0.00650091 0.0182822 0.00390057 0.00220113
0.403213 1.11083 1.11715 1.10451 0.311219 0.329077 0.293361 0.282444 0.00631904 0.0178583 0.00380276 0.00215262
0.406604 1.0897 1.09584 1.08356 0.302481 0.319924 0.285039 0.277372 0.00614209 0.0174426 0.00370723 0.00210505
0.409995 1.06882 1.07479 1.06285 0.293941 0.310976 0.276906 0.27238 0.00596991 0.017035 0.00361393 0.0020584
0.413385 1.04819 1.05399 1.04239 0.285593 0.302228 0.268958 0.267465 0.00580238 0.0166353 0.0035228 0.00201265
0.416776 1.02781 1.03345 1.02217 0.277436 0.293679 0.261192 0.262628 0.00563937 0.0162434 0.0034338 0.00196779
0.420167 1.00767 1.01315 1.00219 0.269465 0.285324 0.253606 0.257866 0.00548073 0.0158592 0.00334686 0.00192379
0.423558 0.987783 0.993109 0.982456 0.261678 0.277161 0.246196 0.253179 0.00532636 0.0154826 0.00326195 0.00188064
0.426949 0.968137 0.973313 0.962961 0.254071 0.269185 0.238958 0.248565 0.00517613 0.0151134 0.00317901 0.00183832
0.43034 0.948734 0.953764 0.943704 0.246642 0.261393 0.23189 0.244023 0.00502993 0.0147514 0.003098 0.00179682
0.43373 0.92957 0.934458 0.924682 0.239386 0.253783 0.22499 0.239552 0.00488763 0.0143966 0.00301886 0.00175612
0.437121 0.910645 0.915395 0.905896 0.232302 0.246351 0.218253 0.235151 0.00474915 0.0140489 0.00294157 0.00171621
0.440512 0.891961 0.896575 0.887346 0.225385 0.239094 0.211677 0.230818 0.00461437 0.0137081 0.00286606 0.00167707
0.443903 0.873514 0.877997 0.86903 0.218634 0.232008 0.20526 0.226553 0.00448318 0.0133741 0.00279231 0.00163868
0.447294 0.8553 0.859656 0.850945 0.212045 0.225092 0.198998 0.222354 0.0043555 0.0130468 0.00272027 0.00160104
0.450685 0.837319 0.841551 0.833088 0.205614 0.21834 0.192888 0.21822 0.00423122 0.0127261 0.0026499 0.00156413
0.454075 0.819573 0.823683 0.815462 0.199341 0.211753 0.186929 0.214151 0.00411025 0.0124118 0.00258116 0.00152794
0.457466 0.802058 0.806051 0.798066 0.19322 0.205324 0.181117 0.210146 0.0039925 0.0121039 0.00251402 0.00149244
0.460857 0.784775 0.788653 0.780897 0.187251 0.199053 0.175449 0.206202 0.00387788 0.0118022 0.00244843 0.00145763
0.464248 0.767721 0.771487 0.763955 0.18143 0.192936 0.169923 0.20232 0.00376632 0.0115067 0.00238436 0.00142351
0.467639 0.750895 0.754553 0.747237 0.175753 0.18697 0.164536 0.198499 0.00365772 0.0112172 0.00232178 0.00139004
0.47103 0.734296 0.737848 0.730744 0.170219 0.181153 0.159286 0.194736 0.00355201 0.0109337 0.00226066 0.00135723
0.47442 0.717922 0.721372 0.714473 0.164826 0.175482 0.15417 0.191033 0.00344911 0.010656 0.00220095 0.00132505
0.477811 0.701775 0.705124 0.698426 0.159569 0.169953 0.149185 0.187387 0.00334894 0.010384 0.00214263 0.0012935
0.481202 0.685852 0.689104 0.682601 0.154448 0.164565 0.14433 0.183797 0.00325144 0.0101176 0.00208566 0.00126257
0.484593 0.670152 0.673309 0.666996 0.149458 0.159315 0.139601 0.180264 0.00315653 0.00985685 0.00203002 0.00123225
0.487984 0.654675 0.657739 0.651611 0.144598 0.154199 0.134996 0.176785 0.00306414 0.00960149 0.00197567 0.00120252
0.491375 0.639419 0.642393 0.636445 0.139865 0.149216 0.130514 0.173361 0.0029742 0.00935148 0.00192259 0.00117337
0.494765 0.624383 0.62727 0.621497 0.135257 0.144364 0.12615 0.16999 0.00288666 0.00910673 0.00187075 0.0011448
0.498156 0.609567 0.612369 0.606766 0.130771 0.139638 0.121904 0.166671 0.00280144 0.00886715 0.00182012 0.00111679
0.501547 0.594969 0.597688 0.592251 0.126405 0.135037 0.117772 0.163404 0.0027185 0.00863265 0.00177067 0.00108933
0.504938 0.580589 0.583227 0.577951 0.122156 0.130559 0.113753 0.160188 0.00263776 0.00840315 0.00172237 0.00106242
0.508329 0.566426 0.568985 0.563866 0.118023 0.126201 0.109844 0.157022 0.00255917 0.00817855 0.00167521 0.00103604
0.51172 0.552478 0.554961 0.549995 0.114002 0.121961 0.106043 0.153905 0.00248267 0.00795878 0.00162915 0.00101018
0.51511 0.538745 0.541153 0.536337 0.110092 0.117836 0.102348 0.150837 0.00240822 0.00774374 0.00158417 0.000984844
0.518501 0.525226 0.527562 0.52289 0.10629 0.113823 0.0987566 0.147816 0.00233575 0.00753336 0.00154025 0.000960009
0.521892 0.51192 0.514185 0.509655 0.102594 0.109922 0.0952667 0.144843 0.00226522 0.00732756 0.00149737 0.000935671
0.525283 0.498826 0.501023 0.496629 0.0990025 0.106129 0.0918762 0.141917 0.00219657 0.00712625 0.00145549 0.000911822
0.528674 0.485943 0.488073 0.483813 0.0955122 0.102442 0.0885828 0.139036 0.00212976 0.00692936 0.00141461 0.000888453
0.532065 0.47327 0.475335 0.471205 0.0921213 0.0988581 0.0853845 0.1362 0.00206474 0.00673681 0.00137469 0.000865556
0.535455 0.460806 0.462808 0.458805 0.0888281 0.0953767 0.0822796 0.133409 0.00200146 0.00654853 0.00133572 0.000843122
0.538846 0.448551 0.450491 0.446611 0.0856301 0.0919945 0.0792657 0.130661 0.00193989 0.00636443 0.00129768 0.000821144
0.542237 0.436502 0.438382 0.434622 0.0825253 0.0887098 0.0763409 0.127956 0.00187997 0.00618445 0.00126054 0.000799614
0.545628 0.42466 0.426482 0.422838 0.0795118 0.0855203 0.0735033 0.125294 0.00182166 0.00600852 0.00122429 0.000778524
0.549019 0.413023 0.414788 0.411258 0.0765875 0.0824241 0.070751 0.122674 0.00176493 0.00583656 0.0011889 0.000757866
0.55241 0.40159 0.403299 0.39988 0.0737506 0.0794191 0.0680821 0.120095 0.00170973 0.0056685 0.00115437 0.000737634
0.5558 0.390359 0.392015 0.388703 0.0709989 0.0765032 0.0654947 0.117557 0.00165602 0.00550427 0.00112066 0.00071782
0.559191 0.379331 0.380935 0.377727 0.0683305 0.0736743 0.0629867 0.115059 0.00160377 0.00534381 0.00108776 0.000698417
0.562582 0.368504 0.370057 0.366951 0.0657436 0.0709306 0.0605566 0.1126 0.00155294 0.00518704 0.00105567 0.000679418
0.565973 0.357876 0.35938 0.356373 0.0632363 0.0682702 0.0582024 0.11018 0.00150349 0.0050339 0.00102434 0.000660816
0.569364 0.347447 0.348902 0.345992 0.0608068 0.0656911 0.0559224 0.107799 0.00145539 0.00488434 0.000993785 0.000642605
0.572755 0.337215 0.338624 0.335807 0.0584532 0.0631915 0.0537149 0.105455 0.00140861 0.00473827 0.00096397 0.000624778
0.576146 0.32718 0.328543 0.325817 0.0561737 0.0607694 0.0515781 0.103149 0.00136311 0.00459564 0.000934884 0.000607328
0.579536 0.317339 0.318658 0.316021 0.0539667 0.0584231 0.0495103 0.10088 0.00131886 0.00445639 0.000906512 0.00059025
0.582927 0.307693 0.308969 0.306417 0.0518302 0.0561507 0.0475098 0.0986468 0.00127582 0.00432045 0.000878839 0.000573538
0.586318 0.298238 0.299472 0.297005 0.0497628 0.0539505 0.045575 0.0964495 0.00123398 0.00418776 0.00085185 0.000557184
0.589709 0.288976 0.290169 0.287782 0.0477625 0.0518208 0.0437042 0.0942876 0.00119329 0.00405827 0.00082553 0.000541183
0.5931 0.279902 0.281056 0.278749 0.0458279 0.0497598 0.0418959 0.0921604 0.00115373 0.00393192 0.000799865 0.00052553
0.596491 0.271018 0.272133 0.269902 0.0439571 0.0477658 0.0401485 0.0900676 0.00111528 0.00380865 0.000774841 0.000510218
0.599881 0.26232 0.263398 0.261242 0.0421488 0.0458372 0.0384604 0.0880087 0.0010779 0.00368839 0.000750445 0.000495242
0.603272 0.253808 0.25485 0.252767 0.0404012 0.0439723 0.0368301 0.0859833 0.00104156 0.0035711 0.000726664 0.000480596
0.606663 0.245481 0.246487 0.244475 0.0387128 0.0421695 0.0352561 0.0839908 0.00100625 0.00345673 0.000703484 0.000466275
0.610054 0.237336 0.238308 0.236364 0.0370821 0.0404273 0.0337369 0.0820309 0.000971936 0.0033452 0.000680893 0.000452274
0.613445 0.229373 0.230311 0.228434 0.0355075 0.038744 0.032271 0.0801031 0.000938591 0.00323648 0.000658879 0.000438587
0.616836 0.221589 0.222496 0.220683 0.0339876 0.0371182 0.0308571 0.0782071 0.000906193 0.00313051 0.000637429 0.000425209
0.620226 0.213984 0.214858 0.213109 0.032521 0.0355483 0.0294938 0.0763424 0.00087472 0.00302723 0.000616532 0.000412135
0.623617 0.206555 0.207399 0.205711 0.0311062 0.0340328 0.0281796 0.0745085 0.000844147 0.00292661 0.000596176 0.00039936
0.627008 0.199301 0.200115 0.198486 0.0297418 0.0325704 0.0269132 0.0727052 0.000814453 0.00282857 0.000576349 0.000386879
0.630399 0.19222 0.193006 0.191435 0.0284264 0.0311595 0.0256934 0.0709321 0.000785615 0.00273308 0.000557041 0.000374688
0.63379 0.185311 0.186069 0.184553 0.0271587 0.0297988 0.0245186 0.0691886 0.000757614 0.00264009 0.000538241 0.00036278
0.637181 0.178572 0.179302 0.177842 0.0259374 0.0284869 0.0233878 0.0674746 0.000730428 0.00254955 0.000519937 0.000351153
0.640571 0.172001 0.172705 0.171297 0.024761 0.0272224 0.0222996 0.0657896 0.000704036 0.0024614 0.00050212 0.0003398
0.643962 0.165596 0.166275 0.164918 0.0236285 0.0260041 0.0212529 0.0641332 0.00067842 0.00237561 0.00048478 0.000328719
0.647353 0.159356 0.160009 0.158702 0.0225384 0.0248305 0.0202463 0.0625052 0.00065356 0.00229213 0.000467906 0.000317903
0.650744 0.153278 0.153908 0.152649 0.0214896 0.0237005 0.0192787 0.0609051 0.000629438 0.00221091 0.000451488 0.000307349
0.654135 0.147361 0.147967 0.146755 0.0204809 0.0226128 0.018349 0.0593327 0.000606034 0.00213191 0.000435517 0.000297052
0.657526 0.141603 0.142187 0.14102 0.019511 0.0215661 0.017456 0.0577875 0.000583332 0.00205508 0.000419983 0.000287008
0.660916 0.136002 0.136563 0.135441 0.0185789 0.0205593 0.0165985 0.0562694 0.000561314 0.00198038 0.000404878 0.000277213
0.664307 0.130556 0.131096 0.130016 0.0176834 0.0195911 0.0157756 0.0547779 0.000539963 0.00190776 0.000390192 0.000267663
0.667698 0.125262 0.125781 0.124743 0.0168233 0.0186605 0.0149861 0.0533128 0.000519263 0.00183719 0.000375916 0.000258353
0.671089 0.12012 0.120619 0.11962 0.0159976 0.0177662 0.014229 0.0518737 0.000499196 0.00176862 0.000362042 0.00024928
0.67448 0.115126 0.115606 0.114646 0.0152052 0.0169073 0.0135032 0.0504604 0.000479749 0.00170201 0.000348561 0.000240439
0.677871 0.110279 0.11074 0.109818 0.0144451 0.0160825 0.0128078 0.0490726 0.000460904 0.00163732 0.000335464 0.000231827
0.681261 0.105576 0.106019 0.105134 0.0137163 0.0152908 0.0121418 0.0477099 0.000442647 0.00157452 0.000322744 0.000223439
0.684652 0.101016 0.101441 0.100591 0.0130177 0.0145312 0.0115041 0.0463721 0.000424964 0.00151355 0.000310393 0.000215273
0.688043 0.0965963 0.0970041 0.0961885 0.0123484 0.0138027 0.010894 0.0450589 0.00040784 0.00145439 0.000298402 0.000207323
0.691434 0.0923144 0.0927057 0.0919231 0.0117074 0.0131043 0.0103104 0.0437701 0.00039126 0.00139699 0.000286763 0.000199586
0.694825 0.0881685 0.0885437 0.0877933 0.0110937 0.0124351 0.0097524 0.0425054 0.000375212 0.00134132 0.00027547 0.000192059
0.698216 0.0841563 0.0845159 0.0837966 0.0105066 0.0117939 0.00921921 0.0412644 0.000359682 0.00128734 0.000264515 0.000184738
0.701606 0.0802755 0.0806201 0.0799308 0.00994498 0.01118 0.00870996 0.040047 0.000344656 0.00123502 0.000253889 0.000177619
0.704997 0.0765234 0.0768535 0.0761933 0.0094081 0.0105924 0.00822379 0.0388529 0.000330123 0.00118431 0.000243587 0.000170699
0.708388 0.0728984 0.0732145 0.0725823 0.00889509 0.0100303 0.0077599 0.0376819 0.000316069 0.00113519 0.000233601 0.000163974
0.711779 0.0693978 0.0697003 0.0690953 0.00840509 0.0094927 0.00731749 0.0365337 0.000302482 0.00108761 0.000223924 0.00015744
0.71517 0.0660191 0.0663085 0.0657298 0.00793735 0.00897889 0.00689581 0.035408 0.000289351 0.00104154 0.00021455 0.000151095
0.718561 0.0627604 0.0630371 0.0624837 0.00749102 0.00848798 0.00649406 0.0343046 0.000276664 0.000996959 0.000205471 0.000144934
0.721951 0.0596191 0.0598835 0.0593547 0.00706536 0.00801918 0.00611153 0.0332234 0.000264408 0.000953821 0.000196681 0.000138955
0.725342 0.0565928 0.0568454 0.0563403 0.00665961 0.00757171 0.00574752 0.032164 0.000252574 0.000912096 0.000188173 0.000133154
0.728733 0.0536791 0.0539202 0.0534379 0.00627307 0.00714482 0.00540132 0.0311262 0.00024115 0.000871752 0.000179942 0.000127528
0.732124 0.0508757 0.0511058 0.0506455 0.00590499 0.00673775 0.00507223 0.0301098 0.000230125 0.000832757 0.00017198 0.000122073
0.735515 0.0481801 0.0483996 0.0479606 0.0055547 0.00634978 0.00475962 0.0291146 0.00021949 0.00079508 0.000164283 0.000116787
0.738906 0.04559 0.0457993 0.0453808 0.00522152 0.00598021 0.00446283 0.0281404 0.000209233 0.00075869 0.000156843 0.000111665
0.742296 0.043103 0.0433023 0.0429036 0.0049048 0.00562835 0.00418124 0.027187 0.000199345 0.000723556 0.000149654 0.000106706
0.745687 0.0407165 0.0409064 0.0405267 0.00460389 0.00529354 0.00391425 0.026254 0.000189816 0.000689649 0.000142712 0.000101905
0.749078 0.0384283 0.038609 0.0382477 0.00431819 0.00497513 0.00366125 0.0253414 0.000180637 0.000656939 0.000136009 9.72593e-05
0.752469 0.0362359 0.0364077 0.0360641 0.00404709 0.00467248 0.00342169 0.0244489 0.000171798 0.000625396 0.000129541 9.27663e-05
0.75586 0.0341368 0.0343 0.0339735 0.00379 0.00438499 0.003195 0.0235763 0.000163289 0.000594993 0.000123302 8.84228e-05
0.759251 0.0321286 0.0322837 0.0319735 0.00354635 0.00411205 0.00298065 0.0227235 0.000155103 0.000565701 0.000117287 8.42256e-05
0.762641 0.030209 0.0303563 0.0300618 0.00331559 0.00385309 0.0027781 0.0218901 0.000147229 0.000537493 0.000111489 8.01719e-05
0.766032 0.0283756 0.0285152 0.0282359 0.0030972 0.00360754 0.00258686 0.021076 0.00013966 0.00051034 0.000105904 7.62585e-05
0.769423 0.0266258 0.0267582 0.0264934 0.00289064 0.00337486 0.00240642 0.0202811 0.000132387 0.000484216 0.000100527 7.24825e-05
0.772814 0.0249575 0.0250829 0.0248321 0.00269542 0.00315451 0.00223632 0.019505 0.000125402 0.000459095 9.53517e-05 6.88411e-05
0.776205 0.0233681 0.0234867 0.0232494 0.00251104 0.00294599 0.00207609 0.0187477 0.000118696 0.00043495 9.03738e-05 6.53313e-05
0.779596 0.0218553 0.0219675 0.021743 0.00233704 0.0027488 0.00192529 0.0180089 0.000112263 0.000411756 8.55883e-05 6.19502e-05
0.782986 0.0204168 0.0205229 0.0203107 0.00217296 0.00256245 0.00178347 0.0172884 0.000106093 0.000389487 8.09901e-05 5.86951e-05
0.786377 0.0190502 0.0191504 0.01895 0.00201835 0.00238647 0.00165023 0.016586 0.000100179 0.000368119 7.65745e-05 5.55629e-05
0.789768 0.0177533 0.0178478 0.0176588 0.00187279 0.00222041 0.00152516 0.0159016 9.45148e-05 0.000347627 7.23366e-05 5.25511e-05
0.793159 0.0165237 0.0166128 0.0164346 0.00173585 0.00206384 0.00140786 0.0152349 8.90919e-05 0.000327987 6.82718e-05 4.96567e-05
0.79655 0.0153591 0.015443 0.0152752 0.00160715 0.00191632 0.00129797 0.0145858 8.39035e-05 0.000309175 6.43755e-05 4.6877e-05
0.799941 0.0142574 0.0143364 0.0141785 0.00148628 0.00177745 0.00119511 0.0139541 7.89425e-05 0.000291168 6.06431e-05 4.42093e-05
0.803332 0.0132163 0.0132905 0.0131421 0.00137288 0.00164682 0.00109894 0.0133395 7.42021e-05 0.000273943 5.70701e-05 4.16509e-05
0.806722 0.0122335 0.0123032 0.0121638 0.00126659 0.00152407 0.00100912 0.012742 6.96755e-05 0.000257477 5.36522e-05 3.91991e-05
0.810113 0.011307 0.0113723 0.0112416 0.00116706 0.0014088 0.000925309 0.0121612 6.53562e-05 0.000241748 5.03849e-05 3.68512e-05
0.813504 0.0104345 0.0104958 0.0103733 0.00107394 0.00130068 0.00084721 0.011597 6.12377e-05 0.000226734 4.7264e-05 3.46046e-05
0.816895 0.00961402 0.00967133 0.00955671 0.000986929 0.00119934 0.000774515 0.0110493 5.73135e-05 0.000212414 4.42853e-05 3.24567e-05
0.820286 0.0088434 0.00889698 0.00878982 0.000905697 0.00110446 0.000706932 0.0105178 5.35776e-05 0.000198766 4.14445e-05 3.04049e-05
0.823677 0.00812061 0.00817063 0.00807059 0.000829952 0.00101572 0.000644182 0.0100024 5.00238e-05 0.00018577 3.87377e-05 2.84465e-05
0.827067 0.00744362 0.00749027 0.00739698 0.0007594 0.000932804 0.000585996 0.00950279 4.66461e-05 0.000173404 3.61608e-05 2.65791e-05
0.830458 0.00681048 0.00685392 0.00676704 0.000693764 0.000855415 0.000532114 0.00901887 4.34387e-05 0.00016165 3.37098e-05 2.48002e-05
0.833849 0.00621922 0.00625961 0.00617882 0.000632779 0.000783266 0.000482292 0.00855043 4.03958e-05 0.000150487 3.13807e-05 2.31071e-05
0.83724 0.00566797 0.00570548 0.00563046 0.000576185 0.000716081 0.000436289 0.00809727 3.75119e-05 0.000139896 2.91698e-05 2.14974e-05
0.840631 0.00515483 0.00518962 0.00512005 0.000523738 0.000653595 0.000393881 0.0076592 3.47813e-05 0.000129857 2.70732e-05 1.99688e-05
0.844022 0.004678 0.00471019 0.0046458 0.000475199 0.000595551 0.000354847 0.00723602 3.21988e-05 0.000120352 2.50872e-05 1.85186e-05
0.847412 0.00423568 0.00426544 0.00420592 0.000430342 0.000541705 0.000318979 0.00682755 2.97589e-05 0.000111363 2.32081e-05 1.71446e-05
0.850803 0.00382613 0.00385359 0.00379868 0.00038895 0.00049182 0.00028608 0.00643359 2.74566e-05 0.00010287 2.14323e-05 1.58443e-05
0.854194 0.00344766 0.00347295 0.00342238 0.000350814 0.000445671 0.000255957 0.00605393 2.52866e-05 9.48571e-05 1.97561e-05 1.46153e-05
0.857585 0.00309862 0.00312186 0.00307537 0.000315736 0.000403042 0.00022843 0.00568839 2.32441e-05 8.73058e-05 1.81761e-05 1.34553e-05
0.860976 0.00277738 0.0027987 0.00275605 0.000283525 0.000363724 0.000203326 0.00533675 2.1324e-05 8.01992e-05 1.66888e-05 1.2362e-05
0.864367 0.00248239 0.00250191 0.00246286 0.000253999 0.00032752 0.000180479 0.00499882 1.95217e-05 7.35204e-05 1.52908e-05 1.13331e-05
0.867757 0.00221212 0.00222995 0.00219428 0.000226985 0.000294238 0.000159732 0.00467438 1.78325e-05 6.72527e-05 1.39787e-05 1.03663e-05
0.871148 0.0019651 0.00198135 0.00194885 0.000202317 0.000263697 0.000140937 0.00436325 1.62517e-05 6.13799e-05 1.27492e-05 9.45932e-06
0.874539 0.00173991 0.00175469 0.00172514 0.000179837 0.000235723 0.000123951 0.0040652 1.47748e-05 5.58861e-05 1.15991e-05 8.60996e-06
0.87793 0.00153517 0.00154857 0.00152178 0.000159395 0.000210151 0.00010864 0.00378002 1.33974e-05 5.07556e-05 1.05252e-05 7.81602e-06
0.881321 0.00134955 0.00136166 0.00133743 0.000140849 0.000186822 9.48755e-05 0.00350751 1.21152e-05 4.5973e-05 9.52427e-06 7.07532e-06
0.884712 0.00118176 0.00119268 0.00117083 0.000124062 0.000165585 8.25383e-05 0.00324745 1.0924e-05 4.15234e-05 8.59326e-06 6.38571e-06
0.888102 0.00103057 0.00104039 0.00102075 0.000108905 0.000146297 7.15137e-05 0.00299961 9.8196e-06 3.73918e-05 7.72912e-06 5.74506e-06
0.891493 0.000894791 0.000903589 0.000885993 9.52581e-05 0.000128822 6.16942e-05 0.00276379 8.79797e-06 3.35639e-05 6.92887e-06 5.15127e-06
0.894884 0.000773287 0.000781142 0.000765432 8.30038e-05 0.000113029 5.29783e-05 0.00253975 7.85513e-06 3.00255e-05 6.18956e-06 4.60228e-06
0.898275 0.000664969 0.000671956 0.000657981 7.20331e-05 9.87958e-05 4.52705e-05 0.00232726 6.9872e-06 2.67626e-05 5.5083e-06 4.09603e-06
0.901666 0.000568794 0.000574984 0.000562604 6.22429e-05 8.60046e-05 3.84811e-05 0.00212611 6.1904e-06 2.37618e-05 4.88227e-06 3.63052e-06
0.905057 0.000483769 0.00048923 0.000478308 5.35354e-05 7.4545e-05 3.25258e-05 0.00193604 5.46101e-06 2.10096e-05 4.30867e-06 3.20375e-06
0.908447 0.000408947 0.000413742 0.000404151 4.5819e-05 6.43122e-05 2.73259e-05 0.00175684 4.79541e-06 1.84931e-05 3.78477e-06 2.81377e-06
0.911838 0.000343433 0.000347623 0.000339243 3.90074e-05 5.5207e-05 2.28078e-05 0.00158824 4.19004e-06 1.61996e-05 3.30791e-06 2.45864e-06
0.915229 0.000286375 0.000290016 0.000282733 3.30193e-05 4.71358e-05 1.89027e-05 0.00143002 3.64147e-06 1.41166e-05 2.87544e-06 2.13648e-06
0.91862 0.000236968 0.000240114 0.000233822 2.77786e-05 4.00105e-05 1.55467e-05 0.00128192 3.1463e-06 1.22319e-05 2.48481e-06 1.84541e-06
0.922011 0.000194456 0.000197157 0.000191754 2.32142e-05 3.37479e-05 1.26806e-05 0.00114369 2.70125e-06 1.05337e-05 2.1335e-06 1.5836e-06
0.925402 0.000158126 0.000160429 0.000155823 1.92596e-05 2.82699e-05 1.02493e-05 0.00101507 2.30311e-06 9.01031e-06 1.81904e-06 1.34925e-06
0.928792 0.000127312 0.00012926 0.000125363 1.58528e-05 2.35033e-05 8.20225e-06 0.000895792 1.94875e-06 7.65053e-06 1.53903e-06 1.14059e-06
0.932183 0.00010139 0.000103026 9.97553e-05 1.29361e-05 1.93794e-05 6.49277e-06 0.000785594 1.63512e-06 6.4433e-06 1.29111e-06 9.55896e-07
0.935574 7.97831e-05 8.11424e-05 7.84239e-05 1.0456e-05 1.58338e-05 5.07809e-06 0.000684199 1.35928e-06 5.37788e-06 1.07298e-06 7.93468e-07
0.938965 6.19536e-05 6.30719e-05 6.08352e-05 8.36295e-06 1.28068e-05 3.91912e-06 0.000591329 1.11833e-06 4.44383e-06 8.82425e-07 6.51648e-07
0.942356 4.74068e-05 4.83163e-05 4.64973e-05 6.61133e-06 1.02423e-05 2.98035e-06 0.000506697 9.09482e-07 3.63098e-06 7.17247e-07 5.28815e-07
0.945747 3.5689e-05 3.6419e-05 3.4959e-05 5.15904e-06 8.08851e-06 2.22957e-06 0.00043001 7.30034e-07 2.92947e-06 5.75332e-07 4.2339e-07
0.949137 2.63862e-05 2.69636e-05 2.58089e-05 3.96753e-06 6.29726e-06 1.63781e-06 0.000360967 5.77357e-07 2.32972e-06 4.54619e-07 3.33833e-07
0.952528 1.91229e-05 1.95718e-05 1.8674e-05 3.00158e-06 4.82404e-06 1.17912e-06 0.000299262 4.48914e-07 1.82246e-06 3.53112e-07 2.58648e-07
0.955919 1.3561e-05 1.39033e-05 1.32187e-05 2.22916e-06 3.62784e-06 8.30468e-07 0.000244576 3.42255e-07 1.39869e-06 2.68877e-07 1.96383e-07
0.95931 9.39891e-06 9.65393e-06 9.14389e-06 1.62125e-06 2.67099e-06 5.71513e-07 0.000196586 2.55019e-07 1.04974e-06 2.00049e-07 1.45632e-07
0.962701 6.37005e-06 6.55498e-06 6.18511e-06 1.15177e-06 1.91902e-06 3.84521e-07 0.000154955 1.84938e-07 7.6725e-07 1.44826e-07 1.05041e-07
0.966092 4.24186e-06 4.37169e-06 4.11202e-06 7.9736e-07 1.34053e-06 2.54195e-07 0.000119337 1.29836e-07 5.43165e-07 1.01481e-07 7.33024e-08
0.969482 2.81465e-06 2.90228e-06 2.72701e-06 5.37319e-07 9.07082e-07 1.67556e-07 8.93737e-05 8.76345e-08 3.69763e-07 6.8359e-08 4.91661e-08
0.972873 1.92096e-06 1.97731e-06 1.8646e-06 3.53499e-07 5.93159e-07 1.1384e-07 6.46965e-05 5.63543e-08 2.39659e-07 4.38816e-08 3.14381e-08
0.976264 1.42578e-06 1.4599e-06 1.39165e-06 2.30283e-07 3.76101e-07 8.44637e-08 4.49236e-05 3.41216e-08 1.45819e-07 2.65521e-08 1.89857e-08
0.979655 1.22952e-06 1.2487e-06 1.21035e-06 1.54728e-07 2.36306e-07 7.31505e-08 2.96664e-05 1.91721e-08 8.15775e-08 1.49601e-08 1.07416e-08
0.983046 1.28071e-06 1.29057e-06 1.27085e-06 1.1732e-07 1.57984e-07 7.66558e-08 1.85441e-05 9.85722e-09 4.0664e-08 7.7863e-09 5.70818e-09
0.986437 1.63755e-06 1.6422e-06 1.6329e-06 1.15674e-07 1.32905e-07 9.84417e-08 1.12499e-05 4.64918e-09 1.72318e-08 3.80675e-09 2.95975e-09
0.989827 3.22279e-06 3.22491e-06 3.22066e-06 2.00052e-07 2.05954e-07 1.9415e-07 7.95997e-06 2.12809e-09 5.90228e-09 1.87644e-09 1.62292e-09
0.993218 9.91096e-06 9.91126e-06 9.91065e-06 6.00015e-07 6.02589e-07 5.97441e-07 3.09222e-05 3.03081e-10 2.57413e-09 1.52246e-10 1.05879e-22
4.01075e-314 inf inf inf inf inf inf 0.00354356 18.5226 0.877292 0.560173 0.161595
