9.72476e-05 28.4348 29.2315 27.6382 17.8025 18.2894 17.3156 14.9013 0.796649 0.486874 0.129169 0.120537
0.0001 28.262 29.0556 27.4685 17.6933 18.1785 17.2082 14.7943 0.793556 0.485127 0.128546 0.119819
0.00010283 28.0936 28.8841 27.3032 17.587 18.0704 17.1036 14.6879 0.790474 0.483387 0.127928 0.119106
0.000105741 27.9509 28.7383 27.1635 17.4969 17.9786 17.0153 14.5821 0.787402 0.481653 0.127315 0.118395
0.000108734 27.7747 28.559 26.9904 17.3857 17.8656 16.9057 14.4769 0.784341 0.479924 0.126705 0.117688
0.000111811 27.5995 28.3807 26.8182 17.275 17.7532 16.7968 14.3723 0.78129 0.478202 0.1261 0.116985
0.000114976 27.4251 28.2033 26.6468 17.1648 17.6413 16.6883 14.2683 0.77825 0.476486 0.1255 0.116284
0.00011823 27.2516 28.0268 26.4764 17.0552 17.53 16.5805 14.1648 0.77522 0.474775 0.124904 0.115587
0.000121576 27.079 27.8512 26.3068 16.9462 17.4193 16.4732 14.062 0.772201 0.473071 0.124312 0.114894
0.000125017 26.9073 27.6765 26.1381 16.8378 17.3091 16.3664 13.9597 0.769191 0.471372 0.123725 0.114203
0.000128556 26.7364 27.5026 25.9702 16.7299 17.1995 16.2602 13.858 0.766192 0.46968 0.123142 0.113516
0.000132194 26.5664 27.3296 25.8032 16.6225 17.0905 16.1545 13.7569 0.763203 0.467993 0.122563 0.112832
0.000135936 26.3973 27.1575 25.6371 16.5157 16.9821 16.0494 13.6564 0.760225 0.466312 0.121989 0.112152
0.000139783 26.229 26.9863 25.4718 16.4095 16.8741 15.9449 13.5565 0.757256 0.464637 0.121419 0.111475
0.000143739 26.0616 26.8159 25.3073 16.3038 16.7668 15.8409 13.4571 0.754297 0.462967 0.120854 0.110801
0.000147808 25.8951 26.6464 25.1437 16.1987 16.66 15.7374 13.3583 0.751348 0.461303 0.120292 0.11013
0.000151991 25.7294 26.4778 24.981 16.0941 16.5537 15.6344 13.26 0.748409 0.459645 0.119736 0.109462
0.000156293 25.5645 26.31 24.819 15.99 16.448 15.532 13.1623 0.74548 0.457993 0.119183 0.108798
0.000160717 25.4005 26.1431 24.658 15.8865 16.3428 15.4301 13.0652 0.74256 0.456346 0.118635 0.108137
0.000165265 25.2373 25.977 24.4977 15.7835 16.2382 15.3288 12.9686 0.73965 0.454705 0.118091 0.107479
0.000169943 25.075 25.8118 24.3383 15.6811 16.1341 15.228 12.8726 0.736749 0.45307 0.117552 0.106824
0.000174753 24.9135 25.6474 24.1796 15.5791 16.0306 15.1277 12.7771 0.733858 0.45144 0.117017 0.106172
0.000179699 24.7528 25.4838 24.0218 15.4778 15.9276 15.0279 12.6822 0.730977 0.449816 0.116486 0.105524
0.000184785 24.593 25.3211 23.8649 15.3769 15.8251 14.9287 12.5879 0.728105 0.448197 0.11596 0.104878
0.000190015 24.4339 25.1592 23.7087 15.2766 15.7231 14.83 12.494 0.725242 0.446583 0.115437 0.104236
0.000195393 24.2757 24.9981 23.5534 15.1768 15.6217 14.7318 12.4007 0.722388 0.444976 0.11492 0.103597
0.000200923 24.1184 24.8379 23.3988 15.0775 15.5208 14.6341 12.308 0.719544 0.443373 0.114406 0.10296
0.00020661 23.9618 24.6785 23.2451 14.9787 15.4205 14.5369 12.2158 0.716708 0.441776 0.113897 0.102327
0.000212458 23.806 24.5198 23.0921 14.8804 15.3206 14.4403 12.1241 0.713882 0.440184 0.113392 0.101697
0.000218471 23.651 24.3621 22.9399 14.7827 15.2213 14.3441 12.0329 0.711064 0.438598 0.112892 0.10107
0.000224655 23.4969 24.2051 22.7886 14.6855 15.1225 14.2485 11.9423 0.708256 0.437017 0.112395 0.100446
0.000231013 23.3435 24.0489 22.638 14.5888 15.0242 14.1533 11.8522 0.705456 0.435442 0.111903 0.0998251
0.000237551 23.1909 23.8936 22.4882 14.4926 14.9264 14.0587 11.7627 0.702665 0.433871 0.111416 0.0992072
0.000244275 23.0391 23.739 22.3392 14.3969 14.8292 13.9646 11.6736 0.699882 0.432306 0.110932 0.0985921
0.000251189 22.8881 23.5852 22.191 14.3017 14.7324 13.8709 11.5851 0.697108 0.430746 0.110453 0.0979801
0.000258298 22.7379 23.4323 22.0436 14.207 14.6362 13.7778 11.4971 0.694343 0.429191 0.109979 0.097371
0.000265609 22.5885 23.2801 21.8969 14.1128 14.5404 13.6852 11.4095 0.691586 0.427641 0.109508 0.0967648
0.000273126 22.4398 23.1287 21.751 14.0191 14.4452 13.593 11.3226 0.688838 0.426097 0.109042 0.0961615
0.000280857 22.292 22.9781 21.6059 13.9259 14.3505 13.5013 11.2361 0.686097 0.424557 0.10858 0.0955613
0.000288806 22.1449 22.8282 21.4615 13.8332 14.2562 13.4102 11.1501 0.683365 0.423023 0.108122 0.0949639
0.00029698 21.9985 22.6792 21.3179 13.741 14.1625 13.3195 11.0646 0.680641 0.421494 0.107669 0.0943693
0.000305386 21.853 22.5309 21.1751 13.6493 14.0692 13.2293 10.9796 0.677925 0.419969 0.10722 0.0937778
0.000314029 21.7081 22.3834 21.0329 13.558 13.9765 13.1396 10.8952 0.675217 0.41845 0.106775 0.0931889
0.000322917 21.5641 22.2366 20.8916 13.4673 13.8842 13.0503 10.8112 0.672517 0.416936 0.106334 0.092603
0.000332057 21.4208 22.0906 20.751 13.377 13.7924 12.9616 10.7277 0.669825 0.415426 0.105898 0.0920199
0.000341455 21.2783 21.9454 20.6111 13.2872 13.7011 12.8733 10.6447 0.66714 0.413921 0.105466 0.0914397
0.000351119 21.1365 21.8009 20.472 13.1979 13.6103 12.7855 10.5622 0.664463 0.412422 0.105038 0.0908622
0.000361057 20.9954 21.6572 20.3336 13.109 13.52 12.6981 10.4802 0.661794 0.410927 0.104615 0.0902875
0.000371276 20.8551 21.5142 20.196 13.0207 13.4301 12.6113 10.3987 0.659132 0.409436 0.104195 0.0897157
0.000381784 20.7156 21.372 20.0591 12.9328 13.3407 12.5248 10.3176 0.656477 0.407951 0.10378 0.0891466
0.00039259 20.5767 21.2305 19.9229 12.8454 13.2518 12.4389 10.237 0.65383 0.40647 0.103369 0.0885803
0.000403702 20.4386 21.0898 19.7874 12.7584 13.1634 12.3534 10.1569 0.65119 0.404994 0.102963 0.0880167
0.000415128 20.3012 20.9498 19.6527 12.6719 13.0755 12.2684 10.0773 0.648557 0.403523 0.10256 0.0874558
0.000426877 20.1646 20.8105 19.5187 12.5859 12.988 12.1839 9.99818 0.645931 0.402056 0.102162 0.0868977
0.000438959 20.0287 20.672 19.3854 12.5004 12.901 12.0998 9.91951 0.643312 0.400594 0.101768 0.0863423
0.000451383 19.8935 20.5342 19.2528 12.4153 12.8144 12.0161 9.84131 0.6407 0.399136 0.101379 0.0857896
0.000464159 19.759 20.3971 19.1209 12.3306 12.7283 11.9329 9.76357 0.638095 0.397683 0.100993 0.0852395
0.000477296 19.6252 20.2607 18.9897 12.2464 12.6427 11.8502 9.68629 0.635496 0.396234 0.100612 0.0846922
0.000490805 19.4922 20.1251 18.8593 12.1627 12.5575 11.7679 9.60948 0.632904 0.39479 0.100235 0.0841474
0.000504697 19.3598 19.9901 18.7295 12.0794 12.4728 11.6861 9.53313 0.630318 0.39335 0.0998621 0.0836054
0.000518981 19.2282 19.8559 18.6004 11.9966 12.3885 11.6047 9.45723 0.627739 0.391915 0.0994934 0.083066
0.00053367 19.0972 19.7224 18.472 11.9142 12.3047 11.5237 9.38179 0.625166 0.390484 0.0991289 0.0825292
0.000548775 18.967 19.5896 18.3444 11.8323 12.2214 11.4432 9.30681 0.622599 0.389057 0.0987686 0.0819949
0.000564307 18.8374 19.4575 18.2174 11.7508 12.1384 11.3632 9.23227 0.620039 0.387635 0.0984125 0.0814634
0.000580278 18.7086 19.326 18.0911 11.6698 12.056 11.2835 9.15818 0.617484 0.386217 0.0980605 0.0809343
0.000596702 18.5804 19.1953 17.9655 11.5892 11.974 11.2044 9.08454 0.614935 0.384803 0.0977128 0.0804079
0.000613591 18.4529 19.0653 17.8405 11.509 11.8924 11.1256 9.01135 0.612392 0.383393 0.0973691 0.079884
0.000630957 18.3261 18.936 17.7163 11.4293 11.8112 11.0473 8.93859 0.609855 0.381987 0.0970296 0.0793626
0.000648815 18.2 18.8073 17.5927 11.35 11.7305 10.9694 8.86628 0.607323 0.380586 0.0966944 0.0788438
0.000667179 18.0746 18.6794 17.4698 11.2711 11.6503 10.8919 8.7944 0.604796 0.379188 0.0963631 0.0783275
0.000686062 17.9498 18.552 17.3475 11.1927 11.5705 10.8149 8.72296 0.602275 0.377795 0.0960361 0.0778137
0.00070548 17.8257 18.4254 17.2259 11.1146 11.4911 10.7382 8.65195 0.599759 0.376405 0.0957131 0.0773023
0.000725448 17.7023 18.2995 17.105 11.0371 11.4121 10.6621 8.58138 0.597248 0.37502 0.0953943 0.0767935
0.00074598 17.5795 18.1742 16.9847 10.9599 11.3335 10.5863 8.51123 0.594743 0.373638 0.0950795 0.0762871
0.000767094 17.4574 18.0496 16.8652 10.8832 11.2554 10.5109 8.44151 0.592242 0.37226 0.0947689 0.0757832
0.000788805 17.3359 17.9257 16.7462 10.8069 11.1778 10.436 8.37222 0.589745 0.370886 0.0944624 0.0752817
0.000811131 17.2151 17.8024 16.6279 10.731 11.1005 10.3615 8.30335 0.587254 0.369516 0.0941599 0.0747827
0.000834088 17.095 17.6798 16.5103 10.6555 11.0236 10.2873 8.2349 0.584767 0.36815 0.0938615 0.0742861
0.000857696 16.9755 17.5578 16.3933 10.5804 10.9472 10.2136 8.16687 0.582284 0.366787 0.0935671 0.0737918
0.000881971 16.8567 17.4365 16.2769 10.5058 10.8712 10.1404 8.09926 0.579806 0.365428 0.0932768 0.0733
0.000906934 16.7385 17.3158 16.1612 10.4315 10.7956 10.0675 8.03206 0.577332 0.364073 0.0929904 0.0728105
0.000932603 16.6209 17.1958 16.0461 10.3577 10.7204 9.99499 7.96528 0.574862 0.362721 0.0927082 0.0723234
0.000958999 16.5041 17.0765 15.9317 10.2843 10.6457 9.92291 7.89891 0.572396 0.361372 0.0924298 0.0718386
0.000986142 16.3878 16.9577 15.8179 10.2113 10.5713 9.85124 7.83294 0.569933 0.360027 0.0921555 0.0713563
0.00101405 16.2721 16.8396 15.7047 10.1386 10.4973 9.77996 7.76738 0.567475 0.358686 0.0918852 0.0708762
0.00104275 16.1571 16.7221 15.5921 10.0664 10.4238 9.70908 7.70223 0.565019 0.357348 0.0916188 0.0703984
0.00107227 16.0427 16.6053 15.4802 9.99462 10.3506 9.6386 7.63748 0.562567 0.356013 0.0913564 0.069923
0.00110262 15.929 16.4891 15.3688 9.9232 10.2779 9.56852 7.57313 0.560119 0.354682 0.0910978 0.0694498
0.00113382 15.8158 16.3735 15.2582 9.85218 10.2055 9.49882 7.50918 0.557673 0.353354 0.0908432 0.0689789
0.00116591 15.7033 16.2585 15.1481 9.78154 10.1336 9.42951 7.44563 0.55523 0.352029 0.0905924 0.0685102
0.00119891 15.5914 16.1442 15.0386 9.7113 10.062 9.3606 7.38248 0.55279 0.350707 0.0903455 0.0680438
0.00123285 15.4801 16.0305 14.9297 9.64145 9.99084 9.29207 7.31972 0.550353 0.349388 0.0901025 0.0675796
0.00126774 15.3694 15.9173 14.8215 9.572 9.92007 9.22392 7.25734 0.547919 0.348073 0.0898633 0.0671177
0.00130362 15.2593 15.8048 14.7139 9.50292 9.84968 9.15616 7.19536 0.545486 0.34676 0.0896279 0.066658
0.00134052 15.1499 15.6929 14.6068 9.43423 9.77968 9.08878 7.13377 0.543056 0.345451 0.0893963 0.0662005
0.00137846 15.041 15.5816 14.5004 9.36592 9.71007 9.02178 7.07256 0.540628 0.344144 0.0891684 0.0657451
0.00141747 14.9327 15.4709 14.3945 9.29799 9.64083 8.95515 7.01174 0.538202 0.34284 0.0889442 0.0652919
0.00145759 14.8251 15.3608 14.2893 9.23044 9.57198 8.8889 6.95129 0.535777 0.341539 0.0887238 0.0648409
0.00149885 14.718 15.2513 14.1846 9.16326 9.5035 8.82302 6.89123 0.533355 0.340241 0.088507 0.064392
0.00154127 14.6115 15.1424 14.0805 9.09646 9.43541 8.75752 6.83155 0.530933 0.338945 0.0882939 0.0639453
0.00158489 14.5056 15.0341 13.9771 9.03003 9.36768 8.69238 6.77224 0.528513 0.337652 0.0880844 0.0635006
0.00162975 14.4002 14.9263 13.8742 8.96398 9.30034 8.62762 6.71331 0.526094 0.336361 0.0878785 0.0630581
0.00167588 14.2955 14.8192 13.7718 8.89829 9.23336 8.56322 6.65475 0.523676 0.335074 0.0876762 0.0626177
0.00172331 14.1913 14.7126 13.6701 8.83297 9.16675 8.49918 6.59656 0.521258 0.333788 0.0874773 0.0621793
0.00177209 14.0878 14.6066 13.5689 8.76801 9.10052 8.43551 6.53874 0.518842 0.332505 0.0872821 0.0617431
0.00182224 13.9848 14.5012 13.4683 8.70342 9.03464 8.37219 6.48129 0.516425 0.331224 0.0870901 0.0613088
0.00187382 13.8823 14.3963 13.3683 8.63918 8.96913 8.30924 6.4242 0.514009 0.329946 0.0869017 0.0608766
0.00192685 13.7804 14.292 13.2688 8.57531 8.90398 8.24664 6.36748 0.511593 0.32867 0.0867166 0.0604464
0.00198139 13.6791 14.1883 13.17 8.51179 8.83918 8.18439 6.31112 0.509176 0.327396 0.0865349 0.0600182
0.00203747 13.5784 14.0851 13.0716 8.44863 8.77475 8.1225 6.25511 0.50676 0.326124 0.0863564 0.059592
0.00209514 13.4782 13.9825 12.9739 8.38582 8.71067 8.06096 6.19947 0.504343 0.324854 0.0861812 0.0591678
0.00215443 13.3786 13.8805 12.8766 8.32336 8.64694 7.99977 6.14419 0.501925 0.323586 0.0860092 0.0587456
0.00221541 13.2795 13.779 12.78 8.26125 8.58357 7.93893 6.08925 0.499506 0.32232 0.0858404 0.0583253
0.00227812 13.181 13.6781 12.6839 8.19949 8.52055 7.87844 6.03468 0.497086 0.321056 0.0856747 0.057907
0.00234259 13.083 13.5777 12.5883 8.13807 8.45787 7.81828 5.98045 0.494665 0.319793 0.085512 0.0574906
0.0024089 12.9856 13.4778 12.4933 8.077 8.39554 7.75847 5.92657 0.492242 0.318532 0.0853524 0.0570761
0.00247708 12.8887 13.3785 12.3989 8.01628 8.33355 7.699 5.87304 0.489818 0.317273 0.0851958 0.0566635
0.00254719 12.7923 13.2797 12.3049 7.95589 8.2719 7.63987 5.81986 0.487392 0.316016 0.085042 0.0562528
0.00261928 12.6965 13.1815 12.2116 7.89583 8.21059 7.58107 5.76702 0.484963 0.314759 0.084891 0.055844
0.00269341 12.6013 13.0838 12.1187 7.83611 8.14962 7.52261 5.71453 0.482533 0.313505 0.0847429 0.055437
0.00276965 12.5065 12.9866 12.0264 7.77673 8.08898 7.46448 5.66237 0.4801 0.312251 0.0845974 0.0550318
0.00284804 12.4123 12.89 11.9346 7.71768 8.02868 7.40668 5.61056 0.477664 0.310999 0.0844547 0.0546285
0.00292864 12.3186 12.7938 11.8434 7.65896 7.96871 7.34921 5.55908 0.475225 0.309748 0.0843145 0.0542271
0.00301153 12.2255 12.6982 11.7527 7.60057 7.90907 7.29207 5.50794 0.472783 0.308498 0.0841768 0.0538273
0.00309677 12.1328 12.6032 11.6625 7.5425 7.84975 7.23525 5.45714 0.470338 0.307249 0.0840416 0.0534295
0.00318442 12.0407 12.5086 11.5728 7.48476 7.79077 7.17876 5.40666 0.467888 0.306002 0.0839088 0.0530333
0.00327455 11.9491 12.4145 11.4837 7.42734 7.7321 7.12259 5.35652 0.465436 0.304754 0.0837782 0.052639
0.00336723 11.858 12.321 11.395 7.37024 7.67375 7.06673 5.30671 0.462979 0.303508 0.0836499 0.0522463
0.00346253 11.7674 12.2279 11.3069 7.31346 7.61572 7.01119 5.25722 0.460517 0.302263 0.0835237 0.0518554
0.00356053 11.6773 12.1354 11.2193 7.25699 7.55801 6.95597 5.20807 0.458052 0.301017 0.0833996 0.0514662
0.00366131 11.5878 12.0434 11.1322 7.20084 7.50061 6.90107 5.15923 0.455581 0.299773 0.0832774 0.0510787
0.00376494 11.4987 11.9518 11.0456 7.145 7.44353 6.84647 5.11072 0.453106 0.298529 0.0831571 0.0506929
0.0038715 11.4101 11.8608 10.9595 7.08947 7.38675 6.79218 5.06253 0.450625 0.297285 0.0830386 0.0503088
0.00398107 11.3221 11.7702 10.8739 7.03425 7.33029 6.73821 5.01466 0.448139 0.296042 0.0829217 0.0499263
0.00409375 11.2345 11.6801 10.7889 6.97933 7.27413 6.68453 4.96711 0.445647 0.294798 0.0828065 0.0495454
0.00420962 11.1474 11.5906 10.7043 6.92472 7.21827 6.63116 4.91988 0.443149 0.293555 0.0826927 0.0491662
0.00432876 11.0608 11.5015 10.6202 6.87041 7.16272 6.57809 4.87296 0.440644 0.292311 0.0825803 0.0487886
0.00445128 10.9747 11.4128 10.5366 6.81639 7.10746 6.52533 4.82635 0.438134 0.291068 0.0824692 0.0484126
0.00457727 10.8891 11.3247 10.4535 6.76268 7.0525 6.47286 4.78006 0.435617 0.289824 0.0823593 0.0480381
0.00470682 10.8039 11.237 10.3708 6.70926 6.99784 6.42068 4.73407 0.433092 0.28858 0.0822503 0.0476653
0.00484003 10.7193 11.1498 10.2887 6.65614 6.94347 6.3688 4.6884 0.430561 0.287335 0.0821424 0.0472939
0.00497702 10.6351 11.0631 10.2071 6.6033 6.88939 6.31721 4.64303 0.428022 0.28609 0.0820351 0.0469241
0.00511789 10.5514 10.9768 10.1259 6.55076 6.83561 6.26592 4.59797 0.425475 0.284844 0.0819286 0.0465558
0.00526274 10.4681 10.891 10.0452 6.49851 6.7821 6.21491 4.55321 0.422921 0.283597 0.0818227 0.0461891
0.0054117 10.3853 10.8057 9.96497 6.44654 6.72889 6.16419 4.50875 0.420358 0.28235 0.0817171 0.0458238
0.00556486 10.303 10.7208 9.88522 6.39485 6.67595 6.11375 4.4646 0.417787 0.281101 0.0816118 0.04546
0.00572237 10.2211 10.6364 9.80594 6.34344 6.62329 6.06358 4.42074 0.415207 0.279852 0.0815067 0.0450976
0.00588433 10.1397 10.5524 9.72713 6.29231 6.57091 6.0137 4.37719 0.412618 0.278601 0.0814015 0.0447366
0.00605088 10.0588 10.4688 9.64878 6.24145 6.5188 5.9641 4.33392 0.410019 0.277349 0.0812962 0.0443771
0.00622213 9.97832 10.3857 9.5709 6.19087 6.46697 5.91478 4.29096 0.407412 0.276095 0.0811906 0.0440191
0.00639824 9.89827 10.3031 9.49348 6.14056 6.4154 5.86572 4.24829 0.404794 0.27484 0.0810845 0.0436623
0.00657933 9.81868 10.2208 9.41652 6.09052 6.36411 5.81694 4.2059 0.402167 0.273583 0.0809777 0.043307
0.00676555 9.73954 10.1391 9.34001 6.04075 6.31308 5.76843 4.16381 0.399529 0.272324 0.0808702 0.042953
0.00695704 9.66083 10.0577 9.26395 5.99125 6.26231 5.72018 4.12201 0.396881 0.271063 0.0807618 0.0426004
0.00715394 9.58256 9.97679 9.18834 5.942 6.2118 5.6722 4.0805 0.394222 0.2698 0.0806522 0.0422491
0.00735642 9.50473 9.89628 9.11318 5.89302 6.16155 5.62448 4.03927 0.391552 0.268535 0.0805413 0.0418991
0.00756463 9.42734 9.81621 9.03847 5.84429 6.11156 5.57703 3.99832 0.38887 0.267268 0.0804289 0.0415505
0.00777874 9.35038 9.73655 8.9642 5.79582 6.06182 5.52983 3.95766 0.386177 0.265998 0.0803148 0.0412031
0.0079989 9.27384 9.65731 8.89036 5.74761 6.01233 5.48288 3.91728 0.383473 0.264726 0.0801989 0.0408569
0.0082253 9.19773 9.57848 8.81697 5.69964 5.96309 5.43619 3.87718 0.380756 0.263451 0.0800809 0.040512
0.0084581 9.12204 9.50007 8.74401 5.65193 5.9141 5.38976 3.83735 0.378027 0.262173 0.0799607 0.0401683
0.00869749 9.04677 9.42206 8.67149 5.60446 5.86535 5.34357 3.79781 0.375286 0.260892 0.079838 0.0398259
0.00894366 8.97192 9.34445 8.59939 5.55723 5.81684 5.29762 3.75853 0.372532 0.259607 0.0797127 0.0394847
0.00919679 8.89748 9.26725 8.52772 5.51024 5.76856 5.25192 3.71954 0.369765 0.25832 0.0795845 0.0391446
0.00945709 8.82346 9.19044 8.45647 5.4635 5.72052 5.20647 3.68081 0.366985 0.257029 0.0794533 0.0388057
0.00972476 8.74984 9.11404 8.38565 5.41699 5.67272 5.16125 3.64235 0.364192 0.255734 0.0793187 0.038468
0.01 8.67663 9.03802 8.31525 5.37071 5.62514 5.11627 3.60417 0.361384 0.254436 0.0791806 0.0381314
0.010283 8.60382 8.96238 8.24526 5.32466 5.5778 5.07153 3.56625 0.358564 0.253133 0.0790388 0.0377959
0.0105741 8.53141 8.88714 8.17569 5.27885 5.53067 5.02702 3.5286 0.355729 0.251827 0.078893 0.0374615
0.0108734 8.4594 8.81228 8.10653 5.23326 5.48377 4.98274 3.49121 0.35288 0.250516 0.0787431 0.0371282
0.0111811 8.38779 8.7378 8.03777 5.18789 5.43709 4.93869 3.45409 0.350016 0.249201 0.0785887 0.0367959
0.0114976 8.31656 8.6637 7.96943 5.14274 5.39063 4.89486 3.41722 0.347138 0.247882 0.0784296 0.0364648
0.011823 8.24573 8.58997 7.90148 5.09781 5.34437 4.85126 3.38062 0.344245 0.246557 0.0782657 0.0361347
0.0121576 8.17528 8.51661 7.83394 5.0531 5.29833 4.80787 3.34427 0.341337 0.245228 0.0780965 0.0358055
0.0125017 8.10521 8.44362 7.76679 5.0086 5.2525 4.76471 3.30818 0.338415 0.243894 0.077922 0.0354775
0.0128556 8.03552 8.37099 7.70004 4.96431 5.20687 4.72176 3.27235 0.335477 0.242555 0.0777418 0.0351503
0.0132194 7.9662 8.29873 7.63368 4.92023 5.16144 4.67902 3.23677 0.332524 0.24121 0.0775557 0.0348242
0.0135936 7.89727 8.22682 7.56771 4.87635 5.11621 4.63649 3.20145 0.329555 0.23986 0.0773635 0.034499
0.0139783 7.8287 8.15527 7.50213 4.83267 5.07118 4.59417 3.16637 0.32657 0.238504 0.0771649 0.0341748
0.0143739 7.76049 8.08406 7.43692 4.7892 5.02634 4.55206 3.13154 0.32357 0.237142 0.0769596 0.0338515
0.0147808 7.69266 8.01322 7.37211 4.74592 4.98169 4.51014 3.09696 0.320555 0.235774 0.0767473 0.0335291
0.0151991 7.62519 7.94271 7.30766 4.70283 4.93723 4.46843 3.06263 0.317523 0.2344 0.0765279 0.0332077
0.0156293 7.55807 7.87254 7.24359 4.65993 4.89295 4.42691 3.02854 0.314476 0.233019 0.076301 0.032887
0.0160717 7.49131 7.80272 7.1799 4.61722 4.84885 4.38559 2.99469 0.311412 0.231632 0.0760665 0.0325673
0.0165265 7.4249 7.73324 7.11657 4.57469 4.80493 4.34445 2.96109 0.308333 0.230238 0.0758239 0.0322484
0.0169943 7.35884 7.66408 7.05361 4.53234 4.76118 4.30351 2.92772 0.305237 0.228837 0.0755731 0.0319304
0.0174753 7.29313 7.59526 6.99101 4.49017 4.7176 4.26274 2.89459 0.302126 0.227429 0.0753139 0.0316132
0.0179699 7.22776 7.52676 6.92877 4.44818 4.67419 4.22217 2.8617 0.298999 0.226013 0.0750459 0.0312968
0.0184785 7.16274 7.4586 6.86689 4.40636 4.63095 4.18177 2.82905 0.295855 0.22459 0.0747688 0.0309812
0.0190015 7.09805 7.39075 6.80536 4.36471 4.58787 4.14155 2.79662 0.292696 0.223159 0.0744825 0.0306664
0.0195393 7.0337 7.32322 6.74417 4.32322 4.54494 4.1015 2.76443 0.289521 0.221721 0.0741867 0.0303523
0.0200923 6.96967 7.256 6.68334 4.28189 4.50216 4.06162 2.73247 0.286331 0.220274 0.0738811 0.030039
0.020661 6.90597 7.18909 6.62284 4.24073 4.45955 4.02191 2.70073 0.283125 0.218819 0.0735655 0.0297264
0.0212458 6.84259 7.1225 6.56269 4.19971 4.41707 3.98236 2.66922 0.279903 0.217355 0.0732396 0.0294146
0.0218471 6.77954 7.0562 6.50287 4.15886 4.37474 3.94297 2.63794 0.276666 0.215883 0.0729032 0.0291035
0.0224655 6.7168 6.99022 6.44339 4.11814 4.33255 3.90374 2.60688 0.273415 0.214402 0.0725561 0.0287931
0.0231013 6.65438 6.92453 6.38423 4.07758 4.29049 3.86467 2.57604 0.270148 0.212912 0.072198 0.0284833
0.0237551 6.59227 6.85913 6.3254 4.03716 4.24857 3.82575 2.54541 0.266867 0.211412 0.0718288 0.0281743
0.0244275 6.53047 6.79404 6.2669 3.99688 4.20678 3.78698 2.51501 0.263571 0.209904 0.0714481 0.0278659
0.0251189 6.46897 6.72923 6.20871 3.95673 4.16512 3.74835 2.48482 0.260261 0.208385 0.0710558 0.0275582
0.0258298 6.40777 6.66471 6.15083 3.91671 4.12357 3.70986 2.45485 0.256938 0.206857 0.0706517 0.0272511
0.0265609 6.34687 6.60047 6.09327 3.87683 4.08214 3.67151 2.42508 0.253601 0.205318 0.0702356 0.0269447
0.0273126 6.28626 6.53651 6.03601 3.83706 4.04083 3.63329 2.39553 0.250251 0.20377 0.0698073 0.0266389
0.0280857 6.22594 6.47283 5.97906 3.79742 3.99963 3.59521 2.36619 0.246889 0.202211 0.0693666 0.0263337
0.0288806 6.16592 6.40943 5.9224 3.75789 3.95853 3.55725 2.33705 0.243514 0.200641 0.0689135 0.0260291
0.029698 6.10617 6.34629 5.86604 3.71848 3.91754 3.51942 2.30811 0.240127 0.199061 0.0684476 0.0257251
0.0305386 6.0467 6.28343 5.80997 3.67918 3.87665 3.48171 2.27938 0.23673 0.19747 0.067969 0.0254217
0.0314029 5.98751 6.22083 5.75419 3.63998 3.83585 3.44411 2.25085 0.233322 0.195867 0.0674774 0.0251188
0.0322917 5.92859 6.15849 5.69869 3.60089 3.79514 3.40663 2.22252 0.229903 0.194253 0.0669727 0.0248166
0.0332057 5.86994 6.09641 5.64346 3.56189 3.75452 3.36927 2.19438 0.226475 0.192628 0.066455 0.0245149
0.0341455 5.81155 6.03458 5.58851 3.52299 3.71398 3.332 2.16644 0.223038 0.190991 0.065924 0.0242137
0.0351119 5.75342 5.97301 5.53383 3.48418 3.67352 3.29484 2.13869 0.219593 0.189342 0.0653797 0.0239131
0.0361057 5.69554 5.91169 5.4794 3.44546 3.63314 3.25777 2.11113 0.216141 0.187682 0.0648221 0.0236131
0.0371276 5.63793 5.85061 5.42524 3.40681 3.59282 3.22081 2.08376 0.212681 0.186009 0.0642512 0.0233135
0.0381784 5.58055 5.78977 5.37134 3.36825 3.55257 3.18393 2.05657 0.209215 0.184323 0.0636668 0.0230146
0.039259 5.52343 5.72917 5.31768 3.32977 3.51239 3.14714 2.02957 0.205744 0.182625 0.0630691 0.0227161
0.0403702 5.46654 5.66881 5.26427 3.29135 3.47226 3.11043 2.00275 0.202269 0.180915 0.062458 0.0224182
0.0415128 5.40989 5.60868 5.2111 3.253 3.43219 3.0738 1.97611 0.19879 0.179192 0.0618336 0.0221208
0.0426877 5.35347 5.54878 5.15816 3.21471 3.39216 3.03725 1.94965 0.195308 0.177456 0.061196 0.0218239
0.0438959 5.29727 5.4891 5.10545 3.17648 3.35218 3.00077 1.92336 0.191825 0.175706 0.0605452 0.0215276
0.0451383 5.2413 5.42964 5.05296 3.13831 3.31225 2.96436 1.89724 0.188341 0.173944 0.0598813 0.0212318
0.0464159 5.18555 5.3704 5.00069 3.10018 3.27235 2.92801 1.8713 0.184856 0.172168 0.0592046 0.0209364
0.0477296 5.13 5.31138 4.94863 3.0621 3.23248 2.89172 1.84552 0.181373 0.170379 0.058515 0.0206417
0.0490805 5.07467 5.25256 4.89678 3.02407 3.19264 2.85549 1.81991 0.177893 0.168577 0.0578128 0.0203474
0.0504697 5.01954 5.19395 4.84512 2.98607 3.15283 2.81931 1.79446 0.174415 0.16676 0.0570983 0.0200537
0.0518981 4.9646 5.13555 4.79366 2.9481 3.11303 2.78317 1.76918 0.170942 0.164931 0.0563715 0.0197605
0.053367 4.90987 5.07734 4.74239 2.91017 3.07326 2.74709 1.74405 0.167475 0.163087 0.0556328 0.0194678
0.0548775 4.85531 5.01933 4.6913 2.87227 3.03349 2.71104 1.71908 0.164015 0.16123 0.0548823 0.0191757
0.0564307 4.80094 4.9615 4.64038 2.83438 2.99374 2.67502 1.69426 0.160562 0.159358 0.0541205 0.0188841
0.0580278 4.74675 4.90387 4.58963 2.79651 2.95399 2.63904 1.66959 0.157119 0.157473 0.0533476 0.0185931
0.0596702 4.69272 4.84641 4.53904 2.75866 2.91423 2.60308 1.64507 0.153686 0.155574 0.0525639 0.0183026
0.0613591 4.63887 4.78913 4.4886 2.72081 2.87447 2.56715 1.6207 0.150265 0.153661 0.0517698 0.0180127
0.0630957 4.58516 4.73202 4.43831 2.68298 2.83471 2.53124 1.59648 0.146856 0.151734 0.0509657 0.0177234
0.0648815 4.53162 4.67508 4.38816 2.64514 2.79494 2.49535 1.57239 0.143463 0.149794 0.050152 0.0174347
0.0667179 4.47822 4.6183 4.33814 2.6073 2.75514 2.45946 1.54844 0.140084 0.147839 0.0493291 0.0171466
0.0686062 4.42496 4.56168 4.28824 2.56946 2.71533 2.42359 1.52463 0.136723 0.145871 0.0484974 0.0168591
0.070548 4.37183 4.50521 4.23845 2.53161 2.6755 2.38772 1.50095 0.133381 0.143889 0.0476574 0.0165723
0.0725448 4.31883 4.44889 4.18877 2.49375 2.63564 2.35185 1.47741 0.130058 0.141893 0.0468097 0.0162861
0.074598 4.26595 4.39271 4.1392 2.45587 2.59575 2.31598 1.45399 0.126756 0.139884 0.0459547 0.0160006
0.0767094 4.21318 4.33666 4.08971 2.41797 2.55583 2.28011 1.4307 0.123476 0.137861 0.0450929 0.0157158
0.0788805 4.16052 4.28075 4.0403 2.38005 2.51587 2.24422 1.40753 0.120221 0.135825 0.044225 0.0154317
0.0811131 4.10796 4.22495 3.99097 2.3421 2.47587 2.20832 1.38449 0.116991 0.133776 0.0433514 0.0151483
0.0834088 4.05549 4.16927 3.9417 2.30412 2.43584 2.17241 1.36156 0.113788 0.131714 0.0424727 0.0148657
0.0857696 4.00309 4.11371 3.89248 2.26612 2.39576 2.13648 1.33875 0.110612 0.12964 0.0415896 0.0145839
0.0881971 3.95078 4.05824 3.84331 2.22807 2.35563 2.10052 1.31605 0.107467 0.127553 0.0407027 0.0143029
0.0906934 3.89852 4.00287 3.79417 2.19 2.31545 2.06454 1.29347 0.104352 0.125454 0.0398125 0.0140227
0.0932603 3.84632 3.94759 3.74505 2.15188 2.27523 2.02854 1.27099 0.101269 0.123344 0.0389197 0.0137434
0.0958999 3.79417 3.89239 3.69595 2.11373 2.23495 1.99251 1.24862 0.0982203 0.121221 0.0380251 0.013465
0.0986142 3.74206 3.83727 3.64686 2.07553 2.19462 1.95644 1.22636 0.0952062 0.119088 0.0371291 0.0131876
0.101405 3.68998 3.78221 3.59775 2.03729 2.15423 1.92034 1.2042 0.0922284 0.116944 0.0362325 0.0129111
0.104275 3.63792 3.7272 3.54863 1.999 2.11379 1.88421 1.18214 0.0892882 0.11479 0.035336 0.0126357
0.107227 3.58587 3.67225 3.49948 1.96067 2.0733 1.84805 1.16018 0.0863868 0.112625 0.0344403 0.0123613
0.110262 3.53381 3.61734 3.45028 1.9223 2.03275 1.81185 1.13831 0.0835254 0.110452 0.0335459 0.012088
0.113382 3.48174 3.56245 3.40104 1.88388 1.99215 1.77561 1.11654 0.0807054 0.108269 0.0326537 0.0118159
0.116591 3.42966 3.50758 3.35173 1.84541 1.95149 1.73933 1.09487 0.0779277 0.106079 0.0317643 0.011545
0.119891 3.37754 3.45273 3.30234 1.8069 1.91078 1.70302 1.07328 0.0751937 0.10388 0.0308783 0.0112753
0.123285 3.32537 3.39788 3.25287 1.76835 1.87003 1.66668 1.05179 0.0725043 0.101675 0.0299965 0.011007
0.126774 3.27315 3.34301 3.20329 1.72976 1.82922 1.63029 1.03038 0.0698606 0.0994632 0.0291196 0.01074
0.130362 3.22086 3.28813 3.1536 1.69113 1.78837 1.59388 1.00906 0.0672637 0.0972459 0.0282481 0.0104744
0.134052 3.1685 3.23321 3.10378 1.65246 1.74748 1.55744 0.987832 0.0647145 0.0950236 0.0273829 0.0102103
0.137846 3.11604 3.17826 3.05383 1.61376 1.70656 1.52096 0.966687 0.0622139 0.0927972 0.0265244 0.00994778
0.141747 3.06348 3.12324 3.00372 1.57504 1.6656 1.48447 0.945628 0.0597628 0.0905676 0.0256734 0.00968685
0.145759 3.0108 3.06817 2.95344 1.53629 1.62462 1.44795 0.924654 0.0573619 0.0883356 0.0248306 0.00942762
0.149885 2.958 3.01301 2.90299 1.49753 1.58363 1.41142 0.903765 0.055012 0.0861022 0.0239965 0.00917016
0.154127 2.90506 2.95777 2.85234 1.45875 1.54262 1.37488 0.882962 0.0527139 0.0838684 0.0231717 0.00891454
0.158489 2.85196 2.90242 2.80149 1.41998 1.50162 1.33835 0.862244 0.050468 0.0816351 0.0223569 0.00866085
0.162975 2.79869 2.84697 2.75042 1.38122 1.46062 1.30181 0.841613 0.0482751 0.0794034 0.0215526 0.00840917
0.167588 2.74525 2.79139 2.69911 1.34247 1.41964 1.26529 0.821069 0.0461356 0.0771744 0.0207594 0.00815958
0.172331 2.69161 2.73566 2.64756 1.30375 1.3787 1.2288 0.800615 0.04405 0.0749494 0.0199778 0.00791219
0.177209 2.63778 2.67979 2.59576 1.26507 1.3378 1.19234 0.78025 0.0420186 0.0727295 0.0192084 0.00766709
0.182224 2.58372 2.62376 2.54368 1.22645 1.29696 1.15593 0.759978 0.0400417 0.0705159 0.0184516 0.00742438
0.187382 2.52943 2.56755 2.49131 1.18789 1.2562 1.11958 0.739801 0.0381196 0.0683099 0.017708 0.00718416
0.192685 2.47491 2.51116 2.43865 1.14942 1.21553 1.0833 0.719722 0.0362525 0.066113 0.0169779 0.00694653
0.198139 2.42013 2.45457 2.38569 1.11105 1.17497 1.04712 0.699743 0.0344405 0.0639264 0.0162619 0.00671161
0.203747 2.36509 2.39777 2.3324 1.0728 1.13455 1.01104 0.67987 0.0326836 0.0617516 0.0155604 0.00647952
0.209514 2.30977 2.34076 2.27879 1.03469 1.09428 0.975099 0.660104 0.0309819 0.0595902 0.0148737 0.00625036
0.215443 2.25418 2.28351 2.22484 0.996749 1.05419 0.939305 0.640452 0.0293352 0.0574435 0.0142022 0.00602426
0.221541 2.19829 2.22604 2.17055 0.958995 1.01431 0.903682 0.620918 0.0277433 0.0553132 0.0135463 0.00580135
0.227812 2.14211 2.16832 2.1159 0.921461 0.974662 0.86826 0.601508 0.0262062 0.0532008 0.0129063 0.00558174
0.234259 2.08563 2.11035 2.0609 0.884171 0.935279 0.833063 0.582228 0.0247234 0.0511081 0.0122824 0.00536556
0.24089 2.02884 2.05214 2.00555 0.847159 0.896195 0.798122 0.563084 0.0232947 0.0490366 0.011675 0.00515295
0.247708 1.97175 1.99367 1.94983 0.810459 0.857447 0.763471 0.544083 0.0219196 0.0469881 0.0110842 0.00494403
0.254719 1.91436 1.93495 1.89376 0.774112 0.819076 0.729147 0.525234 0.0205978 0.0449643 0.0105103 0.00473892
0.261928 1.85666 1.87599 1.83733 0.738158 0.781125 0.695191 0.506544 0.0193286 0.0429669 0.00995349 0.00453776
0.269341 1.79868 1.81679 1.78057 0.702648 0.743646 0.66165 0.488023 0.0181115 0.0409977 0.00941388 0.00434066
0.276965 1.74043 1.75737 1.72348 0.667641 0.7067 0.628583 0.46968 0.0169458 0.0390585 0.00889159 0.00414772
0.284804 1.68193 1.69776 1.66609 0.633217 0.670368 0.596066 0.451524 0.0158308 0.037151 0.00838668 0.00395902
0.292864 1.62322 1.63799 1.60845 0.599498 0.634775 0.564221 0.43357 0.0147657 0.0352771 0.00789916 0.0037746
0.301153 1.5644 1.57815 1.55065 0.56677 0.600208 0.533332 0.415828 0.0137495 0.0334384 0.00742889 0.00359439
0.309677 1.50595 1.51874 1.49317 0.537191 0.568827 0.505554 0.398319 0.012781 0.0316364 0.0069753 0.00341784
0.318442 1.45842 1.47084 1.44599 0.516378 0.547339 0.485417 0.39177 0.0124237 0.0309609 0.00680481 0.00334879
0.321833 1.43656 1.44863 1.42448 0.504408 0.534707 0.47411 0.385322 0.0120766 0.0302981 0.0066385 0.00328105
0.325224 1.41491 1.42665 1.40317 0.492656 0.522304 0.463008 0.378973 0.0117396 0.0296478 0.00647625 0.00321459
0.328614 1.39346 1.40487 1.38204 0.481117 0.510126 0.452107 0.372723 0.0114122 0.0290095 0.00631796 0.00314938
0.332005 1.37221 1.3833 1.36111 0.469789 0.498172 0.441405 0.366569 0.0110942 0.0283833 0.00616352 0.00308541
0.335396 1.35116 1.36194 1.34037 0.458668 0.486436 0.430899 0.36051 0.0107853 0.0277688 0.00601283 0.00302264
0.338787 1.3303 1.34079 1.31982 0.447751 0.474917 0.420585 0.354543 0.0104851 0.0271658 0.00586578 0.00296105
0.342178 1.30964 1.31983 1.29945 0.437036 0.46361 0.410462 0.348667 0.0101935 0.0265741 0.00572228 0.00290061
0.345569 1.28917 1.29908 1.27926 0.42652 0.452514 0.400527 0.342882 0.00991004 0.0259936 0.00558224 0.0028413
0.348959 1.26889 1.27853 1.25926 0.4162 0.441624 0.390776 0.337184 0.00963459 0.025424 0.00544556 0.00278311
0.35235 1.2488 1.25817 1.23944 0.406073 0.430938 0.381208 0.331572 0.00936688 0.0248652 0.00531215 0.00272599
0.355741 1.2289 1.23801 1.2198 0.396137 0.420454 0.37182 0.326045 0.00910666 0.0243169 0.00518194 0.00266995
0.359132 1.20918 1.21804 1.20033 0.386388 0.410167 0.362609 0.320602 0.00885372 0.0237789 0.00505483 0.00261494
0.362523 1.18965 1.19826 1.18104 0.376824 0.400076 0.353573 0.315241 0.00860781 0.0232512 0.00493076 0.00256096
0.365914 1.1703 1.17867 1.16193 0.367444 0.390177 0.34471 0.309961 0.00836874 0.0227334 0.00480963 0.00250798
0.369305 1.15113 1.15926 1.14299 0.358243 0.380468 0.336017 0.30476 0.0081363 0.0222255 0.00469137 0.00245598
0.372695 1.13214 1.14005 1.12422 0.34922 0.370947 0.327493 0.299637 0.00791028 0.0217272 0.00457591 0.00240494
0.376086 1.11332 1.12101 1.10563 0.340372 0.36161 0.319134 0.294591 0.00769049 0.0212384 0.00446318 0.00235484
0.379477 1.09469 1.10216 1.08721 0.331697 0.352456 0.310938 0.28962 0.00747676 0.020759 0.00435311 0.00230567
0.382868 1.07623 1.0835 1.06896 0.323192 0.343481 0.302903 0.284723 0.00726889 0.0202887 0.00424563 0.00225741
0.386259 1.05795 1.06501 1.05088 0.314855 0.334682 0.295027 0.279899 0.00706671 0.0198274 0.00414067 0.00221004
0.38965 1.03983 1.0467 1.03296 0.306684 0.326059 0.287309 0.275148 0.00687007 0.019375 0.00403818 0.00216354
0.39304 1.0219 1.02858 1.01522 0.298676 0.317607 0.279745 0.270466 0.00667879 0.0189313 0.00393809 0.0021179
0.396431 1.00414 1.01063 0.997646 0.290829 0.309325 0.272333 0.265855 0.00649271 0.0184961 0.00384035 0.00207309
0.399822 0.98655 0.992862 0.980239 0.283141 0.30121 0.265072 0.261311 0.0063117 0.0180694 0.00374488 0.00202911
0.403213 0.969132 0.975268 0.962996 0.27561 0.293261 0.257959 0.256835 0.0061356 0.0176509 0.00365165 0.00198594
0.406604 0.951887 0.957852 0.945923 0.268233 0.285473 0.250992 0.252425 0.00596426 0.0172405 0.00356058 0.00194356
0.409995 0.934811 0.940608 0.929013 0.261008 0.277846 0.24417 0.24808 0.00579756 0.0168381 0.00347164 0.00190196
0.413385 0.917906 0.923542 0.912271 0.253934 0.270377 0.23749 0.2438 0.00563536 0.0164435 0.00338476 0.00186112
0.416776 0.901169 0.906646 0.895691 0.247007 0.263064 0.230951 0.239582 0.00547753 0.0160566 0.0032999 0.00182103
0.420167 0.884604 0.889928 0.87928 0.240226 0.255904 0.224549 0.235426 0.00532395 0.0156773 0.00321701 0.00178168
0.423558 0.868205 0.87338 0.863031 0.233589 0.248895 0.218284 0.231332 0.0051745 0.0153055 0.00313604 0.00174305
0.426949 0.851978 0.857007 0.846948 0.227094 0.242035 0.212153 0.227298 0.00502906 0.014941 0.00305694 0.00170512
0.43034 0.835916 0.840804 0.831029 0.220738 0.235322 0.206155 0.223323 0.00488751 0.0145837 0.00297967 0.0016679
0.43373 0.820023 0.824773 0.815273 0.21452 0.228753 0.200287 0.219406 0.00474976 0.0142334 0.00290419 0.00163135
0.437121 0.804297 0.808913 0.799682 0.208437 0.222328 0.194547 0.215547 0.00461568 0.0138901 0.00283046 0.00159548
0.440512 0.788739 0.793224 0.784254 0.202488 0.216042 0.188935 0.211744 0.00448519 0.0135537 0.00275842 0.00156027
0.443903 0.773349 0.777707 0.768991 0.196671 0.209895 0.183447 0.207997 0.00435818 0.0132239 0.00268805 0.0015257
0.447294 0.758125 0.762359 0.75389 0.190983 0.203883 0.178082 0.204305 0.00423456 0.0129008 0.0026193 0.00149177
0.450685 0.743066 0.747181 0.738952 0.185422 0.198006 0.172838 0.200667 0.00411423 0.0125842 0.00255213 0.00145846
0.454075 0.728177 0.732174 0.72418 0.179988 0.192261 0.167714 0.197081 0.0039971 0.0122739 0.00248652 0.00142577
0.457466 0.713453 0.717336 0.70957 0.174677 0.186646 0.162707 0.193549 0.00388308 0.0119699 0.00242241 0.00139368
0.460857 0.698896 0.702668 0.695124 0.169487 0.181159 0.157815 0.190067 0.0037721 0.0116721 0.00235978 0.00136218
0.464248 0.684505 0.688169 0.680841 0.164418 0.175798 0.153038 0.186637 0.00366406 0.0113803 0.00229859 0.00133126
0.467639 0.670281 0.67384 0.666722 0.159467 0.170561 0.148372 0.183256 0.00355889 0.0110945 0.00223882 0.00130091
0.47103 0.656223 0.659679 0.652766 0.154632 0.165446 0.143817 0.179925 0.00345651 0.0108145 0.00218042 0.00127113
0.47442 0.64233 0.645687 0.638974 0.149911 0.160451 0.139371 0.176643 0.00335685 0.0105403 0.00212336 0.0012419
0.477811 0.628605 0.631864 0.625345 0.145303 0.155574 0.135031 0.173408 0.00325983 0.0102717 0.00206762 0.0012132
0.481202 0.615045 0.61821 0.611879 0.140805 0.150814 0.130796 0.17022 0.00316538 0.0100087 0.00201316 0.00118504
0.484593 0.601651 0.604724 0.598577 0.136416 0.146168 0.126665 0.167078 0.00307343 0.00975121 0.00195996 0.00115741
0.487984 0.588423 0.591407 0.585439 0.132134 0.141633 0.122635 0.163983 0.00298392 0.00949905 0.00190799 0.00113029
0.491375 0.575361 0.578258 0.572464 0.127958 0.13721 0.118706 0.160932 0.00289678 0.00925216 0.00185721 0.00110368
0.494765 0.562465 0.565277 0.559653 0.123885 0.132895 0.114874 0.157926 0.00281195 0.00901047 0.00180761 0.00107756
0.498156 0.549734 0.552464 0.547005 0.119913 0.128687 0.111139 0.154963 0.00272937 0.00877387 0.00175916 0.00105193
0.501547 0.53717 0.539819 0.534521 0.116042 0.124584 0.107499 0.152044 0.00264897 0.00854228 0.00171182 0.00102679
0.504938 0.524771 0.527342 0.5222 0.112268 0.120584 0.103953 0.149167 0.00257071 0.00831561 0.00166558 0.00100212
0.508329 0.512537 0.515032 0.510043 0.108591 0.116685 0.100497 0.146332 0.00249453 0.00809378 0.00162041 0.000977912
0.51172 0.50047 0.50289 0.498049 0.105009 0.112886 0.0971324 0.143538 0.00242036 0.00787671 0.00157629 0.000954164
0.51511 0.488567 0.490916 0.486219 0.10152 0.109184 0.0938556 0.140785 0.00234817 0.00766431 0.0015332 0.000930866
0.518501 0.476831 0.479109 0.474553 0.0981223 0.105579 0.0906658 0.138072 0.00227789 0.0074565 0.0014911 0.000908011
0.521892 0.465259 0.467468 0.463049 0.0948142 0.102067 0.087561 0.135398 0.00220948 0.0072532 0.00144999 0.000885592
0.525283 0.453853 0.455995 0.45171 0.0915944 0.0986487 0.0845401 0.132763 0.0021429 0.00705434 0.00140983 0.000863601
0.528674 0.442611 0.444689 0.440533 0.0884608 0.0953207 0.081601 0.130167 0.00207808 0.00685983 0.00137062 0.000842032
0.532065 0.431535 0.43355 0.42952 0.085412 0.0920816 0.0787424 0.127609 0.002015 0.0066696 0.00133232 0.000820878
0.535455 0.420623 0.422577 0.418669 0.0824464 0.08893 0.0759628 0.125088 0.00195359 0.00648358 0.00129491 0.000800133
0.538846 0.409876 0.411769 0.407982 0.0795624 0.0858641 0.0732607 0.122604 0.00189383 0.00630168 0.00125839 0.000779789
0.542237 0.399293 0.401128 0.397457 0.0767585 0.0828824 0.0706347 0.120157 0.00183566 0.00612385 0.00122272 0.000759841
0.545628 0.388874 0.390653 0.387094 0.0740328 0.0799828 0.0680828 0.117745 0.00177906 0.00595 0.0011879 0.000740282
0.549019 0.378619 0.380343 0.376895 0.0713841 0.0771641 0.065604 0.115369 0.00172397 0.00578007 0.00115389 0.000721106
0.55241 0.368527 0.370197 0.366857 0.0688108 0.0744247 0.0631968 0.113027 0.00167036 0.00561398 0.0011207 0.000702308
0.5558 0.358599 0.360217 0.356981 0.0663112 0.0717629 0.0608595 0.11072 0.00161819 0.00545168 0.00108829 0.00068388
0.559191 0.348834 0.350401 0.347266 0.0638839 0.069177 0.0585908 0.108447 0.00156743 0.00529308 0.00105665 0.000665817
0.562582 0.339231 0.340749 0.337713 0.0615274 0.0666656 0.0563893 0.106208 0.00151804 0.00513813 0.00102577 0.000648114
0.565973 0.329791 0.331261 0.328321 0.0592403 0.064227 0.0542535 0.104001 0.00146998 0.00498676 0.00099562 0.000630766
0.569364 0.320512 0.321935 0.319089 0.057021 0.0618599 0.0521821 0.101828 0.00142323 0.00483891 0.000966198 0.000613765
0.572755 0.311395 0.312773 0.310017 0.0548681 0.0595626 0.0501735 0.099686 0.00137775 0.00469451 0.000937484 0.000597108
0.576146 0.302439 0.303772 0.301105 0.0527801 0.0573336 0.0482266 0.0975764 0.00133351 0.0045535 0.000909463 0.000580789
0.579536 0.293643 0.294934 0.292353 0.0507558 0.0551716 0.04634 0.0954981 0.00129047 0.00441582 0.00088212 0.000564802
0.582927 0.285007 0.286256 0.283759 0.0487936 0.053075 0.0445122 0.0934509 0.00124861 0.00428141 0.000855442 0.000549143
0.586318 0.276531 0.277739 0.275323 0.0468921 0.0510423 0.0427419 0.0914344 0.00120789 0.0041502 0.000829414 0.000533807
0.589709 0.268213 0.269382 0.267045 0.0450501 0.0490723 0.041028 0.0894481 0.0011683 0.00402215 0.000804022 0.000518788
0.5931 0.260054 0.261184 0.258924 0.0432661 0.0471633 0.0393689 0.0874917 0.0011298 0.00389719 0.000779254 0.000504082
0.596491 0.252052 0.253145 0.25096 0.0415389 0.0453142 0.0377636 0.0855649 0.00109236 0.00377527 0.000755096 0.000489684
0.599881 0.244207 0.245263 0.243151 0.039867 0.0435234 0.0362107 0.0836672 0.00105596 0.00365632 0.000731536 0.000475589
0.603272 0.236518 0.237539 0.235498 0.0382493 0.0417896 0.034709 0.0817983 0.00102057 0.00354031 0.000708561 0.000461793
0.606663 0.228985 0.229971 0.227998 0.0366844 0.0401115 0.0332572 0.0799579 0.000986174 0.00342716 0.00068616 0.000448292
0.610054 0.221606 0.222558 0.220653 0.035171 0.0384878 0.0318542 0.0781457 0.000952737 0.00331682 0.00066432 0.00043508
0.613445 0.21438 0.2153 0.21346 0.0337079 0.0369172 0.0304987 0.0763613 0.000920239 0.00320926 0.000643029 0.000422153
0.616836 0.207308 0.208196 0.206419 0.0322939 0.0353983 0.0291895 0.0746043 0.000888657 0.0031044 0.000622277 0.000409508
0.620226 0.200387 0.201245 0.199529 0.0309277 0.0339299 0.0279255 0.0728746 0.00085797 0.00300221 0.000602053 0.000397139
0.623617 0.193618 0.194446 0.19279 0.0296082 0.0325108 0.0267056 0.0711717 0.000828153 0.00290262 0.000582344 0.000385043
0.627008 0.186998 0.187797 0.186199 0.0283342 0.0311398 0.0255286 0.0694954 0.000799187 0.0028056 0.000563142 0.000373215
0.630399 0.180528 0.181299 0.179757 0.0271044 0.0298155 0.0243933 0.0678454 0.000771051 0.00271108 0.000544434 0.000361652
0.63379 0.174205 0.174949 0.173461 0.0259178 0.0285369 0.0232988 0.0662214 0.000743723 0.00261904 0.000526212 0.000350349
0.637181 0.168029 0.168746 0.167312 0.0247733 0.0273027 0.0222439 0.064623 0.000717185 0.0025294 0.000508465 0.000339302
0.640571 0.161999 0.16269 0.161308 0.0236696 0.0261118 0.0212275 0.0630501 0.000691417 0.00244214 0.000491183 0.000328509
0.643962 0.156113 0.15678 0.155447 0.0226058 0.024963 0.0202486 0.0615024 0.000666399 0.0023572 0.000474357 0.000317963
0.647353 0.150371 0.151013 0.149729 0.0215807 0.0238553 0.0193062 0.0599795 0.000642114 0.00227454 0.000457978 0.000307663
0.650744 0.144771 0.145389 0.144152 0.0205934 0.0227875 0.0183992 0.0584813 0.000618544 0.00219411 0.000442035 0.000297604
0.654135 0.139311 0.139907 0.138715 0.0196426 0.0217585 0.0175267 0.0570074 0.00059567 0.00211586 0.000426521 0.000287782
0.657526 0.133991 0.134564 0.133417 0.0187275 0.0207673 0.0166877 0.0555577 0.000573477 0.00203977 0.000411426 0.000278195
0.660916 0.128809 0.129361 0.128257 0.017847 0.0198128 0.0158812 0.0541318 0.000551947 0.00196577 0.000396741 0.000268837
0.664307 0.123763 0.124294 0.123232 0.0170001 0.018894 0.0151063 0.0527296 0.000531064 0.00189384 0.000382459 0.000259706
0.667698 0.118853 0.119363 0.118342 0.0161859 0.0180098 0.014362 0.0513507 0.000510812 0.00182393 0.00036857 0.000250798
0.671089 0.114076 0.114567 0.113585 0.0154034 0.0171594 0.0136474 0.0499951 0.000491176 0.00175599 0.000355067 0.00024211
0.67448 0.109431 0.109903 0.108959 0.0146517 0.0163417 0.0129617 0.0486624 0.000472139 0.00168999 0.000341942 0.000233638
0.677871 0.104917 0.105371 0.104463 0.0139298 0.0155557 0.0123039 0.0473524 0.000453689 0.00162588 0.000329186 0.000225379
0.681261 0.100532 0.100968 0.100096 0.0132369 0.0148005 0.0116733 0.0460649 0.00043581 0.00156364 0.000316793 0.000217329
0.684652 0.0962743 0.0966928 0.0958558 0.012572 0.0140753 0.0110688 0.0447997 0.000418487 0.00150321 0.000304754 0.000209486
0.688043 0.0921424 0.0925441 0.0917407 0.0119344 0.013379 0.0104898 0.0435566 0.000401708 0.00144457 0.000293062 0.000201845
0.691434 0.0881345 0.08852 0.0877491 0.0113231 0.0127108 0.00993543 0.0423353 0.000385459 0.00138767 0.000281709 0.000194404
0.694825 0.0842491 0.0846189 0.0838794 0.0107373 0.0120698 0.00940484 0.0411357 0.000369726 0.00133248 0.000270689 0.000187159
0.698216 0.080484 0.0808385 0.0801295 0.0101763 0.0114552 0.00889732 0.0399576 0.000354497 0.00127896 0.000259995 0.000180107
0.701606 0.0768377 0.0771774 0.0764979 0.00963914 0.0108662 0.00841207 0.0388008 0.000339759 0.00122707 0.000249619 0.000173246
0.704997 0.0733084 0.0736339 0.0729829 0.00912513 0.0103019 0.00794835 0.037665 0.0003255 0.00117678 0.000239556 0.000166571
0.708388 0.0698943 0.070206 0.0695826 0.0086335 0.00976156 0.00750544 0.0365502 0.000311708 0.00112806 0.000229797 0.00016008
0.711779 0.0665934 0.0668918 0.0662951 0.00816347 0.00924434 0.0070826 0.035456 0.000298371 0.00108087 0.000220337 0.00015377
0.71517 0.0634038 0.0636893 0.0631183 0.00771437 0.00874954 0.00667919 0.0343824 0.000285477 0.00103517 0.000211169 0.000147637
0.718561 0.0603238 0.0605968 0.0600507 0.00728543 0.00827637 0.00629449 0.0333291 0.000273016 0.000990942 0.000202287 0.000141679
0.721951 0.057351 0.057612 0.0570901 0.00687599 0.00782413 0.00592785 0.032296 0.000260976 0.00094814 0.000193684 0.000135893
0.725342 0.054484 0.0547333 0.0542346 0.00648534 0.00739208 0.0055786 0.0312828 0.000249347 0.000906737 0.000185355 0.000130275
0.728733 0.0517204 0.0519585 0.0514822 0.00611283 0.00697953 0.00524613 0.0302895 0.000238118 0.0008667 0.000177293 0.000124823
0.732124 0.0490583 0.0492856 0.048831 0.00575781 0.00658581 0.00492982 0.0293158 0.000227279 0.000827998 0.000169493 0.000119534
0.735515 0.0464958 0.0467126 0.046279 0.00541966 0.00621026 0.00462905 0.0283616 0.000216819 0.000790601 0.000161948 0.000114405
0.738906 0.0440307 0.0442375 0.043824 0.00509774 0.00585221 0.00434326 0.0274267 0.000206729 0.000754477 0.000154654 0.000109433
0.742296 0.0416611 0.0418581 0.0414641 0.00479146 0.00551105 0.00407186 0.0265109 0.000197 0.000719597 0.000147603 0.000104614
0.745687 0.0393848 0.0395725 0.0391972 0.00450023 0.00518616 0.0038143 0.0256141 0.000187621 0.000685931 0.000140792 9.99476e-05
0.749078 0.0371999 0.0373784 0.0370213 0.00422348 0.00487693 0.00357003 0.0247361 0.000178584 0.00065345 0.000134213 9.54292e-05
0.752469 0.0351041 0.0352739 0.0349342 0.00396065 0.00458278 0.00333852 0.0238767 0.000169879 0.000622126 0.000127863 9.10565e-05
0.75586 0.0330954 0.0332569 0.0329339 0.0037112 0.00430313 0.00311927 0.0230358 0.000161498 0.00059193 0.000121735 8.68268e-05
0.759251 0.0311716 0.0313251 0.0310182 0.00347461 0.00403745 0.00291178 0.0222133 0.000153432 0.000562835 0.000115825 8.27372e-05
0.762641 0.0293308 0.0294765 0.0291852 0.00325037 0.00378518 0.00271555 0.0214089 0.000145672 0.000534812 0.000110126 7.8785e-05
0.766032 0.0275708 0.027709 0.0274326 0.00303796 0.0035458 0.00253012 0.0206226 0.00013821 0.000507836 0.000104635 7.49675e-05
0.769423 0.0258894 0.0260204 0.0257583 0.00283691 0.00331879 0.00235503 0.0198541 0.000131039 0.00048188 9.93464e-05 7.1282e-05
0.772814 0.0242845 0.0244087 0.0241604 0.00264675 0.00310367 0.00218984 0.0191032 0.000124149 0.000456917 9.42548e-05 6.77259e-05
0.776205 0.0227541 0.0228716 0.0226366 0.00246702 0.00289995 0.0020341 0.01837 0.000117533 0.000432922 8.93556e-05 6.42963e-05
0.779596 0.021296 0.0214072 0.0211848 0.00229728 0.00270715 0.00188741 0.0176541 0.000111184 0.000409869 8.46441e-05 6.09908e-05
0.782986 0.0199081 0.0200132 0.019803 0.0021371 0.00252483 0.00174937 0.0169555 0.000105094 0.000387734 8.01155e-05 5.78066e-05
0.786377 0.0185883 0.0186876 0.0184891 0.00198606 0.00235255 0.00161956 0.0162739 9.92553e-05 0.000366492 7.57653e-05 5.47412e-05
0.789768 0.0173346 0.0174282 0.0172409 0.00184375 0.00218987 0.00149763 0.0156093 9.3661e-05 0.000346119 7.15889e-05 5.17919e-05
0.793159 0.0161448 0.0162331 0.0160565 0.00170978 0.00203637 0.00138319 0.0149614 8.83039e-05 0.00032659 6.75817e-05 4.89562e-05
0.79655 0.0150169 0.0151001 0.0149337 0.00158378 0.00189166 0.0012759 0.0143301 8.31772e-05 0.000307883 6.37393e-05 4.62315e-05
0.799941 0.0139489 0.0140272 0.0138706 0.00146537 0.00175535 0.0011754 0.0137153 7.82739e-05 0.000289975 6.00575e-05 4.36153e-05
0.803332 0.0129387 0.0130122 0.0128651 0.00135421 0.00162705 0.00108137 0.0131168 7.35875e-05 0.000272842 5.65317e-05 4.11049e-05
0.806722 0.0119842 0.0120533 0.0119151 0.00124995 0.00150641 0.000993482 0.0125345 6.91113e-05 0.000256463 5.31579e-05 3.8698e-05
0.810113 0.0110836 0.0111484 0.0110187 0.00115224 0.00139306 0.000911429 0.0119681 6.48389e-05 0.000240816 4.99318e-05 3.6392e-05
0.813504 0.0102347 0.0102955 0.010174 0.00106079 0.00128667 0.00083491 0.0114176 6.07642e-05 0.000225878 4.68493e-05 3.41844e-05
0.816895 0.00943575 0.00949263 0.00937887 0.000975267 0.0011869 0.000763638 0.0108827 5.68808e-05 0.000211629 4.39062e-05 3.20728e-05
0.820286 0.00868468 0.00873786 0.0086315 0.000895383 0.00109343 0.000697336 0.0103634 5.31828e-05 0.000198047 4.10987e-05 3.00547e-05
0.823677 0.00797964 0.00802931 0.00792998 0.000820845 0.00100596 0.000635732 0.00985943 4.96641e-05 0.000185112 3.84227e-05 2.81276e-05
0.827067 0.00731873 0.00736505 0.00727241 0.000751381 0.000924186 0.000578576 0.00937064 4.6319e-05 0.000172805 3.58744e-05 2.62892e-05
0.830458 0.00670012 0.00674326 0.00665698 0.000686718 0.000847822 0.000525614 0.00889688 4.31418e-05 0.000161104 3.34498e-05 2.45371e-05
0.833849 0.00612196 0.00616209 0.00608184 0.000626602 0.000776593 0.000476612 0.00843799 4.01269e-05 0.000149991 3.11452e-05 2.28688e-05
0.83724 0.00558248 0.00561975 0.00554521 0.000570786 0.000710231 0.000431341 0.00799381 3.72687e-05 0.000139445 2.89569e-05 2.12821e-05
0.840631 0.00507992 0.00511448 0.00504536 0.000519028 0.000648478 0.000389579 0.00756415 3.45619e-05 0.000129449 2.68811e-05 1.97745e-05
0.844022 0.00461254 0.00464454 0.00458054 0.000471103 0.000591087 0.00035112 0.00714886 3.20012e-05 0.000119984 2.49143e-05 1.83438e-05
0.847412 0.00417866 0.00420824 0.00414908 0.00042679 0.00053782 0.00031576 0.00674776 2.95814e-05 0.00011103 2.30528e-05 1.69876e-05
0.850803 0.00377663 0.00380393 0.00374933 0.000385878 0.00048845 0.000283307 0.00636068 2.72975e-05 0.000102571 2.1293e-05 1.57036e-05
0.854194 0.00340483 0.00342998 0.00337969 0.000348167 0.000442755 0.000253578 0.00598745 2.51444e-05 9.45887e-05 1.96316e-05 1.44896e-05
0.857585 0.00306169 0.00308481 0.00303857 0.000313461 0.000400527 0.000226396 0.00562789 2.31172e-05 8.70656e-05 1.80651e-05 1.33433e-05
0.860976 0.00274566 0.00276687 0.00272445 0.000281577 0.000361561 0.000201592 0.00528181 2.12112e-05 7.99848e-05 1.65901e-05 1.22624e-05
0.864367 0.00245525 0.00247467 0.00243583 0.000252336 0.000325666 0.000179007 0.00494905 1.94217e-05 7.33294e-05 1.52033e-05 1.12448e-05
0.867757 0.002189 0.00220674 0.00217125 0.000225571 0.000292654 0.000158488 0.0046294 1.7744e-05 6.70832e-05 1.39013e-05 1.02882e-05
0.871148 0.00194549 0.00196166 0.00192932 0.000201119 0.000262349 0.000139889 0.0043227 1.61737e-05 6.12299e-05 1.26811e-05 9.39053e-06
0.874539 0.00172335 0.00173806 0.00170865 0.000178826 0.00023458 0.000123073 0.00402874 1.47062e-05 5.57538e-05 1.15393e-05 8.54956e-06
0.87793 0.00152126 0.00153459 0.00150792 0.000158546 0.000209186 0.000107907 0.00374734 1.33374e-05 5.06393e-05 1.04728e-05 7.76316e-06
0.881321 0.00133791 0.00134998 0.00132585 0.000140139 0.00018601 9.42677e-05 0.00347829 1.20629e-05 4.58712e-05 9.47856e-06 7.02924e-06
0.884712 0.00117208 0.00118296 0.00116121 0.000123471 0.000164905 8.20364e-05 0.00322141 1.08785e-05 4.14345e-05 8.55356e-06 6.34569e-06
0.888102 0.00102257 0.00103235 0.00101279 0.000108416 0.000145731 7.11017e-05 0.00297649 9.78025e-06 3.73146e-05 7.69479e-06 5.71046e-06
0.891493 0.000888217 0.000896981 0.000879453 9.48551e-05 0.000128352 6.1358e-05 0.00274332 8.76406e-06 3.34971e-05 6.89931e-06 5.12148e-06
0.894884 0.000767919 0.000775745 0.000760093 8.26736e-05 0.000112642 5.27058e-05 0.0025217 7.82606e-06 2.99679e-05 6.16422e-06 4.57676e-06
0.898275 0.000660616 0.000667578 0.000653653 7.17645e-05 9.84777e-05 4.50512e-05 0.00231142 6.9624e-06 2.67133e-05 5.4867e-06 4.07427e-06
0.901666 0.00056529 0.00057146 0.000559121 6.20254e-05 8.57451e-05 3.83057e-05 0.00211225 6.16936e-06 2.37197e-05 4.86395e-06 3.61207e-06
0.905057 0.000480972 0.000486415 0.000475529 5.33607e-05 7.43347e-05 3.23867e-05 0.00192398 5.44326e-06 2.0974e-05 4.29322e-06 3.1882e-06
0.908447 0.000406733 0.000411514 0.000401953 4.56797e-05 6.41428e-05 2.72166e-05 0.00174639 4.78052e-06 1.84631e-05 3.77183e-06 2.80074e-06
0.911838 0.000341695 0.000345873 0.000337518 3.8897e-05 5.50715e-05 2.27226e-05 0.00157925 4.17765e-06 1.61745e-05 3.29713e-06 2.4478e-06
0.915229 0.000285024 0.000288656 0.000281393 3.29326e-05 4.70283e-05 1.88369e-05 0.00142232 3.63122e-06 1.40957e-05 2.86654e-06 2.12752e-06
0.91862 0.00023593 0.000239068 0.000232792 2.77112e-05 3.99258e-05 1.54965e-05 0.00127536 3.13789e-06 1.22147e-05 2.47752e-06 1.83807e-06
0.922011 0.000193667 0.000196362 0.000190973 2.31623e-05 3.36818e-05 1.26427e-05 0.00113814 2.69441e-06 1.05196e-05 2.12757e-06 1.57764e-06
0.925402 0.000157535 0.000159832 0.000155237 1.922e-05 2.82189e-05 1.02211e-05 0.00101041 2.2976e-06 8.99889e-06 1.81427e-06 1.34445e-06
0.928792 0.000126874 0.000128819 0.00012493 1.58229e-05 2.34643e-05 8.18153e-06 0.000891916 1.94435e-06 7.64137e-06 1.53523e-06 1.13677e-06
0.932183 0.000101072 0.000102704 9.94405e-05 1.29138e-05 1.93498e-05 6.47778e-06 0.000782396 1.63166e-06 6.43602e-06 1.28811e-06 9.52889e-07
0.935574 7.95553e-05 8.09119e-05 7.81987e-05 1.04396e-05 1.58118e-05 5.06744e-06 0.000681587 1.35658e-06 5.37218e-06 1.07066e-06 7.91131e-07
0.938965 6.17936e-05 6.29098e-05 6.06773e-05 8.35112e-06 1.27905e-05 3.9117e-06 0.000589217 1.11626e-06 4.43942e-06 8.80642e-07 6.49857e-07
0.942356 4.72968e-05 4.82048e-05 4.63889e-05 6.60291e-06 1.02305e-05 2.97528e-06 0.000505011 9.07919e-07 3.62762e-06 7.15903e-07 5.27464e-07
0.945747 3.56153e-05 3.63441e-05 3.48864e-05 5.15315e-06 8.08011e-06 2.22619e-06 0.000428682 7.28874e-07 2.92696e-06 5.74336e-07 4.22389e-07
0.949137 2.6338e-05 2.69146e-05 2.57615e-05 3.9635e-06 6.29138e-06 1.63562e-06 0.000359938 5.76513e-07 2.32788e-06 4.53896e-07 3.33107e-07
0.952528 1.90924e-05 1.95407e-05 1.86441e-05 2.99889e-06 4.82002e-06 1.17775e-06 0.000298478 4.48314e-07 1.82113e-06 3.52599e-07 2.58133e-07
0.955919 1.35424e-05 1.38842e-05 1.32006e-05 2.2274e-06 3.62516e-06 8.29639e-07 0.000243992 3.4184e-07 1.39776e-06 2.68524e-07 1.96028e-07
0.95931 9.38803e-06 9.64278e-06 9.13329e-06 1.62015e-06 2.66926e-06 5.71033e-07 0.00019616 2.54742e-07 1.04911e-06 1.99813e-07 1.45396e-07
0.962701 6.36401e-06 6.54877e-06 6.17925e-06 1.1511e-06 1.91794e-06 3.84256e-07 0.000154653 1.8476e-07 7.6684e-07 1.44675e-07 1.04889e-07
0.966092 4.23871e-06 4.36843e-06 4.10898e-06 7.96967e-07 1.33988e-06 2.54058e-07 0.00011913 1.29726e-07 5.42909e-07 1.01388e-07 7.32094e-08
0.969482 2.81311e-06 2.90068e-06 2.72554e-06 5.37102e-07 9.06713e-07 1.6749e-07 8.92383e-05 8.75706e-08 3.69612e-07 6.83054e-08 4.91123e-08
0.972873 1.92027e-06 1.97659e-06 1.86395e-06 3.53387e-07 5.92962e-07 1.13811e-07 6.46121e-05 5.63198e-08 2.39575e-07 4.38528e-08 3.14092e-08
0.976264 1.42549e-06 1.4596e-06 1.39139e-06 2.30228e-07 3.76005e-07 8.44519e-08 4.48744e-05 3.41046e-08 1.45776e-07 2.6538e-08 1.89716e-08
0.979655 1.22941e-06 1.24857e-06 1.21024e-06 1.54704e-07 2.36263e-07 7.31457e-08 2.96401e-05 1.91647e-08 8.15584e-08 1.4954e-08 1.07355e-08
0.983046 1.28065e-06 1.2905e-06 1.27079e-06 1.1731e-07 1.57966e-07 7.66531e-08 1.85316e-05 9.85441e-09 4.06567e-08 7.78402e-09 5.70589e-09
0.986437 1.63749e-06 1.64213e-06 1.63284e-06 1.15669e-07 1.32898e-07 9.8439e-08 1.12447e-05 4.64825e-09 1.72295e-08 3.80599e-09 2.95898e-09
0.989827 3.22266e-06 3.22479e-06 3.22053e-06 2.00046e-07 2.05948e-07 1.94145e-07 7.95785e-06 2.12775e-09 5.90168e-09 1.87613e-09 1.62261e-09
0.993218 9.91057e-06 9.91088e-06 9.91027e-06 5.99999e-07 6.02573e-07 5.97425e-07 3.09163e-05 3.03072e-10 2.57405e-09 1.52246e-10 0
4.01075e-314 inf inf inf inf inf inf 0.0016839 14.9013 0.796649 0.486874 0.129169
