9.72476e-05 12.8717 13.524 12.2194 7.09069 7.46011 6.72128 10.2509 0.652299 0.369415 0.0885077 0.079632
0.0001 12.7982 13.4485 12.1479 7.04975 7.41817 6.68132 10.1779 0.650286 0.368426 0.088129 0.0791559
0.00010283 12.7265 13.3747 12.0782 7.00979 7.37723 6.64235 10.1054 0.648279 0.367441 0.0877536 0.0786821
0.000105741 12.6652 13.3114 12.0189 6.97574 7.3422 6.60929 10.0333 0.646277 0.366458 0.0873816 0.0782105
0.000108734 12.5903 13.2346 11.946 6.93401 7.29949 6.56854 9.96157 0.64428 0.365479 0.0870127 0.0777411
0.000111811 12.5158 13.1581 11.8735 6.8925 7.257 6.528 9.89023 0.642289 0.364502 0.0866474 0.0772741
0.000114976 12.4416 13.0819 11.8013 6.85118 7.21471 6.48765 9.8193 0.640303 0.363528 0.0862851 0.0768091
0.00011823 12.3679 13.0062 11.7295 6.81007 7.17263 6.44751 9.74875 0.638322 0.362558 0.0859263 0.0763465
0.000121576 12.2944 12.9308 11.6581 6.76916 7.13075 6.40757 9.6786 0.636347 0.36159 0.0855708 0.0758861
0.000125017 12.2214 12.8557 11.587 6.72845 7.08908 6.36783 9.60883 0.634376 0.360625 0.0852186 0.0754279
0.000128556 12.1486 12.7811 11.5162 6.68795 7.04761 6.32829 9.53946 0.632411 0.359663 0.0848696 0.0749719
0.000132194 12.0763 12.7067 11.4458 6.64765 7.00636 6.28895 9.47046 0.630451 0.358704 0.0845242 0.0745182
0.000135936 12.0043 12.6328 11.3758 6.60755 6.9653 6.2498 9.40185 0.628496 0.357747 0.0841819 0.0740666
0.000139783 11.9326 12.5592 11.3061 6.56764 6.92444 6.21085 9.33362 0.626546 0.356794 0.0838429 0.0736171
0.000143739 11.8613 12.4859 11.2367 6.52794 6.88378 6.1721 9.26577 0.624601 0.355843 0.0835074 0.07317
0.000147808 11.7904 12.413 11.1677 6.48843 6.84332 6.13353 9.19831 0.622661 0.354895 0.083175 0.0727248
0.000151991 11.7197 12.3405 11.099 6.44912 6.80307 6.09517 9.13121 0.620726 0.35395 0.0828461 0.0722819
0.000156293 11.6495 12.2683 11.0307 6.41001 6.76301 6.057 9.0645 0.618795 0.353007 0.0825205 0.0718411
0.000160717 11.5795 12.1964 10.9627 6.37109 6.72315 6.01902 8.99815 0.61687 0.352068 0.0821982 0.0714025
0.000165265 11.51 12.1249 10.895 6.33236 6.68349 5.98123 8.93218 0.614949 0.351131 0.0818792 0.0709659
0.000169943 11.4407 12.0538 10.8277 6.29383 6.64403 5.94364 8.86658 0.613033 0.350197 0.0815637 0.0705316
0.000174753 11.3718 11.983 10.7607 6.2555 6.60476 5.90623 8.80134 0.611121 0.349265 0.0812514 0.0700994
0.000179699 11.3033 11.9125 10.6941 6.21735 6.56569 5.86901 8.73648 0.609214 0.348336 0.0809424 0.0696691
0.000184785 11.235 11.8424 10.6277 6.1794 6.52681 5.83199 8.67197 0.607312 0.34741 0.0806369 0.0692411
0.000190015 11.1672 11.7726 10.5617 6.14164 6.48812 5.79515 8.60784 0.605414 0.346487 0.0803346 0.0688151
0.000195393 11.0996 11.7031 10.4961 6.10406 6.44963 5.7585 8.54406 0.603521 0.345566 0.0800357 0.0683912
0.000200923 11.0324 11.634 10.4307 6.06668 6.41133 5.72203 8.48064 0.601632 0.344648 0.0797401 0.0679693
0.00020661 10.9655 11.5652 10.3657 6.02949 6.37322 5.68576 8.41758 0.599748 0.343732 0.079448 0.0675496
0.000212458 10.8989 11.4968 10.3011 5.99248 6.3353 5.64966 8.35488 0.597868 0.342819 0.0791591 0.0671318
0.000218471 10.8327 11.4287 10.2367 5.95567 6.29758 5.61376 8.29253 0.595992 0.341909 0.0788737 0.0667162
0.000224655 10.7668 11.3609 10.1727 5.91903 6.26003 5.57803 8.23054 0.59412 0.341001 0.0785916 0.0663026
0.000231013 10.7012 11.2935 10.109 5.88259 6.22268 5.54249 8.1689 0.592253 0.340095 0.0783127 0.0658909
0.000237551 10.636 11.2264 10.0456 5.84633 6.18552 5.50713 8.1076 0.59039 0.339192 0.0780374 0.0654814
0.000244275 10.5711 11.1596 9.98253 5.81025 6.14854 5.47196 8.04666 0.588531 0.338292 0.0777654 0.0650738
0.000251189 10.5065 11.0931 9.91978 5.77435 6.11175 5.43696 7.98606 0.586676 0.337394 0.0774967 0.0646682
0.000258298 10.4422 11.027 9.85735 5.73864 6.07514 5.40214 7.92581 0.584824 0.336499 0.0772315 0.0642647
0.000265609 10.3782 10.9612 9.79524 5.70312 6.03872 5.36751 7.8659 0.582977 0.335606 0.0769696 0.0638631
0.000273126 10.3146 10.8957 9.73344 5.66776 6.00248 5.33305 7.80634 0.581134 0.334715 0.076711 0.0634635
0.000280857 10.2513 10.8306 9.67197 5.6326 5.96643 5.29878 7.74711 0.579294 0.333827 0.076456 0.063066
0.000288806 10.1883 10.7657 9.61079 5.59762 5.93056 5.26468 7.68823 0.577458 0.332941 0.0762042 0.0626704
0.00029698 10.1256 10.7012 9.54993 5.56281 5.89487 5.23075 7.62968 0.575626 0.332058 0.0759558 0.0622766
0.000305386 10.0632 10.637 9.48939 5.52818 5.85936 5.19701 7.57147 0.573798 0.331177 0.0757109 0.061885
0.000314029 10.0011 10.5731 9.42914 5.49373 5.82403 5.16343 7.51359 0.571973 0.330298 0.0754693 0.0614951
0.000322917 9.93936 10.5095 9.36921 5.45946 5.78888 5.13004 7.45605 0.570152 0.329422 0.0752311 0.0611073
0.000332057 9.87791 10.4462 9.30958 5.42536 5.75391 5.09681 7.39884 0.568334 0.328548 0.0749963 0.0607213
0.000341455 9.81678 10.3833 9.25026 5.39144 5.71912 5.06377 7.34195 0.566519 0.327676 0.074765 0.0603374
0.000351119 9.75595 10.3207 9.19124 5.3577 5.6845 5.03089 7.2854 0.564708 0.326807 0.074537 0.0599553
0.000361057 9.69543 10.2583 9.13253 5.32413 5.65007 4.99819 7.22917 0.5629 0.325939 0.0743124 0.0595751
0.000371276 9.63522 10.1963 9.07412 5.29073 5.61581 4.96566 7.17327 0.561095 0.325074 0.0740913 0.0591969
0.000381784 9.5753 10.1346 9.01601 5.25751 5.58172 4.93329 7.11769 0.559293 0.324211 0.0738735 0.0588205
0.00039259 9.51569 10.0732 8.9582 5.22446 5.54781 4.90111 7.06243 0.557495 0.323351 0.0736592 0.058446
0.000403702 9.45638 10.0121 8.90068 5.19157 5.51407 4.86908 7.0075 0.555699 0.322492 0.0734483 0.0580733
0.000415128 9.39737 9.95128 8.84346 5.15887 5.4805 4.83723 6.95288 0.553906 0.321635 0.0732408 0.0577025
0.000426877 9.33866 9.89078 8.78654 5.12633 5.44711 4.80555 6.89858 0.552116 0.320781 0.0730366 0.0573336
0.000438959 9.28025 9.83058 8.72992 5.09396 5.41389 4.77403 6.8446 0.550329 0.319929 0.072836 0.0569666
0.000451383 9.22213 9.77068 8.67359 5.06176 5.38084 4.74269 6.79094 0.548545 0.319079 0.0726387 0.0566013
0.000464159 9.16432 9.71108 8.61755 5.02973 5.34796 4.7115 6.73758 0.546763 0.31823 0.0724449 0.056238
0.000477296 9.10679 9.65178 8.56181 4.99788 5.31526 4.68049 6.68454 0.544984 0.317384 0.0722545 0.0558764
0.000490805 9.04956 9.59276 8.50635 4.96618 5.28272 4.64964 6.63181 0.543207 0.31654 0.0720675 0.0555166
0.000504697 8.99262 9.53405 8.45118 4.93465 5.25035 4.61895 6.57939 0.541433 0.315698 0.071884 0.0551588
0.000518981 8.93596 9.47563 8.3963 4.90329 5.21815 4.58843 6.52728 0.539661 0.314857 0.0717038 0.0548026
0.00053367 8.8796 9.4175 8.34171 4.87209 5.18611 4.55807 6.47547 0.537891 0.314019 0.0715271 0.0544483
0.000548775 8.82353 9.35965 8.28741 4.84106 5.15424 4.52788 6.42397 0.536123 0.313183 0.0713538 0.0540957
0.000564307 8.76775 9.30211 8.23339 4.81019 5.12254 4.49785 6.37277 0.534358 0.312348 0.0711839 0.053745
0.000580278 8.71225 9.24484 8.17965 4.77949 5.091 4.46797 6.32188 0.532594 0.311515 0.0710175 0.053396
0.000596702 8.65703 9.18786 8.1262 4.74894 5.05963 4.43826 6.27128 0.530832 0.310684 0.0708544 0.0530488
0.000613591 8.6021 9.13117 8.07302 4.71857 5.02842 4.40871 6.22099 0.529072 0.309855 0.0706948 0.0527034
0.000630957 8.54745 9.07476 8.02013 4.68835 4.99737 4.37932 6.17099 0.527314 0.309028 0.0705386 0.0523596
0.000648815 8.49308 9.01864 7.96753 4.65829 4.96649 4.35009 6.12129 0.525558 0.308202 0.0703859 0.0520177
0.000667179 8.43899 8.96279 7.91519 4.62839 4.93577 4.32101 6.07189 0.523803 0.307378 0.0702365 0.0516775
0.000686062 8.38518 8.90723 7.86313 4.59865 4.90521 4.2921 6.02278 0.522049 0.306555 0.0700906 0.051339
0.00070548 8.33165 8.85195 7.81136 4.56908 4.87481 4.26334 5.97396 0.520297 0.305735 0.0699481 0.0510022
0.000725448 8.2784 8.79694 7.75985 4.53966 4.84457 4.23474 5.92543 0.518546 0.304916 0.069809 0.0506672
0.00074598 8.22542 8.74221 7.70862 4.51039 4.81449 4.2063 5.8772 0.516796 0.304098 0.0696733 0.0503337
0.000767094 8.17271 8.68776 7.65767 4.48129 4.78457 4.17801 5.82925 0.515047 0.303282 0.069541 0.0500021
0.000788805 8.12028 8.63358 7.60699 4.45234 4.75481 4.14988 5.78159 0.513299 0.302468 0.0694121 0.0496721
0.000811131 8.06812 8.57968 7.55657 4.42355 4.7252 4.12189 5.73422 0.511552 0.301655 0.0692866 0.0493438
0.000834088 8.01624 8.52604 7.50643 4.39491 4.69576 4.09407 5.68713 0.509806 0.300843 0.0691645 0.0490172
0.000857696 7.96461 8.47267 7.45655 4.36643 4.66647 4.0664 5.64032 0.50806 0.300033 0.0690457 0.0486923
0.000881971 7.91326 8.41958 7.40695 4.33811 4.63733 4.03888 5.5938 0.506315 0.299224 0.0689303 0.048369
0.000906934 7.86218 8.36675 7.35761 4.30993 4.60835 4.01151 5.54756 0.50457 0.298417 0.0688183 0.0480473
0.000932603 7.81137 8.31419 7.30854 4.28191 4.57952 3.9843 5.50159 0.502826 0.297611 0.0687097 0.0477273
0.000958999 7.76081 8.2619 7.25973 4.25404 4.55085 3.95723 5.45591 0.501082 0.296806 0.0686044 0.0474089
0.000986142 7.71053 8.20987 7.2112 4.22632 4.52233 3.93032 5.4105 0.499337 0.296003 0.0685025 0.0470922
0.00101405 7.66051 8.1581 7.16292 4.19876 4.49396 3.90356 5.36537 0.497593 0.295201 0.0684039 0.0467771
0.00104275 7.61075 8.1066 7.1149 4.17134 4.46574 3.87694 5.32051 0.495849 0.2944 0.0683086 0.0464636
0.00107227 7.56125 8.05536 7.06715 4.14408 4.43768 3.85048 5.27593 0.494104 0.2936 0.0682167 0.0461517
0.00110262 7.51201 8.00437 7.01965 4.11697 4.40977 3.82416 5.23162 0.492359 0.292801 0.068128 0.0458414
0.00113382 7.46303 7.95364 6.97242 4.09 4.382 3.79799 5.18758 0.490613 0.292003 0.0680427 0.0455326
0.00116591 7.4143 7.90317 6.92544 4.06318 4.35439 3.77197 5.14381 0.488866 0.291207 0.0679606 0.0452255
0.00119891 7.36584 7.85296 6.87872 4.03651 4.32692 3.7461 5.1003 0.487119 0.290411 0.0678818 0.0449199
0.00123285 7.31763 7.803 6.83226 4.00999 4.2996 3.72037 5.05707 0.485371 0.289616 0.0678062 0.0446159
0.00126774 7.26967 7.7533 6.78605 3.98361 4.27243 3.69479 5.0141 0.483622 0.288822 0.0677339 0.0443135
0.00130362 7.22197 7.70384 6.7401 3.95738 4.24541 3.66935 4.97139 0.481871 0.288029 0.0676648 0.0440126
0.00134052 7.17452 7.65464 6.6944 3.93129 4.21853 3.64406 4.92895 0.480119 0.287237 0.0675989 0.0437132
0.00137846 7.12732 7.60569 6.64896 3.90535 4.1918 3.61891 4.88677 0.478366 0.286446 0.0675362 0.0434154
0.00141747 7.08037 7.55698 6.60376 3.87956 4.16521 3.5939 4.84486 0.476611 0.285655 0.0674766 0.043119
0.00145759 7.03367 7.50853 6.55882 3.85391 4.13877 3.56904 4.8032 0.474854 0.284865 0.0674202 0.0428242
0.00149885 6.98722 7.46031 6.51412 3.8284 4.11247 3.54432 4.7618 0.473095 0.284076 0.0673669 0.0425309
0.00154127 6.94102 7.41235 6.46968 3.80303 4.08632 3.51975 4.72066 0.471334 0.283287 0.0673168 0.0422391
0.00158489 6.89506 7.36463 6.42549 3.77781 4.06031 3.49531 4.67978 0.469571 0.282499 0.0672696 0.0419488
0.00162975 6.84935 7.31715 6.38154 3.75273 4.03444 3.47101 4.63915 0.467805 0.281711 0.0672256 0.04166
0.00167588 6.80388 7.26991 6.33784 3.72779 4.00871 3.44686 4.59877 0.466036 0.280924 0.0671846 0.0413727
0.00172331 6.75865 7.22291 6.29438 3.70298 3.98312 3.42285 4.55865 0.464265 0.280137 0.0671466 0.0410867
0.00177209 6.71366 7.17616 6.25117 3.67832 3.95767 3.39897 4.51878 0.462491 0.27935 0.0671116 0.0408023
0.00182224 6.66892 7.12963 6.20821 3.6538 3.93236 3.37524 4.47916 0.460714 0.278564 0.0670795 0.0405193
0.00187382 6.62441 7.08335 6.16548 3.62942 3.9072 3.35164 4.4398 0.458934 0.277778 0.0670503 0.0402378
0.00192685 6.58015 7.0373 6.123 3.60517 3.88216 3.32818 4.40068 0.45715 0.276992 0.067024 0.0399577
0.00198139 6.53612 6.99148 6.08076 3.58107 3.85727 3.30486 4.3618 0.455363 0.276207 0.0670005 0.039679
0.00203747 6.49233 6.9459 6.03876 3.5571 3.83252 3.28167 4.32318 0.453572 0.275421 0.0669799 0.0394017
0.00209514 6.44877 6.90055 5.99699 3.53326 3.8079 3.25863 4.2848 0.451777 0.274635 0.066962 0.0391258
0.00215443 6.40545 6.85542 5.95547 3.50956 3.78341 3.23572 4.24666 0.449977 0.27385 0.0669468 0.0388513
0.00221541 6.36236 6.81053 5.91419 3.486 3.75907 3.21294 4.20877 0.448174 0.273064 0.0669343 0.0385782
0.00227812 6.3195 6.76587 5.87314 3.46258 3.73486 3.1903 4.17112 0.446365 0.272278 0.0669245 0.0383065
0.00234259 6.27688 6.72143 5.83232 3.43928 3.71077 3.16779 4.13371 0.444552 0.271492 0.0669173 0.0380362
0.0024089 6.23448 6.67722 5.79175 3.41612 3.68683 3.14542 4.09654 0.442735 0.270705 0.0669126 0.0377672
0.00247708 6.19232 6.63323 5.75141 3.3931 3.66302 3.12318 4.0596 0.440911 0.269918 0.0669105 0.0374996
0.00254719 6.15038 6.58946 5.7113 3.37021 3.63934 3.10107 4.02291 0.439083 0.269131 0.0669108 0.0372332
0.00261928 6.10867 6.54592 5.67142 3.34744 3.61579 3.0791 3.98645 0.437249 0.268343 0.0669135 0.0369683
0.00269341 6.06719 6.5026 5.63178 3.32481 3.59237 3.05726 3.95023 0.43541 0.267555 0.0669185 0.0367046
0.00276965 6.02593 6.4595 5.59237 3.30231 3.56908 3.03555 3.91425 0.433564 0.266766 0.0669259 0.0364423
0.00284804 5.9849 6.41661 5.55319 3.27994 3.54592 3.01397 3.8785 0.431712 0.265976 0.0669354 0.0361813
0.00292864 5.94409 6.37394 5.51423 3.25771 3.52289 2.99252 3.84297 0.429854 0.265186 0.0669472 0.0359215
0.00301153 5.9035 6.33149 5.47551 3.2356 3.49999 2.9712 3.80769 0.427989 0.264394 0.066961 0.0356631
0.00309677 5.86313 6.28925 5.43701 3.21362 3.47722 2.95001 3.77263 0.426118 0.263602 0.0669769 0.0354059
0.00318442 5.82299 6.24722 5.39875 3.19177 3.45457 2.92896 3.7378 0.424239 0.262809 0.0669948 0.03515
0.00327455 5.78306 6.20541 5.3607 3.17004 3.43205 2.90802 3.7032 0.422353 0.262014 0.0670145 0.0348953
0.00336723 5.74335 6.16381 5.32289 3.14844 3.40966 2.88722 3.66883 0.420459 0.261219 0.0670361 0.0346419
0.00346253 5.70385 6.12241 5.2853 3.12697 3.38739 2.86655 3.63468 0.418558 0.260422 0.0670595 0.0343897
0.00356053 5.66457 6.08122 5.24792 3.10562 3.36525 2.846 3.60076 0.416649 0.259624 0.0670845 0.0341388
0.00366131 5.62551 6.04025 5.21078 3.08441 3.34323 2.82558 3.56707 0.414732 0.258824 0.0671111 0.033889
0.00376494 5.58666 5.99947 5.17386 3.06331 3.32133 2.80529 3.5336 0.412806 0.258023 0.0671392 0.0336405
0.0038715 5.54803 5.9589 5.13716 3.04234 3.29956 2.78512 3.50035 0.410871 0.257221 0.0671687 0.0333932
0.00398107 5.50961 5.91853 5.10068 3.02149 3.27791 2.76507 3.46732 0.408927 0.256416 0.0671995 0.033147
0.00409375 5.4714 5.87837 5.06442 3.00076 3.25637 2.74515 3.43451 0.406975 0.25561 0.0672315 0.032902
0.00420962 5.43339 5.8384 5.02838 2.98016 3.23497 2.72536 3.40193 0.405012 0.254802 0.0672647 0.0326582
0.00432876 5.3956 5.79864 4.99256 2.95968 3.21367 2.70569 3.36956 0.40304 0.253992 0.0672989 0.0324156
0.00445128 5.35802 5.75908 4.95696 2.93932 3.1925 2.68614 3.33741 0.401059 0.25318 0.0673341 0.032174
0.00457727 5.32064 5.7197 4.92157 2.91908 3.17145 2.66672 3.30547 0.399066 0.252366 0.06737 0.0319336
0.00470682 5.28346 5.68053 4.8864 2.89896 3.15051 2.64741 3.27376 0.397064 0.25155 0.0674067 0.0316944
0.00484003 5.2465 5.64155 4.85145 2.87896 3.12969 2.62823 3.24225 0.39505 0.250731 0.0674439 0.0314562
0.00497702 5.20973 5.60276 4.81671 2.85908 3.10899 2.60917 3.21097 0.393026 0.24991 0.0674816 0.0312191
0.00511789 5.17317 5.56416 4.78218 2.83932 3.0884 2.59023 3.17989 0.39099 0.249086 0.0675197 0.0309831
0.00526274 5.13681 5.52575 4.74787 2.81967 3.06793 2.57141 3.14903 0.388943 0.248259 0.0675579 0.0307482
0.0054117 5.10065 5.48754 4.71377 2.80014 3.04757 2.55271 3.11837 0.386884 0.24743 0.0675963 0.0305144
0.00556486 5.0647 5.44951 4.67988 2.78073 3.02733 2.53413 3.08793 0.384813 0.246598 0.0676346 0.0302816
0.00572237 5.02894 5.41167 4.64621 2.76143 3.00719 2.51566 3.0577 0.38273 0.245762 0.0676728 0.0300499
0.00588433 4.99337 5.37401 4.61274 2.74224 2.98717 2.49732 3.02767 0.380634 0.244924 0.0677106 0.0298192
0.00605088 4.95801 5.33653 4.57948 2.72318 2.96726 2.47909 2.99786 0.378525 0.244082 0.0677479 0.0295895
0.00622213 4.92284 5.29924 4.54643 2.70422 2.94746 2.46098 2.96825 0.376403 0.243237 0.0677847 0.0293608
0.00639824 4.88786 5.26213 4.51359 2.68538 2.92776 2.44299 2.93884 0.374268 0.242389 0.0678206 0.0291331
0.00657933 4.85308 5.2252 4.48096 2.66665 2.90818 2.42511 2.90964 0.372118 0.241537 0.0678556 0.0289064
0.00676555 4.81849 5.18845 4.44854 2.64803 2.88871 2.40735 2.88064 0.369955 0.240681 0.0678896 0.0286806
0.00695704 4.78409 5.15187 4.41631 2.62952 2.86934 2.3897 2.85185 0.367778 0.239821 0.0679223 0.0284558
0.00715394 4.74988 5.11547 4.3843 2.61112 2.85008 2.37216 2.82326 0.365586 0.238957 0.0679535 0.028232
0.00735642 4.71586 5.07924 4.35248 2.59282 2.83091 2.35474 2.79487 0.363379 0.238089 0.0679831 0.0280091
0.00756463 4.68203 5.04319 4.32088 2.57465 2.81186 2.33743 2.76668 0.361157 0.237217 0.068011 0.0277871
0.00777874 4.64839 5.00731 4.28947 2.55657 2.79291 2.32023 2.73868 0.35892 0.23634 0.0680369 0.027566
0.0079989 4.61493 4.9716 4.25827 2.5386 2.77406 2.30314 2.71089 0.356668 0.235459 0.0680606 0.0273459
0.0082253 4.58166 4.93606 4.22727 2.52074 2.75531 2.28616 2.6833 0.354399 0.234573 0.0680819 0.0271266
0.0084581 4.54858 4.90069 4.19646 2.50298 2.73666 2.2693 2.6559 0.352115 0.233682 0.0681007 0.0269082
0.00869749 4.51567 4.86549 4.16586 2.48533 2.71812 2.25254 2.62869 0.349814 0.232787 0.0681168 0.0266906
0.00894366 4.48295 4.83045 4.13546 2.46778 2.69967 2.2359 2.60168 0.347496 0.231886 0.0681299 0.0264739
0.00919679 4.45041 4.79557 4.10525 2.45033 2.68131 2.21935 2.57487 0.345162 0.230979 0.0681398 0.026258
0.00945709 4.41805 4.76086 4.07524 2.43299 2.66305 2.20292 2.54824 0.34281 0.230068 0.0681463 0.0260429
0.00972476 4.38587 4.72631 4.04543 2.41574 2.64489 2.18659 2.52181 0.340441 0.22915 0.0681493 0.0258287
0.01 4.35387 4.69192 4.01581 2.3986 2.62683 2.17037 2.49557 0.338054 0.228227 0.0681484 0.0256152
0.010283 4.32204 4.65769 3.98639 2.38155 2.60885 2.15426 2.46952 0.33565 0.227298 0.0681434 0.0254025
0.0105741 4.29038 4.62361 3.95716 2.36461 2.59097 2.13824 2.44366 0.333228 0.226363 0.0681341 0.0251906
0.0108734 4.25891 4.58969 3.92812 2.34776 2.57318 2.12234 2.41798 0.330787 0.225421 0.0681204 0.0249795
0.0111811 4.2276 4.55593 3.89927 2.331 2.55548 2.10653 2.3925 0.328328 0.224474 0.0681018 0.024769
0.0114976 4.19647 4.52232 3.87062 2.31434 2.53786 2.09082 2.3672 0.32585 0.223519 0.0680783 0.0245594
0.011823 4.16551 4.48887 3.84216 2.29778 2.52034 2.07522 2.34208 0.323353 0.222558 0.0680494 0.0243504
0.0121576 4.13472 4.45556 3.81389 2.28131 2.5029 2.05972 2.31715 0.320837 0.22159 0.0680151 0.0241421
0.0125017 4.1041 4.42241 3.7858 2.26493 2.48554 2.04432 2.2924 0.318301 0.220614 0.067975 0.0239345
0.0128556 4.07365 4.3894 3.7579 2.24864 2.46827 2.02901 2.26784 0.315747 0.219632 0.0679289 0.0237276
0.0132194 4.04336 4.35654 3.73019 2.23244 2.45108 2.0138 2.24345 0.313173 0.218641 0.0678765 0.0235213
0.0135936 4.01325 4.32382 3.70267 2.21633 2.43397 1.99868 2.21925 0.310578 0.217643 0.0678176 0.0233157
0.0139783 3.98329 4.29126 3.67533 2.20031 2.41694 1.98367 2.19523 0.307965 0.216638 0.0677518 0.0231107
0.0143739 3.9535 4.25883 3.64817 2.18437 2.39999 1.96874 2.17138 0.305331 0.215624 0.067679 0.0229064
0.0147808 3.92387 4.22655 3.62119 2.16852 2.38312 1.95392 2.14771 0.302676 0.214602 0.0675988 0.0227026
0.0151991 3.8944 4.1944 3.5944 2.15275 2.36632 1.93918 2.12422 0.300002 0.213571 0.067511 0.0224994
0.0156293 3.86509 4.1624 3.56779 2.13706 2.34959 1.92453 2.1009 0.297308 0.212532 0.0674153 0.0222968
0.0160717 3.83595 4.13054 3.54135 2.12146 2.33294 1.90997 2.07776 0.294593 0.211483 0.0673114 0.0220948
0.0165265 3.80695 4.09881 3.5151 2.10593 2.31635 1.8955 2.05479 0.291857 0.210426 0.0671991 0.0218933
0.0169943 3.77812 4.06722 3.48902 2.09048 2.29984 1.88112 2.03199 0.289101 0.20936 0.067078 0.0216924
0.0174753 3.74944 4.03577 3.46312 2.07511 2.28339 1.86683 2.00937 0.286325 0.208284 0.066948 0.021492
0.0179699 3.72092 4.00445 3.43739 2.05982 2.26701 1.85262 1.98691 0.283528 0.207198 0.0668086 0.0212921
0.0184785 3.69255 3.97326 3.41184 2.04459 2.25069 1.83849 1.96462 0.280711 0.206103 0.0666597 0.0210927
0.0190015 3.66433 3.9422 3.38645 2.02944 2.23444 1.82445 1.9425 0.277873 0.204997 0.066501 0.0208937
0.0195393 3.63626 3.91127 3.36124 2.01436 2.21825 1.81048 1.92055 0.275015 0.203881 0.0663321 0.0206953
0.0200923 3.60834 3.88047 3.3362 1.99936 2.20211 1.7966 1.89876 0.272136 0.202755 0.0661529 0.0204973
0.020661 3.58056 3.8498 3.31133 1.98441 2.18603 1.7828 1.87714 0.269238 0.201618 0.0659631 0.0202997
0.0212458 3.55294 3.81926 3.28662 1.96954 2.17001 1.76907 1.85568 0.266319 0.20047 0.0657623 0.0201026
0.0218471 3.52546 3.78884 3.26208 1.95472 2.15403 1.75541 1.83438 0.26338 0.19931 0.0655504 0.0199059
0.0224655 3.49813 3.75855 3.23771 1.93997 2.13811 1.74183 1.81324 0.260422 0.19814 0.065327 0.0197095
0.0231013 3.47094 3.72838 3.21349 1.92528 2.12224 1.72833 1.79227 0.257444 0.196957 0.0650919 0.0195136
0.0237551 3.44389 3.69834 3.18944 1.91065 2.10641 1.71489 1.77145 0.254447 0.195763 0.0648449 0.0193181
0.0244275 3.41698 3.66841 3.16555 1.89608 2.09063 1.70152 1.75079 0.251431 0.194557 0.0645858 0.0191229
0.0251189 3.39021 3.6386 3.14181 1.88155 2.07489 1.68821 1.73028 0.248396 0.193339 0.0643142 0.018928
0.0258298 3.36357 3.60892 3.11823 1.86709 2.05919 1.67498 1.70993 0.245342 0.192108 0.06403 0.0187335
0.0265609 3.33708 3.57935 3.09481 1.85266 2.04353 1.6618 1.68973 0.242271 0.190864 0.063733 0.0185394
0.0273126 3.31071 3.5499 3.07153 1.83829 2.0279 1.64869 1.66969 0.239181 0.189608 0.0634229 0.0183455
0.0280857 3.28449 3.52056 3.04841 1.82397 2.01231 1.63563 1.64979 0.236075 0.188338 0.0630995 0.018152
0.0288806 3.25839 3.49134 3.02544 1.80969 1.99674 1.62263 1.63005 0.232951 0.187055 0.0627627 0.0179587
0.029698 3.23242 3.46223 3.00261 1.79545 1.9812 1.60969 1.61045 0.229812 0.185759 0.0624123 0.0177657
0.0305386 3.20658 3.43324 2.97993 1.78124 1.96569 1.59679 1.591 0.226656 0.184448 0.062048 0.017573
0.0314029 3.18087 3.40436 2.95739 1.76708 1.9502 1.58395 1.57169 0.223485 0.183124 0.0616699 0.0173806
0.0322917 3.15529 3.37559 2.93499 1.75294 1.93473 1.57116 1.55253 0.220299 0.181786 0.0612776 0.0171884
0.0332057 3.12983 3.34693 2.91273 1.73884 1.91927 1.55841 1.53351 0.217099 0.180433 0.0608711 0.0169964
0.0341455 3.10448 3.31837 2.8906 1.72477 1.90383 1.5457 1.51463 0.213885 0.179065 0.0604503 0.0168047
0.0351119 3.07926 3.28992 2.8686 1.71072 1.8884 1.53304 1.49588 0.210659 0.177683 0.0600151 0.0166132
0.0361057 3.05416 3.26158 2.84674 1.69669 1.87298 1.52041 1.47728 0.20742 0.176286 0.0595653 0.0164218
0.0371276 3.02917 3.23335 2.825 1.68269 1.85756 1.50781 1.45881 0.204171 0.174873 0.059101 0.0162307
0.0381784 3.0043 3.20521 2.80339 1.6687 1.84214 1.49525 1.44048 0.20091 0.173445 0.0586222 0.0160398
0.039259 2.97955 3.17719 2.78191 1.65472 1.82672 1.48272 1.42228 0.19764 0.172002 0.0581286 0.0158491
0.0403702 2.9549 3.14926 2.76053 1.64075 1.8113 1.47021 1.40421 0.194361 0.170543 0.0576205 0.0156585
0.0415128 2.93035 3.12143 2.73928 1.6268 1.79586 1.45773 1.38627 0.191074 0.169067 0.0570977 0.0154681
0.0426877 2.90592 3.0937 2.71814 1.61284 1.78042 1.44527 1.36845 0.18778 0.167576 0.0565604 0.0152778
0.0438959 2.88159 3.06607 2.69711 1.59889 1.76496 1.43282 1.35077 0.184479 0.166069 0.0560085 0.0150877
0.0451383 2.85736 3.03854 2.67619 1.58493 1.74947 1.42039 1.3332 0.181174 0.164545 0.0554422 0.0148978
0.0464159 2.83323 3.01109 2.65536 1.57096 1.73397 1.40796 1.31576 0.177865 0.163004 0.0548616 0.014708
0.0477296 2.80919 2.98375 2.63464 1.55699 1.71844 1.39554 1.29844 0.174553 0.161447 0.0542668 0.0145183
0.0490805 2.78526 2.95649 2.61402 1.54301 1.70288 1.38313 1.28124 0.171239 0.159873 0.0536579 0.0143288
0.0504697 2.7614 2.92933 2.59348 1.529 1.68728 1.37072 1.26415 0.167924 0.158282 0.0530351 0.0141393
0.0518981 2.73764 2.90225 2.57303 1.51497 1.67165 1.3583 1.24718 0.16461 0.156674 0.0523987 0.0139501
0.053367 2.71396 2.87526 2.55266 1.50092 1.65597 1.34588 1.23032 0.161298 0.155049 0.0517488 0.0137609
0.0548775 2.69037 2.84836 2.53238 1.48684 1.64025 1.33344 1.21357 0.157988 0.153407 0.0510857 0.0135718
0.0564307 2.66685 2.82153 2.51217 1.47273 1.62447 1.32098 1.19693 0.154683 0.151747 0.0504097 0.0133829
0.0580278 2.64341 2.79479 2.49202 1.45858 1.60865 1.30851 1.1804 0.151384 0.15007 0.0497211 0.013194
0.0596702 2.62004 2.76813 2.47194 1.44438 1.59276 1.296 1.16397 0.148091 0.148376 0.0490201 0.0130053
0.0613591 2.59673 2.74154 2.45193 1.43014 1.5768 1.28348 1.14764 0.144807 0.146664 0.0483073 0.0128167
0.0630957 2.57349 2.71502 2.43196 1.41585 1.56078 1.27091 1.13142 0.141533 0.144935 0.0475828 0.0126283
0.0648815 2.55031 2.68858 2.41204 1.4015 1.54469 1.25832 1.11529 0.138269 0.143189 0.0468472 0.0124399
0.0667179 2.52718 2.6622 2.39217 1.3871 1.52852 1.24567 1.09926 0.135018 0.141425 0.0461009 0.0122517
0.0686062 2.50411 2.63589 2.37233 1.37262 1.51227 1.23298 1.08332 0.131781 0.139644 0.0453443 0.0120635
0.070548 2.48108 2.60964 2.35252 1.35808 1.49593 1.22024 1.06747 0.128559 0.137845 0.0445779 0.0118756
0.0725448 2.45809 2.58345 2.33274 1.34347 1.4795 1.20744 1.05172 0.125355 0.136029 0.0438022 0.0116877
0.074598 2.43514 2.55731 2.31297 1.32877 1.46297 1.19458 1.03605 0.122168 0.134196 0.0430178 0.0115
0.0767094 2.41222 2.53122 2.29322 1.314 1.44634 1.18165 1.02046 0.119002 0.132346 0.0422251 0.0113125
0.0788805 2.38933 2.50518 2.27347 1.29913 1.42961 1.16865 1.00496 0.115856 0.13048 0.0414247 0.0111251
0.0811131 2.36645 2.47918 2.25371 1.28417 1.41276 1.15557 0.989543 0.112734 0.128596 0.0406173 0.0109379
0.0834088 2.34359 2.45322 2.23395 1.26911 1.3958 1.14241 0.974201 0.109636 0.126697 0.0398034 0.0107508
0.0857696 2.32073 2.42729 2.21416 1.25394 1.37872 1.12916 0.958935 0.106564 0.124781 0.0389838 0.010564
0.0881971 2.29787 2.40139 2.19435 1.23867 1.36152 1.11582 0.943744 0.103519 0.122849 0.0381589 0.0103774
0.0906934 2.27501 2.37551 2.1745 1.22328 1.34418 1.10238 0.928624 0.100503 0.120901 0.0373295 0.010191
0.0932603 2.25213 2.34964 2.15461 1.20777 1.32671 1.08883 0.913574 0.0975167 0.118938 0.0364962 0.0100048
0.0958999 2.22922 2.32379 2.13466 1.19214 1.3091 1.07518 0.898592 0.0945625 0.11696 0.0356598 0.00981889
0.0986142 2.20629 2.29794 2.11465 1.17637 1.29134 1.06141 0.883675 0.0916415 0.114968 0.0348209 0.00963327
0.101405 2.18332 2.27208 2.09457 1.16048 1.27344 1.04752 0.868821 0.088755 0.112961 0.0339802 0.00944795
0.104275 2.1603 2.24621 2.0744 1.14444 1.25538 1.0335 0.854028 0.0859044 0.11094 0.0331385 0.00926296
0.107227 2.13723 2.22032 2.05414 1.12826 1.23716 1.01935 0.839294 0.0830911 0.108906 0.0322965 0.00907831
0.110262 2.11409 2.19441 2.03377 1.11192 1.21878 1.00506 0.824617 0.0803164 0.10686 0.0314549 0.00889404
0.113382 2.09087 2.16845 2.01329 1.09544 1.20024 0.990636 0.809996 0.0775816 0.104801 0.0306144 0.00871017
0.116591 2.06757 2.14246 1.99268 1.07879 1.18152 0.97606 0.795427 0.0748879 0.102731 0.0297758 0.00852674
0.119891 2.04417 2.11641 1.97193 1.06198 1.16263 0.961332 0.78091 0.0722366 0.100649 0.0289399 0.00834377
0.123285 2.02066 2.09029 1.95103 1.045 1.14356 0.946446 0.766444 0.0696288 0.0985576 0.0281072 0.0081613
0.126774 1.99703 2.0641 1.92997 1.02785 1.12431 0.931397 0.752025 0.0670656 0.0964565 0.0272786 0.00797937
0.130362 1.97327 2.03782 1.90873 1.01053 1.10487 0.916182 0.737653 0.0645481 0.0943465 0.0264548 0.00779801
0.134052 1.94937 2.01145 1.88729 0.993023 1.08525 0.900794 0.723326 0.0620773 0.0922286 0.0256366 0.00761727
0.137846 1.92531 1.98496 1.86566 0.975335 1.06544 0.885231 0.709043 0.0596542 0.0901036 0.0248245 0.00743719
0.141747 1.90108 1.95836 1.8438 0.957461 1.04543 0.869489 0.694802 0.0572797 0.0879724 0.0240193 0.00725782
0.145759 1.87666 1.93161 1.8217 0.939399 1.02523 0.853563 0.680604 0.0549545 0.085836 0.0232216 0.00707919
0.149885 1.85204 1.90472 1.79936 0.921146 1.00484 0.837451 0.666447 0.0526796 0.0836953 0.0224322 0.00690137
0.154127 1.82722 1.87767 1.77676 0.902701 0.984252 0.821149 0.652329 0.0504555 0.0815513 0.0216517 0.0067244
0.158489 1.80215 1.85044 1.75387 0.884062 0.963468 0.804657 0.638252 0.048283 0.0794052 0.0208807 0.00654835
0.162975 1.77685 1.82302 1.73069 0.86523 0.942488 0.787972 0.624213 0.0461627 0.0772582 0.0201198 0.00637327
0.167588 1.75129 1.79539 1.7072 0.846204 0.921315 0.771093 0.610215 0.044095 0.0751113 0.0193696 0.00619921
0.172331 1.72545 1.76753 1.68337 0.826985 0.899951 0.754019 0.596255 0.0420804 0.0729659 0.0186307 0.00602626
0.177209 1.69932 1.73944 1.6592 0.807574 0.878397 0.736751 0.582335 0.0401193 0.0708231 0.0179036 0.00585446
0.182224 1.67287 1.71109 1.63466 0.787974 0.856659 0.71929 0.568456 0.0382119 0.0686844 0.0171888 0.0056839
0.187382 1.6461 1.68246 1.60974 0.768189 0.83474 0.701638 0.554617 0.0363586 0.0665512 0.0164869 0.00551464
0.192685 1.61898 1.65354 1.58442 0.748221 0.812646 0.683796 0.540821 0.0345595 0.0644247 0.0157983 0.00534676
0.198139 1.5915 1.62431 1.55868 0.728078 0.790384 0.665771 0.527068 0.0328146 0.0623066 0.0151234 0.00518034
0.203747 1.56363 1.59476 1.53251 0.707765 0.767963 0.647566 0.513361 0.0311239 0.0601982 0.0144626 0.00501546
0.209514 1.53537 1.56486 1.50588 0.68729 0.745391 0.629189 0.499701 0.0294876 0.0581012 0.0138164 0.0048522
0.215443 1.50669 1.53459 1.47878 0.666663 0.72268 0.610645 0.486091 0.0279053 0.0560172 0.0131851 0.00469065
0.221541 1.47757 1.50395 1.45119 0.645894 0.699842 0.591946 0.472533 0.0263769 0.0539477 0.012569 0.0045309
0.227812 1.448 1.4729 1.42309 0.624996 0.676891 0.573102 0.459031 0.0249022 0.0518945 0.0119684 0.00437303
0.234259 1.41795 1.44143 1.39447 0.603984 0.653843 0.554124 0.445587 0.0234808 0.0498592 0.0113835 0.00421714
0.24089 1.38742 1.40953 1.3653 0.582873 0.630716 0.535029 0.432206 0.0221124 0.0478436 0.0108147 0.00406333
0.247708 1.35637 1.37717 1.33558 0.561682 0.607531 0.515833 0.418891 0.0207964 0.0458494 0.010262 0.00391168
0.254719 1.32481 1.34434 1.30528 0.540433 0.584312 0.496555 0.405648 0.0195323 0.0438784 0.00972577 0.00376229
0.261928 1.29271 1.31103 1.27439 0.519151 0.561083 0.477218 0.392481 0.0183197 0.0419324 0.00920602 0.00361525
0.269341 1.26005 1.27721 1.24289 0.497863 0.537876 0.45785 0.379396 0.0171577 0.0400132 0.00870289 0.00347065
0.276965 1.22683 1.24288 1.21078 0.476605 0.514728 0.438483 0.366398 0.0160458 0.0381227 0.00821644 0.00332857
0.284804 1.19301 1.208 1.17803 0.455421 0.491684 0.419159 0.353494 0.0149831 0.0362625 0.00774669 0.00318906
0.292864 1.15858 1.17254 1.14461 0.434378 0.468813 0.399943 0.340693 0.0139688 0.0344347 0.00729362 0.00305215
0.301153 1.12342 1.13642 1.11042 0.413617 0.446258 0.380976 0.328001 0.0130019 0.0326409 0.00685708 0.00291779
0.309677 1.08663 1.09871 1.07455 0.394102 0.424985 0.36322 0.315435 0.0120814 0.0308827 0.00643663 0.00278559
0.318442 1.05508 1.06682 1.04333 0.380103 0.410327 0.349878 0.310723 0.0117426 0.0302245 0.00627931 0.00273372
0.321833 1.04191 1.05333 1.0305 0.372403 0.401982 0.342825 0.306078 0.0114137 0.0295785 0.00612593 0.00268275
0.325224 1.02881 1.03991 1.01772 0.364808 0.393752 0.335863 0.301498 0.0110944 0.0289446 0.00597636 0.00263265
0.328614 1.01578 1.02656 1.005 0.357316 0.385639 0.328994 0.296983 0.0107844 0.0283225 0.00583051 0.00258342
0.332005 1.00281 1.01329 0.992324 0.349927 0.37764 0.322215 0.29253 0.0104833 0.0277121 0.00568826 0.00253502
0.335396 0.989895 1.00009 0.979704 0.342641 0.369754 0.315528 0.288139 0.0101909 0.0271131 0.00554952 0.00248745
0.338787 0.977048 0.986954 0.967141 0.335456 0.361981 0.308931 0.28381 0.00990688 0.0265254 0.00541419 0.00244069
0.342178 0.964262 0.973893 0.954631 0.328373 0.354321 0.302424 0.27954 0.00963101 0.0259486 0.00528217 0.00239472
0.345569 0.951539 0.960902 0.942176 0.32139 0.346772 0.296007 0.275329 0.00936301 0.0253828 0.00515338 0.00234953
0.348959 0.938879 0.947982 0.929777 0.314507 0.339334 0.289679 0.271175 0.00910263 0.0248276 0.00502773 0.0023051
0.35235 0.926281 0.935131 0.917431 0.307723 0.332006 0.28344 0.267079 0.00884963 0.0242828 0.00490513 0.00226142
0.355741 0.913744 0.922348 0.90514 0.301038 0.324786 0.27729 0.263038 0.00860378 0.0237483 0.0047855 0.00221848
0.359132 0.90127 0.909635 0.892906 0.294451 0.317675 0.271227 0.259052 0.00836487 0.0232239 0.00466876 0.00217625
0.362523 0.88886 0.896993 0.880728 0.287962 0.310671 0.265253 0.255121 0.00813266 0.0227095 0.00455483 0.00213474
0.365914 0.876511 0.884418 0.868604 0.28157 0.303775 0.259365 0.251242 0.00790697 0.0222048 0.00444364 0.00209391
0.369305 0.864225 0.871913 0.856538 0.275274 0.296984 0.253565 0.247415 0.00768758 0.0217096 0.00433512 0.00205377
0.372695 0.852003 0.859477 0.844529 0.269075 0.290299 0.247851 0.24364 0.0074743 0.0212239 0.00422919 0.00201429
0.376086 0.839845 0.847112 0.832578 0.26297 0.283718 0.242223 0.239915 0.00726696 0.0207474 0.00412578 0.00197547
0.379477 0.827752 0.834818 0.820687 0.25696 0.27724 0.23668 0.23624 0.00706536 0.0202801 0.00402484 0.0019373
0.382868 0.815721 0.82259 0.808851 0.251044 0.270866 0.231223 0.232614 0.00686934 0.0198216 0.00392629 0.00189976
0.386259 0.803756 0.810434 0.797077 0.245222 0.264594 0.22585 0.229036 0.00667873 0.0193719 0.00383007 0.00186283
0.38965 0.791855 0.798349 0.785362 0.239492 0.258423 0.220562 0.225506 0.00649336 0.0189309 0.00373613 0.00182652
0.39304 0.780021 0.786334 0.773708 0.233855 0.252354 0.215357 0.222022 0.00631308 0.0184983 0.0036444 0.00179081
0.396431 0.768253 0.774391 0.762115 0.22831 0.246384 0.210236 0.218584 0.00613774 0.0180741 0.00355483 0.00175568
0.399822 0.756552 0.762519 0.750585 0.222855 0.240513 0.205197 0.215191 0.00596719 0.0176581 0.00346736 0.00172114
0.403213 0.744918 0.750719 0.739117 0.217491 0.234741 0.200241 0.211842 0.0058013 0.0172501 0.00338194 0.00168716
0.406604 0.733352 0.738992 0.727713 0.212216 0.229066 0.195366 0.208538 0.00563992 0.01685 0.00329851 0.00165374
0.409995 0.721855 0.727338 0.716372 0.207031 0.223489 0.190573 0.205276 0.00548292 0.0164577 0.00321704 0.00162087
0.413385 0.710428 0.715758 0.705098 0.201934 0.218007 0.185861 0.202057 0.00533018 0.016073 0.00313746 0.00158854
0.416776 0.69907 0.704252 0.693888 0.196924 0.21262 0.181229 0.198879 0.00518157 0.0156958 0.00305973 0.00155674
0.420167 0.687783 0.69282 0.682746 0.192002 0.207328 0.176676 0.195743 0.00503698 0.015326 0.0029838 0.00152546
0.423558 0.676568 0.681464 0.671671 0.187167 0.20213 0.172203 0.192647 0.00489628 0.0149635 0.00290963 0.00149469
0.426949 0.665424 0.670184 0.660665 0.182417 0.197025 0.167809 0.189591 0.00475937 0.0146081 0.00283718 0.00146442
0.43034 0.654354 0.65898 0.649728 0.177752 0.192012 0.163492 0.186574 0.00462615 0.0142597 0.0027664 0.00143466
0.43373 0.643357 0.647854 0.638861 0.173171 0.187089 0.159253 0.183596 0.00449649 0.0139182 0.00269726 0.00140537
0.437121 0.632435 0.636806 0.628065 0.168674 0.182258 0.155091 0.180657 0.00437031 0.0135835 0.0026297 0.00137657
0.440512 0.621588 0.625836 0.617341 0.16426 0.177516 0.151005 0.177754 0.0042475 0.0132554 0.0025637 0.00134824
0.443903 0.610818 0.614946 0.60669 0.159929 0.172862 0.146995 0.174889 0.00412798 0.0129339 0.00249922 0.00132038
0.447294 0.600124 0.604136 0.596112 0.155678 0.168297 0.143059 0.17206 0.00401164 0.0126188 0.00243622 0.00129297
0.450685 0.589508 0.593406 0.58561 0.151509 0.163819 0.139199 0.169267 0.0038984 0.01231 0.00237466 0.00126601
0.454075 0.578971 0.582759 0.575182 0.147419 0.159427 0.135412 0.16651 0.00378818 0.0120075 0.00231451 0.00123949
0.457466 0.568513 0.572194 0.564832 0.143409 0.15512 0.131698 0.163787 0.00368088 0.011711 0.00225573 0.00121341
0.460857 0.558135 0.561712 0.554559 0.139477 0.150898 0.128057 0.161099 0.00357644 0.0114205 0.0021983 0.00118776
0.464248 0.547839 0.551314 0.544364 0.135623 0.146759 0.124487 0.158445 0.00347476 0.011136 0.00214219 0.00116252
0.467639 0.537625 0.541 0.534249 0.131846 0.142703 0.120989 0.155824 0.00337579 0.0108572 0.00208735 0.00113771
0.47103 0.527494 0.530773 0.524214 0.128145 0.138729 0.117561 0.153236 0.00327943 0.0105841 0.00203376 0.0011133
0.47442 0.517446 0.520632 0.514261 0.12452 0.134837 0.114203 0.150681 0.00318562 0.0103167 0.0019814 0.0010893
0.477811 0.507484 0.510578 0.504389 0.120969 0.131024 0.110914 0.148158 0.00309429 0.0100547 0.00193023 0.00106569
0.481202 0.497607 0.500612 0.494601 0.117492 0.12729 0.107694 0.145666 0.00300538 0.00979815 0.00188022 0.00104248
0.484593 0.487816 0.490735 0.484898 0.114088 0.123635 0.104541 0.143205 0.00291882 0.00954691 0.00183135 0.00101964
0.487984 0.478113 0.480948 0.475279 0.110756 0.120057 0.101455 0.140775 0.00283454 0.0093009 0.0017836 0.000997194
0.491375 0.468499 0.471251 0.465746 0.107496 0.116556 0.0984356 0.138376 0.00275248 0.00906002 0.00173693 0.000975116
0.494765 0.458973 0.461646 0.456301 0.104306 0.11313 0.0954816 0.136006 0.00267259 0.00882419 0.00169133 0.000953408
0.498156 0.449538 0.452133 0.446943 0.101185 0.109779 0.0925921 0.133666 0.00259481 0.00859332 0.00164676 0.000932062
0.501547 0.440193 0.442712 0.437674 0.0981342 0.106502 0.0897669 0.131355 0.00251908 0.00836732 0.00160321 0.000911075
0.504938 0.43094 0.433386 0.428495 0.0951508 0.103297 0.0870046 0.129073 0.00244535 0.00814612 0.00156066 0.000890441
0.508329 0.42178 0.424154 0.419407 0.0922347 0.100164 0.0843051 0.126819 0.00237356 0.00792962 0.00151907 0.000870155
0.51172 0.412714 0.415017 0.41041 0.089385 0.0971027 0.0816673 0.124593 0.00230367 0.00771774 0.00147843 0.000850211
0.51511 0.403741 0.405977 0.401506 0.0866006 0.094111 0.0790902 0.122394 0.00223562 0.00751041 0.00143872 0.000830607
0.518501 0.394864 0.397033 0.392695 0.0838809 0.0911884 0.0765733 0.120223 0.00216936 0.00730755 0.00139992 0.000811335
0.521892 0.386083 0.388188 0.383978 0.0812251 0.0883342 0.074116 0.118079 0.00210486 0.00710908 0.001362 0.000792394
0.525283 0.377398 0.37944 0.375356 0.0786321 0.085547 0.0717172 0.115961 0.00204205 0.00691492 0.00132495 0.000773776
0.528674 0.368811 0.370792 0.36683 0.0761013 0.0828263 0.0693763 0.11387 0.00198091 0.00672499 0.00128875 0.000755479
0.532065 0.360322 0.362244 0.358401 0.0736314 0.0801706 0.0670922 0.111805 0.00192138 0.00653923 0.00125338 0.000737498
0.535455 0.351932 0.353796 0.350069 0.071222 0.0775795 0.0648644 0.109765 0.00186343 0.00635756 0.00121883 0.000719829
0.538846 0.343642 0.345449 0.341835 0.0688717 0.0750516 0.0626918 0.10775 0.00180702 0.00617991 0.00118506 0.000702467
0.542237 0.335453 0.337205 0.333701 0.0665803 0.0725865 0.0605741 0.105761 0.0017521 0.0060062 0.00115208 0.000685409
0.545628 0.327365 0.329063 0.325666 0.0643464 0.0701828 0.0585101 0.103796 0.00169863 0.00583637 0.00111985 0.00066865
0.549019 0.319378 0.321025 0.317732 0.0621693 0.0678397 0.056499 0.101856 0.00164659 0.00567035 0.00108837 0.000652187
0.55241 0.311494 0.31309 0.309898 0.0600481 0.0655562 0.0545401 0.0999402 0.00159593 0.00550808 0.00105762 0.000636016
0.5558 0.303713 0.30526 0.302167 0.0579819 0.0633314 0.0526325 0.0980481 0.00154662 0.00534948 0.00102759 0.000620133
0.559191 0.296036 0.297535 0.294538 0.0559699 0.0611644 0.0507754 0.0961797 0.00149863 0.00519449 0.00099825 0.000604534
0.562582 0.288464 0.289916 0.287012 0.0540111 0.0590541 0.048968 0.0943346 0.00145191 0.00504304 0.000969596 0.000589216
0.565973 0.280996 0.282402 0.279589 0.0521046 0.0569997 0.0472096 0.0925127 0.00140645 0.00489508 0.000941612 0.000574176
0.569364 0.273633 0.274995 0.272271 0.0502497 0.0550003 0.0454992 0.0907136 0.00136221 0.00475054 0.000914282 0.000559409
0.572755 0.266376 0.267696 0.265057 0.0484454 0.0530547 0.043836 0.0889372 0.00131915 0.00460936 0.000887595 0.000544912
0.576146 0.259226 0.260504 0.257949 0.0466908 0.0511623 0.0422193 0.0871833 0.00127725 0.00447148 0.000861537 0.000530682
0.579536 0.252183 0.253419 0.250946 0.044985 0.0493218 0.0406482 0.0854515 0.00123648 0.00433684 0.000836094 0.000516715
0.582927 0.245247 0.246444 0.24405 0.0433272 0.0475326 0.0391219 0.0837417 0.00119681 0.00420537 0.000811254 0.000503009
0.586318 0.238418 0.239576 0.23726 0.0417166 0.0457936 0.0376395 0.0820536 0.00115822 0.00407703 0.000787004 0.00048956
0.589709 0.231697 0.232818 0.230577 0.0401521 0.0441039 0.0362004 0.0803871 0.00112067 0.00395176 0.000763333 0.000476365
0.5931 0.225085 0.226169 0.224001 0.0386331 0.0424626 0.0348036 0.078742 0.00108415 0.0038295 0.000740228 0.00046342
0.596491 0.218581 0.219629 0.217532 0.0371585 0.0408687 0.0334483 0.077118 0.00104862 0.00371019 0.000717679 0.000450723
0.599881 0.212186 0.2132 0.211171 0.0357276 0.0393213 0.0321338 0.0755149 0.00101407 0.00359378 0.000695673 0.000438271
0.603272 0.205899 0.20688 0.204919 0.0343394 0.0378197 0.0308592 0.0739327 0.000980459 0.00348022 0.0006742 0.00042606
0.606663 0.199722 0.20067 0.198774 0.0329933 0.0363627 0.0296238 0.072371 0.000947776 0.00336945 0.000653249 0.000414088
0.610054 0.193654 0.19457 0.192738 0.0316882 0.0349496 0.0284268 0.0708297 0.000915996 0.00326143 0.000632809 0.000402352
0.613445 0.187696 0.188581 0.186811 0.0304233 0.0335794 0.0272672 0.0693087 0.000885096 0.0031561 0.000612871 0.000390849
0.616836 0.181847 0.182702 0.180992 0.0291979 0.0322513 0.0261445 0.0678077 0.000855055 0.0030534 0.000593424 0.000379575
0.620226 0.176107 0.176933 0.175281 0.0280111 0.0309644 0.0250578 0.0663266 0.000825852 0.0029533 0.000574458 0.000368529
0.623617 0.170476 0.171274 0.169679 0.026862 0.0297177 0.0240062 0.0648653 0.000797466 0.00285574 0.000555964 0.000357708
0.627008 0.164955 0.165725 0.164185 0.0257498 0.0285105 0.0229891 0.0634236 0.000769878 0.00276068 0.000537932 0.000347108
0.630399 0.159543 0.160286 0.1588 0.0246738 0.0273419 0.0220057 0.0620014 0.000743069 0.00266806 0.000520352 0.000336727
0.63379 0.154241 0.154958 0.153524 0.0236331 0.026211 0.0210553 0.0605984 0.000717019 0.00257785 0.000503217 0.000326562
0.637181 0.149047 0.149738 0.148355 0.0226269 0.0251169 0.0201369 0.0592146 0.00069171 0.00248999 0.000486517 0.000316611
0.640571 0.143961 0.144628 0.143294 0.0216545 0.0240589 0.01925 0.0578499 0.000667125 0.00240443 0.000470244 0.000306871
0.643962 0.138984 0.139627 0.138341 0.0207149 0.0230361 0.0183938 0.056504 0.000643245 0.00232114 0.000454388 0.00029734
0.647353 0.134115 0.134735 0.133495 0.0198076 0.0220476 0.0175675 0.0551769 0.000620054 0.00224008 0.000438942 0.000288014
0.650744 0.129354 0.129951 0.128756 0.0189316 0.0210928 0.0167704 0.0538684 0.000597535 0.00216118 0.000423898 0.000278891
0.654135 0.1247 0.125275 0.124124 0.0180863 0.0201707 0.0160018 0.0525784 0.000575672 0.00208443 0.000409247 0.00026997
0.657526 0.120152 0.120707 0.119598 0.0172708 0.0192805 0.015261 0.0513068 0.000554449 0.00200976 0.000394982 0.000261246
0.660916 0.115711 0.116245 0.115177 0.0164844 0.0184216 0.0145473 0.0500535 0.00053385 0.00193715 0.000381095 0.000252719
0.664307 0.111376 0.11189 0.110862 0.0157265 0.017593 0.01386 0.0488184 0.000513861 0.00186654 0.000367579 0.000244384
0.667698 0.107145 0.10764 0.106651 0.0149962 0.0167941 0.0131983 0.0476013 0.000494466 0.00179791 0.000354425 0.00023624
0.671089 0.10302 0.103495 0.102544 0.0142929 0.0160241 0.0125617 0.0464022 0.000475652 0.0017312 0.000341628 0.000228285
0.67448 0.0989976 0.099455 0.0985402 0.0136158 0.0152821 0.0119494 0.0452209 0.000457405 0.00166639 0.00032918 0.000220516
0.677871 0.0950786 0.0955184 0.0946389 0.0129642 0.0145676 0.0113607 0.0440573 0.00043971 0.00160342 0.000317074 0.00021293
0.681261 0.0912622 0.0916848 0.0908397 0.0123374 0.0138797 0.0107951 0.0429114 0.000422554 0.00154228 0.000305302 0.000205525
0.684652 0.0875471 0.087953 0.0871412 0.0117348 0.0132178 0.0102519 0.041783 0.000405925 0.00148291 0.000293859 0.000198299
0.688043 0.0839329 0.0843227 0.0835431 0.0111557 0.012581 0.00973047 0.0406721 0.000389809 0.00142528 0.000282738 0.000191249
0.691434 0.0804183 0.0807925 0.0800441 0.0105995 0.0119688 0.00923011 0.0395785 0.000374194 0.00136935 0.000271933 0.000184373
0.694825 0.0770025 0.0773616 0.0766435 0.0100654 0.0113804 0.00875026 0.0385022 0.000359068 0.00131509 0.000261436 0.000177669
0.698216 0.0736846 0.074029 0.0733402 0.00955276 0.0108152 0.0082903 0.037443 0.000344419 0.00126246 0.000251242 0.000171134
0.701606 0.0704635 0.0707937 0.0701332 0.00906106 0.0102725 0.00784963 0.0364009 0.000330235 0.00121144 0.000241344 0.000164766
0.704997 0.0673383 0.0676548 0.0670218 0.00858965 0.00975162 0.00742768 0.0353759 0.000316505 0.00116197 0.000231737 0.000158563
0.708388 0.0643079 0.0646111 0.0640046 0.00813787 0.00925191 0.00702384 0.0343677 0.000303217 0.00111404 0.000222415 0.000152522
0.711779 0.0613708 0.0616611 0.0610804 0.00770518 0.00877278 0.00663758 0.0333764 0.000290362 0.0010676 0.000213371 0.000146641
0.71517 0.0585262 0.0588041 0.0582482 0.00729093 0.00831356 0.0062683 0.0324018 0.000277927 0.00102263 0.0002046 0.000140917
0.718561 0.0557727 0.0560386 0.0555068 0.00689457 0.00787365 0.00591548 0.0314439 0.000265904 0.000979087 0.000196097 0.000135349
0.721951 0.0531093 0.0533635 0.052855 0.00651552 0.00745247 0.00557857 0.0305025 0.000254281 0.000936946 0.000187855 0.000129934
0.725342 0.0505344 0.0507774 0.0502913 0.00615324 0.00704941 0.00525706 0.0295777 0.000243048 0.000896175 0.00017987 0.00012467
0.728733 0.0480468 0.048279 0.0478146 0.00580716 0.0066639 0.00495042 0.0286693 0.000232196 0.000856741 0.000172135 0.000119555
0.732124 0.0456452 0.0458669 0.0454235 0.00547675 0.00629536 0.00465814 0.0277772 0.000221716 0.000818614 0.000164646 0.000114585
0.735515 0.0433281 0.0435397 0.0431165 0.00516148 0.00594324 0.00437971 0.0269014 0.000211598 0.000781765 0.000157398 0.00010976
0.738906 0.0410943 0.0412961 0.0408925 0.00486083 0.00560699 0.00411466 0.0260418 0.000201832 0.000746164 0.000150384 0.000105076
0.742296 0.0389422 0.0391346 0.0387498 0.0045743 0.00528608 0.00386252 0.0251983 0.00019241 0.000711783 0.000143601 0.000100532
0.745687 0.0368703 0.0370536 0.036687 0.00430139 0.00497998 0.0036228 0.0243708 0.000183323 0.000678591 0.000137043 9.6125e-05
0.749078 0.0348772 0.0350518 0.0347027 0.00404162 0.00468818 0.00339506 0.0235593 0.000174562 0.000646562 0.000130705 9.18529e-05
0.752469 0.0329614 0.0331275 0.0327953 0.00379452 0.00441019 0.00317885 0.0227636 0.000166119 0.000615666 0.000124582 8.77136e-05
0.75586 0.0311212 0.0312792 0.0309633 0.00355962 0.0041455 0.00297374 0.0219838 0.000157986 0.000585878 0.00011867 8.37047e-05
0.759251 0.0293553 0.0295054 0.0292051 0.00333646 0.00389363 0.00277929 0.0212197 0.000150155 0.00055717 0.000112964 7.98241e-05
0.762641 0.0276618 0.0278045 0.0275192 0.00312462 0.00365413 0.0025951 0.0204712 0.000142617 0.000529515 0.000107459 7.60694e-05
0.766032 0.0260394 0.0261747 0.025904 0.00292365 0.00342654 0.00242076 0.0197383 0.000135364 0.000502887 0.00010215 7.24384e-05
0.769423 0.0244862 0.0246146 0.0243578 0.00273313 0.00321039 0.00225587 0.0190209 0.000128391 0.00047726 9.70334e-05 6.8929e-05
0.772814 0.0230008 0.0231225 0.0228791 0.00255266 0.00300527 0.00210005 0.0183189 0.000121687 0.00045261 9.21043e-05 6.55389e-05
0.776205 0.0215814 0.0216966 0.0214661 0.00238184 0.00281075 0.00195293 0.0176322 0.000115247 0.00042891 8.73584e-05 6.22658e-05
0.779596 0.0202264 0.0203355 0.0201173 0.00222027 0.0026264 0.00181413 0.0169607 0.000109064 0.000406136 8.27912e-05 5.91076e-05
0.782986 0.0189341 0.0190373 0.018831 0.00206758 0.00245184 0.00168331 0.0163044 0.000103129 0.000384264 7.83985e-05 5.6062e-05
0.786377 0.0177029 0.0178004 0.0176055 0.00192339 0.00228666 0.00156012 0.0156632 9.74371e-05 0.000363271 7.4176e-05 5.31269e-05
0.789768 0.0165311 0.016623 0.0164391 0.00178735 0.00213048 0.00144421 0.0150369 9.19802e-05 0.000343131 7.01195e-05 5.02999e-05
0.793159 0.0154169 0.0155036 0.0153301 0.0016591 0.00198293 0.00133528 0.0144256 8.67521e-05 0.000323824 6.62249e-05 4.75789e-05
0.79655 0.0143587 0.0144404 0.0142769 0.00153832 0.00184364 0.00123299 0.013829 8.17462e-05 0.000305324 6.24881e-05 4.49617e-05
0.799941 0.0133548 0.0134317 0.0132778 0.00142467 0.00171228 0.00113705 0.0132472 7.69561e-05 0.000287611 5.89051e-05 4.24462e-05
0.803332 0.0124034 0.0124758 0.0123311 0.00131782 0.00158848 0.00104716 0.0126799 7.23755e-05 0.000270661 5.54719e-05 4.003e-05
0.806722 0.011503 0.011571 0.0114351 0.00121747 0.00147193 0.000963018 0.0121272 6.79983e-05 0.000254454 5.21845e-05 3.7711e-05
0.810113 0.0106519 0.0107157 0.0105881 0.00112332 0.00136229 0.000884356 0.011589 6.38183e-05 0.000238967 4.90391e-05 3.54871e-05
0.813504 0.00984826 0.00990809 0.00978843 0.00103508 0.00125926 0.000810901 0.011065 5.98296e-05 0.000224179 4.60318e-05 3.3356e-05
0.816895 0.00909052 0.00914655 0.0090345 0.000952462 0.00116253 0.000742391 0.0105553 5.60263e-05 0.000210071 4.31589e-05 3.13156e-05
0.820286 0.00837703 0.00842943 0.00832463 0.000875193 0.00107181 0.000678573 0.0100597 5.24028e-05 0.00019662 4.04165e-05 2.93637e-05
0.823677 0.00770611 0.00775507 0.00765716 0.000803014 0.000986822 0.000619206 0.00957815 4.89534e-05 0.000183808 3.78011e-05 2.74982e-05
0.827067 0.00707615 0.00712183 0.00703048 0.000735664 0.000907279 0.000564049 0.00911049 4.56726e-05 0.000171615 3.53089e-05 2.57168e-05
0.830458 0.00648552 0.00652808 0.00644297 0.000672899 0.000832919 0.00051288 0.00865663 4.25548e-05 0.00016002 3.29364e-05 2.40175e-05
0.833849 0.00593264 0.00597224 0.00589305 0.000614482 0.000763486 0.000465477 0.00821646 3.95949e-05 0.000149005 3.068e-05 2.23981e-05
0.83724 0.00541593 0.00545271 0.00537914 0.000560179 0.000698729 0.000421629 0.00778985 3.67875e-05 0.00013855 2.85361e-05 2.08564e-05
0.840631 0.00493381 0.00496794 0.00489969 0.000509772 0.000638411 0.000381134 0.0073767 3.41276e-05 0.000128639 2.65013e-05 1.93904e-05
0.844022 0.00448476 0.00451637 0.00445315 0.000463047 0.000582298 0.000343796 0.00697687 3.161e-05 0.000119251 2.45722e-05 1.79979e-05
0.847412 0.00406725 0.00409648 0.00403802 0.000419799 0.000530168 0.000309429 0.00659025 2.92298e-05 0.00011037 2.27454e-05 1.66769e-05
0.850803 0.00367982 0.0037068 0.00365284 0.000379829 0.000481806 0.000277852 0.00621671 2.69822e-05 0.000101977 2.10175e-05 1.54251e-05
0.854194 0.00332099 0.00334585 0.00329613 0.000342948 0.000437003 0.000248893 0.0058561 2.48624e-05 9.40552e-05 1.93852e-05 1.42406e-05
0.857585 0.00298934 0.00301221 0.00296648 0.000308974 0.000395562 0.000222386 0.00550831 2.28657e-05 8.65879e-05 1.78453e-05 1.31212e-05
0.860976 0.00268347 0.00270446 0.00266248 0.000277731 0.00035729 0.000198173 0.00517319 2.09874e-05 7.95582e-05 1.63946e-05 1.2065e-05
0.864367 0.002402 0.00242122 0.00238277 0.000249053 0.000322002 0.000176103 0.0048506 1.92231e-05 7.29496e-05 1.50299e-05 1.10697e-05
0.867757 0.00214359 0.00216116 0.00212602 0.000222777 0.000289523 0.000156031 0.0045404 1.75684e-05 6.67459e-05 1.3748e-05 1.01334e-05
0.871148 0.00190694 0.00192296 0.00189092 0.000198751 0.000259683 0.00013782 0.00424243 1.60188e-05 6.09314e-05 1.25459e-05 9.25409e-06
0.874539 0.00169077 0.00170534 0.0016762 0.000176828 0.000232319 0.000121338 0.00395654 1.45702e-05 5.54904e-05 1.14205e-05 8.42971e-06
0.87793 0.00149385 0.00150707 0.00148064 0.000156867 0.000207275 0.000106459 0.00368258 1.32182e-05 5.04077e-05 1.03688e-05 7.65826e-06
0.881321 0.00131499 0.00132694 0.00130303 0.000138733 0.000184402 9.30652e-05 0.00342038 1.19589e-05 4.56683e-05 9.38784e-06 6.93775e-06
0.884712 0.001153 0.00116379 0.00114222 0.000122301 0.000163558 8.10433e-05 0.00316979 1.07881e-05 4.12574e-05 8.47473e-06 6.26622e-06
0.888102 0.00100678 0.00101648 0.000997078 0.000107447 0.000144607 7.02861e-05 0.00293062 9.70202e-06 3.71607e-05 7.62659e-06 5.64171e-06
0.891493 0.000875232 0.000883929 0.000866536 9.40562e-05 0.00012742 6.06923e-05 0.00270272 8.69665e-06 3.33639e-05 6.84056e-06 5.06229e-06
0.894884 0.000757311 0.000765079 0.000749543 8.2019e-05 0.000111872 5.21658e-05 0.00248589 7.76824e-06 2.98532e-05 6.11386e-06 4.52602e-06
0.898275 0.000652009 0.000658922 0.000645096 7.12311e-05 9.7846e-05 4.46161e-05 0.00227996 6.91307e-06 2.6615e-05 5.44375e-06 4.03101e-06
0.901666 0.000558356 0.000564484 0.000552229 6.15935e-05 8.52294e-05 3.79577e-05 0.00208473 6.12749e-06 2.36359e-05 4.82751e-06 3.57538e-06
0.905057 0.000475431 0.000480839 0.000470023 5.30136e-05 7.39165e-05 3.21107e-05 0.00190002 5.40793e-06 2.09029e-05 4.26249e-06 3.15726e-06
0.908447 0.000402343 0.000407094 0.000397592 4.54026e-05 6.38058e-05 2.69994e-05 0.00172563 4.75089e-06 1.84032e-05 3.74607e-06 2.77481e-06
0.911838 0.000338249 0.000342402 0.000334096 3.86776e-05 5.48019e-05 2.25533e-05 0.00156136 4.15297e-06 1.61243e-05 3.2757e-06 2.42623e-06
0.915229 0.000282346 0.000285957 0.000278735 3.27602e-05 4.68142e-05 1.87062e-05 0.00140699 3.61081e-06 1.4054e-05 2.84883e-06 2.1097e-06
0.91862 0.00023387 0.000236992 0.000230749 2.7577e-05 3.97573e-05 1.53967e-05 0.00126231 3.12115e-06 1.21803e-05 2.463e-06 1.82346e-06
0.922011 0.000192102 0.000194783 0.000189421 2.30588e-05 3.35503e-05 1.25674e-05 0.00112711 2.68079e-06 1.04914e-05 2.11577e-06 1.56576e-06
0.925402 0.00015636 0.000158647 0.000154074 1.9141e-05 2.81171e-05 1.01649e-05 0.00100115 2.28662e-06 8.97609e-06 1.80477e-06 1.33489e-06
0.928792 0.000126005 0.000127941 0.00012407 1.57634e-05 2.33864e-05 8.14028e-06 0.0008842 1.9356e-06 7.62307e-06 1.52765e-06 1.12916e-06
0.932183 0.000100439 0.000102064 9.88143e-05 1.28695e-05 1.9291e-05 6.44795e-06 0.000776027 1.62476e-06 6.42151e-06 1.28215e-06 9.46895e-07
0.935574 7.91019e-05 8.04531e-05 7.77507e-05 1.0407e-05 1.57678e-05 5.04622e-06 0.000676381 1.3512e-06 5.3608e-06 1.06602e-06 7.86471e-07
0.938965 6.14749e-05 6.25871e-05 6.03628e-05 8.32751e-06 1.27581e-05 3.89689e-06 0.00058501 1.11213e-06 4.43062e-06 8.77087e-07 6.46285e-07
0.942356 4.70777e-05 4.79825e-05 4.61729e-05 6.58609e-06 1.0207e-05 2.96517e-06 0.000501651 9.048e-07 3.62092e-06 7.1322e-07 5.2477e-07
0.945747 3.54681e-05 3.61947e-05 3.47415e-05 5.1414e-06 8.06334e-06 2.21946e-06 0.000426035 7.26559e-07 2.92194e-06 5.72348e-07 4.20393e-07
0.949137 2.6242e-05 2.68168e-05 2.56672e-05 3.95545e-06 6.27965e-06 1.63125e-06 0.000357885 5.74829e-07 2.3242e-06 4.52453e-07 3.31658e-07
0.952528 1.90317e-05 1.94788e-05 1.85845e-05 2.9935e-06 4.81199e-06 1.17501e-06 0.000296914 4.47118e-07 1.81849e-06 3.51577e-07 2.57107e-07
0.955919 1.35054e-05 1.38464e-05 1.31643e-05 2.2239e-06 3.61981e-06 8.27979e-07 0.000242825 3.41013e-07 1.39592e-06 2.67819e-07 1.9532e-07
0.95931 9.36639e-06 9.62058e-06 9.1122e-06 1.61793e-06 2.6658e-06 5.70072e-07 0.00019531 2.54188e-07 1.04786e-06 1.99342e-07 1.44924e-07
0.962701 6.35199e-06 6.53639e-06 6.16759e-06 1.14975e-06 1.91577e-06 3.83728e-07 0.000154051 1.84402e-07 7.66022e-07 1.44372e-07 1.04586e-07
0.966092 4.23241e-06 4.36192e-06 4.1029e-06 7.96183e-07 1.33858e-06 2.53785e-07 0.000118718 1.29507e-07 5.42397e-07 1.01203e-07 7.30236e-08
0.969482 2.81005e-06 2.89749e-06 2.72261e-06 5.36668e-07 9.05976e-07 1.67359e-07 8.89679e-05 8.74428e-08 3.69309e-07 6.81983e-08 4.90049e-08
0.972873 1.9189e-06 1.97515e-06 1.86265e-06 3.53162e-07 5.92569e-07 1.13754e-07 6.44436e-05 5.62506e-08 2.39408e-07 4.37952e-08 3.13515e-08
0.976264 1.42492e-06 1.45899e-06 1.39085e-06 2.3012e-07 3.75812e-07 8.44287e-08 4.47762e-05 3.40705e-08 1.45692e-07 2.65099e-08 1.89433e-08
0.979655 1.22917e-06 1.24832e-06 1.21002e-06 1.54656e-07 2.36177e-07 7.31362e-08 2.95876e-05 1.91497e-08 8.15203e-08 1.49418e-08 1.07232e-08
0.983046 1.28051e-06 1.29036e-06 1.27066e-06 1.1729e-07 1.57932e-07 7.66477e-08 1.85066e-05 9.8488e-09 4.0642e-08 7.77946e-09 5.70132e-09
0.986437 1.63735e-06 1.642e-06 1.63271e-06 1.15659e-07 1.32884e-07 9.84336e-08 1.12343e-05 4.64641e-09 1.7225e-08 3.80445e-09 2.95744e-09
0.989827 3.22241e-06 3.22454e-06 3.22029e-06 2.00035e-07 2.05935e-07 1.94134e-07 7.95359e-06 2.12707e-09 5.9005e-09 1.87552e-09 1.622e-09
0.993218 9.90981e-06 9.91011e-06 9.9095e-06 5.99966e-07 6.0254e-07 5.97393e-07 3.09046e-05 3.03055e-10 2.57388e-09 1.52246e-10 0
4.01075e-314 inf inf inf inf inf inf 0.000653628 10.2509 0.652299 0.369415 0.0885077
