9.72476e-05 7.35304 7.86263 6.84345 3.46327 3.73098 3.19557 7.16328 0.509587 0.267706 0.0624616 0.0538131
0.0001 7.31236 7.82083 6.80388 3.44411 3.71136 3.17685 7.1124 0.508475 0.267257 0.0622257 0.0534822
0.00010283 7.27264 7.78 6.76527 3.4254 3.69221 3.15859 7.06179 0.507366 0.26681 0.0619925 0.0531529
0.000105741 7.23865 7.7449 6.73239 3.40943 3.67579 3.14307 7.01145 0.506259 0.266364 0.0617617 0.0528251
0.000108734 7.1972 7.70235 6.69204 3.3899 3.65582 3.12398 6.96138 0.505154 0.26592 0.0615336 0.0524989
0.000111811 7.15595 7.66 6.6519 3.37047 3.63595 3.105 6.91158 0.50405 0.265477 0.0613081 0.0521743
0.000114976 7.1149 7.61785 6.61195 3.35113 3.61617 3.0861 6.86206 0.502949 0.265035 0.0610851 0.0518511
0.00011823 7.07404 7.57589 6.57219 3.33189 3.59648 3.06729 6.8128 0.50185 0.264595 0.0608647 0.0515295
0.000121576 7.03339 7.53414 6.53263 3.31274 3.5769 3.04858 6.7638 0.500753 0.264157 0.060647 0.0512095
0.000125017 6.99292 7.49258 6.49326 3.29368 3.5574 3.02996 6.71507 0.499658 0.263719 0.0604318 0.0508909
0.000128556 6.95265 7.45121 6.45408 3.27472 3.538 3.01144 6.66661 0.498564 0.263283 0.0602192 0.0505739
0.000132194 6.91257 7.41004 6.4151 3.25585 3.5187 2.993 6.61841 0.497473 0.262849 0.0600093 0.0502584
0.000135936 6.87268 7.36907 6.3763 3.23707 3.49949 2.97466 6.57047 0.496383 0.262416 0.059802 0.0499445
0.000139783 6.83298 7.32828 6.33769 3.21839 3.48037 2.9564 6.52279 0.495295 0.261984 0.0595973 0.049632
0.000143739 6.79348 7.28769 6.29927 3.19979 3.46135 2.93824 6.47537 0.494209 0.261554 0.0593953 0.049321
0.000147808 6.75416 7.24729 6.26104 3.18129 3.44241 2.92016 6.42821 0.493125 0.261125 0.0591958 0.0490115
0.000151991 6.71504 7.20708 6.22299 3.16288 3.42357 2.90218 6.3813 0.492042 0.260697 0.058999 0.0487035
0.000156293 6.6761 7.16706 6.18513 3.14455 3.40482 2.88428 6.33465 0.490962 0.260271 0.0588049 0.0483971
0.000160717 6.63734 7.12723 6.14746 3.12632 3.38617 2.86648 6.28826 0.489882 0.259846 0.0586134 0.048092
0.000165265 6.59877 7.08758 6.10997 3.10818 3.3676 2.84875 6.24213 0.488805 0.259422 0.0584245 0.0477885
0.000169943 6.5604 7.04813 6.07267 3.09012 3.34912 2.83112 6.19624 0.487729 0.259 0.0582384 0.0474864
0.000174753 6.5222 7.00886 6.03555 3.07216 3.33074 2.81358 6.1506 0.486654 0.258579 0.0580549 0.0471859
0.000179699 6.48419 6.96977 5.99861 3.05429 3.31244 2.79613 6.10522 0.485582 0.258159 0.057874 0.0468867
0.000184785 6.44637 6.93088 5.96186 3.0365 3.29424 2.77876 6.06008 0.48451 0.25774 0.0576959 0.0465891
0.000190015 6.40872 6.89216 5.92528 3.0188 3.27612 2.76148 6.0152 0.48344 0.257323 0.0575204 0.0462928
0.000195393 6.37126 6.85363 5.88889 3.00119 3.2581 2.74428 5.97056 0.482372 0.256907 0.0573476 0.045998
0.000200923 6.33398 6.81528 5.85267 2.98366 3.24016 2.72717 5.92617 0.481305 0.256492 0.0571775 0.0457047
0.00020661 6.29688 6.77712 5.81664 2.96623 3.22231 2.71015 5.88202 0.480239 0.256078 0.0570101 0.0454128
0.000212458 6.25995 6.73913 5.78078 2.94888 3.20454 2.69321 5.83812 0.479175 0.255666 0.0568454 0.0451223
0.000218471 6.22322 6.70133 5.74511 2.93162 3.18687 2.67636 5.79446 0.478112 0.255255 0.0566835 0.0448333
0.000224655 6.18666 6.66371 5.70961 2.91444 3.16928 2.65959 5.75104 0.47705 0.254845 0.0565243 0.0445457
0.000231013 6.15027 6.62626 5.67428 2.89734 3.15178 2.64291 5.70787 0.47599 0.254436 0.0563677 0.0442595
0.000237551 6.11406 6.58899 5.63913 2.88034 3.13437 2.62631 5.66493 0.47493 0.254028 0.056214 0.0439748
0.000244275 6.07803 6.5519 5.60415 2.86341 3.11704 2.60979 5.62223 0.473872 0.253622 0.0560629 0.0436914
0.000251189 6.04217 6.51499 5.56936 2.84658 3.09979 2.59336 5.57977 0.472815 0.253216 0.0559146 0.0434094
0.000258298 6.00649 6.47825 5.53473 2.82983 3.08264 2.57701 5.53754 0.471759 0.252812 0.0557691 0.0431289
0.000265609 5.97098 6.44169 5.50028 2.81316 3.06557 2.56075 5.49556 0.470704 0.252409 0.0556263 0.0428497
0.000273126 5.93564 6.40529 5.46599 2.79657 3.04857 2.54456 5.4538 0.46965 0.252007 0.0554863 0.042572
0.000280857 5.90049 6.36908 5.43189 2.78006 3.03167 2.52846 5.41228 0.468596 0.251606 0.0553491 0.0422956
0.000288806 5.8655 6.33304 5.39795 2.76365 3.01485 2.51244 5.37099 0.467544 0.251206 0.0552146 0.0420207
0.00029698 5.83067 6.29717 5.36418 2.74731 2.99812 2.4965 5.32994 0.466493 0.250807 0.0550829 0.041747
0.000305386 5.79603 6.26147 5.33059 2.73105 2.98146 2.48064 5.28911 0.465442 0.250409 0.054954 0.0414748
0.000314029 5.76154 6.22594 5.29715 2.71488 2.96489 2.46487 5.24852 0.464392 0.250013 0.0548279 0.0412039
0.000322917 5.72724 6.19058 5.26389 2.69879 2.9484 2.44917 5.20815 0.463343 0.249617 0.0547046 0.0409344
0.000332057 5.69309 6.15539 5.2308 2.68278 2.932 2.43356 5.16801 0.462294 0.249222 0.054584 0.0406663
0.000341455 5.65912 6.12037 5.19788 2.66685 2.91568 2.41802 5.1281 0.461246 0.248828 0.0544664 0.0403995
0.000351119 5.62531 6.08551 5.16511 2.651 2.89944 2.40257 5.08841 0.460199 0.248435 0.0543515 0.0401341
0.000361057 5.59167 6.05082 5.13252 2.63523 2.88328 2.38719 5.04894 0.459152 0.248044 0.0542394 0.03987
0.000371276 5.5582 6.01631 5.1001 2.61954 2.8672 2.37189 5.0097 0.458105 0.247653 0.0541303 0.0396073
0.000381784 5.52489 5.98195 5.06783 2.60393 2.8512 2.35667 4.97069 0.457059 0.247263 0.0540239 0.0393459
0.00039259 5.49174 5.94776 5.03573 2.5884 2.83528 2.34153 4.93189 0.456013 0.246874 0.0539203 0.0390859
0.000403702 5.45876 5.91373 5.00379 2.57296 2.81944 2.32647 4.89332 0.454967 0.246486 0.0538196 0.0388272
0.000415128 5.42594 5.87986 4.97202 2.55758 2.80368 2.31148 4.85496 0.453922 0.246098 0.0537218 0.0385698
0.000426877 5.39328 5.84616 4.9404 2.54229 2.788 2.29658 4.81683 0.452877 0.245712 0.0536267 0.0383137
0.000438959 5.36079 5.81262 4.90895 2.52708 2.7724 2.28175 4.77891 0.451832 0.245326 0.0535346 0.038059
0.000451383 5.32845 5.77924 4.87766 2.51194 2.75688 2.267 4.74121 0.450787 0.244941 0.0534454 0.0378055
0.000464159 5.29627 5.74602 4.84653 2.49688 2.74143 2.25232 4.70372 0.449742 0.244557 0.053359 0.0375534
0.000477296 5.26426 5.71296 4.81556 2.4819 2.72607 2.23772 4.66645 0.448696 0.244174 0.0532755 0.0373026
0.000490805 5.2324 5.68005 4.78475 2.46699 2.71078 2.2232 4.62939 0.447651 0.243792 0.0531948 0.037053
0.000504697 5.2007 5.64731 4.75409 2.45216 2.69557 2.20875 4.59255 0.446605 0.24341 0.0531171 0.0368048
0.000518981 5.16915 5.61471 4.7236 2.43741 2.68043 2.19438 4.55592 0.445559 0.243029 0.0530423 0.0365579
0.00053367 5.13777 5.58228 4.69326 2.42273 2.66538 2.18008 4.51949 0.444513 0.242649 0.0529703 0.0363123
0.000548775 5.10654 5.55 4.66307 2.40813 2.6504 2.16586 4.48328 0.443467 0.24227 0.0529012 0.0360679
0.000564307 5.07547 5.51788 4.63305 2.3936 2.63549 2.15171 4.44728 0.442419 0.241891 0.0528351 0.0358248
0.000580278 5.04454 5.48591 4.60317 2.37915 2.62066 2.13764 4.41149 0.441372 0.241512 0.0527718 0.035583
0.000596702 5.01378 5.4541 4.57346 2.36477 2.60591 2.12364 4.37591 0.440323 0.241135 0.0527115 0.0353425
0.000613591 4.98317 5.42244 4.54389 2.35047 2.59123 2.10971 4.34053 0.439274 0.240758 0.0526541 0.0351032
0.000630957 4.9527 5.39093 4.51448 2.33624 2.57662 2.09586 4.30536 0.438224 0.240382 0.0525995 0.0348652
0.000648815 4.9224 5.35957 4.48522 2.32209 2.56209 2.08208 4.27039 0.437173 0.240006 0.052548 0.0346285
0.000667179 4.89224 5.32836 4.45612 2.308 2.54764 2.06837 4.23563 0.436121 0.23963 0.0524993 0.034393
0.000686062 4.86223 5.2973 4.42716 2.294 2.53325 2.05474 4.20107 0.435068 0.239256 0.0524535 0.0341588
0.00070548 4.83238 5.26639 4.39836 2.28006 2.51894 2.04118 4.16671 0.434014 0.238881 0.0524107 0.0339258
0.000725448 4.80267 5.23563 4.36971 2.2662 2.50471 2.02769 4.13255 0.432959 0.238508 0.0523708 0.0336941
0.00074598 4.77311 5.20501 4.3412 2.25241 2.49054 2.01427 4.0986 0.431902 0.238134 0.0523338 0.0334635
0.000767094 4.7437 5.17454 4.31285 2.23869 2.47645 2.00093 4.06484 0.430844 0.237761 0.0522997 0.0332343
0.000788805 4.71443 5.14422 4.28465 2.22505 2.46244 1.98766 4.03128 0.429785 0.237389 0.0522686 0.0330063
0.000811131 4.68532 5.11404 4.25659 2.21147 2.44849 1.97445 3.99793 0.428724 0.237017 0.0522404 0.0327794
0.000834088 4.65635 5.08401 4.22868 2.19797 2.43461 1.96132 3.96476 0.427661 0.236645 0.0522151 0.0325538
0.000857696 4.62752 5.05412 4.20092 2.18454 2.42081 1.94826 3.9318 0.426597 0.236273 0.0521927 0.0323295
0.000881971 4.59884 5.02437 4.17331 2.17117 2.40708 1.93527 3.89903 0.42553 0.235902 0.0521733 0.0321063
0.000906934 4.5703 4.99476 4.14584 2.15788 2.39341 1.92235 3.86645 0.424462 0.235531 0.0521568 0.0318843
0.000932603 4.54191 4.9653 4.11852 2.14466 2.37982 1.9095 3.83407 0.423392 0.23516 0.0521432 0.0316636
0.000958999 4.51365 4.93597 4.09134 2.13151 2.3663 1.89672 3.80188 0.422319 0.23479 0.0521325 0.031444
0.000986142 4.48555 4.90679 4.0643 2.11843 2.35285 1.88401 3.76989 0.421244 0.234419 0.0521247 0.0312257
0.00101405 4.45758 4.87775 4.03742 2.10541 2.33946 1.87136 3.73808 0.420167 0.234049 0.0521198 0.0310085
0.00104275 4.42976 4.84884 4.01067 2.09247 2.32615 1.85879 3.70647 0.419087 0.233679 0.0521179 0.0307925
0.00107227 4.40207 4.82007 3.98406 2.0796 2.3129 1.84629 3.67504 0.418004 0.233309 0.0521188 0.0305777
0.00110262 4.37452 4.79144 3.9576 2.06678 2.29972 1.83385 3.64381 0.416919 0.232939 0.0521226 0.0303641
0.00113382 4.34711 4.76295 3.93128 2.05405 2.28662 1.82148 3.61276 0.415831 0.232569 0.0521293 0.0301517
0.00116591 4.31984 4.73458 3.9051 2.04138 2.27358 1.80918 3.5819 0.41474 0.232199 0.0521389 0.0299404
0.00119891 4.29271 4.70635 3.87906 2.02877 2.2606 1.79694 3.55123 0.413646 0.231829 0.0521513 0.0297303
0.00123285 4.26571 4.67826 3.85316 2.01624 2.24769 1.78478 3.52074 0.412549 0.231459 0.0521666 0.0295213
0.00126774 4.23886 4.6503 3.82741 2.00377 2.23486 1.77268 3.49044 0.411448 0.231088 0.0521848 0.0293136
0.00130362 4.21213 4.62248 3.80179 1.99136 2.22208 1.76065 3.46032 0.410344 0.230718 0.0522057 0.0291069
0.00134052 4.18555 4.59478 3.77631 1.97903 2.20937 1.74868 3.43039 0.409236 0.230347 0.0522295 0.0289014
0.00137846 4.15909 4.56722 3.75097 1.96676 2.19673 1.73678 3.40064 0.408124 0.229976 0.0522562 0.0286971
0.00141747 4.13277 4.53978 3.72577 1.95455 2.18416 1.72495 3.37107 0.407009 0.229605 0.0522856 0.0284939
0.00145759 4.10659 4.51247 3.7007 1.94241 2.17165 1.71318 3.34168 0.405889 0.229233 0.0523178 0.0282918
0.00149885 4.08053 4.4853 3.67577 1.93034 2.1592 1.70148 3.31248 0.404766 0.228861 0.0523527 0.0280908
0.00154127 4.05461 4.45825 3.65097 1.91833 2.14682 1.68984 3.28345 0.403638 0.228489 0.0523905 0.027891
0.00158489 4.02882 4.43132 3.62631 1.90639 2.1345 1.67827 3.2546 0.402505 0.228116 0.0524309 0.0276923
0.00162975 4.00316 4.40453 3.60179 1.89451 2.12225 1.66677 3.22593 0.401368 0.227743 0.0524741 0.0274947
0.00167588 3.97763 4.37786 3.5774 1.88269 2.11006 1.65533 3.19744 0.400226 0.227369 0.05252 0.0272982
0.00172331 3.95223 4.35131 3.55315 1.87095 2.09794 1.64395 3.16913 0.399079 0.226994 0.0525685 0.0271028
0.00177209 3.92696 4.32488 3.52903 1.85926 2.08588 1.63264 3.14099 0.397927 0.226619 0.0526197 0.0269086
0.00182224 3.90181 4.29858 3.50504 1.84764 2.07388 1.62139 3.11303 0.39677 0.226243 0.0526736 0.0267154
0.00187382 3.87679 4.2724 3.48119 1.83608 2.06194 1.61021 3.08524 0.395608 0.225867 0.05273 0.0265233
0.00192685 3.8519 4.24634 3.45746 1.82458 2.05007 1.59909 3.05763 0.39444 0.225489 0.052789 0.0263323
0.00198139 3.82714 4.2204 3.43387 1.81314 2.03826 1.58803 3.03019 0.393266 0.225111 0.0528506 0.0261424
0.00203747 3.8025 4.19459 3.41041 1.80177 2.0265 1.57704 3.00292 0.392086 0.224732 0.0529147 0.0259536
0.00209514 3.77799 4.16889 3.38709 1.79046 2.01481 1.56611 2.97583 0.3909 0.224352 0.0529813 0.0257658
0.00215443 3.7536 4.1433 3.36389 1.77921 2.00319 1.55524 2.94891 0.389708 0.223971 0.0530503 0.0255791
0.00221541 3.72933 4.11784 3.34082 1.76803 1.99162 1.54444 2.92215 0.388509 0.223589 0.0531218 0.0253934
0.00227812 3.70519 4.09249 3.31789 1.7569 1.98011 1.5337 2.89557 0.387304 0.223206 0.0531956 0.0252088
0.00234259 3.68117 4.06726 3.29508 1.74584 1.96866 1.52302 2.86916 0.386091 0.222822 0.0532718 0.0250253
0.0024089 3.65727 4.04214 3.2724 1.73484 1.95727 1.5124 2.84292 0.384872 0.222436 0.0533503 0.0248428
0.00247708 3.63349 4.01714 3.24985 1.7239 1.94595 1.50185 2.81684 0.383646 0.222049 0.0534312 0.0246614
0.00254719 3.60984 3.99225 3.22742 1.71302 1.93468 1.49135 2.79093 0.382412 0.221661 0.0535142 0.0244809
0.00261928 3.5863 3.96747 3.20513 1.70219 1.92347 1.48092 2.76519 0.38117 0.221271 0.0535994 0.0243015
0.00269341 3.56288 3.9428 3.18296 1.69143 1.91231 1.47055 2.73962 0.379921 0.22088 0.0536867 0.0241232
0.00276965 3.53958 3.91825 3.16092 1.68073 1.90122 1.46024 2.71421 0.378663 0.220487 0.0537762 0.0239458
0.00284804 3.5164 3.8938 3.13901 1.67009 1.89018 1.45 2.68897 0.377397 0.220093 0.0538677 0.0237695
0.00292864 3.49334 3.86946 3.11722 1.65951 1.8792 1.43981 2.66389 0.376123 0.219697 0.0539611 0.0235942
0.00301153 3.47039 3.84523 3.09555 1.64898 1.86828 1.42968 2.63897 0.37484 0.219299 0.0540565 0.0234198
0.00309677 3.44756 3.82111 3.07402 1.63852 1.85742 1.41962 2.61422 0.373548 0.218899 0.0541538 0.0232465
0.00318442 3.42485 3.7971 3.0526 1.62811 1.84661 1.40961 2.58963 0.372247 0.218498 0.0542529 0.0230742
0.00327455 3.40225 3.77319 3.03131 1.61776 1.83585 1.39967 2.5652 0.370937 0.218094 0.0543537 0.0229028
0.00336723 3.37976 3.74938 3.01015 1.60747 1.82516 1.38978 2.54094 0.369616 0.217688 0.0544562 0.0227324
0.00346253 3.35739 3.72568 2.98911 1.59724 1.81452 1.37996 2.51683 0.368287 0.217281 0.0545604 0.022563
0.00356053 3.33514 3.70208 2.96819 1.58706 1.80393 1.37019 2.49289 0.366947 0.216871 0.0546661 0.0223945
0.00366131 3.31299 3.67858 2.94739 1.57694 1.7934 1.36048 2.4691 0.365596 0.216458 0.0547732 0.022227
0.00376494 3.29095 3.65519 2.92672 1.56688 1.78292 1.35084 2.44547 0.364235 0.216044 0.0548818 0.0220605
0.0038715 3.26903 3.63189 2.90617 1.55687 1.7725 1.34125 2.422 0.362863 0.215626 0.0549917 0.0218949
0.00398107 3.24722 3.6087 2.88574 1.54692 1.76213 1.33172 2.39869 0.361481 0.215207 0.0551028 0.0217302
0.00409375 3.22551 3.5856 2.86543 1.53703 1.75182 1.32225 2.37554 0.360086 0.214784 0.0552151 0.0215665
0.00420962 3.20392 3.5626 2.84524 1.52719 1.74155 1.31284 2.35254 0.358681 0.214359 0.0553284 0.0214037
0.00432876 3.18244 3.5397 2.82518 1.51741 1.73134 1.30348 2.3297 0.357263 0.213931 0.0554427 0.0212418
0.00445128 3.16106 3.5169 2.80523 1.50769 1.72119 1.29419 2.30702 0.355833 0.2135 0.0555579 0.0210809
0.00457727 3.13979 3.49418 2.7854 1.49802 1.71108 1.28495 2.28449 0.354391 0.213066 0.0556739 0.0209208
0.00470682 3.11863 3.47157 2.76569 1.4884 1.70103 1.27577 2.26211 0.352936 0.212629 0.0557906 0.0207616
0.00484003 3.09758 3.44904 2.74611 1.47884 1.69103 1.26665 2.23989 0.351469 0.212189 0.0559078 0.0206034
0.00497702 3.07663 3.42662 2.72664 1.46933 1.68107 1.25758 2.21782 0.349988 0.211745 0.0560255 0.020446
0.00511789 3.05578 3.40428 2.70729 1.45988 1.67117 1.24858 2.19591 0.348493 0.211298 0.0561436 0.0202895
0.00526274 3.03504 3.38203 2.68806 1.45048 1.66132 1.23963 2.17415 0.346985 0.210847 0.0562619 0.0201338
0.0054117 3.01441 3.35987 2.66894 1.44113 1.65152 1.23074 2.15253 0.345463 0.210392 0.0563804 0.019979
0.00556486 2.99387 3.3378 2.64995 1.43184 1.64177 1.2219 2.13107 0.343927 0.209934 0.0564988 0.0198251
0.00572237 2.97344 3.31582 2.63107 1.4226 1.63207 1.21313 2.10976 0.342376 0.209472 0.0566172 0.019672
0.00588433 2.95311 3.29392 2.6123 1.41341 1.62242 1.20441 2.0886 0.34081 0.209006 0.0567352 0.0195198
0.00605088 2.93289 3.27211 2.59366 1.40428 1.61281 1.19574 2.06759 0.339229 0.208536 0.0568529 0.0193684
0.00622213 2.91276 3.25039 2.57513 1.39519 1.60326 1.18713 2.04673 0.337632 0.208061 0.0569701 0.0192178
0.00639824 2.89274 3.22876 2.55672 1.38616 1.59375 1.17858 2.02602 0.33602 0.207582 0.0570866 0.019068
0.00657933 2.87281 3.2072 2.53842 1.37719 1.58428 1.17009 2.00546 0.334391 0.207099 0.0572023 0.018919
0.00676555 2.85298 3.18573 2.52024 1.36826 1.57487 1.16165 1.98504 0.332747 0.20661 0.057317 0.0187708
0.00695704 2.83325 3.16434 2.50217 1.35938 1.5655 1.15326 1.96477 0.331085 0.206118 0.0574306 0.0186235
0.00715394 2.81363 3.14303 2.48422 1.35056 1.55618 1.14494 1.94465 0.329407 0.20562 0.0575429 0.0184769
0.00735642 2.79409 3.12181 2.46638 1.34178 1.5469 1.13667 1.92467 0.327712 0.205117 0.0576538 0.018331
0.00756463 2.77466 3.10066 2.44866 1.33306 1.53767 1.12845 1.90484 0.325999 0.204609 0.057763 0.018186
0.00777874 2.75532 3.07958 2.43105 1.32438 1.52848 1.12029 1.88515 0.324268 0.204095 0.0578705 0.0180416
0.0079989 2.73607 3.05859 2.41355 1.31576 1.51933 1.11218 1.86561 0.322519 0.203576 0.057976 0.0178981
0.0082253 2.71692 3.03767 2.39617 1.30718 1.51024 1.10413 1.84621 0.320752 0.203052 0.0580794 0.0177553
0.0084581 2.69787 3.01684 2.3789 1.29866 1.50118 1.09614 1.82695 0.318966 0.202522 0.0581804 0.0176132
0.00869749 2.67891 2.99607 2.36175 1.29018 1.49217 1.08819 1.80784 0.317161 0.201985 0.0582789 0.0174718
0.00894366 2.66004 2.97538 2.34471 1.28175 1.48319 1.08031 1.78887 0.315337 0.201443 0.0583747 0.0173311
0.00919679 2.64127 2.95476 2.32778 1.27337 1.47427 1.07248 1.77004 0.313493 0.200895 0.0584676 0.0171911
0.00945709 2.62259 2.93422 2.31096 1.26504 1.46538 1.0647 1.75135 0.31163 0.20034 0.0585574 0.0170518
0.00972476 2.604 2.91374 2.29425 1.25675 1.45653 1.05698 1.7328 0.309747 0.199778 0.0586438 0.0169132
0.01 2.5855 2.89334 2.27766 1.24852 1.44773 1.04931 1.71439 0.307843 0.19921 0.0587267 0.0167753
0.010283 2.5671 2.87301 2.26118 1.24032 1.43896 1.04169 1.69613 0.305918 0.198634 0.0588058 0.016638
0.0105741 2.54878 2.85275 2.2448 1.23218 1.43023 1.03413 1.678 0.303973 0.198052 0.058881 0.0165014
0.0108734 2.53055 2.83256 2.22855 1.22408 1.42155 1.02662 1.66001 0.302007 0.197462 0.0589519 0.0163654
0.0111811 2.51241 2.81243 2.21239 1.21603 1.4129 1.01917 1.64216 0.300019 0.196865 0.0590184 0.0162301
0.0114976 2.49436 2.79237 2.19635 1.20803 1.40429 1.01177 1.62444 0.298009 0.196261 0.0590803 0.0160954
0.011823 2.47641 2.77238 2.18043 1.20007 1.39571 1.00442 1.60686 0.295978 0.195648 0.0591372 0.0159613
0.0121576 2.45853 2.75246 2.16461 1.19215 1.38718 0.997122 1.58942 0.293925 0.195027 0.0591889 0.0158277
0.0125017 2.44075 2.73259 2.1489 1.18428 1.37868 0.98988 1.57211 0.291849 0.194399 0.0592353 0.0156948
0.0128556 2.42305 2.7128 2.1333 1.17645 1.37021 0.98269 1.55494 0.28975 0.193762 0.0592759 0.0155625
0.0132194 2.40544 2.69307 2.11781 1.16867 1.36178 0.975553 1.53791 0.287629 0.193116 0.0593107 0.0154307
0.0135936 2.38791 2.6734 2.10243 1.16093 1.35339 0.968468 1.521 0.285485 0.192461 0.0593393 0.0152995
0.0139783 2.37047 2.65379 2.08715 1.15323 1.34503 0.961435 1.50424 0.283318 0.191798 0.0593615 0.0151688
0.0143739 2.35312 2.63425 2.07199 1.14558 1.3367 0.954454 1.4876 0.281128 0.191125 0.059377 0.0150386
0.0147808 2.33585 2.61476 2.05694 1.13797 1.32841 0.947525 1.4711 0.278914 0.190443 0.0593855 0.014909
0.0151991 2.31867 2.59534 2.04199 1.1304 1.32015 0.940647 1.45472 0.276676 0.189751 0.0593868 0.0147799
0.0156293 2.30156 2.57598 2.02715 1.12287 1.31192 0.933821 1.43848 0.274415 0.189049 0.0593806 0.0146513
0.0160717 2.28455 2.55668 2.01242 1.11538 1.30372 0.927045 1.42237 0.27213 0.188337 0.0593666 0.0145232
0.0165265 2.26761 2.53743 1.99779 1.10794 1.29555 0.920321 1.40639 0.269821 0.187615 0.0593446 0.0143955
0.0169943 2.25076 2.51825 1.98327 1.10053 1.28741 0.913646 1.39054 0.267488 0.186883 0.0593142 0.0142684
0.0174753 2.23399 2.49912 1.96886 1.09316 1.2793 0.907023 1.37482 0.265131 0.18614 0.0592753 0.0141417
0.0179699 2.21731 2.48006 1.95456 1.08583 1.27122 0.900449 1.35922 0.262749 0.185385 0.0592274 0.0140154
0.0184785 2.2007 2.46105 1.94036 1.07855 1.26317 0.893925 1.34375 0.260344 0.18462 0.0591704 0.0138895
0.0190015 2.18418 2.4421 1.92627 1.07129 1.25514 0.887451 1.32841 0.257914 0.183843 0.0591039 0.0137641
0.0195393 2.16774 2.4232 1.91228 1.06408 1.24714 0.881026 1.3132 0.25546 0.183055 0.0590277 0.0136391
0.0200923 2.15138 2.40437 1.8984 1.0569 1.23916 0.87465 1.2981 0.252981 0.182254 0.0589415 0.0135145
0.020661 2.13511 2.38559 1.88463 1.04976 1.23121 0.868322 1.28314 0.250479 0.181442 0.058845 0.0133903
0.0212458 2.11891 2.36686 1.87096 1.04266 1.22328 0.862043 1.2683 0.247952 0.180617 0.0587379 0.0132664
0.0218471 2.1028 2.3482 1.85739 1.03559 1.21537 0.855812 1.25358 0.245402 0.179779 0.05862 0.0131429
0.0224655 2.08676 2.32959 1.84393 1.02856 1.20749 0.849628 1.23898 0.242828 0.178929 0.058491 0.0130198
0.0231013 2.07081 2.31103 1.83058 1.02156 1.19962 0.843492 1.2245 0.24023 0.178065 0.0583507 0.012897
0.0237551 2.05493 2.29254 1.81732 1.01459 1.19178 0.837402 1.21015 0.237608 0.177188 0.0581987 0.0127745
0.0244275 2.03914 2.2741 1.80417 1.00766 1.18395 0.831359 1.19591 0.234963 0.176298 0.0580348 0.0126524
0.0251189 2.02342 2.25572 1.79112 1.00075 1.17615 0.825362 1.18179 0.232295 0.175393 0.0578588 0.0125305
0.0258298 2.00779 2.23739 1.77818 0.993884 1.16836 0.819409 1.16779 0.229604 0.174475 0.0576703 0.0124089
0.0265609 1.99223 2.21912 1.76534 0.987044 1.16059 0.813503 1.15391 0.226891 0.173542 0.0574693 0.0122876
0.0273126 1.97676 2.20091 1.7526 0.980234 1.15283 0.80764 1.14015 0.224155 0.172594 0.0572553 0.0121666
0.0280857 1.96136 2.18275 1.73996 0.973453 1.14508 0.801821 1.1265 0.221398 0.171632 0.0570283 0.0120458
0.0288806 1.94604 2.16466 1.72742 0.9667 1.13735 0.796046 1.11296 0.218619 0.170654 0.056788 0.0119253
0.029698 1.9308 2.14662 1.71498 0.959975 1.12964 0.790313 1.09954 0.215819 0.169661 0.0565342 0.011805
0.0305386 1.91564 2.12864 1.70264 0.953276 1.12193 0.784623 1.08623 0.212998 0.168653 0.0562666 0.011685
0.0314029 1.90056 2.11072 1.69041 0.946602 1.11423 0.778974 1.07303 0.210158 0.167628 0.0559852 0.0115651
0.0322917 1.88556 2.09286 1.67826 0.939953 1.10654 0.773365 1.05995 0.207298 0.166588 0.0556896 0.0114454
0.0332057 1.87064 2.07506 1.66622 0.933328 1.09886 0.767797 1.04697 0.204418 0.165531 0.0553799 0.011326
0.0341455 1.8558 2.05732 1.65428 0.926725 1.09118 0.762268 1.0341 0.201521 0.164457 0.0550557 0.0112067
0.0351119 1.84103 2.03964 1.64243 0.920144 1.08351 0.756777 1.02134 0.198605 0.163367 0.0547171 0.0110875
0.0361057 1.82635 2.02202 1.63068 0.913583 1.07584 0.751324 1.00869 0.195673 0.162259 0.0543638 0.0109685
0.0371276 1.81174 2.00447 1.61902 0.907041 1.06818 0.745907 0.996137 0.192724 0.161134 0.0539958 0.0108497
0.0381784 1.79722 1.98698 1.60746 0.900518 1.06051 0.740526 0.983692 0.18976 0.159992 0.0536129 0.010731
0.039259 1.78277 1.96955 1.59599 0.894012 1.05284 0.73518 0.97135 0.186781 0.158832 0.0532152 0.0106124
0.0403702 1.7684 1.95219 1.58461 0.887521 1.04517 0.729868 0.959109 0.183788 0.157653 0.0528026 0.0104939
0.0415128 1.75411 1.93489 1.57333 0.881044 1.0375 0.724588 0.946968 0.180782 0.156457 0.0523749 0.0103756
0.0426877 1.7399 1.91766 1.56214 0.874581 1.02982 0.719339 0.934928 0.177763 0.155242 0.0519323 0.0102573
0.0438959 1.72577 1.9005 1.55103 0.868128 1.02214 0.71412 0.922985 0.174734 0.154008 0.0514748 0.0101391
0.0451383 1.71171 1.88341 1.54002 0.861686 1.01444 0.708931 0.911138 0.171695 0.152755 0.0510023 0.010021
0.0464159 1.69773 1.86638 1.52909 0.855252 1.00674 0.703768 0.899387 0.168646 0.151484 0.0505149 0.0099029
0.0477296 1.68384 1.84943 1.51825 0.848825 0.999018 0.698633 0.88773 0.165589 0.150193 0.0500127 0.0097849
0.0490805 1.67002 1.83255 1.50749 0.842404 0.991286 0.693521 0.876165 0.162525 0.148882 0.0494958 0.00966695
0.0504697 1.65628 1.81573 1.49682 0.835985 0.983538 0.688433 0.864692 0.159456 0.147552 0.0489644 0.00954903
0.0518981 1.64261 1.79899 1.48623 0.829569 0.975771 0.683366 0.853308 0.156382 0.146203 0.0484185 0.00943115
0.053367 1.62902 1.78233 1.47572 0.823152 0.967985 0.678319 0.842012 0.153305 0.144833 0.0478584 0.00931329
0.0548775 1.61552 1.76574 1.46529 0.816733 0.960177 0.67329 0.830803 0.150225 0.143444 0.0472843 0.00919545
0.0564307 1.60208 1.74923 1.45494 0.81031 0.952344 0.668276 0.81968 0.147145 0.142034 0.0466963 0.00907762
0.0580278 1.58872 1.73279 1.44466 0.803881 0.944485 0.663277 0.808639 0.144065 0.140604 0.0460947 0.0089598
0.0596702 1.57544 1.71642 1.43445 0.797443 0.936597 0.65829 0.797681 0.140987 0.139154 0.0454799 0.00884197
0.0613591 1.56223 1.70014 1.42431 0.790995 0.928678 0.653312 0.786803 0.137913 0.137683 0.0448521 0.00872414
0.0630957 1.54909 1.68393 1.41425 0.784534 0.920726 0.648342 0.776004 0.134843 0.136192 0.0442117 0.0086063
0.0648815 1.53602 1.6678 1.40424 0.778057 0.912737 0.643377 0.765281 0.13178 0.13468 0.043559 0.00848845
0.0667179 1.52303 1.65176 1.39431 0.771562 0.90471 0.638414 0.754634 0.128724 0.133148 0.0428944 0.00837058
0.0686062 1.51011 1.63579 1.38444 0.765047 0.896642 0.633452 0.744061 0.125677 0.131595 0.0422183 0.00825269
0.070548 1.49726 1.6199 1.37462 0.758509 0.888531 0.628487 0.73356 0.122641 0.130022 0.0415312 0.00813478
0.0725448 1.48447 1.60409 1.36485 0.751944 0.880372 0.623516 0.723128 0.119617 0.128428 0.0408335 0.00801684
0.074598 1.47175 1.58836 1.35515 0.745351 0.872165 0.618537 0.712765 0.116606 0.126814 0.0401257 0.00789888
0.0767094 1.4591 1.57271 1.34549 0.738725 0.863904 0.613547 0.702469 0.113611 0.125179 0.0394084 0.00778089
0.0788805 1.4465 1.55714 1.33587 0.732065 0.855589 0.608541 0.692237 0.110633 0.123524 0.0386821 0.00766288
0.0811131 1.43397 1.54164 1.3263 0.725367 0.847216 0.603517 0.682068 0.107674 0.121849 0.0379473 0.00754484
0.0834088 1.42149 1.52623 1.31676 0.718626 0.838781 0.598472 0.67196 0.104734 0.120154 0.0372046 0.00742679
0.0857696 1.40908 1.51089 1.30726 0.711841 0.830281 0.593401 0.661911 0.101816 0.11844 0.0364548 0.00730871
0.0881971 1.39671 1.49563 1.29778 0.705007 0.821713 0.588301 0.65192 0.0989208 0.116706 0.0356983 0.00719062
0.0906934 1.38439 1.48044 1.28833 0.698121 0.813073 0.583168 0.641984 0.0960505 0.114952 0.0349358 0.00707253
0.0932603 1.37211 1.46532 1.2789 0.691178 0.804358 0.577998 0.632102 0.0932066 0.11318 0.034168 0.00695443
0.0958999 1.35988 1.45027 1.26949 0.684176 0.795565 0.572787 0.622271 0.0903904 0.111389 0.0333957 0.00683633
0.0986142 1.34768 1.43529 1.26008 0.67711 0.78669 0.56753 0.61249 0.0876036 0.10958 0.0326194 0.00671825
0.101405 1.33553 1.42037 1.25068 0.669976 0.777728 0.562223 0.602758 0.0848477 0.107753 0.03184 0.00660019
0.104275 1.32339 1.40552 1.24127 0.662769 0.768677 0.556861 0.593071 0.0821242 0.105908 0.031058 0.00648216
0.107227 1.31129 1.39072 1.23185 0.655486 0.759532 0.551439 0.583429 0.0794343 0.104046 0.0302744 0.00636418
0.110262 1.2992 1.37598 1.22242 0.648121 0.750289 0.545953 0.57383 0.0767798 0.102168 0.0294898 0.00624625
0.113382 1.28712 1.36129 1.21296 0.640671 0.740945 0.540397 0.564271 0.0741619 0.100274 0.0287049 0.0061284
0.116591 1.27506 1.34664 1.20347 0.633131 0.731496 0.534766 0.554752 0.0715819 0.0983649 0.0279206 0.00601063
0.119891 1.26298 1.33203 1.19394 0.625495 0.721936 0.529055 0.545269 0.0690412 0.0964408 0.0271376 0.00589296
0.123285 1.25091 1.31745 1.18437 0.61776 0.712263 0.523257 0.535823 0.066541 0.0945027 0.0263567 0.00577542
0.126774 1.23882 1.3029 1.17474 0.60992 0.702472 0.517369 0.526411 0.0640826 0.0925513 0.0255786 0.00565801
0.130362 1.22671 1.28837 1.16504 0.60197 0.692558 0.511383 0.517031 0.0616672 0.0905874 0.024804 0.00554078
0.134052 1.21456 1.27386 1.15527 0.593906 0.682518 0.505294 0.507683 0.0592958 0.0886118 0.0240338 0.00542373
0.137846 1.20238 1.25935 1.14541 0.585722 0.672347 0.499096 0.498364 0.0569694 0.0866254 0.0232687 0.00530689
0.141747 1.19014 1.24483 1.13545 0.577413 0.662042 0.492784 0.489073 0.0546892 0.0846291 0.0225094 0.00519029
0.145759 1.17785 1.2303 1.12539 0.568974 0.651597 0.48635 0.47981 0.052456 0.0826239 0.0217566 0.00507395
0.149885 1.16548 1.21575 1.11521 0.5604 0.64101 0.479789 0.470573 0.0502708 0.0806109 0.0210111 0.00495791
0.154127 1.15303 1.20116 1.1049 0.551685 0.630276 0.473094 0.461361 0.0481342 0.078591 0.0202735 0.00484221
0.158489 1.14048 1.18653 1.09444 0.542826 0.619392 0.466261 0.452173 0.046047 0.0765654 0.0195445 0.00472686
0.162975 1.12783 1.17184 1.08382 0.533818 0.608353 0.459282 0.443008 0.04401 0.0745354 0.0188248 0.00461191
0.167588 1.11506 1.15708 1.07303 0.524655 0.597157 0.452153 0.433866 0.0420236 0.0725021 0.018115 0.0044974
0.172331 1.10215 1.14224 1.06206 0.515332 0.585799 0.444866 0.424746 0.0400884 0.0704668 0.0174157 0.00438336
0.177209 1.08909 1.12729 1.05088 0.505847 0.574278 0.437416 0.415648 0.0382049 0.0684308 0.0167275 0.00426984
0.182224 1.07586 1.11223 1.03949 0.496194 0.56259 0.429799 0.40657 0.0363733 0.0663956 0.016051 0.00415688
0.187382 1.06245 1.09705 1.02786 0.486371 0.550733 0.422008 0.397515 0.0345941 0.0643626 0.0153867 0.00404453
0.192685 1.04884 1.08171 1.01598 0.476373 0.538706 0.41404 0.38848 0.0328673 0.0623332 0.0147351 0.00393283
0.198139 1.03502 1.06621 1.00382 0.466198 0.526507 0.405889 0.379467 0.0311931 0.060309 0.0140967 0.00382182
0.203747 1.02096 1.05053 0.991384 0.455843 0.514134 0.397551 0.370477 0.0295717 0.0582915 0.0134718 0.00371158
0.209514 1.00664 1.03464 0.978635 0.445307 0.501589 0.389024 0.361509 0.0280029 0.0562824 0.012861 0.00360213
0.215443 0.992044 1.01853 0.965557 0.434588 0.488871 0.380305 0.352564 0.0264866 0.0542834 0.0122647 0.00349354
0.221541 0.977154 1.00218 0.952131 0.423687 0.475983 0.371391 0.343644 0.0250228 0.0522961 0.011683 0.00338587
0.227812 0.961946 0.985558 0.938335 0.412603 0.462925 0.362281 0.334751 0.0236111 0.0503223 0.0111164 0.00327917
0.234259 0.946398 0.968649 0.924147 0.401339 0.449703 0.352975 0.325884 0.0222512 0.0483638 0.0105651 0.0031735
0.24089 0.930486 0.951429 0.909544 0.389897 0.43632 0.343475 0.317046 0.0209427 0.0464223 0.0100294 0.00306891
0.247708 0.914187 0.933873 0.894502 0.378282 0.422782 0.333782 0.30824 0.0196853 0.0444996 0.00950942 0.00296547
0.254719 0.897476 0.915954 0.878998 0.366499 0.409096 0.323901 0.299466 0.0184783 0.0425978 0.00900538 0.00286324
0.261928 0.880325 0.897647 0.863004 0.354554 0.395273 0.313836 0.290728 0.0173211 0.0407185 0.00851739 0.00276226
0.269341 0.862708 0.878921 0.846494 0.342459 0.381322 0.303595 0.282027 0.0162132 0.0388637 0.00804554 0.00266259
0.276965 0.844589 0.859742 0.829435 0.330224 0.36726 0.293189 0.273368 0.0151537 0.0370353 0.00758989 0.00256428
0.284804 0.825926 0.840068 0.811784 0.317868 0.353103 0.282633 0.264753 0.014142 0.0352351 0.00715043 0.00246737
0.292864 0.806653 0.81983 0.793476 0.305413 0.338878 0.271948 0.256187 0.0131771 0.0334651 0.00672713 0.00237186
0.301153 0.786597 0.798855 0.774338 0.292904 0.324631 0.261176 0.247673 0.0122582 0.0317271 0.00631987 0.00227771
0.309677 0.76431 0.775694 0.752926 0.280586 0.310609 0.250563 0.239222 0.0113841 0.0300229 0.00592829 0.00218462
0.318442 0.743941 0.755004 0.732878 0.271575 0.30096 0.24219 0.236048 0.0110632 0.0293853 0.0057825 0.00214797
0.321833 0.73642 0.747172 0.725668 0.266879 0.295639 0.23812 0.232915 0.0107519 0.0287596 0.00564044 0.00211189
0.325224 0.728902 0.739352 0.718453 0.262225 0.29037 0.23408 0.229822 0.0104497 0.0281454 0.00550201 0.00207635
0.328614 0.721389 0.731545 0.711233 0.257612 0.285154 0.230069 0.226769 0.0101564 0.0275426 0.00536709 0.00204135
0.332005 0.713879 0.723751 0.704008 0.25304 0.279991 0.226089 0.223755 0.00987169 0.026951 0.00523559 0.00200689
0.335396 0.706374 0.715969 0.696778 0.24851 0.27488 0.222139 0.220779 0.00959529 0.0263705 0.00510741 0.00197294
0.338787 0.698871 0.708198 0.689545 0.244022 0.269822 0.218221 0.217841 0.00932693 0.0258007 0.00498246 0.0019395
0.342178 0.691373 0.70044 0.682307 0.239576 0.264818 0.214334 0.214939 0.00906634 0.0252416 0.00486063 0.00190657
0.345569 0.683879 0.692692 0.675066 0.235173 0.259866 0.21048 0.212074 0.00881327 0.024693 0.00474186 0.00187412
0.348959 0.676388 0.684956 0.667821 0.230812 0.254967 0.206658 0.209244 0.00856749 0.0241546 0.00462604 0.00184215
0.35235 0.668902 0.677231 0.660573 0.226495 0.250121 0.202869 0.206449 0.00832876 0.0236263 0.00451309 0.00181066
0.355741 0.66142 0.669517 0.653323 0.222221 0.245329 0.199113 0.203687 0.00809686 0.023108 0.00440295 0.00177963
0.359132 0.653943 0.661814 0.646071 0.21799 0.240589 0.195391 0.20096 0.00787157 0.0225993 0.00429552 0.00174905
0.362523 0.64647 0.654123 0.638817 0.213803 0.235903 0.191703 0.198265 0.00765269 0.0221003 0.00419073 0.00171893
0.365914 0.639003 0.646443 0.631563 0.20966 0.23127 0.188049 0.195603 0.00744 0.0216107 0.00408851 0.00168924
0.369305 0.631542 0.638775 0.624308 0.20556 0.226691 0.18443 0.192973 0.00723333 0.0211303 0.00398879 0.00165998
0.372695 0.624086 0.631118 0.617053 0.201505 0.222164 0.180846 0.190374 0.00703248 0.0206591 0.0038915 0.00163114
0.376086 0.616637 0.623474 0.6098 0.197495 0.217692 0.177298 0.187805 0.00683727 0.0201967 0.00379657 0.00160272
0.379477 0.609195 0.615842 0.602547 0.193529 0.213272 0.173786 0.185267 0.00664753 0.0197432 0.00370394 0.00157471
0.382868 0.60176 0.608223 0.595297 0.189608 0.208906 0.17031 0.182758 0.00646308 0.0192983 0.00361355 0.0015471
0.386259 0.594334 0.600617 0.58805 0.185732 0.204594 0.16687 0.180278 0.00628378 0.0188619 0.00352534 0.00151988
0.38965 0.586915 0.593025 0.580806 0.181901 0.200335 0.163467 0.177827 0.00610946 0.0184338 0.00343924 0.00149306
0.39304 0.579506 0.585446 0.573567 0.178115 0.196129 0.160101 0.175404 0.00593997 0.018014 0.0033552 0.00146661
0.396431 0.572107 0.577883 0.566332 0.174375 0.191977 0.156773 0.173009 0.00577517 0.0176022 0.00327317 0.00144054
0.399822 0.564719 0.570334 0.559104 0.17068 0.187878 0.153482 0.170641 0.00561491 0.0171983 0.0031931 0.00141484
0.403213 0.557341 0.5628 0.551882 0.167031 0.183833 0.150229 0.1683 0.00545906 0.0168022 0.00311492 0.0013895
0.406604 0.549975 0.555283 0.544668 0.163428 0.179842 0.147014 0.165985 0.00530749 0.0164138 0.0030386 0.00136451
0.409995 0.542622 0.547782 0.537462 0.159871 0.175904 0.143838 0.163695 0.00516006 0.0160329 0.00296408 0.00133988
0.413385 0.535282 0.540299 0.530266 0.15636 0.172019 0.1407 0.161431 0.00501667 0.0156594 0.00289131 0.0013156
0.416776 0.527957 0.532834 0.523079 0.152895 0.168188 0.137602 0.159192 0.00487718 0.0152931 0.00282026 0.00129165
0.420167 0.520646 0.525387 0.515904 0.149476 0.16441 0.134542 0.156978 0.00474149 0.0149341 0.00275087 0.00126804
0.423558 0.513351 0.517961 0.508742 0.146103 0.160685 0.131521 0.154788 0.00460948 0.014582 0.0026831 0.00124476
0.426949 0.506073 0.510554 0.501592 0.142776 0.157013 0.128539 0.152621 0.00448104 0.0142368 0.00261692 0.00122181
0.43034 0.498812 0.503168 0.494456 0.139496 0.153395 0.125598 0.150478 0.00435608 0.0138985 0.00255227 0.00119917
0.43373 0.491569 0.495804 0.487335 0.136262 0.149829 0.122695 0.148358 0.00423449 0.0135668 0.00248913 0.00117685
0.437121 0.484346 0.488462 0.48023 0.133074 0.146316 0.119833 0.146261 0.00411617 0.0132416 0.00242745 0.00115485
0.440512 0.477143 0.481144 0.473142 0.129933 0.142856 0.11701 0.144185 0.00400104 0.012923 0.0023672 0.00113314
0.443903 0.469961 0.47385 0.466072 0.126838 0.139448 0.114227 0.142132 0.00388899 0.0126106 0.00230834 0.00111174
0.447294 0.462802 0.466582 0.459022 0.123789 0.136093 0.111484 0.1401 0.00377995 0.0123045 0.00225083 0.00109064
0.450685 0.455665 0.459339 0.451991 0.120786 0.132791 0.108782 0.13809 0.00367382 0.0120045 0.00219465 0.00106983
0.454075 0.448553 0.452123 0.444982 0.11783 0.12954 0.106119 0.1361 0.00357053 0.0117105 0.00213975 0.00104931
0.457466 0.441465 0.444935 0.437995 0.114919 0.126341 0.103497 0.134131 0.00346999 0.0114224 0.00208612 0.00102908
0.460857 0.434404 0.437776 0.431032 0.112055 0.123195 0.100915 0.132182 0.00337213 0.0111402 0.00203371 0.00100913
0.464248 0.42737 0.430647 0.424093 0.109236 0.1201 0.0983723 0.130254 0.00327687 0.0108636 0.00198249 0.000989452
0.467639 0.420364 0.423548 0.41718 0.106463 0.117056 0.0958704 0.128344 0.00318414 0.0105927 0.00193245 0.000970052
0.47103 0.413388 0.416482 0.410294 0.103736 0.114063 0.0934086 0.126455 0.00309387 0.0103273 0.00188354 0.000950924
0.47442 0.406442 0.409448 0.403436 0.101054 0.111121 0.0909868 0.124584 0.00300599 0.0100674 0.00183575 0.000932063
0.477811 0.399527 0.402448 0.396607 0.0984179 0.108231 0.0886052 0.122732 0.00292043 0.00981271 0.00178904 0.000913467
0.481202 0.392645 0.395482 0.389808 0.095827 0.10539 0.0862637 0.120899 0.00283714 0.00956331 0.00174339 0.000895132
0.484593 0.385797 0.388553 0.383041 0.093281 0.1026 0.0839619 0.119084 0.00275605 0.00931906 0.00169878 0.000877055
0.487984 0.378983 0.38166 0.376306 0.0907798 0.0998597 0.0816999 0.117287 0.0026771 0.00907987 0.00165517 0.000859232
0.491375 0.372205 0.374806 0.369605 0.0883232 0.0971688 0.0794775 0.115508 0.00260023 0.00884566 0.00161256 0.000841662
0.494765 0.365464 0.36799 0.362939 0.0859111 0.0945274 0.0772947 0.113746 0.00252539 0.00861634 0.0015709 0.00082434
0.498156 0.358762 0.361214 0.356309 0.0835433 0.0919352 0.0751515 0.112002 0.00245251 0.00839182 0.00153019 0.000807265
0.501547 0.352098 0.35448 0.349717 0.0812197 0.0893917 0.0730476 0.110275 0.00238156 0.00817203 0.00149039 0.000790433
0.504938 0.345475 0.347788 0.343163 0.0789395 0.0868964 0.0709826 0.108564 0.00231247 0.00795688 0.0014515 0.000773841
0.508329 0.338893 0.341138 0.336648 0.076703 0.0844493 0.0689567 0.106871 0.0022452 0.00774629 0.00141348 0.000757488
0.51172 0.332354 0.334534 0.330174 0.0745098 0.08205 0.0669696 0.105193 0.00217969 0.00754018 0.00137632 0.00074137
0.51511 0.325859 0.327975 0.323743 0.0723594 0.0796979 0.0650209 0.103532 0.00211591 0.00733848 0.00133999 0.000725485
0.518501 0.319408 0.321462 0.317354 0.0702517 0.0773928 0.0631106 0.101888 0.0020538 0.0071411 0.00130449 0.000709831
0.521892 0.313004 0.314997 0.31101 0.0681863 0.0751343 0.0612384 0.100258 0.00199333 0.00694798 0.00126978 0.000694405
0.525283 0.306646 0.308581 0.304712 0.066163 0.0729221 0.059404 0.0986452 0.00193444 0.00675903 0.00123586 0.000679205
0.528674 0.300337 0.302214 0.29846 0.0641815 0.0707557 0.0576073 0.0970474 0.0018771 0.00657419 0.00120271 0.000664228
0.532065 0.294077 0.295898 0.292256 0.0622413 0.0686347 0.0558479 0.0954649 0.00182127 0.00639339 0.0011703 0.000649473
0.535455 0.287868 0.289634 0.286101 0.0603421 0.0665587 0.0541256 0.0938977 0.00176691 0.00621655 0.00113862 0.000634938
0.538846 0.28171 0.283424 0.279996 0.0584836 0.0645272 0.05244 0.0923455 0.00171398 0.0060436 0.00110766 0.000620619
0.542237 0.275604 0.277267 0.273942 0.0566655 0.06254 0.050791 0.0908081 0.00166244 0.00587447 0.00107741 0.000606516
0.545628 0.269553 0.271165 0.267941 0.0548873 0.0605964 0.0491782 0.0892855 0.00161225 0.00570911 0.00104783 0.000592626
0.549019 0.263556 0.265119 0.261993 0.0531486 0.0586961 0.0476012 0.0877776 0.00156339 0.00554743 0.00101893 0.000578947
0.55241 0.257615 0.259131 0.2561 0.0514492 0.0568386 0.0460598 0.0862841 0.00151582 0.00538939 0.000990683 0.000565477
0.5558 0.251731 0.253201 0.250262 0.0497885 0.0550234 0.0445536 0.0848049 0.0014695 0.0052349 0.000963078 0.000552215
0.559191 0.245905 0.24733 0.244481 0.0481661 0.05325 0.0430822 0.08334 0.00142441 0.00508392 0.000936102 0.000539158
0.562582 0.240138 0.241519 0.238758 0.0465817 0.0515181 0.0416454 0.0818892 0.00138051 0.00493637 0.000909742 0.000526305
0.565973 0.234431 0.235769 0.233093 0.0450348 0.049827 0.0402426 0.0804524 0.00133778 0.0047922 0.000883984 0.000513654
0.569364 0.228785 0.230081 0.227489 0.043525 0.0481764 0.0388737 0.0790295 0.00129617 0.00465134 0.000858816 0.000501203
0.572755 0.223201 0.224456 0.221945 0.0420519 0.0465656 0.0375382 0.0776204 0.00125568 0.00451374 0.000834225 0.00048895
0.576146 0.217679 0.218896 0.216463 0.040615 0.0449943 0.0362356 0.076225 0.00121626 0.00437934 0.0008102 0.000476895
0.579536 0.212222 0.2134 0.211044 0.0392138 0.0434619 0.0349657 0.0748432 0.00117789 0.00424808 0.00078673 0.000465034
0.582927 0.206829 0.20797 0.205689 0.0378479 0.0419678 0.033728 0.073475 0.00114054 0.0041199 0.000763801 0.000453367
0.586318 0.201502 0.202606 0.200398 0.0365168 0.0405116 0.0325221 0.0721202 0.0011042 0.00399475 0.000741405 0.000441892
0.589709 0.196241 0.19731 0.195173 0.0352201 0.0390927 0.0313475 0.0707787 0.00106883 0.00387257 0.00071953 0.000430607
0.5931 0.191048 0.192082 0.190013 0.0339573 0.0377106 0.0302039 0.0694506 0.00103441 0.00375331 0.000698164 0.000419511
0.596491 0.185923 0.186924 0.184922 0.0327278 0.0363647 0.0290909 0.0681357 0.00100091 0.00363692 0.000677299 0.000408602
0.599881 0.180866 0.181835 0.179898 0.0315313 0.0350546 0.0280079 0.066834 0.000968323 0.00352334 0.000656924 0.000397879
0.603272 0.17588 0.176816 0.174943 0.0303672 0.0337797 0.0269547 0.0655455 0.000936616 0.00341252 0.000637029 0.000387339
0.606663 0.170964 0.171869 0.170058 0.029235 0.0325394 0.0259306 0.0642699 0.00090577 0.00330441 0.000617605 0.000376983
0.610054 0.166118 0.166994 0.165243 0.0281343 0.0313332 0.0249353 0.0630075 0.000875764 0.00319896 0.000598643 0.000366807
0.613445 0.161345 0.162192 0.160499 0.0270645 0.0301606 0.0239684 0.0617579 0.000846577 0.00309613 0.000580132 0.000356812
0.616836 0.156644 0.157463 0.155826 0.0260252 0.029021 0.0230293 0.0605213 0.000818189 0.00299585 0.000562066 0.000346994
0.620226 0.152016 0.152807 0.151226 0.0250157 0.0279138 0.0221176 0.0592976 0.000790582 0.0028981 0.000544433 0.000337354
0.623617 0.147462 0.148226 0.146699 0.0240357 0.0268385 0.0212329 0.0580868 0.000763736 0.00280281 0.000527228 0.000327888
0.627008 0.142982 0.14372 0.142245 0.0230846 0.0257945 0.0203746 0.0568888 0.000737634 0.00270994 0.00051044 0.000318597
0.630399 0.138577 0.139289 0.137865 0.0221619 0.0247813 0.0195425 0.0557036 0.000712256 0.00261944 0.000494062 0.000309478
0.63379 0.134247 0.134934 0.133559 0.0212671 0.0237983 0.0187358 0.0545311 0.000687586 0.00253128 0.000478086 0.00030053
0.637181 0.129992 0.130656 0.129328 0.0203996 0.022845 0.0179542 0.0533715 0.000663608 0.0024454 0.000462504 0.000291752
0.640571 0.125813 0.126454 0.125173 0.019559 0.0219208 0.0171973 0.0522245 0.000640303 0.00236177 0.000447309 0.000283142
0.643962 0.121711 0.122328 0.121093 0.0187448 0.0210251 0.0164645 0.0510903 0.000617657 0.00228033 0.000432493 0.000274699
0.647353 0.117685 0.118281 0.117089 0.0179564 0.0201574 0.0157553 0.0499688 0.000595653 0.00220105 0.000418049 0.000266421
0.650744 0.113736 0.114311 0.113162 0.0171933 0.0193172 0.0150694 0.04886 0.000574277 0.00212389 0.000403969 0.000258307
0.654135 0.109865 0.110418 0.109311 0.016455 0.0185038 0.0144062 0.0477638 0.000553512 0.0020488 0.000390248 0.000250356
0.657526 0.10607 0.106604 0.105537 0.015741 0.0177167 0.0137653 0.0466804 0.000533346 0.00197574 0.000376877 0.000242565
0.660916 0.102353 0.102867 0.10184 0.0150508 0.0169554 0.0131461 0.0456096 0.000513763 0.00190468 0.000363851 0.000234935
0.664307 0.098714 0.0992087 0.0982192 0.0143838 0.0162194 0.0125482 0.0445515 0.00049475 0.00183557 0.000351162 0.000227463
0.667698 0.0951526 0.0956289 0.0946763 0.0137396 0.015508 0.0119712 0.0435061 0.000476293 0.00176837 0.000338805 0.000220148
0.671089 0.0916686 0.092127 0.0912103 0.0131177 0.0148207 0.0114146 0.0424734 0.000458379 0.00170305 0.000326772 0.000212988
0.67448 0.0882625 0.0887035 0.0878215 0.0125174 0.014157 0.0108779 0.0414534 0.000440995 0.00163958 0.000315059 0.000205982
0.677871 0.0849338 0.0853579 0.0845097 0.0119385 0.0135164 0.0103606 0.040446 0.000424129 0.0015779 0.000303658 0.000199129
0.681261 0.0816827 0.0820904 0.0812749 0.0113803 0.0128983 0.00986231 0.0394513 0.000407768 0.00151799 0.000292564 0.000192427
0.684652 0.0785089 0.0789008 0.078117 0.0108424 0.0123022 0.00938255 0.0384694 0.000391901 0.00145981 0.00028177 0.000185875
0.688043 0.0754125 0.075789 0.075036 0.0103242 0.0117275 0.00892085 0.0375002 0.000376514 0.00140332 0.000271272 0.000179471
0.691434 0.0723927 0.0727543 0.0720311 0.00982525 0.0111737 0.00847676 0.0365437 0.000361598 0.00134849 0.000261063 0.000173213
0.694825 0.0694496 0.0697968 0.0691025 0.00934513 0.0106404 0.00804985 0.0355999 0.000347141 0.00129529 0.000251139 0.000167101
0.698216 0.0665831 0.0669162 0.0662499 0.00888334 0.010127 0.00763967 0.0346689 0.000333132 0.00124368 0.000241492 0.000161133
0.701606 0.0637922 0.0641118 0.0634727 0.00843936 0.00963297 0.00724574 0.0337506 0.00031956 0.00119362 0.000232119 0.000155307
0.704997 0.0610768 0.0613832 0.0607704 0.00801274 0.00915782 0.00686765 0.0328451 0.000306415 0.00114509 0.000223013 0.000149621
0.708388 0.0584365 0.0587301 0.0581428 0.00760303 0.00870108 0.00650499 0.0319524 0.000293687 0.00109805 0.00021417 0.000144075
0.711779 0.0558707 0.0561521 0.0555893 0.00720975 0.00826221 0.00615729 0.0310725 0.000281365 0.00105246 0.000205585 0.000138667
0.71517 0.0533789 0.0536484 0.0531095 0.00683243 0.00784074 0.00582412 0.0302054 0.00026944 0.00100831 0.000197252 0.000133395
0.718561 0.0509605 0.0512184 0.0507026 0.00647066 0.00743621 0.0055051 0.0293511 0.000257903 0.000965552 0.000189166 0.000128258
0.721951 0.0486148 0.0488616 0.0483681 0.00612395 0.00704812 0.00519979 0.0285097 0.000246743 0.000924161 0.000181323 0.000123253
0.725342 0.0463412 0.0465772 0.0461053 0.00579188 0.00667599 0.00490778 0.0276811 0.000235952 0.000884106 0.000173718 0.000118381
0.728733 0.0441389 0.0443644 0.0439134 0.00547402 0.00631938 0.00462867 0.0268653 0.000225521 0.000845356 0.000166346 0.000113638
0.732124 0.0420072 0.0422226 0.0417917 0.00516994 0.00597782 0.00436205 0.0260625 0.000215441 0.000807884 0.000159202 0.000109023
0.735515 0.0399452 0.0401509 0.0397395 0.00487921 0.00565087 0.00410755 0.0252725 0.000205703 0.000771658 0.000152282 0.000104535
0.738906 0.0379522 0.0381485 0.0377559 0.00460141 0.00533807 0.00386476 0.0244954 0.000196299 0.000736652 0.000145581 0.000100172
0.742296 0.0360272 0.0362144 0.03584 0.00433614 0.00503898 0.00363331 0.0237313 0.000187221 0.000702838 0.000139094 9.5933e-05
0.745687 0.0341693 0.0343478 0.0339909 0.004083 0.00475319 0.00341282 0.02298 0.000178461 0.000670186 0.000132818 9.18155e-05
0.749078 0.0323777 0.0325477 0.0322076 0.00384159 0.00448026 0.00320292 0.0222417 0.00017001 0.000638671 0.000126748 8.78181e-05
0.752469 0.0306512 0.030813 0.0304893 0.00361151 0.00421977 0.00300324 0.0215163 0.000161861 0.000608264 0.00012088 8.39392e-05
0.75586 0.0289888 0.0291428 0.0288348 0.00339238 0.00397132 0.00281344 0.0208038 0.000154006 0.000578941 0.000115208 8.01772e-05
0.759251 0.0273896 0.027536 0.0272432 0.00318383 0.00373451 0.00263316 0.0201042 0.000146438 0.000550674 0.00010973 7.65302e-05
0.762641 0.0258524 0.0259915 0.0257132 0.00298549 0.00350893 0.00246205 0.0194176 0.000139149 0.000523438 0.000104441 7.29966e-05
0.766032 0.024376 0.0245082 0.0242439 0.002797 0.0032942 0.00229979 0.0187439 0.000132133 0.000497207 9.93369e-05 6.95748e-05
0.769423 0.0229595 0.0230849 0.0228341 0.00261799 0.00308995 0.00214603 0.0180831 0.000125381 0.000471957 9.44135e-05 6.62628e-05
0.772814 0.0216015 0.0217204 0.0214826 0.00244813 0.00289579 0.00200046 0.0174353 0.000118888 0.000447663 8.96668e-05 6.30592e-05
0.776205 0.0203009 0.0204136 0.0201883 0.00228707 0.00271137 0.00186276 0.0168003 0.000112647 0.000424301 8.5093e-05 5.9962e-05
0.779596 0.0190565 0.0191631 0.0189498 0.00213447 0.00253632 0.00173263 0.0161783 0.00010665 0.000401846 8.06881e-05 5.69695e-05
0.782986 0.017867 0.0179679 0.0177661 0.00199002 0.00237029 0.00160974 0.0155692 0.000100892 0.000380276 7.64482e-05 5.40799e-05
0.786377 0.0167311 0.0168265 0.0166358 0.00185339 0.00221295 0.00149382 0.0149729 9.53648e-05 0.000359566 7.23696e-05 5.12915e-05
0.789768 0.0156477 0.0157377 0.0155576 0.00172427 0.00206396 0.00138457 0.0143896 9.00634e-05 0.000339695 6.84484e-05 4.86025e-05
0.793159 0.0146152 0.0147002 0.0145303 0.00160235 0.00192299 0.00128171 0.013819 8.49814e-05 0.00032064 6.46808e-05 4.6011e-05
0.79655 0.0136326 0.0137127 0.0135525 0.00148735 0.00178972 0.00118497 0.0132613 8.01125e-05 0.000302378 6.10632e-05 4.35154e-05
0.799941 0.0126983 0.0127738 0.0126229 0.00137896 0.00166385 0.00109407 0.0127164 7.54508e-05 0.000284889 5.7592e-05 4.11136e-05
0.803332 0.0118112 0.0118821 0.0117402 0.00127691 0.00154506 0.00100876 0.0121843 7.09903e-05 0.000268149 5.42634e-05 3.8804e-05
0.806722 0.0109697 0.0110364 0.010903 0.00118093 0.00143306 0.000928788 0.0116649 6.67255e-05 0.000252138 5.10739e-05 3.65847e-05
0.810113 0.0101726 0.0102353 0.01011 0.00109074 0.00132757 0.000853901 0.0111582 6.26504e-05 0.000236836 4.802e-05 3.44538e-05
0.813504 0.00941855 0.00947731 0.00935979 0.00100608 0.0012283 0.00078386 0.0106641 5.87596e-05 0.000222221 4.5098e-05 3.24095e-05
0.816895 0.00870612 0.00876117 0.00865107 0.000926707 0.00113498 0.000718433 0.0101827 5.50477e-05 0.000208274 4.23047e-05 3.045e-05
0.820286 0.00803392 0.00808543 0.00798241 0.000852371 0.00104735 0.000657396 0.00971392 5.15091e-05 0.000194975 3.96364e-05 2.85734e-05
0.823677 0.0074006 0.00744874 0.00735246 0.00078283 0.000965133 0.000600526 0.00925765 4.81386e-05 0.000182303 3.70898e-05 2.67777e-05
0.827067 0.0068048 0.00684974 0.00675987 0.000717856 0.000888097 0.000547615 0.00881386 4.4931e-05 0.000170241 3.46615e-05 2.50613e-05
0.830458 0.00624514 0.00628703 0.00620326 0.000657224 0.000815992 0.000498457 0.0083825 4.18811e-05 0.000158768 3.23482e-05 2.34221e-05
0.833849 0.00572027 0.00575926 0.00568129 0.000600716 0.000748582 0.00045285 0.00796351 3.8984e-05 0.000147866 3.01467e-05 2.18584e-05
0.83724 0.00522883 0.00526506 0.00519259 0.000548123 0.00068564 0.000410606 0.00755683 3.62347e-05 0.000137517 2.80535e-05 2.03682e-05
0.840631 0.00476943 0.00480306 0.0047358 0.00049924 0.000626942 0.000371538 0.00716239 3.36284e-05 0.000127702 2.60655e-05 1.89496e-05
0.844022 0.0043408 0.00437196 0.00430964 0.000453872 0.000572276 0.000335468 0.00678012 3.11601e-05 0.000118404 2.41795e-05 1.76008e-05
0.847412 0.00394158 0.00397041 0.00391276 0.000411828 0.000521434 0.000302222 0.00640994 2.88254e-05 0.000109606 2.23923e-05 1.63199e-05
0.850803 0.00357047 0.00359709 0.00354385 0.000372925 0.000474215 0.000271636 0.00605179 2.66194e-05 0.000101289 2.07008e-05 1.51051e-05
0.854194 0.00322617 0.00325071 0.00320163 0.000336987 0.000430425 0.000243549 0.00570556 2.45378e-05 9.34379e-05 1.91018e-05 1.39543e-05
0.857585 0.00290742 0.00293 0.00288484 0.000303844 0.000389879 0.000217809 0.00537118 2.25759e-05 8.60351e-05 1.75924e-05 1.28658e-05
0.860976 0.00261295 0.00263368 0.00259223 0.000273331 0.000352395 0.000194267 0.00504855 2.07295e-05 7.90644e-05 1.61695e-05 1.18377e-05
0.864367 0.00234155 0.00236054 0.00232255 0.000245292 0.000317802 0.000172782 0.00473757 1.89942e-05 7.25098e-05 1.48301e-05 1.0868e-05
0.867757 0.00209198 0.00210934 0.00207461 0.000219575 0.00028593 0.000153219 0.00443814 1.73658e-05 6.63553e-05 1.35713e-05 9.95505e-06
0.871148 0.00186307 0.00187891 0.00184723 0.000196035 0.00025662 0.000135449 0.00415015 1.58401e-05 6.05856e-05 1.239e-05 9.09681e-06
0.874539 0.00165365 0.00166807 0.00163924 0.000174533 0.000229718 0.000119348 0.0038735 1.4413e-05 5.51852e-05 1.12835e-05 8.29149e-06
0.87793 0.0014626 0.00147568 0.00144952 0.000154937 0.000205076 0.000104797 0.00360806 1.30806e-05 5.01393e-05 1.02488e-05 7.53721e-06
0.881321 0.00128881 0.00130064 0.00127697 0.000137117 0.00018255 9.16842e-05 0.00335371 1.18387e-05 4.54331e-05 9.28311e-06 6.83215e-06
0.884712 0.00113119 0.00114188 0.00112051 0.000120954 0.000162006 7.99017e-05 0.00311032 1.06837e-05 4.10521e-05 8.38371e-06 6.17445e-06
0.888102 0.000988716 0.000998327 0.000979104 0.00010633 0.000143312 6.93478e-05 0.00287776 9.61156e-06 3.69822e-05 7.5478e-06 5.5623e-06
0.891493 0.000860361 0.000868979 0.000851742 9.31352e-05 0.000126345 5.99257e-05 0.00265589 8.61868e-06 3.32094e-05 6.77266e-06 4.99387e-06
0.894884 0.000745147 0.000752849 0.000737446 8.12635e-05 0.000110984 5.15434e-05 0.00244457 7.70134e-06 2.97201e-05 6.05563e-06 4.46735e-06
0.898275 0.000642128 0.000648984 0.000635272 7.06152e-05 9.7116e-05 4.41144e-05 0.00224364 6.85596e-06 2.65008e-05 5.39406e-06 3.98096e-06
0.901666 0.000550391 0.00055647 0.000544312 6.10948e-05 8.46333e-05 3.75562e-05 0.00205295 6.079e-06 2.35386e-05 4.78534e-06 3.53291e-06
0.905057 0.00046906 0.000474427 0.000463693 5.26123e-05 7.34327e-05 3.17919e-05 0.00187234 5.36699e-06 2.08204e-05 4.22691e-06 3.12144e-06
0.908447 0.000397291 0.000402008 0.000392575 4.50821e-05 6.34158e-05 2.67485e-05 0.00170164 4.71655e-06 1.83336e-05 3.71625e-06 2.74479e-06
0.911838 0.000334279 0.000338403 0.000330155 3.84236e-05 5.44897e-05 2.23575e-05 0.00154067 4.12435e-06 1.60661e-05 3.25086e-06 2.40123e-06
0.915229 0.000279257 0.000282844 0.00027567 3.25606e-05 4.65662e-05 1.85551e-05 0.00138926 3.58714e-06 1.40056e-05 2.82829e-06 2.08904e-06
0.91862 0.000231494 0.000234595 0.000228392 2.74215e-05 3.95618e-05 1.52812e-05 0.0012472 3.10172e-06 1.21403e-05 2.44616e-06 1.80652e-06
0.922011 0.000190294 0.000192959 0.000187629 2.29388e-05 3.33976e-05 1.24801e-05 0.00111432 2.66498e-06 1.04587e-05 2.10208e-06 1.55199e-06
0.925402 0.000155003 0.000157276 0.000152729 1.90495e-05 2.79991e-05 1.00999e-05 0.000990411 2.27388e-06 8.94959e-06 1.79374e-06 1.32381e-06
0.928792 0.000125 0.000126926 0.000123075 1.56943e-05 2.32961e-05 8.09246e-06 0.000875256 1.92543e-06 7.6018e-06 1.51887e-06 1.12032e-06
0.932183 9.97061e-05 0.000101323 9.80894e-05 1.28179e-05 1.92226e-05 6.41333e-06 0.000768642 1.61674e-06 6.40462e-06 1.27523e-06 9.39936e-07
0.935574 7.85767e-05 7.99217e-05 7.72318e-05 1.03691e-05 1.57167e-05 5.02159e-06 0.000670343 1.34496e-06 5.34756e-06 1.06063e-06 7.81058e-07
0.938965 6.11057e-05 6.2213e-05 5.99984e-05 8.30008e-06 1.27205e-05 3.8797e-06 0.000580126 1.10733e-06 4.42038e-06 8.72956e-07 6.42135e-07
0.942356 4.68236e-05 4.77248e-05 4.59225e-05 6.56655e-06 1.01797e-05 2.95343e-06 0.000497749 9.01175e-07 3.61312e-06 7.10103e-07 5.21638e-07
0.945747 3.52974e-05 3.60213e-05 3.45736e-05 5.12773e-06 8.04383e-06 2.21162e-06 0.000422961 7.23866e-07 2.9161e-06 5.70037e-07 4.18073e-07
0.949137 2.61305e-05 2.67034e-05 2.55576e-05 3.94609e-06 6.266e-06 1.62618e-06 0.000355501 5.72871e-07 2.31991e-06 4.50775e-07 3.29974e-07
0.952528 1.8961e-05 1.94068e-05 1.85153e-05 2.98724e-06 4.80265e-06 1.17182e-06 0.000295097 4.45726e-07 1.81542e-06 3.50387e-07 2.55912e-07
0.955919 1.34623e-05 1.38023e-05 1.31222e-05 2.21982e-06 3.61358e-06 8.2605e-07 0.000241468 3.4005e-07 1.39377e-06 2.66998e-07 1.94497e-07
0.95931 9.34118e-06 9.59472e-06 9.08764e-06 1.61536e-06 2.66176e-06 5.68955e-07 0.000194321 2.53543e-07 1.0464e-06 1.98794e-07 1.44374e-07
0.962701 6.33799e-06 6.52198e-06 6.154e-06 1.14818e-06 1.91325e-06 3.83114e-07 0.000153351 1.83987e-07 7.65069e-07 1.4402e-07 1.04233e-07
0.966092 4.22509e-06 4.35434e-06 4.09584e-06 7.95268e-07 1.33707e-06 2.53467e-07 0.000118239 1.29251e-07 5.41801e-07 1.00988e-07 7.28072e-08
0.969482 2.80648e-06 2.89378e-06 2.71919e-06 5.36162e-07 9.05117e-07 1.67206e-07 8.86531e-05 8.72939e-08 3.68955e-07 6.80736e-08 4.88798e-08
0.972873 1.9173e-06 1.97347e-06 1.86113e-06 3.52899e-07 5.92111e-07 1.13686e-07 6.42473e-05 5.617e-08 2.39212e-07 4.37282e-08 3.12843e-08
0.976264 1.42426e-06 1.45829e-06 1.39023e-06 2.29994e-07 3.75587e-07 8.44013e-08 4.46617e-05 3.40307e-08 1.45593e-07 2.64771e-08 1.89105e-08
0.979655 1.22889e-06 1.24803e-06 1.20976e-06 1.54601e-07 2.36076e-07 7.3125e-08 2.95264e-05 1.91323e-08 8.14758e-08 1.49276e-08 1.0709e-08
0.983046 1.28036e-06 1.2902e-06 1.27052e-06 1.17266e-07 1.57891e-07 7.66414e-08 1.84775e-05 9.84225e-09 4.0625e-08 7.77414e-09 5.696e-09
0.986437 1.6372e-06 1.64185e-06 1.63256e-06 1.15647e-07 1.32867e-07 9.84271e-08 1.12223e-05 4.64425e-09 1.72197e-08 3.80266e-09 2.95565e-09
0.989827 3.22212e-06 3.22425e-06 3.22e-06 2.00021e-07 2.0592e-07 1.94122e-07 7.94863e-06 2.12628e-09 5.89911e-09 1.8748e-09 1.62128e-09
0.993218 9.90892e-06 9.90922e-06 9.90862e-06 5.99928e-07 6.02502e-07 5.97354e-07 3.08908e-05 3.03035e-10 2.57369e-09 1.52246e-10 0
4.01075e-314 inf inf inf inf inf inf 0.000310761 7.16328 0.509587 0.267706 0.0624616
