9.72476e-05 3.24878 3.53715 2.9604 1.20943 1.34269 1.07617 3.97247 0.288375 0.133261 0.0365247 0.0288871
0.0001 3.23172 3.52001 2.94344 1.20324 1.33653 1.06995 3.94445 0.288286 0.13329 0.036423 0.0287013
0.00010283 3.21508 3.50328 2.92688 1.1972 1.33052 1.06388 3.91657 0.288197 0.13332 0.0363229 0.0285162
0.000105741 3.20087 3.48898 2.91277 1.19206 1.32541 1.05871 3.88884 0.288108 0.133352 0.0362245 0.028332
0.000108734 3.18349 3.47151 2.89547 1.18575 1.31914 1.05237 3.86125 0.28802 0.133384 0.0361277 0.0281485
0.000111811 3.1662 3.45413 2.87827 1.17948 1.3129 1.04606 3.83379 0.287932 0.133418 0.0360327 0.0279658
0.000114976 3.14899 3.43683 2.86114 1.17323 1.30668 1.03978 3.80647 0.287844 0.133453 0.0359394 0.0277838
0.00011823 3.13185 3.41961 2.8441 1.16702 1.30051 1.03353 3.77929 0.287756 0.133489 0.0358478 0.0276027
0.000121576 3.11481 3.40248 2.82714 1.16084 1.29436 1.02731 3.75225 0.287669 0.133526 0.0357579 0.0274223
0.000125017 3.09784 3.38542 2.81026 1.15469 1.28825 1.02112 3.72535 0.287582 0.133564 0.0356697 0.0272426
0.000128556 3.08096 3.36845 2.79346 1.14857 1.28217 1.01496 3.69858 0.287495 0.133603 0.0355832 0.0270637
0.000132194 3.06416 3.35156 2.77675 1.14248 1.27612 1.00884 3.67194 0.287408 0.133644 0.0354985 0.0268856
0.000135936 3.04744 3.33476 2.76011 1.13642 1.27011 1.00274 3.64545 0.287321 0.133685 0.0354156 0.0267083
0.000139783 3.03079 3.31803 2.74356 1.1304 1.26412 0.996669 3.61908 0.287235 0.133728 0.0353343 0.0265316
0.000143739 3.01423 3.30138 2.72709 1.1244 1.25817 0.99063 3.59285 0.287148 0.133772 0.0352549 0.0263558
0.000147808 2.99775 3.28481 2.71069 1.11844 1.25225 0.98462 3.56676 0.287062 0.133816 0.0351772 0.0261807
0.000151991 2.98135 3.26832 2.69437 1.1125 1.24636 0.97864 3.5408 0.286976 0.133862 0.0351013 0.0260064
0.000156293 2.96503 3.25192 2.67814 1.1066 1.24051 0.972689 3.51497 0.28689 0.133909 0.0350271 0.0258328
0.000160717 2.94878 3.23559 2.66198 1.10072 1.23468 0.966767 3.48927 0.286804 0.133957 0.0349548 0.0256599
0.000165265 2.93262 3.21934 2.6459 1.09488 1.22889 0.960874 3.4637 0.286718 0.134006 0.0348842 0.0254878
0.000169943 2.91654 3.20317 2.62991 1.08907 1.22312 0.955011 3.43826 0.286631 0.134056 0.0348155 0.0253165
0.000174753 2.90053 3.18708 2.61398 1.08328 1.21739 0.949175 3.41296 0.286545 0.134107 0.0347486 0.0251459
0.000179699 2.8846 3.17106 2.59814 1.07753 1.21169 0.943369 3.38778 0.286459 0.134159 0.0346834 0.024976
0.000184785 2.86875 3.15512 2.58237 1.0718 1.20602 0.937591 3.36274 0.286373 0.134212 0.0346202 0.0248069
0.000190015 2.85297 3.13926 2.56668 1.06611 1.20037 0.931842 3.33782 0.286287 0.134266 0.0345587 0.0246385
0.000195393 2.83727 3.12347 2.55107 1.06044 1.19476 0.926121 3.31303 0.286201 0.134322 0.0344991 0.0244709
0.000200923 2.82165 3.10776 2.53553 1.05481 1.18918 0.920428 3.28837 0.286114 0.134378 0.0344414 0.024304
0.00020661 2.8061 3.09213 2.52007 1.0492 1.18363 0.914764 3.26383 0.286027 0.134435 0.0343855 0.0241378
0.000212458 2.79063 3.07657 2.50469 1.04362 1.17811 0.909127 3.23942 0.285941 0.134493 0.0343315 0.0239724
0.000218471 2.77524 3.06109 2.48938 1.03807 1.17262 0.903519 3.21514 0.285853 0.134553 0.0342794 0.0238077
0.000224655 2.75991 3.04568 2.47415 1.03255 1.16716 0.897938 3.19098 0.285766 0.134613 0.0342292 0.0236437
0.000231013 2.74467 3.03035 2.45899 1.02706 1.16173 0.892385 3.16695 0.285679 0.134674 0.0341808 0.0234805
0.000237551 2.7295 3.01509 2.44391 1.0216 1.15633 0.88686 3.14304 0.285591 0.134736 0.0341344 0.023318
0.000244275 2.7144 2.9999 2.4289 1.01616 1.15096 0.881361 3.11926 0.285503 0.1348 0.0340899 0.0231562
0.000251189 2.69938 2.98479 2.41396 1.01075 1.14562 0.875891 3.0956 0.285414 0.134864 0.0340473 0.0229951
0.000258298 2.68443 2.96975 2.3991 1.00538 1.14031 0.870448 3.07206 0.285325 0.134929 0.0340067 0.0228348
0.000265609 2.66955 2.95478 2.38431 1.00003 1.13502 0.865032 3.04865 0.285236 0.134995 0.0339679 0.0226752
0.000273126 2.65475 2.93989 2.3696 0.994704 1.12977 0.859642 3.02536 0.285146 0.135062 0.0339311 0.0225163
0.000280857 2.64001 2.92507 2.35496 0.989411 1.12454 0.854281 3.00219 0.285056 0.13513 0.0338964 0.0223581
0.000288806 2.62535 2.91032 2.34039 0.984145 1.11934 0.848945 2.97914 0.284965 0.135199 0.0338635 0.0222007
0.00029698 2.61077 2.89564 2.32589 0.978906 1.11417 0.843637 2.95621 0.284874 0.135269 0.0338326 0.0220439
0.000305386 2.59625 2.88104 2.31147 0.973695 1.10904 0.838355 2.9334 0.284782 0.13534 0.0338038 0.0218879
0.000314029 2.58181 2.8665 2.29712 0.968511 1.10392 0.833099 2.91071 0.28469 0.135412 0.0337768 0.0217326
0.000322917 2.56743 2.85203 2.28284 0.963355 1.09884 0.82787 2.88814 0.284597 0.135484 0.0337519 0.021578
0.000332057 2.55313 2.83763 2.26863 0.958226 1.09378 0.822668 2.86569 0.284503 0.135558 0.033729 0.0214242
0.000341455 2.5389 2.82331 2.25449 0.953124 1.08876 0.817492 2.84336 0.284409 0.135632 0.0337082 0.021271
0.000351119 2.52474 2.80905 2.24042 0.948049 1.08376 0.812341 2.82114 0.284313 0.135708 0.0336893 0.0211186
0.000361057 2.51064 2.79486 2.22643 0.943001 1.07878 0.807217 2.79904 0.284217 0.135784 0.0336725 0.0209669
0.000371276 2.49662 2.78074 2.2125 0.93798 1.07384 0.802119 2.77706 0.28412 0.135861 0.0336578 0.0208159
0.000381784 2.48266 2.76669 2.19864 0.932985 1.06892 0.797047 2.7552 0.284023 0.135939 0.0336451 0.0206655
0.00039259 2.46878 2.7527 2.18486 0.928017 1.06403 0.792 2.73345 0.283924 0.136017 0.0336344 0.0205159
0.000403702 2.45496 2.73879 2.17114 0.923076 1.05917 0.786979 2.71181 0.283825 0.136097 0.0336258 0.020367
0.000415128 2.44121 2.72494 2.15749 0.918161 1.05434 0.781983 2.69029 0.283724 0.136177 0.0336193 0.0202188
0.000426877 2.42753 2.71115 2.14391 0.913271 1.04953 0.777013 2.66889 0.283622 0.136259 0.0336149 0.0200713
0.000438959 2.41391 2.69743 2.13039 0.908409 1.04475 0.772068 2.6476 0.28352 0.136341 0.0336126 0.0199246
0.000451383 2.40037 2.68378 2.11695 0.903572 1.04 0.767148 2.62642 0.283416 0.136424 0.0336124 0.0197785
0.000464159 2.38689 2.6702 2.10358 0.898761 1.03527 0.762254 2.60536 0.283311 0.136507 0.0336143 0.0196331
0.000477296 2.37347 2.65668 2.09027 0.893976 1.03057 0.757385 2.58441 0.283204 0.136592 0.0336183 0.0194885
0.000490805 2.36013 2.64322 2.07703 0.889217 1.02589 0.75254 2.56357 0.283097 0.136677 0.0336244 0.0193445
0.000504697 2.34684 2.62983 2.06386 0.884484 1.02125 0.747721 2.54284 0.282988 0.136763 0.0336327 0.0192012
0.000518981 2.33363 2.61651 2.05075 0.879775 1.01662 0.742926 2.52223 0.282877 0.136849 0.0336431 0.0190586
0.00053367 2.32048 2.60324 2.03771 0.875092 1.01203 0.738155 2.50172 0.282766 0.136937 0.0336557 0.0189167
0.000548775 2.30739 2.59004 2.02474 0.870434 1.00746 0.73341 2.48133 0.282652 0.137025 0.0336704 0.0187756
0.000564307 2.29437 2.57691 2.01183 0.865802 1.00292 0.728689 2.46104 0.282538 0.137114 0.0336873 0.0186351
0.000580278 2.28141 2.56383 1.99899 0.861194 0.998397 0.723991 2.44087 0.282421 0.137203 0.0337064 0.0184953
0.000596702 2.26852 2.55082 1.98622 0.856612 0.993905 0.719319 2.42081 0.282303 0.137293 0.0337276 0.0183562
0.000613591 2.25569 2.53787 1.97351 0.852054 0.989438 0.71467 2.40085 0.282183 0.137384 0.033751 0.0182178
0.000630957 2.24293 2.52499 1.96086 0.847521 0.984996 0.710046 2.381 0.282061 0.137475 0.0337766 0.0180801
0.000648815 2.23022 2.51216 1.94829 0.843013 0.98058 0.705446 2.36126 0.281938 0.137567 0.0338045 0.0179431
0.000667179 2.21758 2.49939 1.93577 0.838529 0.976189 0.700869 2.34163 0.281812 0.13766 0.0338345 0.0178068
0.000686062 2.205 2.48669 1.92332 0.83407 0.971823 0.696316 2.32211 0.281685 0.137753 0.0338667 0.0176711
0.00070548 2.19249 2.47404 1.91093 0.829635 0.967482 0.691787 2.30269 0.281556 0.137847 0.0339012 0.0175362
0.000725448 2.18004 2.46146 1.89861 0.825224 0.963165 0.687282 2.28338 0.281424 0.137942 0.0339379 0.0174019
0.00074598 2.16764 2.44893 1.88635 0.820837 0.958873 0.6828 2.26417 0.28129 0.138037 0.0339768 0.0172684
0.000767094 2.15531 2.43646 1.87416 0.816474 0.954606 0.678342 2.24507 0.281154 0.138132 0.034018 0.0171355
0.000788805 2.14304 2.42406 1.86202 0.812135 0.950363 0.673907 2.22608 0.281015 0.138228 0.0340613 0.0170033
0.000811131 2.13083 2.41171 1.84996 0.80782 0.946144 0.669495 2.20719 0.280874 0.138325 0.034107 0.0168718
0.000834088 2.11868 2.39941 1.83795 0.803528 0.94195 0.665107 2.1884 0.280731 0.138422 0.0341549 0.016741
0.000857696 2.10659 2.38718 1.82601 0.79926 0.937779 0.660741 2.16972 0.280585 0.138519 0.034205 0.0166109
0.000881971 2.09456 2.375 1.81413 0.795016 0.933633 0.656399 2.15114 0.280436 0.138617 0.0342574 0.0164815
0.000906934 2.08259 2.36287 1.8023 0.790794 0.92951 0.652079 2.13267 0.280285 0.138715 0.034312 0.0163527
0.000932603 2.07068 2.35081 1.79055 0.786596 0.92541 0.647783 2.11429 0.280131 0.138814 0.0343689 0.0162247
0.000958999 2.05882 2.3388 1.77885 0.782421 0.921334 0.643508 2.09603 0.279973 0.138913 0.0344281 0.0160973
0.000986142 2.04703 2.32684 1.76722 0.77827 0.917282 0.639257 2.07786 0.279813 0.139012 0.0344895 0.0159706
0.00101405 2.03529 2.31494 1.75564 0.774141 0.913253 0.635029 2.05979 0.27965 0.139112 0.0345532 0.0158446
0.00104275 2.02361 2.30309 1.74413 0.770035 0.909247 0.630822 2.04183 0.279483 0.139212 0.0346192 0.0157192
0.00107227 2.01199 2.2913 1.73268 0.765951 0.905264 0.626639 2.02397 0.279313 0.139313 0.0346875 0.0155946
0.00110262 2.00043 2.27957 1.72129 0.76189 0.901303 0.622477 2.00621 0.27914 0.139413 0.034758 0.0154706
0.00113382 1.98891 2.26788 1.70995 0.757852 0.897366 0.618338 1.98855 0.278964 0.139514 0.0348307 0.0153473
0.00116591 1.97746 2.25625 1.69868 0.753836 0.893451 0.61422 1.97099 0.278783 0.139615 0.0349058 0.0152247
0.00119891 1.96607 2.24467 1.68747 0.749842 0.889558 0.610125 1.95352 0.278599 0.139716 0.0349831 0.0151028
0.00123285 1.95473 2.23314 1.67631 0.74587 0.885688 0.606052 1.93616 0.278411 0.139818 0.0350627 0.0149815
0.00126774 1.94344 2.22166 1.66522 0.741921 0.88184 0.602002 1.9189 0.27822 0.139919 0.0351445 0.014861
0.00130362 1.93221 2.21023 1.65418 0.737993 0.878014 0.597973 1.90174 0.278024 0.140021 0.0352287 0.0147411
0.00134052 1.92103 2.19886 1.64321 0.734088 0.87421 0.593965 1.88467 0.277824 0.140123 0.035315 0.0146219
0.00137846 1.90991 2.18753 1.63229 0.730204 0.870428 0.589979 1.8677 0.27762 0.140224 0.0354036 0.0145034
0.00141747 1.89884 2.17625 1.62143 0.726341 0.866667 0.586015 1.85083 0.277411 0.140326 0.0354945 0.0143855
0.00145759 1.88783 2.16503 1.61063 0.7225 0.862928 0.582072 1.83406 0.277198 0.140428 0.0355876 0.0142683
0.00149885 1.87687 2.15385 1.59989 0.71868 0.85921 0.578151 1.81739 0.27698 0.14053 0.0356829 0.0141518
0.00154127 1.86596 2.14272 1.5892 0.714882 0.855513 0.574251 1.80081 0.276758 0.140631 0.0357805 0.014036
0.00158489 1.85511 2.13164 1.57858 0.711105 0.851838 0.570372 1.78433 0.27653 0.140733 0.0358802 0.0139208
0.00162975 1.8443 2.1206 1.56801 0.707349 0.848183 0.566515 1.76794 0.276298 0.140834 0.0359822 0.0138063
0.00167588 1.83355 2.10961 1.55749 0.703614 0.844549 0.562679 1.75165 0.27606 0.140935 0.0360864 0.0136925
0.00172331 1.82285 2.09867 1.54704 0.6999 0.840936 0.558864 1.73546 0.275817 0.141036 0.0361927 0.0135794
0.00177209 1.8122 2.08777 1.53664 0.696206 0.837343 0.55507 1.71936 0.275569 0.141137 0.0363013 0.0134669
0.00182224 1.80161 2.07692 1.52629 0.692533 0.83377 0.551296 1.70336 0.275315 0.141237 0.036412 0.0133552
0.00187382 1.79106 2.06611 1.516 0.688881 0.830218 0.547544 1.68745 0.275055 0.141337 0.0365248 0.013244
0.00192685 1.78056 2.05535 1.50577 0.685249 0.826685 0.543812 1.67164 0.274789 0.141437 0.0366398 0.0131336
0.00198139 1.77012 2.04463 1.4956 0.681637 0.823173 0.540101 1.65592 0.274518 0.141536 0.0367569 0.0130238
0.00203747 1.75972 2.03396 1.48548 0.678046 0.81968 0.536411 1.64029 0.27424 0.141635 0.0368761 0.0129147
0.00209514 1.74937 2.02333 1.47541 0.674474 0.816207 0.532741 1.62476 0.273956 0.141733 0.0369973 0.0128063
0.00215443 1.73907 2.01274 1.46541 0.670922 0.812753 0.529092 1.60932 0.273665 0.141831 0.0371207 0.0126985
0.00221541 1.72882 2.00219 1.45545 0.66739 0.809318 0.525463 1.59398 0.273368 0.141928 0.037246 0.0125914
0.00227812 1.71862 1.99168 1.44555 0.663878 0.805903 0.521854 1.57872 0.273063 0.142024 0.0373734 0.012485
0.00234259 1.70846 1.98121 1.43571 0.660386 0.802506 0.518266 1.56356 0.272752 0.14212 0.0375028 0.0123792
0.0024089 1.69835 1.97079 1.42592 0.656913 0.799128 0.514698 1.5485 0.272433 0.142215 0.0376341 0.0122741
0.00247708 1.68829 1.9604 1.41618 0.653459 0.795768 0.51115 1.53352 0.272107 0.142309 0.0377674 0.0121697
0.00254719 1.67828 1.95005 1.4065 0.650025 0.792427 0.507622 1.51864 0.271774 0.142402 0.0379025 0.0120659
0.00261928 1.66831 1.93974 1.39687 0.646609 0.789104 0.504115 1.50385 0.271432 0.142495 0.0380396 0.0119628
0.00269341 1.65838 1.92947 1.3873 0.643213 0.785799 0.500627 1.48915 0.271083 0.142586 0.0381785 0.0118603
0.00276965 1.64851 1.91923 1.37778 0.639835 0.782512 0.497159 1.47454 0.270725 0.142677 0.0383192 0.0117586
0.00284804 1.63867 1.90903 1.36831 0.636477 0.779242 0.493711 1.46002 0.270359 0.142766 0.0384617 0.0116574
0.00292864 1.62888 1.89887 1.3589 0.633136 0.77599 0.490282 1.44559 0.269985 0.142854 0.038606 0.011557
0.00301153 1.61914 1.88874 1.34954 0.629814 0.772755 0.486873 1.43126 0.269602 0.142941 0.0387519 0.0114572
0.00309677 1.60944 1.87865 1.34023 0.626511 0.769538 0.483484 1.41701 0.269209 0.143027 0.0388995 0.011358
0.00318442 1.59978 1.86859 1.33098 0.623226 0.766337 0.480115 1.40285 0.268808 0.143111 0.0390488 0.0112595
0.00327455 1.59017 1.85857 1.32177 0.619959 0.763153 0.476764 1.38879 0.268397 0.143194 0.0391996 0.0111617
0.00336723 1.5806 1.84858 1.31262 0.61671 0.759986 0.473434 1.37481 0.267976 0.143276 0.039352 0.0110645
0.00346253 1.57107 1.83862 1.30353 0.613478 0.756835 0.470122 1.36092 0.267546 0.143356 0.0395058 0.010968
0.00356053 1.56158 1.82869 1.29448 0.610265 0.753699 0.46683 1.34713 0.267105 0.143434 0.0396611 0.0108721
0.00366131 1.55214 1.81879 1.28548 0.607069 0.75058 0.463558 1.33342 0.266654 0.143511 0.0398177 0.0107769
0.00376494 1.54273 1.80893 1.27654 0.603891 0.747477 0.460304 1.3198 0.266193 0.143586 0.0399757 0.0106823
0.0038715 1.53337 1.79909 1.26765 0.600729 0.744388 0.45707 1.30627 0.26572 0.143659 0.0401349 0.0105884
0.00398107 1.52405 1.78928 1.25881 0.597585 0.741316 0.453854 1.29283 0.265237 0.143731 0.0402954 0.0104952
0.00409375 1.51476 1.77951 1.25002 0.594458 0.738258 0.450658 1.27947 0.264742 0.1438 0.0404569 0.0104025
0.00420962 1.50552 1.76976 1.24128 0.591348 0.735216 0.447481 1.26621 0.264236 0.143867 0.0406196 0.0103105
0.00432876 1.49631 1.76003 1.2326 0.588255 0.732187 0.444323 1.25303 0.263717 0.143932 0.0407833 0.0102192
0.00445128 1.48715 1.75033 1.22396 0.585178 0.729174 0.441183 1.23994 0.263187 0.143995 0.0409479 0.0101285
0.00457727 1.47802 1.74066 1.21537 0.582118 0.726174 0.438062 1.22694 0.262644 0.144056 0.0411134 0.0100384
0.00470682 1.46893 1.73102 1.20684 0.579074 0.723188 0.434961 1.21402 0.262089 0.144114 0.0412797 0.00994903
0.00484003 1.45987 1.72139 1.19835 0.576047 0.720216 0.431877 1.20119 0.261521 0.144169 0.0414466 0.00986025
0.00497702 1.45086 1.7118 1.18992 0.573035 0.717257 0.428813 1.18845 0.260939 0.144222 0.0416143 0.0097721
0.00511789 1.44188 1.70222 1.18153 0.570039 0.714311 0.425767 1.1758 0.260344 0.144272 0.0417824 0.00968458
0.00526274 1.43293 1.69267 1.1732 0.567059 0.711379 0.422739 1.16324 0.259735 0.14432 0.041951 0.0095977
0.0054117 1.42402 1.68314 1.16491 0.564095 0.708459 0.41973 1.15076 0.259112 0.144364 0.04212 0.00951145
0.00556486 1.41515 1.67363 1.15668 0.561146 0.705551 0.41674 1.13836 0.258475 0.144406 0.0422893 0.00942582
0.00572237 1.40631 1.66413 1.14849 0.558212 0.702656 0.413768 1.12606 0.257823 0.144444 0.0424587 0.00934081
0.00588433 1.39751 1.65466 1.14035 0.555293 0.699772 0.410814 1.11384 0.257156 0.144479 0.0426282 0.00925643
0.00605088 1.38874 1.64521 1.13226 0.55239 0.696901 0.407879 1.10171 0.256474 0.144511 0.0427977 0.00917267
0.00622213 1.38 1.63577 1.12422 0.549501 0.69404 0.404961 1.08966 0.255776 0.144539 0.042967 0.00908953
0.00639824 1.37129 1.62636 1.11623 0.546626 0.69119 0.402063 1.0777 0.255062 0.144564 0.0431361 0.009007
0.00657933 1.36262 1.61695 1.10829 0.543767 0.688352 0.399182 1.06582 0.254333 0.144585 0.0433048 0.00892509
0.00676555 1.35398 1.60757 1.10039 0.540921 0.685523 0.396319 1.05403 0.253586 0.144602 0.043473 0.00884379
0.00695704 1.34537 1.59819 1.09255 0.53809 0.682705 0.393475 1.04233 0.252823 0.144615 0.0436406 0.00876309
0.00715394 1.33679 1.58884 1.08475 0.535272 0.679897 0.390648 1.03071 0.252043 0.144624 0.0438074 0.00868301
0.00735642 1.32825 1.57949 1.077 0.532468 0.677098 0.387839 1.01917 0.251245 0.144629 0.0439734 0.00860351
0.00756463 1.31973 1.57016 1.0693 0.529679 0.674308 0.385049 1.00773 0.250429 0.14463 0.0441384 0.00852463
0.00777874 1.31124 1.56084 1.06165 0.526902 0.671528 0.382277 0.996363 0.249595 0.144626 0.0443023 0.00844634
0.0079989 1.30279 1.55153 1.05404 0.524139 0.668755 0.379522 0.985085 0.248743 0.144617 0.0444648 0.00836864
0.0082253 1.29436 1.54223 1.04649 0.521388 0.665992 0.376785 0.973891 0.247872 0.144603 0.0446259 0.00829153
0.0084581 1.28596 1.53294 1.03898 0.518651 0.663236 0.374066 0.962783 0.246982 0.144585 0.0447855 0.00821501
0.00869749 1.27759 1.52366 1.03151 0.515926 0.660488 0.371365 0.951759 0.246072 0.144561 0.0449433 0.00813908
0.00894366 1.26924 1.51438 1.0241 0.513214 0.657746 0.368681 0.94082 0.245143 0.144533 0.0450992 0.00806372
0.00919679 1.26092 1.50512 1.01673 0.510514 0.655012 0.366016 0.929965 0.244193 0.144498 0.045253 0.00798894
0.00945709 1.25263 1.49586 1.00941 0.507826 0.652284 0.363367 0.919194 0.243223 0.144458 0.0454046 0.00791473
0.00972476 1.24437 1.4866 1.00213 0.50515 0.649563 0.360737 0.908508 0.242232 0.144413 0.0455538 0.0078411
0.01 1.23613 1.47735 0.994908 0.502485 0.646847 0.358124 0.897906 0.24122 0.144361 0.0457004 0.00776803
0.010283 1.22791 1.4681 0.987728 0.499832 0.644136 0.355529 0.887388 0.240187 0.144304 0.0458443 0.00769551
0.0105741 1.21973 1.45886 0.980595 0.497191 0.641431 0.352951 0.876954 0.239132 0.14424 0.0459852 0.00762356
0.0108734 1.21156 1.44962 0.973508 0.494561 0.638731 0.350391 0.866603 0.238054 0.14417 0.0461229 0.00755216
0.0111811 1.20342 1.44038 0.966468 0.491941 0.636034 0.347848 0.856336 0.236954 0.144093 0.0462574 0.00748131
0.0114976 1.19531 1.43114 0.959475 0.489332 0.633341 0.345323 0.846153 0.235832 0.144009 0.0463883 0.00741101
0.011823 1.18721 1.4219 0.952528 0.486733 0.630652 0.342815 0.836053 0.234686 0.143918 0.0465154 0.00734124
0.0121576 1.17914 1.41266 0.945626 0.484145 0.627965 0.340325 0.826037 0.233517 0.14382 0.0466387 0.00727201
0.0125017 1.1711 1.40342 0.938772 0.481566 0.625281 0.337852 0.816103 0.232324 0.143715 0.0467577 0.00720332
0.0128556 1.16307 1.39418 0.931963 0.478998 0.622599 0.335396 0.806253 0.231107 0.143602 0.0468725 0.00713514
0.0132194 1.15507 1.38493 0.9252 0.476438 0.619919 0.332958 0.796486 0.229866 0.143481 0.0469826 0.00706749
0.0135936 1.14708 1.37568 0.918484 0.473888 0.61724 0.330536 0.786802 0.2286 0.143352 0.0470879 0.00700036
0.0139783 1.13912 1.36643 0.911813 0.471347 0.614562 0.328133 0.7772 0.227309 0.143215 0.0471882 0.00693374
0.0143739 1.13118 1.35718 0.905189 0.468815 0.611884 0.325746 0.767681 0.225993 0.143069 0.0472832 0.00686762
0.0147808 1.12326 1.34791 0.89861 0.466291 0.609206 0.323377 0.758245 0.224652 0.142914 0.0473727 0.00680201
0.0151991 1.11536 1.33865 0.892076 0.463776 0.606527 0.321025 0.74889 0.223285 0.142751 0.0474565 0.00673689
0.0156293 1.10748 1.32937 0.885588 0.461268 0.603847 0.31869 0.739619 0.221891 0.142579 0.0475342 0.00667225
0.0160717 1.09962 1.32009 0.879146 0.458768 0.601165 0.316372 0.730429 0.220472 0.142397 0.0476058 0.00660811
0.0165265 1.09178 1.3108 0.872749 0.456276 0.598481 0.314071 0.721321 0.219026 0.142205 0.0476709 0.00654444
0.0169943 1.08395 1.3015 0.866398 0.453791 0.595794 0.311788 0.712295 0.217553 0.142003 0.0477292 0.00648124
0.0174753 1.07615 1.2922 0.860092 0.451313 0.593105 0.309521 0.70335 0.216054 0.141792 0.0477806 0.00641851
0.0179699 1.06836 1.28289 0.853831 0.448842 0.590411 0.307272 0.694487 0.214527 0.141569 0.0478248 0.00635624
0.0184785 1.06059 1.27356 0.847616 0.446376 0.587713 0.30504 0.685704 0.212973 0.141337 0.0478614 0.00629442
0.0190015 1.05284 1.26423 0.841446 0.443917 0.58501 0.302825 0.677003 0.211392 0.141093 0.0478904 0.00623306
0.0195393 1.0451 1.25489 0.835321 0.441464 0.582302 0.300626 0.668383 0.209783 0.140838 0.0479113 0.00617213
0.0200923 1.03739 1.24553 0.829241 0.439016 0.579588 0.298445 0.659844 0.208146 0.140571 0.0479239 0.00611163
0.020661 1.02969 1.23617 0.823206 0.436574 0.576867 0.296281 0.651385 0.206482 0.140293 0.047928 0.00605157
0.0212458 1.02201 1.22679 0.817216 0.434137 0.57414 0.294134 0.643006 0.204789 0.140003 0.0479233 0.00599192
0.0218471 1.01434 1.21741 0.811271 0.431704 0.571404 0.292003 0.634707 0.203069 0.1397 0.0479095 0.00593269
0.0224655 1.00669 1.20801 0.805371 0.429275 0.56866 0.28989 0.626488 0.20132 0.139385 0.0478865 0.00587387
0.0231013 0.99906 1.1986 0.799516 0.426851 0.565908 0.287794 0.618349 0.199544 0.139057 0.0478538 0.00581545
0.0237551 0.991445 1.18918 0.793706 0.42443 0.563146 0.285714 0.610289 0.197739 0.138716 0.0478113 0.00575742
0.0244275 0.983847 1.17975 0.78794 0.422013 0.560374 0.283652 0.602308 0.195906 0.138361 0.0477586 0.00569977
0.0251189 0.976265 1.17031 0.78222 0.419598 0.557591 0.281606 0.594405 0.194046 0.137992 0.0476957 0.00564251
0.0258298 0.9687 1.16086 0.776543 0.417186 0.554796 0.279577 0.586581 0.192157 0.13761 0.0476221 0.00558561
0.0265609 0.961152 1.15139 0.770912 0.414777 0.55199 0.277565 0.578836 0.19024 0.137213 0.0475376 0.00552908
0.0273126 0.953621 1.14192 0.765325 0.41237 0.549171 0.275569 0.571168 0.188296 0.136801 0.047442 0.0054729
0.0280857 0.946107 1.13243 0.759783 0.409965 0.546339 0.273591 0.563578 0.186324 0.136374 0.047335 0.00541707
0.0288806 0.93861 1.12293 0.754285 0.407561 0.543493 0.271629 0.556065 0.184325 0.135932 0.0472165 0.00536158
0.029698 0.931131 1.11343 0.748832 0.405158 0.540632 0.269684 0.548629 0.182298 0.135474 0.0470861 0.00530642
0.0305386 0.923669 1.10391 0.743424 0.402755 0.537755 0.267755 0.541269 0.180245 0.135 0.0469436 0.00525159
0.0314029 0.916225 1.09439 0.73806 0.400353 0.534863 0.265843 0.533985 0.178165 0.13451 0.0467889 0.00519707
0.0322917 0.908799 1.08486 0.73274 0.397951 0.531955 0.263948 0.526777 0.176059 0.134003 0.0466217 0.00514286
0.0332057 0.901391 1.07532 0.727465 0.395548 0.529028 0.262069 0.519645 0.173926 0.13348 0.0464418 0.00508894
0.0341455 0.894003 1.06577 0.722234 0.393145 0.526084 0.260206 0.512587 0.171769 0.132939 0.046249 0.00503532
0.0351119 0.886633 1.05622 0.717047 0.390741 0.523121 0.258361 0.505603 0.169586 0.13238 0.0460431 0.00498199
0.0361057 0.879283 1.04666 0.711905 0.388335 0.520139 0.256531 0.498694 0.167378 0.131804 0.045824 0.00492892
0.0371276 0.871953 1.0371 0.706806 0.385927 0.517136 0.254718 0.491858 0.165147 0.131209 0.0455914 0.00487613
0.0381784 0.864644 1.02754 0.701752 0.383517 0.514113 0.252922 0.485095 0.162892 0.130596 0.0453453 0.00482359
0.039259 0.857356 1.01797 0.696742 0.381104 0.511068 0.251141 0.478404 0.160613 0.129963 0.0450855 0.00477129
0.0403702 0.850089 1.0084 0.691776 0.378688 0.508 0.249377 0.471786 0.158313 0.129312 0.0448119 0.00471925
0.0415128 0.842845 0.998836 0.686854 0.376269 0.50491 0.247629 0.465238 0.155991 0.128641 0.0445244 0.00466743
0.0426877 0.835623 0.989271 0.681975 0.373846 0.501796 0.245896 0.458761 0.153648 0.12795 0.0442228 0.00461584
0.0438959 0.828425 0.97971 0.677141 0.371419 0.498658 0.24418 0.452355 0.151285 0.127239 0.0439071 0.00456446
0.0451383 0.821252 0.970154 0.67235 0.368987 0.495494 0.242479 0.446018 0.148902 0.126507 0.0435773 0.00451329
0.0464159 0.814104 0.960605 0.667603 0.36655 0.492305 0.240795 0.43975 0.146501 0.125755 0.0432333 0.00446232
0.0477296 0.806981 0.951064 0.662899 0.364107 0.489089 0.239126 0.43355 0.144083 0.124982 0.0428751 0.00441153
0.0490805 0.799886 0.941533 0.658239 0.361659 0.485846 0.237472 0.427417 0.141647 0.124187 0.0425026 0.00436094
0.0504697 0.792818 0.932014 0.653622 0.359204 0.482574 0.235834 0.421352 0.139196 0.12337 0.0421159 0.00431051
0.0518981 0.785778 0.922509 0.649047 0.356742 0.479274 0.234211 0.415353 0.136731 0.122532 0.0417151 0.00426025
0.053367 0.778768 0.91302 0.644517 0.354274 0.475944 0.232603 0.409418 0.134252 0.121671 0.0413002 0.00421015
0.0548775 0.771788 0.903548 0.640028 0.351797 0.472585 0.231009 0.403549 0.13176 0.120788 0.0408712 0.00416019
0.0564307 0.76484 0.894097 0.635583 0.349312 0.469194 0.229431 0.397743 0.129257 0.119882 0.0404283 0.00411038
0.0580278 0.757924 0.884668 0.63118 0.346819 0.465772 0.227867 0.392 0.126744 0.118952 0.0399717 0.00406071
0.0596702 0.751041 0.875263 0.626819 0.344317 0.462318 0.226317 0.38632 0.124222 0.118 0.0395014 0.00401116
0.0613591 0.744192 0.865885 0.6225 0.341806 0.45883 0.224781 0.3807 0.121693 0.117024 0.0390177 0.00396172
0.0630957 0.737379 0.856537 0.618222 0.339284 0.455309 0.223259 0.375141 0.119157 0.116025 0.0385207 0.0039124
0.0648815 0.730603 0.847219 0.613986 0.336752 0.451754 0.221751 0.369641 0.116617 0.115002 0.0380108 0.00386319
0.0667179 0.723864 0.837937 0.609792 0.33421 0.448164 0.220255 0.3642 0.114072 0.113954 0.0374881 0.00381407
0.0686062 0.717164 0.82869 0.605637 0.331656 0.444539 0.218773 0.358817 0.111526 0.112883 0.0369529 0.00376505
0.070548 0.710504 0.819483 0.601524 0.32909 0.440877 0.217302 0.35349 0.10898 0.111787 0.0364056 0.00371611
0.0725448 0.703884 0.810318 0.59745 0.326511 0.437178 0.215844 0.348219 0.106434 0.110667 0.0358465 0.00366725
0.074598 0.697306 0.801196 0.593416 0.32392 0.433442 0.214397 0.343003 0.10389 0.109522 0.0352759 0.00361846
0.0767094 0.690772 0.792122 0.589421 0.321315 0.429668 0.212962 0.33784 0.10135 0.108353 0.0346943 0.00356974
0.0788805 0.684281 0.783097 0.585464 0.318696 0.425854 0.211537 0.332731 0.0988161 0.107158 0.0341021 0.00352108
0.0811131 0.677835 0.774124 0.581546 0.316063 0.422002 0.210123 0.327672 0.0962889 0.10594 0.0334997 0.00347249
0.0834088 0.671435 0.765205 0.577664 0.313414 0.41811 0.208717 0.322665 0.0937704 0.104696 0.0328876 0.00342395
0.0857696 0.665081 0.756343 0.573819 0.310749 0.414177 0.207321 0.317706 0.0912621 0.103428 0.0322663 0.00337545
0.0881971 0.658776 0.747542 0.57001 0.308068 0.410204 0.205933 0.312797 0.0887657 0.102135 0.0316364 0.00332701
0.0906934 0.652519 0.738802 0.566236 0.305371 0.406188 0.204553 0.307935 0.0862828 0.100818 0.0309983 0.00327861
0.0932603 0.646311 0.730126 0.562497 0.302655 0.402131 0.203179 0.303119 0.083815 0.0994762 0.0303527 0.00323025
0.0958999 0.640154 0.721518 0.55879 0.299921 0.398031 0.201811 0.298348 0.081364 0.0981103 0.0297001 0.00318193
0.0986142 0.634046 0.712978 0.555115 0.297168 0.393888 0.200447 0.293622 0.0789313 0.0967203 0.0290412 0.00313365
0.101405 0.62799 0.704509 0.551471 0.294394 0.389701 0.199088 0.288938 0.0765187 0.0953066 0.0283767 0.00308541
0.104275 0.621985 0.696112 0.547857 0.291601 0.38547 0.197731 0.284297 0.0741277 0.0938694 0.0277071 0.00303721
0.107227 0.616031 0.687791 0.544271 0.288785 0.381194 0.196376 0.279696 0.0717599 0.0924089 0.0270331 0.00298905
0.110262 0.610129 0.679546 0.540712 0.285948 0.376873 0.195022 0.275136 0.0694169 0.0909256 0.0263556 0.00294093
0.113382 0.604278 0.671378 0.537178 0.283087 0.372506 0.193667 0.270615 0.0671003 0.0894199 0.0256751 0.00289285
0.116591 0.598479 0.66329 0.533667 0.280201 0.368093 0.192309 0.266131 0.0648116 0.0878922 0.0249924 0.00284481
0.119891 0.59273 0.655283 0.530178 0.27729 0.363633 0.190947 0.261684 0.0625523 0.086343 0.0243083 0.00279683
0.123285 0.587032 0.647356 0.526708 0.274353 0.359126 0.18958 0.257273 0.0603238 0.0847729 0.0236235 0.0027489
0.126774 0.581383 0.639511 0.523256 0.271388 0.35457 0.188205 0.252897 0.0581276 0.0831824 0.0229387 0.00270102
0.130362 0.575783 0.631748 0.519818 0.268394 0.349966 0.186822 0.248555 0.055965 0.0815724 0.0222547 0.00265321
0.134052 0.57023 0.624067 0.516392 0.26537 0.345313 0.185427 0.244247 0.0538375 0.0799433 0.0215723 0.00260547
0.137846 0.564722 0.616468 0.512976 0.262314 0.34061 0.184018 0.23997 0.0517462 0.0782961 0.0208923 0.00255781
0.141747 0.559258 0.60895 0.509565 0.259225 0.335857 0.182594 0.235726 0.0496924 0.0766316 0.0202153 0.00251024
0.145759 0.553835 0.601513 0.506158 0.256102 0.331053 0.181152 0.231512 0.0476774 0.0749506 0.0195423 0.00246276
0.149885 0.548451 0.594153 0.502749 0.252942 0.326196 0.179688 0.227328 0.0457021 0.073254 0.0188739 0.00241538
0.154127 0.543103 0.586871 0.499335 0.249744 0.321287 0.178201 0.223174 0.0437677 0.071543 0.0182109 0.00236813
0.158489 0.537788 0.579663 0.495913 0.246506 0.316325 0.176688 0.219049 0.0418751 0.0698185 0.0175541 0.002321
0.162975 0.532502 0.572527 0.492476 0.243226 0.311308 0.175144 0.214952 0.0400253 0.0680817 0.0169041 0.00227401
0.167588 0.52724 0.565459 0.489021 0.239901 0.306235 0.173567 0.210883 0.038219 0.0663338 0.0162618 0.00222717
0.172331 0.521998 0.558455 0.485541 0.23653 0.301106 0.171954 0.206843 0.0364572 0.064576 0.0156277 0.0021805
0.177209 0.516771 0.551511 0.48203 0.23311 0.29592 0.1703 0.202829 0.0347403 0.0628097 0.0150025 0.00213401
0.182224 0.511553 0.544622 0.478483 0.229638 0.290674 0.168602 0.198843 0.0330692 0.0610362 0.014387 0.00208772
0.187382 0.506337 0.537781 0.474893 0.226112 0.285369 0.166855 0.194884 0.0314442 0.059257 0.0137817 0.00204163
0.192685 0.501117 0.530983 0.471251 0.222528 0.280002 0.165055 0.190952 0.0298658 0.0574736 0.0131873 0.00199578
0.198139 0.495885 0.52422 0.467551 0.218884 0.274571 0.163197 0.187046 0.0283345 0.0556875 0.0126042 0.00195017
0.203747 0.490632 0.517483 0.463782 0.215177 0.269077 0.161276 0.183169 0.0268504 0.0539003 0.0120332 0.00190481
0.209514 0.485349 0.510763 0.459935 0.211403 0.263517 0.159289 0.179318 0.0254138 0.0521138 0.0114746 0.00185974
0.215443 0.480026 0.504051 0.456001 0.207559 0.257888 0.157229 0.175495 0.0240249 0.0503297 0.0109289 0.00181495
0.221541 0.474652 0.497335 0.451968 0.203641 0.252191 0.155092 0.1717 0.0226835 0.0485496 0.0103967 0.00177047
0.227812 0.469214 0.490603 0.447824 0.199646 0.246422 0.15287 0.167934 0.0213897 0.0467756 0.00987815 0.00172631
0.234259 0.463699 0.483842 0.443556 0.19557 0.240579 0.150561 0.164196 0.0201434 0.0450094 0.00937379 0.00168249
0.24089 0.458093 0.477037 0.439149 0.191409 0.234662 0.148156 0.160487 0.0189443 0.0432529 0.00888387 0.00163902
0.247708 0.45238 0.470172 0.434588 0.187159 0.228667 0.145651 0.156808 0.0177921 0.0415082 0.00840869 0.00159591
0.254719 0.446541 0.463228 0.429855 0.182817 0.222594 0.14304 0.153159 0.0166864 0.0397772 0.00794847 0.00155317
0.261928 0.440557 0.456184 0.424931 0.178379 0.216441 0.140317 0.149541 0.0156269 0.0380618 0.00750341 0.00151081
0.269341 0.434405 0.449018 0.419792 0.17384 0.210204 0.137476 0.145953 0.014613 0.0363642 0.00707365 0.00146883
0.276965 0.428054 0.441698 0.41441 0.169196 0.203883 0.13451 0.142397 0.013644 0.0346863 0.0066593 0.00142724
0.284804 0.421467 0.434186 0.408748 0.164443 0.197473 0.131412 0.138873 0.0127194 0.0330303 0.0062604 0.00138602
0.292864 0.41458 0.426419 0.402742 0.159571 0.190969 0.128172 0.135382 0.0118384 0.0313982 0.00587697 0.00134515
0.301153 0.407237 0.418238 0.396237 0.154559 0.184351 0.124766 0.131924 0.0110002 0.0297921 0.00550896 0.00130459
0.309677 0.398187 0.408391 0.387983 0.149207 0.177422 0.120993 0.128502 0.010204 0.0282141 0.00515622 0.00126418
0.318442 0.388891 0.398804 0.378978 0.145248 0.172872 0.117625 0.127221 0.00991277 0.0276237 0.00502595 0.00124814
0.321833 0.386206 0.395836 0.376575 0.143359 0.170403 0.116315 0.125957 0.00963036 0.0270439 0.00489918 0.00123229
0.325224 0.383512 0.392868 0.374155 0.141475 0.16795 0.115001 0.12471 0.00935644 0.0264744 0.00477579 0.00121663
0.328614 0.380809 0.3899 0.371718 0.139598 0.165513 0.113683 0.123479 0.00909072 0.0259151 0.0046557 0.00120114
0.332005 0.378097 0.38693 0.369264 0.137726 0.163092 0.11236 0.122265 0.00883295 0.0253659 0.00453881 0.00118584
0.335396 0.375375 0.383957 0.366792 0.135861 0.160687 0.111034 0.121066 0.00858284 0.0248266 0.00442501 0.00117071
0.338787 0.372642 0.380982 0.364301 0.134001 0.158298 0.109704 0.119883 0.00834016 0.024297 0.00431423 0.00115574
0.342178 0.369897 0.378002 0.361793 0.132148 0.155925 0.108371 0.118715 0.00810465 0.023777 0.00420637 0.00114094
0.345569 0.367141 0.375017 0.359265 0.130301 0.153567 0.107034 0.117561 0.00787609 0.0232665 0.00410134 0.0011263
0.348959 0.364373 0.372027 0.356719 0.12846 0.151226 0.105695 0.116421 0.00765425 0.0227652 0.00399907 0.00111181
0.35235 0.361592 0.369031 0.354153 0.126627 0.1489 0.104353 0.115295 0.00743891 0.0222732 0.00389948 0.00109748
0.355741 0.358799 0.366028 0.351569 0.1248 0.14659 0.10301 0.114182 0.00722986 0.0217901 0.00380248 0.00108329
0.359132 0.355992 0.363018 0.348965 0.122979 0.144295 0.101664 0.113081 0.0070269 0.0213158 0.003708 0.00106924
0.362523 0.353171 0.360001 0.346341 0.121166 0.142017 0.100316 0.111993 0.00682983 0.0208503 0.00361597 0.00105534
0.365914 0.350336 0.356975 0.343698 0.11936 0.139754 0.0989669 0.110917 0.00663847 0.0203934 0.00352631 0.00104157
0.369305 0.347487 0.35394 0.341035 0.117562 0.137507 0.0976169 0.109853 0.00645264 0.0199449 0.00343896 0.00102793
0.372695 0.344624 0.350896 0.338352 0.115771 0.135276 0.0962661 0.1088 0.00627215 0.0195047 0.00335386 0.00101443
0.376086 0.341746 0.347842 0.335649 0.113988 0.13306 0.094915 0.107759 0.00609685 0.0190727 0.00327093 0.00100105
0.379477 0.338852 0.344779 0.332926 0.112212 0.130861 0.0935636 0.106727 0.00592657 0.0186487 0.00319012 0.000987792
0.382868 0.335944 0.341706 0.330183 0.110446 0.128678 0.0922129 0.105706 0.00576114 0.0182327 0.00311136 0.000974658
0.386259 0.333021 0.338622 0.327421 0.108687 0.126511 0.0908623 0.104695 0.00560043 0.0178244 0.0030346 0.000961643
0.38965 0.330083 0.335527 0.324638 0.106937 0.124361 0.089513 0.103694 0.00544428 0.0174238 0.00295977 0.000948743
0.39304 0.327129 0.332421 0.321836 0.105196 0.122227 0.088165 0.102701 0.00529255 0.0170308 0.00288683 0.000935956
0.396431 0.32416 0.329305 0.319014 0.103464 0.120109 0.0868184 0.101718 0.0051451 0.0166452 0.00281572 0.00092328
0.399822 0.321175 0.326177 0.316173 0.101741 0.118008 0.085474 0.100744 0.00500181 0.0162668 0.00274638 0.000910712
0.403213 0.318175 0.323037 0.313312 0.100027 0.115923 0.0841317 0.0997773 0.00486255 0.0158957 0.00267878 0.00089825
0.406604 0.315159 0.319887 0.310432 0.0983237 0.113855 0.0827921 0.098819 0.00472718 0.0155316 0.00261285 0.000885892
0.409995 0.312129 0.316724 0.307533 0.0966304 0.111805 0.0814559 0.0978685 0.0045956 0.0151744 0.00254856 0.000873635
0.413385 0.309082 0.31355 0.304615 0.0949469 0.109771 0.0801228 0.0969254 0.00446768 0.0148241 0.00248585 0.000861479
0.416776 0.306021 0.310364 0.301678 0.0932741 0.107755 0.0787935 0.0959895 0.00434333 0.0144805 0.00242468 0.00084942
0.420167 0.302945 0.307167 0.298723 0.0916119 0.105756 0.0774684 0.0950605 0.00422242 0.0141436 0.00236501 0.000837458
0.423558 0.299854 0.303959 0.295749 0.0899607 0.103774 0.0761476 0.0941382 0.00410486 0.0138131 0.0023068 0.00082559
0.426949 0.296748 0.300739 0.292758 0.0883208 0.10181 0.0748317 0.0932222 0.00399054 0.013489 0.00225001 0.000813816
0.43034 0.293628 0.297508 0.289749 0.0866922 0.0998635 0.073521 0.0923123 0.00387937 0.0131712 0.00219459 0.000802133
0.43373 0.290494 0.294265 0.286723 0.0850755 0.0979351 0.0722158 0.0914083 0.00377126 0.0128596 0.00214052 0.00079054
0.437121 0.287346 0.291012 0.28368 0.0834706 0.0960248 0.0709165 0.0905099 0.00366611 0.0125541 0.00208775 0.000779035
0.440512 0.284184 0.287747 0.28062 0.081878 0.0941326 0.0696233 0.0896169 0.00356383 0.0122546 0.00203624 0.000767619
0.443903 0.281008 0.284473 0.277544 0.0802978 0.0922587 0.0683368 0.0887291 0.00346435 0.011961 0.00198597 0.000756288
0.447294 0.27782 0.281188 0.274453 0.0787302 0.0904034 0.0670571 0.0878462 0.00336757 0.0116731 0.0019369 0.000745043
0.450685 0.274619 0.277893 0.271346 0.0771757 0.0885666 0.0657847 0.086968 0.00327343 0.011391 0.00188899 0.000733882
0.454075 0.271406 0.274588 0.268224 0.0756342 0.0867486 0.0645198 0.0860943 0.00318183 0.0111144 0.00184222 0.000722805
0.457466 0.268181 0.271274 0.265088 0.0741062 0.0849496 0.0632629 0.0852249 0.00309272 0.0108433 0.00179656 0.00071181
0.460857 0.264945 0.267951 0.261939 0.0725918 0.0831695 0.0620142 0.0843596 0.00300601 0.0105777 0.00175197 0.000700896
0.464248 0.261697 0.264619 0.258776 0.0710914 0.0814087 0.060774 0.0834983 0.00292164 0.0103174 0.00170843 0.000690064
0.467639 0.25844 0.261279 0.2556 0.0696049 0.0796672 0.0595427 0.0826406 0.00283954 0.0100623 0.00166591 0.000679312
0.47103 0.255171 0.257931 0.252412 0.0681329 0.0779452 0.0583205 0.0817865 0.00275964 0.00981233 0.00162438 0.00066864
0.47442 0.251894 0.254576 0.249212 0.0666753 0.0762427 0.0571079 0.0809358 0.00268188 0.00956744 0.00158382 0.000658046
0.477811 0.248608 0.251214 0.246001 0.0652325 0.07456 0.055905 0.0800883 0.00260621 0.00932752 0.0015442 0.000647532
0.481202 0.245313 0.247845 0.24278 0.0638046 0.0728971 0.0547121 0.0792439 0.00253255 0.00909249 0.00150549 0.000637096
0.484593 0.242011 0.244471 0.23955 0.062392 0.0712542 0.0535297 0.0784023 0.00246086 0.00886227 0.00146768 0.000626739
0.487984 0.238701 0.241092 0.23631 0.0609946 0.0696314 0.0523579 0.0775635 0.00239108 0.00863677 0.00143074 0.000616459
0.491375 0.235384 0.237708 0.233061 0.0596129 0.0680288 0.051197 0.0767273 0.00232315 0.00841591 0.00139465 0.000606256
0.494765 0.232062 0.234319 0.229805 0.0582469 0.0664465 0.0500473 0.0758937 0.00225703 0.00819963 0.00135938 0.000596131
0.498156 0.228735 0.230927 0.226542 0.0568968 0.0648846 0.048909 0.0750623 0.00219265 0.00798782 0.00132492 0.000586083
0.501547 0.225402 0.227532 0.223272 0.0555628 0.0633433 0.0477824 0.0742333 0.00212998 0.00778044 0.00129124 0.000576113
0.504938 0.222067 0.224136 0.219998 0.0542451 0.0618225 0.0466677 0.0734063 0.00206897 0.00757738 0.00125833 0.000566219
0.508329 0.218728 0.220737 0.216718 0.0529438 0.0603224 0.0455653 0.0725814 0.00200957 0.00737859 0.00122617 0.000556403
0.51172 0.215386 0.217338 0.213434 0.0516592 0.0588432 0.0444752 0.0717585 0.00195173 0.00718399 0.00119473 0.000546664
0.51511 0.212043 0.213938 0.210148 0.0503912 0.0573847 0.0433977 0.0709373 0.00189542 0.00699351 0.001164 0.000537002
0.518501 0.208699 0.21054 0.206858 0.0491401 0.0559472 0.0423331 0.070118 0.00184059 0.00680708 0.00113397 0.000527418
0.521892 0.205355 0.207142 0.203568 0.0479061 0.0545307 0.0412815 0.0693003 0.0017872 0.00662462 0.00110461 0.000517912
0.525283 0.202011 0.203747 0.200276 0.0466891 0.0531352 0.0402431 0.0684842 0.00173521 0.00644607 0.00107591 0.000508484
0.528674 0.19867 0.200354 0.196985 0.0454895 0.0517608 0.0392181 0.0676697 0.00168459 0.00627136 0.00104786 0.000499133
0.532065 0.19533 0.196966 0.193695 0.0443072 0.0504076 0.0382068 0.0668566 0.00163529 0.00610042 0.00102043 0.000489862
0.535455 0.191994 0.193581 0.190407 0.0431423 0.0490755 0.0372091 0.066045 0.00158729 0.0059332 0.000993616 0.000480669
0.538846 0.188662 0.190203 0.187122 0.041995 0.0477647 0.0362254 0.0652348 0.00154054 0.00576962 0.000967402 0.000471555
0.542237 0.185335 0.18683 0.18384 0.0408654 0.046475 0.0352558 0.0644259 0.00149502 0.00560962 0.000941773 0.000462521
0.545628 0.182014 0.183465 0.180564 0.0397534 0.0452066 0.0343003 0.0636184 0.00145069 0.00545314 0.000916716 0.000453566
0.549019 0.1787 0.180107 0.177292 0.0386593 0.0439594 0.0333592 0.0628122 0.00140752 0.00530012 0.000892217 0.000444692
0.55241 0.175393 0.176759 0.174028 0.037583 0.0427335 0.0324325 0.0620072 0.00136548 0.00515049 0.000868264 0.000435899
0.5558 0.172095 0.17342 0.170771 0.0365246 0.0415288 0.0315204 0.0612036 0.00132454 0.0050042 0.000844844 0.000427187
0.559191 0.168807 0.170092 0.167522 0.0354841 0.0403453 0.0306229 0.0604011 0.00128467 0.00486119 0.000821946 0.000418557
0.562582 0.165529 0.166775 0.164283 0.0344616 0.039183 0.0297402 0.0596 0.00124585 0.0047214 0.000799558 0.000410008
0.565973 0.162263 0.163471 0.161055 0.0334571 0.0380419 0.0288723 0.0588001 0.00120804 0.00458478 0.000777668 0.000401543
0.569364 0.159009 0.16018 0.157837 0.0324706 0.0369218 0.0280193 0.0580015 0.00117122 0.00445126 0.000756266 0.000393161
0.572755 0.155768 0.156904 0.154633 0.0315021 0.0358229 0.0271813 0.0572043 0.00113537 0.0043208 0.00073534 0.000384862
0.576146 0.152542 0.153643 0.151442 0.0305516 0.0347449 0.0263583 0.0564083 0.00110046 0.00419333 0.000714882 0.000376648
0.579536 0.149331 0.150398 0.148265 0.0296191 0.0336879 0.0255503 0.0556137 0.00106647 0.00406881 0.00069488 0.000368519
0.582927 0.146137 0.14717 0.145104 0.0287046 0.0326518 0.0247574 0.0548205 0.00103337 0.00394718 0.000675325 0.000360475
0.586318 0.14296 0.143961 0.141959 0.027808 0.0316364 0.0239796 0.0540288 0.00100114 0.0038284 0.000656208 0.000352517
0.589709 0.139801 0.140771 0.138831 0.0269294 0.0306418 0.023217 0.0532385 0.000969761 0.0037124 0.00063752 0.000344646
0.5931 0.136661 0.137601 0.135722 0.0260686 0.0296677 0.0224695 0.0524497 0.000939209 0.00359914 0.000619251 0.000336861
0.596491 0.133542 0.134452 0.132633 0.0252256 0.0287142 0.0217371 0.0516626 0.000909465 0.00348857 0.000601393 0.000329164
0.599881 0.130444 0.131325 0.129564 0.0244004 0.0277811 0.0210198 0.0508771 0.000880507 0.00338064 0.000583937 0.000321556
0.603272 0.127369 0.128221 0.126516 0.0235929 0.0268682 0.0203176 0.0500933 0.000852318 0.00327531 0.000566876 0.000314036
0.606663 0.124316 0.125141 0.123491 0.022803 0.0259755 0.0196304 0.0493114 0.000824877 0.00317252 0.000550201 0.000306605
0.610054 0.121287 0.122086 0.120489 0.0220305 0.0251028 0.0189583 0.0485313 0.000798167 0.00307223 0.000533905 0.000299264
0.613445 0.118284 0.119056 0.117512 0.0212755 0.0242499 0.0183011 0.0477532 0.00077217 0.00297439 0.000517981 0.000292014
0.616836 0.115307 0.116054 0.11456 0.0205378 0.0234168 0.0176589 0.0469771 0.000746868 0.00287897 0.00050242 0.000284854
0.620226 0.112357 0.113079 0.111634 0.0198173 0.0226032 0.0170314 0.0462032 0.000722245 0.0027859 0.000487217 0.000277785
0.623617 0.109434 0.110133 0.108736 0.0191139 0.0218091 0.0164187 0.0454315 0.000698284 0.00269516 0.000472363 0.000270808
0.627008 0.106541 0.107216 0.105866 0.0184274 0.0210341 0.0158207 0.0446621 0.000674969 0.00260669 0.000457853 0.000263924
0.630399 0.103677 0.104329 0.103025 0.0177578 0.0202783 0.0152373 0.0438952 0.000652285 0.00252046 0.00044368 0.000257132
0.63379 0.100844 0.101475 0.100214 0.0171048 0.0195413 0.0146684 0.0431308 0.000630217 0.00243642 0.000429837 0.000250434
0.637181 0.098043 0.0986517 0.0974342 0.0164684 0.0188229 0.0141139 0.0423691 0.00060875 0.00235453 0.000416318 0.000243829
0.640571 0.0952741 0.0958619 0.0946862 0.0158483 0.0181231 0.0135736 0.0416102 0.000587869 0.00227476 0.000403118 0.000237318
0.643962 0.0925382 0.0931058 0.0919706 0.0152445 0.0174415 0.0130474 0.0408542 0.000567562 0.00219705 0.000390229 0.000230901
0.647353 0.0898367 0.0903845 0.0892889 0.0146567 0.0167781 0.0125353 0.0401012 0.000547814 0.00212138 0.000377648 0.000224579
0.650744 0.0871701 0.0876987 0.0866415 0.0140848 0.0161325 0.0120371 0.0393513 0.000528612 0.00204769 0.000365367 0.000218352
0.654135 0.0845392 0.0850491 0.0840292 0.0135285 0.0155045 0.0115526 0.0386047 0.000509944 0.00197597 0.000353382 0.000212221
0.657526 0.0819448 0.0824366 0.081453 0.0129878 0.014894 0.0110816 0.0378615 0.000491797 0.00190616 0.000341686 0.000206185
0.660916 0.0793876 0.0798618 0.0789135 0.0124624 0.0143006 0.0106242 0.0371219 0.000474159 0.00183822 0.000330276 0.000200245
0.664307 0.0768682 0.0773252 0.0764112 0.0119521 0.0137242 0.01018 0.0363859 0.000457018 0.00177214 0.000319145 0.000194402
0.667698 0.0743877 0.0748281 0.0739474 0.0114567 0.0131646 0.00974888 0.0356537 0.000440363 0.00170786 0.000308289 0.000188654
0.671089 0.0719463 0.0723704 0.0715221 0.0109761 0.0126214 0.00933072 0.0349255 0.000424182 0.00164535 0.000297703 0.000183004
0.67448 0.069545 0.0699534 0.0691365 0.0105099 0.0120945 0.00892534 0.0342014 0.000408464 0.00158458 0.000287382 0.00017745
0.677871 0.0671842 0.0675774 0.066791 0.010058 0.0115835 0.00853252 0.0334815 0.0003932 0.00152551 0.000277321 0.000171993
0.681261 0.0648645 0.0652429 0.0644861 0.0096202 0.0110883 0.0081521 0.032766 0.000378377 0.0014681 0.000267516 0.000166633
0.684652 0.0625864 0.0629504 0.0622224 0.00919623 0.0106086 0.00778389 0.0320551 0.000363986 0.00141234 0.000257963 0.00016137
0.688043 0.0603504 0.0607004 0.0600004 0.00878587 0.010144 0.0074277 0.0313488 0.000350018 0.00135817 0.000248656 0.000156204
0.691434 0.0581573 0.0584937 0.0578208 0.00838888 0.00969446 0.00708331 0.0306473 0.000336462 0.00130558 0.000239591 0.000151135
0.694825 0.0560073 0.0563306 0.0556839 0.00800505 0.00925957 0.00675053 0.0299509 0.000323309 0.00125452 0.000230765 0.000146163
0.698216 0.0539007 0.0542113 0.0535902 0.00763414 0.0088391 0.00642917 0.0292595 0.000310551 0.00120497 0.000222173 0.000141288
0.701606 0.0518381 0.0521363 0.05154 0.0072759 0.00843279 0.00611901 0.0285735 0.000298176 0.00115689 0.000213811 0.00013651
0.704997 0.0498198 0.050106 0.0495336 0.0069301 0.00804036 0.00581984 0.0278929 0.000286178 0.00111026 0.000205675 0.000131828
0.708388 0.047846 0.0481206 0.0475715 0.00659647 0.00766151 0.00553143 0.0272178 0.000274547 0.00106504 0.000197761 0.000127243
0.711779 0.0459171 0.0461804 0.0456538 0.00627477 0.00729597 0.00525357 0.0265485 0.000263276 0.0010212 0.000190065 0.000122755
0.71517 0.0440332 0.0442855 0.0437808 0.0059648 0.00694352 0.00498607 0.0258851 0.000252354 0.000978722 0.000182584 0.000118363
0.718561 0.0421945 0.0424363 0.0419527 0.00566626 0.00660382 0.00472869 0.0252278 0.000241776 0.000937568 0.000175312 0.000114066
0.721951 0.0404012 0.0406328 0.0401697 0.00537891 0.00627662 0.0044812 0.0245766 0.000231532 0.000897711 0.000168248 0.000109865
0.725342 0.0386535 0.0388751 0.0384318 0.00510252 0.00596164 0.00424339 0.0239317 0.000221615 0.000859123 0.000161386 0.000105759
0.728733 0.0369512 0.0371633 0.0367392 0.00483682 0.00565859 0.00401504 0.0232934 0.000212018 0.000821776 0.000154724 0.000101748
0.732124 0.0352946 0.0354973 0.0350919 0.00458156 0.0053672 0.00379591 0.0226617 0.000202733 0.000785644 0.000148258 9.78317e-05
0.735515 0.0336835 0.0338773 0.0334898 0.00433649 0.00508719 0.00358579 0.0220368 0.000193752 0.000750699 0.000141984 9.40091e-05
0.738906 0.032118 0.032303 0.0319329 0.00410136 0.00481827 0.00338444 0.0214188 0.000185069 0.000716915 0.000135899 9.02799e-05
0.742296 0.0305978 0.0307745 0.0304212 0.00387591 0.00456018 0.00319165 0.0208079 0.000176677 0.000684266 0.000129999 8.66436e-05
0.745687 0.029123 0.0292916 0.0289544 0.00365991 0.00431263 0.00300718 0.0202042 0.000168569 0.000652725 0.000124282 8.30997e-05
0.749078 0.0276932 0.027854 0.0275325 0.00345308 0.00407535 0.00283082 0.0196078 0.000160738 0.000622268 0.000118742 7.96476e-05
0.752469 0.0263084 0.0264615 0.0261552 0.0032552 0.00384806 0.00266233 0.019019 0.000153178 0.000592869 0.000113378 7.62867e-05
0.75586 0.0249681 0.025114 0.0248222 0.003066 0.0036305 0.00250149 0.0184378 0.000145882 0.000564504 0.000108186 7.30162e-05
0.759251 0.0236721 0.023811 0.0235333 0.00288523 0.00342238 0.00234809 0.0178643 0.000138843 0.000537147 0.000103163 6.98355e-05
0.762641 0.0224201 0.0225522 0.0222881 0.00271267 0.00322345 0.00220189 0.0172988 0.000132057 0.000510776 9.83053e-05 6.67439e-05
0.766032 0.0212117 0.0213372 0.0210862 0.00254805 0.00303342 0.00206269 0.0167412 0.000125515 0.000485367 9.36096e-05 6.37405e-05
0.769423 0.0200465 0.0201657 0.0199273 0.00239115 0.00285204 0.00193025 0.0161918 0.000119214 0.000460896 8.9073e-05 6.08246e-05
0.772814 0.0189239 0.0190371 0.0188108 0.00224171 0.00267905 0.00180437 0.0156507 0.000113146 0.00043734 8.46923e-05 5.79953e-05
0.776205 0.0178436 0.0179509 0.0177363 0.0020995 0.00251418 0.00168483 0.015118 0.000107306 0.000414676 8.04643e-05 5.52518e-05
0.779596 0.016805 0.0169066 0.0167033 0.00196429 0.00235718 0.00157141 0.0145937 0.000101688 0.000392883 7.6386e-05 5.25932e-05
0.782986 0.0158074 0.0159037 0.0157111 0.00183585 0.00220778 0.00146391 0.0140781 9.62861e-05 0.000371938 7.24543e-05 5.00185e-05
0.786377 0.0148504 0.0149415 0.0147593 0.00171393 0.00206575 0.00136211 0.0135712 9.10957e-05 0.000351819 6.86661e-05 4.75267e-05
0.789768 0.0139332 0.0140193 0.0138471 0.00159833 0.00193083 0.00126582 0.0130732 8.6111e-05 0.000332505 6.50183e-05 4.51168e-05
0.793159 0.0130552 0.0131365 0.0129738 0.00148881 0.00180278 0.00117483 0.012584 8.13266e-05 0.000313975 6.15081e-05 4.27879e-05
0.79655 0.0122157 0.0122924 0.0121389 0.00138515 0.00168136 0.00108895 0.0121039 7.67372e-05 0.000296208 5.81323e-05 4.05388e-05
0.799941 0.0114139 0.0114863 0.0113416 0.00128714 0.00156633 0.00100796 0.0116329 7.23378e-05 0.000279183 5.4888e-05 3.83684e-05
0.803332 0.0106492 0.0107173 0.0105811 0.00119457 0.00145745 0.000931687 0.0111711 6.81232e-05 0.00026288 5.17723e-05 3.62757e-05
0.806722 0.00992065 0.00998474 0.00985656 0.00110722 0.0013545 0.000859935 0.0107185 6.40885e-05 0.00024728 4.87822e-05 3.42595e-05
0.810113 0.00922753 0.00928776 0.00916731 0.00102488 0.00125724 0.000792516 0.0102754 6.02287e-05 0.000232363 4.59148e-05 3.23185e-05
0.813504 0.00856897 0.00862551 0.00851243 0.00094736 0.00116547 0.000729251 0.00984164 5.6539e-05 0.000218109 4.31672e-05 3.04517e-05
0.816895 0.00794413 0.00799714 0.00789111 0.000874456 0.00107896 0.000669957 0.00941741 5.30146e-05 0.000204499 4.05366e-05 2.86577e-05
0.820286 0.00735211 0.00740176 0.00730246 0.000805975 0.00099749 0.000614459 0.00900275 4.96508e-05 0.000191515 3.802e-05 2.69353e-05
0.823677 0.00679201 0.00683845 0.00674557 0.000741726 0.000920864 0.000562589 0.00859772 4.64429e-05 0.000179138 3.56146e-05 2.52832e-05
0.827067 0.00626296 0.00630634 0.00621957 0.000681523 0.000848873 0.000514174 0.00820237 4.33864e-05 0.000167349 3.33176e-05 2.37001e-05
0.830458 0.00576398 0.00580445 0.0057235 0.000625184 0.000781316 0.000469052 0.00781674 4.04768e-05 0.000156132 3.11261e-05 2.21847e-05
0.833849 0.00529415 0.00533186 0.00525644 0.000572533 0.000718 0.000427066 0.00744089 3.77096e-05 0.000145467 2.90375e-05 2.07356e-05
0.83724 0.00485251 0.00488759 0.00481743 0.000523395 0.000658732 0.000388057 0.00707483 3.50805e-05 0.000135338 2.70488e-05 1.93515e-05
0.840631 0.00443811 0.00447069 0.00440552 0.000477602 0.000603329 0.000351875 0.00671862 3.25852e-05 0.000125727 2.51574e-05 1.80309e-05
0.844022 0.00404997 0.00408018 0.00401975 0.000434989 0.000551607 0.000318371 0.00637226 3.02194e-05 0.000116618 2.33604e-05 1.67724e-05
0.847412 0.00368711 0.00371508 0.00365913 0.000395397 0.000503391 0.000287404 0.00603578 2.79788e-05 0.000107993 2.16552e-05 1.55747e-05
0.850803 0.00334855 0.00337441 0.00332269 0.000358671 0.000458509 0.000258834 0.0057092 2.58595e-05 9.98374e-05 2.00391e-05 1.44362e-05
0.854194 0.00303333 0.00305718 0.00300947 0.00032466 0.000416794 0.000232526 0.00539251 2.38573e-05 9.21338e-05 1.85093e-05 1.33555e-05
0.857585 0.00274045 0.00276241 0.00271848 0.000293218 0.000378085 0.000208351 0.00508572 2.19681e-05 8.48667e-05 1.70632e-05 1.23311e-05
0.860976 0.00246893 0.00248912 0.00244875 0.000264203 0.000342223 0.000186183 0.00478883 2.01881e-05 7.80203e-05 1.56982e-05 1.13616e-05
0.864367 0.00221782 0.00223633 0.0021993 0.000237478 0.000309058 0.000165899 0.00450181 1.85133e-05 7.15794e-05 1.44115e-05 1.04453e-05
0.867757 0.00198613 0.00200307 0.00196919 0.000212912 0.00027844 0.000147383 0.00422465 1.694e-05 6.55287e-05 1.32006e-05 9.58079e-06
0.871148 0.00177292 0.00178838 0.00175745 0.000190375 0.000250228 0.000130522 0.00395732 1.54642e-05 5.98534e-05 1.20628e-05 8.76655e-06
0.874539 0.00157723 0.00159131 0.00156315 0.000169745 0.000224284 0.000115206 0.0036998 1.40823e-05 5.45388e-05 1.09956e-05 8.00102e-06
0.87793 0.00139813 0.00141092 0.00138534 0.000150904 0.000200474 0.000101333 0.00345203 1.27906e-05 4.95706e-05 9.99643e-06 7.28265e-06
0.881321 0.0012347 0.00124629 0.00122312 0.000133736 0.000178671 8.88015e-05 0.00321397 1.15854e-05 4.49345e-05 9.06274e-06 6.60989e-06
0.884712 0.00108604 0.0010965 0.00107557 0.000118132 0.000158749 7.75157e-05 0.00298557 1.04633e-05 4.06167e-05 8.19201e-06 5.98116e-06
0.888102 0.000951244 0.000960664 0.000941823 0.000103988 0.000140591 6.73841e-05 0.00276677 9.42061e-06 3.66035e-05 7.38175e-06 5.3949e-06
0.891493 0.000829458 0.000837912 0.000821004 9.12009e-05 0.000124082 5.83194e-05 0.00255749 8.45396e-06 3.28815e-05 6.62947e-06 4.84955e-06
0.894884 0.000719828 0.000727388 0.000712268 7.96755e-05 0.000109113 5.0238e-05 0.00235766 7.55993e-06 2.94374e-05 5.93274e-06 4.34353e-06
0.898275 0.000621529 0.000628264 0.000614794 6.93191e-05 9.55775e-05 4.30607e-05 0.00216719 6.73517e-06 2.62584e-05 5.28913e-06 3.87526e-06
0.901666 0.000533756 0.000539732 0.00052778 6.00438e-05 8.33755e-05 3.6712e-05 0.001986 5.97638e-06 2.33317e-05 4.69623e-06 3.44317e-06
0.905057 0.000455733 0.000461013 0.000450452 5.17657e-05 7.24106e-05 3.11208e-05 0.00181397 5.28031e-06 2.06449e-05 4.15168e-06 3.04569e-06
0.908447 0.000386706 0.00039135 0.000382063 4.44052e-05 6.25909e-05 2.62195e-05 0.00165101 4.64379e-06 1.81857e-05 3.65313e-06 2.68125e-06
0.911838 0.00032595 0.000330014 0.000321886 3.78866e-05 5.38287e-05 2.19445e-05 0.00149698 4.06369e-06 1.59421e-05 3.19826e-06 2.34829e-06
0.915229 0.000272768 0.000276305 0.000269231 3.21382e-05 4.60406e-05 1.82357e-05 0.00135178 3.53692e-06 1.39025e-05 2.78479e-06 2.04526e-06
0.91862 0.000226493 0.000229553 0.000223432 2.70921e-05 3.91473e-05 1.50369e-05 0.00121525 3.06048e-06 1.20552e-05 2.41045e-06 1.7706e-06
0.922011 0.000186485 0.000189116 0.000183854 2.26845e-05 3.30736e-05 1.22954e-05 0.00108727 2.63141e-06 1.03891e-05 2.07303e-06 1.52278e-06
0.925402 0.000152138 0.000154385 0.000149892 1.88552e-05 2.77483e-05 9.96206e-06 0.000967672 2.2468e-06 8.89311e-06 1.77033e-06 1.30027e-06
0.928792 0.000122877 0.000124781 0.000120973 1.55475e-05 2.31039e-05 7.99103e-06 0.000856299 1.90382e-06 7.55646e-06 1.5002e-06 1.10156e-06
0.932183 9.81562e-05 9.97559e-05 9.65565e-05 1.27085e-05 1.90771e-05 6.33983e-06 0.000752977 1.59968e-06 6.36862e-06 1.26051e-06 9.25145e-07
0.935574 7.74647e-05 7.87963e-05 7.6133e-05 1.02886e-05 1.56079e-05 4.96924e-06 0.000657526 1.33167e-06 5.31932e-06 1.04918e-06 7.69548e-07
0.938965 6.0323e-05 6.14201e-05 5.92259e-05 8.24168e-06 1.26402e-05 3.84315e-06 0.000569754 1.09712e-06 4.39853e-06 8.64167e-07 6.33305e-07
0.942356 4.62844e-05 4.71779e-05 4.5391e-05 6.52491e-06 1.01214e-05 2.92843e-06 0.000489458 8.93451e-07 3.59647e-06 7.03466e-07 5.14972e-07
0.945747 3.4935e-05 3.56531e-05 3.42169e-05 5.09859e-06 8.00222e-06 2.19495e-06 0.000416423 7.18128e-07 2.90364e-06 5.65115e-07 4.1313e-07
0.949137 2.58934e-05 2.64621e-05 2.53247e-05 3.92612e-06 6.23687e-06 1.61536e-06 0.000350426 5.68694e-07 2.31076e-06 4.472e-07 3.26384e-07
0.952528 1.88108e-05 1.92535e-05 1.8368e-05 2.97387e-06 4.78271e-06 1.16503e-06 0.000291227 4.42756e-07 1.80884e-06 3.47851e-07 2.53366e-07
0.955919 1.33704e-05 1.37084e-05 1.30324e-05 2.2111e-06 3.60027e-06 8.21935e-07 0.000238578 3.37996e-07 1.38917e-06 2.65248e-07 1.9274e-07
0.95931 9.28746e-06 9.53963e-06 9.0353e-06 1.60986e-06 2.65314e-06 5.66569e-07 0.000192213 2.52166e-07 1.04329e-06 1.97625e-07 1.432e-07
0.962701 6.3081e-06 6.4912e-06 6.125e-06 1.14483e-06 1.90786e-06 3.818e-07 0.000151857 1.83098e-07 7.63031e-07 1.43269e-07 1.03479e-07
0.966092 4.20943e-06 4.33813e-06 4.08072e-06 7.93313e-07 1.33384e-06 2.52788e-07 0.000117216 1.28703e-07 5.40526e-07 1.00527e-07 7.2345e-08
0.969482 2.79886e-06 2.88584e-06 2.71189e-06 5.35079e-07 9.03279e-07 1.6688e-07 8.79808e-05 8.69757e-08 3.682e-07 6.7807e-08 4.86125e-08
0.972873 1.91388e-06 1.96988e-06 1.85788e-06 3.52337e-07 5.91131e-07 1.13542e-07 6.38281e-05 5.59977e-08 2.38794e-07 4.35848e-08 3.11405e-08
0.976264 1.42284e-06 1.45679e-06 1.3889e-06 2.29724e-07 3.75104e-07 8.43427e-08 4.4417e-05 3.39457e-08 1.45381e-07 2.64069e-08 1.88401e-08
0.979655 1.2283e-06 1.2474e-06 1.20921e-06 1.54481e-07 2.35862e-07 7.3101e-08 2.93956e-05 1.90951e-08 8.13805e-08 1.48971e-08 1.06785e-08
0.983046 1.28003e-06 1.28986e-06 1.2702e-06 1.17217e-07 1.57805e-07 7.6628e-08 1.84151e-05 9.82824e-09 4.05885e-08 7.76276e-09 5.68459e-09
0.986437 1.63687e-06 1.64151e-06 1.63223e-06 1.15622e-07 1.3283e-07 9.84134e-08 1.11965e-05 4.63964e-09 1.72084e-08 3.79883e-09 2.95182e-09
0.989827 3.22149e-06 3.22362e-06 3.21937e-06 1.99992e-07 2.05888e-07 1.94095e-07 7.938e-06 2.12459e-09 5.89615e-09 1.87325e-09 1.61973e-09
0.993218 9.90699e-06 9.90729e-06 9.90669e-06 5.99846e-07 6.02419e-07 5.97273e-07 3.08614e-05 3.02991e-10 2.57328e-09 1.52246e-10 1.05879e-22
4.01075e-314 inf inf inf inf inf inf 0.000104655 3.97247 0.288375 0.133261 0.0365247
