9.72476e-05 4.82231 5.21525 4.42938 2.00733 2.20084 1.81383 5.3143 0.392938 0.193509 0.0473271 0.0391175
0.0001 4.79633 5.18876 4.4039 1.99665 2.19001 1.80328 5.27659 0.392429 0.193365 0.0471702 0.0388703
0.00010283 4.77096 5.16288 4.37904 1.98622 2.17944 1.793 5.23908 0.391921 0.193222 0.0470153 0.0386242
0.000105741 4.74927 5.14068 4.35785 1.97733 2.17041 1.78425 5.20177 0.391413 0.19308 0.0468626 0.0383792
0.000108734 4.72279 5.11369 4.33188 1.96644 2.15938 1.7735 5.16466 0.390906 0.192939 0.0467118 0.0381353
0.000111811 4.69644 5.08684 4.30604 1.9556 2.1484 1.7628 5.12774 0.390399 0.192799 0.0465633 0.0378926
0.000114976 4.67022 5.06011 4.28032 1.94482 2.13748 1.75216 5.09101 0.389893 0.19266 0.0464168 0.0376509
0.00011823 4.64412 5.03351 4.25473 1.93409 2.12661 1.74157 5.05447 0.389388 0.192522 0.0462724 0.0374104
0.000121576 4.61815 5.00703 4.22926 1.92342 2.1158 1.73103 5.01813 0.388883 0.192385 0.0461302 0.037171
0.000125017 4.59229 4.98067 4.20391 1.91279 2.10504 1.72054 4.98198 0.388378 0.192249 0.04599 0.0369326
0.000128556 4.56656 4.95444 4.17869 1.90222 2.09433 1.71011 4.94602 0.387875 0.192114 0.045852 0.0366953
0.000132194 4.54096 4.92833 4.15359 1.8917 2.08368 1.69972 4.91025 0.387371 0.19198 0.0457162 0.0364592
0.000135936 4.51548 4.90235 4.12861 1.88124 2.07308 1.68939 4.87466 0.386868 0.191847 0.0455824 0.0362241
0.000139783 4.49012 4.87648 4.10375 1.87082 2.06253 1.6791 4.83927 0.386366 0.191715 0.0454508 0.0359901
0.000143739 4.46488 4.85074 4.07901 1.86046 2.05204 1.66887 4.80406 0.385864 0.191585 0.0453214 0.0357572
0.000147808 4.43976 4.82512 4.0544 1.85014 2.0416 1.65869 4.76904 0.385362 0.191455 0.0451941 0.0355253
0.000151991 4.41476 4.79962 4.0299 1.83988 2.03121 1.64855 4.7342 0.384861 0.191326 0.0450691 0.0352946
0.000156293 4.38988 4.77424 4.00552 1.82967 2.02087 1.63847 4.69955 0.38436 0.191198 0.0449461 0.0350649
0.000160717 4.36512 4.74898 3.98126 1.81951 2.01058 1.62844 4.66509 0.38386 0.191071 0.0448254 0.0348363
0.000165265 4.34048 4.72384 3.95712 1.8094 2.00034 1.61845 4.6308 0.38336 0.190944 0.0447068 0.0346087
0.000169943 4.31596 4.69882 3.9331 1.79934 1.99016 1.60852 4.5967 0.38286 0.190819 0.0445905 0.0343822
0.000174753 4.29155 4.67391 3.90919 1.78933 1.98002 1.59863 4.56278 0.38236 0.190695 0.0444764 0.0341568
0.000179699 4.26726 4.64912 3.8854 1.77937 1.96994 1.5888 4.52904 0.381861 0.190572 0.0443644 0.0339324
0.000184785 4.2431 4.62446 3.86174 1.76946 1.95991 1.57901 4.49548 0.381361 0.190449 0.0442548 0.0337091
0.000190015 4.21904 4.5999 3.83818 1.7596 1.94992 1.56927 4.46211 0.380862 0.190328 0.0441473 0.0334868
0.000195393 4.1951 4.57547 3.81474 1.74978 1.93999 1.55958 4.42891 0.380363 0.190207 0.044042 0.0332656
0.000200923 4.17128 4.55115 3.79142 1.74002 1.93011 1.54993 4.39589 0.379864 0.190088 0.043939 0.0330454
0.00020661 4.14757 4.52694 3.76821 1.73031 1.92028 1.54034 4.36304 0.379366 0.189969 0.0438383 0.0328263
0.000212458 4.12398 4.50284 3.74511 1.72064 1.91049 1.53079 4.33037 0.378867 0.189851 0.0437398 0.0326082
0.000218471 4.1005 4.47887 3.72213 1.71102 1.90076 1.52129 4.29788 0.378368 0.189734 0.0436436 0.0323912
0.000224655 4.07713 4.455 3.69926 1.70146 1.89107 1.51184 4.26556 0.37787 0.189618 0.0435496 0.0321752
0.000231013 4.05388 4.43125 3.67651 1.69193 1.88144 1.50243 4.23342 0.377371 0.189502 0.0434579 0.0319602
0.000237551 4.03074 4.40761 3.65387 1.68246 1.87185 1.49307 4.20145 0.376872 0.189388 0.0433686 0.0317463
0.000244275 4.00771 4.38408 3.63133 1.67304 1.86231 1.48376 4.16965 0.376373 0.189274 0.0432815 0.0315334
0.000251189 3.98479 4.36066 3.60892 1.66366 1.85282 1.4745 4.13803 0.375874 0.189161 0.0431967 0.0313215
0.000258298 3.96199 4.33736 3.58661 1.65433 1.84338 1.46528 4.10658 0.375375 0.189049 0.0431142 0.0311106
0.000265609 3.93929 4.31416 3.56441 1.64504 1.83398 1.45611 4.07529 0.374876 0.188938 0.0430341 0.0309008
0.000273126 3.9167 4.29108 3.54233 1.63581 1.82463 1.44698 4.04418 0.374376 0.188827 0.0429562 0.0306919
0.000280857 3.89423 4.26811 3.52035 1.62662 1.81534 1.4379 4.01323 0.373876 0.188717 0.0428808 0.0304842
0.000288806 3.87186 4.24524 3.49849 1.61747 1.80608 1.42887 3.98246 0.373376 0.188608 0.0428077 0.0302774
0.00029698 3.8496 4.22248 3.47673 1.60838 1.79688 1.41988 3.95185 0.372875 0.1885 0.0427369 0.0300716
0.000305386 3.82746 4.19983 3.45508 1.59933 1.78772 1.41093 3.92141 0.372374 0.188393 0.0426685 0.0298668
0.000314029 3.80541 4.17728 3.43354 1.59032 1.77861 1.40203 3.89114 0.371873 0.188286 0.0426024 0.029663
0.000322917 3.78348 4.15485 3.41211 1.58136 1.76954 1.39318 3.86103 0.371371 0.18818 0.0425387 0.0294603
0.000332057 3.76165 4.13252 3.39078 1.57245 1.76052 1.38437 3.83109 0.370868 0.188074 0.0424774 0.0292585
0.000341455 3.73993 4.11029 3.36956 1.56358 1.75155 1.37561 3.80131 0.370365 0.18797 0.0424185 0.0290578
0.000351119 3.71831 4.08817 3.34845 1.55476 1.74262 1.36689 3.77169 0.369861 0.187866 0.042362 0.028858
0.000361057 3.6968 4.06616 3.32744 1.54598 1.73374 1.35821 3.74224 0.369357 0.187763 0.0423079 0.0286592
0.000371276 3.6754 4.04425 3.30655 1.53724 1.7249 1.34958 3.71295 0.368852 0.18766 0.0422562 0.0284615
0.000381784 3.6541 4.02244 3.28575 1.52856 1.71611 1.341 3.68382 0.368346 0.187558 0.0422069 0.0282647
0.00039259 3.6329 4.00074 3.26506 1.51991 1.70737 1.33245 3.65485 0.36784 0.187457 0.0421601 0.0280689
0.000403702 3.61181 3.97914 3.24448 1.51131 1.69867 1.32395 3.62604 0.367332 0.187356 0.0421157 0.0278741
0.000415128 3.59082 3.95765 3.224 1.50275 1.69001 1.3155 3.59739 0.366824 0.187256 0.0420737 0.0276802
0.000426877 3.56993 3.93625 3.20362 1.49424 1.6814 1.30709 3.56891 0.366315 0.187156 0.0420342 0.0274874
0.000438959 3.54915 3.91495 3.18335 1.48577 1.67283 1.29872 3.54057 0.365804 0.187057 0.0419972 0.0272955
0.000451383 3.52847 3.89376 3.16317 1.47735 1.66431 1.29039 3.5124 0.365293 0.186959 0.0419626 0.0271046
0.000464159 3.50789 3.87267 3.14311 1.46897 1.65583 1.28211 3.48438 0.36478 0.186861 0.0419305 0.0269147
0.000477296 3.48741 3.85167 3.12314 1.46063 1.64739 1.27387 3.45652 0.364267 0.186764 0.0419009 0.0267258
0.000490805 3.46703 3.83078 3.10328 1.45233 1.639 1.26567 3.42882 0.363752 0.186667 0.0418737 0.0265378
0.000504697 3.44675 3.80999 3.08351 1.44408 1.63065 1.25751 3.40127 0.363236 0.186571 0.0418491 0.0263508
0.000518981 3.42657 3.78929 3.06385 1.43587 1.62235 1.2494 3.37387 0.362718 0.186475 0.0418269 0.0261647
0.00053367 3.40649 3.76869 3.04429 1.42771 1.61408 1.24133 3.34663 0.362199 0.18638 0.0418073 0.0259796
0.000548775 3.3865 3.74818 3.02482 1.41958 1.60586 1.2333 3.31955 0.361679 0.186285 0.0417901 0.0257955
0.000564307 3.36662 3.72778 3.00546 1.4115 1.59769 1.22531 3.29261 0.361157 0.18619 0.0417755 0.0256124
0.000580278 3.34683 3.70747 2.9862 1.40346 1.58955 1.21736 3.26583 0.360634 0.186096 0.0417634 0.0254302
0.000596702 3.32714 3.68725 2.96704 1.39546 1.58146 1.20945 3.23919 0.360108 0.186003 0.0417539 0.0252489
0.000613591 3.30755 3.66713 2.94797 1.3875 1.57341 1.20159 3.21271 0.359582 0.185909 0.0417468 0.0250686
0.000630957 3.28805 3.64711 2.929 1.37958 1.5654 1.19377 3.18638 0.359053 0.185817 0.0417424 0.0248893
0.000648815 3.26866 3.62718 2.91014 1.37171 1.55743 1.18598 3.1602 0.358522 0.185724 0.0417404 0.0247109
0.000667179 3.24935 3.60734 2.89136 1.36387 1.54951 1.17824 3.13416 0.35799 0.185632 0.041741 0.0245334
0.000686062 3.23014 3.5876 2.87269 1.35608 1.54162 1.17054 3.10828 0.357455 0.18554 0.0417442 0.0243569
0.00070548 3.21103 3.56795 2.85411 1.34833 1.53378 1.16288 3.08254 0.356918 0.185448 0.0417499 0.0241813
0.000725448 3.19201 3.54839 2.83563 1.34062 1.52597 1.15526 3.05695 0.35638 0.185357 0.0417582 0.0240067
0.00074598 3.17308 3.52892 2.81724 1.33295 1.51821 1.14768 3.0315 0.355839 0.185266 0.041769 0.023833
0.000767094 3.15425 3.50954 2.79895 1.32531 1.51049 1.14014 3.00621 0.355295 0.185175 0.0417825 0.0236603
0.000788805 3.13551 3.49026 2.78076 1.31772 1.50281 1.13264 2.98105 0.354749 0.185085 0.0417985 0.0234885
0.000811131 3.11686 3.47106 2.76266 1.31017 1.49517 1.12518 2.95604 0.354201 0.184994 0.0418171 0.0233176
0.000834088 3.0983 3.45195 2.74465 1.30266 1.48756 1.11776 2.93118 0.35365 0.184904 0.0418382 0.0231476
0.000857696 3.07984 3.43293 2.72674 1.29519 1.48 1.11037 2.90646 0.353096 0.184814 0.0418619 0.0229786
0.000881971 3.06146 3.414 2.70892 1.28775 1.47248 1.10303 2.88188 0.35254 0.184724 0.0418882 0.0228105
0.000906934 3.04318 3.39516 2.6912 1.28036 1.46499 1.09573 2.85745 0.35198 0.184634 0.0419171 0.0226433
0.000932603 3.02499 3.3764 2.67357 1.27301 1.45755 1.08846 2.83315 0.351418 0.184544 0.0419486 0.0224771
0.000958999 3.00688 3.35774 2.65603 1.26569 1.45014 1.08124 2.809 0.350853 0.184454 0.0419826 0.0223117
0.000986142 2.98887 3.33915 2.63858 1.25841 1.44278 1.07405 2.78499 0.350284 0.184364 0.0420193 0.0221473
0.00101405 2.97094 3.32066 2.62123 1.25118 1.43545 1.0669 2.76112 0.349713 0.184274 0.0420585 0.0219838
0.00104275 2.9531 3.30224 2.60397 1.24397 1.42816 1.05979 2.73739 0.349138 0.184184 0.0421003 0.0218212
0.00107227 2.93536 3.28392 2.5868 1.23681 1.42091 1.05272 2.7138 0.348559 0.184094 0.0421447 0.0216596
0.00110262 2.91769 3.26567 2.56971 1.22969 1.41369 1.04568 2.69034 0.347977 0.184004 0.0421916 0.0214988
0.00113382 2.90012 3.24751 2.55273 1.2226 1.40651 1.03869 2.66703 0.347391 0.183913 0.0422412 0.021339
0.00116591 2.88263 3.22943 2.53583 1.21555 1.39937 1.03173 2.64385 0.346801 0.183823 0.0422932 0.02118
0.00119891 2.86522 3.21143 2.51902 1.20854 1.39227 1.02481 2.62081 0.346208 0.183732 0.0423479 0.0210219
0.00123285 2.84791 3.19352 2.5023 1.20157 1.38521 1.01793 2.59791 0.34561 0.183641 0.0424051 0.0208648
0.00126774 2.83068 3.17569 2.48567 1.19463 1.37818 1.01108 2.57514 0.345008 0.18355 0.0424649 0.0207085
0.00130362 2.81353 3.15794 2.46913 1.18773 1.37119 1.00427 2.55251 0.344402 0.183459 0.0425272 0.0205532
0.00134052 2.79647 3.14026 2.45268 1.18087 1.36423 0.9975 2.53001 0.343792 0.183367 0.042592 0.0203987
0.00137846 2.77949 3.12267 2.43631 1.17404 1.35731 0.990765 2.50765 0.343177 0.183275 0.0426594 0.0202452
0.00141747 2.76259 3.10515 2.42004 1.16725 1.35043 0.984068 2.48542 0.342557 0.183182 0.0427293 0.0200925
0.00145759 2.74578 3.08772 2.40385 1.1605 1.34359 0.977407 2.46332 0.341933 0.183089 0.0428017 0.0199407
0.00149885 2.72905 3.07035 2.38775 1.15378 1.33677 0.970783 2.44136 0.341304 0.182996 0.0428766 0.0197898
0.00154127 2.71241 3.05308 2.37174 1.1471 1.33 0.964195 2.41953 0.340669 0.182902 0.0429541 0.0196398
0.00158489 2.69584 3.03587 2.35581 1.14045 1.32326 0.957643 2.39784 0.34003 0.182807 0.0430339 0.0194906
0.00162975 2.67935 3.01874 2.33997 1.13384 1.31655 0.951128 2.37627 0.339385 0.182712 0.0431163 0.0193424
0.00167588 2.66295 3.00168 2.32421 1.12727 1.30988 0.94465 2.35484 0.338734 0.182616 0.0432011 0.019195
0.00172331 2.64662 2.9847 2.30854 1.12073 1.30325 0.938206 2.33353 0.338078 0.18252 0.0432883 0.0190485
0.00177209 2.63038 2.96779 2.29296 1.11422 1.29664 0.931799 2.31236 0.337417 0.182423 0.0433779 0.0189029
0.00182224 2.61421 2.95096 2.27746 1.10775 1.29008 0.925428 2.29131 0.336749 0.182325 0.04347 0.0187581
0.00187382 2.59812 2.9342 2.26205 1.10132 1.28354 0.919092 2.2704 0.336075 0.182226 0.0435644 0.0186142
0.00192685 2.58211 2.91751 2.24672 1.09492 1.27704 0.912791 2.24962 0.335395 0.182126 0.0436612 0.0184712
0.00198139 2.56618 2.90089 2.23147 1.08855 1.27058 0.906526 2.22896 0.334708 0.182026 0.0437603 0.018329
0.00203747 2.55033 2.88435 2.21632 1.08222 1.26414 0.900296 2.20843 0.334015 0.181924 0.0438617 0.0181877
0.00209514 2.53455 2.86787 2.20124 1.07592 1.25774 0.894102 2.18803 0.333315 0.181822 0.0439654 0.0180473
0.00215443 2.51885 2.85146 2.18624 1.06966 1.25138 0.887942 2.16775 0.332608 0.181718 0.0440714 0.0179077
0.00221541 2.50323 2.83512 2.17133 1.06343 1.24504 0.881817 2.14761 0.331894 0.181613 0.0441796 0.0177689
0.00227812 2.48768 2.81885 2.15651 1.05723 1.23874 0.875727 2.12759 0.331172 0.181508 0.04429 0.0176311
0.00234259 2.4722 2.80265 2.14176 1.05107 1.23247 0.869671 2.10769 0.330444 0.1814 0.0444026 0.017494
0.0024089 2.45681 2.78651 2.1271 1.04494 1.22623 0.863651 2.08792 0.329707 0.181292 0.0445173 0.0173578
0.00247708 2.44148 2.77045 2.11252 1.03885 1.22003 0.857664 2.06828 0.328963 0.181182 0.0446342 0.0172225
0.00254719 2.42623 2.75444 2.09802 1.03278 1.21385 0.851712 2.04876 0.32821 0.181071 0.0447531 0.017088
0.00261928 2.41105 2.7385 2.0836 1.02675 1.20771 0.845794 2.02936 0.327449 0.180959 0.0448741 0.0169543
0.00269341 2.39595 2.72263 2.06927 1.02076 1.2016 0.83991 2.01009 0.32668 0.180845 0.044997 0.0168214
0.00276965 2.38092 2.70682 2.05501 1.01479 1.19552 0.83406 1.99094 0.325902 0.180729 0.045122 0.0166894
0.00284804 2.36595 2.69107 2.04084 1.00886 1.18947 0.828245 1.97192 0.325115 0.180612 0.0452488 0.0165582
0.00292864 2.35106 2.67538 2.02674 1.00296 1.18345 0.822462 1.95301 0.32432 0.180493 0.0453775 0.0164279
0.00301153 2.33624 2.65976 2.01273 0.997086 1.17746 0.816714 1.93423 0.323514 0.180372 0.045508 0.0162983
0.00309677 2.32149 2.64419 1.99879 0.991249 1.1715 0.810999 1.91557 0.3227 0.18025 0.0456404 0.0161696
0.00318442 2.30681 2.62869 1.98494 0.985443 1.16557 0.805318 1.89704 0.321875 0.180125 0.0457744 0.0160417
0.00327455 2.2922 2.61324 1.97116 0.979668 1.15967 0.79967 1.87862 0.321041 0.179999 0.0459101 0.0159146
0.00336723 2.27766 2.59786 1.95747 0.973925 1.1538 0.794055 1.86033 0.320196 0.17987 0.0460474 0.0157883
0.00346253 2.26319 2.58253 1.94385 0.968213 1.14795 0.788474 1.84215 0.319341 0.179739 0.0461863 0.0156629
0.00356053 2.24878 2.56726 1.93031 0.962532 1.14214 0.782925 1.8241 0.318475 0.179607 0.0463267 0.0155382
0.00366131 2.23445 2.55204 1.91685 0.956881 1.13635 0.777409 1.80616 0.317598 0.179471 0.0464685 0.0154143
0.00376494 2.22017 2.53688 1.90346 0.95126 1.13059 0.771927 1.78835 0.31671 0.179334 0.0466117 0.0152912
0.0038715 2.20597 2.52178 1.89016 0.945671 1.12486 0.766477 1.77065 0.315811 0.179194 0.0467561 0.0151689
0.00398107 2.19183 2.50673 1.87693 0.940111 1.11916 0.76106 1.75307 0.3149 0.179051 0.0469018 0.0150474
0.00409375 2.17776 2.49173 1.86378 0.934581 1.11349 0.755675 1.73562 0.313977 0.178906 0.0470487 0.0149267
0.00420962 2.16375 2.47679 1.85071 0.929081 1.10784 0.750323 1.71827 0.313042 0.178758 0.0471967 0.0148068
0.00432876 2.1498 2.4619 1.83771 0.923611 1.10222 0.745004 1.70105 0.312094 0.178607 0.0473456 0.0146876
0.00445128 2.13592 2.44706 1.82479 0.91817 1.09662 0.739717 1.68394 0.311134 0.178454 0.0474955 0.0145693
0.00457727 2.12211 2.43227 1.81195 0.912758 1.09106 0.734461 1.66696 0.310161 0.178297 0.0476461 0.0144516
0.00470682 2.10835 2.41753 1.79918 0.907375 1.08551 0.729238 1.65008 0.309174 0.178137 0.0477976 0.0143348
0.00484003 2.09466 2.40284 1.78649 0.902022 1.08 0.724048 1.63333 0.308174 0.177974 0.0479496 0.0142187
0.00497702 2.08103 2.38819 1.77387 0.896697 1.0745 0.718889 1.61669 0.30716 0.177808 0.0481023 0.0141034
0.00511789 2.06746 2.37359 1.76133 0.8914 1.06904 0.713762 1.60016 0.306132 0.177638 0.0482554 0.0139888
0.00526274 2.05396 2.35905 1.74887 0.886132 1.0636 0.708667 1.58375 0.30509 0.177465 0.0484088 0.013875
0.0054117 2.04051 2.34454 1.73647 0.880892 1.05818 0.703604 1.56746 0.304033 0.177288 0.0485625 0.0137619
0.00556486 2.02712 2.33008 1.72416 0.87568 1.05279 0.698573 1.55128 0.302961 0.177107 0.0487163 0.0136495
0.00572237 2.01379 2.31567 1.71192 0.870495 1.04742 0.693572 1.53522 0.301873 0.176923 0.0488702 0.0135379
0.00588433 2.00052 2.30129 1.69975 0.865339 1.04207 0.688604 1.51927 0.300771 0.176735 0.049024 0.013427
0.00605088 1.98731 2.28697 1.68766 0.860209 1.03675 0.683667 1.50343 0.299652 0.176542 0.0491775 0.0133169
0.00622213 1.97416 2.27268 1.67565 0.855107 1.03145 0.678761 1.48771 0.298517 0.176345 0.0493308 0.0132074
0.00639824 1.96107 2.25843 1.6637 0.850031 1.02618 0.673887 1.4721 0.297366 0.176144 0.0494835 0.0130987
0.00657933 1.94803 2.24423 1.65183 0.844983 1.02092 0.669044 1.4566 0.296197 0.175939 0.0496357 0.0129907
0.00676555 1.93505 2.23006 1.64003 0.839961 1.01569 0.664232 1.44122 0.295012 0.175729 0.0497871 0.0128834
0.00695704 1.92212 2.21593 1.62831 0.834965 1.01048 0.659451 1.42595 0.29381 0.175514 0.0499377 0.0127767
0.00715394 1.90925 2.20184 1.61666 0.829995 1.00529 0.654701 1.41079 0.292589 0.175294 0.0500873 0.0126708
0.00735642 1.89644 2.18779 1.60509 0.825052 1.00012 0.649982 1.39574 0.291351 0.17507 0.0502356 0.0125656
0.00756463 1.88367 2.17377 1.59358 0.820134 0.994974 0.645294 1.38081 0.290095 0.17484 0.0503827 0.012461
0.00777874 1.87097 2.15979 1.58215 0.815242 0.989847 0.640637 1.36599 0.288819 0.174605 0.0505283 0.0123572
0.0079989 1.85831 2.14584 1.57079 0.810375 0.984739 0.63601 1.35127 0.287525 0.174364 0.0506723 0.0122539
0.0082253 1.84571 2.13192 1.5595 0.805533 0.979651 0.631415 1.33667 0.286212 0.174118 0.0508145 0.0121514
0.0084581 1.83316 2.11804 1.54829 0.800716 0.974583 0.62685 1.32218 0.284879 0.173866 0.0509547 0.0120495
0.00869749 1.82067 2.1042 1.53714 0.795924 0.969532 0.622315 1.3078 0.283526 0.173609 0.0510927 0.0119483
0.00894366 1.80823 2.09038 1.52607 0.791156 0.964501 0.617811 1.29353 0.282153 0.173345 0.0512285 0.0118477
0.00919679 1.79583 2.07659 1.51507 0.786412 0.959487 0.613338 1.27936 0.280759 0.173075 0.0513617 0.0117478
0.00945709 1.78349 2.06284 1.50415 0.781693 0.954492 0.608894 1.26531 0.279345 0.172799 0.0514922 0.0116485
0.00972476 1.7712 2.04911 1.49329 0.776997 0.949513 0.604482 1.25137 0.277909 0.172516 0.0516199 0.0115498
0.01 1.75896 2.03541 1.4825 0.772325 0.944551 0.600099 1.23753 0.276452 0.172226 0.0517445 0.0114517
0.010283 1.74676 2.02174 1.47179 0.767676 0.939606 0.595747 1.22381 0.274974 0.17193 0.0518657 0.0113543
0.0105741 1.73462 2.00809 1.46115 0.76305 0.934676 0.591425 1.21019 0.273473 0.171626 0.0519835 0.0112574
0.0108734 1.72252 1.99447 1.45057 0.758447 0.929762 0.587132 1.19668 0.27195 0.171315 0.0520976 0.0111612
0.0111811 1.71048 1.98088 1.44007 0.753867 0.924864 0.58287 1.18328 0.270404 0.170997 0.0522078 0.0110655
0.0114976 1.69848 1.96731 1.42964 0.74931 0.91998 0.578639 1.16998 0.268836 0.170671 0.0523138 0.0109705
0.011823 1.68652 1.95377 1.41928 0.744774 0.915111 0.574437 1.15679 0.267244 0.170337 0.0524155 0.010876
0.0121576 1.67462 1.94025 1.40899 0.74026 0.910255 0.570264 1.14371 0.265629 0.169995 0.0525126 0.0107821
0.0125017 1.66276 1.92675 1.39877 0.735768 0.905413 0.566122 1.13074 0.26399 0.169645 0.0526048 0.0106887
0.0128556 1.65094 1.91327 1.38862 0.731297 0.900584 0.56201 1.11787 0.262327 0.169287 0.0526921 0.0105959
0.0132194 1.63918 1.89982 1.37854 0.726847 0.895767 0.557927 1.1051 0.26064 0.16892 0.052774 0.0105036
0.0135936 1.62745 1.88638 1.36853 0.722418 0.890962 0.553874 1.09245 0.258928 0.168544 0.0528504 0.0104119
0.0139783 1.61578 1.87297 1.35858 0.71801 0.886169 0.549851 1.07989 0.257192 0.168159 0.052921 0.0103207
0.0143739 1.60414 1.85957 1.34871 0.713622 0.881387 0.545857 1.06745 0.255431 0.167765 0.0529855 0.0102301
0.0147808 1.59255 1.8462 1.33891 0.709254 0.876615 0.541894 1.0551 0.253644 0.167361 0.0530438 0.0101399
0.0151991 1.58101 1.83284 1.32918 0.704907 0.871854 0.537959 1.04286 0.251832 0.166947 0.0530956 0.0100503
0.0156293 1.56951 1.8195 1.31951 0.700578 0.867102 0.534054 1.03073 0.249995 0.166524 0.0531405 0.00996114
0.0160717 1.55805 1.80618 1.30992 0.696269 0.862359 0.530178 1.0187 0.248132 0.16609 0.0531783 0.00987248
0.0165265 1.54664 1.79288 1.30039 0.691979 0.857625 0.526332 1.00677 0.246243 0.165646 0.0532089 0.00978431
0.0169943 1.53526 1.77959 1.29094 0.687707 0.852899 0.522515 0.994941 0.244328 0.165192 0.0532318 0.0096966
0.0174753 1.52394 1.76632 1.28155 0.683453 0.84818 0.518727 0.983218 0.242387 0.164726 0.0532469 0.00960936
0.0179699 1.51265 1.75307 1.27223 0.679218 0.843468 0.514969 0.971596 0.24042 0.164249 0.0532538 0.00952256
0.0184785 1.5014 1.73983 1.26298 0.675001 0.838762 0.511239 0.960076 0.238426 0.163761 0.0532523 0.00943622
0.0190015 1.4902 1.72661 1.2538 0.670801 0.834063 0.507539 0.948657 0.236405 0.163262 0.0532421 0.00935031
0.0195393 1.47904 1.7134 1.24468 0.666618 0.829368 0.503868 0.937339 0.234358 0.16275 0.0532229 0.00926483
0.0200923 1.46792 1.70021 1.23564 0.662452 0.824678 0.500226 0.926122 0.232285 0.162226 0.0531945 0.00917976
0.020661 1.45685 1.68703 1.22666 0.658302 0.819992 0.496612 0.915004 0.230185 0.16169 0.0531566 0.0090951
0.0212458 1.44581 1.67387 1.21775 0.654168 0.81531 0.493027 0.903986 0.228058 0.161141 0.053109 0.00901083
0.0218471 1.43482 1.66072 1.20891 0.650051 0.81063 0.489471 0.893067 0.225905 0.160579 0.0530512 0.00892695
0.0224655 1.42387 1.64759 1.20014 0.645949 0.805953 0.485944 0.882247 0.223725 0.160004 0.0529831 0.00884346
0.0231013 1.41296 1.63447 1.19144 0.641862 0.801277 0.482446 0.871525 0.221519 0.159416 0.0529045 0.00876032
0.0237551 1.40209 1.62137 1.1828 0.63779 0.796603 0.478976 0.8609 0.219286 0.158814 0.0528149 0.00867755
0.0244275 1.39126 1.60829 1.17423 0.633731 0.791929 0.475534 0.850372 0.217027 0.158197 0.0527143 0.00859513
0.0251189 1.38047 1.59521 1.16573 0.629688 0.787254 0.472121 0.839941 0.214742 0.157567 0.0526022 0.00851305
0.0258298 1.36973 1.58216 1.1573 0.625657 0.782579 0.468736 0.829607 0.21243 0.156921 0.0524785 0.00843129
0.0265609 1.35902 1.56912 1.14893 0.621641 0.777902 0.465379 0.819367 0.210094 0.156261 0.0523429 0.00834985
0.0273126 1.34836 1.55609 1.14063 0.617636 0.773222 0.46205 0.809223 0.207731 0.155586 0.0521952 0.00826872
0.0280857 1.33774 1.54309 1.1324 0.613645 0.76854 0.458749 0.799173 0.205344 0.154895 0.0520351 0.00818789
0.0288806 1.32717 1.5301 1.12424 0.609665 0.763854 0.455476 0.789217 0.202931 0.154189 0.0518624 0.00810734
0.029698 1.31663 1.51713 1.11614 0.605697 0.759163 0.45223 0.779354 0.200494 0.153466 0.0516768 0.00802708
0.0305386 1.30614 1.50418 1.10811 0.60174 0.754468 0.449012 0.769583 0.198033 0.152728 0.0514782 0.00794708
0.0314029 1.29569 1.49124 1.10015 0.597794 0.749766 0.445822 0.759904 0.195548 0.151972 0.0512663 0.00786734
0.0322917 1.28529 1.47833 1.09225 0.593858 0.745059 0.442658 0.750317 0.19304 0.1512 0.051041 0.00778784
0.0332057 1.27493 1.46544 1.08442 0.589932 0.740343 0.439522 0.74082 0.190509 0.150411 0.050802 0.00770858
0.0341455 1.26461 1.45256 1.07665 0.586016 0.73562 0.436412 0.731413 0.187955 0.149604 0.0505492 0.00762955
0.0351119 1.25434 1.43972 1.06896 0.582108 0.730888 0.433329 0.722095 0.18538 0.148779 0.0502824 0.00755073
0.0361057 1.24411 1.42689 1.06133 0.578209 0.726146 0.430272 0.712865 0.182783 0.147937 0.0500015 0.00747212
0.0371276 1.23393 1.41409 1.05376 0.574317 0.721393 0.427241 0.703723 0.180166 0.147076 0.0497064 0.00739371
0.0381784 1.22379 1.40132 1.04626 0.570433 0.716629 0.424236 0.694667 0.177529 0.146196 0.0493968 0.00731548
0.039259 1.2137 1.38857 1.03882 0.566556 0.711854 0.421257 0.685698 0.174873 0.145298 0.0490727 0.00723743
0.0403702 1.20365 1.37585 1.03145 0.562684 0.707065 0.418304 0.676813 0.172199 0.144381 0.0487341 0.00715954
0.0415128 1.19366 1.36316 1.02415 0.558819 0.702263 0.415375 0.668013 0.169507 0.143444 0.0483808 0.00708181
0.0426877 1.18371 1.35051 1.01691 0.554958 0.697445 0.412471 0.659296 0.166798 0.142487 0.0480128 0.00700422
0.0438959 1.17381 1.33788 1.00973 0.551102 0.692613 0.409591 0.650661 0.164074 0.141511 0.0476301 0.00692677
0.0451383 1.16396 1.32529 1.00262 0.54725 0.687764 0.406735 0.642108 0.161334 0.140514 0.0472326 0.00684945
0.0464159 1.15416 1.31274 0.995575 0.543401 0.682898 0.403903 0.633635 0.158581 0.139497 0.0468203 0.00677224
0.0477296 1.14441 1.30022 0.98859 0.539554 0.678014 0.401094 0.625242 0.155815 0.13846 0.0463933 0.00669514
0.0490805 1.13471 1.28774 0.981669 0.535709 0.67311 0.398308 0.616927 0.153037 0.137401 0.0459516 0.00661814
0.0504697 1.12506 1.27531 0.97481 0.531865 0.668187 0.395544 0.60869 0.150248 0.136321 0.0454954 0.00654123
0.0518981 1.11546 1.26291 0.968014 0.528022 0.663242 0.392801 0.600529 0.14745 0.13522 0.0450246 0.0064644
0.053367 1.10592 1.25056 0.961278 0.524178 0.658276 0.39008 0.592443 0.144643 0.134098 0.0445394 0.00638764
0.0548775 1.09643 1.23826 0.954604 0.520332 0.653286 0.387379 0.584432 0.141829 0.132954 0.04404 0.00631095
0.0564307 1.087 1.22601 0.947991 0.516485 0.648272 0.384697 0.576493 0.139009 0.131787 0.0435265 0.00623431
0.0580278 1.07762 1.21381 0.941437 0.512634 0.643233 0.382035 0.568626 0.136184 0.130599 0.0429991 0.00615772
0.0596702 1.0683 1.20166 0.934943 0.50878 0.638169 0.379391 0.56083 0.133357 0.129389 0.0424581 0.00608117
0.0613591 1.05903 1.18956 0.928507 0.504921 0.633077 0.376765 0.553104 0.130527 0.128156 0.0419036 0.00600465
0.0630957 1.04983 1.17752 0.922129 0.501056 0.627956 0.374155 0.545445 0.127696 0.126901 0.041336 0.00592816
0.0648815 1.04067 1.16554 0.915808 0.497184 0.622806 0.371561 0.537853 0.124867 0.125623 0.0407556 0.00585169
0.0667179 1.03158 1.15362 0.909542 0.493304 0.617626 0.368982 0.530328 0.12204 0.124322 0.0401626 0.00577523
0.0686062 1.02255 1.14176 0.903332 0.489415 0.612414 0.366417 0.522866 0.119216 0.122999 0.0395575 0.00569878
0.070548 1.01357 1.12997 0.897175 0.485517 0.607169 0.363864 0.515467 0.116399 0.121653 0.0389407 0.00562233
0.0725448 1.00466 1.11825 0.891071 0.481606 0.60189 0.361323 0.50813 0.113587 0.120283 0.0383125 0.00554588
0.074598 0.995803 1.10659 0.885018 0.477683 0.596575 0.358792 0.500853 0.110785 0.118892 0.0376733 0.00546941
0.0767094 0.987009 1.095 0.879016 0.473747 0.591224 0.35627 0.493635 0.107992 0.117477 0.0370237 0.00539294
0.0788805 0.978274 1.08349 0.873063 0.469795 0.585834 0.353755 0.486475 0.105211 0.116039 0.0363642 0.00531645
0.0811131 0.9696 1.07204 0.867157 0.465826 0.580405 0.351247 0.47937 0.102443 0.114579 0.0356952 0.00523995
0.0834088 0.960986 1.06068 0.861296 0.461839 0.574935 0.348742 0.47232 0.0996904 0.113096 0.0350173 0.00516342
0.0857696 0.952432 1.04939 0.855478 0.457832 0.569423 0.346241 0.465323 0.0969539 0.111591 0.034331 0.00508687
0.0881971 0.943939 1.03817 0.849703 0.453804 0.563867 0.34374 0.458377 0.0942355 0.110063 0.0336371 0.0050103
0.0906934 0.935504 1.02704 0.843968 0.449752 0.558266 0.341239 0.451482 0.0915366 0.108514 0.0329359 0.0049337
0.0932603 0.927129 1.01599 0.83827 0.445676 0.552618 0.338734 0.444636 0.0888591 0.106942 0.0322283 0.00485708
0.0958999 0.918811 1.00502 0.832607 0.441572 0.546921 0.336224 0.437836 0.0862045 0.105349 0.0315149 0.00478044
0.0986142 0.910551 0.994125 0.826976 0.437441 0.541174 0.333707 0.431083 0.0835744 0.103734 0.0307962 0.00470378
0.101405 0.902346 0.983316 0.821376 0.433277 0.535375 0.331179 0.424373 0.0809703 0.102098 0.0300731 0.0046271
0.104275 0.894196 0.97259 0.815802 0.429082 0.529523 0.32864 0.417707 0.0783939 0.100442 0.0293463 0.0045504
0.107227 0.886099 0.961945 0.810252 0.42485 0.523615 0.326085 0.411081 0.0758467 0.0987649 0.0286163 0.0044737
0.110262 0.878052 0.951382 0.804722 0.420581 0.51765 0.323513 0.404496 0.0733301 0.0970685 0.0278841 0.00439699
0.113382 0.870055 0.9409 0.799209 0.416272 0.511624 0.320919 0.397949 0.0708458 0.0953528 0.0271503 0.00432028
0.116591 0.862104 0.930499 0.793709 0.411919 0.505538 0.318301 0.391439 0.068395 0.0936183 0.0264157 0.00424358
0.119891 0.854196 0.920175 0.788217 0.407522 0.499388 0.315656 0.384964 0.0659793 0.0918657 0.025681 0.0041669
0.123285 0.846329 0.909929 0.782729 0.403076 0.493172 0.31298 0.378524 0.0636 0.0900956 0.0249471 0.00409024
0.126774 0.838499 0.899757 0.77724 0.398579 0.486888 0.31027 0.372117 0.0612584 0.0883087 0.0242146 0.00401363
0.130362 0.830702 0.889657 0.771746 0.394027 0.480533 0.307522 0.365741 0.0589558 0.0865058 0.0234845 0.00393706
0.134052 0.822933 0.879627 0.76624 0.389419 0.474106 0.304731 0.359396 0.0566934 0.0846875 0.0227573 0.00386055
0.137846 0.81519 0.869662 0.760717 0.384749 0.467604 0.301894 0.35308 0.0544724 0.0828548 0.022034 0.00378412
0.141747 0.807465 0.859758 0.755171 0.380015 0.461024 0.299006 0.346791 0.0522939 0.0810086 0.0213152 0.00370777
0.145759 0.799753 0.849912 0.749594 0.375213 0.454363 0.296063 0.34053 0.050159 0.0791499 0.0206017 0.00363154
0.149885 0.792048 0.840117 0.74398 0.370339 0.447618 0.293059 0.334295 0.0480686 0.0772796 0.0198944 0.00355542
0.154127 0.784344 0.830368 0.738321 0.36539 0.440789 0.289991 0.328085 0.0460236 0.0753987 0.0191937 0.00347946
0.158489 0.776634 0.820659 0.732609 0.360361 0.43387 0.286853 0.321899 0.044025 0.0735085 0.0185006 0.00340365
0.162975 0.768908 0.810982 0.726835 0.355249 0.426859 0.283639 0.315736 0.0420733 0.0716102 0.0178157 0.00332803
0.167588 0.76116 0.801329 0.72099 0.35005 0.419754 0.280345 0.309596 0.0401695 0.0697048 0.0171397 0.00325261
0.172331 0.753379 0.791693 0.715065 0.344758 0.412552 0.276965 0.303478 0.038314 0.0677938 0.0164733 0.00317743
0.177209 0.745556 0.782063 0.709048 0.339371 0.405249 0.273492 0.297381 0.0365075 0.0658785 0.015817 0.0031025
0.182224 0.73768 0.77243 0.702929 0.333882 0.397843 0.269922 0.291305 0.0347503 0.0639602 0.0151714 0.00302785
0.187382 0.729739 0.762782 0.696696 0.328289 0.39033 0.266249 0.28525 0.0330429 0.0620405 0.0145373 0.00295351
0.192685 0.721722 0.753108 0.690336 0.322587 0.382708 0.262466 0.279216 0.0313857 0.0601209 0.013915 0.0028795
0.198139 0.713616 0.743394 0.683837 0.31677 0.374973 0.258568 0.273201 0.0297787 0.0582028 0.0133052 0.00280586
0.203747 0.705405 0.733627 0.677183 0.310836 0.367124 0.254548 0.267208 0.0282222 0.056288 0.0127082 0.00273262
0.209514 0.697076 0.723792 0.67036 0.304779 0.359157 0.250401 0.261235 0.0267162 0.0543782 0.0121247 0.00265981
0.215443 0.688613 0.713874 0.663352 0.298595 0.35107 0.24612 0.255283 0.0252607 0.0524749 0.0115549 0.00258745
0.221541 0.679998 0.703854 0.656143 0.292281 0.342861 0.241701 0.249352 0.0238556 0.0505799 0.0109993 0.00251558
0.227812 0.671214 0.693715 0.648714 0.285833 0.334528 0.237138 0.243442 0.0225008 0.0486952 0.0104582 0.00244424
0.234259 0.662242 0.683438 0.641046 0.279247 0.326069 0.232425 0.237555 0.0211959 0.0468224 0.00993192 0.00237345
0.24089 0.653061 0.673002 0.63312 0.272521 0.317484 0.227557 0.231691 0.0199407 0.0449635 0.00942073 0.00230325
0.247708 0.643649 0.662384 0.624914 0.265652 0.308772 0.222531 0.22585 0.0187347 0.0431203 0.00892484 0.00223367
0.254719 0.633983 0.65156 0.616405 0.258637 0.299932 0.217343 0.220034 0.0175775 0.0412948 0.00844445 0.00216474
0.261928 0.624035 0.640504 0.607567 0.251478 0.290966 0.211989 0.214244 0.0164685 0.0394888 0.00797971 0.00209648
0.269341 0.613779 0.629186 0.598372 0.244171 0.281876 0.206467 0.20848 0.0154071 0.0377045 0.00753072 0.00202894
0.276965 0.603179 0.617571 0.588786 0.236719 0.272663 0.200776 0.202744 0.0143927 0.0359437 0.00709754 0.00196212
0.284804 0.592189 0.605613 0.578764 0.229123 0.263331 0.194914 0.197038 0.0134244 0.0342084 0.0066802 0.00189603
0.292864 0.580736 0.593237 0.568234 0.221383 0.253883 0.188882 0.191362 0.0125015 0.0325005 0.00627866 0.00183067
0.301153 0.568642 0.580265 0.557019 0.213498 0.24432 0.182676 0.18572 0.0116231 0.0308221 0.00589283 0.001766
0.309677 0.554452 0.56524 0.543663 0.205395 0.23457 0.17622 0.180116 0.0107883 0.0291752 0.00552247 0.0017018
0.318442 0.540685 0.551168 0.530203 0.199397 0.227956 0.170838 0.178011 0.0104824 0.0285591 0.00538516 0.00167643
0.321833 0.536183 0.546368 0.525997 0.19642 0.224375 0.168466 0.175933 0.0101857 0.0279543 0.00525144 0.00165141
0.325224 0.53167 0.541568 0.521773 0.193458 0.220819 0.166098 0.17388 0.00989787 0.0273606 0.00512123 0.00162672
0.328614 0.527148 0.536766 0.517529 0.190513 0.21729 0.163735 0.171853 0.00961857 0.0267777 0.0049944 0.00160236
0.332005 0.522615 0.531962 0.513267 0.187583 0.213788 0.161377 0.169851 0.00934754 0.0262056 0.00487086 0.00157833
0.335396 0.51807 0.527155 0.508986 0.184669 0.210313 0.159025 0.167872 0.00908449 0.0256439 0.00475052 0.00155461
0.338787 0.513515 0.522344 0.504686 0.181771 0.206864 0.156679 0.165918 0.00882918 0.0250927 0.00463329 0.00153121
0.342178 0.508948 0.517529 0.500366 0.178891 0.203442 0.154339 0.163987 0.00858135 0.0245516 0.00451906 0.00150811
0.345569 0.504368 0.512709 0.496028 0.176027 0.200048 0.152007 0.162079 0.00834075 0.0240205 0.00440776 0.00148531
0.348959 0.499777 0.507884 0.49167 0.173181 0.19668 0.149682 0.160192 0.00810715 0.0234992 0.0042993 0.0014628
0.35235 0.495174 0.503054 0.487294 0.170352 0.19334 0.147365 0.158328 0.00788033 0.0229876 0.00419361 0.00144058
0.355741 0.490559 0.498219 0.482898 0.167541 0.190027 0.145056 0.156485 0.00766007 0.0224856 0.00409059 0.00141863
0.359132 0.485931 0.493377 0.478485 0.164749 0.186742 0.142756 0.154662 0.00744616 0.0219929 0.00399018 0.00139697
0.362523 0.481291 0.488529 0.474052 0.161975 0.183484 0.140466 0.15286 0.00723839 0.0215093 0.0038923 0.00137557
0.365914 0.476638 0.483675 0.469602 0.15922 0.180255 0.138185 0.151078 0.00703658 0.0210349 0.00379687 0.00135444
0.369305 0.471973 0.478814 0.465133 0.156484 0.177053 0.135914 0.149315 0.00684052 0.0205693 0.00370384 0.00133357
0.372695 0.467297 0.473947 0.460647 0.153767 0.17388 0.133655 0.147572 0.00665006 0.0201125 0.00361312 0.00131295
0.376086 0.462608 0.469073 0.456143 0.151071 0.170735 0.131406 0.145846 0.006465 0.0196643 0.00352466 0.00129259
0.379477 0.457907 0.464192 0.451621 0.148394 0.167618 0.129169 0.14414 0.00628517 0.0192245 0.0034384 0.00127247
0.382868 0.453194 0.459304 0.447083 0.145737 0.16453 0.126944 0.142451 0.00611043 0.0187931 0.00335426 0.00125259
0.386259 0.44847 0.45441 0.442529 0.143102 0.161472 0.124732 0.140779 0.0059406 0.0183698 0.0032722 0.00123295
0.38965 0.443734 0.44951 0.437959 0.140487 0.158442 0.122533 0.139124 0.00577555 0.0179546 0.00319215 0.00121355
0.39304 0.438987 0.444602 0.433372 0.137894 0.155441 0.120346 0.137487 0.00561511 0.0175473 0.00311406 0.00119437
0.396431 0.43423 0.439689 0.428771 0.135322 0.15247 0.118174 0.135865 0.00545915 0.0171477 0.00303787 0.00117542
0.399822 0.429463 0.43477 0.424155 0.132772 0.149528 0.116017 0.13426 0.00530754 0.0167558 0.00296354 0.00115669
0.403213 0.424685 0.429845 0.419525 0.130245 0.146616 0.113873 0.13267 0.00516014 0.0163714 0.00289101 0.00113818
0.406604 0.419898 0.424915 0.414881 0.12774 0.143734 0.111745 0.131095 0.00501682 0.0159944 0.00282023 0.00111988
0.409995 0.415102 0.419979 0.410224 0.125257 0.140882 0.109633 0.129535 0.00487747 0.0156247 0.00275116 0.00110179
0.413385 0.410297 0.415038 0.405555 0.122798 0.13806 0.107536 0.12799 0.00474195 0.0152621 0.00268374 0.00108391
0.416776 0.405483 0.410093 0.400873 0.120362 0.135269 0.105456 0.126459 0.00461017 0.0149065 0.00261794 0.00106624
0.420167 0.400662 0.405144 0.39618 0.11795 0.132508 0.103392 0.124942 0.00448199 0.0145578 0.00255371 0.00104876
0.423558 0.395834 0.400191 0.391477 0.115562 0.129778 0.101346 0.123439 0.00435733 0.014216 0.00249101 0.00103149
0.426949 0.390999 0.395235 0.386763 0.113198 0.127078 0.0993168 0.12195 0.00423608 0.0138808 0.00242979 0.00101441
0.43034 0.386158 0.390276 0.38204 0.110858 0.12441 0.0973056 0.120473 0.00411812 0.0135521 0.00237002 0.000997523
0.43373 0.381312 0.385315 0.377308 0.108543 0.121773 0.0953128 0.119009 0.00400338 0.0132299 0.00231167 0.000980827
0.437121 0.376461 0.380352 0.372569 0.106253 0.119167 0.0933385 0.117558 0.00389175 0.0129141 0.00225468 0.000964318
0.440512 0.371605 0.375388 0.367822 0.103987 0.116592 0.091383 0.116119 0.00378314 0.0126044 0.00219904 0.000947995
0.443903 0.366746 0.370424 0.363069 0.101748 0.114049 0.0894468 0.114692 0.00367747 0.0123009 0.00214469 0.000931854
0.447294 0.361885 0.365459 0.35831 0.0995334 0.111537 0.0875299 0.113277 0.00357464 0.0120035 0.00209161 0.000915894
0.450685 0.357021 0.360496 0.353547 0.0973449 0.109057 0.085633 0.111873 0.00347459 0.0117119 0.00203977 0.000900112
0.454075 0.352156 0.355533 0.348779 0.0951826 0.106609 0.0837563 0.11048 0.00337722 0.0114262 0.00198913 0.000884507
0.457466 0.34729 0.350573 0.344008 0.0930463 0.104193 0.0819001 0.109099 0.00328247 0.0111462 0.00193967 0.000869075
0.460857 0.342425 0.345615 0.339235 0.0909364 0.101808 0.0800645 0.107729 0.00319025 0.0108719 0.00189134 0.000853816
0.464248 0.337561 0.340662 0.334461 0.0888529 0.099456 0.0782499 0.106369 0.0031005 0.010603 0.00184413 0.000838727
0.467639 0.332699 0.335712 0.329685 0.0867963 0.0971359 0.0764566 0.105019 0.00301314 0.0103396 0.00179801 0.000823806
0.47103 0.327839 0.330767 0.324911 0.0847663 0.0948479 0.0746847 0.10368 0.00292811 0.0100816 0.00175294 0.000809052
0.47442 0.322983 0.325828 0.320138 0.0827633 0.0925921 0.0729346 0.10235 0.00284534 0.00982879 0.0017089 0.000794464
0.477811 0.318131 0.320896 0.315367 0.0807875 0.0903686 0.0712063 0.101031 0.00276477 0.00958116 0.00166587 0.000780038
0.481202 0.313285 0.315971 0.310599 0.0788389 0.0881775 0.0695003 0.0997209 0.00268634 0.0093386 0.00162382 0.000765775
0.484593 0.308445 0.311055 0.305835 0.0769174 0.0860185 0.0678164 0.0984204 0.00260999 0.00910104 0.00158273 0.000751673
0.487984 0.303612 0.306148 0.301077 0.0750235 0.0838919 0.0661551 0.0971291 0.00253565 0.00886837 0.00154257 0.000737729
0.491375 0.298788 0.301251 0.296324 0.0731571 0.0817976 0.0645166 0.095847 0.00246328 0.00864053 0.00150332 0.000723944
0.494765 0.293972 0.296365 0.291579 0.0713183 0.0797357 0.0629008 0.0945738 0.00239283 0.00841743 0.00146496 0.000710315
0.498156 0.289167 0.291491 0.286843 0.0695071 0.0777061 0.0613081 0.0933093 0.00232423 0.00819898 0.00142747 0.000696841
0.501547 0.284372 0.28663 0.282115 0.0677237 0.0757088 0.0597386 0.0920536 0.00225743 0.00798511 0.00139082 0.000683522
0.504938 0.27959 0.281782 0.277398 0.065968 0.0737437 0.0581922 0.0908063 0.0021924 0.00777573 0.001355 0.000670355
0.508329 0.274821 0.27695 0.272692 0.0642401 0.0718108 0.0566693 0.0895674 0.00212907 0.00757078 0.00131999 0.000657341
0.51172 0.270066 0.272133 0.267998 0.06254 0.0699101 0.0551698 0.0883368 0.00206741 0.00737017 0.00128576 0.000644477
0.51511 0.265326 0.267333 0.263318 0.0608677 0.0680416 0.0536939 0.0871143 0.00200737 0.00717382 0.0012523 0.000631764
0.518501 0.260602 0.262551 0.258653 0.0592233 0.066205 0.0522416 0.0858998 0.00194891 0.00698168 0.00121959 0.0006192
0.521892 0.255896 0.257788 0.254004 0.0576067 0.0644003 0.050813 0.0846932 0.00189198 0.00679365 0.00118762 0.000606784
0.525283 0.251207 0.253044 0.249371 0.0560179 0.0626276 0.0494082 0.0834944 0.00183654 0.00660967 0.00115636 0.000594516
0.528674 0.246539 0.248321 0.244756 0.0544569 0.0608866 0.0480272 0.0823033 0.00178255 0.00642968 0.0011258 0.000582394
0.532065 0.24189 0.24362 0.24016 0.0529236 0.0591772 0.04667 0.0811199 0.00172998 0.00625359 0.00109593 0.000570418
0.535455 0.237263 0.238942 0.235584 0.0514179 0.0574993 0.0453366 0.079944 0.00167879 0.00608135 0.00106673 0.000558587
0.538846 0.232659 0.234288 0.23103 0.0499399 0.0558528 0.044027 0.0787755 0.00162894 0.00591288 0.00103818 0.000546901
0.542237 0.228078 0.229659 0.226498 0.0484894 0.0542375 0.0427413 0.0776145 0.0015804 0.00574812 0.00101026 0.000535359
0.545628 0.223523 0.225056 0.221989 0.0470664 0.0526534 0.0414794 0.0764608 0.00153313 0.00558701 0.000982977 0.000523959
0.549019 0.218992 0.22048 0.217505 0.0456707 0.0511001 0.0402412 0.0753143 0.0014871 0.00542947 0.000956302 0.000512703
0.55241 0.214489 0.215932 0.213047 0.0443022 0.0495777 0.0390268 0.0741751 0.00144228 0.00527545 0.000930225 0.000501588
0.5558 0.210014 0.211413 0.208616 0.0429609 0.0480858 0.037836 0.0730431 0.00139864 0.00512489 0.000904733 0.000490615
0.559191 0.205568 0.206924 0.204212 0.0416466 0.0466243 0.0366688 0.0719181 0.00135614 0.00497772 0.000879813 0.000479782
0.562582 0.201153 0.202467 0.199838 0.0403591 0.045193 0.0355252 0.0708003 0.00131475 0.00483388 0.000855452 0.000469091
0.565973 0.196768 0.198043 0.195494 0.0390983 0.0437916 0.034405 0.0696896 0.00127446 0.00469332 0.00083164 0.000458539
0.569364 0.192416 0.193651 0.191181 0.0378641 0.0424201 0.0333081 0.0685858 0.00123523 0.00455598 0.000808364 0.000448126
0.572755 0.188098 0.189295 0.186901 0.0366563 0.0410781 0.0322345 0.0674891 0.00119703 0.00442179 0.000785614 0.000437853
0.576146 0.183814 0.184973 0.182654 0.0354747 0.0397654 0.031184 0.0663994 0.00115984 0.00429071 0.000763377 0.000427718
0.579536 0.179565 0.180689 0.178441 0.0343191 0.0384817 0.0301564 0.0653167 0.00112363 0.00416267 0.000741644 0.000417721
0.582927 0.175353 0.176442 0.174265 0.0331893 0.037227 0.0291517 0.064241 0.00108838 0.00403762 0.000720403 0.000407862
0.586318 0.171179 0.172233 0.170125 0.0320852 0.0360007 0.0281697 0.0631723 0.00105407 0.00391552 0.000699646 0.00039814
0.589709 0.167043 0.168064 0.166023 0.0310065 0.0348028 0.0272102 0.0621105 0.00102067 0.00379629 0.000679361 0.000388555
0.5931 0.162948 0.163936 0.161959 0.0299529 0.0336328 0.026273 0.0610558 0.000988153 0.0036799 0.00065954 0.000379107
0.596491 0.158892 0.159849 0.157936 0.0289243 0.0324906 0.0253581 0.0600081 0.000956505 0.00356629 0.000640173 0.000369795
0.599881 0.154879 0.155805 0.153953 0.0279205 0.0313759 0.0244651 0.0589674 0.000925703 0.00345542 0.000621252 0.000360618
0.603272 0.150908 0.151804 0.150012 0.0269411 0.0302883 0.0235939 0.0579337 0.000895725 0.00334722 0.000602766 0.000351577
0.606663 0.146981 0.147847 0.146114 0.025986 0.0292276 0.0227443 0.0569072 0.000866553 0.00324165 0.000584707 0.000342671
0.610054 0.143098 0.143936 0.14226 0.0250548 0.0281935 0.0219161 0.0558877 0.000838165 0.00313867 0.000567068 0.000333899
0.613445 0.139261 0.140072 0.138451 0.0241473 0.0271855 0.0211091 0.0548754 0.000810542 0.00303822 0.00054984 0.000325261
0.616836 0.13547 0.136254 0.134687 0.0232632 0.0262035 0.020323 0.0538703 0.000783668 0.00294027 0.000533014 0.000316758
0.620226 0.131727 0.132484 0.130969 0.0224023 0.0252471 0.0195576 0.0528724 0.000757522 0.00284475 0.000516584 0.000308387
0.623617 0.128031 0.128763 0.127299 0.0215643 0.0243159 0.0188126 0.0518818 0.000732089 0.00275163 0.000500541 0.00030015
0.627008 0.124385 0.125092 0.123677 0.0207488 0.0234096 0.0180879 0.0508985 0.00070735 0.00266086 0.000484877 0.000292045
0.630399 0.120788 0.121471 0.120105 0.0199556 0.022528 0.0173832 0.0499226 0.000683289 0.0025724 0.000469587 0.000284072
0.63379 0.117242 0.117902 0.116582 0.0191843 0.0216705 0.0166981 0.0489541 0.00065989 0.00248621 0.000454663 0.000276231
0.637181 0.113747 0.114384 0.11311 0.0184347 0.0208369 0.0160325 0.0479931 0.000637138 0.00240224 0.000440097 0.000268521
0.640571 0.110304 0.110919 0.109689 0.0177065 0.0200269 0.015386 0.0470397 0.000615016 0.00232044 0.000425883 0.000260942
0.643962 0.106914 0.107507 0.10632 0.0169992 0.01924 0.0147585 0.0460939 0.00059351 0.00224078 0.000412015 0.000253494
0.647353 0.103577 0.104149 0.103004 0.0163127 0.0184759 0.0141495 0.0451557 0.000572605 0.00216322 0.000398485 0.000246175
0.650744 0.100293 0.100846 0.0997412 0.0156466 0.0177343 0.0135588 0.0442253 0.000552288 0.00208772 0.000385288 0.000238986
0.654135 0.0970649 0.0975974 0.0965324 0.0150005 0.0170147 0.0129862 0.0433028 0.000532543 0.00201423 0.000372418 0.000231926
0.657526 0.0938918 0.0944051 0.0933784 0.0143741 0.0163168 0.0124314 0.0423881 0.000513359 0.00194272 0.000359868 0.000224994
0.660916 0.0907742 0.0912689 0.0902795 0.0137671 0.0156403 0.011894 0.0414814 0.000494721 0.00187315 0.000347632 0.00021819
0.664307 0.0877128 0.0881894 0.0872362 0.0131792 0.0149846 0.0113737 0.0405827 0.000476617 0.00180548 0.000335706 0.000211513
0.667698 0.0847078 0.0851669 0.0842488 0.0126099 0.0143496 0.0108702 0.0396922 0.000459034 0.00173968 0.000324082 0.000204963
0.671089 0.0817603 0.0822022 0.0813183 0.012059 0.0137347 0.0103833 0.0388099 0.00044196 0.0016757 0.000312755 0.000198539
0.67448 0.0788699 0.0792953 0.0784445 0.0115261 0.0131396 0.00991261 0.0379359 0.000425384 0.00161351 0.000301721 0.00019224
0.677871 0.0760374 0.0764467 0.0756281 0.0110109 0.012564 0.00945783 0.0370703 0.000409293 0.00155307 0.000290973 0.000186067
0.681261 0.0732632 0.0736569 0.0728695 0.010513 0.0120073 0.00901863 0.0362131 0.000393677 0.00149435 0.000280507 0.000180018
0.684652 0.0705471 0.0709257 0.0701686 0.010032 0.0114694 0.00859472 0.0353645 0.000378524 0.00143732 0.000270317 0.000174092
0.688043 0.0678898 0.0682537 0.067526 0.00956772 0.0109497 0.00818578 0.0345245 0.000363823 0.00138194 0.000260398 0.000168289
0.691434 0.0652912 0.0656408 0.0649416 0.00911964 0.0104478 0.00779147 0.0336932 0.000349564 0.00132817 0.000250745 0.000162609
0.694825 0.0627515 0.0630872 0.0624158 0.00868748 0.00996347 0.0074115 0.0328707 0.000335736 0.00127599 0.000241354 0.00015705
0.698216 0.060271 0.0605933 0.0599486 0.0082709 0.00949626 0.00704555 0.0320572 0.000322331 0.00122536 0.000232219 0.000151611
0.701606 0.0578494 0.0581587 0.05754 0.00786954 0.00904578 0.0066933 0.0312526 0.000309336 0.00117624 0.000223335 0.000146293
0.704997 0.0554868 0.0557835 0.0551901 0.00748301 0.00861162 0.0063544 0.0304571 0.000296744 0.00112861 0.000214699 0.000141093
0.708388 0.0531836 0.0534681 0.052899 0.00711102 0.00819345 0.00602858 0.0296708 0.000284544 0.00108243 0.000206306 0.000136012
0.711779 0.0509393 0.051212 0.0506665 0.00675316 0.00779084 0.00571548 0.0288937 0.000272728 0.00103768 0.000198151 0.000131048
0.71517 0.0487539 0.0490151 0.0484926 0.00640914 0.00740346 0.00541482 0.028126 0.000261286 0.000994321 0.000190229 0.000126201
0.718561 0.0466272 0.0468774 0.046377 0.00607859 0.00703092 0.00512627 0.0273677 0.000250209 0.000952324 0.000182537 0.000121469
0.721951 0.0445592 0.0447987 0.0443197 0.00576117 0.00667283 0.00484951 0.0266189 0.000239489 0.000911661 0.000175069 0.000116852
0.725342 0.0425494 0.0427785 0.0423203 0.00545652 0.00632883 0.00458422 0.0258797 0.000229118 0.000872302 0.000167823 0.000112349
0.728733 0.0405977 0.0408168 0.0403786 0.00516432 0.00599854 0.00433011 0.0251502 0.000219087 0.000834217 0.000160793 0.000107959
0.732124 0.0387037 0.0389131 0.0384943 0.00488423 0.00568161 0.00408685 0.0244305 0.000209388 0.00079738 0.000153975 0.00010368
0.735515 0.036867 0.037067 0.036667 0.00461592 0.00537768 0.00385415 0.0237206 0.000200014 0.000761762 0.000147366 9.95123e-05
0.738906 0.0350872 0.0352782 0.0348963 0.00435904 0.00508637 0.0036317 0.0230207 0.000190955 0.000727335 0.000140961 9.5454e-05
0.742296 0.0333639 0.0335461 0.0331817 0.00411327 0.00480734 0.0034192 0.0223308 0.000182206 0.000694072 0.000134757 9.15044e-05
0.745687 0.0316966 0.0318704 0.0315229 0.00387829 0.00454024 0.00321635 0.0216509 0.000173757 0.000661946 0.000128749 8.76622e-05
0.749078 0.0300847 0.0302503 0.0299191 0.00365378 0.00428471 0.00302285 0.0209813 0.000165603 0.000630932 0.000122934 8.39264e-05
0.752469 0.0285277 0.0286854 0.02837 0.00343941 0.00404041 0.00283841 0.0203219 0.000157735 0.000601002 0.000117307 8.02959e-05
0.75586 0.0270249 0.0271751 0.0268748 0.00323487 0.00380701 0.00266274 0.0196728 0.000150147 0.000572132 0.000111866 7.67693e-05
0.759251 0.0255757 0.0257185 0.0254329 0.00303986 0.00358415 0.00249556 0.0190341 0.000142832 0.000544296 0.000106606 7.33457e-05
0.762641 0.0241794 0.0243152 0.0240436 0.00285406 0.00337152 0.00233659 0.0184058 0.000135783 0.000517469 0.000101523 7.00236e-05
0.766032 0.0228353 0.0229643 0.0227063 0.00267716 0.00316879 0.00218554 0.0177881 0.000128994 0.000491627 9.66143e-05 6.68019e-05
0.769423 0.0215425 0.021665 0.0214201 0.00250889 0.00297563 0.00204214 0.0171809 0.000122457 0.000466745 9.18758e-05 6.36793e-05
0.772814 0.0203004 0.0204166 0.0201842 0.00234893 0.00279173 0.00190613 0.0165844 0.000116166 0.000442799 8.7304e-05 6.06545e-05
0.776205 0.019108 0.0192182 0.0189979 0.002197 0.00261677 0.00177723 0.0159986 0.000110116 0.000419767 8.28954e-05 5.77262e-05
0.779596 0.0179646 0.0180689 0.0178603 0.00205282 0.00245044 0.00165519 0.0154236 0.000104299 0.000397625 7.86464e-05 5.4893e-05
0.782986 0.0168692 0.0169679 0.0167705 0.0019161 0.00229245 0.00153975 0.0148593 9.87107e-05 0.00037635 7.45535e-05 5.21536e-05
0.786377 0.0158209 0.0159142 0.0157275 0.00178658 0.0021425 0.00143066 0.014306 9.33439e-05 0.000355919 7.06134e-05 4.95066e-05
0.789768 0.0148187 0.0149069 0.0147305 0.00166398 0.00200029 0.00132767 0.0137635 8.81931e-05 0.000336311 6.68225e-05 4.69506e-05
0.793159 0.0138616 0.0139449 0.0137784 0.00154804 0.00186554 0.00123054 0.0132319 8.32525e-05 0.000317503 6.31775e-05 4.44841e-05
0.79655 0.0129488 0.0130273 0.0128703 0.0014385 0.00173797 0.00113902 0.0127114 7.85164e-05 0.000299475 5.96751e-05 4.21058e-05
0.799941 0.0120791 0.0121531 0.0120051 0.00133511 0.00161731 0.0010529 0.0122018 7.39792e-05 0.000282205 5.63118e-05 3.98141e-05
0.803332 0.0112515 0.0113211 0.0111818 0.00123761 0.00150328 0.000971939 0.0117033 6.96355e-05 0.000265671 5.30845e-05 3.76076e-05
0.806722 0.0104649 0.0105303 0.0103994 0.00114577 0.00139562 0.000895917 0.0112158 6.54798e-05 0.000249854 4.99897e-05 3.54848e-05
0.810113 0.00971824 0.00977975 0.00965674 0.00105935 0.00129408 0.000824615 0.0107395 6.15068e-05 0.000234733 4.70244e-05 3.34441e-05
0.813504 0.00901047 0.00906818 0.00895275 0.000978113 0.0011984 0.000757824 0.0102742 5.77113e-05 0.000220288 4.41853e-05 3.14841e-05
0.816895 0.00834041 0.0083945 0.00828633 0.000901838 0.00110834 0.000695338 0.00982007 5.40882e-05 0.0002065 4.14691e-05 2.96031e-05
0.820286 0.007707 0.00775763 0.00765636 0.000830303 0.00102365 0.000636953 0.00937706 5.06323e-05 0.000193349 3.88728e-05 2.77996e-05
0.823677 0.00710905 0.00715638 0.00706171 0.000763291 0.000944108 0.000582475 0.00894519 4.73388e-05 0.000180816 3.63931e-05 2.6072e-05
0.827067 0.00654545 0.00658966 0.00650125 0.000700597 0.00086948 0.000531714 0.00852446 4.42027e-05 0.000168883 3.40271e-05 2.44188e-05
0.830458 0.00601503 0.00605625 0.00597381 0.000642015 0.000799545 0.000484485 0.00811485 4.12192e-05 0.00015753 3.17715e-05 2.28382e-05
0.833849 0.00551665 0.00555504 0.00547827 0.000587346 0.000734085 0.000440607 0.00771637 3.83835e-05 0.000146739 2.96234e-05 2.13288e-05
0.83724 0.00504915 0.00508484 0.00501346 0.000536399 0.000672893 0.000399906 0.00732899 3.5691e-05 0.000136494 2.75797e-05 1.98888e-05
0.840631 0.00461137 0.00464451 0.00457824 0.000488988 0.000615763 0.000362213 0.0069527 3.31371e-05 0.000126775 2.56374e-05 1.85165e-05
0.844022 0.00420217 0.00423289 0.00417145 0.00044493 0.000562496 0.000327365 0.00658748 3.07172e-05 0.000117566 2.37935e-05 1.72105e-05
0.847412 0.00382038 0.00384881 0.00379195 0.000404052 0.000512901 0.000295203 0.00623329 2.84269e-05 0.000108849 2.2045e-05 1.59689e-05
0.850803 0.00346486 0.00349112 0.0034386 0.000366184 0.000466792 0.000265576 0.0058901 2.62618e-05 0.000100608 2.03891e-05 1.47901e-05
0.854194 0.00313447 0.00315868 0.00311025 0.00033116 0.000423986 0.000238334 0.00555787 2.42176e-05 9.28262e-05 1.88229e-05 1.36724e-05
0.857585 0.00282808 0.00285037 0.00280579 0.000298824 0.000384311 0.000213337 0.00523656 2.22901e-05 8.54871e-05 1.73433e-05 1.26142e-05
0.860976 0.00254457 0.00256505 0.0025241 0.000269021 0.000347596 0.000190446 0.00492611 2.0475e-05 7.85748e-05 1.59477e-05 1.16136e-05
0.864367 0.00228284 0.00230161 0.00226407 0.000241604 0.000313678 0.000169531 0.00462646 1.87682e-05 7.20736e-05 1.46332e-05 1.06692e-05
0.867757 0.00204179 0.00205896 0.00202463 0.000216432 0.0002824 0.000150464 0.00433757 1.71657e-05 6.59678e-05 1.33969e-05 9.77905e-06
0.871148 0.00182036 0.00183602 0.00180469 0.000193367 0.000253609 0.000133124 0.00405934 1.56635e-05 6.02424e-05 1.22362e-05 8.94155e-06
0.874539 0.00161747 0.00163173 0.00160321 0.000172277 0.000227159 0.000117395 0.00379172 1.42577e-05 5.48823e-05 1.11482e-05 8.15497e-06
0.87793 0.0014321 0.00144504 0.00141915 0.000153037 0.00020291 0.000103164 0.00353463 1.29444e-05 4.98728e-05 1.01302e-05 7.41761e-06
0.881321 0.00126322 0.00127494 0.0012515 0.000135526 0.000180725 9.0326e-05 0.00328797 1.17198e-05 4.51995e-05 9.17959e-06 6.72775e-06
0.884712 0.00110986 0.00112044 0.00109928 0.000119626 0.000160474 7.87781e-05 0.00305165 1.05802e-05 4.08482e-05 8.29368e-06 6.08368e-06
0.888102 0.000971021 0.000980543 0.000961499 0.000105228 0.000142033 6.84236e-05 0.00282558 9.52196e-06 3.68049e-05 7.46984e-06 5.48371e-06
0.891493 0.000845777 0.000854319 0.000837236 9.22259e-05 0.000125282 5.91701e-05 0.00260964 8.54141e-06 3.30559e-05 6.70545e-06 4.92613e-06
0.894884 0.000733205 0.00074084 0.00072557 8.05174e-05 0.000110105 5.09296e-05 0.00240373 7.63502e-06 2.95878e-05 5.99797e-06 4.40925e-06
0.898275 0.000632418 0.000639218 0.000625619 7.00065e-05 9.63938e-05 4.36191e-05 0.00220773 6.79932e-06 2.63874e-05 5.34483e-06 3.93137e-06
0.901666 0.000542556 0.000548587 0.000536525 6.06013e-05 8.40431e-05 3.71596e-05 0.00202151 6.03089e-06 2.34417e-05 4.74355e-06 3.49082e-06
0.905057 0.000462785 0.000468112 0.000457459 5.2215e-05 7.29532e-05 3.14767e-05 0.00184494 5.32637e-06 2.07382e-05 4.19164e-06 3.08592e-06
0.908447 0.00039231 0.000396993 0.000387628 4.47646e-05 6.3029e-05 2.65001e-05 0.00167788 4.68246e-06 1.82644e-05 3.68666e-06 2.715e-06
0.911838 0.000330362 0.000334458 0.000326266 3.81718e-05 5.41798e-05 2.21637e-05 0.00152017 4.09593e-06 1.60081e-05 3.2262e-06 2.37642e-06
0.915229 0.000276207 0.000279771 0.000272644 3.23626e-05 4.63199e-05 1.84052e-05 0.00137168 3.56362e-06 1.39573e-05 2.80791e-06 2.06852e-06
0.91862 0.000229144 0.000232227 0.000226062 2.72671e-05 3.93677e-05 1.51666e-05 0.00123222 3.08241e-06 1.21005e-05 2.42943e-06 1.78969e-06
0.922011 0.000188505 0.000191155 0.000185856 2.28197e-05 3.32459e-05 1.23935e-05 0.00110164 2.64926e-06 1.04262e-05 2.08847e-06 1.53831e-06
0.925402 0.000153658 0.00015592 0.000151397 1.89585e-05 2.78817e-05 1.00353e-05 0.000979755 2.2612e-06 8.92318e-06 1.78278e-06 1.31279e-06
0.928792 0.000124004 0.000125919 0.000122089 1.56255e-05 2.32061e-05 8.04494e-06 0.000866374 1.91532e-06 7.5806e-06 1.51013e-06 1.11154e-06
0.932183 9.89793e-05 0.000100588 9.73705e-05 1.27667e-05 1.91545e-05 6.37891e-06 0.000761304 1.60875e-06 6.38779e-06 1.26834e-06 9.33013e-07
0.935574 7.80556e-05 7.93943e-05 7.67168e-05 1.03314e-05 1.56658e-05 4.99708e-06 0.000664341 1.33874e-06 5.33435e-06 1.05527e-06 7.75672e-07
0.938965 6.0739e-05 6.18416e-05 5.96365e-05 8.27275e-06 1.26829e-05 3.86259e-06 0.00057527 1.10256e-06 4.41016e-06 8.68844e-07 6.38004e-07
0.942356 4.6571e-05 4.74686e-05 4.56734e-05 6.54707e-06 1.01524e-05 2.94173e-06 0.000493868 8.97562e-07 3.60534e-06 7.06998e-07 5.1852e-07
0.945747 3.51277e-05 3.58489e-05 3.44065e-05 5.1141e-06 8.02438e-06 2.20383e-06 0.000419902 7.21183e-07 2.91028e-06 5.67735e-07 4.15761e-07
0.949137 2.60195e-05 2.65905e-05 2.54486e-05 3.93675e-06 6.25239e-06 1.62112e-06 0.000353126 5.70918e-07 2.31563e-06 4.49103e-07 3.28295e-07
0.952528 1.88907e-05 1.93351e-05 1.84464e-05 2.98099e-06 4.79333e-06 1.16865e-06 0.000293287 4.44338e-07 1.81234e-06 3.49201e-07 2.54722e-07
0.955919 1.34193e-05 1.37584e-05 1.30802e-05 2.21574e-06 3.60736e-06 8.24126e-07 0.000240116 3.3909e-07 1.39162e-06 2.6618e-07 1.93676e-07
0.95931 9.31606e-06 9.56896e-06 9.06316e-06 1.61279e-06 2.65774e-06 5.6784e-07 0.000193336 2.529e-07 1.04495e-06 1.98248e-07 1.43825e-07
0.962701 6.32401e-06 6.50758e-06 6.14044e-06 1.14662e-06 1.91074e-06 3.82501e-07 0.000152653 1.83572e-07 7.64117e-07 1.43669e-07 1.0388e-07
0.966092 4.21777e-06 4.34676e-06 4.08877e-06 7.94355e-07 1.33556e-06 2.5315e-07 0.000117761 1.28995e-07 5.41205e-07 1.00772e-07 7.25913e-08
0.969482 2.80292e-06 2.89007e-06 2.71578e-06 5.35656e-07 9.04259e-07 1.67054e-07 8.83389e-05 8.71453e-08 3.68602e-07 6.7949e-08 4.87549e-08
0.972873 1.9157e-06 1.97179e-06 1.85961e-06 3.52636e-07 5.91653e-07 1.13619e-07 6.40515e-05 5.60896e-08 2.39017e-07 4.36612e-08 3.12171e-08
0.976264 1.4236e-06 1.45759e-06 1.38961e-06 2.29868e-07 3.75361e-07 8.43739e-08 4.45474e-05 3.3991e-08 1.45494e-07 2.64443e-08 1.88776e-08
0.979655 1.22862e-06 1.24773e-06 1.2095e-06 1.54545e-07 2.35976e-07 7.31138e-08 2.94653e-05 1.9115e-08 8.14313e-08 1.49134e-08 1.06948e-08
0.983046 1.28021e-06 1.29004e-06 1.27037e-06 1.17243e-07 1.57851e-07 7.66351e-08 1.84484e-05 9.83571e-09 4.0608e-08 7.76883e-09 5.69067e-09
0.986437 1.63705e-06 1.64169e-06 1.6324e-06 1.15635e-07 1.3285e-07 9.84207e-08 1.12102e-05 4.6421e-09 1.72144e-08 3.80088e-09 2.95386e-09
0.989827 3.22183e-06 3.22395e-06 3.2197e-06 2.00007e-07 2.05905e-07 1.94109e-07 7.94367e-06 2.12549e-09 5.89773e-09 1.87407e-09 1.62056e-09
0.993218 9.90802e-06 9.90832e-06 9.90771e-06 5.99889e-07 6.02463e-07 5.97316e-07 3.08771e-05 3.03014e-10 2.5735e-09 1.52246e-10 -1.05879e-22
4.01075e-314 inf inf inf inf inf inf 0.00017639 5.3143 0.392938 0.193509 0.0473271
