9.72476e-05 3.56299 3.87487 3.2511 1.36078 1.50707 1.21448 4.25523 0.311882 0.146295 0.0387939 0.0310119
0.0001 3.54417 3.85588 3.23246 1.35375 1.50004 1.20745 4.22516 0.31171 0.146294 0.0386806 0.030813
0.00010283 3.5258 3.83734 3.21426 1.34689 1.49318 1.2006 4.19524 0.311538 0.146293 0.0385691 0.030615
0.000105741 3.51012 3.82148 3.19875 1.34105 1.48735 1.19476 4.16547 0.311366 0.146294 0.0384594 0.0304178
0.000108734 3.49094 3.80213 3.17974 1.33389 1.48018 1.18759 4.13586 0.311194 0.146296 0.0383513 0.0302214
0.000111811 3.47186 3.78288 3.16084 1.32676 1.47306 1.18046 4.1064 0.311023 0.146299 0.0382452 0.0300259
0.000114976 3.45286 3.76372 3.14201 1.31967 1.46597 1.17337 4.07708 0.310852 0.146302 0.0381408 0.0298312
0.00011823 3.43396 3.74464 3.12328 1.31262 1.45892 1.16631 4.04792 0.310681 0.146307 0.0380382 0.0296374
0.000121576 3.41515 3.72566 3.10464 1.3056 1.45191 1.15928 4.0189 0.31051 0.146313 0.0379374 0.0294444
0.000125017 3.39643 3.70677 3.08609 1.29861 1.44493 1.15229 3.99004 0.31034 0.14632 0.0378384 0.0292522
0.000128556 3.3778 3.68797 3.06763 1.29166 1.43799 1.14533 3.96132 0.310169 0.146329 0.0377412 0.0290609
0.000132194 3.35926 3.66926 3.04926 1.28475 1.43108 1.13841 3.93275 0.309999 0.146338 0.0376459 0.0288704
0.000135936 3.34081 3.65064 3.03098 1.27787 1.42421 1.13152 3.90432 0.309829 0.146348 0.0375524 0.0286808
0.000139783 3.32244 3.6321 3.01278 1.27102 1.41738 1.12466 3.87604 0.30966 0.146359 0.0374607 0.0284919
0.000143739 3.30417 3.61366 2.99468 1.26421 1.41058 1.11784 3.84791 0.30949 0.146371 0.0373709 0.0283039
0.000147808 3.28598 3.5953 2.97666 1.25743 1.40382 1.11105 3.81992 0.309321 0.146385 0.0372829 0.0281167
0.000151991 3.26788 3.57703 2.95873 1.25069 1.39709 1.10429 3.79207 0.309151 0.146399 0.0371967 0.0279303
0.000156293 3.24987 3.55885 2.94089 1.24398 1.3904 1.09757 3.76437 0.308982 0.146414 0.0371125 0.0277448
0.000160717 3.23194 3.54075 2.92313 1.23731 1.38374 1.09088 3.73681 0.308812 0.146431 0.0370301 0.0275601
0.000165265 3.2141 3.52275 2.90546 1.23067 1.37712 1.08422 3.70939 0.308643 0.146448 0.0369496 0.0273761
0.000169943 3.19635 3.50482 2.88788 1.22406 1.37053 1.0776 3.68212 0.308474 0.146467 0.0368711 0.0271931
0.000174753 3.17868 3.48699 2.87038 1.21749 1.36398 1.071 3.65498 0.308304 0.146486 0.0367944 0.0270108
0.000179699 3.1611 3.46923 2.85297 1.21095 1.35746 1.06444 3.62799 0.308135 0.146506 0.0367196 0.0268293
0.000184785 3.1436 3.45157 2.83564 1.20444 1.35097 1.05792 3.60114 0.307965 0.146528 0.0366468 0.0266486
0.000190015 3.12619 3.43398 2.81839 1.19797 1.34452 1.05142 3.57442 0.307796 0.14655 0.0365758 0.0264688
0.000195393 3.10886 3.41649 2.80124 1.19153 1.3381 1.04496 3.54785 0.307626 0.146573 0.0365068 0.0262897
0.000200923 3.09162 3.39907 2.78416 1.18512 1.33172 1.03853 3.52141 0.307456 0.146597 0.0364398 0.0261115
0.00020661 3.07446 3.38175 2.76717 1.17875 1.32537 1.03213 3.49511 0.307286 0.146623 0.0363747 0.025934
0.000212458 3.05738 3.3645 2.75027 1.17241 1.31906 1.02576 3.46895 0.307115 0.146649 0.0363115 0.0257573
0.000218471 3.04039 3.34733 2.73344 1.1661 1.31278 1.01942 3.44293 0.306945 0.146676 0.0362503 0.0255815
0.000224655 3.02348 3.33025 2.7167 1.15982 1.30653 1.01312 3.41704 0.306774 0.146704 0.0361911 0.0254065
0.000231013 3.00665 3.31325 2.70004 1.15358 1.30031 1.00684 3.39128 0.306603 0.146733 0.0361339 0.0252322
0.000237551 2.9899 3.29633 2.68347 1.14737 1.29413 1.0006 3.36566 0.306432 0.146763 0.0360787 0.0250588
0.000244275 2.97324 3.2795 2.66698 1.14119 1.28798 0.994392 3.34018 0.30626 0.146794 0.0360254 0.0248861
0.000251189 2.95665 3.26274 2.65056 1.13504 1.28186 0.988212 3.31483 0.306088 0.146825 0.0359742 0.0247142
0.000258298 2.94015 3.24606 2.63423 1.12892 1.27578 0.982063 3.28961 0.305915 0.146858 0.035925 0.0245431
0.000265609 2.92372 3.22946 2.61798 1.12284 1.26973 0.975944 3.26453 0.305742 0.146891 0.0358778 0.0243728
0.000273126 2.90738 3.21295 2.60181 1.11678 1.26371 0.969856 3.23958 0.305569 0.146926 0.0358327 0.0242033
0.000280857 2.89112 3.19651 2.58572 1.11076 1.25772 0.9638 3.21476 0.305395 0.146961 0.0357896 0.0240346
0.000288806 2.87493 3.18015 2.56971 1.10477 1.25177 0.957773 3.19007 0.30522 0.146997 0.0357485 0.0238666
0.00029698 2.85883 3.16387 2.55378 1.09881 1.24584 0.951775 3.16551 0.305045 0.147034 0.0357095 0.0236995
0.000305386 2.8428 3.14767 2.53793 1.09288 1.23995 0.94581 3.14108 0.30487 0.147072 0.0356726 0.0235331
0.000314029 2.82685 3.13154 2.52216 1.08698 1.23409 0.939872 3.11678 0.304693 0.147111 0.0356378 0.0233675
0.000322917 2.81098 3.1155 2.50647 1.08112 1.22827 0.933966 3.09261 0.304516 0.14715 0.035605 0.0232027
0.000332057 2.79519 3.09953 2.49085 1.07528 1.22247 0.928089 3.06857 0.304339 0.147191 0.0355743 0.0230386
0.000341455 2.77947 3.08363 2.47531 1.06947 1.21671 0.922242 3.04465 0.30416 0.147232 0.0355458 0.0228754
0.000351119 2.76384 3.06782 2.45986 1.0637 1.21097 0.916424 3.02087 0.303981 0.147274 0.0355193 0.0227129
0.000361057 2.74828 3.05208 2.44447 1.05795 1.20527 0.910636 2.99721 0.303801 0.147317 0.035495 0.0225511
0.000371276 2.73279 3.03641 2.42917 1.05224 1.1996 0.904877 2.97367 0.30362 0.14736 0.0354728 0.0223902
0.000381784 2.71738 3.02082 2.41394 1.04655 1.19396 0.899147 2.95027 0.303438 0.147405 0.0354527 0.02223
0.00039259 2.70205 3.0053 2.39879 1.0409 1.18835 0.893447 2.92698 0.303255 0.14745 0.0354348 0.0220706
0.000403702 2.68679 2.98986 2.38372 1.03527 1.18277 0.887775 2.90383 0.303071 0.147496 0.035419 0.0219119
0.000415128 2.6716 2.97449 2.36872 1.02967 1.17722 0.882132 2.8808 0.302886 0.147542 0.0354054 0.0217541
0.000426877 2.6565 2.9592 2.3538 1.02411 1.1717 0.876518 2.85789 0.3027 0.147589 0.035394 0.0215969
0.000438959 2.64146 2.94398 2.33895 1.01857 1.16621 0.870933 2.8351 0.302513 0.147638 0.0353847 0.0214406
0.000451383 2.6265 2.92883 2.32418 1.01306 1.16075 0.865376 2.81244 0.302325 0.147686 0.0353776 0.021285
0.000464159 2.61161 2.91375 2.30948 1.00758 1.15532 0.859848 2.7899 0.302135 0.147736 0.0353728 0.0211302
0.000477296 2.5968 2.89875 2.29486 1.00213 1.14992 0.854348 2.76748 0.301944 0.147786 0.0353701 0.0209761
0.000490805 2.58206 2.88381 2.28031 0.996712 1.14455 0.848875 2.74519 0.301752 0.147837 0.0353696 0.0208228
0.000504697 2.56739 2.86895 2.26583 0.99132 1.13921 0.843432 2.72301 0.301558 0.147888 0.0353714 0.0206703
0.000518981 2.55279 2.85416 2.25143 0.985956 1.1339 0.838016 2.70096 0.301363 0.14794 0.0353753 0.0205185
0.00053367 2.53827 2.83944 2.2371 0.980621 1.12861 0.832628 2.67902 0.301166 0.147993 0.0353815 0.0203675
0.000548775 2.52382 2.82478 2.22285 0.975314 1.12336 0.827268 2.65721 0.300968 0.148047 0.03539 0.0202172
0.000564307 2.50944 2.81021 2.20867 0.970036 1.11814 0.821936 2.63551 0.300768 0.148101 0.0354007 0.0200677
0.000580278 2.49513 2.79569 2.19456 0.964785 1.11294 0.81663 2.61393 0.300566 0.148155 0.0354136 0.0199189
0.000596702 2.48089 2.78125 2.18052 0.959563 1.10777 0.811353 2.59248 0.300363 0.14821 0.0354288 0.0197709
0.000613591 2.46672 2.76687 2.16656 0.954369 1.10264 0.806103 2.57113 0.300158 0.148266 0.0354463 0.0196236
0.000630957 2.45262 2.75257 2.15266 0.949202 1.09752 0.80088 2.54991 0.299951 0.148322 0.035466 0.0194771
0.000648815 2.43859 2.73833 2.13884 0.944063 1.09244 0.795684 2.5288 0.299742 0.148379 0.0354881 0.0193314
0.000667179 2.42462 2.72415 2.12509 0.938952 1.08739 0.790515 2.50781 0.299531 0.148437 0.0355124 0.0191863
0.000686062 2.41073 2.71005 2.11141 0.933868 1.08236 0.785373 2.48694 0.299318 0.148494 0.035539 0.0190421
0.00070548 2.3969 2.696 2.0978 0.928811 1.07736 0.780258 2.46618 0.299103 0.148553 0.0355679 0.0188985
0.000725448 2.38315 2.68203 2.08426 0.923782 1.07239 0.77517 2.44553 0.298885 0.148612 0.0355991 0.0187558
0.00074598 2.36946 2.66812 2.07079 0.918779 1.06745 0.770108 2.425 0.298665 0.148671 0.0356326 0.0186137
0.000767094 2.35584 2.65428 2.05739 0.913804 1.06253 0.765073 2.40459 0.298443 0.14873 0.0356684 0.0184725
0.000788805 2.34228 2.6405 2.04406 0.908855 1.05765 0.760065 2.38429 0.298219 0.14879 0.0357066 0.0183319
0.000811131 2.3288 2.62679 2.0308 0.903933 1.05278 0.755082 2.3641 0.297992 0.148851 0.035747 0.0181921
0.000834088 2.31537 2.61314 2.01761 0.899038 1.04795 0.750126 2.34402 0.297762 0.148912 0.0357898 0.0180531
0.000857696 2.30202 2.59955 2.00449 0.894169 1.04314 0.745196 2.32406 0.29753 0.148973 0.0358349 0.0179147
0.000881971 2.28873 2.58602 1.99143 0.889327 1.03836 0.740292 2.30421 0.297294 0.149034 0.0358824 0.0177772
0.000906934 2.2755 2.57256 1.97844 0.88451 1.03361 0.735414 2.28447 0.297056 0.149096 0.0359321 0.0176403
0.000932603 2.26234 2.55916 1.96553 0.87972 1.02888 0.730562 2.26484 0.296815 0.149158 0.0359843 0.0175042
0.000958999 2.24925 2.54582 1.95268 0.874956 1.02418 0.725735 2.24533 0.296571 0.149221 0.0360387 0.0173688
0.000986142 2.23622 2.53254 1.9399 0.870218 1.0195 0.720934 2.22592 0.296324 0.149283 0.0360955 0.0172342
0.00101405 2.22325 2.51933 1.92718 0.865505 1.01485 0.716159 2.20662 0.296074 0.149346 0.0361547 0.0171003
0.00104275 2.21035 2.50617 1.91453 0.860818 1.01023 0.711409 2.18744 0.29582 0.149409 0.0362161 0.0169671
0.00107227 2.19751 2.49307 1.90195 0.856157 1.00563 0.706685 2.16836 0.295563 0.149472 0.03628 0.0168347
0.00110262 2.18473 2.48004 1.88943 0.851521 1.00106 0.701986 2.14939 0.295302 0.149535 0.0363461 0.016703
0.00113382 2.17202 2.46706 1.87698 0.84691 0.996509 0.697312 2.13053 0.295038 0.149599 0.0364146 0.0165721
0.00116591 2.15936 2.45413 1.86459 0.842325 0.991987 0.692662 2.11178 0.29477 0.149662 0.0364855 0.0164418
0.00119891 2.14678 2.44127 1.85228 0.837764 0.98749 0.688038 2.09313 0.294498 0.149726 0.0365586 0.0163123
0.00123285 2.13425 2.42847 1.84002 0.833228 0.983017 0.683439 2.0746 0.294222 0.149789 0.0366342 0.0161835
0.00126774 2.12178 2.41572 1.82784 0.828718 0.978571 0.678865 2.05617 0.293943 0.149853 0.036712 0.0160555
0.00130362 2.10937 2.40303 1.81571 0.824231 0.974148 0.674315 2.03784 0.293659 0.149916 0.0367922 0.0159282
0.00134052 2.09702 2.39039 1.80365 0.81977 0.96975 0.66979 2.01963 0.29337 0.14998 0.0368747 0.0158016
0.00137846 2.08474 2.37782 1.79166 0.815333 0.965376 0.66529 2.00152 0.293077 0.150043 0.0369595 0.0156757
0.00141747 2.07251 2.36529 1.77973 0.81092 0.961027 0.660813 1.98351 0.29278 0.150107 0.0370466 0.0155506
0.00145759 2.06034 2.35282 1.76786 0.806532 0.956701 0.656362 1.96561 0.292478 0.15017 0.0371361 0.0154262
0.00149885 2.04823 2.3404 1.75606 0.802167 0.952399 0.651934 1.94782 0.292172 0.150233 0.0372278 0.0153025
0.00154127 2.03618 2.32804 1.74432 0.797826 0.948121 0.647531 1.93013 0.29186 0.150295 0.0373218 0.0151795
0.00158489 2.02419 2.31573 1.73265 0.793509 0.943867 0.643151 1.91254 0.291543 0.150358 0.0374181 0.0150573
0.00162975 2.01226 2.30348 1.72104 0.789217 0.939636 0.638797 1.89506 0.291221 0.15042 0.0375166 0.0149358
0.00167588 2.00038 2.29127 1.70948 0.784947 0.935429 0.634465 1.87768 0.290894 0.150482 0.0376175 0.014815
0.00172331 1.98856 2.27912 1.698 0.780701 0.931244 0.630158 1.8604 0.290561 0.150543 0.0377205 0.0146949
0.00177209 1.9768 2.26702 1.68657 0.776479 0.927083 0.625874 1.84323 0.290223 0.150604 0.0378258 0.0145755
0.00182224 1.96509 2.25497 1.67521 0.772279 0.922944 0.621614 1.82616 0.289879 0.150665 0.0379333 0.0144569
0.00187382 1.95344 2.24297 1.66391 0.768103 0.918827 0.617378 1.80919 0.289529 0.150725 0.0380431 0.0143389
0.00192685 1.94184 2.23102 1.65267 0.763949 0.914734 0.613165 1.79232 0.289173 0.150784 0.038155 0.0142217
0.00198139 1.9303 2.21911 1.64149 0.759819 0.910662 0.608975 1.77556 0.288811 0.150843 0.038269 0.0141052
0.00203747 1.91882 2.20726 1.63038 0.755711 0.906613 0.604809 1.75889 0.288442 0.150902 0.0383853 0.0139894
0.00209514 1.90739 2.19545 1.61932 0.751626 0.902585 0.600666 1.74233 0.288067 0.15096 0.0385036 0.0138743
0.00215443 1.89601 2.18369 1.60833 0.747563 0.898579 0.596546 1.72587 0.287685 0.151016 0.0386241 0.01376
0.00221541 1.88469 2.17198 1.59739 0.743522 0.894595 0.59245 1.70951 0.287296 0.151073 0.0387466 0.0136463
0.00227812 1.87342 2.16032 1.58652 0.739504 0.890632 0.588376 1.69324 0.2869 0.151128 0.0388712 0.0135334
0.00234259 1.8622 2.1487 1.5757 0.735508 0.88669 0.584325 1.67708 0.286497 0.151183 0.0389979 0.0134211
0.0024089 1.85104 2.13712 1.56495 0.731534 0.88277 0.580298 1.66102 0.286086 0.151236 0.0391265 0.0133096
0.00247708 1.83993 2.12559 1.55426 0.727582 0.878871 0.576293 1.64506 0.285668 0.151289 0.0392572 0.0131988
0.00254719 1.82886 2.11411 1.54362 0.723651 0.874992 0.572311 1.62919 0.285242 0.151341 0.0393897 0.0130887
0.00261928 1.81786 2.10266 1.53305 0.719742 0.871133 0.568351 1.61343 0.284808 0.151391 0.0395242 0.0129793
0.00269341 1.8069 2.09126 1.52253 0.715854 0.867295 0.564414 1.59776 0.284366 0.151441 0.0396606 0.0128706
0.00276965 1.79599 2.0799 1.51207 0.711988 0.863477 0.560499 1.58219 0.283915 0.151489 0.0397989 0.0127625
0.00284804 1.78513 2.06859 1.50168 0.708143 0.859679 0.556607 1.56672 0.283456 0.151536 0.0399389 0.0126552
0.00292864 1.77432 2.05731 1.49134 0.704319 0.8559 0.552738 1.55135 0.282988 0.151581 0.0400808 0.0125486
0.00301153 1.76357 2.04608 1.48105 0.700515 0.852141 0.54889 1.53607 0.282511 0.151626 0.0402243 0.0124427
0.00309677 1.75286 2.03488 1.47083 0.696733 0.848402 0.545065 1.5209 0.282025 0.151668 0.0403696 0.0123375
0.00318442 1.7422 2.02373 1.46067 0.692972 0.844681 0.541262 1.50581 0.281529 0.15171 0.0405165 0.012233
0.00327455 1.73158 2.01261 1.45056 0.68923 0.84098 0.537481 1.49083 0.281024 0.15175 0.040665 0.0121291
0.00336723 1.72102 2.00153 1.44051 0.685509 0.837297 0.533721 1.47594 0.280509 0.151788 0.0408151 0.012026
0.00346253 1.7105 1.99048 1.43052 0.681808 0.833632 0.529984 1.46115 0.279983 0.151824 0.0409667 0.0119235
0.00356053 1.70003 1.97948 1.42058 0.678127 0.829986 0.526269 1.44645 0.279448 0.151859 0.0411197 0.0118218
0.00366131 1.6896 1.96851 1.4107 0.674467 0.826358 0.522575 1.43185 0.278902 0.151891 0.0412741 0.0117207
0.00376494 1.67923 1.95757 1.40088 0.670826 0.822748 0.518904 1.41735 0.278344 0.151922 0.0414299 0.0116203
0.0038715 1.66889 1.94667 1.39112 0.667204 0.819155 0.515254 1.40294 0.277776 0.151951 0.0415869 0.0115206
0.00398107 1.6586 1.9358 1.38141 0.663603 0.81558 0.511625 1.38862 0.277197 0.151977 0.0417451 0.0114216
0.00409375 1.64836 1.92497 1.37176 0.660021 0.812023 0.508019 1.3744 0.276606 0.152002 0.0419045 0.0113232
0.00420962 1.63816 1.91417 1.36216 0.656457 0.808482 0.504433 1.36028 0.276003 0.152024 0.042065 0.0112256
0.00432876 1.62801 1.90339 1.35262 0.652913 0.804957 0.500869 1.34625 0.275388 0.152044 0.0422265 0.0111286
0.00445128 1.6179 1.89266 1.34313 0.649388 0.801449 0.497327 1.33231 0.27476 0.152061 0.0423889 0.0110322
0.00457727 1.60783 1.88195 1.33371 0.645881 0.797957 0.493805 1.31847 0.27412 0.152076 0.0425522 0.0109366
0.00470682 1.5978 1.87127 1.32433 0.642393 0.794482 0.490305 1.30472 0.273467 0.152088 0.0427163 0.0108416
0.00484003 1.58782 1.86062 1.31501 0.638924 0.791022 0.486826 1.29107 0.272801 0.152098 0.0428811 0.0107473
0.00497702 1.57787 1.84999 1.30575 0.635473 0.787577 0.483368 1.2775 0.272122 0.152104 0.0430464 0.0106536
0.00511789 1.56797 1.8394 1.29654 0.63204 0.784148 0.479932 1.26404 0.271428 0.152108 0.0432124 0.0105606
0.00526274 1.55811 1.82883 1.28739 0.628625 0.780733 0.476516 1.25066 0.270721 0.152109 0.0433787 0.0104683
0.0054117 1.54829 1.81829 1.27829 0.625228 0.777334 0.473121 1.23738 0.269999 0.152106 0.0435454 0.0103766
0.00556486 1.53851 1.80777 1.26925 0.621848 0.773949 0.469748 1.22419 0.269263 0.152101 0.0437123 0.0102856
0.00572237 1.52877 1.79728 1.26026 0.618486 0.770577 0.466394 1.21109 0.268512 0.152091 0.0438794 0.0101952
0.00588433 1.51907 1.78681 1.25132 0.615141 0.76722 0.463062 1.19809 0.267745 0.152079 0.0440465 0.0101055
0.00605088 1.5094 1.77637 1.24244 0.611814 0.763877 0.459751 1.18518 0.266963 0.152063 0.0442135 0.0100164
0.00622213 1.49978 1.76594 1.23361 0.608503 0.760546 0.45646 1.17236 0.266165 0.152043 0.0443804 0.00992802
0.00639824 1.49019 1.75554 1.22484 0.605209 0.757229 0.45319 1.15963 0.265351 0.152019 0.0445469 0.00984023
0.00657933 1.48064 1.74516 1.21612 0.601933 0.753924 0.449941 1.147 0.264521 0.151992 0.044713 0.00975307
0.00676555 1.47112 1.7348 1.20745 0.598672 0.750632 0.446712 1.13445 0.263674 0.15196 0.0448786 0.00966656
0.00695704 1.46165 1.72446 1.19884 0.595428 0.747352 0.443504 1.122 0.26281 0.151924 0.0450435 0.00958067
0.00715394 1.4522 1.71413 1.19028 0.592199 0.744083 0.440315 1.10964 0.261928 0.151884 0.0452077 0.00949541
0.00735642 1.4428 1.70383 1.18177 0.588987 0.740826 0.437148 1.09737 0.261029 0.151839 0.0453708 0.00941077
0.00756463 1.43343 1.69354 1.17331 0.585791 0.737581 0.434001 1.08519 0.260111 0.15179 0.0455329 0.00932675
0.00777874 1.42409 1.68326 1.16491 0.58261 0.734346 0.430874 1.0731 0.259175 0.151736 0.0456938 0.00924335
0.0079989 1.41478 1.673 1.15656 0.579444 0.731121 0.427767 1.0611 0.258221 0.151677 0.0458533 0.00916056
0.0082253 1.40551 1.66276 1.14827 0.576294 0.727907 0.424681 1.04919 0.257247 0.151613 0.0460113 0.00907839
0.0084581 1.39628 1.65253 1.14002 0.573159 0.724703 0.421615 1.03738 0.256254 0.151544 0.0461676 0.00899682
0.00869749 1.38707 1.64231 1.13183 0.570038 0.721508 0.418569 1.02565 0.255242 0.151469 0.0463221 0.00891585
0.00894366 1.3779 1.63211 1.12369 0.566932 0.718322 0.415543 1.01401 0.254209 0.151389 0.0464746 0.00883548
0.00919679 1.36876 1.62191 1.1156 0.563841 0.715144 0.412537 1.00247 0.253156 0.151304 0.0466249 0.0087557
0.00945709 1.35965 1.61173 1.10756 0.560763 0.711975 0.409551 0.991009 0.252083 0.151212 0.0467729 0.00867651
0.00972476 1.35057 1.60156 1.09958 0.5577 0.708815 0.406585 0.979642 0.250988 0.151115 0.0469184 0.0085979
0.01 1.34152 1.59139 1.09165 0.55465 0.705661 0.403639 0.968364 0.249872 0.151011 0.0470611 0.00851988
0.010283 1.3325 1.58124 1.08377 0.551614 0.702515 0.400713 0.957176 0.248734 0.150901 0.047201 0.00844243
0.0105741 1.32351 1.57109 1.07594 0.548592 0.699376 0.397808 0.946077 0.247575 0.150784 0.0473378 0.00836555
0.0108734 1.31455 1.56095 1.06816 0.545582 0.696243 0.394921 0.935067 0.246393 0.150661 0.0474713 0.00828924
0.0111811 1.30562 1.55081 1.06043 0.542586 0.693117 0.392055 0.924146 0.245188 0.150531 0.0476014 0.00821348
0.0114976 1.29672 1.54068 1.05276 0.539602 0.689996 0.389209 0.913313 0.243961 0.150394 0.0477278 0.00813829
0.011823 1.28784 1.53055 1.04513 0.53663 0.686879 0.386381 0.90257 0.24271 0.150249 0.0478503 0.00806365
0.0121576 1.27899 1.52043 1.03756 0.533671 0.683768 0.383574 0.891915 0.241436 0.150097 0.0479687 0.00798955
0.0125017 1.27017 1.51031 1.03004 0.530724 0.680661 0.380787 0.881348 0.240137 0.149937 0.0480827 0.00791599
0.0128556 1.26138 1.5002 1.02256 0.527789 0.677559 0.378019 0.87087 0.238815 0.14977 0.0481923 0.00784297
0.0132194 1.25261 1.49008 1.01514 0.524865 0.674459 0.375271 0.860479 0.237468 0.149594 0.0482971 0.00777047
0.0135936 1.24387 1.47997 1.00777 0.521953 0.671362 0.372543 0.850177 0.236097 0.14941 0.0483969 0.0076985
0.0139783 1.23515 1.46985 1.00045 0.519051 0.668269 0.369834 0.839962 0.2347 0.149217 0.0484915 0.00762705
0.0143739 1.22646 1.45974 0.993183 0.51616 0.665176 0.367145 0.829834 0.233279 0.149016 0.0485807 0.00755611
0.0147808 1.2178 1.44963 0.985965 0.51328 0.662086 0.364475 0.819794 0.231831 0.148806 0.0486641 0.00748568
0.0151991 1.20915 1.43951 0.978796 0.510411 0.658997 0.361825 0.809841 0.230358 0.148586 0.0487417 0.00741575
0.0156293 1.20054 1.4294 0.971678 0.507551 0.655908 0.359194 0.799975 0.228859 0.148357 0.048813 0.00734631
0.0160717 1.19194 1.41928 0.96461 0.504701 0.65282 0.356582 0.790196 0.227334 0.148119 0.0488779 0.00727735
0.0165265 1.18337 1.40916 0.957591 0.501861 0.649731 0.353991 0.780503 0.225782 0.14787 0.0489361 0.00720888
0.0169943 1.17483 1.39903 0.950623 0.499029 0.646641 0.351418 0.770897 0.224203 0.147611 0.0489874 0.00714088
0.0174753 1.1663 1.3889 0.943705 0.496207 0.643549 0.348865 0.761377 0.222598 0.147342 0.0490315 0.00707335
0.0179699 1.1578 1.37877 0.936837 0.493394 0.640456 0.346331 0.751943 0.220966 0.147062 0.0490681 0.00700628
0.0184785 1.14932 1.36863 0.930018 0.490589 0.63736 0.343817 0.742595 0.219306 0.146772 0.0490971 0.00693967
0.0190015 1.14087 1.35849 0.92325 0.487792 0.634261 0.341322 0.733332 0.217619 0.14647 0.049118 0.0068735
0.0195393 1.13244 1.34834 0.916531 0.485002 0.631159 0.338846 0.724154 0.215905 0.146156 0.0491307 0.00680777
0.0200923 1.12402 1.33819 0.909862 0.482221 0.628052 0.33639 0.715062 0.214163 0.145831 0.0491349 0.00674247
0.020661 1.11564 1.32803 0.903243 0.479446 0.62494 0.333952 0.706054 0.212393 0.145494 0.0491303 0.0066776
0.0212458 1.10727 1.31786 0.896672 0.476679 0.621824 0.331534 0.697131 0.210595 0.145145 0.0491166 0.00661314
0.0218471 1.09892 1.30769 0.890152 0.473918 0.618701 0.329135 0.688292 0.20877 0.144783 0.0490937 0.00654909
0.0224655 1.0906 1.29752 0.883682 0.471164 0.615572 0.326756 0.679537 0.206917 0.144408 0.0490612 0.00648545
0.0231013 1.0823 1.28733 0.87726 0.468415 0.612436 0.324395 0.670866 0.205036 0.14402 0.0490188 0.0064222
0.0237551 1.07402 1.27714 0.870888 0.465672 0.609291 0.322053 0.662279 0.203127 0.143619 0.0489664 0.00635934
0.0244275 1.06576 1.26695 0.864565 0.462935 0.606139 0.319731 0.653774 0.201191 0.143204 0.0489035 0.00629685
0.0251189 1.05752 1.25675 0.858292 0.460203 0.602978 0.317428 0.645352 0.199227 0.142775 0.0488301 0.00623474
0.0258298 1.0493 1.24654 0.852068 0.457475 0.599807 0.315144 0.637012 0.197235 0.142332 0.0487458 0.00617299
0.0265609 1.04111 1.23632 0.845893 0.454752 0.596626 0.312878 0.628755 0.195216 0.141874 0.0486503 0.00611159
0.0273126 1.03294 1.22611 0.839767 0.452033 0.593434 0.310632 0.620579 0.193169 0.141401 0.0485435 0.00605054
0.0280857 1.02479 1.21588 0.83369 0.449318 0.59023 0.308405 0.612484 0.191095 0.140913 0.048425 0.00598983
0.0288806 1.01666 1.20565 0.827663 0.446605 0.587015 0.306196 0.604471 0.188995 0.140409 0.0482947 0.00592944
0.029698 1.00855 1.19542 0.821684 0.443896 0.583786 0.304006 0.596538 0.186868 0.13989 0.0481523 0.00586938
0.0305386 1.00047 1.18518 0.815754 0.44119 0.580544 0.301835 0.588685 0.184714 0.139354 0.0479976 0.00580962
0.0314029 0.992408 1.17494 0.809874 0.438486 0.577288 0.299683 0.580911 0.182534 0.138802 0.0478303 0.00575018
0.0322917 0.984371 1.1647 0.804042 0.435783 0.574017 0.29755 0.573217 0.180329 0.138233 0.0476503 0.00569102
0.0332057 0.976357 1.15446 0.798259 0.433082 0.57073 0.295435 0.565601 0.178098 0.137648 0.0474573 0.00563215
0.0341455 0.968368 1.14421 0.792525 0.430383 0.567427 0.293339 0.558064 0.175843 0.137044 0.0472513 0.00557356
0.0351119 0.960402 1.13397 0.786839 0.427684 0.564107 0.291261 0.550604 0.173563 0.136423 0.0470319 0.00551524
0.0361057 0.952462 1.12372 0.781203 0.424986 0.56077 0.289202 0.543222 0.171259 0.135784 0.046799 0.00545717
0.0371276 0.944546 1.11348 0.775614 0.422287 0.557414 0.287161 0.535916 0.168932 0.135127 0.0465525 0.00539936
0.0381784 0.936656 1.10324 0.770074 0.419589 0.554039 0.285138 0.528686 0.166582 0.13445 0.0462922 0.00534179
0.039259 0.928793 1.093 0.764583 0.416889 0.550645 0.283134 0.521532 0.16421 0.133755 0.0460179 0.00528445
0.0403702 0.920956 1.08277 0.75914 0.414188 0.547229 0.281148 0.514452 0.161816 0.133041 0.0457297 0.00522733
0.0415128 0.913147 1.07255 0.753745 0.411486 0.543793 0.27918 0.507447 0.159402 0.132307 0.0454273 0.00517043
0.0426877 0.905366 1.06233 0.748398 0.408782 0.540335 0.277229 0.500515 0.156968 0.131553 0.0451107 0.00511374
0.0438959 0.897614 1.05213 0.7431 0.406075 0.536854 0.275296 0.493657 0.154514 0.130779 0.0447798 0.00505724
0.0451383 0.889892 1.04193 0.737849 0.403365 0.533349 0.273381 0.48687 0.152042 0.129984 0.0444346 0.00500093
0.0464159 0.8822 1.03175 0.732647 0.400652 0.529821 0.271484 0.480155 0.149553 0.129168 0.044075 0.0049448
0.0477296 0.874539 1.02159 0.727491 0.397935 0.526267 0.269604 0.473511 0.147047 0.128332 0.0437011 0.00488884
0.0490805 0.86691 1.01144 0.722384 0.395214 0.522688 0.267741 0.466936 0.144526 0.127474 0.0433127 0.00483304
0.0504697 0.859313 1.0013 0.717323 0.392489 0.519083 0.265894 0.460431 0.14199 0.126594 0.0429101 0.0047774
0.0518981 0.851751 0.991192 0.71231 0.389758 0.51545 0.264065 0.453995 0.139441 0.125693 0.0424932 0.0047219
0.053367 0.844223 0.981102 0.707344 0.387022 0.51179 0.262253 0.447625 0.136879 0.124769 0.042062 0.00466654
0.0548775 0.83673 0.971037 0.702424 0.384279 0.508102 0.260456 0.441323 0.134306 0.123823 0.0416168 0.0046113
0.0564307 0.829275 0.960998 0.697551 0.381529 0.504384 0.258675 0.435087 0.131723 0.122854 0.0411575 0.00455619
0.0580278 0.821856 0.950988 0.692724 0.378773 0.500636 0.256911 0.428915 0.129132 0.121862 0.0406845 0.00450119
0.0596702 0.814476 0.941009 0.687944 0.376009 0.496857 0.255162 0.422808 0.126532 0.120848 0.0401977 0.0044463
0.0613591 0.807136 0.931063 0.683209 0.373237 0.493047 0.253428 0.416763 0.123927 0.11981 0.0396975 0.0043915
0.0630957 0.799835 0.921152 0.678519 0.370457 0.489205 0.251708 0.410781 0.121317 0.118748 0.0391841 0.00433679
0.0648815 0.792577 0.911279 0.673874 0.367667 0.48533 0.250004 0.40486 0.118703 0.117663 0.0386576 0.00428217
0.0667179 0.78536 0.901447 0.669274 0.364867 0.481421 0.248313 0.398999 0.116087 0.116554 0.0381184 0.00422762
0.0686062 0.778188 0.891658 0.664718 0.362057 0.477478 0.246636 0.393197 0.11347 0.115421 0.0375668 0.00417314
0.070548 0.771059 0.881914 0.660205 0.359236 0.4735 0.244971 0.387454 0.110854 0.114264 0.0370031 0.00411873
0.0725448 0.763977 0.872217 0.655736 0.356403 0.469486 0.24332 0.381767 0.108241 0.113083 0.0364277 0.00406437
0.074598 0.75694 0.862571 0.651309 0.353558 0.465436 0.241681 0.376136 0.105631 0.111878 0.0358409 0.00401007
0.0767094 0.749951 0.852978 0.646924 0.350701 0.461349 0.240052 0.370561 0.103027 0.110648 0.0352432 0.00395581
0.0788805 0.74301 0.84344 0.64258 0.347829 0.457224 0.238435 0.365039 0.10043 0.109394 0.034635 0.00390159
0.0811131 0.736118 0.833959 0.638277 0.344944 0.45306 0.236828 0.359569 0.0978409 0.108116 0.0340168 0.00384741
0.0834088 0.729276 0.824539 0.634014 0.342043 0.448857 0.23523 0.354151 0.0952624 0.106814 0.033389 0.00379327
0.0857696 0.722485 0.815181 0.62979 0.339127 0.444614 0.23364 0.348784 0.0926957 0.105487 0.0327523 0.00373915
0.0881971 0.715745 0.805888 0.625603 0.336194 0.44033 0.232058 0.343465 0.0901424 0.104136 0.032107 0.00368506
0.0906934 0.709057 0.796661 0.621453 0.333244 0.436005 0.230483 0.338195 0.0876041 0.102761 0.0314539 0.003631
0.0932603 0.702422 0.787504 0.617339 0.330276 0.431638 0.228913 0.332971 0.0850825 0.101363 0.0307934 0.00357696
0.0958999 0.695839 0.778419 0.61326 0.327288 0.427228 0.227348 0.327794 0.0825793 0.0999402 0.0301262 0.00352294
0.0986142 0.68931 0.769406 0.609214 0.324281 0.422775 0.225787 0.32266 0.0800959 0.0984943 0.029453 0.00346894
0.101405 0.682833 0.760468 0.605199 0.321253 0.418278 0.224227 0.31757 0.0776342 0.0970253 0.0287744 0.00341496
0.104275 0.676411 0.751606 0.601215 0.318202 0.413736 0.222669 0.312523 0.0751956 0.0955334 0.028091 0.003361
0.107227 0.670042 0.742823 0.59726 0.315129 0.409148 0.22111 0.307516 0.0727817 0.094019 0.0274036 0.00330706
0.110262 0.663725 0.734119 0.593331 0.312031 0.404513 0.219548 0.302549 0.0703941 0.0924824 0.0267129 0.00325315
0.113382 0.657462 0.725496 0.589427 0.308907 0.399831 0.217983 0.297621 0.0680344 0.0909241 0.0260195 0.00319927
0.116591 0.65125 0.716954 0.585546 0.305757 0.395102 0.216413 0.29273 0.065704 0.0893445 0.0253243 0.00314541
0.119891 0.64509 0.708494 0.581685 0.302579 0.390324 0.214835 0.287876 0.0634045 0.0877442 0.024628 0.00309159
0.123285 0.638979 0.700116 0.577842 0.299371 0.385495 0.213248 0.283058 0.0611373 0.0861239 0.0239313 0.00303781
0.126774 0.632918 0.691821 0.574014 0.296133 0.380617 0.211649 0.278274 0.0589038 0.0844839 0.023235 0.00298408
0.130362 0.626903 0.683609 0.570198 0.292861 0.375687 0.210036 0.273523 0.0567053 0.0828252 0.0225398 0.00293039
0.134052 0.620935 0.675478 0.566391 0.289555 0.370704 0.208407 0.268805 0.0545432 0.0811484 0.0218466 0.00287677
0.137846 0.615009 0.667428 0.56259 0.286213 0.365668 0.206759 0.264118 0.0524187 0.0794544 0.0211561 0.00282322
0.141747 0.609124 0.659457 0.558791 0.282833 0.360577 0.20509 0.259462 0.050333 0.0777438 0.0204691 0.00276975
0.145759 0.603277 0.651564 0.554989 0.279413 0.355431 0.203395 0.254836 0.0482873 0.0760178 0.0197864 0.00271636
0.149885 0.597464 0.643747 0.551181 0.275951 0.350228 0.201674 0.250239 0.0462827 0.0742772 0.0191086 0.00266308
0.154127 0.591682 0.636002 0.547362 0.272444 0.344967 0.199921 0.24567 0.0443201 0.072523 0.0184366 0.00260991
0.158489 0.585927 0.628328 0.543527 0.268891 0.339647 0.198134 0.241129 0.0424005 0.0707564 0.017771 0.00255686
0.162975 0.580195 0.62072 0.53967 0.265287 0.334266 0.196309 0.236615 0.0405248 0.0689784 0.0171127 0.00250395
0.167588 0.574479 0.613173 0.535785 0.261632 0.328823 0.194442 0.232128 0.0386938 0.0671904 0.0164623 0.0024512
0.172331 0.568775 0.605683 0.531867 0.257922 0.323316 0.192529 0.227666 0.0369083 0.0653936 0.0158205 0.00239862
0.177209 0.563077 0.598246 0.527908 0.254155 0.317744 0.190566 0.223231 0.0351687 0.0635892 0.0151879 0.00234622
0.182224 0.557376 0.590852 0.5239 0.250327 0.312105 0.188548 0.218821 0.0334759 0.0617787 0.0145653 0.00229403
0.187382 0.551667 0.583497 0.519837 0.246434 0.306398 0.186471 0.214437 0.0318302 0.0599636 0.0139532 0.00224206
0.192685 0.545941 0.576173 0.515709 0.242475 0.30062 0.184329 0.210077 0.0302321 0.0581453 0.0133522 0.00219032
0.198139 0.540189 0.568871 0.511507 0.238444 0.29477 0.182119 0.205743 0.0286819 0.0563254 0.0127629 0.00213885
0.203747 0.534401 0.56158 0.507221 0.234339 0.288845 0.179834 0.201434 0.0271797 0.0545055 0.0121859 0.00208764
0.209514 0.528566 0.554292 0.50284 0.230157 0.282844 0.177469 0.19715 0.0257259 0.0526874 0.0116215 0.00203674
0.215443 0.522674 0.546994 0.498353 0.225892 0.276765 0.17502 0.192892 0.0243205 0.0508727 0.0110703 0.00198615
0.221541 0.516711 0.539675 0.493748 0.221542 0.270605 0.172479 0.18866 0.0229634 0.0490632 0.0105326 0.00193589
0.227812 0.510665 0.532319 0.48901 0.217102 0.264363 0.169841 0.184454 0.0216546 0.0472608 0.010009 0.00188598
0.234259 0.504519 0.524913 0.484125 0.212569 0.258036 0.167101 0.180274 0.0203939 0.0454672 0.00949964 0.00183645
0.24089 0.49826 0.517441 0.479079 0.207938 0.251622 0.164253 0.176121 0.0191811 0.0436845 0.00900491 0.00178729
0.247708 0.491868 0.509884 0.473852 0.203206 0.245121 0.161292 0.171996 0.0180158 0.0419145 0.00852507 0.00173855
0.254719 0.485324 0.502222 0.468427 0.198369 0.238529 0.15821 0.167899 0.0168977 0.0401592 0.00806034 0.00169021
0.261928 0.478607 0.494433 0.462781 0.193424 0.231844 0.155003 0.16383 0.0158262 0.0384206 0.00761089 0.00164231
0.269341 0.471692 0.486493 0.456891 0.188366 0.225067 0.151665 0.159791 0.0148008 0.0367008 0.00717686 0.00159485
0.276965 0.464548 0.478369 0.450727 0.183192 0.218194 0.148191 0.155781 0.013821 0.0350017 0.00675833 0.00154782
0.284804 0.457133 0.470019 0.444248 0.177898 0.211224 0.144573 0.151801 0.0128859 0.0333254 0.00635536 0.00150123
0.292864 0.449383 0.461377 0.437388 0.172477 0.204151 0.140803 0.147852 0.0119949 0.031674 0.00596795 0.00145506
0.301153 0.441132 0.45228 0.429985 0.166909 0.196959 0.13686 0.143935 0.0111471 0.0300494 0.00559601 0.00140927
0.309677 0.431073 0.441414 0.420731 0.161014 0.189468 0.13256 0.140053 0.0103417 0.0284539 0.0052394 0.00136367
0.318442 0.420871 0.430919 0.410824 0.156644 0.184501 0.128787 0.138598 0.0100471 0.027857 0.00510758 0.0013456
0.321833 0.417838 0.4276 0.408077 0.154543 0.181814 0.127272 0.137161 0.00976128 0.0272708 0.00497929 0.00132774
0.325224 0.414796 0.42428 0.405312 0.152449 0.179144 0.125754 0.135744 0.00948408 0.0266951 0.0048544 0.00131011
0.328614 0.411744 0.420959 0.402529 0.150363 0.176493 0.124233 0.134344 0.00921517 0.0261299 0.00473283 0.00129268
0.332005 0.408681 0.417635 0.399726 0.148283 0.173858 0.122708 0.132963 0.00895427 0.0255749 0.00461448 0.00127546
0.335396 0.405607 0.414308 0.396906 0.146211 0.171241 0.121181 0.131598 0.00870112 0.0250299 0.00449924 0.00125844
0.338787 0.402521 0.410977 0.394066 0.144147 0.168642 0.119653 0.130251 0.00845546 0.0244948 0.00438704 0.00124162
0.342178 0.399424 0.407641 0.391207 0.142091 0.16606 0.118121 0.12892 0.00821706 0.0239695 0.00427778 0.001225
0.345569 0.396314 0.404299 0.388328 0.140042 0.163496 0.116589 0.127605 0.00798567 0.0234538 0.00417138 0.00120855
0.348959 0.39319 0.400951 0.385429 0.138002 0.16095 0.115055 0.126306 0.00776107 0.0229475 0.00406774 0.0011923
0.35235 0.390054 0.397597 0.382511 0.13597 0.15842 0.113519 0.125021 0.00754304 0.0224505 0.0039668 0.00117622
0.355741 0.386904 0.394236 0.379573 0.133946 0.155909 0.111984 0.123752 0.00733136 0.0219626 0.00386848 0.00116031
0.359132 0.38374 0.390866 0.376614 0.131931 0.153415 0.110448 0.122497 0.00712583 0.0214837 0.00377269 0.00114458
0.362523 0.380562 0.387488 0.373636 0.129925 0.150939 0.108911 0.121255 0.00692626 0.0210137 0.00367936 0.00112902
0.365914 0.377369 0.384102 0.370637 0.127928 0.148481 0.107376 0.120028 0.00673245 0.0205524 0.00358843 0.00111361
0.369305 0.374162 0.380706 0.367618 0.125941 0.14604 0.105841 0.118813 0.00654422 0.0200996 0.00349983 0.00109837
0.372695 0.37094 0.377301 0.364579 0.123963 0.143618 0.104307 0.117611 0.0063614 0.0196552 0.00341348 0.00108328
0.376086 0.367703 0.373887 0.361519 0.121994 0.141213 0.102775 0.116422 0.00618381 0.0192191 0.00332933 0.00106835
0.379477 0.364451 0.370462 0.35844 0.120035 0.138827 0.101244 0.115244 0.0060113 0.0187912 0.00324731 0.00105356
0.382868 0.361184 0.367027 0.35534 0.118087 0.136459 0.099716 0.114078 0.00584369 0.0183713 0.00316735 0.00103892
0.386259 0.357901 0.363582 0.35222 0.11615 0.134109 0.0981905 0.112924 0.00568085 0.0179593 0.00308941 0.00102442
0.38965 0.354603 0.360126 0.349081 0.114223 0.131778 0.0966678 0.111781 0.00552261 0.0175551 0.00301343 0.00101007
0.39304 0.35129 0.356659 0.345921 0.112307 0.129465 0.0951483 0.110648 0.00536885 0.0171584 0.00293934 0.000995848
0.396431 0.347962 0.353181 0.342742 0.110402 0.127171 0.0936326 0.109526 0.00521941 0.0167693 0.00286709 0.000981764
0.399822 0.344618 0.349692 0.339544 0.108509 0.124896 0.092121 0.108414 0.00507417 0.0163876 0.00279664 0.000967811
0.403213 0.34126 0.346193 0.336327 0.106627 0.12264 0.090614 0.107311 0.004933 0.0160132 0.00272794 0.000953989
0.406604 0.337886 0.342682 0.33309 0.104758 0.120403 0.0891117 0.106218 0.00479578 0.0156458 0.00266092 0.000940293
0.409995 0.334497 0.33916 0.329835 0.1029 0.118186 0.0876148 0.105134 0.00466238 0.0152856 0.00259556 0.000926722
0.413385 0.331094 0.335627 0.326562 0.101056 0.115988 0.0861234 0.104059 0.00453269 0.0149322 0.0025318 0.000913274
0.416776 0.327677 0.332083 0.32327 0.0992236 0.113809 0.084638 0.102993 0.00440659 0.0145856 0.00246959 0.000899947
0.420167 0.324245 0.328529 0.319961 0.0974047 0.11165 0.0831589 0.101935 0.00428398 0.0142457 0.0024089 0.000886738
0.423558 0.320799 0.324964 0.316634 0.0955991 0.109512 0.0816866 0.100884 0.00416476 0.0139124 0.00234967 0.000873646
0.426949 0.317339 0.321388 0.31329 0.0938072 0.107393 0.0802216 0.099842 0.00404882 0.0135856 0.00229188 0.000860669
0.43034 0.313866 0.317802 0.30993 0.0920292 0.105294 0.0787641 0.0988071 0.00393606 0.0132651 0.00223549 0.000847805
0.43373 0.31038 0.314206 0.306554 0.0902654 0.103216 0.0773145 0.0977794 0.00382639 0.0129509 0.00218045 0.000835053
0.437121 0.306881 0.310601 0.303161 0.0885156 0.101158 0.0758728 0.0967586 0.00371972 0.0126428 0.00212672 0.00082241
0.440512 0.30337 0.306986 0.299754 0.0867808 0.0991216 0.07444 0.0957447 0.00361596 0.0123408 0.00207428 0.000809876
0.443903 0.299846 0.303361 0.296331 0.0850606 0.0971054 0.0730159 0.0947372 0.00351503 0.0120447 0.00202308 0.000797449
0.447294 0.296311 0.299728 0.292894 0.0833557 0.0951102 0.0716012 0.093736 0.00341683 0.0117545 0.0019731 0.000785128
0.450685 0.292765 0.296086 0.289444 0.0816662 0.0931362 0.0701962 0.0927409 0.0033213 0.01147 0.0019243 0.000772912
0.454075 0.289208 0.292436 0.28598 0.0799922 0.0911834 0.0688011 0.0917517 0.00322835 0.0111912 0.00187665 0.000760799
0.457466 0.285641 0.288779 0.282503 0.0783342 0.0892521 0.0674163 0.0907681 0.00313791 0.0109179 0.00183013 0.000748788
0.460857 0.282065 0.285115 0.279015 0.0766922 0.0873423 0.0660421 0.08979 0.00304991 0.0106501 0.00178469 0.000736879
0.464248 0.278479 0.281443 0.275515 0.0750666 0.0854543 0.0646789 0.0888171 0.00296428 0.0103877 0.00174031 0.00072507
0.467639 0.274885 0.277765 0.272004 0.0734575 0.0835881 0.063327 0.0878493 0.00288094 0.0101305 0.00169696 0.00071336
0.47103 0.271282 0.274082 0.268482 0.0718652 0.0817438 0.0619866 0.0868864 0.00279984 0.00987859 0.00165462 0.00070175
0.47442 0.267672 0.270393 0.264952 0.0702899 0.0799216 0.0606582 0.0859283 0.0027209 0.00963174 0.00161327 0.000690237
0.477811 0.264056 0.2667 0.261412 0.0687318 0.0781217 0.0593419 0.0849746 0.00264407 0.00938992 0.00157287 0.000678822
0.481202 0.260433 0.263003 0.257864 0.0671911 0.0763441 0.058038 0.0840254 0.00256929 0.00915304 0.00153339 0.000667503
0.484593 0.256805 0.259302 0.254309 0.0656679 0.0745889 0.0567469 0.0830804 0.0024965 0.008921 0.00149483 0.000656281
0.487984 0.253172 0.255598 0.250747 0.0641626 0.0728563 0.0554688 0.0821395 0.00242565 0.00869374 0.00145715 0.000645154
0.491375 0.249536 0.251892 0.247179 0.0626752 0.0711464 0.054204 0.0812026 0.00235667 0.00847116 0.00142033 0.000634123
0.494765 0.245896 0.248185 0.243606 0.061206 0.0694592 0.0529528 0.0802695 0.00228953 0.0082532 0.00138435 0.000623186
0.498156 0.242253 0.244477 0.240029 0.059755 0.0677948 0.0517152 0.0793401 0.00222416 0.00803976 0.00134919 0.000612344
0.501547 0.238608 0.240769 0.236448 0.0583225 0.0661533 0.0504918 0.0784142 0.00216051 0.00783078 0.00131482 0.000601597
0.504938 0.234963 0.237061 0.232864 0.0569087 0.0645348 0.0492825 0.0774918 0.00209855 0.00762617 0.00128124 0.000590943
0.508329 0.231317 0.233355 0.229279 0.0555136 0.0629394 0.0480877 0.0765728 0.00203822 0.00742586 0.00124842 0.000580383
0.51172 0.227672 0.229651 0.225692 0.0541374 0.0613672 0.0469076 0.075657 0.00197948 0.00722978 0.00121633 0.000569917
0.51511 0.224028 0.22595 0.222106 0.0527802 0.0598181 0.0457424 0.0747444 0.00192228 0.00703786 0.00118497 0.000559545
0.518501 0.220386 0.222253 0.21852 0.0514422 0.0582922 0.0445922 0.0738349 0.00186659 0.00685002 0.00115432 0.000549266
0.521892 0.216748 0.21856 0.214936 0.0501234 0.0567896 0.0434572 0.0729283 0.00181236 0.00666619 0.00112435 0.000539081
0.525283 0.213114 0.214873 0.211354 0.048824 0.0553103 0.0423377 0.0720247 0.00175956 0.00648631 0.00109505 0.000528989
0.528674 0.209484 0.211192 0.207776 0.047544 0.0538543 0.0412337 0.0711239 0.00170814 0.0063103 0.00106642 0.000518991
0.532065 0.205861 0.207519 0.204203 0.0462836 0.0524217 0.0401455 0.0702259 0.00165806 0.0061381 0.00103842 0.000509086
0.535455 0.202244 0.203853 0.200634 0.0450428 0.0510124 0.0390731 0.0693307 0.0016093 0.00596964 0.00101105 0.000499275
0.538846 0.198635 0.200196 0.197073 0.0438216 0.0496265 0.0380168 0.0684382 0.00156182 0.00580486 0.000984287 0.000489558
0.542237 0.195034 0.19655 0.193518 0.0426202 0.0482639 0.0369765 0.0675483 0.00151558 0.00564369 0.000958125 0.000479935
0.545628 0.191443 0.192913 0.189972 0.0414386 0.0469246 0.0359525 0.066661 0.00147055 0.00548607 0.000932545 0.000470407
0.549019 0.187862 0.189289 0.186436 0.0402768 0.0456087 0.0349448 0.0657763 0.0014267 0.00533194 0.000907536 0.000460972
0.55241 0.184293 0.185677 0.182909 0.0391348 0.044316 0.0339536 0.0648941 0.001384 0.00518124 0.000883085 0.000451633
0.5558 0.180737 0.182079 0.179394 0.0380127 0.0430466 0.0329788 0.0640146 0.00134241 0.0050339 0.000859178 0.000442388
0.559191 0.177194 0.178495 0.175892 0.0369105 0.0418003 0.0320206 0.0631375 0.00130192 0.00488987 0.000835805 0.000433239
0.562582 0.173665 0.174927 0.172402 0.0358281 0.0405772 0.031079 0.062263 0.00126249 0.00474909 0.000812953 0.000424185
0.565973 0.170151 0.171376 0.168927 0.0347656 0.0393771 0.0301542 0.061391 0.00122409 0.00461149 0.00079061 0.000415227
0.569364 0.166655 0.167841 0.165468 0.033723 0.0382001 0.029246 0.0605216 0.00118669 0.00447704 0.000768766 0.000406365
0.572755 0.163175 0.164326 0.162025 0.0327002 0.0370459 0.0283546 0.0596547 0.00115028 0.00434566 0.00074741 0.000397599
0.576146 0.159715 0.160829 0.1586 0.0316973 0.0359146 0.0274799 0.0587904 0.00111483 0.0042173 0.000726532 0.000388931
0.579536 0.156273 0.157353 0.155193 0.030714 0.0348059 0.0266221 0.0579287 0.0010803 0.00409192 0.000706121 0.000380359
0.582927 0.152852 0.153899 0.151805 0.0297505 0.0337199 0.025781 0.0570696 0.00104669 0.00396945 0.000686167 0.000371885
0.586318 0.149453 0.150467 0.148439 0.0288066 0.0326564 0.0249567 0.0562131 0.00101396 0.00384985 0.000666662 0.000363508
0.589709 0.146076 0.147058 0.145094 0.0278822 0.0316152 0.0241491 0.0553594 0.000982096 0.00373306 0.000647595 0.00035523
0.5931 0.142722 0.143673 0.141771 0.0269773 0.0305963 0.0233583 0.0545084 0.000951073 0.00361903 0.000628958 0.00034705
0.596491 0.139393 0.140314 0.138472 0.0260918 0.0295995 0.0225841 0.0536603 0.000920872 0.00350772 0.000610742 0.000338969
0.599881 0.13609 0.136981 0.135199 0.0252256 0.0286247 0.0218265 0.0528149 0.000891472 0.00339907 0.000592938 0.000330987
0.603272 0.132813 0.133676 0.13195 0.0243786 0.0276716 0.0210855 0.0519725 0.000862853 0.00329303 0.000575538 0.000323104
0.606663 0.129564 0.130399 0.128729 0.0235506 0.0267402 0.0203611 0.0511331 0.000834997 0.00318956 0.000558534 0.000315322
0.610054 0.126343 0.12715 0.125535 0.0227416 0.0258302 0.019653 0.0502967 0.000807883 0.00308861 0.000541918 0.000307639
0.613445 0.123151 0.123932 0.122369 0.0219514 0.0249415 0.0189613 0.0494635 0.000781495 0.00299013 0.000525682 0.000300058
0.616836 0.11999 0.120746 0.119234 0.0211799 0.024074 0.0182858 0.0486335 0.000755815 0.00289408 0.00050982 0.000292577
0.620226 0.11686 0.117591 0.116129 0.0204269 0.0232273 0.0176265 0.0478067 0.000730825 0.00280041 0.000494324 0.000285197
0.623617 0.113762 0.114469 0.113056 0.0196923 0.0224014 0.0169832 0.0469833 0.000706509 0.00270908 0.000479186 0.000277918
0.627008 0.110698 0.111381 0.110015 0.0189759 0.021596 0.0163559 0.0461634 0.000682851 0.00262005 0.0004644 0.000270741
0.630399 0.107667 0.108327 0.107008 0.0182776 0.0208108 0.0157443 0.0453471 0.000659835 0.00253327 0.000449959 0.000263667
0.63379 0.104672 0.105309 0.104034 0.0175971 0.0200458 0.0151484 0.0445344 0.000637446 0.0024487 0.000435857 0.000256694
0.637181 0.101712 0.102328 0.101097 0.0169343 0.0193006 0.014568 0.0437255 0.000615668 0.0023663 0.000422088 0.000249824
0.640571 0.0987895 0.099384 0.0981951 0.016289 0.018575 0.014003 0.0429204 0.000594488 0.00228603 0.000408644 0.000243056
0.643962 0.0959042 0.096478 0.0953303 0.015661 0.0178689 0.0134532 0.0421193 0.000573891 0.00220784 0.00039552 0.000236392
0.647353 0.093057 0.0936109 0.0925032 0.0150502 0.0171819 0.0129184 0.0413223 0.000553863 0.0021317 0.000382711 0.00022983
0.650744 0.0902488 0.0907832 0.0897144 0.0144562 0.0165138 0.0123986 0.0405295 0.000534391 0.00205757 0.00037021 0.000223371
0.654135 0.0874807 0.0879962 0.0869653 0.0138789 0.0158643 0.0118935 0.039741 0.000515463 0.00198541 0.000358012 0.000217016
0.657526 0.0847531 0.0852502 0.084256 0.0133181 0.0152333 0.0114029 0.038957 0.000497064 0.00191519 0.000346111 0.000210765
0.660916 0.0820667 0.0825459 0.0815875 0.0127735 0.0146204 0.0109267 0.0381775 0.000479184 0.00184685 0.000334501 0.000204616
0.664307 0.0794225 0.0798843 0.0789607 0.0122449 0.0140253 0.0104646 0.0374027 0.00046181 0.00178037 0.000323179 0.000198572
0.667698 0.0768207 0.0772656 0.0763758 0.0117322 0.0134479 0.0100165 0.0366327 0.000444929 0.00171572 0.000312138 0.000192631
0.671089 0.0742623 0.0746908 0.0738337 0.011235 0.0128878 0.00958211 0.0358676 0.000428531 0.00165285 0.000301373 0.000186793
0.67448 0.0717478 0.0721604 0.0713352 0.0107531 0.0123448 0.00916133 0.0351076 0.000412605 0.00159172 0.000290879 0.000181059
0.677871 0.0692775 0.0696746 0.0688803 0.0102862 0.0118185 0.00875389 0.0343529 0.00039714 0.00153232 0.000280653 0.000175429
0.681261 0.0668521 0.0672343 0.06647 0.00983418 0.0113088 0.00835959 0.0336034 0.000382124 0.00147459 0.000270688 0.000169902
0.684652 0.0644722 0.0648397 0.0641047 0.00939672 0.0108152 0.00797821 0.0328594 0.000367548 0.00141851 0.00026098 0.000164478
0.688043 0.0621382 0.0624916 0.0617848 0.00897357 0.0103376 0.00760952 0.0321211 0.000353401 0.00136405 0.000251525 0.000159158
0.691434 0.0598504 0.06019 0.0595107 0.00856448 0.00987564 0.00725331 0.0313884 0.000339674 0.00131116 0.000242318 0.000153941
0.694825 0.0576095 0.0579358 0.0572831 0.00816916 0.00942899 0.00690933 0.0306617 0.000326357 0.00125983 0.000233355 0.000148826
0.698216 0.0554155 0.0557289 0.055102 0.00778739 0.0089974 0.00657738 0.0299409 0.000313441 0.00121001 0.000224631 0.000143814
0.701606 0.0532688 0.0535698 0.0529679 0.00741887 0.00858054 0.00625719 0.0292263 0.000300915 0.00116168 0.000216142 0.000138905
0.704997 0.0511699 0.0514586 0.0508811 0.00706336 0.00817816 0.00594857 0.028518 0.000288772 0.0011148 0.000207885 0.000134098
0.708388 0.0491188 0.0493958 0.0488418 0.00672059 0.00778993 0.00565125 0.0278161 0.000277003 0.00106934 0.000199854 0.000129392
0.711779 0.0471157 0.0473813 0.0468501 0.00639027 0.00741555 0.00536498 0.0271208 0.000265598 0.00102528 0.000192047 0.000124788
0.71517 0.0451608 0.0454154 0.0449063 0.00607215 0.00705473 0.00508957 0.0264322 0.000254549 0.000982584 0.000184458 0.000120285
0.718561 0.0432544 0.0434982 0.0430105 0.00576595 0.00670717 0.00482473 0.0257505 0.000243849 0.000941222 0.000177084 0.000115882
0.721951 0.0413963 0.0416298 0.0411628 0.00547141 0.00637257 0.00457024 0.0250757 0.000233489 0.000901165 0.000169922 0.00011158
0.725342 0.0395866 0.0398101 0.0393632 0.00518824 0.00605062 0.00432585 0.024408 0.000223461 0.000862387 0.000162966 0.000107377
0.728733 0.0378254 0.0380392 0.0376117 0.00491618 0.00574104 0.00409132 0.0237476 0.000213758 0.000824858 0.000156214 0.000103274
0.732124 0.0361126 0.036317 0.0359082 0.00465495 0.00544351 0.0038664 0.0230945 0.000204371 0.000788552 0.000149662 9.92687e-05
0.735515 0.034448 0.0346433 0.0342527 0.00440429 0.00515773 0.00365085 0.022449 0.000195294 0.000753441 0.000143307 9.53617e-05
0.738906 0.0328317 0.0330182 0.0326452 0.00416393 0.00488343 0.00344443 0.0218111 0.000186519 0.000719498 0.000137143 9.15521e-05
0.742296 0.0312633 0.0314413 0.0310852 0.00393359 0.00462029 0.0032469 0.021181 0.00017804 0.000686697 0.000131169 8.78392e-05
0.745687 0.0297426 0.0299125 0.0295728 0.00371301 0.00436802 0.003058 0.0205588 0.000169848 0.000655011 0.000125381 8.42223e-05
0.749078 0.0282695 0.0284315 0.0281076 0.00350192 0.00412634 0.0028775 0.0199447 0.000161938 0.000624416 0.000119774 8.07008e-05
0.752469 0.0268436 0.0269979 0.0266893 0.00330005 0.00389494 0.00270517 0.0193387 0.000154302 0.000594886 0.000114346 7.72738e-05
0.75586 0.0254646 0.0256115 0.0253176 0.00310715 0.00367354 0.00254075 0.0187409 0.000146934 0.000566396 0.000109093 7.39406e-05
0.759251 0.024132 0.0242718 0.0239922 0.00292294 0.00346186 0.00238402 0.0181516 0.000139828 0.000538921 0.000104011 7.07004e-05
0.762641 0.0228455 0.0229785 0.0227125 0.00274717 0.0032596 0.00223473 0.0175707 0.000132977 0.000512437 9.90982e-05 6.75522e-05
0.766032 0.0216046 0.0217309 0.0214782 0.00257958 0.0030665 0.00209266 0.0169985 0.000126374 0.00048692 9.43503e-05 6.44953e-05
0.769423 0.0204088 0.0205288 0.0202888 0.00241991 0.00288226 0.00195756 0.016435 0.000120015 0.000462347 8.97641e-05 6.15287e-05
0.772814 0.0192575 0.0193714 0.0191436 0.00226792 0.00270661 0.00182922 0.0158804 0.000113892 0.000438695 8.53365e-05 5.86514e-05
0.776205 0.0181503 0.0182583 0.0180423 0.00212335 0.00253929 0.00170741 0.0153347 0.000108 0.00041594 8.10642e-05 5.58625e-05
0.779596 0.0170864 0.0171888 0.0169841 0.00198596 0.00238002 0.0015919 0.014798 0.000102333 0.00039406 7.69439e-05 5.31609e-05
0.782986 0.0160653 0.0161622 0.0159685 0.0018555 0.00222854 0.00148247 0.0142705 9.68856e-05 0.000373033 7.29726e-05 5.05457e-05
0.786377 0.0150863 0.0151779 0.0149946 0.00173174 0.00208457 0.0013789 0.0137522 9.16517e-05 0.000352837 6.9147e-05 4.80157e-05
0.789768 0.0141486 0.0142352 0.014062 0.00161443 0.00194788 0.00128098 0.0132433 8.66261e-05 0.00033345 6.54641e-05 4.55699e-05
0.793159 0.0132515 0.0133333 0.0131697 0.00150334 0.00181819 0.00118849 0.0127437 8.18031e-05 0.000314851 6.19206e-05 4.32071e-05
0.79655 0.0123943 0.0124715 0.0123171 0.00139825 0.00169527 0.00110123 0.0122537 7.71776e-05 0.000297019 5.85137e-05 4.09262e-05
0.799941 0.0115761 0.0116489 0.0115034 0.00129892 0.00157886 0.00101899 0.0117732 7.27442e-05 0.000279934 5.52401e-05 3.8726e-05
0.803332 0.0107961 0.0108646 0.0107277 0.00120514 0.00146872 0.00094157 0.0113024 6.84977e-05 0.000263574 5.20969e-05 3.66052e-05
0.806722 0.0100536 0.010118 0.00998913 0.00111669 0.00136461 0.000868774 0.0108413 6.44331e-05 0.00024792 4.9081e-05 3.45627e-05
0.810113 0.00934745 0.009408 0.00928691 0.00103336 0.00126631 0.000800406 0.01039 6.05454e-05 0.000232952 4.61894e-05 3.25972e-05
0.813504 0.00867693 0.00873376 0.0086201 0.000954928 0.00117358 0.000736277 0.00994849 5.68295e-05 0.000218651 4.34193e-05 3.07073e-05
0.816895 0.0080411 0.00809438 0.00798782 0.000881199 0.0010862 0.000676202 0.00951691 5.32807e-05 0.000204997 4.07675e-05 2.88918e-05
0.820286 0.00743903 0.00748892 0.00738913 0.000811969 0.00100394 0.000619998 0.00909528 4.98941e-05 0.000191971 3.82312e-05 2.71494e-05
0.823677 0.00686972 0.00691638 0.00682305 0.000747042 0.000926598 0.000567487 0.00868364 4.66651e-05 0.000179555 3.58075e-05 2.54787e-05
0.827067 0.00633224 0.00637583 0.00628865 0.000686228 0.000853959 0.000518498 0.00828204 4.35889e-05 0.000167731 3.34934e-05 2.38782e-05
0.830458 0.00582559 0.00586625 0.00578493 0.000629337 0.000785817 0.000472858 0.0078905 4.0661e-05 0.000156479 3.12861e-05 2.23467e-05
0.833849 0.00534878 0.00538665 0.0053109 0.000576191 0.000721974 0.000430407 0.00750907 3.78769e-05 0.000145783 2.91827e-05 2.08827e-05
0.83724 0.00490083 0.00493606 0.00486559 0.000526607 0.000662233 0.000390982 0.00713776 3.52321e-05 0.000135625 2.71805e-05 1.94848e-05
0.840631 0.00448072 0.00451344 0.004448 0.000480416 0.000606403 0.000354428 0.00677659 3.27222e-05 0.000125988 2.52764e-05 1.81514e-05
0.844022 0.00408741 0.00411775 0.00405707 0.000437447 0.000554301 0.000320594 0.00642558 3.0343e-05 0.000116854 2.34679e-05 1.68811e-05
0.847412 0.00371991 0.003748 0.00369182 0.000397538 0.000505745 0.000289332 0.00608473 2.80901e-05 0.000108206 2.1752e-05 1.56725e-05
0.850803 0.0033772 0.00340316 0.00335124 0.00036053 0.00046056 0.000260501 0.00575404 2.59595e-05 0.000100029 2.0126e-05 1.45241e-05
0.854194 0.00305825 0.0030822 0.00303431 0.000326269 0.000418576 0.000233963 0.00543351 2.39468e-05 9.23063e-05 1.85872e-05 1.34342e-05
0.857585 0.00276205 0.0027841 0.00274001 0.000294606 0.000379628 0.000209585 0.00512313 2.20481e-05 8.50212e-05 1.71328e-05 1.24014e-05
0.860976 0.0024876 0.00250786 0.00246734 0.000265397 0.000343555 0.000187238 0.00482288 2.02594e-05 7.81584e-05 1.57602e-05 1.14242e-05
0.864367 0.00223387 0.00225245 0.00221529 0.000238501 0.000310203 0.000166799 0.00453274 1.85767e-05 7.17025e-05 1.44666e-05 1.05009e-05
0.867757 0.00199988 0.00201688 0.00198288 0.000213784 0.000279423 0.000148146 0.00425268 1.69961e-05 6.56381e-05 1.32494e-05 9.63007e-06
0.871148 0.00178464 0.00180015 0.00176913 0.000191117 0.000251067 0.000131167 0.00398265 1.55138e-05 5.99503e-05 1.21059e-05 8.81006e-06
0.874539 0.00158718 0.00160131 0.00157305 0.000170374 0.000224998 0.000115749 0.00372263 1.41259e-05 5.46244e-05 1.10335e-05 8.03931e-06
0.87793 0.00140654 0.00141936 0.00139371 0.000151433 0.000201079 0.000101787 0.00347255 1.28289e-05 4.96459e-05 1.00297e-05 7.31622e-06
0.881321 0.00124176 0.00125338 0.00123014 0.00013418 0.000179181 8.91798e-05 0.00323236 1.16189e-05 4.50006e-05 9.09181e-06 6.63921e-06
0.884712 0.00109193 0.00110243 0.00108144 0.000118504 0.000159178 7.78291e-05 0.003002 1.04924e-05 4.06744e-05 8.21731e-06 6.00667e-06
0.888102 0.000956144 0.00096559 0.000946699 0.000104296 0.00014095 6.76422e-05 0.00278139 9.44584e-06 3.66537e-05 7.40367e-06 5.41701e-06
0.891493 0.000833503 0.000841979 0.000825027 9.14556e-05 0.000124381 5.85307e-05 0.00257046 8.47574e-06 3.2925e-05 6.64839e-06 4.86861e-06
0.894884 0.000723146 0.000730725 0.000715568 7.98849e-05 0.00010936 5.04099e-05 0.00236912 7.57864e-06 2.94749e-05 5.94898e-06 4.35989e-06
0.898275 0.000624231 0.000630982 0.00061748 6.94901e-05 9.57807e-05 4.31995e-05 0.00217728 6.75115e-06 2.62906e-05 5.303e-06 3.88923e-06
0.901666 0.00053594 0.00054193 0.00052995 6.01825e-05 8.35417e-05 3.68233e-05 0.00199484 5.98996e-06 2.33592e-05 4.70802e-06 3.45503e-06
0.905057 0.000457485 0.000462776 0.000452193 5.18776e-05 7.25458e-05 3.12094e-05 0.00182168 5.29179e-06 2.06682e-05 4.16163e-06 3.05571e-06
0.908447 0.000388097 0.000392751 0.000383444 4.44947e-05 6.27e-05 2.62894e-05 0.00165769 4.65343e-06 1.82053e-05 3.66148e-06 2.68966e-06
0.911838 0.000327047 0.000331118 0.000322975 3.79576e-05 5.39162e-05 2.1999e-05 0.00150276 4.07172e-06 1.59586e-05 3.20522e-06 2.3553e-06
0.915229 0.000273623 0.000277167 0.00027008 3.21941e-05 4.61102e-05 1.82779e-05 0.00135673 3.54358e-06 1.39162e-05 2.79055e-06 2.05106e-06
0.91862 0.000227152 0.000230218 0.000224086 2.71357e-05 3.92023e-05 1.50692e-05 0.00121948 3.06595e-06 1.20665e-05 2.41518e-06 1.77536e-06
0.922011 0.000186988 0.000189624 0.000184352 2.27182e-05 3.31166e-05 1.23199e-05 0.00109085 2.63586e-06 1.03984e-05 2.07688e-06 1.52665e-06
0.925402 0.000152517 0.000154767 0.000150266 1.88809e-05 2.77815e-05 9.98031e-06 0.000970683 2.25039e-06 8.90062e-06 1.77344e-06 1.30339e-06
0.928792 0.000123158 0.000125064 0.000121251 1.55669e-05 2.31294e-05 8.00446e-06 0.00085881 1.90669e-06 7.56248e-06 1.50268e-06 1.10405e-06
0.932183 9.83614e-05 9.99633e-05 9.67594e-05 1.2723e-05 1.90964e-05 6.34958e-06 0.000755053 1.60194e-06 6.3734e-06 1.26246e-06 9.27107e-07
0.935574 7.7612e-05 7.89454e-05 7.62786e-05 1.02993e-05 1.56223e-05 4.97619e-06 0.000659226 1.33343e-06 5.32307e-06 1.0507e-06 7.71076e-07
0.938965 6.04266e-05 6.15251e-05 5.93281e-05 8.24943e-06 1.26509e-05 3.848e-06 0.00057113 1.09848e-06 4.40143e-06 8.65334e-07 6.34477e-07
0.942356 4.63559e-05 4.72504e-05 4.54615e-05 6.53044e-06 1.01291e-05 2.93175e-06 0.000490558 8.94477e-07 3.59869e-06 7.04347e-07 5.15857e-07
0.945747 3.4983e-05 3.57019e-05 3.42641e-05 5.10246e-06 8.00776e-06 2.19717e-06 0.000417291 7.18891e-07 2.90529e-06 5.65769e-07 4.13787e-07
0.949137 2.59248e-05 2.64941e-05 2.53556e-05 3.92877e-06 6.24075e-06 1.6168e-06 0.0003511 5.69249e-07 2.31197e-06 4.47675e-07 3.26861e-07
0.952528 1.88307e-05 1.92739e-05 1.83876e-05 2.97564e-06 4.78536e-06 1.16593e-06 0.000291741 4.43151e-07 1.80972e-06 3.48188e-07 2.53705e-07
0.955919 1.33827e-05 1.37209e-05 1.30444e-05 2.21226e-06 3.60204e-06 8.22482e-07 0.000238962 3.38269e-07 1.38978e-06 2.65481e-07 1.92974e-07
0.95931 9.29461e-06 9.54696e-06 9.04226e-06 1.61059e-06 2.65429e-06 5.66886e-07 0.000192494 2.52349e-07 1.0437e-06 1.9778e-07 1.43356e-07
0.962701 6.31208e-06 6.49529e-06 6.12886e-06 1.14528e-06 1.90858e-06 3.81976e-07 0.000152056 1.83217e-07 7.63302e-07 1.43369e-07 1.03579e-07
0.966092 4.21152e-06 4.3403e-06 4.08275e-06 7.93574e-07 1.33427e-06 2.52878e-07 0.000117352 1.28776e-07 5.40695e-07 1.00588e-07 7.24065e-08
0.969482 2.79987e-06 2.88689e-06 2.71286e-06 5.35224e-07 9.03524e-07 1.66923e-07 8.80703e-05 8.70181e-08 3.683e-07 6.78424e-08 4.8648e-08
0.972873 1.91434e-06 1.97036e-06 1.85832e-06 3.52411e-07 5.91261e-07 1.13562e-07 6.38839e-05 5.60207e-08 2.3885e-07 4.36039e-08 3.11596e-08
0.976264 1.42303e-06 1.45699e-06 1.38907e-06 2.2976e-07 3.75169e-07 8.43504e-08 4.44496e-05 3.3957e-08 1.45409e-07 2.64162e-08 1.88495e-08
0.979655 1.22838e-06 1.24748e-06 1.20928e-06 1.54497e-07 2.35891e-07 7.31042e-08 2.9413e-05 1.91001e-08 8.13932e-08 1.49012e-08 1.06826e-08
0.983046 1.28007e-06 1.2899e-06 1.27024e-06 1.17223e-07 1.57817e-07 7.66298e-08 1.84235e-05 9.83011e-09 4.05934e-08 7.76427e-09 5.68611e-09
0.986437 1.63692e-06 1.64156e-06 1.63228e-06 1.15625e-07 1.32835e-07 9.84152e-08 1.11999e-05 4.64025e-09 1.72099e-08 3.79934e-09 2.95233e-09
0.989827 3.22158e-06 3.2237e-06 3.21945e-06 1.99996e-07 2.05892e-07 1.94099e-07 7.93942e-06 2.12481e-09 5.89655e-09 1.87346e-09 1.61994e-09
0.993218 9.90725e-06 9.90755e-06 9.90695e-06 5.99857e-07 6.02431e-07 5.97284e-07 3.08653e-05 3.02997e-10 2.57333e-09 1.52246e-10 -1.05879e-22
4.01075e-314 inf inf inf inf inf inf 0.000118105 4.25523 0.311882 0.146295 0.0387939
