9.72476e-05 10.7313 11.3401 10.1225 5.63317 5.97018 5.29616 9.18455 0.608768 0.337009 0.0794094 0.0705618
0.0001 10.6706 11.2777 10.0636 5.60106 5.93726 5.26485 9.11927 0.607048 0.336206 0.0790818 0.0701371
0.00010283 10.6114 11.2168 10.0061 5.56972 5.90513 5.23432 9.05435 0.605333 0.335405 0.0787572 0.0697143
0.000105741 10.5608 11.1644 9.95716 5.54299 5.8776 5.20838 8.98978 0.603621 0.334606 0.0784357 0.0692936
0.000108734 10.499 11.1009 9.89706 5.51026 5.84407 5.17645 8.92557 0.601914 0.33381 0.0781172 0.0688748
0.000111811 10.4375 11.0377 9.83727 5.47771 5.81072 5.14469 8.86171 0.600211 0.333016 0.0778019 0.0684581
0.000114976 10.3763 10.9748 9.77776 5.4453 5.77753 5.11308 8.7982 0.598512 0.332225 0.0774895 0.0680433
0.00011823 10.3154 10.9122 9.71855 5.41306 5.74449 5.08162 8.73504 0.596817 0.331436 0.0771803 0.0676306
0.000121576 10.2548 10.8499 9.65962 5.38097 5.71162 5.05032 8.67222 0.595126 0.330649 0.0768741 0.0672199
0.000125017 10.1944 10.7879 9.60099 5.34904 5.67891 5.01918 8.60975 0.593439 0.329864 0.076571 0.0668111
0.000128556 10.1344 10.7261 9.54263 5.31727 5.64635 4.98819 8.54763 0.591757 0.329082 0.0762709 0.0664042
0.000132194 10.0747 10.6647 9.48458 5.28566 5.61396 4.95736 8.48585 0.590078 0.328302 0.0759741 0.0659995
0.000135936 10.0152 10.6036 9.4268 5.2542 5.58173 4.92668 8.42441 0.588403 0.327524 0.0756802 0.0655966
0.000139783 9.95603 10.5428 9.3693 5.2229 5.54965 4.89615 8.36331 0.586731 0.326749 0.0753894 0.0651956
0.000143739 9.89716 10.4822 9.31209 5.19175 5.51773 4.86578 8.30255 0.585064 0.325976 0.0751018 0.0647967
0.000147808 9.83856 10.422 9.25516 5.16076 5.48596 4.83555 8.24212 0.5834 0.325205 0.0748171 0.0643996
0.000151991 9.78025 10.362 9.19851 5.12991 5.45435 4.80548 8.18203 0.581741 0.324436 0.0745357 0.0640044
0.000156293 9.72223 10.3023 9.14214 5.09923 5.4229 4.77556 8.12228 0.580084 0.323669 0.0742573 0.0636112
0.000160717 9.66448 10.2429 9.08605 5.06869 5.3916 4.74579 8.06286 0.578432 0.322905 0.073982 0.0632199
0.000165265 9.60701 10.1838 9.03023 5.0383 5.36045 4.71616 8.00377 0.576783 0.322142 0.0737098 0.0628305
0.000169943 9.54984 10.125 8.9747 5.00807 5.32946 4.68669 7.945 0.575138 0.321382 0.0734408 0.062443
0.000174753 9.49293 10.0664 8.91944 4.97799 5.29861 4.65737 7.88656 0.573496 0.320624 0.0731748 0.0620574
0.000179699 9.4363 10.0082 8.86444 4.94806 5.26793 4.62819 7.82846 0.571858 0.319869 0.072912 0.0616736
0.000184785 9.37996 9.95018 8.80973 4.91828 5.23739 4.59916 7.77067 0.570223 0.319115 0.0726523 0.0612918
0.000190015 9.32388 9.89247 8.75528 4.88864 5.207 4.57027 7.71321 0.568592 0.318363 0.0723957 0.0609118
0.000195393 9.26808 9.83504 8.70111 4.85915 5.17677 4.54154 7.65607 0.566964 0.317614 0.0721422 0.0605337
0.000200923 9.21255 9.77789 8.64721 4.82981 5.14668 4.51295 7.59925 0.565339 0.316866 0.0718919 0.0601574
0.00020661 9.15729 9.72101 8.59358 4.80062 5.11674 4.4845 7.54276 0.563718 0.316121 0.0716447 0.059783
0.000212458 9.10231 9.66441 8.54021 4.77157 5.08695 4.45619 7.48658 0.5621 0.315377 0.0714006 0.0594104
0.000218471 9.0476 9.60809 8.48711 4.74268 5.05731 4.42804 7.43071 0.560485 0.314636 0.0711598 0.0590397
0.000224655 8.99315 9.55203 8.43428 4.71392 5.02782 4.40003 7.37516 0.558874 0.313897 0.070922 0.0586708
0.000231013 8.93897 9.49623 8.3817 4.68531 4.99847 4.37215 7.31992 0.557265 0.313159 0.0706874 0.0583036
0.000237551 8.88507 9.44073 8.32941 4.65684 4.96927 4.34442 7.26499 0.55566 0.312424 0.070456 0.0579384
0.000244275 8.83142 9.38547 8.27736 4.62852 4.94021 4.31683 7.21038 0.554057 0.31169 0.0702277 0.0575749
0.000251189 8.77804 9.33049 8.22558 4.60034 4.9113 4.28938 7.15607 0.552458 0.310959 0.0700025 0.0572132
0.000258298 8.72492 9.27578 8.17406 4.5723 4.88253 4.26208 7.10207 0.550861 0.310229 0.0697806 0.0568534
0.000265609 8.67206 9.22133 8.1228 4.54441 4.85391 4.2349 7.04838 0.549267 0.309502 0.0695618 0.0564953
0.000273126 8.61947 9.16714 8.07179 4.51665 4.82543 4.20788 6.995 0.547677 0.308776 0.0693461 0.0561389
0.000280857 8.56714 9.11323 8.02105 4.48904 4.79709 4.18099 6.94191 0.546088 0.308052 0.0691338 0.0557844
0.000288806 8.51506 9.05957 7.97056 4.46157 4.7689 4.15424 6.88913 0.544503 0.30733 0.0689245 0.0554317
0.00029698 8.46324 9.00616 7.92032 4.43423 4.74084 4.12762 6.83665 0.54292 0.30661 0.0687184 0.0550806
0.000305386 8.41169 8.95303 7.87035 4.40704 4.71293 4.10115 6.78446 0.54134 0.305892 0.0685156 0.0547314
0.000314029 8.36038 8.90015 7.82062 4.37998 4.68515 4.0748 6.73258 0.539762 0.305175 0.0683159 0.0543838
0.000322917 8.30934 8.84752 7.77115 4.35306 4.65752 4.0486 6.681 0.538187 0.30446 0.0681194 0.054038
0.000332057 8.25854 8.79515 7.72192 4.32628 4.63003 4.02253 6.62971 0.536615 0.303747 0.0679261 0.053694
0.000341455 8.208 8.74305 7.67296 4.29964 4.60267 3.9966 6.57871 0.535044 0.303036 0.0677361 0.0533517
0.000351119 8.15771 8.69119 7.62424 4.27313 4.57546 3.9708 6.528 0.533476 0.302327 0.0675492 0.0530111
0.000361057 8.10767 8.63959 7.57576 4.24676 4.54838 3.94514 6.47759 0.531911 0.301619 0.0673655 0.0526722
0.000371276 8.05789 8.58824 7.52754 4.22053 4.52144 3.91961 6.42746 0.530347 0.300913 0.0671851 0.0523351
0.000381784 8.00835 8.53714 7.47956 4.19443 4.49463 3.89422 6.37763 0.528786 0.300209 0.0670079 0.0519996
0.00039259 7.95906 8.48628 7.43183 4.16846 4.46796 3.86895 6.32808 0.527226 0.299506 0.0668339 0.0516658
0.000403702 7.91001 8.43568 7.38434 4.14262 4.44143 3.84382 6.27882 0.525669 0.298805 0.0666631 0.0513337
0.000415128 7.86121 8.38533 7.3371 4.11692 4.41503 3.81882 6.22985 0.524114 0.298106 0.0664956 0.0510032
0.000426877 7.81266 8.33522 7.2901 4.09136 4.38876 3.79395 6.18115 0.52256 0.297408 0.0663312 0.0506745
0.000438959 7.76435 8.28536 7.24334 4.06592 4.36263 3.76921 6.13274 0.521008 0.296712 0.0661702 0.0503474
0.000451383 7.71628 8.23574 7.19683 4.04062 4.33664 3.7446 6.08461 0.519458 0.296017 0.0660123 0.050022
0.000464159 7.66846 8.18637 7.15055 4.01545 4.31077 3.72012 6.03676 0.51791 0.295324 0.0658577 0.0496982
0.000477296 7.62088 8.13724 7.10452 3.99041 4.28504 3.69578 5.98919 0.516363 0.294632 0.0657064 0.0493762
0.000490805 7.57353 8.08835 7.05871 3.96549 4.25944 3.67155 5.9419 0.514818 0.293942 0.0655583 0.0490556
0.000504697 7.52643 8.0397 7.01315 3.94071 4.23397 3.64746 5.89488 0.513274 0.293253 0.0654134 0.0487368
0.000518981 7.47956 7.99129 6.96783 3.91606 4.20863 3.62349 5.84814 0.511732 0.292566 0.0652718 0.0484196
0.00053367 7.43293 7.94312 6.92274 3.89154 4.18342 3.59966 5.80167 0.510191 0.291881 0.0651334 0.048104
0.000548775 7.38653 7.89519 6.87788 3.86714 4.15834 3.57594 5.75547 0.508651 0.291196 0.0649983 0.04779
0.000564307 7.34038 7.84749 6.83327 3.84287 4.13339 3.55236 5.70954 0.507112 0.290513 0.0648664 0.0474777
0.000580278 7.29445 7.80003 6.78888 3.81873 4.10857 3.5289 5.66388 0.505575 0.289832 0.0647378 0.0471669
0.000596702 7.24876 7.7528 6.74472 3.79472 4.08387 3.50557 5.61849 0.504038 0.289151 0.0646124 0.0468577
0.000613591 7.2033 7.7058 6.7008 3.77083 4.0593 3.48236 5.57337 0.502502 0.288472 0.0644903 0.0465501
0.000630957 7.15807 7.65904 6.6571 3.74707 4.03486 3.45927 5.52852 0.500967 0.287795 0.0643715 0.0462441
0.000648815 7.11307 7.6125 6.61364 3.72343 4.01055 3.43631 5.48393 0.499433 0.287118 0.0642559 0.0459397
0.000667179 7.0683 7.5662 6.5704 3.69992 3.98636 3.41348 5.4396 0.497899 0.286443 0.0641435 0.0456369
0.000686062 7.02376 7.52012 6.52739 3.67653 3.9623 3.39076 5.39554 0.496366 0.285769 0.0640344 0.0453356
0.00070548 6.97944 7.47428 6.48461 3.65327 3.93837 3.36817 5.35174 0.494833 0.285096 0.0639286 0.0450358
0.000725448 6.93536 7.42866 6.44206 3.63013 3.91456 3.34571 5.30819 0.493301 0.284425 0.063826 0.0447377
0.00074598 6.89149 7.38326 6.39973 3.60711 3.89086 3.32335 5.26491 0.491769 0.283754 0.0637266 0.044441
0.000767094 6.84786 7.33809 6.35762 3.58422 3.8673 3.30113 5.22188 0.490236 0.283085 0.0636305 0.0441459
0.000788805 6.80444 7.29315 6.31574 3.56144 3.84386 3.27903 5.17912 0.488705 0.282417 0.0635377 0.0438523
0.000811131 6.76125 7.24842 6.27408 3.53879 3.82054 3.25704 5.1366 0.487173 0.281749 0.063448 0.0435603
0.000834088 6.71828 7.20392 6.23264 3.51626 3.79734 3.23518 5.09434 0.48564 0.281083 0.0633617 0.0432698
0.000857696 6.67553 7.15964 6.19142 3.49385 3.77427 3.21343 5.05234 0.484108 0.280418 0.0632785 0.0429807
0.000881971 6.63301 7.11558 6.15043 3.47156 3.75131 3.1918 5.01059 0.482575 0.279753 0.0631986 0.0426932
0.000906934 6.59069 7.07174 6.10965 3.44938 3.72847 3.1703 4.96908 0.481042 0.27909 0.0631219 0.0424072
0.000932603 6.5486 7.02811 6.06909 3.42734 3.70576 3.14891 4.92783 0.479508 0.278427 0.0630484 0.0421227
0.000958999 6.50672 6.9847 6.02875 3.4054 3.68317 3.12763 4.88683 0.477974 0.277765 0.0629781 0.0418396
0.000986142 6.46507 6.9415 5.98863 3.38359 3.66069 3.10648 4.84607 0.476439 0.277104 0.062911 0.041558
0.00101405 6.42362 6.89852 5.94872 3.36189 3.63833 3.08545 4.80556 0.474903 0.276444 0.0628471 0.0412779
0.00104275 6.38239 6.85576 5.90903 3.34031 3.61609 3.06452 4.7653 0.473365 0.275785 0.0627864 0.0409993
0.00107227 6.34138 6.8132 5.86955 3.31885 3.59397 3.04372 4.72528 0.471827 0.275126 0.0627289 0.0407221
0.00110262 6.30057 6.77086 5.83028 3.2975 3.57197 3.02303 4.6855 0.470287 0.274468 0.0626746 0.0404464
0.00113382 6.25998 6.72873 5.79124 3.27627 3.55008 3.00246 4.64597 0.468746 0.273811 0.0626234 0.0401721
0.00116591 6.2196 6.6868 5.75239 3.25515 3.5283 2.982 4.60668 0.467204 0.273154 0.0625753 0.0398992
0.00119891 6.17942 6.64508 5.71377 3.23415 3.50665 2.96165 4.56763 0.46566 0.272498 0.0625304 0.0396278
0.00123285 6.13946 6.60358 5.67535 3.21326 3.48511 2.94142 4.52881 0.464114 0.271842 0.0624886 0.0393578
0.00126774 6.09971 6.56228 5.63714 3.1925 3.46368 2.92131 4.49024 0.462566 0.271187 0.0624499 0.0390893
0.00130362 6.06016 6.52118 5.59915 3.17184 3.44237 2.90131 4.4519 0.461016 0.270532 0.0624143 0.0388221
0.00134052 6.02082 6.48028 5.56136 3.15129 3.42117 2.88142 4.4138 0.459463 0.269877 0.0623818 0.0385563
0.00137846 5.98169 6.43959 5.52378 3.13086 3.40008 2.86164 4.37593 0.457909 0.269223 0.0623524 0.038292
0.00141747 5.94275 6.39911 5.4864 3.11054 3.37911 2.84197 4.33829 0.456352 0.26857 0.0623259 0.038029
0.00145759 5.90403 6.35882 5.44923 3.09033 3.35825 2.82242 4.30089 0.454792 0.267916 0.0623025 0.0377674
0.00149885 5.8655 6.31873 5.41227 3.07024 3.3375 2.80297 4.26372 0.45323 0.267263 0.0622821 0.0375071
0.00154127 5.82718 6.27884 5.37551 3.05025 3.31686 2.78364 4.22679 0.451664 0.26661 0.0622648 0.0372483
0.00158489 5.78905 6.23915 5.33895 3.03038 3.29634 2.76442 4.19008 0.450096 0.265957 0.0622503 0.0369908
0.00162975 5.75113 6.19966 5.30261 3.01062 3.27592 2.74532 4.1536 0.448524 0.265304 0.0622388 0.0367347
0.00167588 5.71341 6.16036 5.26646 2.99097 3.25562 2.72631 4.11735 0.446949 0.264651 0.0622303 0.0364799
0.00172331 5.67588 6.12125 5.23051 2.97142 3.23542 2.70742 4.08132 0.445371 0.263998 0.0622246 0.0362264
0.00177209 5.63856 6.08234 5.19477 2.95198 3.21533 2.68864 4.04552 0.443788 0.263345 0.0622218 0.0359743
0.00182224 5.60142 6.04362 5.15922 2.93266 3.19535 2.66996 4.00995 0.442202 0.262692 0.0622218 0.0357235
0.00187382 5.56449 6.0051 5.12387 2.91344 3.17548 2.6514 3.9746 0.440612 0.262039 0.0622246 0.035474
0.00192685 5.52774 5.96676 5.08873 2.89433 3.15571 2.63294 3.93947 0.439017 0.261386 0.0622302 0.0352258
0.00198139 5.4912 5.92861 5.05378 2.87532 3.13606 2.61459 3.90456 0.437418 0.260732 0.0622386 0.034979
0.00203747 5.45484 5.89066 5.01903 2.85643 3.11651 2.59635 3.86988 0.435814 0.260078 0.0622496 0.0347334
0.00209514 5.41868 5.85289 4.98448 2.83764 3.09706 2.57821 3.83541 0.434206 0.259424 0.0622634 0.0344891
0.00215443 5.38271 5.8153 4.95012 2.81895 3.07772 2.56018 3.80117 0.432593 0.258769 0.0622797 0.0342461
0.00221541 5.34693 5.77791 4.91596 2.80037 3.05849 2.54226 3.76714 0.430974 0.258114 0.0622987 0.0340043
0.00227812 5.31134 5.74069 4.88199 2.78191 3.03936 2.52445 3.73333 0.429351 0.257458 0.0623202 0.0337639
0.00234259 5.27594 5.70366 4.84822 2.76354 3.02034 2.50673 3.69974 0.427721 0.256801 0.0623442 0.0335246
0.0024089 5.24073 5.66681 4.81464 2.74527 3.00142 2.48913 3.66636 0.426086 0.256144 0.0623708 0.0332867
0.00247708 5.2057 5.63015 4.78126 2.72711 2.9826 2.47163 3.63319 0.424445 0.255486 0.0623997 0.03305
0.00254719 5.17086 5.59366 4.74806 2.70906 2.96388 2.45423 3.60024 0.422798 0.254827 0.062431 0.0328145
0.00261928 5.13621 5.55735 4.71506 2.6911 2.94527 2.43694 3.5675 0.421145 0.254167 0.0624646 0.0325802
0.00269341 5.10174 5.52122 4.68225 2.67325 2.92676 2.41975 3.53498 0.419485 0.253507 0.0625006 0.0323472
0.00276965 5.06745 5.48527 4.64963 2.6555 2.90835 2.40266 3.50266 0.417818 0.252845 0.0625387 0.0321153
0.00284804 5.03335 5.44949 4.6172 2.63786 2.89004 2.38567 3.47056 0.416145 0.252182 0.0625789 0.0318846
0.00292864 4.99942 5.41389 4.58496 2.62031 2.87183 2.36879 3.43866 0.414464 0.251518 0.0626213 0.0316552
0.00301153 4.96569 5.37846 4.55291 2.60287 2.85372 2.35202 3.40697 0.412776 0.250853 0.0626657 0.0314269
0.00309677 4.93213 5.34321 4.52105 2.58553 2.83572 2.33534 3.37549 0.41108 0.250187 0.0627121 0.0311998
0.00318442 4.89875 5.30812 4.48937 2.56828 2.8178 2.31877 3.34421 0.409376 0.249519 0.0627605 0.0309739
0.00327455 4.86554 5.27321 4.45788 2.55114 2.79999 2.30229 3.31314 0.407665 0.24885 0.0628106 0.0307491
0.00336723 4.83252 5.23846 4.42657 2.5341 2.78228 2.28592 3.28228 0.405945 0.248179 0.0628625 0.0305255
0.00346253 4.79967 5.20389 4.39546 2.51716 2.76466 2.26965 3.25162 0.404216 0.247506 0.0629161 0.030303
0.00356053 4.767 5.16948 4.36453 2.50031 2.74714 2.25348 3.22116 0.402479 0.246832 0.0629714 0.0300817
0.00366131 4.73451 5.13524 4.33378 2.48356 2.72972 2.23741 3.19091 0.400732 0.246156 0.0630281 0.0298614
0.00376494 4.70219 5.10116 4.30321 2.46691 2.71239 2.22144 3.16085 0.398977 0.245478 0.0630863 0.0296423
0.0038715 4.67004 5.06725 4.27282 2.45036 2.69516 2.20556 3.131 0.397212 0.244798 0.0631459 0.0294243
0.00398107 4.63806 5.0335 4.24263 2.43391 2.67802 2.18979 3.10134 0.395437 0.244116 0.0632068 0.0292074
0.00409375 4.60626 4.99991 4.21261 2.41755 2.66098 2.17412 3.07189 0.393652 0.243432 0.0632688 0.0289916
0.00420962 4.57463 4.96649 4.18277 2.40129 2.64403 2.15854 3.04263 0.391857 0.242746 0.063332 0.0287768
0.00432876 4.54317 4.93322 4.15312 2.38512 2.62718 2.14306 3.01357 0.390051 0.242057 0.0633961 0.0285631
0.00445128 4.51188 4.90012 4.12365 2.36905 2.61041 2.12768 2.98471 0.388235 0.241366 0.0634612 0.0283505
0.00457727 4.48076 4.86716 4.09435 2.35307 2.59375 2.1124 2.95604 0.386407 0.240672 0.063527 0.0281389
0.00470682 4.4498 4.83437 4.06523 2.33719 2.57717 2.09721 2.92756 0.384569 0.239976 0.0635935 0.0279284
0.00484003 4.41902 4.80173 4.0363 2.3214 2.56068 2.08212 2.89928 0.382718 0.239277 0.0636605 0.0277189
0.00497702 4.38839 4.76925 4.00754 2.30571 2.54428 2.06713 2.8712 0.380856 0.238575 0.063728 0.0275104
0.00511789 4.35794 4.73692 3.97895 2.2901 2.52797 2.05223 2.8433 0.378982 0.237871 0.0637958 0.0273029
0.00526274 4.32765 4.70474 3.95055 2.27459 2.51176 2.03743 2.8156 0.377096 0.237163 0.0638639 0.0270964
0.0054117 4.29752 4.67272 3.92232 2.25918 2.49563 2.02273 2.78809 0.375196 0.236452 0.063932 0.0268909
0.00556486 4.26755 4.64084 3.89427 2.24385 2.47959 2.00811 2.76076 0.373284 0.235737 0.0640001 0.0266864
0.00572237 4.23775 4.60911 3.86639 2.22861 2.46363 1.99359 2.73363 0.371359 0.23502 0.0640679 0.0264829
0.00588433 4.20811 4.57753 3.83869 2.21347 2.44777 1.97917 2.70668 0.36942 0.234298 0.0641355 0.0262803
0.00605088 4.17863 4.54609 3.81116 2.19842 2.43199 1.96484 2.67993 0.367468 0.233574 0.0642026 0.0260786
0.00622213 4.14931 4.51481 3.78381 2.18346 2.4163 1.95061 2.65335 0.365501 0.232845 0.064269 0.0258779
0.00639824 4.12014 4.48366 3.75662 2.16858 2.40069 1.93647 2.62697 0.363521 0.232112 0.0643347 0.0256781
0.00657933 4.09114 4.45267 3.72962 2.1538 2.38517 1.92242 2.60077 0.361526 0.231376 0.0643995 0.0254793
0.00676555 4.0623 4.42181 3.70278 2.1391 2.36973 1.90846 2.57475 0.359515 0.230635 0.0644632 0.0252813
0.00695704 4.03361 4.3911 3.67612 2.12449 2.35438 1.8946 2.54892 0.35749 0.22989 0.0645256 0.0250843
0.00715394 4.00507 4.36052 3.64962 2.10996 2.3391 1.88082 2.52327 0.355449 0.229141 0.0645866 0.0248881
0.00735642 3.97669 4.33008 3.6233 2.09553 2.32392 1.86714 2.4978 0.353393 0.228387 0.0646461 0.0246928
0.00756463 3.94847 4.29979 3.59714 2.08118 2.30881 1.85355 2.47252 0.351321 0.227629 0.0647037 0.0244983
0.00777874 3.92039 4.26962 3.57116 2.06692 2.29378 1.84005 2.44741 0.349232 0.226865 0.0647594 0.0243047
0.0079989 3.89247 4.2396 3.54534 2.05274 2.27884 1.82664 2.42248 0.347127 0.226097 0.064813 0.0241119
0.0082253 3.8647 4.20971 3.5197 2.03865 2.26397 1.81332 2.39774 0.345006 0.225324 0.0648643 0.02392
0.0084581 3.83709 4.17995 3.49422 2.02464 2.24918 1.80009 2.37317 0.342867 0.224545 0.064913 0.0237289
0.00869749 3.80962 4.15033 3.46891 2.01071 2.23448 1.78695 2.34877 0.340711 0.223761 0.064959 0.0235386
0.00894366 3.7823 4.12084 3.44376 1.99687 2.21984 1.7739 2.32456 0.338537 0.222972 0.0650021 0.023349
0.00919679 3.75513 4.09147 3.41878 1.98311 2.20529 1.76093 2.30052 0.336346 0.222176 0.065042 0.0231603
0.00945709 3.72811 4.06224 3.39397 1.96943 2.19081 1.74805 2.27665 0.334136 0.221375 0.0650786 0.0229723
0.00972476 3.70123 4.03314 3.36932 1.95583 2.1764 1.73526 2.25296 0.331908 0.220568 0.0651116 0.0227851
0.01 3.6745 4.00416 3.34484 1.94232 2.16207 1.72256 2.22944 0.329662 0.219755 0.0651409 0.0225986
0.010283 3.64791 3.97531 3.32052 1.92888 2.14781 1.70994 2.2061 0.327396 0.218935 0.0651661 0.0224128
0.0105741 3.62147 3.94659 3.29636 1.91552 2.13363 1.69741 2.18292 0.325112 0.218109 0.0651871 0.0222278
0.0108734 3.59518 3.91799 3.27237 1.90224 2.11952 1.68497 2.15992 0.322808 0.217276 0.0652036 0.0220434
0.0111811 3.56902 3.88951 3.24854 1.88904 2.10548 1.67261 2.13709 0.320485 0.216436 0.0652153 0.0218598
0.0114976 3.54302 3.86116 3.22487 1.87592 2.09151 1.66033 2.11442 0.318142 0.21559 0.0652222 0.0216768
0.011823 3.51715 3.83293 3.20137 1.86287 2.07761 1.64813 2.09193 0.315779 0.214736 0.0652238 0.0214945
0.0121576 3.49142 3.80481 3.17802 1.8499 2.06377 1.63602 2.0696 0.313396 0.213874 0.06522 0.0213129
0.0125017 3.46583 3.77682 3.15483 1.837 2.05001 1.624 2.04744 0.310993 0.213005 0.0652104 0.0211319
0.0128556 3.44038 3.74895 3.13181 1.82418 2.03631 1.61205 2.02545 0.308569 0.212128 0.0651949 0.0209515
0.0132194 3.41506 3.72119 3.10894 1.81143 2.02267 1.60019 2.00362 0.306125 0.211244 0.0651731 0.0207718
0.0135936 3.38989 3.69355 3.08623 1.79875 2.0091 1.5884 1.98195 0.303659 0.210351 0.0651449 0.0205926
0.0139783 3.36485 3.66602 3.06368 1.78615 1.9956 1.5767 1.96045 0.301173 0.20945 0.0651099 0.0204141
0.0143739 3.33995 3.63861 3.04128 1.77361 1.98216 1.56507 1.93911 0.298665 0.20854 0.0650679 0.0202361
0.0147808 3.31518 3.61131 3.01904 1.76115 1.96877 1.55353 1.91793 0.296136 0.207622 0.0650186 0.0200587
0.0151991 3.29055 3.58413 2.99696 1.74876 1.95545 1.54206 1.89692 0.293586 0.206694 0.0649617 0.0198818
0.0156293 3.26604 3.55706 2.97503 1.73643 1.94219 1.53067 1.87606 0.291015 0.205758 0.0648969 0.0197055
0.0160717 3.24168 3.5301 2.95325 1.72417 1.92899 1.51936 1.85536 0.288421 0.204812 0.0648241 0.0195297
0.0165265 3.21744 3.50325 2.93163 1.71198 1.91584 1.50813 1.83483 0.285807 0.203857 0.0647428 0.0193544
0.0169943 3.19333 3.4765 2.91016 1.69986 1.90275 1.49697 1.81444 0.28317 0.202891 0.0646529 0.0191796
0.0174753 3.16936 3.44987 2.88885 1.68779 1.88971 1.48588 1.79422 0.280512 0.201916 0.064554 0.0190053
0.0179699 3.14551 3.42335 2.86768 1.6758 1.87673 1.47487 1.77415 0.277832 0.200931 0.0644459 0.0188315
0.0184785 3.1218 3.39693 2.84667 1.66386 1.86379 1.46392 1.75423 0.27513 0.199935 0.0643282 0.0186581
0.0190015 3.09821 3.37062 2.82581 1.65198 1.85091 1.45306 1.73447 0.272407 0.198929 0.0642008 0.0184852
0.0195393 3.07475 3.34441 2.80509 1.64017 1.83808 1.44226 1.71486 0.269662 0.197912 0.0640633 0.0183128
0.0200923 3.05142 3.31831 2.78452 1.62841 1.8253 1.43153 1.6954 0.266896 0.196884 0.0639154 0.0181407
0.020661 3.02821 3.29231 2.7641 1.61672 1.81256 1.42087 1.67609 0.264108 0.195844 0.0637569 0.017969
0.0212458 3.00512 3.26642 2.74382 1.60507 1.79987 1.41028 1.65694 0.261298 0.194793 0.0635876 0.0177978
0.0218471 2.98216 3.24063 2.72369 1.59349 1.78722 1.39976 1.63793 0.258468 0.193731 0.063407 0.0176269
0.0224655 2.95932 3.21494 2.70371 1.58196 1.77461 1.3893 1.61906 0.255616 0.192656 0.0632151 0.0174564
0.0231013 2.93661 3.18935 2.68387 1.57048 1.76205 1.37891 1.60035 0.252744 0.191569 0.0630115 0.0172863
0.0237551 2.91402 3.16387 2.66417 1.55905 1.74952 1.36858 1.58178 0.24985 0.19047 0.062796 0.0171165
0.0244275 2.89154 3.13848 2.64461 1.54767 1.73703 1.35831 1.56335 0.246937 0.189358 0.0625682 0.016947
0.0251189 2.86919 3.11319 2.62519 1.53634 1.72457 1.3481 1.54507 0.244003 0.188233 0.0623281 0.0167778
0.0258298 2.84696 3.08801 2.60591 1.52505 1.71215 1.33796 1.52692 0.24105 0.187095 0.0620753 0.016609
0.0265609 2.82484 3.06292 2.58676 1.51381 1.69976 1.32787 1.50892 0.238077 0.185944 0.0618097 0.0164404
0.0273126 2.80284 3.03793 2.56776 1.50262 1.6874 1.31784 1.49106 0.235085 0.18478 0.0615309 0.0162722
0.0280857 2.78096 3.01303 2.54889 1.49146 1.67506 1.30786 1.47334 0.232074 0.183601 0.0612389 0.0161042
0.0288806 2.7592 2.98824 2.53015 1.48035 1.66276 1.29794 1.45575 0.229045 0.182409 0.0609333 0.0159364
0.029698 2.73754 2.96354 2.51154 1.46927 1.65047 1.28807 1.4383 0.225998 0.181202 0.060614 0.0157689
0.0305386 2.716 2.93894 2.49307 1.45823 1.63821 1.27825 1.42098 0.222933 0.179981 0.0602809 0.0156017
0.0314029 2.69458 2.91443 2.47472 1.44723 1.62597 1.26848 1.4038 0.219852 0.178745 0.0599338 0.0154346
0.0322917 2.67326 2.89002 2.45651 1.43625 1.61375 1.25876 1.38675 0.216755 0.177495 0.0595725 0.0152678
0.0332057 2.65206 2.8657 2.43842 1.42531 1.60154 1.24908 1.36983 0.213642 0.176229 0.0591968 0.0151012
0.0341455 2.63096 2.84148 2.42045 1.4144 1.58934 1.23945 1.35304 0.210514 0.174948 0.0588067 0.0149348
0.0351119 2.60998 2.81735 2.40261 1.40351 1.57716 1.22986 1.33637 0.207372 0.173651 0.0584021 0.0147685
0.0361057 2.5891 2.79331 2.38488 1.39264 1.56498 1.2203 1.31984 0.204216 0.172339 0.0579829 0.0146024
0.0371276 2.56833 2.76937 2.36728 1.3818 1.55281 1.21079 1.30343 0.201047 0.171011 0.0575489 0.0144365
0.0381784 2.54766 2.74552 2.34979 1.37098 1.54064 1.20131 1.28714 0.197866 0.169666 0.0571002 0.0142707
0.039259 2.52709 2.72177 2.33242 1.36017 1.52848 1.19187 1.27097 0.194674 0.168305 0.0566366 0.0141051
0.0403702 2.50663 2.6981 2.31516 1.34938 1.51631 1.18245 1.25492 0.191472 0.166928 0.0561583 0.0139396
0.0415128 2.48627 2.67453 2.29801 1.3386 1.50413 1.17306 1.239 0.18826 0.165534 0.0556651 0.0137743
0.0426877 2.46601 2.65105 2.28097 1.32783 1.49195 1.1637 1.22319 0.18504 0.164123 0.0551572 0.013609
0.0438959 2.44584 2.62766 2.26403 1.31706 1.47976 1.15437 1.20749 0.181812 0.162695 0.0546345 0.0134439
0.0451383 2.42577 2.60435 2.2472 1.3063 1.46755 1.14505 1.19191 0.178577 0.161249 0.0540972 0.0132788
0.0464159 2.4058 2.58114 2.23047 1.29554 1.45532 1.13575 1.17645 0.175338 0.159787 0.0535452 0.0131139
0.0477296 2.38592 2.55801 2.21383 1.28477 1.44308 1.12647 1.16109 0.172093 0.158306 0.0529788 0.012949
0.0490805 2.36613 2.53498 2.19729 1.274 1.43081 1.1172 1.14584 0.168846 0.156808 0.0523981 0.0127842
0.0504697 2.34643 2.51203 2.18084 1.26323 1.41852 1.10793 1.1307 0.165596 0.155293 0.0518032 0.0126195
0.0518981 2.32682 2.48917 2.16447 1.25244 1.4062 1.09868 1.11567 0.162346 0.153759 0.0511943 0.0124549
0.053367 2.30729 2.46639 2.1482 1.24163 1.39384 1.08942 1.10073 0.159095 0.152207 0.0505716 0.0122903
0.0548775 2.28785 2.4437 2.132 1.23081 1.38145 1.08017 1.08591 0.155847 0.150637 0.0499354 0.0121258
0.0564307 2.26848 2.42108 2.11588 1.21996 1.36901 1.07091 1.07118 0.152601 0.149049 0.049286 0.0119613
0.0580278 2.2492 2.39856 2.09984 1.20909 1.35653 1.06165 1.05654 0.14936 0.147443 0.0486236 0.0117969
0.0596702 2.22999 2.37611 2.08386 1.19819 1.34401 1.05237 1.04201 0.146124 0.145818 0.0479485 0.0116326
0.0613591 2.21085 2.35374 2.06796 1.18725 1.33143 1.04308 1.02757 0.142895 0.144175 0.0472611 0.0114683
0.0630957 2.19178 2.33145 2.05211 1.17628 1.3188 1.03377 1.01322 0.139674 0.142513 0.0465618 0.0113041
0.0648815 2.17278 2.30924 2.03632 1.16527 1.3061 1.02444 0.998959 0.136463 0.140833 0.0458509 0.0111399
0.0667179 2.15384 2.28711 2.02058 1.15421 1.29334 1.01507 0.984788 0.133263 0.139135 0.045129 0.0109757
0.0686062 2.13496 2.26504 2.00489 1.1431 1.28052 1.00568 0.970703 0.130076 0.137418 0.0443963 0.0108117
0.070548 2.11614 2.24305 1.98924 1.13194 1.26762 0.996256 0.956703 0.126903 0.135683 0.0436534 0.0106476
0.0725448 2.09737 2.22112 1.97363 1.12072 1.25465 0.986788 0.942785 0.123746 0.13393 0.0429008 0.0104837
0.074598 2.07865 2.19926 1.95805 1.10944 1.24159 0.977277 0.928946 0.120606 0.132159 0.042139 0.0103198
0.0767094 2.05998 2.17746 1.94249 1.09808 1.22845 0.967715 0.915185 0.117485 0.130369 0.0413686 0.0101559
0.0788805 2.04134 2.15572 1.92695 1.08666 1.21522 0.9581 0.901501 0.114383 0.128562 0.04059 0.00999216
0.0811131 2.02274 2.13404 1.91143 1.07516 1.2019 0.948426 0.887889 0.111304 0.126737 0.039804 0.00982849
0.0834088 2.00416 2.11241 1.89592 1.06358 1.18848 0.938687 0.874349 0.108247 0.124894 0.0390111 0.0096649
0.0857696 1.98561 2.09083 1.8804 1.05191 1.17495 0.92888 0.860879 0.105216 0.123034 0.0382119 0.00950141
0.0881971 1.96708 2.06929 1.86487 1.04016 1.16131 0.918998 0.847476 0.10221 0.121158 0.0374071 0.00933802
0.0906934 1.94856 2.0478 1.84933 1.0283 1.14756 0.909037 0.834138 0.0992328 0.119264 0.0365974 0.00917477
0.0932603 1.93005 2.02634 1.83377 1.01634 1.1337 0.89899 0.820863 0.0962845 0.117354 0.0357833 0.00901164
0.0958999 1.91154 2.00491 1.81817 1.00428 1.11971 0.888853 0.807649 0.093367 0.115428 0.0349657 0.00884867
0.0986142 1.89302 1.9835 1.80254 0.992106 1.10559 0.87862 0.794493 0.0904816 0.113486 0.0341452 0.00868586
0.101405 1.87449 1.96212 1.78686 0.979813 1.09134 0.868285 0.781395 0.0876299 0.111528 0.0333225 0.00852323
0.104275 1.85593 1.94074 1.77112 0.967399 1.07696 0.857843 0.768351 0.0848133 0.109556 0.0324983 0.0083608
0.107227 1.83734 1.91938 1.75531 0.954858 1.06243 0.847288 0.755359 0.082033 0.10757 0.0316735 0.0081986
0.110262 1.81872 1.89801 1.73943 0.942183 1.04775 0.836614 0.742419 0.0792906 0.105569 0.0308486 0.00803663
0.113382 1.80004 1.87663 1.72345 0.929371 1.03293 0.825815 0.729528 0.0765873 0.103556 0.0300246 0.00787494
0.116591 1.78131 1.85523 1.70739 0.916415 1.01794 0.814886 0.716683 0.0739244 0.101529 0.029202 0.00771353
0.119891 1.76251 1.83381 1.69121 0.903312 1.0028 0.803821 0.703884 0.0713031 0.0994911 0.0283817 0.00755245
0.123285 1.74364 1.81236 1.67491 0.890055 0.987497 0.792614 0.691128 0.0687246 0.0974414 0.0275644 0.00739171
0.126774 1.72467 1.79086 1.65848 0.87664 0.972021 0.781259 0.678414 0.0661901 0.0953811 0.0267508 0.00723135
0.130362 1.70561 1.76931 1.64191 0.863063 0.956373 0.769752 0.66574 0.0637006 0.0933109 0.0259417 0.0070714
0.134052 1.68644 1.74769 1.62518 0.849317 0.940549 0.758085 0.653105 0.0612573 0.0912317 0.0251377 0.0069119
0.137846 1.66713 1.726 1.60827 0.835399 0.924543 0.746255 0.640507 0.058861 0.0891443 0.0243397 0.00675288
0.141747 1.6477 1.70421 1.59119 0.821305 0.908355 0.734255 0.627946 0.0565127 0.0870497 0.0235483 0.00659439
0.145759 1.62812 1.68233 1.57391 0.80703 0.891979 0.722081 0.61542 0.0542133 0.0849488 0.0227642 0.00643646
0.149885 1.60837 1.66033 1.55641 0.792571 0.875414 0.709729 0.602928 0.0519635 0.0828427 0.0219881 0.00627913
0.154127 1.58844 1.63821 1.53868 0.777925 0.858657 0.697193 0.590468 0.0497642 0.0807323 0.0212206 0.00612246
0.158489 1.56833 1.61594 1.52071 0.763088 0.841707 0.684469 0.578042 0.0476159 0.0786188 0.0204624 0.0059665
0.162975 1.548 1.59352 1.50248 0.748058 0.824561 0.671555 0.565647 0.0455193 0.0765034 0.0197141 0.00581129
0.167588 1.52745 1.57093 1.48398 0.732833 0.80722 0.658445 0.553284 0.0434749 0.0743872 0.0189764 0.00565688
0.172331 1.50666 1.54815 1.46518 0.71741 0.789682 0.645139 0.540952 0.0414831 0.0722715 0.0182497 0.00550334
0.177209 1.48562 1.52516 1.44607 0.70179 0.771947 0.631632 0.528652 0.0395444 0.0701576 0.0175347 0.00535072
0.182224 1.46429 1.50195 1.42663 0.685972 0.754018 0.617925 0.516384 0.0376591 0.0680468 0.0168318 0.00519908
0.187382 1.44268 1.4785 1.40685 0.669955 0.735896 0.604015 0.504147 0.0358274 0.0659406 0.0161416 0.00504849
0.192685 1.42075 1.4548 1.3867 0.653742 0.717583 0.589902 0.491944 0.0340494 0.0638404 0.0154646 0.00489901
0.198139 1.3985 1.43082 1.36617 0.637335 0.699083 0.575587 0.479774 0.0323253 0.0617476 0.0148011 0.00475072
0.203747 1.37589 1.40654 1.34523 0.620737 0.6804 0.561073 0.46764 0.0306551 0.0596639 0.0141517 0.00460367
0.209514 1.35292 1.38196 1.32388 0.603951 0.661542 0.54636 0.455543 0.0290388 0.0575907 0.0135167 0.00445795
0.215443 1.32955 1.35703 1.30208 0.586984 0.642514 0.531454 0.443484 0.0274761 0.0555297 0.0128964 0.00431364
0.221541 1.30578 1.33175 1.27982 0.569842 0.623325 0.516359 0.431465 0.025967 0.0534826 0.0122912 0.00417081
0.227812 1.28159 1.3061 1.25708 0.552533 0.603984 0.501082 0.419489 0.0245112 0.0514509 0.0117015 0.00402953
0.234259 1.25694 1.28004 1.23383 0.535068 0.584505 0.485632 0.407559 0.0231082 0.0494365 0.0111273 0.0038899
0.24089 1.23182 1.25358 1.21006 0.517458 0.564899 0.470017 0.395678 0.0217579 0.0474411 0.010569 0.003752
0.247708 1.20622 1.22668 1.18576 0.499716 0.545183 0.454249 0.383849 0.0204595 0.0454665 0.0100268 0.0036159
0.254719 1.1801 1.19932 1.16089 0.481859 0.525373 0.438345 0.372076 0.0192127 0.0435145 0.00950086 0.00348169
0.261928 1.15346 1.17147 1.13544 0.463905 0.505492 0.422318 0.360362 0.0180169 0.0415868 0.00899126 0.00334945
0.269341 1.12626 1.14314 1.10939 0.445877 0.485563 0.406192 0.348713 0.0168713 0.0396854 0.00849813 0.00321926
0.276965 1.0985 1.11427 1.08272 0.427802 0.465614 0.38999 0.337133 0.0157754 0.037812 0.00802152 0.00309118
0.284804 1.07012 1.08485 1.0554 0.409715 0.445684 0.373747 0.325628 0.0147282 0.0359685 0.00756145 0.00296527
0.292864 1.0411 1.05483 1.02738 0.391668 0.425825 0.357511 0.314205 0.0137289 0.0341567 0.00711788 0.00284155
0.301153 1.01131 1.02408 0.998529 0.373767 0.406146 0.341389 0.30287 0.0127767 0.0323784 0.00669067 0.00271998
0.309677 0.979573 0.991444 0.967703 0.356715 0.38735 0.32608 0.291636 0.0118703 0.0306354 0.00627941 0.00260018
0.318442 0.951854 0.963391 0.940317 0.344407 0.37439 0.314424 0.287422 0.011537 0.0299829 0.00612576 0.00255313
0.321833 0.94068 0.951893 0.929467 0.337742 0.367084 0.308399 0.283265 0.0112135 0.0293426 0.00597597 0.00250687
0.325224 0.929548 0.940448 0.918649 0.331157 0.359871 0.302443 0.279165 0.0108994 0.0287143 0.00582994 0.00246138
0.328614 0.918453 0.929047 0.907858 0.324652 0.35275 0.296555 0.275122 0.0105945 0.0280977 0.00568756 0.00241664
0.332005 0.907394 0.917693 0.897096 0.318228 0.345721 0.290735 0.271133 0.0102984 0.0274926 0.00554872 0.00237265
0.335396 0.896378 0.906389 0.886367 0.311883 0.338782 0.284985 0.267197 0.0100109 0.0268989 0.00541332 0.00232937
0.338787 0.885397 0.895129 0.875666 0.305618 0.331935 0.279302 0.263315 0.00973167 0.0263162 0.00528128 0.00228681
0.342178 0.874456 0.883916 0.864995 0.299433 0.325177 0.273688 0.259485 0.00946047 0.0257445 0.00515249 0.00224494
0.345569 0.863553 0.87275 0.854356 0.293326 0.31851 0.268143 0.255706 0.00919703 0.0251835 0.00502686 0.00220376
0.348959 0.852689 0.861631 0.843748 0.287299 0.311932 0.262666 0.251977 0.00894111 0.0246331 0.00490432 0.00216325
0.35235 0.841864 0.850557 0.833172 0.28135 0.305443 0.257257 0.248297 0.00869248 0.024093 0.00478477 0.0021234
0.355741 0.831078 0.839529 0.822627 0.27548 0.299043 0.251916 0.244666 0.00845089 0.0235632 0.00466813 0.00208419
0.359132 0.820331 0.828547 0.812115 0.269688 0.292731 0.246644 0.241082 0.00821614 0.0230433 0.00455432 0.00204562
0.362523 0.809624 0.817612 0.801636 0.263974 0.286507 0.24144 0.237546 0.007988 0.0225332 0.00444327 0.00200767
0.365914 0.798956 0.806722 0.79119 0.258337 0.28037 0.236305 0.234055 0.00776628 0.0220328 0.0043349 0.00197032
0.369305 0.788329 0.79588 0.780778 0.252779 0.274321 0.231237 0.23061 0.00755077 0.0215419 0.00422914 0.00193358
0.372695 0.777743 0.785084 0.770402 0.247298 0.268358 0.226237 0.22721 0.00734129 0.0210603 0.00412593 0.00189743
0.376086 0.767198 0.774335 0.76006 0.241893 0.262481 0.221305 0.223853 0.00713764 0.0205879 0.00402518 0.00186186
0.379477 0.756694 0.763634 0.749755 0.236566 0.25669 0.216441 0.220539 0.00693966 0.0201245 0.00392684 0.00182685
0.382868 0.746233 0.75298 0.739486 0.231315 0.250984 0.211645 0.217268 0.00674717 0.01967 0.00383085 0.0017924
0.386259 0.735815 0.742375 0.729255 0.22614 0.245364 0.206916 0.214039 0.00656001 0.0192241 0.00373714 0.0017585
0.38965 0.72544 0.731818 0.719062 0.221041 0.239828 0.202254 0.210851 0.006378 0.0187868 0.00364565 0.00172514
0.39304 0.715109 0.72131 0.708908 0.216018 0.234376 0.19766 0.207703 0.00620101 0.0183579 0.00355632 0.00169231
0.396431 0.704822 0.710851 0.698793 0.21107 0.229007 0.193133 0.204595 0.00602888 0.0179372 0.0034691 0.00166
0.399822 0.694581 0.700443 0.68872 0.206197 0.223722 0.188673 0.201526 0.00586146 0.0175247 0.00338394 0.00162819
0.403213 0.684386 0.690085 0.678688 0.201399 0.218519 0.184279 0.198495 0.00569862 0.0171201 0.00330078 0.00159689
0.406604 0.674238 0.679778 0.668698 0.196676 0.213399 0.179952 0.195503 0.00554023 0.0167234 0.00321956 0.00156609
0.409995 0.664137 0.669523 0.658751 0.192026 0.20836 0.175691 0.192548 0.00538614 0.0163344 0.00314025 0.00153577
0.413385 0.654084 0.65932 0.648848 0.18745 0.203403 0.171497 0.18963 0.00523624 0.0159529 0.00306279 0.00150592
0.416776 0.644081 0.649171 0.63899 0.182947 0.198526 0.167368 0.186748 0.0050904 0.0155789 0.00298713 0.00147655
0.420167 0.634127 0.639075 0.629178 0.178517 0.193729 0.163305 0.183901 0.00494851 0.0152122 0.00291323 0.00144764
0.423558 0.624224 0.629034 0.619413 0.17416 0.189012 0.159307 0.18109 0.00481045 0.0148527 0.00284104 0.00141918
0.426949 0.614373 0.619049 0.609696 0.169874 0.184375 0.155374 0.178313 0.00467611 0.0145003 0.00277053 0.00139117
0.43034 0.604573 0.609119 0.600028 0.165661 0.179816 0.151506 0.17557 0.00454539 0.0141548 0.00270165 0.0013636
0.43373 0.594828 0.599246 0.59041 0.161519 0.175335 0.147702 0.172861 0.00441818 0.0138162 0.00263436 0.00133646
0.437121 0.585136 0.589431 0.580842 0.157447 0.170931 0.143963 0.170185 0.00429438 0.0134842 0.00256862 0.00130974
0.440512 0.5755 0.579674 0.571326 0.153446 0.166605 0.140287 0.167541 0.0041739 0.0131589 0.0025044 0.00128345
0.443903 0.56592 0.569976 0.561863 0.149515 0.162355 0.136675 0.164929 0.00405664 0.01284 0.00244164 0.00125757
0.447294 0.556397 0.560339 0.552454 0.145654 0.158181 0.133126 0.162349 0.00394251 0.0125275 0.00238033 0.0012321
0.450685 0.546931 0.550763 0.5431 0.141861 0.154082 0.12964 0.1598 0.00383142 0.0122213 0.00232043 0.00120702
0.454075 0.537525 0.541248 0.533801 0.138137 0.150059 0.126216 0.157282 0.00372329 0.0119212 0.00226189 0.00118234
0.457466 0.528178 0.531796 0.52456 0.134481 0.146109 0.122854 0.154794 0.00361803 0.0116272 0.0022047 0.00115805
0.460857 0.518892 0.522408 0.515377 0.130893 0.142232 0.119554 0.152336 0.00351558 0.0113391 0.00214881 0.00113414
0.464248 0.509669 0.513085 0.506253 0.127372 0.138429 0.116315 0.149907 0.00341584 0.0110569 0.0020942 0.0011106
0.467639 0.500508 0.503827 0.497189 0.123917 0.134697 0.113137 0.147507 0.00331875 0.0107804 0.00204083 0.00108744
0.47103 0.491411 0.494635 0.488186 0.120528 0.131038 0.110019 0.145136 0.00322422 0.0105095 0.00198867 0.00106465
0.47442 0.482378 0.485511 0.479246 0.117205 0.127449 0.106961 0.142793 0.0031322 0.0102442 0.00193771 0.00104221
0.477811 0.473412 0.476455 0.470369 0.113946 0.123931 0.103962 0.140477 0.00304261 0.00998441 0.0018879 0.00102013
0.481202 0.464513 0.467468 0.461557 0.110752 0.120482 0.101022 0.138189 0.00295539 0.00972993 0.00183922 0.000998398
0.484593 0.455681 0.458552 0.452811 0.107621 0.117102 0.0981404 0.135928 0.00287048 0.00948072 0.00179165 0.000977013
0.487984 0.446918 0.449706 0.444131 0.104554 0.11379 0.095317 0.133694 0.0027878 0.0092367 0.00174517 0.000955968
0.491375 0.438226 0.440933 0.435519 0.101549 0.110547 0.0925511 0.131485 0.0027073 0.00899776 0.00169973 0.000935259
0.494765 0.429604 0.432233 0.426975 0.0986058 0.10737 0.089842 0.129303 0.00262893 0.00876382 0.00165533 0.000914882
0.498156 0.421054 0.423607 0.418502 0.095724 0.104259 0.0871892 0.127146 0.00255262 0.0085348 0.00161194 0.000894831
0.501547 0.412577 0.415056 0.410099 0.092903 0.101214 0.0845924 0.125015 0.00247832 0.00831061 0.00156953 0.000875103
0.504938 0.404175 0.406581 0.401769 0.0901421 0.0982333 0.0820509 0.122908 0.00240598 0.00809116 0.00152808 0.000855693
0.508329 0.395847 0.398182 0.393511 0.0874406 0.095317 0.0795642 0.120826 0.00233555 0.00787638 0.00148758 0.000836596
0.51172 0.387595 0.389862 0.385328 0.084798 0.0924641 0.0771318 0.118769 0.00226697 0.00766619 0.00144799 0.000817809
0.51511 0.37942 0.38162 0.377219 0.0822133 0.0896737 0.0747528 0.116735 0.0022002 0.00746049 0.00140931 0.000799328
0.518501 0.371323 0.373458 0.369187 0.0796861 0.0869454 0.0724269 0.114725 0.00213518 0.00725923 0.0013715 0.000781149
0.521892 0.363304 0.365376 0.361232 0.0772159 0.0842782 0.0701536 0.112739 0.00207188 0.00706231 0.00133456 0.000763268
0.525283 0.355366 0.357376 0.353355 0.0748017 0.0816714 0.067932 0.110775 0.00201025 0.00686967 0.00129845 0.000745681
0.528674 0.347508 0.349458 0.345558 0.0724429 0.0791241 0.0657617 0.108835 0.00195025 0.00668122 0.00126317 0.000728384
0.532065 0.339732 0.341624 0.33784 0.0701391 0.076636 0.0636422 0.106917 0.00189182 0.0064969 0.0012287 0.000711374
0.535455 0.332038 0.333873 0.330203 0.0678891 0.0742057 0.0615724 0.105021 0.00183494 0.00631664 0.00119501 0.000694648
0.538846 0.324428 0.326208 0.322649 0.0656925 0.0718328 0.0595521 0.103148 0.00177957 0.00614035 0.00116209 0.000678201
0.542237 0.316903 0.318628 0.315177 0.0635486 0.0695166 0.0575806 0.101296 0.00172565 0.00596798 0.00112993 0.00066203
0.545628 0.309462 0.311135 0.307789 0.0614567 0.0672562 0.0556573 0.0994659 0.00167317 0.00579945 0.0010985 0.000646133
0.549019 0.302108 0.30373 0.300486 0.0594161 0.0650507 0.0537814 0.0976571 0.00162207 0.0056347 0.0010678 0.000630505
0.55241 0.29484 0.296413 0.293268 0.0574259 0.0628996 0.0519523 0.0958695 0.00157233 0.00547365 0.0010378 0.000615144
0.5558 0.287661 0.289185 0.286137 0.0554856 0.0608019 0.0501694 0.0941027 0.00152391 0.00531625 0.00100849 0.000600046
0.559191 0.280569 0.282046 0.279092 0.0535944 0.0587569 0.048432 0.0923566 0.00147678 0.00516242 0.000979861 0.000585208
0.562582 0.273567 0.274998 0.272136 0.0517516 0.0567637 0.0467395 0.090631 0.00143091 0.00501211 0.000951895 0.000570628
0.565973 0.266655 0.268041 0.265269 0.0499564 0.0548217 0.0450912 0.0889257 0.00138625 0.00486526 0.000924577 0.000556301
0.569364 0.259834 0.261176 0.258491 0.0482081 0.0529299 0.0434863 0.0872404 0.00134279 0.00472179 0.000897895 0.000542226
0.572755 0.253104 0.254404 0.251803 0.046506 0.0510877 0.0419244 0.0855751 0.0013005 0.00458165 0.000871835 0.0005284
0.576146 0.246466 0.247725 0.245206 0.0448494 0.0492941 0.0404046 0.0839294 0.00125933 0.00444478 0.000846384 0.000514819
0.579536 0.239921 0.24114 0.238701 0.0432374 0.0475485 0.0389263 0.0823033 0.00121927 0.00431112 0.00082153 0.00050148
0.582927 0.233468 0.234649 0.232288 0.0416694 0.0458501 0.0374888 0.0806965 0.0011803 0.00418061 0.000797261 0.000488382
0.586318 0.22711 0.228253 0.225968 0.0401447 0.0441979 0.0360915 0.0791088 0.00114237 0.0040532 0.000773564 0.000475521
0.589709 0.220846 0.221952 0.219741 0.0386624 0.0425912 0.0347336 0.0775402 0.00110547 0.00392882 0.000750428 0.000462894
0.5931 0.214677 0.215747 0.213608 0.0372219 0.0410294 0.0334145 0.0759904 0.00106956 0.00380743 0.000727841 0.000450499
0.596491 0.208604 0.209638 0.207569 0.0358225 0.0395114 0.0321335 0.0744594 0.00103464 0.00368897 0.000705793 0.000438334
0.599881 0.202626 0.203627 0.201625 0.0344633 0.0380367 0.0308899 0.0729469 0.00100066 0.00357338 0.000684273 0.000426396
0.603272 0.196744 0.197712 0.195777 0.0331436 0.0366042 0.029683 0.0714528 0.000967617 0.00346062 0.000663269 0.000414681
0.606663 0.190959 0.191895 0.190024 0.0318628 0.0352134 0.0285122 0.0699769 0.000935477 0.00335063 0.000642772 0.000403189
0.610054 0.185271 0.186176 0.184367 0.03062 0.0338634 0.0273767 0.0685192 0.00090422 0.00324335 0.000622771 0.000391915
0.613445 0.179681 0.180555 0.178807 0.0294146 0.0325534 0.0262759 0.0670795 0.000873826 0.00313874 0.000603256 0.000380859
0.616836 0.174188 0.175032 0.173343 0.0282458 0.0312826 0.0252091 0.0656576 0.000844272 0.00303675 0.000584219 0.000370017
0.620226 0.168792 0.169608 0.167976 0.0271129 0.0300503 0.0241756 0.0642536 0.00081554 0.00293733 0.000565648 0.000359387
0.623617 0.163494 0.164282 0.162707 0.0260152 0.0288557 0.0231748 0.0628671 0.000787608 0.00284043 0.000547535 0.000348967
0.627008 0.158295 0.159055 0.157535 0.024952 0.027698 0.0222059 0.0614982 0.000760457 0.002746 0.000529872 0.000338754
0.630399 0.153194 0.153928 0.15246 0.0239224 0.0265764 0.0212684 0.0601467 0.000734069 0.002654 0.000512648 0.000328746
0.63379 0.148191 0.148899 0.147482 0.0229259 0.0254903 0.0203615 0.0588125 0.000708426 0.00256438 0.000495855 0.00031894
0.637181 0.143286 0.143969 0.142602 0.0219617 0.0244388 0.0194846 0.0574955 0.000683508 0.0024771 0.000479486 0.000309336
0.640571 0.138479 0.139138 0.13782 0.0210291 0.0234212 0.018637 0.0561956 0.000659299 0.0023921 0.000463531 0.000299929
0.643962 0.133771 0.134406 0.133135 0.0201274 0.0224367 0.017818 0.0549127 0.000635782 0.00230935 0.000447982 0.000290719
0.647353 0.12916 0.129773 0.128547 0.0192559 0.0214847 0.0170271 0.0536467 0.000612939 0.0022288 0.000432832 0.000281702
0.650744 0.124648 0.125239 0.124057 0.018414 0.0205644 0.0162636 0.0523976 0.000590755 0.00215041 0.000418072 0.000272876
0.654135 0.120233 0.120802 0.119664 0.0176008 0.019675 0.0155267 0.0511652 0.000569215 0.00207413 0.000403695 0.000264241
0.657526 0.115916 0.116464 0.115368 0.0168159 0.0188158 0.014816 0.0499494 0.000548302 0.00199993 0.000389693 0.000255792
0.660916 0.111696 0.112224 0.111168 0.0160584 0.0179862 0.0141307 0.0487503 0.000528001 0.00192777 0.00037606 0.000247528
0.664307 0.107573 0.108081 0.107065 0.0153278 0.0171854 0.0134702 0.0475676 0.000508297 0.0018576 0.000362787 0.000239447
0.667698 0.103546 0.104036 0.103057 0.0146234 0.0164128 0.012834 0.0464014 0.000489178 0.00178938 0.000349868 0.000231547
0.671089 0.0996162 0.100087 0.0991456 0.0139444 0.0156675 0.0122213 0.0452515 0.000470627 0.00172308 0.000337295 0.000223825
0.67448 0.0957815 0.0962341 0.0953289 0.0132903 0.014949 0.0116317 0.0441179 0.000452632 0.00165865 0.000325063 0.00021628
0.677871 0.0920417 0.0924769 0.0916065 0.0126605 0.0142566 0.0110644 0.0430006 0.00043518 0.00159606 0.000313164 0.000208909
0.681261 0.0883968 0.0888151 0.0879786 0.0120542 0.0135895 0.010519 0.0418993 0.000418257 0.00153527 0.000301591 0.00020171
0.684652 0.0848458 0.0852477 0.084444 0.011471 0.0129472 0.00999472 0.0408142 0.00040185 0.00147624 0.000290339 0.000194682
0.688043 0.0813884 0.0817743 0.0810024 0.01091 0.012329 0.00949108 0.0397451 0.000385947 0.00141894 0.0002794 0.000187821
0.691434 0.0780235 0.078394 0.077653 0.0103709 0.0117342 0.00900753 0.0386919 0.000370536 0.00136333 0.000268769 0.000181126
0.694825 0.0747505 0.0751062 0.0743949 0.00985283 0.0111622 0.00854345 0.0376547 0.000355606 0.00130938 0.00025844 0.000174596
0.698216 0.0715689 0.07191 0.0712278 0.00935534 0.0106124 0.0080983 0.0366333 0.000341143 0.00125705 0.000248406 0.000168226
0.701606 0.0684775 0.0688046 0.0681504 0.00887785 0.0100841 0.00767155 0.0356276 0.000327138 0.0012063 0.000238662 0.000162017
0.704997 0.0654757 0.0657893 0.0651621 0.00841974 0.00957685 0.00726264 0.0346378 0.000313578 0.0011571 0.000229202 0.000155965
0.708388 0.0625627 0.0628632 0.0622622 0.00798046 0.00908989 0.00687103 0.0336635 0.000300454 0.00110943 0.000220019 0.000150069
0.711779 0.0597374 0.0600251 0.0594496 0.00755945 0.00862269 0.00649621 0.032705 0.000287754 0.00106324 0.000211109 0.000144326
0.71517 0.0569985 0.057274 0.0567231 0.00715616 0.00817466 0.00613766 0.0317619 0.000275468 0.0010185 0.000202466 0.000138734
0.718561 0.0543457 0.0546093 0.0540821 0.00677004 0.00774523 0.00579485 0.0308344 0.000263586 0.000975188 0.000194085 0.000133291
0.721951 0.0517774 0.0520295 0.0515253 0.00640057 0.00733384 0.00546731 0.0299224 0.000252097 0.000933264 0.00018596 0.000127996
0.725342 0.0492927 0.0495337 0.0490517 0.00604723 0.00693992 0.00515453 0.0290258 0.000240993 0.000892699 0.000178085 0.000122846
0.728733 0.0468904 0.0471207 0.0466602 0.00570948 0.00656294 0.00485601 0.0281445 0.000230264 0.000853462 0.000170456 0.000117839
0.732124 0.0445695 0.0447894 0.0443496 0.00538684 0.00620236 0.00457131 0.0272786 0.0002199 0.000815525 0.000163068 0.000112973
0.735515 0.0423286 0.0425385 0.0421187 0.00507881 0.00585766 0.00429995 0.0264279 0.000209892 0.000778856 0.000155915 0.000108246
0.738906 0.0401666 0.0403668 0.0399663 0.0047849 0.00552832 0.00404147 0.0255925 0.000200231 0.000743426 0.000148992 0.000103656
0.742296 0.0380822 0.0382731 0.0378912 0.00450463 0.00521384 0.00379542 0.0247722 0.000190909 0.000709208 0.000142296 9.92002e-05
0.745687 0.036074 0.0362559 0.0358921 0.00423754 0.00491371 0.00356137 0.023967 0.000181917 0.000676172 0.00013582 9.48774e-05
0.749078 0.0341408 0.034314 0.0339676 0.00398317 0.00462746 0.00333888 0.0231768 0.000173246 0.000644291 0.00012956 9.06852e-05
0.752469 0.0322812 0.0324461 0.0321163 0.00374107 0.00435461 0.00312754 0.0224017 0.000164889 0.000613537 0.000123511 8.66216e-05
0.75586 0.0304939 0.0306507 0.030337 0.0035108 0.00409469 0.00292692 0.0216415 0.000156836 0.000583883 0.000117669 8.26844e-05
0.759251 0.0287774 0.0289264 0.0286283 0.00329194 0.00384724 0.00273664 0.0208962 0.000149081 0.000555302 0.000112029 7.88716e-05
0.762641 0.0271302 0.0272718 0.0269886 0.00308405 0.00361182 0.00255629 0.0201658 0.000141615 0.000527767 0.000106586 7.51811e-05
0.766032 0.025551 0.0256854 0.0254166 0.00288674 0.003388 0.00238549 0.0194502 0.000134431 0.000501254 0.000101337 7.16108e-05
0.769423 0.0240383 0.0241658 0.0239108 0.0026996 0.00317533 0.00222386 0.0187492 0.000127522 0.000475736 9.62763e-05 6.81587e-05
0.772814 0.0225905 0.0227114 0.0224696 0.00252223 0.00297342 0.00207105 0.018063 0.00012088 0.000451188 9.14001e-05 6.48226e-05
0.776205 0.0212062 0.0213207 0.0210917 0.00235427 0.00278185 0.00192668 0.0173914 0.000114497 0.000427585 8.67041e-05 6.16005e-05
0.779596 0.0198838 0.0199922 0.0197755 0.00219532 0.00260022 0.00179042 0.0167343 0.000108368 0.000404903 8.21839e-05 5.84903e-05
0.782986 0.0186219 0.0187244 0.0185194 0.00204503 0.00242815 0.00166191 0.0160917 0.000102484 0.000383118 7.78355e-05 5.54899e-05
0.786377 0.0174187 0.0175156 0.0173219 0.00190305 0.00226526 0.00154084 0.0154635 9.68397e-05 0.000362206 7.36546e-05 5.25972e-05
0.789768 0.0162729 0.0163643 0.0161814 0.00176903 0.00211117 0.00142688 0.0148497 9.14277e-05 0.000342144 6.96373e-05 4.98102e-05
0.793159 0.0151827 0.015269 0.0150965 0.00164263 0.00196554 0.00131972 0.0142502 8.62418e-05 0.000322909 6.57795e-05 4.71267e-05
0.79655 0.0141467 0.014228 0.0140654 0.00152353 0.00182801 0.00121905 0.013665 8.12755e-05 0.000304478 6.20772e-05 4.45447e-05
0.799941 0.0131633 0.0132398 0.0130868 0.00141141 0.00169824 0.00112458 0.0130938 7.65225e-05 0.000286829 5.85265e-05 4.2062e-05
0.803332 0.0122308 0.0123028 0.0121588 0.00130596 0.0015759 0.00103602 0.0125368 7.19766e-05 0.00026994 5.51235e-05 3.96766e-05
0.806722 0.0113477 0.0114153 0.01128 0.00120688 0.00146067 0.000953096 0.0119937 6.76318e-05 0.000253789 5.18645e-05 3.73865e-05
0.810113 0.0105123 0.0105758 0.0104489 0.00111389 0.00135224 0.000875532 0.0114646 6.34821e-05 0.000238355 4.87455e-05 3.51894e-05
0.813504 0.00972323 0.00978275 0.00966371 0.00102669 0.0012503 0.00080307 0.0109493 5.95216e-05 0.000223617 4.57629e-05 3.30834e-05
0.816895 0.00897874 0.00903448 0.00892299 0.000945011 0.00115457 0.000735456 0.0104478 5.57447e-05 0.000209555 4.29129e-05 3.10663e-05
0.820286 0.0082773 0.00832945 0.00822516 0.000868594 0.00106474 0.000672446 0.00996 5.21457e-05 0.000196148 4.01919e-05 2.91362e-05
0.823677 0.00761736 0.00766608 0.00756864 0.000797179 0.000980555 0.000613802 0.00948575 4.8719e-05 0.000183377 3.75964e-05 2.72908e-05
0.827067 0.00699737 0.00704283 0.00695191 0.000730518 0.000901739 0.000559298 0.00902499 4.54593e-05 0.00017122 3.51226e-05 2.55282e-05
0.830458 0.00641577 0.00645813 0.00637341 0.000668371 0.000828031 0.00050871 0.00857764 4.23611e-05 0.000159661 3.27672e-05 2.38462e-05
0.833849 0.00587105 0.00591047 0.00583163 0.000610506 0.000759184 0.000461828 0.00814358 3.94193e-05 0.000148678 3.05266e-05 2.22428e-05
0.83724 0.00536168 0.00539831 0.00532505 0.0005567 0.000694954 0.000418446 0.00772274 3.66287e-05 0.000138254 2.83973e-05 2.0716e-05
0.840631 0.00488618 0.00492017 0.0048522 0.000506734 0.000635104 0.000378364 0.00731499 3.39841e-05 0.00012837 2.6376e-05 1.92637e-05
0.844022 0.00444306 0.00447454 0.00441158 0.000460402 0.00057941 0.000341394 0.00692023 3.14808e-05 0.000119008 2.44593e-05 1.78838e-05
0.847412 0.00403088 0.00405999 0.00400177 0.000417501 0.000527652 0.000307351 0.00653836 2.91137e-05 0.000110151 2.26439e-05 1.65743e-05
0.850803 0.00364819 0.00367506 0.00362131 0.00037784 0.000479619 0.00027606 0.00616925 2.6878e-05 0.00010178 2.09265e-05 1.53332e-05
0.854194 0.00329358 0.00331835 0.00326881 0.000341231 0.00043511 0.000247353 0.0058128 2.47692e-05 9.38782e-05 1.93038e-05 1.41584e-05
0.857585 0.00296567 0.00298845 0.00294289 0.000307497 0.000393926 0.000221067 0.00546887 2.27825e-05 8.64295e-05 1.77727e-05 1.30479e-05
0.860976 0.0026631 0.00268402 0.00264219 0.000276465 0.000355882 0.000197048 0.00513735 2.09134e-05 7.94167e-05 1.633e-05 1.19997e-05
0.864367 0.00238455 0.0024037 0.00236539 0.000247971 0.000320794 0.000175147 0.00481811 1.91574e-05 7.28235e-05 1.49725e-05 1.10118e-05
0.867757 0.0021287 0.00214621 0.00211119 0.000221856 0.00028849 0.000155222 0.00451101 1.75103e-05 6.6634e-05 1.36972e-05 1.00822e-05
0.871148 0.00189428 0.00191025 0.00187832 0.00019797 0.000258803 0.000137138 0.00421591 1.59675e-05 6.08323e-05 1.25011e-05 9.20895e-06
0.874539 0.00168007 0.00169459 0.00166554 0.000176169 0.000231572 0.000120766 0.00393268 1.45251e-05 5.5403e-05 1.13811e-05 8.39004e-06
0.87793 0.00148485 0.00149803 0.00147167 0.000156312 0.000206643 0.000105981 0.00366118 1.31787e-05 5.03308e-05 1.03343e-05 7.62353e-06
0.881321 0.00130744 0.00131937 0.00129552 0.000138269 0.00018387 9.26684e-05 0.00340124 1.19244e-05 4.56009e-05 9.35779e-06 6.90746e-06
0.884712 0.00114672 0.00115748 0.00113597 0.000121914 0.000163113 8.07154e-05 0.00315271 1.07582e-05 4.11986e-05 8.44862e-06 6.2399e-06
0.888102 0.00100158 0.00101126 0.000991904 0.000107126 0.000144236 7.00166e-05 0.00291545 9.67608e-06 3.71096e-05 7.60399e-06 5.61894e-06
0.891493 0.000870955 0.000879629 0.00086228 9.37919e-05 0.000127112 6.04722e-05 0.00268928 8.6743e-06 3.33197e-05 6.82109e-06 5.04267e-06
0.894884 0.000753812 0.000761561 0.000746063 8.18021e-05 0.000111617 5.1987e-05 0.00247403 7.74907e-06 2.98151e-05 6.09717e-06 4.5092e-06
0.898275 0.000649168 0.000656065 0.000642271 7.10544e-05 9.76367e-05 4.44721e-05 0.00226954 6.8967e-06 2.65823e-05 5.4295e-06 4.01666e-06
0.901666 0.000556067 0.000562181 0.000549953 6.14507e-05 8.50587e-05 3.78426e-05 0.00207562 6.11359e-06 2.3608e-05 4.81542e-06 3.56321e-06
0.905057 0.0004736 0.000478997 0.000468204 5.28985e-05 7.37778e-05 3.20192e-05 0.00189209 5.3962e-06 2.08793e-05 4.25229e-06 3.14699e-06
0.908447 0.000400892 0.000405633 0.000396151 4.53107e-05 6.3694e-05 2.69274e-05 0.00171875 4.74105e-06 1.83833e-05 3.73753e-06 2.76621e-06
0.911838 0.000337109 0.000341254 0.000332965 3.86048e-05 5.47125e-05 2.24971e-05 0.00155543 4.14477e-06 1.61077e-05 3.26858e-06 2.41906e-06
0.915229 0.000281459 0.000285063 0.000277855 3.27031e-05 4.67432e-05 1.86629e-05 0.00140191 3.60403e-06 1.40401e-05 2.84295e-06 2.10378e-06
0.91862 0.000233189 0.000236304 0.000230073 2.75324e-05 3.97013e-05 1.53636e-05 0.00125798 3.11558e-06 1.21688e-05 2.45817e-06 1.81861e-06
0.922011 0.000191583 0.00019426 0.000188907 2.30244e-05 3.35065e-05 1.25424e-05 0.00112344 2.67626e-06 1.04821e-05 2.11185e-06 1.56182e-06
0.925402 0.000155971 0.000158254 0.000153688 1.91148e-05 2.80833e-05 1.01463e-05 0.000998072 2.28297e-06 8.96851e-06 1.80161e-06 1.33172e-06
0.928792 0.000125717 0.00012765 0.000123785 1.57436e-05 2.33606e-05 8.12658e-06 0.000881638 1.93269e-06 7.61699e-06 1.52514e-06 1.12663e-06
0.932183 0.000100229 0.000101852 9.86066e-05 1.28547e-05 1.92714e-05 6.43803e-06 0.000773912 1.62246e-06 6.41668e-06 1.28017e-06 9.44903e-07
0.935574 7.89516e-05 8.0301e-05 7.76022e-05 1.03962e-05 1.57532e-05 5.03916e-06 0.000674652 1.34942e-06 5.35701e-06 1.06448e-06 7.84921e-07
0.938965 6.13692e-05 6.248e-05 6.02585e-05 8.31967e-06 1.27474e-05 3.89198e-06 0.000583612 1.11076e-06 4.42769e-06 8.75905e-07 6.45097e-07
0.942356 4.70048e-05 4.79086e-05 4.61011e-05 6.5805e-06 1.01992e-05 2.96181e-06 0.000500534 9.03763e-07 3.61869e-06 7.12328e-07 5.23874e-07
0.945747 3.54192e-05 3.6145e-05 3.46934e-05 5.13749e-06 8.05776e-06 2.21721e-06 0.000425155 7.25788e-07 2.92027e-06 5.71687e-07 4.19729e-07
0.949137 2.62101e-05 2.67844e-05 2.56358e-05 3.95277e-06 6.27575e-06 1.6298e-06 0.000357203 5.74269e-07 2.32297e-06 4.51973e-07 3.31176e-07
0.952528 1.90114e-05 1.94582e-05 1.85647e-05 2.99171e-06 4.80932e-06 1.1741e-06 0.000296394 4.4672e-07 1.81761e-06 3.51236e-07 2.56765e-07
0.955919 1.3493e-05 1.38338e-05 1.31523e-05 2.22273e-06 3.61803e-06 8.27429e-07 0.000242437 3.40738e-07 1.3953e-06 2.67584e-07 1.95085e-07
0.95931 9.35916e-06 9.61317e-06 9.10516e-06 1.6172e-06 2.66464e-06 5.69752e-07 0.000195027 2.54004e-07 1.04745e-06 1.99185e-07 1.44766e-07
0.962701 6.34797e-06 6.53225e-06 6.16369e-06 1.1493e-06 1.91505e-06 3.83552e-07 0.000153851 1.84284e-07 7.6575e-07 1.44272e-07 1.04485e-07
0.966092 4.23031e-06 4.35975e-06 4.10088e-06 7.95921e-07 1.33815e-06 2.53695e-07 0.000118581 1.29433e-07 5.42227e-07 1.01142e-07 7.29617e-08
0.969482 2.80903e-06 2.89643e-06 2.72163e-06 5.36523e-07 9.05731e-07 1.67315e-07 8.88779e-05 8.74002e-08 3.69208e-07 6.81627e-08 4.89691e-08
0.972873 1.91844e-06 1.97467e-06 1.86221e-06 3.53086e-07 5.92438e-07 1.13734e-07 6.43875e-05 5.62276e-08 2.39352e-07 4.37761e-08 3.13323e-08
0.976264 1.42473e-06 1.45879e-06 1.39067e-06 2.30084e-07 3.75747e-07 8.44207e-08 4.47434e-05 3.40591e-08 1.45663e-07 2.65005e-08 1.89339e-08
0.979655 1.22909e-06 1.24823e-06 1.20994e-06 1.54641e-07 2.36148e-07 7.3133e-08 2.95701e-05 1.91448e-08 8.15075e-08 1.49377e-08 1.07192e-08
0.983046 1.28047e-06 1.29032e-06 1.27062e-06 1.17283e-07 1.5792e-07 7.66459e-08 1.84983e-05 9.84693e-09 4.06372e-08 7.77794e-09 5.6998e-09
0.986437 1.63731e-06 1.64195e-06 1.63266e-06 1.15655e-07 1.32879e-07 9.84317e-08 1.12309e-05 4.64579e-09 1.72235e-08 3.80394e-09 2.95693e-09
0.989827 3.22233e-06 3.22445e-06 3.2202e-06 2.00031e-07 2.05931e-07 1.94131e-07 7.95217e-06 2.12684e-09 5.9001e-09 1.87531e-09 1.62179e-09
0.993218 9.90955e-06 9.90985e-06 9.90924e-06 5.99955e-07 6.02529e-07 5.97381e-07 3.09006e-05 3.03049e-10 2.57383e-09 1.52246e-10 0
4.01075e-314 inf inf inf inf inf inf 0.000515039 9.18455 0.608768 0.337009 0.0794094
