9.72476e-05 3.92303 4.26012 3.58594 1.53935 1.69995 1.37875 4.56945 0.337092 0.160604 0.0413186 0.0333924
0.0001 3.90218 4.239 3.56536 1.53132 1.69188 1.37076 4.5371 0.336822 0.160564 0.0411924 0.033179
0.00010283 3.88183 4.21838 3.54527 1.52349 1.68401 1.36296 4.50493 0.336553 0.160525 0.0410682 0.0329666
0.000105741 3.86443 4.20072 3.52815 1.51681 1.6773 1.35633 4.47291 0.336285 0.160487 0.0409457 0.0327552
0.000108734 3.84319 4.1792 3.50717 1.50863 1.66908 1.34818 4.44106 0.336017 0.16045 0.0408252 0.0325446
0.000111811 3.82204 4.15779 3.4863 1.50049 1.66091 1.34008 4.40937 0.335749 0.160415 0.0407065 0.032335
0.000114976 3.801 4.13648 3.46551 1.49239 1.65277 1.33201 4.37785 0.335481 0.16038 0.0405897 0.0321263
0.00011823 3.78005 4.11527 3.44484 1.48433 1.64468 1.32399 4.34649 0.335214 0.160347 0.0404748 0.0319185
0.000121576 3.75921 4.09415 3.42426 1.47631 1.63663 1.316 4.31529 0.334947 0.160314 0.0403619 0.0317116
0.000125017 3.73846 4.07314 3.40378 1.46833 1.62862 1.30805 4.28425 0.33468 0.160283 0.0402508 0.0315057
0.000128556 3.71781 4.05223 3.3834 1.46039 1.62065 1.30014 4.25338 0.334413 0.160252 0.0401416 0.0313006
0.000132194 3.69727 4.03142 3.36312 1.4525 1.61272 1.29227 4.22266 0.334147 0.160223 0.0400344 0.0310965
0.000135936 3.67682 4.0107 3.34294 1.44463 1.60483 1.28444 4.1921 0.333881 0.160194 0.039929 0.0308933
0.000139783 3.65647 3.99008 3.32285 1.43681 1.59698 1.27665 4.1617 0.333615 0.160167 0.0398256 0.0306909
0.000143739 3.63622 3.96957 3.30287 1.42903 1.58917 1.26889 4.13146 0.333349 0.16014 0.0397242 0.0304895
0.000147808 3.61606 3.94914 3.28298 1.42129 1.5814 1.26117 4.10137 0.333084 0.160115 0.0396247 0.030289
0.000151991 3.596 3.92882 3.26318 1.41358 1.57367 1.25349 4.07144 0.332818 0.16009 0.0395271 0.0300893
0.000156293 3.57604 3.90859 3.24349 1.40592 1.56598 1.24585 4.04167 0.332553 0.160067 0.0394316 0.0298906
0.000160717 3.55617 3.88846 3.22389 1.39829 1.55833 1.23825 4.01205 0.332287 0.160044 0.039338 0.0296928
0.000165265 3.5364 3.86842 3.20438 1.3907 1.55072 1.23068 3.98259 0.332022 0.160022 0.0392463 0.0294958
0.000169943 3.51673 3.84848 3.18497 1.38315 1.54315 1.22315 3.95328 0.331757 0.160002 0.0391567 0.0292998
0.000174753 3.49715 3.82864 3.16565 1.37564 1.53562 1.21566 3.92412 0.331491 0.159982 0.0390691 0.0291046
0.000179699 3.47766 3.80888 3.14643 1.36816 1.52813 1.2082 3.89512 0.331226 0.159963 0.0389834 0.0289103
0.000184785 3.45827 3.78923 3.12731 1.36073 1.52067 1.20078 3.86627 0.330961 0.159946 0.0388998 0.0287169
0.000190015 3.43897 3.76966 3.10827 1.35333 1.51326 1.1934 3.83757 0.330695 0.159929 0.0388182 0.0285244
0.000195393 3.41976 3.75019 3.08933 1.34596 1.50588 1.18605 3.80902 0.33043 0.159913 0.0387386 0.0283328
0.000200923 3.40065 3.73081 3.07048 1.33864 1.49854 1.17874 3.78062 0.330164 0.159898 0.038661 0.028142
0.00020661 3.38163 3.71152 3.05173 1.33135 1.49124 1.17147 3.75237 0.329898 0.159884 0.0385855 0.0279521
0.000212458 3.36269 3.69233 3.03306 1.3241 1.48397 1.16423 3.72427 0.329632 0.15987 0.0385121 0.0277631
0.000218471 3.34386 3.67323 3.0145 1.31689 1.47675 1.15703 3.69631 0.329366 0.159858 0.0384407 0.027575
0.000224655 3.32512 3.65422 2.99602 1.30971 1.46956 1.14986 3.66851 0.329099 0.159847 0.0383714 0.0273877
0.000231013 3.30646 3.63529 2.97763 1.30257 1.46241 1.14273 3.64085 0.328833 0.159836 0.0383041 0.0272013
0.000237551 3.2879 3.61646 2.95933 1.29547 1.45529 1.13564 3.61334 0.328566 0.159827 0.038239 0.0270158
0.000244275 3.26942 3.59772 2.94112 1.2884 1.44822 1.12858 3.58597 0.328298 0.159818 0.0381759 0.0268311
0.000251189 3.25104 3.57907 2.92301 1.28137 1.44118 1.12156 3.55875 0.328031 0.15981 0.0381149 0.0266473
0.000258298 3.23274 3.5605 2.90498 1.27437 1.43417 1.11457 3.53167 0.327763 0.159803 0.038056 0.0264643
0.000265609 3.21453 3.54203 2.88704 1.26741 1.42721 1.10761 3.50474 0.327494 0.159796 0.0379993 0.0262822
0.000273126 3.19642 3.52364 2.86919 1.26049 1.42028 1.1007 3.47795 0.327225 0.159791 0.0379446 0.026101
0.000280857 3.17839 3.50535 2.85144 1.2536 1.41338 1.09381 3.45131 0.326956 0.159786 0.0378922 0.0259206
0.000288806 3.16045 3.48713 2.83376 1.24674 1.40653 1.08696 3.4248 0.326686 0.159783 0.0378418 0.0257411
0.00029698 3.14259 3.46901 2.81618 1.23993 1.39971 1.08015 3.39844 0.326415 0.15978 0.0377936 0.0255624
0.000305386 3.12483 3.45097 2.79869 1.23314 1.39292 1.07337 3.37222 0.326144 0.159777 0.0377476 0.0253846
0.000314029 3.10715 3.43302 2.78127 1.22639 1.38617 1.06662 3.34614 0.325872 0.159776 0.0377037 0.0252076
0.000322917 3.08955 3.41515 2.76395 1.21968 1.37946 1.05991 3.3202 0.3256 0.159775 0.037662 0.0250315
0.000332057 3.07204 3.39737 2.74672 1.213 1.37278 1.05323 3.2944 0.325327 0.159776 0.0376225 0.0248562
0.000341455 3.05462 3.37968 2.72957 1.20636 1.36613 1.04658 3.26874 0.325053 0.159776 0.0375852 0.0246818
0.000351119 3.03728 3.36206 2.7125 1.19975 1.35953 1.03997 3.24321 0.324778 0.159778 0.0375501 0.0245082
0.000361057 3.02003 3.34453 2.69553 1.19317 1.35295 1.03339 3.21783 0.324503 0.15978 0.0375172 0.0243354
0.000371276 3.00286 3.32709 2.67864 1.18663 1.34642 1.02685 3.19258 0.324226 0.159784 0.0374865 0.0241635
0.000381784 2.98578 3.30973 2.66183 1.18012 1.33991 1.02034 3.16746 0.323949 0.159787 0.037458 0.0239924
0.00039259 2.96878 3.29245 2.64511 1.17365 1.33344 1.01386 3.14249 0.32367 0.159792 0.0374318 0.0238222
0.000403702 2.95186 3.27525 2.62847 1.16721 1.32701 1.00741 3.11765 0.323391 0.159797 0.0374078 0.0236528
0.000415128 2.93502 3.25813 2.61191 1.1608 1.32061 1.001 3.09294 0.323111 0.159803 0.0373861 0.0234842
0.000426877 2.91827 3.2411 2.59544 1.15443 1.31424 0.99462 3.06837 0.322829 0.159809 0.0373666 0.0233164
0.000438959 2.9016 3.22415 2.57906 1.14809 1.30791 0.988274 3.04393 0.322546 0.159817 0.0373494 0.0231495
0.000451383 2.88501 3.20728 2.56275 1.14178 1.30161 0.981959 3.01963 0.322263 0.159824 0.0373344 0.0229834
0.000464159 2.86851 3.19049 2.54653 1.13551 1.29534 0.975677 2.99545 0.321977 0.159833 0.0373218 0.0228182
0.000477296 2.85208 3.17377 2.53039 1.12927 1.28911 0.969427 2.97141 0.321691 0.159842 0.0373114 0.0226538
0.000490805 2.83573 3.15714 2.51433 1.12306 1.28291 0.963209 2.94751 0.321403 0.159852 0.0373033 0.0224901
0.000504697 2.81947 3.14059 2.49836 1.11688 1.27675 0.957023 2.92373 0.321114 0.159862 0.0372976 0.0223274
0.000518981 2.80329 3.12411 2.48246 1.11074 1.27061 0.950869 2.90008 0.320823 0.159873 0.0372941 0.0221654
0.00053367 2.78718 3.10771 2.46665 1.10463 1.26451 0.944746 2.87657 0.320531 0.159884 0.037293 0.0220042
0.000548775 2.77115 3.09139 2.45092 1.09855 1.25845 0.938655 2.85318 0.320237 0.159896 0.0372942 0.0218439
0.000564307 2.75521 3.07515 2.43526 1.0925 1.25241 0.932596 2.82992 0.319941 0.159909 0.0372977 0.0216844
0.000580278 2.73933 3.05898 2.41969 1.08649 1.24641 0.926568 2.80679 0.319644 0.159922 0.0373036 0.0215257
0.000596702 2.72354 3.04289 2.4042 1.08051 1.24044 0.920572 2.78379 0.319345 0.159935 0.0373118 0.0213678
0.000613591 2.70783 3.02688 2.38879 1.07455 1.2345 0.914606 2.76092 0.319044 0.159949 0.0373223 0.0212107
0.000630957 2.69219 3.01094 2.37345 1.06863 1.2286 0.908671 2.73817 0.318741 0.159963 0.0373353 0.0210545
0.000648815 2.67664 2.99507 2.3582 1.06275 1.22272 0.902768 2.71555 0.318436 0.159978 0.0373506 0.020899
0.000667179 2.66115 2.97928 2.34302 1.05689 1.21688 0.896895 2.69306 0.31813 0.159993 0.0373682 0.0207444
0.000686062 2.64575 2.96357 2.32792 1.05106 1.21107 0.891052 2.67069 0.317821 0.160009 0.0373882 0.0205906
0.00070548 2.63042 2.94793 2.31291 1.04527 1.20529 0.885241 2.64845 0.31751 0.160025 0.0374106 0.0204375
0.000725448 2.61516 2.93236 2.29796 1.0395 1.19954 0.87946 2.62633 0.317196 0.160042 0.0374354 0.0202853
0.00074598 2.59998 2.91686 2.2831 1.03377 1.19383 0.873708 2.60434 0.31688 0.160059 0.0374626 0.0201339
0.000767094 2.58487 2.90143 2.26831 1.02806 1.18814 0.867987 2.58246 0.316562 0.160076 0.0374922 0.0199833
0.000788805 2.56984 2.88608 2.2536 1.02239 1.18248 0.862297 2.56072 0.316241 0.160093 0.0375241 0.0198335
0.000811131 2.55488 2.8708 2.23897 1.01675 1.17686 0.856636 2.53909 0.315918 0.160111 0.0375585 0.0196845
0.000834088 2.54 2.85559 2.22441 1.01113 1.17126 0.851005 2.51759 0.315592 0.160129 0.0375953 0.0195363
0.000857696 2.52519 2.84045 2.20993 1.00555 1.1657 0.845404 2.49621 0.315263 0.160147 0.0376345 0.0193889
0.000881971 2.51045 2.82538 2.19552 0.999998 1.16016 0.839832 2.47495 0.314932 0.160166 0.0376761 0.0192423
0.000906934 2.49578 2.81038 2.18118 0.994475 1.15466 0.83429 2.45381 0.314598 0.160185 0.0377201 0.0190964
0.000932603 2.48119 2.79545 2.16693 0.988981 1.14918 0.828778 2.4328 0.31426 0.160204 0.0377665 0.0189514
0.000958999 2.46667 2.78059 2.15275 0.983517 1.14374 0.823294 2.4119 0.313919 0.160223 0.0378154 0.0188072
0.000986142 2.45222 2.76579 2.13864 0.978082 1.13832 0.81784 2.39112 0.313576 0.160242 0.0378666 0.0186637
0.00101405 2.43784 2.75106 2.12461 0.972676 1.13294 0.812415 2.37046 0.313229 0.160261 0.0379203 0.0185211
0.00104275 2.42353 2.73641 2.11065 0.967299 1.12758 0.807019 2.34992 0.312878 0.160281 0.0379764 0.0183792
0.00107227 2.40929 2.72181 2.09676 0.961952 1.12225 0.801652 2.3295 0.312524 0.1603 0.0380349 0.0182382
0.00110262 2.39512 2.70728 2.08295 0.956633 1.11695 0.796313 2.30919 0.312167 0.16032 0.0380959 0.0180979
0.00113382 2.38102 2.69282 2.06921 0.951342 1.11168 0.791003 2.28901 0.311805 0.160339 0.0381592 0.0179584
0.00116591 2.36699 2.67843 2.05555 0.94608 1.10644 0.785722 2.26894 0.31144 0.160359 0.0382249 0.0178197
0.00119891 2.35302 2.6641 2.04195 0.940847 1.10122 0.780469 2.24899 0.311071 0.160378 0.0382931 0.0176818
0.00123285 2.33913 2.64983 2.02843 0.935642 1.09604 0.775244 2.22915 0.310698 0.160397 0.0383637 0.0175446
0.00126774 2.3253 2.63562 2.01498 0.930465 1.09088 0.770048 2.20943 0.310321 0.160417 0.0384367 0.0174083
0.00130362 2.31154 2.62148 2.0016 0.925316 1.08575 0.76488 2.18982 0.30994 0.160436 0.0385121 0.0172727
0.00134052 2.29785 2.60741 1.9883 0.920194 1.08065 0.759739 2.17033 0.309554 0.160455 0.0385898 0.0171379
0.00137846 2.28423 2.59339 1.97507 0.915101 1.07557 0.754628 2.15095 0.309163 0.160473 0.03867 0.0170039
0.00141747 2.27067 2.57944 1.9619 0.910035 1.07053 0.749543 2.13169 0.308768 0.160492 0.0387525 0.0168706
0.00145759 2.25717 2.56554 1.94881 0.904996 1.06551 0.744486 2.11254 0.308369 0.16051 0.0388374 0.0167382
0.00149885 2.24375 2.55171 1.93578 0.899985 1.06051 0.739457 2.09351 0.307964 0.160528 0.0389247 0.0166064
0.00154127 2.23038 2.53794 1.92283 0.895001 1.05555 0.734456 2.07458 0.307554 0.160546 0.0390143 0.0164755
0.00158489 2.21709 2.52422 1.90995 0.890044 1.05061 0.729481 2.05577 0.307139 0.160563 0.0391063 0.0163454
0.00162975 2.20386 2.51057 1.89714 0.885114 1.04569 0.724535 2.03707 0.306719 0.160579 0.0392006 0.016216
0.00167588 2.19068 2.49698 1.88439 0.880211 1.04081 0.719615 2.01849 0.306294 0.160596 0.0392972 0.0160874
0.00172331 2.17758 2.48344 1.87171 0.875335 1.03595 0.714723 2.00001 0.305862 0.160612 0.0393961 0.0159595
0.00177209 2.16454 2.46996 1.85911 0.870485 1.03111 0.709858 1.98165 0.305426 0.160627 0.0394973 0.0158325
0.00182224 2.15156 2.45654 1.84657 0.865661 1.0263 0.705019 1.9634 0.304983 0.160641 0.0396008 0.0157062
0.00187382 2.13864 2.44317 1.8341 0.860863 1.02152 0.700208 1.94526 0.304534 0.160656 0.0397065 0.0155806
0.00192685 2.12578 2.42986 1.8217 0.856092 1.01676 0.695423 1.92722 0.304079 0.160669 0.0398145 0.0154558
0.00198139 2.11299 2.4166 1.80937 0.851346 1.01203 0.690665 1.9093 0.303617 0.160682 0.0399247 0.0153318
0.00203747 2.10025 2.4034 1.7971 0.846627 1.00732 0.685933 1.89149 0.303149 0.160693 0.0400372 0.0152085
0.00209514 2.08758 2.39026 1.78491 0.841933 1.00264 0.681228 1.87378 0.302675 0.160705 0.0401518 0.015086
0.00215443 2.07497 2.37716 1.77278 0.837264 0.997979 0.676549 1.85619 0.302193 0.160715 0.0402685 0.0149643
0.00221541 2.06242 2.36412 1.76071 0.832621 0.993345 0.671897 1.8387 0.301705 0.160724 0.0403874 0.0148433
0.00227812 2.04993 2.35114 1.74872 0.828004 0.988736 0.667271 1.82132 0.301209 0.160733 0.0405084 0.0147231
0.00234259 2.03749 2.3382 1.73678 0.823411 0.984151 0.662671 1.80405 0.300706 0.16074 0.0406315 0.0146036
0.0024089 2.02512 2.32531 1.72492 0.818843 0.979589 0.658097 1.78689 0.300195 0.160746 0.0407566 0.0144848
0.00247708 2.0128 2.31248 1.71313 0.814301 0.975052 0.653549 1.76983 0.299677 0.160751 0.0408838 0.0143669
0.00254719 2.00054 2.29969 1.70139 0.809783 0.970538 0.649027 1.75288 0.29915 0.160755 0.041013 0.0142496
0.00261928 1.98834 2.28696 1.68972 0.805289 0.966047 0.644531 1.73603 0.298616 0.160758 0.0411441 0.0141331
0.00269341 1.9762 2.27427 1.67812 0.80082 0.96158 0.64006 1.71929 0.298073 0.16076 0.0412771 0.0140174
0.00276965 1.96411 2.26163 1.66659 0.796375 0.957135 0.635615 1.70266 0.297521 0.16076 0.041412 0.0139024
0.00284804 1.95208 2.24904 1.65511 0.791955 0.952713 0.631196 1.68614 0.296961 0.160759 0.0415488 0.0137881
0.00292864 1.9401 2.23649 1.64371 0.787558 0.948314 0.626802 1.66971 0.296392 0.160756 0.0416874 0.0136746
0.00301153 1.92818 2.224 1.63237 0.783185 0.943937 0.622434 1.6534 0.295814 0.160752 0.0418278 0.0135618
0.00309677 1.91632 2.21154 1.62109 0.778836 0.939582 0.618091 1.63719 0.295226 0.160746 0.0419698 0.0134497
0.00318442 1.9045 2.19913 1.60988 0.774511 0.935249 0.613773 1.62108 0.294628 0.160738 0.0421136 0.0133384
0.00327455 1.89275 2.18677 1.59872 0.770208 0.930937 0.60948 1.60507 0.294021 0.160729 0.042259 0.0132278
0.00336723 1.88104 2.17445 1.58764 0.76593 0.926647 0.605212 1.58917 0.293404 0.160718 0.0424059 0.013118
0.00346253 1.86939 2.16217 1.57662 0.761674 0.922379 0.600969 1.57338 0.292776 0.160705 0.0425544 0.0130088
0.00356053 1.8578 2.14993 1.56566 0.757441 0.918131 0.596751 1.55768 0.292138 0.16069 0.0427043 0.0129004
0.00366131 1.84625 2.13774 1.55476 0.753231 0.913904 0.592558 1.54209 0.29149 0.160673 0.0428557 0.0127927
0.00376494 1.83476 2.12559 1.54393 0.749044 0.909697 0.58839 1.52661 0.29083 0.160654 0.0430084 0.0126858
0.0038715 1.82331 2.11347 1.53316 0.744879 0.905511 0.584246 1.51122 0.290158 0.160632 0.0431623 0.0125795
0.00398107 1.81192 2.1014 1.52245 0.740736 0.901345 0.580127 1.49594 0.289476 0.160609 0.0433175 0.012474
0.00409375 1.80058 2.08936 1.5118 0.736616 0.897199 0.576033 1.48076 0.288781 0.160583 0.0434739 0.0123692
0.00420962 1.78929 2.07737 1.50122 0.732518 0.893072 0.571963 1.46568 0.288075 0.160554 0.0436313 0.012265
0.00432876 1.77805 2.06541 1.49069 0.728441 0.888965 0.567918 1.4507 0.287356 0.160523 0.0437898 0.0121616
0.00445128 1.76686 2.05348 1.48023 0.724387 0.884876 0.563897 1.43583 0.286625 0.16049 0.0439492 0.0120589
0.00457727 1.75571 2.04159 1.46983 0.720353 0.880807 0.5599 1.42105 0.285881 0.160453 0.0441094 0.0119569
0.00470682 1.74462 2.02974 1.45949 0.716342 0.876756 0.555927 1.40638 0.285124 0.160414 0.0442704 0.0118557
0.00484003 1.73357 2.01792 1.44922 0.712351 0.872723 0.551979 1.3918 0.284353 0.160372 0.0444321 0.0117551
0.00497702 1.72257 2.00614 1.439 0.708381 0.868708 0.548054 1.37733 0.283569 0.160327 0.0445944 0.0116552
0.00511789 1.71162 1.99439 1.42885 0.704433 0.864711 0.544154 1.36296 0.28277 0.160279 0.0447572 0.0115559
0.00526274 1.70071 1.98267 1.41875 0.700505 0.860732 0.540277 1.34868 0.281958 0.160227 0.0449204 0.0114574
0.0054117 1.68985 1.97098 1.40872 0.696598 0.85677 0.536425 1.33451 0.281131 0.160173 0.0450839 0.0113596
0.00556486 1.67903 1.95932 1.39874 0.692711 0.852825 0.532596 1.32043 0.280289 0.160114 0.0452476 0.0112624
0.00572237 1.66826 1.94769 1.38883 0.688844 0.848897 0.528791 1.30646 0.279432 0.160053 0.0454114 0.0111659
0.00588433 1.65753 1.93609 1.37897 0.684997 0.844985 0.52501 1.29258 0.27856 0.159987 0.0455753 0.0110701
0.00605088 1.64685 1.92452 1.36918 0.681171 0.841089 0.521253 1.27881 0.277672 0.159918 0.045739 0.010975
0.00622213 1.63621 1.91298 1.35944 0.677364 0.837208 0.517519 1.26513 0.276768 0.159845 0.0459025 0.0108806
0.00639824 1.62562 1.90146 1.34977 0.673576 0.833344 0.513808 1.25155 0.275848 0.159768 0.0460656 0.0107868
0.00657933 1.61506 1.88997 1.34015 0.669808 0.829494 0.510122 1.23807 0.274911 0.159686 0.0462283 0.0106936
0.00676555 1.60455 1.87851 1.3306 0.666059 0.82566 0.506458 1.22468 0.273957 0.159601 0.0463903 0.0106011
0.00695704 1.59408 1.86707 1.3211 0.662329 0.821839 0.502818 1.21139 0.272986 0.159511 0.0465516 0.0105093
0.00715394 1.58366 1.85565 1.31166 0.658618 0.818034 0.499201 1.19821 0.271997 0.159416 0.0467121 0.0104181
0.00735642 1.57327 1.84426 1.30228 0.654925 0.814242 0.495607 1.18512 0.27099 0.159317 0.0468715 0.0103276
0.00756463 1.56292 1.83289 1.29296 0.65125 0.810463 0.492037 1.17212 0.269966 0.159213 0.0470298 0.0102377
0.00777874 1.55261 1.82154 1.28369 0.647594 0.806698 0.48849 1.15922 0.268922 0.159104 0.0471868 0.0101485
0.0079989 1.54235 1.8102 1.27449 0.643956 0.802946 0.484966 1.14643 0.26786 0.15899 0.0473424 0.0100598
0.0082253 1.53212 1.79889 1.26534 0.640336 0.799206 0.481465 1.13372 0.266778 0.15887 0.0474963 0.00997186
0.0084581 1.52193 1.7876 1.25625 0.636733 0.795478 0.477987 1.12112 0.265677 0.158746 0.0476485 0.00988449
0.00869749 1.51177 1.77633 1.24722 0.633148 0.791763 0.474532 1.10861 0.264556 0.158615 0.0477987 0.00979774
0.00894366 1.50166 1.76507 1.23824 0.62958 0.788059 0.4711 1.09619 0.263415 0.158479 0.0479468 0.00971161
0.00919679 1.49158 1.75383 1.22933 0.626029 0.784366 0.467691 1.08387 0.262254 0.158337 0.0480927 0.00962609
0.00945709 1.48154 1.74261 1.22047 0.622494 0.780683 0.464305 1.07165 0.261072 0.158189 0.0482361 0.00954116
0.00972476 1.47153 1.7314 1.21167 0.618977 0.777012 0.460942 1.05952 0.259868 0.158035 0.0483768 0.00945684
0.01 1.46156 1.72021 1.20292 0.615476 0.77335 0.457601 1.04749 0.258643 0.157874 0.0485148 0.00937311
0.010283 1.45163 1.70903 1.19423 0.61199 0.769697 0.454283 1.03556 0.257397 0.157707 0.0486497 0.00928997
0.0105741 1.44173 1.69786 1.1856 0.608521 0.766054 0.450988 1.02371 0.256128 0.157533 0.0487814 0.00920742
0.0108734 1.43187 1.6867 1.17703 0.605068 0.76242 0.447716 1.01197 0.254837 0.157352 0.0489097 0.00912544
0.0111811 1.42204 1.67556 1.16851 0.60163 0.758794 0.444466 1.00032 0.253523 0.157164 0.0490344 0.00904403
0.0114976 1.41224 1.66442 1.16005 0.598207 0.755176 0.441239 0.988758 0.252186 0.156969 0.0491552 0.0089632
0.011823 1.40247 1.6533 1.15165 0.5948 0.751566 0.438034 0.977295 0.250826 0.156766 0.0492721 0.00888292
0.0121576 1.39274 1.64219 1.1433 0.591407 0.747962 0.434851 0.965926 0.249442 0.156555 0.0493846 0.00880319
0.0125017 1.38304 1.63108 1.13501 0.588028 0.744365 0.431692 0.954651 0.248034 0.156337 0.0494927 0.00872402
0.0128556 1.37338 1.61998 1.12678 0.584665 0.740775 0.428554 0.943469 0.246602 0.15611 0.0495961 0.00864539
0.0132194 1.36374 1.60889 1.1186 0.581315 0.73719 0.425439 0.932381 0.245146 0.155875 0.0496946 0.00856729
0.0135936 1.35414 1.5978 1.11047 0.577979 0.733611 0.422347 0.921386 0.243665 0.155632 0.0497879 0.00848972
0.0139783 1.34457 1.58673 1.10241 0.574656 0.730036 0.419277 0.910485 0.242159 0.15538 0.0498758 0.00841268
0.0143739 1.33502 1.57565 1.0944 0.571347 0.726465 0.416228 0.899676 0.240627 0.155119 0.049958 0.00833615
0.0147808 1.32551 1.56458 1.08644 0.568051 0.722899 0.413203 0.888959 0.23907 0.154848 0.0500344 0.00826014
0.0151991 1.31603 1.55352 1.07854 0.564768 0.719336 0.4102 0.878335 0.237488 0.154568 0.0501046 0.00818463
0.0156293 1.30658 1.54246 1.0707 0.561497 0.715776 0.407218 0.867803 0.235879 0.154279 0.0501684 0.00810961
0.0160717 1.29716 1.5314 1.06291 0.558239 0.712218 0.404259 0.857363 0.234245 0.15398 0.0502256 0.00803508
0.0165265 1.28776 1.52035 1.05518 0.554993 0.708663 0.401323 0.847014 0.232583 0.15367 0.0502759 0.00796104
0.0169943 1.2784 1.50929 1.0475 0.551758 0.705108 0.398407 0.836758 0.230896 0.15335 0.0503191 0.00788746
0.0174753 1.26906 1.49824 1.03988 0.548535 0.701554 0.395515 0.826592 0.229181 0.15302 0.0503548 0.00781436
0.0179699 1.25975 1.48719 1.03231 0.545323 0.698001 0.392645 0.816517 0.22744 0.152678 0.0503829 0.00774171
0.0184785 1.25047 1.47615 1.0248 0.542122 0.694448 0.389796 0.806532 0.225672 0.152326 0.0504029 0.00766952
0.0190015 1.24122 1.4651 1.01735 0.538932 0.690894 0.38697 0.796638 0.223876 0.151962 0.0504148 0.00759777
0.0195393 1.232 1.45405 1.00995 0.535752 0.687338 0.384165 0.786834 0.222053 0.151586 0.0504182 0.00752646
0.0200923 1.2228 1.44301 1.0026 0.532582 0.683781 0.381383 0.77712 0.220203 0.151199 0.0504129 0.00745557
0.020661 1.21363 1.43196 0.995308 0.529421 0.68022 0.378622 0.767495 0.218325 0.150799 0.0503985 0.00738511
0.0212458 1.20449 1.42091 0.988072 0.52627 0.676657 0.375883 0.75796 0.21642 0.150387 0.0503748 0.00731505
0.0218471 1.19538 1.40987 0.98089 0.523128 0.673091 0.373166 0.748513 0.214488 0.149962 0.0503416 0.0072454
0.0224655 1.18629 1.39882 0.973763 0.519996 0.66952 0.370471 0.739155 0.212528 0.149524 0.0502985 0.00717615
0.0231013 1.17723 1.38777 0.966691 0.516871 0.665944 0.367798 0.729884 0.21054 0.149073 0.0502454 0.00710728
0.0237551 1.1682 1.37672 0.959674 0.513755 0.662363 0.365146 0.720702 0.208525 0.148608 0.0501819 0.0070388
0.0244275 1.15919 1.36568 0.952711 0.510646 0.658776 0.362516 0.711607 0.206483 0.14813 0.0501078 0.00697068
0.0251189 1.15022 1.35463 0.945803 0.507545 0.655182 0.359908 0.702599 0.204413 0.147637 0.0500227 0.00690292
0.0258298 1.14127 1.34358 0.938949 0.504451 0.651581 0.357321 0.693677 0.202317 0.14713 0.0499266 0.00683552
0.0265609 1.13234 1.33254 0.93215 0.501364 0.647972 0.354756 0.684842 0.200193 0.146608 0.049819 0.00676846
0.0273126 1.12345 1.32149 0.925404 0.498283 0.644354 0.352213 0.676092 0.198042 0.146071 0.0496999 0.00670173
0.0280857 1.11458 1.31044 0.918713 0.495209 0.640727 0.349691 0.667428 0.195865 0.145518 0.0495688 0.00663533
0.0288806 1.10574 1.2994 0.912077 0.49214 0.63709 0.34719 0.658849 0.193662 0.14495 0.0494256 0.00656925
0.029698 1.09693 1.28836 0.905495 0.489077 0.633443 0.344711 0.650354 0.191432 0.144366 0.0492701 0.00650347
0.0305386 1.08814 1.27732 0.898966 0.486018 0.629784 0.342253 0.641943 0.189177 0.143766 0.049102 0.00643799
0.0314029 1.07939 1.26629 0.892493 0.482965 0.626113 0.339816 0.633615 0.186896 0.143149 0.0489211 0.0063728
0.0322917 1.07066 1.25525 0.886073 0.479915 0.62243 0.3374 0.625371 0.184591 0.142515 0.0487273 0.00630789
0.0332057 1.06197 1.24423 0.879706 0.476869 0.618733 0.335005 0.617208 0.18226 0.141864 0.0485202 0.00624325
0.0341455 1.0533 1.23321 0.873394 0.473827 0.615023 0.332632 0.609128 0.179906 0.141196 0.0482998 0.00617887
0.0351119 1.04466 1.22219 0.867135 0.470788 0.611298 0.330279 0.601128 0.177528 0.140509 0.0480658 0.00611475
0.0361057 1.03606 1.21118 0.86093 0.467752 0.607557 0.327947 0.59321 0.175127 0.139805 0.0478181 0.00605087
0.0371276 1.02748 1.20019 0.854779 0.464718 0.6038 0.325636 0.585371 0.172704 0.139082 0.0475566 0.00598722
0.0381784 1.01894 1.1892 0.848681 0.461685 0.600026 0.323345 0.577611 0.170258 0.138341 0.047281 0.00592379
0.039259 1.01043 1.17822 0.842636 0.458655 0.596235 0.321075 0.569931 0.167792 0.13758 0.0469913 0.00586058
0.0403702 1.00195 1.16725 0.836646 0.455625 0.592425 0.318825 0.562328 0.165304 0.1368 0.0466874 0.00579757
0.0415128 0.993505 1.1563 0.830707 0.452596 0.588596 0.316595 0.554802 0.162798 0.136001 0.0463692 0.00573476
0.0426877 0.985094 1.14537 0.824822 0.449566 0.584748 0.314385 0.547353 0.160272 0.135182 0.0460366 0.00567214
0.0438959 0.976717 1.13445 0.81899 0.446537 0.580879 0.312194 0.53998 0.157728 0.134342 0.0456895 0.00560969
0.0451383 0.968377 1.12354 0.81321 0.443506 0.576988 0.310024 0.532682 0.155166 0.133482 0.0453279 0.00554741
0.0464159 0.960072 1.11266 0.807483 0.440474 0.573075 0.307873 0.525459 0.152589 0.132601 0.0449518 0.00548529
0.0477296 0.951805 1.1018 0.801809 0.437441 0.56914 0.305741 0.518308 0.149996 0.1317 0.0445612 0.00542332
0.0490805 0.943575 1.09096 0.796187 0.434405 0.565181 0.303628 0.511231 0.147389 0.130777 0.0441561 0.00536149
0.0504697 0.935384 1.08015 0.790616 0.431366 0.561198 0.301534 0.504225 0.144768 0.129832 0.0437366 0.0052998
0.0518981 0.927232 1.06937 0.785097 0.428323 0.557189 0.299458 0.49729 0.142135 0.128866 0.0433027 0.00523822
0.053367 0.91912 1.05861 0.779629 0.425277 0.553155 0.2974 0.490425 0.139491 0.127877 0.0428545 0.00517677
0.0548775 0.91105 1.04789 0.774213 0.422227 0.549093 0.29536 0.483629 0.136837 0.126867 0.0423921 0.00511542
0.0564307 0.903022 1.0372 0.768847 0.419171 0.545005 0.293337 0.476901 0.134174 0.125834 0.0419157 0.00505417
0.0580278 0.895037 1.02654 0.763532 0.416109 0.540887 0.291332 0.47024 0.131504 0.124778 0.0414253 0.00499301
0.0596702 0.887096 1.01592 0.758268 0.413042 0.536741 0.289343 0.463645 0.128828 0.123699 0.0409213 0.00493193
0.0613591 0.879199 1.00535 0.753052 0.409968 0.532565 0.28737 0.457115 0.126147 0.122597 0.0404039 0.00487092
0.0630957 0.871349 0.994811 0.747886 0.406886 0.528359 0.285414 0.450649 0.123462 0.121472 0.0398732 0.00480999
0.0648815 0.863544 0.98432 0.742769 0.403796 0.52412 0.283472 0.444247 0.120775 0.120324 0.0393295 0.00474912
0.0667179 0.855788 0.973876 0.7377 0.400698 0.51985 0.281545 0.437906 0.118088 0.119152 0.0387731 0.0046883
0.0686062 0.84808 0.963482 0.732679 0.397589 0.515546 0.279632 0.431625 0.115402 0.117957 0.0382044 0.00462753
0.070548 0.840422 0.953139 0.727704 0.394471 0.511209 0.277733 0.425405 0.112717 0.116738 0.0376237 0.0045668
0.0725448 0.832814 0.942851 0.722777 0.391341 0.506836 0.275847 0.419243 0.110037 0.115495 0.0370313 0.0045061
0.074598 0.825257 0.932619 0.717895 0.3882 0.502428 0.273972 0.413138 0.107362 0.114228 0.0364277 0.00444544
0.0767094 0.817751 0.922445 0.713057 0.385047 0.497984 0.272109 0.407089 0.104694 0.112937 0.0358133 0.0043848
0.0788805 0.810298 0.912333 0.708264 0.381879 0.493502 0.270256 0.401095 0.102035 0.111623 0.0351886 0.00432419
0.0811131 0.802899 0.902284 0.703514 0.378698 0.488983 0.268413 0.395154 0.099385 0.110285 0.034554 0.00426359
0.0834088 0.795553 0.8923 0.698805 0.375501 0.484424 0.266579 0.389266 0.0967473 0.108922 0.0339101 0.004203
0.0857696 0.788261 0.882384 0.694138 0.372288 0.479825 0.264752 0.38343 0.094123 0.107537 0.0332573 0.00414243
0.0881971 0.781024 0.872538 0.689511 0.369058 0.475186 0.262931 0.377643 0.0915136 0.106127 0.0325963 0.00408186
0.0906934 0.773842 0.862763 0.684922 0.36581 0.470504 0.261115 0.371905 0.0889207 0.104694 0.0319276 0.0040213
0.0932603 0.766716 0.853062 0.68037 0.362543 0.465781 0.259304 0.366214 0.0863461 0.103238 0.0312519 0.00396074
0.0958999 0.759645 0.843437 0.675854 0.359254 0.461013 0.257495 0.360569 0.0837914 0.101759 0.0305697 0.00390018
0.0986142 0.75263 0.833888 0.671371 0.355945 0.456202 0.255688 0.354969 0.0812582 0.100257 0.0298817 0.00383963
0.101405 0.745669 0.824417 0.666921 0.352612 0.451344 0.253879 0.349413 0.078748 0.0987325 0.0291887 0.00377908
0.104275 0.738764 0.815026 0.662501 0.349255 0.446441 0.252069 0.343899 0.0762626 0.0971857 0.0284912 0.00371854
0.107227 0.731913 0.805716 0.65811 0.345872 0.441489 0.250255 0.338426 0.0738033 0.0956171 0.0277899 0.00365801
0.110262 0.725115 0.796487 0.653743 0.342463 0.43649 0.248435 0.332993 0.0713719 0.0940271 0.0270857 0.00359748
0.113382 0.718371 0.787341 0.649401 0.339024 0.43144 0.246608 0.327599 0.0689698 0.0924162 0.0263792 0.00353697
0.116591 0.711679 0.778277 0.64508 0.335555 0.42634 0.24477 0.322242 0.0665985 0.0907848 0.0256711 0.00347648
0.119891 0.705036 0.769296 0.640777 0.332054 0.421187 0.24292 0.316921 0.0642594 0.0891335 0.0249623 0.00341601
0.123285 0.698443 0.760397 0.636489 0.328518 0.415981 0.241055 0.311635 0.0619541 0.0874629 0.0242535 0.00335557
0.126774 0.691896 0.75158 0.632213 0.324947 0.410721 0.239174 0.306382 0.0596839 0.0857737 0.0235454 0.00329517
0.130362 0.685394 0.742845 0.627944 0.321339 0.405405 0.237272 0.301163 0.0574501 0.0840666 0.0228389 0.00323481
0.134052 0.678935 0.734188 0.623681 0.317689 0.400032 0.235347 0.295975 0.0552539 0.0823422 0.0221346 0.00317451
0.137846 0.672514 0.725611 0.619417 0.313998 0.3946 0.233397 0.290818 0.0530967 0.0806015 0.0214335 0.00311428
0.141747 0.666129 0.717109 0.61515 0.310263 0.389108 0.231417 0.285691 0.0509796 0.0788453 0.0207361 0.00305411
0.145759 0.659777 0.708681 0.610874 0.306479 0.383554 0.229405 0.280593 0.0489037 0.0770745 0.0200434 0.00299404
0.149885 0.653453 0.700323 0.606583 0.302647 0.377937 0.227356 0.275522 0.04687 0.0752901 0.019356 0.00293407
0.154127 0.647153 0.692033 0.602274 0.298761 0.372254 0.225268 0.270479 0.0448795 0.0734932 0.0186747 0.00287421
0.158489 0.640872 0.683805 0.597939 0.29482 0.366505 0.223135 0.265462 0.0429333 0.0716849 0.0180002 0.00281448
0.162975 0.634603 0.675635 0.593571 0.290821 0.360687 0.220955 0.260471 0.041032 0.0698662 0.0173333 0.00275489
0.167588 0.628342 0.667519 0.589166 0.28676 0.354798 0.218721 0.255505 0.0391765 0.0680385 0.0166746 0.00269547
0.172331 0.622081 0.659449 0.584714 0.282634 0.348837 0.216431 0.250563 0.0373674 0.066203 0.0160249 0.00263623
0.177209 0.615814 0.651419 0.580208 0.27844 0.342801 0.214079 0.245646 0.0356054 0.0643611 0.0153847 0.00257719
0.182224 0.609531 0.643422 0.57564 0.274174 0.336688 0.21166 0.240752 0.033891 0.0625141 0.0147547 0.00251836
0.187382 0.603225 0.635449 0.571 0.269832 0.330496 0.209169 0.235883 0.0322247 0.0606635 0.0141356 0.00245978
0.192685 0.596885 0.627492 0.566279 0.265412 0.324223 0.206601 0.231036 0.0306069 0.0588108 0.0135278 0.00240145
0.198139 0.590503 0.619541 0.561465 0.260908 0.317865 0.20395 0.226213 0.0290377 0.0569576 0.012932 0.0023434
0.203747 0.584066 0.611584 0.556549 0.256316 0.311422 0.201211 0.221413 0.0275175 0.0551056 0.0123486 0.00228566
0.209514 0.577564 0.60361 0.551517 0.251634 0.30489 0.198378 0.216637 0.0260464 0.0532563 0.0117782 0.00222824
0.215443 0.570981 0.595606 0.546357 0.246857 0.298268 0.195445 0.211884 0.0246244 0.0514115 0.0112211 0.00217117
0.221541 0.564306 0.587558 0.541055 0.24198 0.291553 0.192407 0.207156 0.0232515 0.049573 0.0106778 0.00211447
0.227812 0.557523 0.579451 0.535596 0.237 0.284742 0.189257 0.202451 0.0219275 0.0477426 0.0101487 0.00205817
0.234259 0.550616 0.571268 0.529963 0.231912 0.277834 0.18599 0.197771 0.0206523 0.0459221 0.00963409 0.00200228
0.24089 0.543567 0.562992 0.524141 0.226714 0.270828 0.1826 0.193116 0.0194256 0.0441135 0.00913425 0.00194682
0.247708 0.536356 0.554603 0.518109 0.221401 0.26372 0.179082 0.188487 0.0182471 0.0423187 0.00864943 0.00189183
0.254719 0.528964 0.546081 0.511848 0.21597 0.256509 0.17543 0.183884 0.0171162 0.0405396 0.00817986 0.00183731
0.261928 0.521367 0.5374 0.505335 0.210417 0.249195 0.171639 0.179308 0.0160325 0.0387781 0.00772569 0.00178328
0.269341 0.513538 0.528534 0.498543 0.20474 0.241777 0.167704 0.17476 0.0149954 0.0370364 0.00728706 0.00172976
0.276965 0.505446 0.51945 0.491441 0.198936 0.234253 0.16362 0.170239 0.0140044 0.0353164 0.00686404 0.00167676
0.284804 0.497046 0.510105 0.483988 0.193002 0.226622 0.159382 0.165748 0.0130586 0.0336201 0.00645666 0.00162427
0.292864 0.488271 0.500428 0.476113 0.186933 0.218883 0.154984 0.161286 0.0121573 0.0319496 0.00606492 0.00157228
0.301153 0.47895 0.490249 0.46765 0.180714 0.211021 0.150408 0.156856 0.0112996 0.0303068 0.00568873 0.00152075
0.309677 0.467718 0.478203 0.457233 0.174189 0.202883 0.145495 0.152462 0.0104848 0.0286939 0.00532791 0.0014695
0.318442 0.456485 0.466672 0.446299 0.16935 0.19744 0.141259 0.150812 0.0101865 0.0280906 0.00519442 0.0014492
0.321833 0.453042 0.462939 0.443145 0.167001 0.194499 0.139503 0.149184 0.00989726 0.0274981 0.00506446 0.00142915
0.325224 0.449589 0.459206 0.439972 0.164662 0.191578 0.137745 0.147577 0.00961664 0.0269164 0.00493795 0.00140937
0.328614 0.446125 0.45547 0.436781 0.162331 0.188677 0.135986 0.14599 0.00934441 0.0263452 0.00481477 0.00138982
0.332005 0.44265 0.451731 0.43357 0.16001 0.185795 0.134226 0.144422 0.00908026 0.0257844 0.00469483 0.00137052
0.335396 0.439164 0.447988 0.43034 0.157699 0.182933 0.132465 0.142874 0.00882395 0.0252339 0.00457804 0.00135145
0.338787 0.435665 0.44424 0.42709 0.155398 0.180091 0.130704 0.141345 0.00857521 0.0246934 0.00446429 0.00133262
0.342178 0.432154 0.440487 0.42382 0.153106 0.177269 0.128943 0.139833 0.0083338 0.0241627 0.00435351 0.00131401
0.345569 0.42863 0.436729 0.42053 0.150824 0.174466 0.127182 0.13834 0.00809947 0.0236418 0.00424561 0.00129561
0.348959 0.425092 0.432964 0.41722 0.148553 0.171684 0.125423 0.136864 0.00787199 0.0231305 0.0041405 0.00127744
0.35235 0.421541 0.429192 0.41389 0.146293 0.168921 0.123664 0.135405 0.00765115 0.0226286 0.0040381 0.00125947
0.355741 0.417976 0.425413 0.410539 0.144043 0.166179 0.121907 0.133963 0.00743674 0.022136 0.00393834 0.00124171
0.359132 0.414397 0.421625 0.407168 0.141804 0.163457 0.120152 0.132537 0.00722853 0.0216525 0.00384113 0.00122415
0.362523 0.410803 0.417829 0.403777 0.139577 0.160755 0.118399 0.131126 0.00702635 0.021178 0.0037464 0.00120679
0.365914 0.407195 0.414025 0.400365 0.137361 0.158073 0.116648 0.129731 0.00682998 0.0207122 0.00365409 0.00118962
0.369305 0.403573 0.410212 0.396933 0.135156 0.155412 0.114901 0.128351 0.00663926 0.0202552 0.00356413 0.00117264
0.372695 0.399935 0.406389 0.393481 0.132964 0.152771 0.113158 0.126985 0.006454 0.0198066 0.00347644 0.00115585
0.376086 0.396283 0.402557 0.390009 0.130785 0.150151 0.111418 0.125633 0.00627404 0.0193665 0.00339096 0.00113924
0.379477 0.392617 0.398716 0.386518 0.128617 0.147552 0.109683 0.124296 0.00609919 0.0189346 0.00330763 0.0011228
0.382868 0.388935 0.394865 0.383006 0.126463 0.144974 0.107952 0.122971 0.00592931 0.0185109 0.00322639 0.00110654
0.386259 0.385239 0.391003 0.379475 0.124322 0.142417 0.106227 0.12166 0.00576424 0.0180951 0.00314717 0.00109045
0.38965 0.381528 0.387132 0.375924 0.122194 0.139881 0.104507 0.120361 0.00560383 0.0176872 0.00306993 0.00107453
0.39304 0.377802 0.38325 0.372354 0.12008 0.137367 0.102793 0.119075 0.00544794 0.017287 0.00299461 0.00105877
0.396431 0.374062 0.379358 0.368766 0.11798 0.134874 0.101085 0.117801 0.00529643 0.0168944 0.00292115 0.00104318
0.399822 0.370307 0.375456 0.365158 0.115894 0.132403 0.0993843 0.116538 0.00514916 0.0165093 0.0028495 0.00102774
0.403213 0.366539 0.371545 0.361533 0.113822 0.129954 0.0976908 0.115287 0.005006 0.0161316 0.00277961 0.00101246
0.406604 0.362756 0.367622 0.357889 0.111766 0.127527 0.0960048 0.114047 0.00486683 0.015761 0.00271143 0.000997336
0.409995 0.358959 0.363691 0.354228 0.109724 0.125122 0.0943267 0.112818 0.00473154 0.0153976 0.00264491 0.00098236
0.413385 0.355149 0.359749 0.350549 0.107698 0.122739 0.092657 0.111599 0.00459999 0.0150412 0.00258002 0.000967531
0.416776 0.351325 0.355797 0.346853 0.105688 0.120379 0.0909962 0.110391 0.00447208 0.0146916 0.00251669 0.000952849
0.420167 0.347489 0.351837 0.343141 0.103694 0.118042 0.0893447 0.109192 0.0043477 0.0143488 0.0024549 0.000938309
0.423558 0.34364 0.347867 0.339414 0.101715 0.115728 0.0877026 0.108003 0.00422674 0.0140127 0.0023946 0.000923911
0.426949 0.339779 0.343888 0.33567 0.0997533 0.113436 0.0860702 0.106823 0.0041091 0.013683 0.00233574 0.000909653
0.43034 0.335906 0.339901 0.331911 0.0978083 0.111168 0.0844484 0.105653 0.00399468 0.0133599 0.0022783 0.000895531
0.43373 0.332022 0.335905 0.328138 0.0958802 0.108923 0.0828372 0.104491 0.0038834 0.013043 0.00222222 0.000881544
0.437121 0.328126 0.331901 0.324351 0.0939695 0.106702 0.0812371 0.103338 0.00377514 0.0127323 0.00216748 0.000867691
0.440512 0.32422 0.32789 0.320551 0.0920763 0.104504 0.0796485 0.102193 0.00366984 0.0124278 0.00211404 0.00085397
0.443903 0.320305 0.323872 0.316737 0.090201 0.10233 0.0780717 0.101056 0.00356739 0.0121293 0.00206186 0.000840379
0.447294 0.316379 0.319847 0.312911 0.0883436 0.10018 0.076507 0.0999273 0.00346772 0.0118366 0.00201091 0.000826915
0.450685 0.312445 0.315815 0.309074 0.0865044 0.0980542 0.0749545 0.0988061 0.00337074 0.0115498 0.00196116 0.000813579
0.454075 0.308502 0.311778 0.305225 0.084684 0.0959527 0.0734153 0.0976923 0.00327638 0.0112687 0.00191257 0.000800369
0.457466 0.304551 0.307736 0.301367 0.0828822 0.0938754 0.0718889 0.0965857 0.00318456 0.0109932 0.00186512 0.000787282
0.460857 0.300593 0.303688 0.297498 0.0810994 0.0918226 0.0703761 0.0954862 0.00309521 0.0107232 0.00181878 0.000774319
0.464248 0.296629 0.299637 0.29362 0.0793358 0.0897945 0.0688771 0.0943934 0.00300826 0.0104587 0.00177351 0.000761477
0.467639 0.292658 0.295582 0.289734 0.0775916 0.0877911 0.0673922 0.0933073 0.00292364 0.0101995 0.0017293 0.000748755
0.47103 0.288682 0.291524 0.285841 0.0758671 0.0858127 0.0659216 0.0922276 0.00284128 0.00994553 0.0016861 0.000736154
0.47442 0.284702 0.287463 0.281941 0.0741625 0.0838592 0.0644657 0.0911542 0.00276112 0.00969672 0.0016439 0.00072367
0.477811 0.280718 0.283401 0.278035 0.0724778 0.0819308 0.0630248 0.0900868 0.00268309 0.00945298 0.00160267 0.000711305
0.481202 0.27673 0.279337 0.274123 0.0708134 0.0800276 0.0615992 0.0890254 0.00260714 0.00921422 0.00156239 0.000699056
0.484593 0.272741 0.275274 0.270207 0.0691693 0.0781497 0.060189 0.0879697 0.00253321 0.00898036 0.00152303 0.000686922
0.487984 0.268749 0.27121 0.266288 0.0675459 0.0762972 0.0587945 0.0869197 0.00246124 0.00875132 0.00148456 0.000674905
0.491375 0.264757 0.267148 0.262366 0.0659431 0.0744701 0.0574161 0.0858751 0.00239118 0.008527 0.00144698 0.000663001
0.494765 0.260765 0.263087 0.258442 0.0643613 0.0726686 0.0560539 0.0848359 0.00232297 0.00830734 0.00141024 0.000651212
0.498156 0.256773 0.259029 0.254516 0.0628004 0.0708927 0.0547082 0.0838018 0.00225656 0.00809225 0.00137435 0.000639535
0.501547 0.252783 0.254975 0.250591 0.0612607 0.0691424 0.0533791 0.0827729 0.00219191 0.00788165 0.00133926 0.000627972
0.504938 0.248796 0.250925 0.246667 0.0597423 0.0674178 0.0520668 0.0817488 0.00212896 0.00767548 0.00130497 0.00061652
0.508329 0.244812 0.246879 0.242744 0.0582453 0.065719 0.0507717 0.0807297 0.00206767 0.00747364 0.00127145 0.000605181
0.51172 0.240832 0.24284 0.238824 0.0567699 0.0640459 0.0494938 0.0797152 0.00200799 0.00727606 0.00123869 0.000593953
0.51511 0.236857 0.238807 0.234908 0.055316 0.0623987 0.0482333 0.0787054 0.00194988 0.00708268 0.00120666 0.000582836
0.518501 0.232889 0.234782 0.230996 0.0538838 0.0607772 0.0469904 0.0777002 0.0018933 0.00689342 0.00117535 0.00057183
0.521892 0.228927 0.230765 0.227089 0.0524734 0.0591817 0.0457652 0.0766994 0.0018382 0.00670821 0.00114475 0.000560934
0.525283 0.224974 0.226758 0.223189 0.0510849 0.0576119 0.0445579 0.075703 0.00178455 0.00652698 0.00111483 0.000550148
0.528674 0.221029 0.222761 0.219297 0.0497183 0.056068 0.0433686 0.0747109 0.0017323 0.00634966 0.00108558 0.000539473
0.532065 0.217095 0.218776 0.215413 0.0483737 0.0545498 0.0421975 0.073723 0.00168142 0.00617618 0.00105699 0.000528908
0.535455 0.21317 0.214802 0.211539 0.047051 0.0530575 0.0410445 0.0727394 0.00163188 0.00600647 0.00102903 0.000518452
0.538846 0.209259 0.210842 0.207675 0.0457504 0.0515909 0.0399099 0.0717598 0.00158364 0.00584048 0.0010017 0.000508106
0.542237 0.205359 0.206896 0.203823 0.0444719 0.05015 0.0387938 0.0707844 0.00153665 0.00567812 0.00097498 0.000497869
0.545628 0.201474 0.202965 0.199983 0.0432154 0.0487348 0.0376961 0.0698129 0.0014909 0.00551935 0.000948856 0.000487742
0.549019 0.197604 0.19905 0.196157 0.0419811 0.0473452 0.036617 0.0688455 0.00144635 0.0053641 0.000923315 0.000477725
0.55241 0.193749 0.195152 0.192346 0.0407687 0.045981 0.0355564 0.0678821 0.00140296 0.00521231 0.000898344 0.000467817
0.5558 0.189912 0.191272 0.188551 0.0395785 0.0446424 0.0345146 0.0669226 0.00136071 0.00506391 0.00087393 0.000458019
0.559191 0.186092 0.187412 0.184772 0.0384102 0.0433291 0.0334914 0.065967 0.00131957 0.00491884 0.000850062 0.00044833
0.562582 0.182291 0.183571 0.181012 0.037264 0.042041 0.0324869 0.0650154 0.00127951 0.00477705 0.000826726 0.00043875
0.565973 0.178511 0.179751 0.17727 0.0361397 0.0407781 0.0315012 0.0640677 0.0012405 0.00463848 0.000803913 0.000429281
0.569364 0.174751 0.175953 0.173548 0.0350372 0.0395403 0.0305342 0.0631239 0.00120251 0.00450308 0.00078161 0.000419921
0.572755 0.171013 0.172179 0.169848 0.0339566 0.0383274 0.0295859 0.062184 0.00116552 0.00437077 0.000759807 0.000410671
0.576146 0.167299 0.168429 0.16617 0.0328978 0.0371393 0.0286562 0.061248 0.0011295 0.00424152 0.000738492 0.000401531
0.579536 0.163609 0.164703 0.162514 0.0318606 0.0359758 0.0277453 0.060316 0.00109444 0.00411526 0.000717657 0.000392501
0.582927 0.159944 0.161004 0.158883 0.0308449 0.0348369 0.026853 0.0593879 0.00106029 0.00399195 0.00069729 0.000383581
0.586318 0.156305 0.157332 0.155278 0.0298507 0.0337222 0.0259792 0.0584639 0.00102705 0.00387152 0.000677381 0.000374771
0.589709 0.152693 0.153688 0.151699 0.0288779 0.0326318 0.0251239 0.0575438 0.000994687 0.00375393 0.000657923 0.000366072
0.5931 0.14911 0.150073 0.148147 0.0279263 0.0315654 0.0242871 0.0566278 0.000963181 0.00363912 0.000638905 0.000357483
0.596491 0.145556 0.146488 0.144623 0.0269958 0.0305228 0.0234687 0.055716 0.000932511 0.00352705 0.000620318 0.000349005
0.599881 0.142032 0.142935 0.14113 0.0260862 0.0295039 0.0226685 0.0548082 0.000902656 0.00341767 0.000602153 0.000340637
0.603272 0.13854 0.139414 0.137666 0.0251975 0.0285084 0.0218865 0.0539047 0.000873597 0.00331092 0.000584403 0.000332381
0.606663 0.13508 0.135925 0.134234 0.0243294 0.0275361 0.0211226 0.0530054 0.000845313 0.00320676 0.000567059 0.000324235
0.610054 0.131653 0.132471 0.130835 0.0234818 0.0265869 0.0203767 0.0521104 0.000817785 0.00310513 0.000550113 0.000316201
0.613445 0.12826 0.129051 0.127469 0.0226545 0.0256605 0.0196485 0.0512198 0.000790996 0.00300601 0.000533557 0.000308278
0.616836 0.124903 0.125668 0.124138 0.0218474 0.0247567 0.0189381 0.0503337 0.000764928 0.00290933 0.000517383 0.000300466
0.620226 0.121581 0.122321 0.120842 0.0210603 0.0238753 0.0182452 0.0494521 0.000739562 0.00281505 0.000501585 0.000292765
0.623617 0.118297 0.119012 0.117582 0.0202929 0.023016 0.0175697 0.048575 0.000714883 0.00272314 0.000486154 0.000285176
0.627008 0.11505 0.115741 0.11436 0.019545 0.0221786 0.0169115 0.0477026 0.000690873 0.00263353 0.000471084 0.000277699
0.630399 0.111843 0.11251 0.111175 0.0188166 0.0213628 0.0162704 0.046835 0.000667517 0.0025462 0.000456369 0.000270333
0.63379 0.108675 0.10932 0.10803 0.0181073 0.0205683 0.0156462 0.0459722 0.000644799 0.00246109 0.000442 0.000263079
0.637181 0.105547 0.10617 0.104925 0.0174169 0.019795 0.0150387 0.0451144 0.000622704 0.00237817 0.000427972 0.000255936
0.640571 0.102461 0.103062 0.10186 0.0167452 0.0190426 0.0144478 0.0442616 0.000601217 0.0022974 0.000414279 0.000248905
0.643962 0.0994169 0.0999972 0.0988366 0.016092 0.0183107 0.0138732 0.0434138 0.000580324 0.00221873 0.000400914 0.000241986
0.647353 0.0964157 0.0969757 0.0958557 0.015457 0.0175991 0.0133149 0.0425714 0.00056001 0.00214212 0.00038787 0.000235178
0.650744 0.0934583 0.0939985 0.092918 0.01484 0.0169075 0.0127724 0.0417342 0.000540262 0.00206754 0.000375143 0.000228482
0.654135 0.090545 0.0910661 0.090024 0.0142407 0.0162357 0.0122458 0.0409024 0.000521068 0.00199494 0.000362727 0.000221898
0.657526 0.0876768 0.0881792 0.0871744 0.013659 0.0155832 0.0117347 0.0400762 0.000502413 0.00192429 0.000350615 0.000215425
0.660916 0.0848543 0.0853386 0.08437 0.0130944 0.01495 0.0112389 0.0392556 0.000484285 0.00185555 0.000338802 0.000209063
0.664307 0.0820783 0.082545 0.0816116 0.0125469 0.0143355 0.0107582 0.0384408 0.000466672 0.00178868 0.000327283 0.000202813
0.667698 0.0793489 0.0797985 0.0788994 0.012016 0.0137397 0.0102924 0.0376318 0.000449562 0.00172364 0.000316052 0.000196673
0.671089 0.0766673 0.0771002 0.0762343 0.0115016 0.013162 0.00984119 0.0368288 0.000432944 0.0016604 0.000305104 0.000190645
0.67448 0.0740338 0.0744506 0.073617 0.0110033 0.0126022 0.00940439 0.0360319 0.000416805 0.00159893 0.000294434 0.000184727
0.677871 0.0714485 0.0718496 0.0710473 0.010521 0.0120601 0.00898177 0.0352412 0.000401135 0.00153918 0.000284038 0.000178919
0.681261 0.0689125 0.0692985 0.0685266 0.0100542 0.0115353 0.00857305 0.0344569 0.000385923 0.00148113 0.000273909 0.000173222
0.684652 0.0664258 0.066797 0.0660546 0.00960274 0.0110275 0.008178 0.0336789 0.000371158 0.00142474 0.000264044 0.000167634
0.688043 0.0639888 0.0643457 0.063632 0.00916634 0.0105363 0.00779637 0.0329076 0.00035683 0.00136997 0.000254438 0.000162157
0.691434 0.0616022 0.0619452 0.0612593 0.0087447 0.0100615 0.00742791 0.0321429 0.000342928 0.00131679 0.000245085 0.000156788
0.694825 0.0592661 0.0595955 0.0589366 0.00833753 0.00960271 0.00707235 0.0313851 0.000329444 0.00126518 0.000235982 0.000151528
0.698216 0.0569807 0.0572971 0.0566643 0.00794451 0.0091596 0.00672942 0.0306342 0.000316367 0.00121509 0.000227124 0.000146377
0.701606 0.0547464 0.0550501 0.0544428 0.00756541 0.00873191 0.00639891 0.0298903 0.000303688 0.0011665 0.000218507 0.000141334
0.704997 0.0525633 0.0528547 0.0522719 0.00719988 0.00831925 0.00608051 0.0291537 0.000291398 0.00111937 0.000210125 0.000136398
0.708388 0.0504316 0.0507111 0.0501521 0.00684767 0.00792135 0.00577399 0.0284243 0.000279487 0.00107368 0.000201976 0.00013157
0.711779 0.0483514 0.0486193 0.0480834 0.00650846 0.00753785 0.00547907 0.0277024 0.000267947 0.00102939 0.000194055 0.000126848
0.71517 0.0463227 0.0465795 0.046066 0.00618195 0.00716842 0.00519548 0.026988 0.000256769 0.000986471 0.000186357 0.000122232
0.718561 0.0443457 0.0445917 0.0440998 0.00586787 0.00681277 0.00492297 0.0262813 0.000245946 0.000944899 0.000178879 0.000117721
0.721951 0.0424203 0.0426558 0.0421848 0.00556591 0.00647055 0.00466127 0.0255823 0.000235467 0.000904642 0.000171616 0.000113316
0.725342 0.0405464 0.0407717 0.0403211 0.00527578 0.00614145 0.00441011 0.0248913 0.000225327 0.000865671 0.000164565 0.000109015
0.728733 0.038724 0.0389395 0.0385085 0.00499719 0.00582515 0.00416923 0.0242084 0.000215516 0.000827959 0.000157722 0.000104817
0.732124 0.036953 0.037159 0.0367469 0.00472984 0.00552132 0.00393837 0.0235336 0.000206026 0.000791477 0.000151083 0.000100722
0.735515 0.0352331 0.0354299 0.0350362 0.00447345 0.00522965 0.00371725 0.022867 0.000196851 0.000756198 0.000144644 9.67297e-05
0.738906 0.0335641 0.0337521 0.0333761 0.00422772 0.00494981 0.00350562 0.0222089 0.000187983 0.000722095 0.000138402 9.28384e-05
0.742296 0.0319458 0.0321252 0.0317664 0.00399236 0.00468151 0.00330322 0.0215592 0.000179415 0.000689141 0.000132352 8.90478e-05
0.745687 0.0303779 0.030549 0.0302067 0.0037671 0.00442441 0.00310979 0.0209182 0.000171139 0.00065731 0.000126491 8.53569e-05
0.749078 0.0288599 0.0290231 0.0286968 0.00355164 0.00417821 0.00292506 0.0202858 0.000163148 0.000626576 0.000120816 8.17649e-05
0.752469 0.0273917 0.0275471 0.0272362 0.0033457 0.00394261 0.00274878 0.0196623 0.000155436 0.000596914 0.000115323 7.8271e-05
0.75586 0.0259727 0.0261207 0.0258247 0.003149 0.0037173 0.0025807 0.0190478 0.000147996 0.000568298 0.000110008 7.48742e-05
0.759251 0.0246024 0.0247432 0.0244615 0.00296127 0.00350197 0.00242056 0.0184422 0.000140821 0.000540703 0.000104868 7.15736e-05
0.762641 0.0232803 0.0234142 0.0231464 0.00278222 0.00329633 0.00226812 0.0178459 0.000133904 0.000514106 9.98988e-05 6.83683e-05
0.766032 0.022006 0.0221332 0.0218787 0.0026116 0.00310008 0.00212311 0.0172587 0.00012724 0.000488481 9.50979e-05 6.52571e-05
0.769423 0.0207788 0.0208996 0.0206579 0.00244912 0.00291292 0.00198531 0.0166809 0.000120822 0.000463806 9.04616e-05 6.22391e-05
0.772814 0.0195981 0.0197127 0.0194834 0.00229452 0.00273458 0.00185446 0.0161125 0.000114644 0.000440057 8.59865e-05 5.93132e-05
0.776205 0.0184632 0.0185719 0.0183545 0.00214755 0.00256476 0.00173034 0.0155537 0.0001087 0.00041721 8.16693e-05 5.64784e-05
0.779596 0.0173735 0.0174765 0.0172705 0.00200793 0.00240318 0.00161269 0.0150044 0.000102984 0.000395243 7.75066e-05 5.37335e-05
0.782986 0.0163282 0.0164257 0.0162307 0.00187543 0.00224956 0.00150129 0.0144648 9.74895e-05 0.000374134 7.34952e-05 5.10773e-05
0.786377 0.0153266 0.0154188 0.0152344 0.00174978 0.00210364 0.00139592 0.013935 9.22118e-05 0.00035386 6.96319e-05 4.85087e-05
0.789768 0.014368 0.0144551 0.0142808 0.00163073 0.00196513 0.00129633 0.013415 8.71448e-05 0.0003344 6.59133e-05 4.60266e-05
0.793159 0.0134514 0.0135336 0.0133691 0.00151805 0.00183379 0.00120232 0.0129049 8.2283e-05 0.000315732 6.23364e-05 4.36296e-05
0.79655 0.012576 0.0126536 0.0124984 0.0014115 0.00170934 0.00111367 0.0124049 7.76209e-05 0.000297835 5.88979e-05 4.13165e-05
0.799941 0.011741 0.0118142 0.0116678 0.00131084 0.00159153 0.00103015 0.0119148 7.31532e-05 0.000280688 5.55947e-05 3.90861e-05
0.803332 0.0109455 0.0110144 0.0108766 0.00121584 0.00148011 0.000951573 0.0114349 6.88746e-05 0.00026427 5.24237e-05 3.6937e-05
0.806722 0.0101885 0.0102533 0.0101238 0.00112628 0.00137484 0.000877718 0.0109651 6.47799e-05 0.000248562 4.93818e-05 3.4868e-05
0.810113 0.00946918 0.00953005 0.00940832 0.00104193 0.00127547 0.000808387 0.0105055 6.08639e-05 0.000233544 4.64659e-05 3.28776e-05
0.813504 0.00878649 0.00884361 0.00872937 0.000962579 0.00118177 0.000743384 0.0100562 5.71217e-05 0.000219195 4.36729e-05 3.09646e-05
0.816895 0.00813948 0.00819303 0.00808593 0.000888011 0.00109351 0.000682514 0.00961719 5.35483e-05 0.000205496 4.09999e-05 2.91274e-05
0.820286 0.00752713 0.00757727 0.00747699 0.000818023 0.00101045 0.000625594 0.0091885 5.01388e-05 0.000192429 3.84437e-05 2.73648e-05
0.823677 0.00694844 0.00699533 0.00690155 0.000752409 0.000932383 0.000572435 0.00877019 4.68885e-05 0.000179974 3.60015e-05 2.56753e-05
0.827067 0.00640239 0.00644618 0.00635859 0.000690977 0.00085909 0.000522863 0.00836227 4.37924e-05 0.000168113 3.36703e-05 2.40574e-05
0.830458 0.00588795 0.0059288 0.0058471 0.000633528 0.000790357 0.0004767 0.00796477 4.08461e-05 0.000156828 3.1447e-05 2.25097e-05
0.833849 0.00540408 0.00544212 0.00536603 0.000579879 0.00072598 0.000433778 0.00757771 3.80449e-05 0.000146101 2.93288e-05 2.10306e-05
0.83724 0.00494971 0.00498509 0.00491432 0.000529845 0.000665759 0.000393932 0.00720109 3.53843e-05 0.000135914 2.73128e-05 1.96187e-05
0.840631 0.00452379 0.00455665 0.00449093 0.000483251 0.000609501 0.000357002 0.00683493 3.28599e-05 0.000126249 2.53961e-05 1.82725e-05
0.844022 0.00412525 0.00415572 0.00409479 0.000439923 0.000557014 0.000322833 0.00647922 3.04672e-05 0.00011709 2.35759e-05 1.69904e-05
0.847412 0.00375306 0.00378126 0.00372485 0.000399694 0.000508114 0.000291274 0.00613396 2.82019e-05 0.00010842 2.18492e-05 1.57708e-05
0.850803 0.00340613 0.00343219 0.00338007 0.000362402 0.000462624 0.00026218 0.00579914 2.60598e-05 0.000100222 2.02133e-05 1.46123e-05
0.854194 0.00308342 0.00310745 0.00305938 0.000327889 0.000420368 0.00023541 0.00547474 2.40367e-05 9.24791e-05 1.86654e-05 1.35133e-05
0.857585 0.00278386 0.00280599 0.00276173 0.000296003 0.000381179 0.000210827 0.00516074 2.21285e-05 8.51761e-05 1.72027e-05 1.2472e-05
0.860976 0.00250642 0.00252675 0.00248609 0.000266598 0.000344895 0.000188301 0.00485712 2.0331e-05 7.82969e-05 1.58224e-05 1.14871e-05
0.864367 0.00225006 0.0022687 0.00223142 0.00023953 0.000311356 0.000167704 0.00456383 1.86403e-05 7.18259e-05 1.45219e-05 1.05568e-05
0.867757 0.00201374 0.00203079 0.00199669 0.000214662 0.00028041 0.000148914 0.00428084 1.70524e-05 6.57478e-05 1.32984e-05 9.67954e-06
0.871148 0.00179646 0.00181202 0.00178089 0.000191863 0.000251911 0.000131816 0.0040081 1.55635e-05 6.00475e-05 1.21492e-05 8.85373e-06
0.874539 0.0015972 0.00161137 0.00158303 0.000171005 0.000225715 0.000116295 0.00374556 1.41697e-05 5.47102e-05 1.10716e-05 8.07773e-06
0.87793 0.001415 0.00142787 0.00140213 0.000151966 0.000201687 0.000102244 0.00349315 1.28673e-05 4.97214e-05 1.00631e-05 7.3499e-06
0.881321 0.00124887 0.00126052 0.00123722 0.000134627 0.000179694 8.95601e-05 0.00325082 1.16524e-05 4.50668e-05 9.12098e-06 6.66862e-06
0.884712 0.00109787 0.00110839 0.00108735 0.000118876 0.000159608 7.81439e-05 0.00301848 1.05216e-05 4.07322e-05 8.24269e-06 6.03226e-06
0.888102 0.000961073 0.000970544 0.000951602 0.000104606 0.00014131 6.79015e-05 0.00279606 9.47115e-06 3.6704e-05 7.42566e-06 5.43917e-06
0.891493 0.000837571 0.000846069 0.000829074 9.17114e-05 0.00012468 5.87429e-05 0.00258347 8.49757e-06 3.29685e-05 6.66735e-06 4.88773e-06
0.894884 0.000726482 0.00073408 0.000718885 8.0095e-05 0.000109607 5.05825e-05 0.00238062 7.59738e-06 2.95125e-05 5.96526e-06 4.3763e-06
0.898275 0.000626946 0.000633713 0.000620179 6.96617e-05 9.59845e-05 4.33389e-05 0.0021874 6.76717e-06 2.63228e-05 5.31691e-06 3.90324e-06
0.901666 0.000538135 0.000544139 0.000532131 6.03217e-05 8.37084e-05 3.69351e-05 0.0020037 6.00357e-06 2.33867e-05 4.71983e-06 3.46693e-06
0.905057 0.000459244 0.000464547 0.000453941 5.19897e-05 7.26812e-05 3.12982e-05 0.00182941 5.30329e-06 2.06915e-05 4.17161e-06 3.06575e-06
0.908447 0.000389497 0.00039416 0.000384834 4.45844e-05 6.28094e-05 2.63594e-05 0.0016644 4.66309e-06 1.8225e-05 3.66985e-06 2.69809e-06
0.911838 0.000328148 0.000332227 0.000324068 3.80288e-05 5.40039e-05 2.20537e-05 0.00150855 4.07978e-06 1.59751e-05 3.2122e-06 2.36232e-06
0.915229 0.000274482 0.000278032 0.000270931 3.22501e-05 4.618e-05 1.83202e-05 0.0013617 3.55024e-06 1.39299e-05 2.79632e-06 2.05687e-06
0.91862 0.000227814 0.000230885 0.000224743 2.71794e-05 3.92573e-05 1.51016e-05 0.00122372 3.07143e-06 1.20778e-05 2.41992e-06 1.78013e-06
0.922011 0.000187492 0.000190133 0.000184852 2.2752e-05 3.31596e-05 1.23444e-05 0.00109444 2.64032e-06 1.04076e-05 2.08074e-06 1.53053e-06
0.925402 0.000152896 0.00015515 0.000150642 1.89067e-05 2.78149e-05 9.99859e-06 0.000973701 2.25399e-06 8.90813e-06 1.77655e-06 1.30652e-06
0.928792 0.000123439 0.000125349 0.000121529 1.55864e-05 2.3155e-05 8.01792e-06 0.000861326 1.90956e-06 7.56851e-06 1.50516e-06 1.10654e-06
0.932183 9.85668e-05 0.000100171 9.69626e-05 1.27375e-05 1.91157e-05 6.35933e-06 0.000757133 1.60421e-06 6.37819e-06 1.26442e-06 9.29073e-07
0.935574 7.77595e-05 7.90947e-05 7.64243e-05 1.031e-05 1.56368e-05 4.98313e-06 0.000660928 1.3352e-06 5.32683e-06 1.05222e-06 7.72606e-07
0.938965 6.05307e-05 6.16305e-05 5.94309e-05 8.25719e-06 1.26615e-05 3.85285e-06 0.000572508 1.09984e-06 4.40434e-06 8.66503e-07 6.35651e-07
0.942356 4.64275e-05 4.7323e-05 4.5532e-05 6.53598e-06 1.01369e-05 2.93508e-06 0.00049166 8.95504e-07 3.6009e-06 7.0523e-07 5.16744e-07
0.945747 3.50313e-05 3.57509e-05 3.43116e-05 5.10634e-06 8.01329e-06 2.19938e-06 0.00041816 7.19654e-07 2.90695e-06 5.66424e-07 4.14444e-07
0.949137 2.59564e-05 2.65262e-05 2.53866e-05 3.93143e-06 6.24462e-06 1.61823e-06 0.000351774 5.69805e-07 2.31319e-06 4.48151e-07 3.27339e-07
0.952528 1.88507e-05 1.92943e-05 1.84072e-05 2.97743e-06 4.78802e-06 1.16683e-06 0.000292256 4.43547e-07 1.81059e-06 3.48525e-07 2.54044e-07
0.955919 1.33949e-05 1.37334e-05 1.30563e-05 2.21342e-06 3.60381e-06 8.23029e-07 0.000239346 3.38543e-07 1.39039e-06 2.65714e-07 1.93207e-07
0.95931 9.30175e-06 9.55428e-06 9.04922e-06 1.61132e-06 2.65544e-06 5.67203e-07 0.000192774 2.52533e-07 1.04412e-06 1.97936e-07 1.43513e-07
0.962701 6.31605e-06 6.49938e-06 6.13271e-06 1.14572e-06 1.9093e-06 3.8215e-07 0.000152254 1.83335e-07 7.63573e-07 1.43469e-07 1.03679e-07
0.966092 4.2136e-06 4.34245e-06 4.08475e-06 7.93834e-07 1.3347e-06 2.52969e-07 0.000117488 1.28849e-07 5.40865e-07 1.00649e-07 7.24681e-08
0.969482 2.80089e-06 2.88795e-06 2.71383e-06 5.35368e-07 9.03769e-07 1.66967e-07 8.81598e-05 8.70605e-08 3.68401e-07 6.7878e-08 4.86837e-08
0.972873 1.91479e-06 1.97083e-06 1.85875e-06 3.52486e-07 5.91392e-07 1.13581e-07 6.39397e-05 5.60436e-08 2.38906e-07 4.3623e-08 3.11788e-08
0.976264 1.42322e-06 1.45719e-06 1.38925e-06 2.29796e-07 3.75233e-07 8.43584e-08 4.44822e-05 3.39683e-08 1.45437e-07 2.64256e-08 1.88588e-08
0.979655 1.22846e-06 1.24757e-06 1.20936e-06 1.54513e-07 2.35919e-07 7.31074e-08 2.94304e-05 1.9105e-08 8.14059e-08 1.49052e-08 1.06866e-08
0.983046 1.28012e-06 1.28995e-06 1.27029e-06 1.1723e-07 1.57828e-07 7.66316e-08 1.84318e-05 9.83198e-09 4.05982e-08 7.76579e-09 5.68763e-09
0.986437 1.63696e-06 1.6416e-06 1.63232e-06 1.15629e-07 1.3284e-07 9.84171e-08 1.12033e-05 4.64087e-09 1.72114e-08 3.79986e-09 2.95284e-09
0.989827 3.22166e-06 3.22378e-06 3.21953e-06 2e-07 2.05896e-07 1.94103e-07 7.94083e-06 2.12504e-09 5.89694e-09 1.87366e-09 1.62014e-09
0.993218 9.9075e-06 9.9078e-06 9.90719e-06 5.99868e-07 6.02442e-07 5.97295e-07 3.08692e-05 3.03003e-10 2.57339e-09 1.52246e-10 -1.05879e-22
4.01075e-314 inf inf inf inf inf inf 0.00013408 4.56945 0.337092 0.160604 0.0413186
