9.72476e-05 3.10643 3.38366 2.82919 1.14231 1.26949 1.01512 3.8415 0.277233 0.127187 0.0354741 0.0279084
0.0001 3.09017 3.36735 2.81299 1.13648 1.26371 1.00926 3.81444 0.277181 0.127229 0.0353777 0.0277287
0.00010283 3.0743 3.35143 2.79717 1.13081 1.25808 1.00353 3.78752 0.277129 0.127273 0.0352829 0.0275497
0.000105741 3.06076 3.33784 2.78368 1.12598 1.25329 0.99866 3.76073 0.277077 0.127317 0.0351897 0.0273715
0.000108734 3.04419 3.32122 2.76717 1.12004 1.24741 0.992682 3.73407 0.277026 0.127363 0.0350981 0.027194
0.000111811 3.0277 3.30468 2.75073 1.11414 1.24155 0.986734 3.70755 0.276975 0.127409 0.0350083 0.0270173
0.000114976 3.01129 3.28822 2.73437 1.10827 1.23573 0.980813 3.68116 0.276924 0.127457 0.0349201 0.0268413
0.00011823 2.99496 3.27183 2.71809 1.10243 1.22993 0.974922 3.6549 0.276874 0.127506 0.0348335 0.026666
0.000121576 2.97871 3.25553 2.70188 1.09662 1.22417 0.969059 3.62877 0.276823 0.127556 0.0347486 0.0264915
0.000125017 2.96253 3.2393 2.68576 1.09083 1.21844 0.963225 3.60278 0.276773 0.127608 0.0346654 0.0263176
0.000128556 2.94643 3.22316 2.66971 1.08508 1.21274 0.957419 3.57692 0.276723 0.12766 0.0345839 0.0261445
0.000132194 2.93042 3.20709 2.65374 1.07936 1.20707 0.951642 3.55119 0.276674 0.127714 0.0345041 0.0259722
0.000135936 2.91447 3.1911 2.63785 1.07366 1.20143 0.945892 3.52558 0.276624 0.127768 0.034426 0.0258006
0.000139783 2.89861 3.17519 2.62204 1.06799 1.19582 0.94017 3.50011 0.276575 0.127824 0.0343496 0.0256297
0.000143739 2.88282 3.15935 2.6063 1.06236 1.19024 0.934477 3.47477 0.276526 0.127881 0.0342749 0.0254595
0.000147808 2.86711 3.14359 2.59064 1.05675 1.18469 0.928811 3.44955 0.276477 0.127939 0.0342019 0.02529
0.000151991 2.85148 3.1279 2.57505 1.05117 1.17917 0.923173 3.42446 0.276428 0.127998 0.0341307 0.0251213
0.000156293 2.83592 3.1123 2.55954 1.04562 1.17368 0.917563 3.3995 0.276379 0.128058 0.0340612 0.0249533
0.000160717 2.82043 3.09676 2.5441 1.0401 1.16822 0.91198 3.37467 0.27633 0.128119 0.0339935 0.024786
0.000165265 2.80502 3.0813 2.52874 1.0346 1.16279 0.906423 3.34996 0.276281 0.128182 0.0339275 0.0246194
0.000169943 2.78969 3.06592 2.51346 1.02914 1.15739 0.900896 3.32538 0.276233 0.128245 0.0338633 0.0244535
0.000174753 2.77443 3.05061 2.49825 1.0237 1.15201 0.895395 3.30092 0.276184 0.128309 0.0338009 0.0242884
0.000179699 2.75924 3.03538 2.48311 1.0183 1.14667 0.88992 3.27659 0.276135 0.128375 0.0337402 0.0241239
0.000184785 2.74413 3.02022 2.46804 1.01292 1.14136 0.884473 3.25238 0.276086 0.128442 0.0336813 0.0239602
0.000190015 2.72909 3.00513 2.45306 1.00756 1.13607 0.879052 3.2283 0.276038 0.128509 0.0336242 0.0237972
0.000195393 2.71413 2.99012 2.43814 1.00224 1.13082 0.873659 3.20434 0.275989 0.128578 0.033569 0.0236348
0.000200923 2.69924 2.97518 2.4233 0.99694 1.12559 0.868292 3.1805 0.27594 0.128648 0.0335155 0.0234732
0.00020661 2.68442 2.96031 2.40853 0.99167 1.12039 0.862951 3.15678 0.27589 0.128719 0.0334639 0.0233123
0.000212458 2.66967 2.94551 2.39383 0.986427 1.11522 0.857637 3.13319 0.275841 0.128791 0.0334141 0.0231521
0.000218471 2.655 2.93079 2.3792 0.981213 1.11008 0.852349 3.10972 0.275791 0.128864 0.0333661 0.0229926
0.000224655 2.64039 2.91613 2.36465 0.976025 1.10496 0.847088 3.08637 0.275742 0.128938 0.03332 0.0228338
0.000231013 2.62586 2.90155 2.35017 0.970865 1.09988 0.841852 3.06313 0.275692 0.129013 0.0332757 0.0226757
0.000237551 2.6114 2.88704 2.33576 0.965732 1.09482 0.836643 3.04002 0.275641 0.129089 0.0332334 0.0225183
0.000244275 2.59701 2.8726 2.32142 0.960625 1.08979 0.831459 3.01703 0.275591 0.129166 0.0331928 0.0223616
0.000251189 2.58269 2.85823 2.30715 0.955545 1.08479 0.826301 2.99416 0.27554 0.129244 0.0331542 0.0222055
0.000258298 2.56844 2.84393 2.29295 0.950492 1.07982 0.821169 2.9714 0.275489 0.129323 0.0331174 0.0220502
0.000265609 2.55426 2.8297 2.27882 0.945466 1.07487 0.816063 2.94876 0.275437 0.129403 0.0330826 0.0218956
0.000273126 2.54015 2.81554 2.26477 0.940465 1.06995 0.810981 2.92624 0.275385 0.129484 0.0330496 0.0217416
0.000280857 2.52611 2.80145 2.25078 0.935493 1.06506 0.805927 2.90384 0.275333 0.129566 0.0330186 0.0215884
0.000288806 2.51214 2.78742 2.23686 0.930545 1.06019 0.800896 2.88155 0.27528 0.129649 0.0329895 0.0214359
0.00029698 2.49824 2.77347 2.22301 0.925624 1.05536 0.795891 2.85938 0.275227 0.129733 0.0329623 0.021284
0.000305386 2.48441 2.75958 2.20923 0.920729 1.05055 0.790911 2.83732 0.275173 0.129818 0.0329371 0.0211328
0.000314029 2.47064 2.74576 2.19552 0.91586 1.04576 0.785956 2.81538 0.275118 0.129904 0.0329138 0.0209823
0.000322917 2.45694 2.732 2.18188 0.911016 1.04101 0.781026 2.79356 0.275063 0.129991 0.0328925 0.0208325
0.000332057 2.44331 2.71831 2.1683 0.906199 1.03628 0.776121 2.77185 0.275007 0.130078 0.0328732 0.0206834
0.000341455 2.42974 2.70469 2.15479 0.901408 1.03157 0.771241 2.75025 0.274951 0.130167 0.0328558 0.020535
0.000351119 2.41625 2.69114 2.14135 0.896641 1.0269 0.766384 2.72876 0.274894 0.130257 0.0328404 0.0203872
0.000361057 2.40282 2.67765 2.12798 0.8919 1.02225 0.761553 2.70739 0.274836 0.130347 0.0328271 0.0202401
0.000371276 2.38945 2.66423 2.11468 0.887185 1.01762 0.756747 2.68613 0.274777 0.130439 0.0328157 0.0200937
0.000381784 2.37615 2.65087 2.10144 0.882495 1.01303 0.751964 2.66498 0.274717 0.130531 0.0328063 0.019948
0.00039259 2.36292 2.63758 2.08827 0.87783 1.00845 0.747205 2.64394 0.274657 0.130624 0.032799 0.019803
0.000403702 2.34975 2.62435 2.07516 0.873189 1.00391 0.742471 2.62302 0.274596 0.130718 0.0327936 0.0196586
0.000415128 2.33665 2.61118 2.06212 0.868574 0.999387 0.737761 2.6022 0.274533 0.130813 0.0327904 0.019515
0.000426877 2.32361 2.59808 2.04914 0.863984 0.994893 0.733074 2.5815 0.27447 0.130909 0.0327891 0.0193719
0.000438959 2.31064 2.58505 2.03623 0.859418 0.990424 0.728412 2.5609 0.274406 0.131006 0.03279 0.0192296
0.000451383 2.29773 2.57207 2.02339 0.854877 0.98598 0.723773 2.54042 0.27434 0.131103 0.0327928 0.019088
0.000464159 2.28489 2.55916 2.01061 0.850361 0.981562 0.719159 2.52004 0.274273 0.131202 0.0327978 0.018947
0.000477296 2.2721 2.54631 1.9979 0.845869 0.97717 0.714568 2.49977 0.274206 0.131301 0.0328049 0.0188067
0.000490805 2.25938 2.53352 1.98525 0.8414 0.972801 0.71 2.47961 0.274137 0.131401 0.032814 0.0186671
0.000504697 2.24673 2.52079 1.97266 0.836957 0.968459 0.705455 2.45955 0.274066 0.131502 0.0328252 0.0185281
0.000518981 2.23414 2.50813 1.96014 0.832537 0.96414 0.700934 2.43961 0.273995 0.131603 0.0328385 0.0183898
0.00053367 2.2216 2.49552 1.94768 0.828142 0.959847 0.696436 2.41977 0.273921 0.131706 0.032854 0.0182522
0.000548775 2.20913 2.48298 1.93529 0.82377 0.955579 0.691961 2.40003 0.273847 0.131809 0.0328715 0.0181153
0.000564307 2.19673 2.4705 1.92296 0.819422 0.951335 0.68751 2.38041 0.273771 0.131912 0.0328912 0.017979
0.000580278 2.18438 2.45807 1.91069 0.815098 0.947115 0.683081 2.36089 0.273693 0.132017 0.032913 0.0178434
0.000596702 2.17209 2.44571 1.89848 0.810797 0.94292 0.678675 2.34147 0.273614 0.132122 0.032937 0.0177084
0.000613591 2.15987 2.43341 1.88634 0.806521 0.938749 0.674292 2.32216 0.273533 0.132228 0.0329631 0.0175742
0.000630957 2.14771 2.42116 1.87426 0.802266 0.934602 0.669931 2.30295 0.27345 0.132335 0.0329913 0.0174405
0.000648815 2.1356 2.40897 1.86224 0.798036 0.930479 0.665594 2.28384 0.273366 0.132442 0.0330217 0.0173076
0.000667179 2.12356 2.39684 1.85028 0.793829 0.92638 0.661279 2.26484 0.27328 0.132551 0.0330543 0.0171753
0.000686062 2.11158 2.38477 1.83839 0.789645 0.922304 0.656986 2.24595 0.273191 0.132659 0.0330891 0.0170437
0.00070548 2.09965 2.37275 1.82655 0.785483 0.918252 0.652715 2.22715 0.273101 0.132769 0.033126 0.0169128
0.000725448 2.08779 2.3608 1.81478 0.781346 0.914224 0.648467 2.20846 0.273009 0.132879 0.0331652 0.0167825
0.00074598 2.07598 2.3489 1.80307 0.77723 0.910219 0.64424 2.18987 0.272914 0.132989 0.0332065 0.0166529
0.000767094 2.06423 2.33705 1.79142 0.773137 0.906237 0.640037 2.17138 0.272817 0.1331 0.03325 0.0165239
0.000788805 2.05254 2.32526 1.77982 0.769067 0.902279 0.635855 2.15299 0.272718 0.133212 0.0332957 0.0163956
0.000811131 2.04091 2.31352 1.76829 0.765019 0.898344 0.631695 2.13471 0.272617 0.133324 0.0333436 0.016268
0.000834088 2.02933 2.30185 1.75682 0.760994 0.894431 0.627557 2.11652 0.272513 0.133437 0.0333938 0.016141
0.000857696 2.01782 2.29022 1.74541 0.756991 0.890541 0.62344 2.09844 0.272407 0.13355 0.0334461 0.0160147
0.000881971 2.00636 2.27865 1.73406 0.75301 0.886674 0.619346 2.08045 0.272298 0.133664 0.0335007 0.0158891
0.000906934 1.99495 2.26714 1.72276 0.749051 0.88283 0.615272 2.06256 0.272186 0.133779 0.0335575 0.0157641
0.000932603 1.9836 2.25567 1.71153 0.745114 0.879007 0.611221 2.04478 0.272072 0.133893 0.0336165 0.0156397
0.000958999 1.97231 2.24426 1.70035 0.741199 0.875208 0.60719 2.02709 0.271955 0.134009 0.0336777 0.0155161
0.000986142 1.96107 2.2329 1.68923 0.737306 0.87143 0.603182 2.0095 0.271834 0.134124 0.0337412 0.0153931
0.00101405 1.94989 2.2216 1.67818 0.733434 0.867675 0.599194 1.992 0.271711 0.13424 0.0338069 0.0152707
0.00104275 1.93876 2.21034 1.66718 0.729584 0.863941 0.595228 1.97461 0.271585 0.134357 0.0338748 0.015149
0.00107227 1.92769 2.19915 1.65623 0.725756 0.860229 0.591283 1.95731 0.271455 0.134473 0.033945 0.015028
0.00110262 1.91667 2.18799 1.64535 0.721949 0.856539 0.587358 1.94011 0.271322 0.13459 0.0340174 0.0149076
0.00113382 1.90571 2.17689 1.63452 0.718163 0.85287 0.583455 1.92301 0.271186 0.134708 0.0340921 0.0147879
0.00116591 1.8948 2.16584 1.62375 0.714398 0.849223 0.579572 1.906 0.271046 0.134825 0.034169 0.0146688
0.00119891 1.88394 2.15484 1.61304 0.710654 0.845597 0.575711 1.88909 0.270903 0.134943 0.0342481 0.0145504
0.00123285 1.87314 2.14389 1.60238 0.706931 0.841993 0.57187 1.87228 0.270756 0.135061 0.0343294 0.0144326
0.00126774 1.86239 2.13299 1.59178 0.703229 0.838409 0.56805 1.85556 0.270605 0.13518 0.034413 0.0143155
0.00130362 1.85169 2.12214 1.58124 0.699548 0.834847 0.56425 1.83893 0.27045 0.135298 0.0344988 0.0141991
0.00134052 1.84104 2.11133 1.57075 0.695888 0.831305 0.560471 1.8224 0.270291 0.135417 0.0345868 0.0140833
0.00137846 1.83045 2.10057 1.56032 0.692248 0.827784 0.556712 1.80596 0.270127 0.135536 0.0346771 0.0139682
0.00141747 1.8199 2.08986 1.54994 0.688628 0.824283 0.552974 1.78962 0.26996 0.135654 0.0347695 0.0138537
0.00145759 1.80941 2.0792 1.53962 0.685029 0.820802 0.549255 1.77338 0.269788 0.135773 0.0348642 0.0137398
0.00149885 1.79897 2.06858 1.52936 0.68145 0.817342 0.545557 1.75722 0.269611 0.135892 0.034961 0.0136267
0.00154127 1.78858 2.05801 1.51915 0.677891 0.813902 0.54188 1.74116 0.26943 0.136011 0.0350601 0.0135141
0.00158489 1.77823 2.04748 1.50899 0.674352 0.810482 0.538222 1.72519 0.269244 0.13613 0.0351613 0.0134023
0.00162975 1.76794 2.037 1.49889 0.670833 0.807082 0.534585 1.70932 0.269053 0.136249 0.0352647 0.013291
0.00167588 1.7577 2.02656 1.48884 0.667334 0.803702 0.530967 1.69354 0.268857 0.136368 0.0353703 0.0131805
0.00172331 1.74751 2.01617 1.47885 0.663855 0.800341 0.527369 1.67784 0.268656 0.136486 0.0354781 0.0130706
0.00177209 1.73737 2.00582 1.46892 0.660395 0.796999 0.523791 1.66225 0.26845 0.136604 0.035588 0.0129613
0.00182224 1.72727 1.99551 1.45903 0.656955 0.793677 0.520232 1.64674 0.268238 0.136722 0.0357 0.0128527
0.00187382 1.71722 1.98524 1.4492 0.653534 0.790374 0.516693 1.63132 0.26802 0.13684 0.0358141 0.0127447
0.00192685 1.70722 1.97502 1.43943 0.650131 0.787089 0.513174 1.616 0.267797 0.136958 0.0359304 0.0126374
0.00198139 1.69727 1.96484 1.4297 0.646749 0.783824 0.509674 1.60076 0.267567 0.137075 0.0360487 0.0125307
0.00203747 1.68736 1.9547 1.42003 0.643386 0.780578 0.506194 1.58562 0.267332 0.137192 0.0361691 0.0124247
0.00209514 1.67751 1.9446 1.41042 0.640041 0.777349 0.502733 1.57057 0.26709 0.137308 0.0362916 0.0123193
0.00215443 1.66769 1.93454 1.40085 0.636715 0.774139 0.499291 1.55561 0.266842 0.137424 0.036416 0.0122146
0.00221541 1.65793 1.92451 1.39134 0.633408 0.770948 0.495868 1.54073 0.266587 0.13754 0.0365426 0.0121105
0.00227812 1.64821 1.91453 1.38188 0.63012 0.767774 0.492465 1.52595 0.266326 0.137654 0.0366711 0.0120071
0.00234259 1.63853 1.90459 1.37247 0.626849 0.764618 0.489081 1.51125 0.266057 0.137769 0.0368015 0.0119043
0.0024089 1.6289 1.89468 1.36312 0.623598 0.76148 0.485716 1.49665 0.265782 0.137882 0.0369339 0.0118022
0.00247708 1.61932 1.88481 1.35382 0.620365 0.75836 0.48237 1.48213 0.265499 0.137995 0.0370683 0.0117007
0.00254719 1.60977 1.87498 1.34457 0.61715 0.755257 0.479042 1.4677 0.265209 0.138107 0.0372045 0.0115999
0.00261928 1.60028 1.86519 1.33537 0.613952 0.752171 0.475734 1.45337 0.264911 0.138219 0.0373425 0.0114997
0.00269341 1.59082 1.85543 1.32622 0.610773 0.749102 0.472444 1.43911 0.264605 0.138329 0.0374824 0.0114001
0.00276965 1.58141 1.8457 1.31712 0.607611 0.74605 0.469173 1.42495 0.264291 0.138438 0.0376241 0.0113012
0.00284804 1.57204 1.83601 1.30807 0.604468 0.743015 0.465921 1.41088 0.263969 0.138547 0.0377676 0.0112029
0.00292864 1.56272 1.82635 1.29908 0.601342 0.739996 0.462687 1.39689 0.263638 0.138654 0.0379128 0.0111053
0.00301153 1.55343 1.81673 1.29013 0.598232 0.736993 0.459472 1.38299 0.263299 0.138761 0.0380597 0.0110083
0.00309677 1.54419 1.80714 1.28124 0.595141 0.734007 0.456275 1.36917 0.262951 0.138866 0.0382082 0.0109119
0.00318442 1.53499 1.79758 1.27239 0.592067 0.731037 0.453097 1.35545 0.262594 0.13897 0.0383584 0.0108162
0.00327455 1.52583 1.78805 1.2636 0.58901 0.728082 0.449937 1.34181 0.262227 0.139073 0.0385101 0.0107211
0.00336723 1.51671 1.77856 1.25485 0.58597 0.725144 0.446796 1.32825 0.261851 0.139174 0.0386633 0.0106267
0.00346253 1.50763 1.76909 1.24616 0.582946 0.72222 0.443672 1.31479 0.261466 0.139274 0.038818 0.0105329
0.00356053 1.49858 1.75965 1.23751 0.579939 0.719311 0.440567 1.30141 0.26107 0.139372 0.0389741 0.0104397
0.00366131 1.48958 1.75025 1.22892 0.576949 0.716418 0.43748 1.28811 0.260664 0.139469 0.0391316 0.0103472
0.00376494 1.48062 1.74087 1.22037 0.573975 0.713539 0.434411 1.2749 0.260247 0.139564 0.0392904 0.0102553
0.0038715 1.4717 1.73152 1.21188 0.571018 0.710675 0.43136 1.26178 0.25982 0.139658 0.0394505 0.010164
0.00398107 1.46281 1.72219 1.20343 0.568076 0.707825 0.428327 1.24874 0.259382 0.139749 0.0396118 0.0100734
0.00409375 1.45396 1.71289 1.19503 0.565151 0.70499 0.425312 1.23579 0.258933 0.139839 0.0397742 0.0099834
0.00420962 1.44515 1.70362 1.18668 0.562242 0.702168 0.422315 1.22292 0.258472 0.139927 0.0399377 0.00989402
0.00432876 1.43638 1.69438 1.17838 0.559348 0.699361 0.419336 1.21014 0.258 0.140012 0.0401022 0.00980528
0.00445128 1.42764 1.68515 1.17012 0.55647 0.696566 0.416374 1.19744 0.257515 0.140096 0.0402676 0.00971715
0.00457727 1.41894 1.67596 1.16192 0.553608 0.693786 0.413431 1.18483 0.257019 0.140177 0.0404339 0.00962965
0.00470682 1.41027 1.66678 1.15376 0.550761 0.691018 0.410504 1.1723 0.25651 0.140257 0.0406011 0.00954278
0.00484003 1.40164 1.65763 1.14565 0.547929 0.688262 0.407596 1.15986 0.255988 0.140333 0.0407689 0.00945652
0.00497702 1.39304 1.64849 1.13759 0.545112 0.685519 0.404705 1.1475 0.255453 0.140407 0.0409373 0.00937089
0.00511789 1.38448 1.63938 1.12958 0.54231 0.682789 0.401831 1.13523 0.254904 0.140479 0.0411063 0.00928587
0.00526274 1.37595 1.63029 1.12161 0.539523 0.680071 0.398975 1.12303 0.254342 0.140548 0.0412758 0.00920148
0.0054117 1.36746 1.62122 1.11369 0.536751 0.677364 0.396137 1.11093 0.253766 0.140614 0.0414457 0.00911769
0.00556486 1.35899 1.61217 1.10582 0.533993 0.67467 0.393316 1.0989 0.253176 0.140677 0.0416158 0.00903453
0.00572237 1.35057 1.60314 1.09799 0.531249 0.671986 0.390511 1.08696 0.252572 0.140737 0.0417862 0.00895197
0.00588433 1.34217 1.59412 1.09022 0.528519 0.669313 0.387725 1.07511 0.251952 0.140794 0.0419566 0.00887002
0.00605088 1.3338 1.58512 1.08249 0.525804 0.666652 0.384955 1.06333 0.251318 0.140848 0.042127 0.00878868
0.00622213 1.32547 1.57614 1.0748 0.523102 0.664001 0.382204 1.05164 0.250668 0.140899 0.0422973 0.00870794
0.00639824 1.31717 1.56717 1.06716 0.520414 0.66136 0.379468 1.04004 0.250002 0.140946 0.0424673 0.00862781
0.00657933 1.30889 1.55821 1.05957 0.51774 0.658729 0.376751 1.02851 0.24932 0.140989 0.042637 0.00854828
0.00676555 1.30065 1.54927 1.05203 0.515079 0.656107 0.37405 1.01707 0.248622 0.141029 0.0428062 0.00846935
0.00695704 1.29244 1.54034 1.04453 0.51243 0.653495 0.371366 1.00572 0.247907 0.141065 0.0429749 0.00839102
0.00715394 1.28425 1.53143 1.03708 0.509796 0.650892 0.368699 0.994441 0.247175 0.141096 0.0431428 0.00831328
0.00735642 1.2761 1.52252 1.02967 0.507174 0.648298 0.366049 0.983249 0.246426 0.141124 0.0433099 0.00823612
0.00756463 1.26797 1.51363 1.02231 0.504564 0.645712 0.363417 0.972139 0.245659 0.141148 0.0434761 0.00815956
0.00777874 1.25987 1.50474 1.01499 0.501967 0.643134 0.3608 0.961111 0.244874 0.141167 0.0436411 0.00808359
0.0079989 1.2518 1.49587 1.00772 0.499383 0.640564 0.358201 0.950166 0.244071 0.141182 0.0438049 0.0080082
0.0082253 1.24375 1.487 1.0005 0.49681 0.638002 0.355619 0.939303 0.243249 0.141192 0.0439673 0.00793339
0.0084581 1.23573 1.47814 0.993323 0.49425 0.635446 0.353053 0.928522 0.242408 0.141197 0.0441281 0.00785916
0.00869749 1.22774 1.46929 0.98619 0.491701 0.632898 0.350504 0.917823 0.241548 0.141197 0.0442873 0.0077855
0.00894366 1.21977 1.46044 0.979103 0.489164 0.630356 0.347972 0.907206 0.240668 0.141192 0.0444446 0.00771241
0.00919679 1.21183 1.4516 0.97206 0.486639 0.62782 0.345457 0.896671 0.239769 0.141182 0.0445999 0.0076399
0.00945709 1.20391 1.44276 0.965062 0.484124 0.62529 0.342958 0.886218 0.238848 0.141166 0.044753 0.00756794
0.00972476 1.19602 1.43392 0.958109 0.48162 0.622765 0.340476 0.875846 0.237908 0.141145 0.0449037 0.00749655
0.01 1.18815 1.42509 0.951201 0.479128 0.620246 0.33801 0.865556 0.236946 0.141118 0.045052 0.00742572
0.010283 1.1803 1.41626 0.944337 0.476646 0.61773 0.335561 0.855348 0.235963 0.141085 0.0451975 0.00735543
0.0105741 1.17248 1.40743 0.937518 0.474174 0.615219 0.333128 0.84522 0.234958 0.141046 0.0453401 0.0072857
0.0108734 1.16467 1.39861 0.930744 0.471712 0.612712 0.330712 0.835174 0.233931 0.141 0.0454797 0.00721652
0.0111811 1.1569 1.38978 0.924014 0.469261 0.610209 0.328312 0.82521 0.232882 0.140948 0.045616 0.00714788
0.0114976 1.14914 1.38095 0.917329 0.466819 0.607708 0.325929 0.815326 0.23181 0.140889 0.0457489 0.00707978
0.011823 1.1414 1.37212 0.910688 0.464387 0.60521 0.323563 0.805523 0.230715 0.140824 0.045878 0.00701222
0.0121576 1.13369 1.36328 0.904091 0.461963 0.602715 0.321212 0.795801 0.229596 0.140751 0.0460034 0.00694518
0.0125017 1.12599 1.35445 0.897538 0.459549 0.600221 0.318878 0.78616 0.228455 0.140671 0.0461246 0.00687867
0.0128556 1.11832 1.34561 0.891029 0.457144 0.597728 0.31656 0.7766 0.227289 0.140584 0.0462416 0.00681268
0.0132194 1.11066 1.33676 0.884564 0.454747 0.595236 0.314258 0.76712 0.226099 0.140489 0.046354 0.0067472
0.0135936 1.10303 1.32791 0.878143 0.452359 0.592745 0.311973 0.757721 0.224884 0.140386 0.0464617 0.00668225
0.0139783 1.09541 1.31905 0.871766 0.449979 0.590254 0.309704 0.748402 0.223645 0.140275 0.0465645 0.00661779
0.0143739 1.08781 1.31019 0.865432 0.447607 0.587762 0.307452 0.739163 0.22238 0.140155 0.0466621 0.00655384
0.0147808 1.08023 1.30132 0.859143 0.445243 0.58527 0.305215 0.730005 0.22109 0.140027 0.0467543 0.00649039
0.0151991 1.07267 1.29244 0.852896 0.442885 0.582776 0.302995 0.720926 0.219774 0.13989 0.0468408 0.00642743
0.0156293 1.06513 1.28356 0.846693 0.440535 0.58028 0.300791 0.711928 0.218433 0.139745 0.0469215 0.00636496
0.0160717 1.0576 1.27466 0.840534 0.438192 0.577781 0.298603 0.703009 0.217065 0.139589 0.046996 0.00630297
0.0165265 1.05009 1.26576 0.834418 0.435856 0.57528 0.296431 0.69417 0.21567 0.139425 0.0470642 0.00624145
0.0169943 1.04259 1.25684 0.828345 0.433525 0.572776 0.294275 0.685411 0.214249 0.13925 0.0471258 0.00618041
0.0174753 1.03512 1.24792 0.822316 0.431201 0.570267 0.292136 0.676731 0.212802 0.139066 0.0471804 0.00611983
0.0179699 1.02766 1.23898 0.81633 0.428883 0.567754 0.290012 0.66813 0.211327 0.138871 0.047228 0.00605971
0.0184785 1.02021 1.23004 0.810387 0.42657 0.565236 0.287905 0.659608 0.209824 0.138666 0.0472682 0.00600004
0.0190015 1.01278 1.22108 0.804488 0.424263 0.562712 0.285813 0.651165 0.208295 0.13845 0.0473007 0.00594083
0.0195393 1.00537 1.21211 0.798631 0.42196 0.560183 0.283738 0.642801 0.206737 0.138222 0.0473253 0.00588205
0.0200923 0.997969 1.20312 0.792817 0.419662 0.557646 0.281679 0.634516 0.205152 0.137984 0.0473418 0.00582371
0.020661 0.990586 1.19412 0.787046 0.417369 0.555103 0.279635 0.626309 0.203539 0.137734 0.0473499 0.00576579
0.0212458 0.983217 1.18511 0.781318 0.41508 0.552551 0.277608 0.61818 0.201898 0.137472 0.0473493 0.0057083
0.0218471 0.975863 1.17609 0.775634 0.412794 0.549991 0.275596 0.610129 0.200229 0.137197 0.0473398 0.00565122
0.0224655 0.968524 1.16706 0.769992 0.410512 0.547422 0.273601 0.602156 0.198532 0.136911 0.0473211 0.00559456
0.0231013 0.961199 1.15801 0.764393 0.408232 0.544844 0.271621 0.59426 0.196806 0.136611 0.0472929 0.00553829
0.0237551 0.953889 1.14894 0.758836 0.405956 0.542255 0.269658 0.586442 0.195053 0.136299 0.0472549 0.00548242
0.0244275 0.946594 1.13987 0.753323 0.403683 0.539655 0.26771 0.578701 0.193271 0.135973 0.047207 0.00542694
0.0251189 0.939313 1.13077 0.747852 0.401411 0.537044 0.265778 0.571037 0.191461 0.135633 0.0471489 0.00537184
0.0258298 0.932047 1.12167 0.742424 0.399142 0.534421 0.263862 0.563449 0.189623 0.13528 0.0470803 0.00531712
0.0265609 0.924795 1.11255 0.737038 0.396873 0.531785 0.261962 0.555938 0.187757 0.134912 0.0470009 0.00526276
0.0273126 0.917559 1.10342 0.731696 0.394607 0.529136 0.260077 0.548503 0.185863 0.134529 0.0469106 0.00520876
0.0280857 0.910336 1.09428 0.726395 0.392341 0.526472 0.258209 0.541143 0.183941 0.134132 0.046809 0.00515511
0.0288806 0.903129 1.08512 0.721137 0.390075 0.523794 0.256356 0.533859 0.181992 0.133719 0.046696 0.0051018
0.029698 0.895937 1.07595 0.715922 0.38781 0.521101 0.254519 0.526651 0.180015 0.133291 0.0465712 0.00504884
0.0305386 0.88876 1.06677 0.710749 0.385544 0.518391 0.252697 0.519516 0.178012 0.132847 0.0464345 0.0049962
0.0314029 0.881599 1.05758 0.705619 0.383279 0.515665 0.250892 0.512457 0.175981 0.132387 0.0462857 0.00494388
0.0322917 0.874454 1.04838 0.700531 0.381012 0.512922 0.249102 0.505471 0.173924 0.13191 0.0461245 0.00489188
0.0332057 0.867325 1.03917 0.695485 0.378744 0.51016 0.247327 0.498559 0.17184 0.131416 0.0459507 0.00484018
0.0341455 0.860212 1.02994 0.690481 0.376474 0.507379 0.245568 0.49172 0.169731 0.130906 0.0457642 0.00478878
0.0351119 0.853116 1.02071 0.68552 0.374202 0.504579 0.243825 0.484954 0.167596 0.130377 0.0455647 0.00473767
0.0361057 0.846038 1.01147 0.680601 0.371928 0.501759 0.242097 0.47826 0.165436 0.129831 0.0453521 0.00468684
0.0371276 0.838977 1.00223 0.675725 0.369651 0.498918 0.240385 0.471639 0.163252 0.129267 0.0451262 0.00463629
0.0381784 0.831934 0.992978 0.67089 0.367372 0.496055 0.238688 0.465088 0.161044 0.128684 0.0448868 0.004586
0.039259 0.82491 0.983723 0.666098 0.365088 0.49317 0.237006 0.458609 0.158813 0.128082 0.0446339 0.00453596
0.0403702 0.817906 0.974464 0.661347 0.362801 0.490262 0.23534 0.4522 0.156558 0.127461 0.0443672 0.00448618
0.0415128 0.810921 0.965203 0.656639 0.36051 0.487331 0.233689 0.445861 0.154282 0.126821 0.0440867 0.00443663
0.0426877 0.803957 0.955941 0.651972 0.358213 0.484374 0.232053 0.439592 0.151984 0.126161 0.0437923 0.00438732
0.0438959 0.797014 0.94668 0.647347 0.355912 0.481392 0.230432 0.433391 0.149666 0.12548 0.043484 0.00433823
0.0451383 0.790093 0.937421 0.642765 0.353606 0.478385 0.228826 0.427259 0.147328 0.124779 0.0431615 0.00428936
0.0464159 0.783194 0.928165 0.638223 0.351293 0.475351 0.227235 0.421194 0.144971 0.124058 0.0428249 0.0042407
0.0477296 0.77632 0.918915 0.633724 0.348974 0.47229 0.225659 0.415196 0.142596 0.123315 0.0424742 0.00419223
0.0490805 0.769469 0.909672 0.629266 0.346649 0.4692 0.224098 0.409265 0.140203 0.122551 0.0421093 0.00414396
0.0504697 0.762643 0.900438 0.624848 0.344317 0.466082 0.222551 0.403399 0.137795 0.121765 0.0417304 0.00409587
0.0518981 0.755844 0.891215 0.620473 0.341976 0.462934 0.221019 0.397598 0.135371 0.120958 0.0413373 0.00404795
0.053367 0.749072 0.882005 0.616139 0.339629 0.459756 0.219501 0.391862 0.132933 0.120128 0.0409301 0.00400021
0.0548775 0.742327 0.87281 0.611845 0.337272 0.456547 0.217997 0.386189 0.130482 0.119275 0.040509 0.00395262
0.0564307 0.735612 0.863632 0.607593 0.334907 0.453307 0.216507 0.380578 0.128019 0.1184 0.040074 0.00390518
0.0580278 0.728926 0.854472 0.60338 0.332533 0.450034 0.215031 0.37503 0.125546 0.117501 0.0396253 0.00385789
0.0596702 0.722272 0.845334 0.599209 0.330149 0.446728 0.213569 0.369543 0.123063 0.11658 0.039163 0.00381073
0.0613591 0.715649 0.836221 0.595077 0.327755 0.443389 0.21212 0.364116 0.120572 0.115635 0.0386872 0.00376371
0.0630957 0.70906 0.827133 0.590987 0.32535 0.440016 0.210684 0.358749 0.118073 0.114666 0.0381983 0.00371681
0.0648815 0.702505 0.818074 0.586935 0.322935 0.436607 0.209262 0.35344 0.11557 0.113673 0.0376963 0.00367002
0.0667179 0.695984 0.809046 0.582923 0.320508 0.433163 0.207852 0.348189 0.113062 0.112656 0.0371816 0.00362334
0.0686062 0.689501 0.800052 0.57895 0.318068 0.429683 0.206454 0.342995 0.110551 0.111615 0.0366544 0.00357676
0.070548 0.683055 0.791093 0.575016 0.315617 0.426166 0.205068 0.337857 0.108039 0.110549 0.036115 0.00353028
0.0725448 0.676647 0.782174 0.57112 0.313153 0.422611 0.203694 0.332775 0.105527 0.109459 0.0355638 0.00348389
0.074598 0.670279 0.773296 0.567263 0.310675 0.419019 0.202332 0.327746 0.103016 0.108344 0.0350011 0.00343758
0.0767094 0.663952 0.764461 0.563443 0.308184 0.415388 0.20098 0.32277 0.100509 0.107204 0.0344274 0.00339136
0.0788805 0.657667 0.755673 0.55966 0.305678 0.411718 0.199639 0.317847 0.0980067 0.106039 0.0338429 0.0033452
0.0811131 0.651424 0.746935 0.555914 0.303157 0.408007 0.198308 0.312974 0.0955105 0.10485 0.0332483 0.00329912
0.0834088 0.645226 0.738248 0.552204 0.300621 0.404257 0.196986 0.308152 0.0930222 0.103636 0.0326438 0.0032531
0.0857696 0.639073 0.729616 0.548529 0.298069 0.400466 0.195673 0.303379 0.0905434 0.102396 0.0320301 0.00320714
0.0881971 0.632965 0.721041 0.544889 0.295501 0.396633 0.194369 0.298654 0.0880757 0.101132 0.0314076 0.00316124
0.0906934 0.626904 0.712525 0.541284 0.292916 0.392759 0.193072 0.293976 0.0856206 0.0998436 0.0307769 0.00311539
0.0932603 0.620891 0.704071 0.537711 0.290312 0.388843 0.191782 0.289344 0.08318 0.0985302 0.0301385 0.0030696
0.0958999 0.614926 0.695681 0.53417 0.287691 0.384883 0.190499 0.284758 0.0807553 0.0971924 0.0294931 0.00302385
0.0986142 0.60901 0.687358 0.530662 0.285051 0.380881 0.18922 0.280215 0.0783482 0.0958302 0.0288413 0.00297816
0.101405 0.603143 0.679104 0.527183 0.28239 0.376834 0.187947 0.275715 0.0759605 0.094444 0.0281836 0.00293251
0.104275 0.597327 0.67092 0.523733 0.27971 0.372744 0.186676 0.271257 0.0735935 0.0930339 0.0275208 0.00288691
0.107227 0.591561 0.66281 0.520312 0.277009 0.368609 0.185408 0.26684 0.071249 0.0916003 0.0268535 0.00284136
0.110262 0.585845 0.654774 0.516917 0.274286 0.364429 0.184142 0.262463 0.0689286 0.0901436 0.0261824 0.00279586
0.113382 0.580181 0.646814 0.513547 0.27154 0.360204 0.182876 0.258126 0.0666337 0.0886641 0.0255082 0.00275041
0.116591 0.574566 0.638932 0.5102 0.268771 0.355933 0.181608 0.253825 0.064366 0.0871623 0.0248317 0.00270501
0.119891 0.569003 0.63113 0.506876 0.265977 0.351616 0.180338 0.249562 0.062127 0.0856386 0.0241536 0.00265967
0.123285 0.563489 0.623407 0.503571 0.263158 0.347252 0.179065 0.245336 0.0599181 0.0840936 0.0234746 0.00261439
0.126774 0.558025 0.615766 0.500284 0.260313 0.342841 0.177785 0.241144 0.0577407 0.082528 0.0227954 0.00256918
0.130362 0.552609 0.608205 0.497013 0.25744 0.338383 0.176498 0.236987 0.0555963 0.0809422 0.0221169 0.00252403
0.134052 0.547241 0.600727 0.493755 0.254539 0.333876 0.175202 0.232863 0.0534862 0.0793371 0.0214399 0.00247896
0.137846 0.541919 0.593331 0.490507 0.251608 0.329321 0.173894 0.228772 0.0514117 0.0777134 0.020765 0.00243398
0.141747 0.536641 0.586015 0.487267 0.248645 0.324717 0.172574 0.224713 0.0493741 0.0760719 0.020093 0.00238909
0.145759 0.531406 0.578781 0.484032 0.245651 0.320064 0.171237 0.220685 0.0473745 0.0744135 0.0194248 0.0023443
0.149885 0.526211 0.571626 0.480797 0.242622 0.315361 0.169883 0.216688 0.0454141 0.0727392 0.018761 0.00229961
0.154127 0.521055 0.564549 0.477561 0.239557 0.310607 0.168508 0.212721 0.0434939 0.0710498 0.0181025 0.00225505
0.158489 0.515933 0.557548 0.474318 0.236456 0.305802 0.167109 0.208784 0.0416149 0.0693465 0.0174499 0.00221062
0.162975 0.510843 0.550621 0.471065 0.233315 0.300945 0.165684 0.204876 0.0397781 0.0676304 0.016804 0.00216633
0.167588 0.50578 0.543764 0.467795 0.230133 0.296036 0.16423 0.200997 0.0379843 0.0659027 0.0161656 0.00212219
0.172331 0.50074 0.536975 0.464506 0.226908 0.291072 0.162743 0.197146 0.0362344 0.0641646 0.0155353 0.00207823
0.177209 0.49572 0.530249 0.461191 0.223637 0.286054 0.161219 0.193323 0.0345289 0.0624174 0.0149137 0.00203444
0.182224 0.490712 0.523581 0.457843 0.220319 0.280981 0.159656 0.189529 0.0328686 0.0606626 0.0143017 0.00199085
0.187382 0.485712 0.516966 0.454458 0.21695 0.275852 0.158049 0.185762 0.031254 0.0589015 0.0136997 0.00194746
0.192685 0.480712 0.510398 0.451027 0.213529 0.270664 0.156393 0.182023 0.0296856 0.0571356 0.0131085 0.0019043
0.198139 0.475707 0.503871 0.447543 0.210052 0.265418 0.154685 0.178313 0.0281637 0.0553665 0.0125285 0.00186138
0.203747 0.470687 0.497375 0.443998 0.206516 0.260112 0.15292 0.174631 0.0266887 0.0535959 0.0119603 0.00181871
0.209514 0.465644 0.490904 0.440383 0.202918 0.254744 0.151093 0.170977 0.0252607 0.0518254 0.0114045 0.00177632
0.215443 0.460568 0.484448 0.436688 0.199256 0.249313 0.1492 0.167351 0.0238799 0.0500567 0.0108616 0.0017342
0.221541 0.455449 0.477996 0.432903 0.195526 0.243817 0.147234 0.163755 0.0225464 0.0482915 0.0103319 0.00169238
0.227812 0.450276 0.471536 0.429016 0.191723 0.238255 0.145192 0.160188 0.0212601 0.0465318 0.00981585 0.00165087
0.234259 0.445036 0.465057 0.425015 0.187846 0.232625 0.143066 0.156651 0.0200209 0.0447795 0.00931387 0.00160969
0.24089 0.439715 0.458543 0.420886 0.183889 0.226925 0.140853 0.153145 0.0188285 0.0430363 0.00882626 0.00156884
0.247708 0.434297 0.45198 0.416614 0.179849 0.221154 0.138545 0.149669 0.0176828 0.0413043 0.00835329 0.00152834
0.254719 0.428766 0.445349 0.412183 0.175723 0.215309 0.136138 0.146224 0.0165834 0.0395855 0.00789522 0.00148819
0.261928 0.423102 0.438632 0.407572 0.171506 0.209388 0.133624 0.142812 0.0155297 0.0378819 0.00745225 0.0014484
0.269341 0.417283 0.431805 0.402762 0.167195 0.20339 0.130999 0.139431 0.0145214 0.0361955 0.00702451 0.00140897
0.276965 0.411281 0.424838 0.397723 0.162784 0.197313 0.128256 0.136083 0.0135578 0.0345284 0.00661212 0.0013699
0.284804 0.405057 0.417696 0.392419 0.158269 0.191151 0.125386 0.132768 0.0126383 0.0328826 0.00621515 0.00133118
0.292864 0.398551 0.410313 0.386789 0.15364 0.1849 0.122379 0.129487 0.0117622 0.0312603 0.00583361 0.00129278
0.301153 0.391609 0.402538 0.380681 0.148874 0.178538 0.119211 0.12624 0.0109287 0.0296635 0.00546744 0.00125467
0.309677 0.383011 0.393148 0.372874 0.143767 0.171862 0.115673 0.12303 0.010137 0.0280944 0.00511652 0.00121668
0.318442 0.374126 0.383973 0.364278 0.139994 0.167501 0.112486 0.121828 0.00984745 0.0275072 0.00498698 0.00120159
0.321833 0.371594 0.381161 0.362027 0.138198 0.165129 0.111268 0.120643 0.00956668 0.0269306 0.00486092 0.00118668
0.325224 0.369054 0.378349 0.35976 0.136409 0.162773 0.110044 0.119475 0.00929436 0.0263642 0.00473824 0.00117194
0.328614 0.366507 0.375537 0.357476 0.134624 0.160432 0.108816 0.118323 0.00903021 0.0258079 0.00461884 0.00115738
0.332005 0.36395 0.372724 0.355176 0.132845 0.158107 0.107584 0.117186 0.00877395 0.0252616 0.00450263 0.00114297
0.335396 0.361384 0.369909 0.352858 0.131072 0.155797 0.106347 0.116064 0.00852533 0.0247251 0.00438952 0.00112872
0.338787 0.358807 0.367091 0.350523 0.129304 0.153502 0.105106 0.114956 0.00828409 0.0241983 0.0042794 0.00111463
0.342178 0.35622 0.36427 0.34817 0.127542 0.151223 0.103861 0.113863 0.00804999 0.023681 0.0041722 0.00110068
0.345569 0.353621 0.361444 0.345798 0.125785 0.148958 0.102612 0.112784 0.0078228 0.0231731 0.00406782 0.00108689
0.348959 0.351011 0.358614 0.343409 0.124034 0.146709 0.10136 0.111718 0.0076023 0.0226744 0.00396619 0.00107323
0.35235 0.348389 0.355777 0.341001 0.12229 0.144474 0.100105 0.110665 0.00738826 0.0221848 0.00386723 0.00105972
0.355741 0.345754 0.352935 0.338574 0.120551 0.142255 0.0988471 0.109624 0.00718049 0.0217041 0.00377085 0.00104634
0.359132 0.343107 0.350085 0.336128 0.118818 0.140051 0.0975863 0.108595 0.00697878 0.0212322 0.00367699 0.00103309
0.362523 0.340446 0.347229 0.333663 0.117093 0.137861 0.0963236 0.107579 0.00678293 0.0207689 0.00358557 0.00101996
0.365914 0.337771 0.344364 0.331179 0.115373 0.135687 0.0950586 0.106574 0.00659275 0.0203142 0.00349651 0.00100696
0.369305 0.335083 0.341491 0.328675 0.11366 0.133528 0.0937919 0.105579 0.00640808 0.0198678 0.00340976 0.000994088
0.372695 0.33238 0.338609 0.326151 0.111953 0.131383 0.0925236 0.104596 0.00622873 0.0194298 0.00332524 0.00098133
0.376086 0.329663 0.335718 0.323608 0.110254 0.129254 0.0912543 0.103623 0.00605453 0.0189998 0.00324289 0.000968687
0.379477 0.326931 0.332817 0.321046 0.108562 0.12714 0.0899842 0.102659 0.00588533 0.0185778 0.00316265 0.000956156
0.382868 0.324185 0.329906 0.318464 0.106877 0.125041 0.0887135 0.101706 0.00572097 0.0181637 0.00308445 0.000943734
0.386259 0.321423 0.326984 0.315862 0.1052 0.122957 0.0874427 0.100761 0.00556129 0.0177573 0.00300825 0.00093142
0.38965 0.318646 0.324053 0.31324 0.103531 0.120889 0.086172 0.0998261 0.00540615 0.0173586 0.00293397 0.00091921
0.39304 0.315854 0.32111 0.310599 0.101869 0.118836 0.0849016 0.0988995 0.0052554 0.0169673 0.00286157 0.000907102
0.396431 0.313047 0.318156 0.307938 0.100215 0.116799 0.0836319 0.0979811 0.00510892 0.0165834 0.00279099 0.000895093
0.399822 0.310225 0.315191 0.305258 0.0985703 0.114777 0.0823636 0.0970708 0.00496657 0.0162068 0.00272219 0.000883182
0.403213 0.307386 0.312215 0.302558 0.0969338 0.112771 0.0810965 0.0961682 0.00482823 0.0158373 0.0026551 0.000871365
0.406604 0.304533 0.309227 0.299839 0.0953061 0.110781 0.0798313 0.095273 0.00469377 0.0154748 0.00258969 0.000859642
0.409995 0.301664 0.306227 0.297101 0.0936874 0.108807 0.0785682 0.094385 0.00456306 0.0151192 0.0025259 0.000848011
0.413385 0.29878 0.303216 0.294344 0.0920781 0.106849 0.0773077 0.0935038 0.00443601 0.0147704 0.00246369 0.000836468
0.416776 0.29588 0.300193 0.291568 0.0904782 0.104907 0.0760499 0.0926291 0.0043125 0.0144283 0.00240302 0.000825013
0.420167 0.292966 0.297158 0.288773 0.0888879 0.102981 0.0747951 0.0917608 0.00419241 0.0140928 0.00234384 0.000813644
0.423558 0.290036 0.294112 0.28596 0.0873077 0.101071 0.0735439 0.0908984 0.00407566 0.0137637 0.00228611 0.00080236
0.426949 0.287091 0.291053 0.283129 0.0857376 0.0991787 0.0722966 0.0900419 0.00396213 0.0134411 0.00222979 0.000791158
0.43034 0.284132 0.287984 0.28028 0.0841779 0.0973025 0.0710533 0.0891908 0.00385173 0.0131246 0.00217484 0.000780038
0.43373 0.281158 0.284902 0.277414 0.0826289 0.0954433 0.0698146 0.088345 0.00374437 0.0128143 0.00212122 0.000768998
0.437121 0.27817 0.28181 0.27453 0.0810909 0.093601 0.0685808 0.0875043 0.00363995 0.0125101 0.0020689 0.000758037
0.440512 0.275167 0.278706 0.271629 0.0795639 0.0917757 0.0673521 0.0866683 0.0035384 0.0122118 0.00201784 0.000747154
0.443903 0.272151 0.275591 0.268712 0.0780483 0.0899677 0.0661289 0.0858368 0.00343961 0.0119194 0.00196801 0.000736347
0.447294 0.269122 0.272465 0.265778 0.0765444 0.0881771 0.0649116 0.0850097 0.00334353 0.0116327 0.00191937 0.000725616
0.450685 0.266079 0.269329 0.262829 0.0750523 0.086404 0.0637005 0.0841867 0.00325005 0.0113517 0.00187189 0.000714961
0.454075 0.263023 0.266182 0.259864 0.0735722 0.0846485 0.0624959 0.0833676 0.00315912 0.0110763 0.00182554 0.000704379
0.457466 0.259955 0.263026 0.256885 0.0721046 0.0829109 0.0612982 0.0825522 0.00307065 0.0108063 0.00178029 0.00069387
0.460857 0.256875 0.25986 0.25389 0.0706494 0.0811912 0.0601077 0.0817403 0.00298457 0.0105418 0.00173611 0.000683434
0.464248 0.253783 0.256684 0.250882 0.069207 0.0794895 0.0589246 0.0809317 0.00290081 0.0102825 0.00169297 0.000673069
0.467639 0.25068 0.253499 0.247861 0.0677777 0.0778061 0.0577493 0.0801262 0.00281931 0.0100284 0.00165084 0.000662776
0.47103 0.247566 0.250306 0.244826 0.0663615 0.076141 0.0565821 0.0793236 0.00274 0.00977945 0.0016097 0.000652554
0.47442 0.244442 0.247104 0.241779 0.0649588 0.0744944 0.0554233 0.0785239 0.00266281 0.00953553 0.00156952 0.000642403
0.477811 0.241307 0.243895 0.23872 0.0635698 0.0728664 0.0542732 0.0777267 0.0025877 0.00929656 0.00153027 0.000632321
0.481202 0.238164 0.240678 0.235649 0.0621946 0.0712571 0.0531322 0.076932 0.00251459 0.00906245 0.00149194 0.000622309
0.484593 0.235012 0.237455 0.232568 0.0608336 0.0696667 0.0520004 0.0761396 0.00244343 0.00883312 0.00145449 0.000612367
0.487984 0.231851 0.234226 0.229477 0.0594868 0.0680953 0.0508782 0.0753493 0.00237417 0.0086085 0.0014179 0.000602494
0.491375 0.228683 0.23099 0.226377 0.0581544 0.0665429 0.0497659 0.0745611 0.00230675 0.0083885 0.00138216 0.000592691
0.494765 0.225508 0.227749 0.223267 0.0568368 0.0650098 0.0486637 0.0737747 0.00224112 0.00817305 0.00134723 0.000582956
0.498156 0.222327 0.224504 0.22015 0.055534 0.063496 0.0475719 0.0729901 0.00217723 0.00796206 0.00131311 0.000573291
0.501547 0.21914 0.221255 0.217025 0.0542462 0.0620017 0.0464908 0.0722072 0.00211504 0.00775546 0.00127976 0.000563695
0.504938 0.215948 0.218002 0.213893 0.0529737 0.0605268 0.0454205 0.0714258 0.00205449 0.00755318 0.00124718 0.000554168
0.508329 0.212751 0.214746 0.210755 0.0517165 0.0590716 0.0443613 0.0706458 0.00199553 0.00735515 0.00121533 0.000544711
0.51172 0.209551 0.211489 0.207612 0.0504748 0.0576361 0.0433135 0.0698671 0.00193814 0.00716128 0.0011842 0.000535322
0.51511 0.206347 0.20823 0.204465 0.0492489 0.0562204 0.0422774 0.0690897 0.00188225 0.00697151 0.00115378 0.000526004
0.518501 0.203142 0.20497 0.201314 0.0480388 0.0548245 0.041253 0.0683134 0.00182784 0.00678577 0.00112405 0.000516756
0.521892 0.199935 0.20171 0.19816 0.0468446 0.0534486 0.0402406 0.0675382 0.00177486 0.00660399 0.00109498 0.000507578
0.525283 0.196728 0.198451 0.195004 0.0456666 0.0520927 0.0392405 0.066764 0.00172327 0.0064261 0.00106657 0.00049847
0.528674 0.19352 0.195193 0.191847 0.0445049 0.0507569 0.0382529 0.0659908 0.00167303 0.00625204 0.0010388 0.000489433
0.532065 0.190313 0.191938 0.188689 0.0433595 0.0494412 0.0372778 0.0652184 0.00162412 0.00608173 0.00101165 0.000480468
0.535455 0.187109 0.188685 0.185532 0.0422306 0.0481457 0.0363155 0.0644469 0.00157648 0.00591512 0.000985102 0.000471574
0.538846 0.183906 0.185436 0.182376 0.0411183 0.0468704 0.0353661 0.0636762 0.0015301 0.00575214 0.000959152 0.000462752
0.542237 0.180707 0.182192 0.179222 0.0400226 0.0456153 0.0344299 0.0629062 0.00148492 0.00559272 0.000933781 0.000454003
0.545628 0.177513 0.178954 0.176072 0.0389437 0.0443805 0.0335069 0.062137 0.00144094 0.0054368 0.000908977 0.000445327
0.549019 0.174323 0.175722 0.172925 0.0378816 0.043166 0.0325973 0.0613684 0.0013981 0.00528433 0.000884725 0.000436725
0.55241 0.17114 0.172496 0.169784 0.0368365 0.0419717 0.0317013 0.0606006 0.00135638 0.00513524 0.000861013 0.000428197
0.5558 0.167964 0.169279 0.166648 0.0358083 0.0407978 0.0308189 0.0598334 0.00131576 0.00498947 0.00083783 0.000419743
0.559191 0.164795 0.166071 0.163519 0.0347972 0.0396442 0.0299503 0.0590669 0.0012762 0.00484697 0.000815162 0.000411365
0.562582 0.161635 0.162873 0.160398 0.0338032 0.0385108 0.0290955 0.0583011 0.00123767 0.00470767 0.000792999 0.000403062
0.565973 0.158485 0.159685 0.157285 0.0328262 0.0373978 0.0282547 0.057536 0.00120015 0.00457152 0.000771329 0.000394837
0.569364 0.155346 0.156509 0.154182 0.0318665 0.0363049 0.027428 0.0567716 0.00116362 0.00443847 0.000750141 0.000386688
0.572755 0.152218 0.153346 0.15109 0.0309239 0.0352323 0.0266154 0.0560079 0.00112804 0.00430846 0.000729425 0.000378616
0.576146 0.149103 0.150196 0.148009 0.0299984 0.0341799 0.025817 0.0552449 0.0010934 0.00418144 0.000709171 0.000370624
0.579536 0.146001 0.147061 0.144941 0.0290902 0.0331475 0.0250328 0.0544827 0.00105966 0.00405734 0.000689368 0.00036271
0.582927 0.142914 0.14394 0.141887 0.0281991 0.0321352 0.024263 0.0537213 0.00102682 0.00393613 0.000670007 0.000354876
0.586318 0.139842 0.140836 0.138847 0.0273252 0.0311429 0.0235074 0.0529608 0.000994831 0.00381775 0.000651079 0.000347122
0.589709 0.136786 0.13775 0.135822 0.0264684 0.0301706 0.0227663 0.0522012 0.000963689 0.00370214 0.000632575 0.000339448
0.5931 0.133748 0.134681 0.132815 0.0256288 0.0292181 0.0220395 0.0514426 0.000933367 0.00358927 0.000614485 0.000331857
0.596491 0.130728 0.131632 0.129824 0.0248062 0.0282853 0.0213271 0.050685 0.000903846 0.00347907 0.000596802 0.000324348
0.599881 0.127728 0.128603 0.126852 0.0240006 0.0273721 0.0206291 0.0499285 0.000875106 0.0033715 0.000579516 0.000316921
0.603272 0.124747 0.125594 0.1239 0.0232121 0.0264786 0.0199455 0.0491731 0.000847127 0.00326651 0.00056262 0.000309578
0.606663 0.121788 0.122608 0.120968 0.0224404 0.0256044 0.0192763 0.048419 0.00081989 0.00316406 0.000546106 0.000302319
0.610054 0.118851 0.119645 0.118058 0.0216855 0.0247496 0.0186214 0.0476663 0.000793378 0.0030641 0.000529966 0.000295145
0.613445 0.115938 0.116705 0.11517 0.0209474 0.023914 0.0179809 0.0469149 0.000767572 0.00296658 0.000514194 0.000288056
0.616836 0.113048 0.11379 0.112305 0.020226 0.0230975 0.0173545 0.046165 0.000742456 0.00287146 0.000498781 0.000281053
0.620226 0.110183 0.110901 0.109465 0.0195211 0.0222998 0.0167424 0.0454167 0.000718013 0.0027787 0.00048372 0.000274137
0.623617 0.107344 0.108039 0.10665 0.0188327 0.021521 0.0161445 0.0446702 0.000694226 0.00268824 0.000469006 0.000267308
0.627008 0.104533 0.105204 0.103862 0.0181607 0.0207608 0.0155606 0.0439254 0.00067108 0.00260006 0.00045463 0.000260567
0.630399 0.101749 0.102397 0.1011 0.0175049 0.020019 0.0149908 0.0431825 0.000648559 0.0025141 0.000440588 0.000253914
0.63379 0.0989933 0.09962 0.0983667 0.0168652 0.0192956 0.0144349 0.0424417 0.000626649 0.00243032 0.000426872 0.000247349
0.637181 0.0962678 0.0968731 0.0956624 0.0162415 0.0185902 0.0138928 0.041703 0.000605334 0.00234869 0.000413476 0.000240874
0.640571 0.0935724 0.094157 0.0929878 0.0156336 0.0179028 0.0133645 0.0409665 0.000584601 0.00226916 0.000400395 0.000234489
0.643962 0.0909084 0.0914728 0.0903439 0.0150415 0.0172331 0.0128498 0.0402324 0.000564436 0.00219169 0.000387622 0.000228194
0.647353 0.0882766 0.0888214 0.0877318 0.0144648 0.0165811 0.0123486 0.0395009 0.000544826 0.00211624 0.000375152 0.00022199
0.650744 0.0856779 0.0862036 0.0851521 0.0139036 0.0159464 0.0118608 0.038772 0.000525757 0.00204278 0.000362979 0.000215876
0.654135 0.0831129 0.0836201 0.0826056 0.0133575 0.0153288 0.0113863 0.0380458 0.000507217 0.00197127 0.000351098 0.000209855
0.657526 0.0805822 0.0810714 0.080093 0.0128265 0.0147282 0.0109249 0.0373226 0.000489194 0.00190167 0.000339504 0.000203925
0.660916 0.0780872 0.0785588 0.0776155 0.0123104 0.0141444 0.0104765 0.0366024 0.000471675 0.00183394 0.000328191 0.000198088
0.664307 0.075628 0.0760827 0.0751734 0.011809 0.013577 0.010041 0.0358854 0.000454649 0.00176804 0.000317154 0.000192343
0.667698 0.0732056 0.0736437 0.0727675 0.0113221 0.013026 0.00961811 0.0351717 0.000438105 0.00170395 0.000306389 0.000186691
0.671089 0.0708207 0.0712427 0.0703986 0.0108494 0.0124911 0.00920783 0.0344615 0.000422031 0.00164162 0.000295891 0.000181132
0.67448 0.0684739 0.0688803 0.0680675 0.0103909 0.011972 0.00880991 0.0337549 0.000406416 0.00158102 0.000285654 0.000175667
0.677871 0.0661658 0.066557 0.0657745 0.00994632 0.0114684 0.0084242 0.0330521 0.00039125 0.00152212 0.000275675 0.000170295
0.681261 0.063897 0.0642735 0.0635205 0.00951543 0.0109803 0.00805055 0.0323533 0.000376522 0.00146488 0.000265949 0.000165017
0.684652 0.061668 0.0620302 0.0613057 0.009098 0.0105073 0.00768874 0.0316585 0.000362223 0.00140927 0.000256471 0.000159833
0.688043 0.0594796 0.0598279 0.0591312 0.00869388 0.0100491 0.00733863 0.0309679 0.000348343 0.00135525 0.000247237 0.000154743
0.691434 0.0573321 0.057667 0.0569973 0.00830281 0.00960561 0.00700001 0.0302818 0.000334872 0.0013028 0.000238243 0.000149747
0.694825 0.055226 0.0555478 0.0549042 0.00792458 0.00917646 0.0066727 0.0296002 0.0003218 0.00125188 0.000229485 0.000144845
0.698216 0.0531618 0.0534709 0.0528527 0.00755895 0.00876141 0.00635649 0.0289233 0.000309119 0.00120246 0.000220958 0.000140038
0.701606 0.0511399 0.0514367 0.0508431 0.00720572 0.00836023 0.00605121 0.0282512 0.000296819 0.00115451 0.000212658 0.000135324
0.704997 0.0491606 0.0494455 0.0488757 0.00686464 0.00797263 0.00575664 0.0275842 0.000284893 0.001108 0.000204582 0.000130705
0.708388 0.0472243 0.0474976 0.046951 0.00653548 0.00759837 0.00547258 0.0269223 0.000273331 0.0010629 0.000196725 0.00012618
0.711779 0.0453313 0.0455934 0.0450692 0.00621803 0.0072372 0.00519885 0.0262658 0.000262125 0.00101917 0.000189084 0.000121748
0.71517 0.0434818 0.0437331 0.0432306 0.00591202 0.00688882 0.00493522 0.0256148 0.000251266 0.0009768 0.000181655 0.000117411
0.718561 0.0416761 0.0419169 0.0414354 0.00561723 0.00655298 0.00468148 0.0249694 0.000240748 0.000935749 0.000174435 0.000113166
0.721951 0.0399143 0.0401449 0.0396838 0.00533341 0.0062294 0.00443742 0.0243298 0.000230562 0.000895991 0.000167419 0.000109015
0.725342 0.0381966 0.0384173 0.0379759 0.00506033 0.00591783 0.00420283 0.0236962 0.0002207 0.000857498 0.000160604 0.000104958
0.728733 0.0365231 0.0367342 0.0363119 0.00479775 0.00561799 0.0039775 0.0230688 0.000211155 0.000820242 0.000153986 0.000100992
0.732124 0.0348938 0.0350957 0.0346919 0.00454541 0.00532961 0.00376121 0.0224476 0.00020192 0.000784197 0.000147562 9.71194e-05
0.735515 0.0333088 0.0335018 0.0331158 0.00430308 0.00505242 0.00355375 0.0218328 0.000192987 0.000749335 0.000141329 9.33384e-05
0.738906 0.031768 0.0319523 0.0315836 0.00407052 0.00478615 0.00335489 0.0212246 0.00018435 0.00071563 0.000135282 8.9649e-05
0.742296 0.0302714 0.0304474 0.0300954 0.00384748 0.00453053 0.00316442 0.0206232 0.000176001 0.000683056 0.000129419 8.60506e-05
0.745687 0.0288188 0.0289868 0.0286509 0.00363371 0.0042853 0.00298213 0.0200286 0.000167934 0.000651587 0.000123736 8.25428e-05
0.749078 0.0274103 0.0275704 0.0272501 0.00342899 0.00405019 0.00280779 0.019441 0.000160143 0.000621198 0.000118231 7.91251e-05
0.752469 0.0260454 0.026198 0.0258928 0.00323306 0.00382492 0.00264119 0.0188607 0.00015262 0.000591864 0.000112899 7.57968e-05
0.75586 0.0247241 0.0248695 0.0245787 0.00304568 0.00360924 0.00248212 0.0182876 0.000145359 0.000563561 0.000107737 7.25574e-05
0.759251 0.023446 0.0235844 0.0233077 0.00286662 0.00340288 0.00233035 0.017722 0.000138354 0.000536264 0.000102742 6.94062e-05
0.762641 0.0222109 0.0223425 0.0220793 0.00269563 0.00320558 0.00218568 0.017164 0.0001316 0.000509949 9.79117e-05 6.63425e-05
0.766032 0.0210184 0.0211435 0.0208933 0.00253248 0.00301707 0.00204788 0.0166137 0.000125089 0.000484593 9.32419e-05 6.33657e-05
0.769423 0.0198682 0.019987 0.0197493 0.00237693 0.0028371 0.00191676 0.0160713 0.000118816 0.000460173 8.87298e-05 6.04749e-05
0.772814 0.0187597 0.0188725 0.0186469 0.00222875 0.00266541 0.00179208 0.0155368 0.000112775 0.000436665 8.43723e-05 5.76695e-05
0.776205 0.0176925 0.0177995 0.0175856 0.00208771 0.00250175 0.00167366 0.0150105 0.00010696 0.000414047 8.01663e-05 5.49485e-05
0.779596 0.0166662 0.0167676 0.0165649 0.00195357 0.00234587 0.00156128 0.0144924 0.000101367 0.000392296 7.61088e-05 5.23111e-05
0.782986 0.0156802 0.0157762 0.0155843 0.00182612 0.00219751 0.00145473 0.0139827 9.5988e-05 0.000371392 7.21967e-05 4.97564e-05
0.786377 0.014734 0.0148248 0.0146432 0.00170512 0.00205643 0.00135381 0.0134814 9.08192e-05 0.000351311 6.8427e-05 4.72836e-05
0.789768 0.0138269 0.0139127 0.013741 0.00159036 0.00192239 0.00125832 0.0129887 8.58548e-05 0.000332034 6.47968e-05 4.48916e-05
0.793159 0.0129583 0.0130393 0.0128772 0.00148161 0.00179515 0.00116807 0.0125047 8.10895e-05 0.000313538 6.1303e-05 4.25794e-05
0.79655 0.0121275 0.012204 0.0120509 0.00137866 0.00167447 0.00108286 0.0120295 7.65181e-05 0.000295803 5.79427e-05 4.03461e-05
0.799941 0.0113338 0.011406 0.0112617 0.0012813 0.00156011 0.0010025 0.0115632 7.21356e-05 0.000278809 5.47129e-05 3.81906e-05
0.803332 0.0105766 0.0106445 0.0105086 0.00118932 0.00145186 0.000926788 0.0111058 6.79369e-05 0.000262535 5.16109e-05 3.61118e-05
0.806722 0.00985498 0.0099189 0.00979106 0.00110251 0.00134947 0.00085555 0.0106575 6.3917e-05 0.000246961 4.86336e-05 3.41087e-05
0.810113 0.00916824 0.00922831 0.00910817 0.00102067 0.00125274 0.000788603 0.0102184 6.00711e-05 0.000232069 4.57782e-05 3.21799e-05
0.813504 0.00851558 0.00857197 0.00845918 0.000943603 0.00116144 0.000725764 0.00978852 5.63944e-05 0.000217839 4.30418e-05 3.03245e-05
0.816895 0.00789614 0.00794902 0.00784325 0.000871109 0.00107536 0.000666858 0.00936795 5.28821e-05 0.000204251 4.04216e-05 2.85412e-05
0.820286 0.00730909 0.00735862 0.00725956 0.000802999 0.000994286 0.000611711 0.00895675 4.95296e-05 0.000191288 3.79148e-05 2.68287e-05
0.823677 0.00675356 0.00679989 0.00670723 0.000739086 0.000918015 0.000560156 0.008555 4.63322e-05 0.00017893 3.55185e-05 2.51859e-05
0.827067 0.00622866 0.00627195 0.00618537 0.000679187 0.000846346 0.000512028 0.00816275 4.32856e-05 0.000167159 3.323e-05 2.36114e-05
0.830458 0.00573346 0.00577385 0.00569308 0.000623122 0.00077908 0.000467164 0.00778005 4.0385e-05 0.000155958 3.10465e-05 2.2104e-05
0.833849 0.00526708 0.0053047 0.00522945 0.000570716 0.000716024 0.000425407 0.00740696 3.76263e-05 0.000145309 2.89651e-05 2.06624e-05
0.83724 0.00482857 0.00486358 0.00479357 0.000521798 0.000656992 0.000386604 0.00704352 3.5005e-05 0.000135194 2.69832e-05 1.92851e-05
0.840631 0.00441698 0.0044495 0.00438446 0.000476203 0.0006018 0.000350606 0.00668977 3.25169e-05 0.000125597 2.50981e-05 1.79709e-05
0.844022 0.00403139 0.00406155 0.00400123 0.000433767 0.000550267 0.000317267 0.00634572 3.01577e-05 0.0001165 2.33069e-05 1.67183e-05
0.847412 0.00367083 0.00369875 0.00364291 0.000394333 0.00050222 0.000286446 0.00601142 2.79234e-05 0.000107887 2.1607e-05 1.5526e-05
0.850803 0.00333434 0.00336015 0.00330853 0.000357746 0.000457488 0.000258005 0.00568687 2.58097e-05 9.97416e-05 1.99958e-05 1.43924e-05
0.854194 0.00302095 0.00304476 0.00299714 0.000323859 0.000415907 0.000231812 0.0053721 2.38126e-05 9.20478e-05 1.84705e-05 1.33163e-05
0.857585 0.00272971 0.00275164 0.00270779 0.000292527 0.000377316 0.000207737 0.00506709 2.19282e-05 8.47896e-05 1.70286e-05 1.22961e-05
0.860976 0.00245966 0.00247981 0.00243951 0.000263609 0.00034156 0.000185657 0.00477186 2.01526e-05 7.79514e-05 1.56673e-05 1.13303e-05
0.864367 0.00220984 0.00222832 0.00219136 0.000236969 0.000308487 0.000165451 0.0044864 1.84818e-05 7.15179e-05 1.4384e-05 1.04175e-05
0.867757 0.0019793 0.00199621 0.00196239 0.000212477 0.000277951 0.000147003 0.00421068 1.6912e-05 6.54741e-05 1.31762e-05 9.55622e-06
0.871148 0.00176709 0.00178253 0.00175165 0.000190005 0.00024981 0.0001302 0.0039447 1.54395e-05 5.9805e-05 1.20413e-05 8.74486e-06
0.874539 0.00157228 0.00158634 0.00155822 0.000169432 0.000223928 0.000114936 0.00368842 1.40605e-05 5.44961e-05 1.09767e-05 7.98193e-06
0.87793 0.00139395 0.00140672 0.00138118 0.00015064 0.000200173 0.000101107 0.0034418 1.27715e-05 4.9533e-05 9.97984e-06 7.26591e-06
0.881321 0.00123119 0.00124276 0.00121962 0.000133514 0.000178416 8.86127e-05 0.00320481 1.15687e-05 4.49015e-05 9.04824e-06 6.59526e-06
0.884712 0.0010831 0.00109355 0.00107265 0.000117947 0.000158535 7.73594e-05 0.00297739 1.04488e-05 4.05879e-05 8.17939e-06 5.96843e-06
0.888102 0.000948804 0.000958212 0.000939396 0.000103834 0.000140412 6.72555e-05 0.00275948 9.40802e-06 3.65785e-05 7.37081e-06 5.38388e-06
0.891493 0.000827444 0.000835887 0.000819001 9.10738e-05 0.000123934 5.8214e-05 0.00255102 8.4431e-06 3.28598e-05 6.62004e-06 4.84004e-06
0.894884 0.000718176 0.000725727 0.000710625 7.9571e-05 0.00010899 5.01522e-05 0.00235195 7.5506e-06 2.94187e-05 5.92464e-06 4.33536e-06
0.898275 0.000620182 0.00062691 0.000613455 6.92337e-05 9.54761e-05 4.29913e-05 0.00216216 6.72719e-06 2.62424e-05 5.28221e-06 3.86828e-06
0.901666 0.000532668 0.000538638 0.000526699 5.99745e-05 8.32925e-05 3.66565e-05 0.00198159 5.9696e-06 2.3318e-05 4.69035e-06 3.43724e-06
0.905057 0.00045486 0.000460134 0.000449585 5.17099e-05 7.23432e-05 3.10767e-05 0.00181013 5.27458e-06 2.06333e-05 4.14671e-06 3.04068e-06
0.908447 0.000386013 0.000390652 0.000381374 4.43606e-05 6.25365e-05 2.61847e-05 0.00164767 4.63898e-06 1.81759e-05 3.64896e-06 2.67705e-06
0.911838 0.000325403 0.000329463 0.000321344 3.78512e-05 5.37851e-05 2.19172e-05 0.0014941 4.05967e-06 1.59339e-05 3.19478e-06 2.34479e-06
0.915229 0.000272342 0.000275875 0.000268808 3.21102e-05 4.60059e-05 1.82146e-05 0.0013493 3.5336e-06 1.38957e-05 2.78191e-06 2.04236e-06
0.91862 0.000226163 0.000229221 0.000223106 2.70703e-05 3.91199e-05 1.50208e-05 0.00121314 3.05775e-06 1.20496e-05 2.40809e-06 1.76822e-06
0.922011 0.000186234 0.000188863 0.000183605 2.26677e-05 3.30522e-05 1.22832e-05 0.00108548 2.62918e-06 1.03845e-05 2.07111e-06 1.52084e-06
0.925402 0.00015195 0.000154195 0.000149705 1.88423e-05 2.77317e-05 9.95296e-06 0.000966169 2.24501e-06 8.88936e-06 1.76878e-06 1.29871e-06
0.928792 0.000122737 0.000124639 0.000120834 1.55378e-05 2.30912e-05 7.98432e-06 0.000855045 1.90238e-06 7.55344e-06 1.49896e-06 1.10031e-06
0.932183 9.80538e-05 9.96523e-05 9.64552e-05 1.27012e-05 1.90674e-05 6.33498e-06 0.000751941 1.59855e-06 6.36622e-06 1.25953e-06 9.24164e-07
0.935574 7.73912e-05 7.8722e-05 7.60605e-05 1.02832e-05 1.56007e-05 4.96579e-06 0.000656678 1.33078e-06 5.31744e-06 1.04842e-06 7.68785e-07
0.938965 6.02712e-05 6.13676e-05 5.91747e-05 8.2378e-06 1.26349e-05 3.84072e-06 0.000569067 1.09644e-06 4.39707e-06 8.63585e-07 6.32719e-07
0.942356 4.62486e-05 4.71415e-05 4.53557e-05 6.52214e-06 1.01175e-05 2.92678e-06 0.000488908 8.92938e-07 3.59537e-06 7.03026e-07 5.1453e-07
0.945747 3.4911e-05 3.56287e-05 3.41932e-05 5.09665e-06 7.99946e-06 2.19385e-06 0.00041599 7.17747e-07 2.90281e-06 5.64789e-07 4.12802e-07
0.949137 2.58776e-05 2.64461e-05 2.53092e-05 3.92479e-06 6.23493e-06 1.61464e-06 0.000350089 5.68417e-07 2.31015e-06 4.46962e-07 3.26145e-07
0.952528 1.88008e-05 1.92434e-05 1.83582e-05 2.97298e-06 4.78138e-06 1.16457e-06 0.00029097 4.42559e-07 1.80841e-06 3.47682e-07 2.53197e-07
0.955919 1.33644e-05 1.37022e-05 1.30265e-05 2.21052e-06 3.59939e-06 8.2166e-07 0.000238386 3.37859e-07 1.38886e-06 2.65132e-07 1.92623e-07
0.95931 9.28389e-06 9.53597e-06 9.03182e-06 1.60949e-06 2.65257e-06 5.66409e-07 0.000192073 2.52075e-07 1.04308e-06 1.97547e-07 1.43122e-07
0.962701 6.30612e-06 6.48916e-06 6.12308e-06 1.14461e-06 1.9075e-06 3.81714e-07 0.000151758 1.83039e-07 7.62895e-07 1.43219e-07 1.03429e-07
0.966092 4.2084e-06 4.33707e-06 4.07973e-06 7.93183e-07 1.33362e-06 2.52743e-07 0.000117148 1.28667e-07 5.40441e-07 1.00496e-07 7.23143e-08
0.969482 2.79835e-06 2.88531e-06 2.7114e-06 5.35007e-07 9.03157e-07 1.66858e-07 8.79361e-05 8.69545e-08 3.68149e-07 6.77892e-08 4.85947e-08
0.972873 1.91365e-06 1.96964e-06 1.85767e-06 3.52299e-07 5.91065e-07 1.13533e-07 6.38002e-05 5.59863e-08 2.38766e-07 4.35752e-08 3.11309e-08
0.976264 1.42275e-06 1.45669e-06 1.38881e-06 2.29705e-07 3.75072e-07 8.43387e-08 4.44007e-05 3.394e-08 1.45367e-07 2.64022e-08 1.88354e-08
0.979655 1.22827e-06 1.24736e-06 1.20917e-06 1.54474e-07 2.35848e-07 7.30994e-08 2.93869e-05 1.90926e-08 8.13741e-08 1.48951e-08 1.06765e-08
0.983046 1.28001e-06 1.28984e-06 1.27018e-06 1.17213e-07 1.57799e-07 7.66271e-08 1.8411e-05 9.82731e-09 4.05861e-08 7.762e-09 5.68383e-09
0.986437 1.63685e-06 1.64149e-06 1.63221e-06 1.1562e-07 1.32828e-07 9.84125e-08 1.11947e-05 4.63933e-09 1.72077e-08 3.79858e-09 2.95156e-09
0.989827 3.22145e-06 3.22358e-06 3.21933e-06 1.9999e-07 2.05886e-07 1.94094e-07 7.93729e-06 2.12447e-09 5.89595e-09 1.87315e-09 1.61963e-09
0.993218 9.90687e-06 9.90717e-06 9.90656e-06 5.99841e-07 6.02414e-07 5.97268e-07 3.08594e-05 3.02988e-10 2.57325e-09 1.52246e-10 1.05879e-22
4.01075e-314 inf inf inf inf inf inf 9.87179e-05 3.8415 0.277233 0.127187 0.0354741
