9.72476e-05 124.637 126.085 123.188 68.8755 70.0163 67.7347 48.2101 1.44862 1.14079 0.739175 0.730242
0.0001 123.495 124.935 122.056 68.3067 69.4399 67.1735 47.7366 1.43951 1.13318 0.733102 0.724073
0.00010283 122.376 123.806 120.945 67.7471 68.8727 66.6215 47.2671 1.43046 1.12561 0.727073 0.717947
0.000105741 121.314 122.735 119.892 67.2121 68.3302 66.094 46.8014 1.42146 1.1181 0.721088 0.711864
0.000108734 120.165 121.577 118.752 66.6399 67.7505 65.5292 46.3396 1.41251 1.11063 0.715147 0.705823
0.000111811 119.025 120.429 117.622 66.0716 67.1748 64.9684 45.8815 1.40361 1.10321 0.70925 0.699826
0.000114976 117.895 119.29 116.5 65.5072 66.6031 64.4114 45.4273 1.39477 1.09583 0.703395 0.69387
0.00011823 116.774 118.16 115.388 64.9467 66.0352 63.8582 44.9768 1.38598 1.0885 0.697584 0.687957
0.000121576 115.663 117.04 114.286 64.3901 65.4713 63.3089 44.5301 1.37724 1.08122 0.691815 0.682086
0.000125017 114.56 115.929 113.192 63.8373 64.9113 62.7633 44.087 1.36855 1.07399 0.68609 0.676256
0.000128556 113.467 114.827 112.107 63.2882 64.355 62.2214 43.6477 1.35991 1.0668 0.680406 0.670467
0.000132194 112.383 113.734 111.032 62.7431 63.8027 61.6834 43.2119 1.35133 1.05965 0.674765 0.664719
0.000135936 111.308 112.65 109.965 62.2016 63.2542 61.1491 42.7798 1.34279 1.05255 0.669165 0.659013
0.000139783 110.241 111.575 108.907 61.6639 62.7094 60.6184 42.3513 1.33431 1.0455 0.663607 0.653346
0.000143739 109.184 110.51 107.858 61.13 62.1685 60.0915 41.9264 1.32587 1.03849 0.65809 0.64772
0.000147808 108.135 109.452 106.817 60.5997 61.6312 59.5681 41.505 1.31749 1.03152 0.652614 0.642133
0.000151991 107.095 108.404 105.786 60.0731 61.0977 59.0485 41.0872 1.30915 1.0246 0.647179 0.636587
0.000156293 106.063 107.364 104.762 59.5501 60.5679 58.5324 40.6728 1.30087 1.01773 0.641785 0.63108
0.000160717 105.04 106.333 103.748 59.0309 60.0418 58.02 40.2619 1.29263 1.01089 0.636431 0.625613
0.000165265 104.026 105.311 102.742 58.5152 59.5193 57.5111 39.8545 1.28444 1.0041 0.631117 0.620183
0.000169943 103.02 104.297 101.744 58.0031 59.0005 57.0058 39.4505 1.2763 0.997358 0.625844 0.614794
0.000174753 102.023 103.291 100.755 57.4947 58.4853 56.504 39.0499 1.2682 0.990654 0.62061 0.609443
0.000179699 101.034 102.294 99.7734 56.9897 57.9737 56.0057 38.6527 1.26016 0.983992 0.615414 0.604129
0.000184785 100.053 101.305 98.8006 56.4884 57.4657 55.511 38.2588 1.25216 0.977374 0.610259 0.598855
0.000190015 99.08 100.324 97.8358 55.9905 56.9613 55.0197 37.8683 1.2442 0.970796 0.605142 0.593617
0.000195393 98.1155 99.3518 96.8792 55.4961 56.4603 54.5318 37.481 1.2363 0.964261 0.600064 0.588418
0.000200923 97.1591 98.3875 95.9306 55.0052 55.963 54.0474 37.0971 1.22844 0.957767 0.595025 0.583255
0.00020661 96.2106 97.4313 94.99 54.5178 55.4691 53.5664 36.7164 1.22062 0.951315 0.590024 0.57813
0.000212458 95.2701 96.483 94.0573 54.0337 54.9786 53.0888 36.3389 1.21285 0.944903 0.58506 0.573042
0.000218471 94.3376 95.5428 93.1325 53.5532 54.4917 52.6147 35.9647 1.20513 0.938533 0.580135 0.56799
0.000224655 93.4129 94.6104 92.2155 53.076 54.0082 52.1438 35.5936 1.19745 0.932202 0.575248 0.562975
0.000231013 92.496 93.6858 91.3062 52.6022 53.5281 51.6763 35.2257 1.18982 0.925912 0.570397 0.557996
0.000237551 91.5868 92.7691 90.4046 52.1318 53.0514 51.2121 34.8609 1.18223 0.919662 0.565584 0.553053
0.000244275 90.6853 91.86 89.5106 51.6646 52.5781 50.7512 34.4993 1.17468 0.913451 0.560808 0.548145
0.000251189 89.7914 90.9586 88.6242 51.2009 52.1081 50.2936 34.1407 1.16718 0.90728 0.556068 0.543273
0.000258298 88.9051 90.0648 87.7454 50.7404 51.6415 49.8392 33.7853 1.15972 0.901148 0.551365 0.538437
0.000265609 88.0263 89.1786 86.8739 50.2832 51.1782 49.3881 33.4328 1.1523 0.895056 0.546699 0.533635
0.000273126 87.1548 88.2998 86.0099 49.8292 50.7182 48.9402 33.0835 1.14493 0.889001 0.542068 0.528868
0.000280857 86.2909 87.4285 85.1533 49.3786 50.2615 48.4956 32.737 1.1376 0.882986 0.537473 0.524136
0.000288806 85.4342 86.5645 84.3039 48.9311 49.8081 48.0541 32.3936 1.13031 0.877008 0.532914 0.519438
0.00029698 84.5848 85.7079 83.4618 48.4868 49.3579 47.6157 32.0532 1.12306 0.871069 0.52839 0.514774
0.000305386 83.7427 84.8586 82.6269 48.0458 48.9109 47.1806 31.7157 1.11586 0.865167 0.523902 0.510145
0.000314029 82.9077 84.0164 81.799 47.6078 48.4671 46.7485 31.3812 1.10869 0.859302 0.519448 0.505549
0.000322917 82.0798 83.1814 80.9783 47.1731 48.0266 46.3196 31.0495 1.10157 0.853475 0.51503 0.500987
0.000332057 81.259 82.3535 80.1646 46.7414 47.5891 45.8938 30.7207 1.09449 0.847685 0.510645 0.496457
0.000341455 80.4453 81.5327 79.3579 46.3129 47.1549 45.471 30.3947 1.08745 0.841932 0.506296 0.491961
0.000351119 79.6385 80.7189 78.558 45.8875 46.7237 45.0513 30.0716 1.08044 0.836215 0.50198 0.487498
0.000361057 78.8386 79.9121 77.7651 45.4652 46.2957 44.6347 29.7513 1.07348 0.830534 0.497699 0.483068
0.000371276 78.0455 79.1121 76.979 45.0459 45.8708 44.221 29.4338 1.06656 0.82489 0.493451 0.47867
0.000381784 77.2593 78.3189 76.1996 44.6297 45.449 43.8104 29.1191 1.05967 0.819281 0.489237 0.474304
0.00039259 76.4798 77.5326 75.4269 44.2165 45.0302 43.4028 28.8072 1.05283 0.813708 0.485056 0.46997
0.000403702 75.707 76.753 74.6609 43.8063 44.6144 42.9981 28.4979 1.04602 0.80817 0.480908 0.465668
0.000415128 74.9408 75.9801 73.9016 43.399 44.2017 42.5964 28.1914 1.03925 0.802667 0.476793 0.461398
0.000426877 74.1812 75.2138 73.1487 42.9948 43.792 42.1976 27.8876 1.03252 0.797199 0.472711 0.457159
0.000438959 73.4283 74.4541 72.4024 42.5935 43.3853 41.8017 27.5864 1.02583 0.791766 0.468662 0.452951
0.000451383 72.6817 73.7009 71.6626 42.1951 42.9815 41.4088 27.2879 1.01917 0.786367 0.464645 0.448775
0.000464159 71.9417 72.9543 70.9292 41.7997 42.5807 41.0187 26.9921 1.01255 0.781002 0.46066 0.444629
0.000477296 71.2081 72.2141 70.2021 41.4071 42.1828 40.6315 26.6988 1.00597 0.775672 0.456707 0.440514
0.000490805 70.4808 71.4802 69.4814 41.0175 41.7878 40.2471 26.4082 0.999425 0.770374 0.452786 0.436429
0.000504697 69.7598 70.7527 68.7669 40.6307 41.3958 39.8656 26.1201 0.992915 0.765111 0.448896 0.432374
0.000518981 69.0451 70.0315 68.0586 40.2467 41.0066 39.4868 25.8346 0.986441 0.75988 0.445038 0.42835
0.00053367 68.3365 69.3166 67.3565 39.8656 40.6203 39.1109 25.5516 0.980003 0.754682 0.441211 0.424355
0.000548775 67.6342 68.6078 66.6606 39.4873 40.2368 38.7378 25.2711 0.973599 0.749518 0.437415 0.42039
0.000564307 66.938 67.9052 65.9707 39.1118 39.8562 38.3674 24.9932 0.967231 0.744386 0.43365 0.416454
0.000580278 66.2478 67.2087 65.2869 38.739 39.4783 37.9998 24.7177 0.960897 0.739286 0.429915 0.412548
0.000596702 65.5636 66.5182 64.609 38.3691 39.1033 37.6349 24.4447 0.954597 0.734218 0.426211 0.408671
0.000613591 64.8855 65.8338 63.9372 38.0019 38.7311 37.2727 24.1741 0.948332 0.729182 0.422537 0.404822
0.000630957 64.2132 65.1553 63.2711 37.6374 38.3616 36.9132 23.9059 0.9421 0.724178 0.418893 0.401002
0.000648815 63.5469 64.4828 62.611 37.2756 37.9948 36.5564 23.6402 0.935901 0.719205 0.415279 0.397211
0.000667179 62.8864 63.8161 61.9566 36.9166 37.6308 36.2023 23.3769 0.929736 0.714263 0.411694 0.393448
0.000686062 62.2317 63.1553 61.3081 36.5602 37.2695 35.8508 23.1159 0.923603 0.709353 0.408139 0.389713
0.00070548 61.5827 62.5002 60.6652 36.2064 36.9109 35.502 22.8573 0.917503 0.704473 0.404613 0.386006
0.000725448 60.9395 61.8509 60.028 35.8554 36.555 35.1557 22.601 0.911435 0.699624 0.401117 0.382327
0.00074598 60.3018 61.2072 59.3964 35.5069 36.2017 34.8121 22.347 0.905399 0.694804 0.397649 0.378675
0.000767094 59.6699 60.5693 58.7705 35.1611 35.8511 34.4711 22.0953 0.899395 0.690016 0.39421 0.375051
0.000788805 59.0435 59.9369 58.1501 34.8179 35.5031 34.1326 21.8459 0.893421 0.685256 0.3908 0.371454
0.000811131 58.4226 59.3101 57.5351 34.4773 35.1578 33.7967 21.5988 0.887479 0.680527 0.387417 0.367883
0.000834088 57.8073 58.6888 56.9257 34.1392 34.815 33.4634 21.3539 0.881568 0.675827 0.384063 0.36434
0.000857696 57.1973 58.073 56.3216 33.8037 34.4748 33.1325 21.1113 0.875687 0.671156 0.380737 0.360823
0.000881971 56.5928 57.4626 55.723 33.4707 34.1372 32.8042 20.8709 0.869835 0.666515 0.377439 0.357333
0.000906934 55.9936 56.8577 55.1296 33.1402 33.8021 32.4783 20.6327 0.864014 0.661902 0.374169 0.353869
0.000932603 55.3998 56.2581 54.5416 32.8123 33.4696 32.155 20.3966 0.858222 0.657317 0.370926 0.350432
0.000958999 54.8113 55.6637 53.9588 32.4868 33.1396 31.8341 20.1628 0.85246 0.652761 0.367709 0.34702
0.000986142 54.228 55.0747 53.3812 32.1639 32.8121 31.5157 19.931 0.846726 0.648233 0.364521 0.343634
0.00101405 53.6499 54.4909 52.8088 31.8434 32.4871 31.1996 19.7014 0.841021 0.643733 0.361359 0.340273
0.00104275 53.0769 53.9123 52.2416 31.5253 32.1646 30.886 19.4739 0.835344 0.639261 0.358223 0.336938
0.00107227 52.5091 53.3388 51.6794 31.2097 31.8445 30.5749 19.2486 0.829694 0.634816 0.355115 0.333629
0.00110262 51.9464 52.7704 51.1223 30.8964 31.5268 30.266 19.0253 0.824073 0.630399 0.352032 0.330344
0.00113382 51.3887 52.2071 50.5702 30.5856 31.2116 29.9596 18.804 0.818479 0.626008 0.348976 0.327084
0.00116591 50.8359 51.6488 50.023 30.2772 30.8988 29.6555 18.5849 0.812912 0.621644 0.345945 0.323849
0.00119891 50.2882 51.0956 49.4808 29.9711 30.5884 29.3538 18.3677 0.807371 0.617307 0.342941 0.320639
0.00123285 49.7454 50.5472 48.9435 29.6674 30.2804 29.0544 18.1526 0.801857 0.612997 0.339961 0.317452
0.00126774 49.2075 50.0038 48.4111 29.3661 29.9748 28.7573 17.9395 0.796369 0.608713 0.337008 0.314291
0.00130362 48.6744 49.4653 47.8835 29.067 29.6715 28.4626 17.7284 0.790907 0.604454 0.33408 0.311153
0.00134052 48.1461 48.9316 47.3606 28.7703 29.3705 28.1701 17.5192 0.785471 0.600222 0.331176 0.308039
0.00137846 47.6226 48.4027 46.8425 28.4759 29.0719 27.8798 17.312 0.780059 0.596015 0.328298 0.304949
0.00141747 47.1038 47.8785 46.3291 28.1837 28.7756 27.5919 17.1068 0.774672 0.591833 0.325444 0.301883
0.00145759 46.5897 47.359 45.8204 27.8938 28.4815 27.3062 16.9035 0.76931 0.587676 0.322614 0.29884
0.00149885 46.0803 46.8443 45.3163 27.6062 28.1898 27.0227 16.7021 0.763972 0.583545 0.319809 0.29582
0.00154127 45.5755 46.3342 44.8169 27.3208 27.9003 26.7414 16.5026 0.758658 0.579438 0.317028 0.292823
0.00158489 45.0753 45.8287 44.3219 27.0377 27.613 26.4623 16.3049 0.753368 0.575356 0.314271 0.289849
0.00162975 44.5796 45.3277 43.8315 26.7568 27.3281 26.1855 16.1092 0.748101 0.571298 0.311538 0.286898
0.00167588 44.0885 44.8314 43.3457 26.478 27.0453 25.9108 15.9153 0.742856 0.567264 0.308828 0.28397
0.00172331 43.6018 44.3395 42.8642 26.2015 26.7647 25.6382 15.7232 0.737635 0.563254 0.306142 0.281064
0.00177209 43.1196 43.8521 42.3872 25.9271 26.4864 25.3678 15.533 0.732436 0.559267 0.303479 0.27818
0.00182224 42.6418 43.3691 41.9146 25.6549 26.2102 25.0996 15.3446 0.727258 0.555304 0.300839 0.275319
0.00187382 42.1684 42.8905 41.4463 25.3848 25.9361 24.8334 15.158 0.722103 0.551365 0.298221 0.272479
0.00192685 41.6993 42.4162 40.9823 25.1168 25.6643 24.5694 14.9731 0.716969 0.547448 0.295626 0.269662
0.00198139 41.2345 41.9463 40.5226 24.851 25.3945 24.3074 14.79 0.711855 0.543554 0.293054 0.266866
0.00203747 40.7739 41.4807 40.0672 24.5872 25.1269 24.0476 14.6087 0.706763 0.539683 0.290504 0.264091
0.00209514 40.3176 41.0193 39.6159 24.3256 24.8614 23.7897 14.4292 0.701691 0.535834 0.287976 0.261338
0.00215443 39.8655 40.5622 39.1689 24.066 24.598 23.534 14.2513 0.696639 0.532007 0.28547 0.258607
0.00221541 39.4176 40.1092 38.726 23.8085 24.3367 23.2803 14.0752 0.691607 0.528203 0.282985 0.255896
0.00227812 38.9738 39.6604 38.2872 23.553 24.0774 23.0286 13.9008 0.686594 0.52442 0.280522 0.253206
0.00234259 38.5341 39.2157 37.8525 23.2996 23.8202 22.7789 13.728 0.6816 0.520658 0.27808 0.250537
0.0024089 38.0985 38.7751 37.4218 23.0482 23.5651 22.5313 13.557 0.676625 0.516918 0.27566 0.247889
0.00247708 37.6669 38.3386 36.9952 22.7988 23.312 22.2856 13.3876 0.671668 0.5132 0.27326 0.245261
0.00254719 37.2393 37.906 36.5726 22.5514 23.0609 22.0419 13.2198 0.66673 0.509502 0.270881 0.242653
0.00261928 36.8157 37.4775 36.1539 22.3059 22.8118 21.8001 13.0537 0.661809 0.505825 0.268522 0.240066
0.00269341 36.396 37.0529 35.7391 22.0625 22.5647 21.5603 12.8892 0.656906 0.502168 0.266184 0.237499
0.00276965 35.9802 36.6322 35.3282 21.821 22.3195 21.3224 12.7263 0.65202 0.498531 0.263865 0.234952
0.00284804 35.5683 36.2155 34.9212 21.5814 22.0763 21.0865 12.565 0.647151 0.494915 0.261567 0.232424
0.00292864 35.1603 35.8026 34.518 21.3438 21.8351 20.8525 12.4053 0.642298 0.491319 0.259288 0.229916
0.00301153 34.756 35.3935 34.1186 21.1081 21.5958 20.6204 12.2472 0.637462 0.487742 0.257029 0.227428
0.00309677 34.3556 34.9882 33.7229 20.8743 21.3585 20.3901 12.0906 0.632641 0.484184 0.254788 0.224959
0.00318442 33.9589 34.5867 33.331 20.6424 21.123 20.1617 11.9355 0.627836 0.480646 0.252568 0.222509
0.00327455 33.5659 34.1889 32.9429 20.4123 20.8895 19.9352 11.782 0.623046 0.477127 0.250365 0.220078
0.00336723 33.1766 33.7949 32.5583 20.1842 20.6578 19.7106 11.6301 0.618271 0.473627 0.248182 0.217666
0.00346253 32.791 33.4045 32.1775 19.9579 20.428 19.4877 11.4796 0.61351 0.470145 0.246017 0.215273
0.00356053 32.409 33.0177 31.8002 19.7334 20.2001 19.2667 11.3306 0.608764 0.466682 0.24387 0.212898
0.00366131 32.0306 32.6346 31.4265 19.5108 19.974 19.0475 11.1831 0.604031 0.463237 0.241741 0.210542
0.00376494 31.6557 32.255 31.0564 19.29 19.7498 18.8302 11.0371 0.599312 0.459809 0.239629 0.208205
0.0038715 31.2844 31.879 30.6898 19.0709 19.5273 18.6145 10.8926 0.594606 0.4564 0.237536 0.205885
0.00398107 30.9166 31.5066 30.3267 18.8537 19.3067 18.4007 10.7495 0.589913 0.453008 0.235459 0.203584
0.00409375 30.5523 31.1376 29.9671 18.6383 19.0879 18.1887 10.6078 0.585232 0.449633 0.2334 0.201301
0.00420962 30.1915 30.7721 29.6109 18.4246 18.8709 17.9784 10.4675 0.580564 0.446275 0.231358 0.199036
0.00432876 29.8341 30.41 29.2582 18.2127 18.6557 17.7698 10.3287 0.575908 0.442935 0.229332 0.196788
0.00445128 29.4801 30.0513 28.9088 18.0026 18.4422 17.5629 10.1913 0.571263 0.43961 0.227323 0.194558
0.00457727 29.1294 29.696 28.5628 17.7941 18.2304 17.3578 10.0553 0.566629 0.436303 0.22533 0.192345
0.00470682 28.7821 29.3441 28.2201 17.5874 18.0204 17.1544 9.9206 0.562007 0.433011 0.223353 0.19015
0.00484003 28.4381 28.9955 27.8807 17.3824 17.8121 16.9527 9.78731 0.557395 0.429736 0.221391 0.187972
0.00497702 28.0974 28.6502 27.5446 17.1791 17.6056 16.7526 9.65538 0.552793 0.426476 0.219445 0.18581
0.00511789 27.7599 28.3081 27.2117 16.9775 17.4007 16.5542 9.5248 0.548201 0.423232 0.217514 0.183666
0.00526274 27.4257 27.9693 26.8821 16.7775 17.1975 16.3575 9.39555 0.543619 0.420003 0.215599 0.181539
0.0054117 27.0947 27.6338 26.5557 16.5792 16.996 16.1624 9.26763 0.539046 0.416789 0.213698 0.179428
0.00556486 26.7669 27.3013 26.2324 16.3826 16.7962 15.969 9.14102 0.534482 0.41359 0.211811 0.177334
0.00572237 26.4422 26.9721 25.9122 16.1876 16.598 15.7772 9.01572 0.529927 0.410406 0.209939 0.175256
0.00588433 26.1206 26.646 25.5952 15.9942 16.4015 15.587 8.89171 0.525381 0.407236 0.208081 0.173195
0.00605088 25.8021 26.323 25.2813 15.8025 16.2065 15.3984 8.76898 0.520842 0.404081 0.206236 0.17115
0.00622213 25.4867 26.003 24.9704 15.6123 16.0133 15.2114 8.64752 0.516311 0.400939 0.204405 0.169121
0.00639824 25.1744 25.6862 24.6626 15.4238 15.8216 15.026 8.52732 0.511788 0.397811 0.202588 0.167107
0.00657933 24.865 25.3723 24.3578 15.2368 15.6315 14.8421 8.40837 0.507272 0.394697 0.200783 0.16511
0.00676555 24.5587 25.0615 24.0559 15.0514 15.443 14.6598 8.29066 0.502763 0.391596 0.198991 0.163128
0.00695704 24.2553 24.7536 23.7571 14.8675 15.2561 14.479 8.17418 0.498261 0.388509 0.197212 0.161162
0.00715394 23.9549 24.4487 23.4611 14.6853 15.0707 14.2998 8.05892 0.493764 0.385434 0.195444 0.159212
0.00735642 23.6574 24.1467 23.1681 14.5045 14.8869 14.1221 7.94487 0.489274 0.382372 0.193689 0.157276
0.00756463 23.3628 23.8476 22.878 14.3253 14.7046 13.9459 7.83202 0.48479 0.379322 0.191945 0.155356
0.00777874 23.071 23.5513 22.5907 14.1475 14.5238 13.7713 7.72035 0.480311 0.376284 0.190213 0.153451
0.0079989 22.7821 23.2579 22.3063 13.9713 14.3446 13.5981 7.60987 0.475838 0.373259 0.188492 0.151561
0.0082253 22.496 22.9674 22.0246 13.7966 14.1669 13.4264 7.50055 0.471369 0.370245 0.186781 0.149686
0.0084581 22.2127 22.6796 21.7458 13.6234 13.9906 13.2561 7.3924 0.466906 0.367243 0.185082 0.147826
0.00869749 21.9322 22.3946 21.4697 13.4516 13.8159 13.0874 7.28539 0.462447 0.364252 0.183392 0.14598
0.00894366 21.6544 22.1124 21.1964 13.2813 13.6426 12.92 7.17952 0.457992 0.361272 0.181713 0.144149
0.00919679 21.3793 21.8329 20.9258 13.1124 13.4707 12.7541 7.07479 0.453541 0.358303 0.180043 0.142332
0.00945709 21.1069 21.556 20.6578 12.945 13.3004 12.5897 6.97118 0.449094 0.355344 0.178383 0.14053
0.00972476 20.8372 21.2819 20.3926 12.779 13.1314 12.4266 6.86867 0.44465 0.352396 0.176732 0.138742
0.01 20.5702 21.0104 20.13 12.6145 12.9639 12.265 6.76727 0.44021 0.349458 0.175089 0.136968
0.010283 20.3058 20.7415 19.87 12.4513 12.7978 12.1048 6.66696 0.435773 0.34653 0.173456 0.135208
0.0105741 20.0439 20.4753 19.6126 12.2895 12.6331 11.9459 6.56774 0.431339 0.343612 0.171831 0.133462
0.0108734 19.7847 20.2116 19.3578 12.1291 12.4698 11.7884 6.46958 0.426908 0.340703 0.170213 0.131729
0.0111811 19.528 19.9505 19.1055 11.9701 12.3079 11.6323 6.3725 0.42248 0.337803 0.168604 0.13001
0.0114976 19.2739 19.6919 18.8558 11.8125 12.1474 11.4776 6.27646 0.418054 0.334912 0.167002 0.128305
0.011823 19.0222 19.4359 18.6086 11.6562 11.9882 11.3241 6.18148 0.41363 0.33203 0.165407 0.126614
0.0121576 18.7731 19.1823 18.3639 11.5012 11.8304 11.1721 6.08754 0.409209 0.329157 0.163819 0.124935
0.0125017 18.5264 18.9312 18.1216 11.3476 11.6739 11.0213 5.99462 0.404789 0.326292 0.162237 0.12327
0.0128556 18.2821 18.6825 17.8818 11.1953 11.5188 10.8719 5.90272 0.400372 0.323435 0.160662 0.121619
0.0132194 18.0403 18.4363 17.6443 11.0443 11.3649 10.7238 5.81183 0.395956 0.320586 0.159093 0.11998
0.0135936 17.8009 18.1924 17.4093 10.8947 11.2124 10.5769 5.72195 0.391542 0.317744 0.157529 0.118354
0.0139783 17.5638 17.951 17.1767 10.7463 11.0612 10.4314 5.63306 0.38713 0.31491 0.155971 0.116741
0.0143739 17.3291 17.7119 16.9464 10.5992 10.9113 10.2871 5.54515 0.382719 0.312083 0.154418 0.115141
0.0147808 17.0968 17.4751 16.7185 10.4533 10.7626 10.1441 5.45822 0.37831 0.309263 0.15287 0.113554
0.0151991 16.8668 17.2407 16.4929 10.3088 10.6152 10.0023 5.37226 0.373902 0.30645 0.151327 0.111979
0.0156293 16.639 17.0085 16.2695 10.1655 10.4691 9.86182 5.28725 0.369496 0.303643 0.149788 0.110416
0.0160717 16.4135 16.7786 16.0484 10.0234 10.3242 9.72255 5.2032 0.365092 0.300843 0.148253 0.108867
0.0165265 16.1903 16.551 15.8296 9.88255 10.1806 9.58451 5.12009 0.360688 0.298048 0.146722 0.107329
0.0169943 15.9693 16.3256 15.613 9.74294 10.0382 9.44768 5.03792 0.356287 0.29526 0.145194 0.105804
0.0174753 15.7505 16.1024 15.3986 9.60453 9.89701 9.31205 4.95667 0.351887 0.292477 0.143669 0.10429
0.0179699 15.5339 15.8814 15.1864 9.46733 9.75703 9.17763 4.87634 0.347488 0.289699 0.142147 0.102789
0.0184785 15.3194 15.6625 14.9764 9.33132 9.61824 9.04439 4.79691 0.343092 0.286926 0.140629 0.1013
0.0190015 15.1071 15.4458 14.7684 9.19649 9.48065 8.91233 4.71839 0.338697 0.284158 0.139112 0.0998226
0.0195393 14.897 15.2313 14.5627 9.06284 9.34424 8.78145 4.64077 0.334304 0.281395 0.137598 0.098357
0.0200923 14.6889 15.0188 14.359 8.93035 9.20899 8.65172 4.56402 0.329913 0.278637 0.136086 0.0969032
0.020661 14.4829 14.8084 14.1574 8.79902 9.0749 8.52314 4.48816 0.325525 0.275883 0.134575 0.095461
0.0212458 14.279 14.6001 13.9578 8.66883 8.94196 8.3957 4.41316 0.321138 0.273133 0.133066 0.0940304
0.0218471 14.0771 14.3938 13.7603 8.53978 8.81016 8.26939 4.33903 0.316755 0.270386 0.131558 0.0926113
0.0224655 13.8772 14.1896 13.5648 8.41185 8.67949 8.14421 4.26575 0.312375 0.267644 0.130052 0.0912036
0.0231013 13.6794 13.9874 13.3714 8.28504 8.54994 8.02013 4.19331 0.307997 0.264904 0.128546 0.0898072
0.0237551 13.4835 13.7871 13.1799 8.15934 8.42151 7.89717 4.12172 0.303623 0.262168 0.127041 0.088422
0.0244275 13.2896 13.5888 12.9903 8.03473 8.29417 7.7753 4.05095 0.299253 0.259435 0.125536 0.0870481
0.0251189 13.0976 13.3925 12.8027 7.91122 8.16792 7.65451 3.981 0.294887 0.256705 0.124032 0.0856853
0.0258298 12.9076 13.1981 12.617 7.78878 8.04276 7.5348 3.91188 0.290525 0.253978 0.122528 0.0843335
0.0265609 12.7194 13.0056 12.4333 7.66741 7.91867 7.41616 3.84355 0.286168 0.251253 0.121023 0.0829927
0.0273126 12.5332 12.815 12.2514 7.54711 7.79564 7.29858 3.77603 0.281816 0.24853 0.119519 0.0816628
0.0280857 12.3488 12.6263 12.0713 7.42786 7.67367 7.18205 3.70931 0.27747 0.245809 0.118014 0.0803437
0.0288806 12.1663 12.4394 11.8931 7.30965 7.55274 7.06656 3.64336 0.27313 0.24309 0.116509 0.0790355
0.029698 11.9856 12.2544 11.7168 7.19248 7.43285 6.95211 3.5782 0.268796 0.240373 0.115004 0.0777379
0.0305386 11.8067 12.0711 11.5422 7.07633 7.31399 6.83868 3.5138 0.264469 0.237658 0.113497 0.076451
0.0314029 11.6296 11.8897 11.3694 6.9612 7.19615 6.72626 3.45017 0.26015 0.234944 0.11199 0.0751747
0.0322917 11.4542 11.7101 11.1984 6.84708 7.07931 6.61485 3.3873 0.255839 0.232231 0.110483 0.073909
0.0332057 11.2807 11.5322 11.0291 6.73396 6.96348 6.50444 3.32517 0.251537 0.229519 0.108974 0.0726538
0.0341455 11.1088 11.3561 10.8616 6.62183 6.84864 6.39502 3.26379 0.247244 0.226808 0.107465 0.071409
0.0351119 10.9387 11.1816 10.6957 6.51069 6.73478 6.28659 3.20314 0.242961 0.224098 0.105954 0.0701745
0.0361057 10.7703 11.0089 10.5316 6.40051 6.6219 6.17913 3.14322 0.238689 0.221389 0.104443 0.0689505
0.0371276 10.6035 10.8379 10.3691 6.29131 6.50999 6.07263 3.08401 0.234428 0.21868 0.102931 0.0677367
0.0381784 10.4384 10.6686 10.2082 6.18306 6.39903 5.96709 3.02553 0.230179 0.215971 0.101418 0.0665331
0.039259 10.275 10.5009 10.049 6.07576 6.28903 5.8625 2.96775 0.225942 0.213263 0.0999037 0.0653398
0.0403702 10.1132 10.3349 9.89143 5.96941 6.17997 5.75886 2.91066 0.22172 0.210555 0.098389 0.0641566
0.0415128 9.95294 10.1705 9.73543 5.86399 6.07184 5.65614 2.85428 0.217511 0.207847 0.0968736 0.0629836
0.0426877 9.79431 10.0076 9.581 5.7595 5.96464 5.55436 2.79858 0.213318 0.20514 0.0953576 0.0618206
0.0438959 9.63726 9.8464 9.42812 5.65592 5.85835 5.45349 2.74355 0.209141 0.202432 0.0938411 0.0606677
0.0451383 9.48176 9.68674 9.27678 5.55326 5.75298 5.35353 2.68921 0.204981 0.199724 0.0923242 0.0595248
0.0464159 9.32779 9.52863 9.12695 5.4515 5.64851 5.25448 2.63552 0.200838 0.197015 0.0908071 0.0583919
0.0477296 9.17534 9.37205 8.97862 5.35063 5.54494 5.15633 2.5825 0.196714 0.194307 0.08929 0.0572689
0.0490805 9.02439 9.217 8.83178 5.25066 5.44226 5.05906 2.53013 0.19261 0.191598 0.087773 0.0561559
0.0504697 8.87492 9.06344 8.68639 5.15157 5.34046 4.96268 2.47841 0.188526 0.188889 0.0862564 0.0550527
0.0518981 8.72691 8.91137 8.54245 5.05335 5.23953 4.86717 2.42733 0.184464 0.18618 0.0847403 0.0539595
0.053367 8.58035 8.76077 8.39992 4.95601 5.13948 4.77253 2.37689 0.180425 0.18347 0.0832251 0.0528761
0.0548775 8.43522 8.61162 8.25881 4.85952 5.04028 4.67876 2.32707 0.176409 0.18076 0.0817109 0.0518025
0.0564307 8.29149 8.46391 8.11908 4.76389 4.94194 4.58584 2.27788 0.172418 0.17805 0.0801981 0.0507388
0.0580278 8.14916 8.31762 7.98071 4.66911 4.84445 4.49377 2.2293 0.168452 0.175339 0.0786869 0.0496849
0.0596702 8.00821 8.17272 7.8437 4.57517 4.7478 4.40254 2.18133 0.164513 0.172629 0.0771777 0.0486409
0.0613591 7.86862 8.02922 7.70801 4.48207 4.65199 4.31215 2.13397 0.160602 0.169918 0.0756708 0.0476066
0.0630957 7.73036 7.88708 7.57364 4.3898 4.55701 4.2226 2.0872 0.15672 0.167207 0.0741666 0.0465821
0.0648815 7.59343 7.7463 7.44056 4.29836 4.46286 4.13387 2.04103 0.152868 0.164497 0.0726655 0.0455674
0.0667179 7.45781 7.60685 7.30876 4.20774 4.36953 4.04596 1.99544 0.149047 0.161786 0.0711678 0.0445626
0.0686062 7.32347 7.46873 7.17821 4.11794 4.27702 3.95886 1.95044 0.145258 0.159076 0.0696739 0.0435675
0.070548 7.19041 7.33191 7.04891 4.02895 4.18531 3.87258 1.90601 0.141502 0.156367 0.0681842 0.0425822
0.0725448 7.0586 7.19638 6.92082 3.94076 4.09442 3.7871 1.86215 0.137781 0.153658 0.0666993 0.0416068
0.074598 6.92803 7.06213 6.79393 3.85338 4.00433 3.70243 1.81886 0.134096 0.15095 0.0652195 0.0406412
0.0767094 6.79868 6.92913 6.66823 3.76679 3.91504 3.61855 1.77613 0.130447 0.148244 0.0637453 0.0396854
0.0788805 6.67053 6.79737 6.5437 3.681 3.82654 3.53547 1.73395 0.126836 0.145538 0.0622771 0.0387396
0.0811131 6.54357 6.66684 6.42031 3.59601 3.73884 3.45317 1.69232 0.123264 0.142835 0.0608156 0.0378036
0.0834088 6.41778 6.53752 6.29805 3.5118 3.65193 3.37167 1.65124 0.119732 0.140133 0.0593611 0.0368775
0.0857696 6.29315 6.40939 6.17691 3.42838 3.56581 3.29095 1.6107 0.116241 0.137433 0.0579142 0.0359614
0.0881971 6.16965 6.28244 6.05685 3.34574 3.48048 3.21101 1.57069 0.112793 0.134737 0.0564754 0.0350553
0.0906934 6.04726 6.15665 5.93788 3.26389 3.39593 3.13185 1.53122 0.109387 0.132043 0.0550452 0.0341592
0.0932603 5.92599 6.03202 5.81996 3.18282 3.31217 3.05347 1.49227 0.106026 0.129352 0.0536243 0.0332732
0.0958999 5.8058 5.90851 5.70309 3.10253 3.22919 2.97586 1.45385 0.102711 0.126666 0.052213 0.0323973
0.0986142 5.68668 5.78612 5.58724 3.02302 3.147 2.89903 1.41594 0.0994417 0.123983 0.050812 0.0315315
0.101405 5.56862 5.66484 5.4724 2.94429 3.06559 2.82298 1.37855 0.09622 0.121306 0.0494218 0.030676
0.104275 5.45159 5.54464 5.35855 2.86633 2.98497 2.7477 1.34167 0.0930466 0.118633 0.048043 0.0298307
0.107227 5.33559 5.42552 5.24567 2.78916 2.90513 2.6732 1.3053 0.0899224 0.115966 0.0466762 0.0289958
0.110262 5.2206 5.30745 5.13375 2.71278 2.82608 2.59947 1.26943 0.0868485 0.113306 0.0453219 0.0281712
0.113382 5.1066 5.19043 5.02277 2.63718 2.74783 2.52652 1.23407 0.0838257 0.110653 0.0439806 0.0273571
0.116591 4.99358 5.07443 4.91272 2.56236 2.67037 2.45435 1.1992 0.0808548 0.108007 0.042653 0.0265535
0.119891 4.88152 4.95946 4.80358 2.48834 2.59371 2.38297 1.16482 0.0779366 0.105369 0.0413395 0.0257605
0.123285 4.77041 4.84548 4.69534 2.41511 2.51785 2.31237 1.13095 0.075072 0.102741 0.0400409 0.0249783
0.126774 4.66023 4.73249 4.58797 2.34268 2.44281 2.24256 1.09756 0.0722615 0.100122 0.0387575 0.0242067
0.130362 4.55097 4.62048 4.48147 2.27106 2.36858 2.17355 1.06466 0.0695061 0.0975136 0.03749 0.0234461
0.134052 4.44263 4.50943 4.37582 2.20025 2.29517 2.10534 1.03224 0.0668062 0.0949165 0.0362388 0.0226964
0.137846 4.33517 4.39933 4.27101 2.13026 2.22259 2.03793 1.00031 0.0641626 0.0923314 0.0350046 0.0219577
0.141747 4.2286 4.29018 4.16703 2.0611 2.15086 1.97134 0.968866 0.0615756 0.0897594 0.0337879 0.0212302
0.145759 4.1229 4.18194 4.06385 1.99277 2.07997 1.90557 0.937902 0.059046 0.0872012 0.0325891 0.0205139
0.149885 4.01805 4.07463 3.96148 1.92528 2.00994 1.84062 0.907419 0.0565741 0.0846579 0.0314088 0.019809
0.154127 3.91406 3.96822 3.8599 1.85865 1.94078 1.77652 0.877416 0.0541602 0.0821303 0.0302475 0.0191156
0.158489 3.81091 3.86271 3.7591 1.79289 1.87251 1.71327 0.847893 0.0518049 0.0796197 0.0291056 0.0184338
0.162975 3.70858 3.75809 3.65907 1.72801 1.80513 1.65088 0.81885 0.0495084 0.0771269 0.0279837 0.0177637
0.167588 3.60708 3.65435 3.55981 1.66401 1.73867 1.58936 0.790286 0.047271 0.0746531 0.0268821 0.0171054
0.172331 3.50639 3.55149 3.4613 1.60093 1.67313 1.52873 0.762202 0.0450928 0.0721995 0.0258013 0.0164591
0.177209 3.40652 3.44949 3.36354 1.53877 1.60854 1.469 0.734599 0.042974 0.0697671 0.0247418 0.0158249
0.182224 3.30744 3.34836 3.26653 1.47755 1.5449 1.41019 0.707477 0.0409148 0.0673572 0.0237039 0.0152028
0.187382 3.20917 3.24809 3.17026 1.41728 1.48225 1.35231 0.680838 0.038915 0.0649709 0.022688 0.0145932
0.192685 3.1117 3.14867 3.07473 1.35799 1.4206 1.29538 0.654684 0.0369748 0.0626096 0.0216945 0.013996
0.198139 3.01503 3.05012 2.97993 1.29969 1.35997 1.23942 0.629014 0.035094 0.0602746 0.0207238 0.0134115
0.203747 2.91916 2.95243 2.88589 1.24242 1.30038 1.18445 0.603832 0.0332725 0.057967 0.0197761 0.0128397
0.209514 2.82409 2.8556 2.79258 1.18618 1.24187 1.13049 0.579141 0.0315101 0.0556884 0.0188518 0.0122808
0.215443 2.72984 2.75965 2.70003 1.13101 1.18445 1.07757 0.554941 0.0298066 0.0534399 0.0179511 0.011735
0.221541 2.6364 2.66457 2.60824 1.07693 1.12815 1.0257 0.531237 0.0281617 0.0512231 0.0170744 0.0112023
0.227812 2.5438 2.57037 2.51722 1.02396 1.073 0.974923 0.50803 0.026575 0.0490393 0.0162218 0.0106829
0.234259 2.45204 2.47709 2.42699 0.972144 1.01903 0.925254 0.485325 0.025046 0.0468898 0.0153935 0.0101769
0.24089 2.36114 2.38472 2.33757 0.921501 0.966277 0.876725 0.463124 0.0235744 0.0447762 0.0145897 0.00968436
0.247708 2.27113 2.29329 2.24897 0.872067 0.914767 0.829368 0.441431 0.0221596 0.0426999 0.0138106 0.00920547
0.254719 2.18203 2.20283 2.16123 0.823876 0.864538 0.783214 0.42025 0.020801 0.0406622 0.0130562 0.00874027
0.261928 2.09387 2.11336 2.07437 0.776967 0.815632 0.738303 0.399585 0.0194979 0.0386645 0.0123267 0.00828881
0.269341 2.00669 2.02494 1.98844 0.731384 0.768092 0.694676 0.379441 0.0182496 0.0367083 0.0116219 0.00785111
0.276965 1.92055 1.9376 1.90349 0.687177 0.721972 0.652382 0.359822 0.0170553 0.0347948 0.0109419 0.00742716
0.284804 1.8355 1.85141 1.81959 0.644415 0.67734 0.611489 0.340733 0.015914 0.0329254 0.0102865 0.00701685
0.292864 1.75165 1.76648 1.73683 0.603198 0.6343 0.572097 0.32218 0.0148248 0.0311012 0.00965546 0.00661995
0.301153 1.66919 1.68297 1.6554 0.563733 0.593056 0.53441 0.304171 0.0137862 0.0293233 0.00904811 0.00623595
0.309677 1.58872 1.60151 1.57592 0.526829 0.554421 0.499237 0.28672 0.0127962 0.0275918 0.00846295 0.00586333
0.318442 1.53142 1.54385 1.51899 0.503942 0.530886 0.476997 0.280276 0.0124296 0.0269445 0.00824266 0.00572058
0.321833 1.50148 1.51356 1.48941 0.48992 0.516231 0.463609 0.273975 0.0120738 0.026311 0.00802805 0.00558122
0.325224 1.47203 1.48376 1.4603 0.476239 0.50193 0.450548 0.267814 0.0117283 0.025691 0.00781897 0.00544516
0.328614 1.44304 1.45443 1.43164 0.462892 0.487977 0.437808 0.26179 0.0113929 0.0250842 0.00761524 0.00531231
0.332005 1.41451 1.42557 1.40344 0.449871 0.474362 0.425381 0.255899 0.0110672 0.0244903 0.00741673 0.0051826
0.335396 1.38642 1.39717 1.37567 0.437169 0.461078 0.41326 0.250137 0.0107508 0.023909 0.00722329 0.00505594
0.338787 1.35878 1.36923 1.34834 0.424777 0.448117 0.401437 0.244503 0.0104436 0.0233401 0.00703478 0.00493225
0.342178 1.33158 1.34172 1.32143 0.41269 0.435473 0.389907 0.238992 0.0101452 0.0227834 0.00685107 0.00481146
0.345569 1.3048 1.31466 1.29495 0.4009 0.423138 0.378661 0.233601 0.0098553 0.0222385 0.00667202 0.00469349
0.348959 1.27844 1.28802 1.26887 0.3894 0.411105 0.367695 0.228328 0.0095737 0.0217052 0.0064975 0.00457828
0.35235 1.2525 1.2618 1.2432 0.378184 0.399368 0.357001 0.22317 0.00930012 0.0211833 0.0063274 0.00446575
0.355741 1.22696 1.23599 1.21792 0.367246 0.387919 0.346574 0.218123 0.0090343 0.0206725 0.00616159 0.00435584
0.359132 1.20182 1.21059 1.19304 0.35658 0.376753 0.336407 0.213186 0.00877602 0.0201726 0.00599996 0.00424848
0.362523 1.17707 1.1856 1.16855 0.346179 0.365862 0.326495 0.208356 0.00852504 0.0196835 0.0058424 0.00414361
0.365914 1.15271 1.16099 1.14443 0.336037 0.355242 0.316833 0.20363 0.00828115 0.0192048 0.0056888 0.00404117
0.369305 1.12873 1.13678 1.12069 0.32615 0.344886 0.307413 0.199006 0.00804411 0.0187363 0.00553905 0.0039411
0.372695 1.10513 1.11294 1.09732 0.31651 0.334788 0.298233 0.194481 0.00781374 0.0182779 0.00539305 0.00384334
0.376086 1.0819 1.08949 1.07431 0.307114 0.324943 0.289284 0.190053 0.00758982 0.0178293 0.00525071 0.00374784
0.379477 1.05903 1.0664 1.05165 0.297955 0.315345 0.280564 0.185721 0.00737217 0.0173904 0.00511192 0.00365453
0.382868 1.03652 1.04368 1.02936 0.289028 0.305988 0.272067 0.181481 0.0071606 0.0169609 0.0049766 0.00356338
0.386259 1.01436 1.02132 1.00741 0.280328 0.296868 0.263787 0.177332 0.00695493 0.0165407 0.00484466 0.00347433
0.38965 0.992558 0.999313 0.985803 0.27185 0.28798 0.255721 0.173271 0.00675499 0.0161295 0.004716 0.00338732
0.39304 0.971096 0.977657 0.964536 0.26359 0.279317 0.247862 0.169297 0.0065606 0.0157272 0.00459054 0.00330231
0.396431 0.949975 0.956346 0.943603 0.255542 0.270875 0.240208 0.165407 0.0063716 0.0153336 0.0044682 0.00321925
0.399822 0.92919 0.935377 0.923002 0.247702 0.26265 0.232753 0.1616 0.00618785 0.0149485 0.0043489 0.0031381
0.403213 0.908736 0.914745 0.902727 0.240065 0.254637 0.225493 0.157875 0.00600917 0.0145718 0.00423257 0.0030588
0.406604 0.888609 0.894444 0.882773 0.232627 0.246831 0.218424 0.154228 0.00583544 0.0142033 0.00411912 0.00298133
0.409995 0.868804 0.874471 0.863138 0.225384 0.239227 0.211541 0.150659 0.0056665 0.0138429 0.00400848 0.00290563
0.413385 0.849319 0.854821 0.843816 0.218331 0.231821 0.20484 0.147165 0.00550222 0.0134903 0.00390059 0.00283166
0.416776 0.830148 0.83549 0.824805 0.211464 0.224609 0.198318 0.143745 0.00534247 0.0131454 0.00379537 0.00275939
0.420167 0.811287 0.816475 0.8061 0.204778 0.217586 0.19197 0.140398 0.00518711 0.012808 0.00369276 0.00268878
0.423558 0.792734 0.79777 0.787698 0.198271 0.210749 0.185793 0.137121 0.00503602 0.0124781 0.00359269 0.00261978
0.426949 0.774486 0.779375 0.769597 0.191938 0.204093 0.179782 0.133914 0.00488908 0.0121555 0.0034951 0.00255236
0.43034 0.756536 0.761283 0.75179 0.185775 0.197615 0.173935 0.130775 0.00474617 0.0118399 0.00339992 0.00248648
0.43373 0.738884 0.743491 0.734277 0.179778 0.191309 0.168246 0.127702 0.00460718 0.0115313 0.00330709 0.00242212
0.437121 0.721524 0.725996 0.717052 0.173944 0.185173 0.162714 0.124694 0.004472 0.0112296 0.00321657 0.00235923
0.440512 0.704454 0.708795 0.700114 0.168268 0.179203 0.157334 0.121749 0.00434053 0.0109346 0.00312829 0.00229778
0.443903 0.687671 0.691884 0.683458 0.162749 0.173395 0.152103 0.118867 0.00421265 0.0106462 0.00304219 0.00223774
0.447294 0.671171 0.675259 0.667082 0.157381 0.167745 0.147017 0.116045 0.00408828 0.0103642 0.00295822 0.00217907
0.450685 0.65495 0.658917 0.650983 0.152162 0.16225 0.142073 0.113283 0.00396731 0.0100885 0.00287634 0.00212176
0.454075 0.639007 0.642857 0.635157 0.147088 0.156907 0.137269 0.110579 0.00384964 0.00981896 0.00279648 0.00206576
0.457466 0.623338 0.627073 0.619603 0.142155 0.151711 0.1326 0.107933 0.0037352 0.00955553 0.00271861 0.00201105
0.460857 0.607939 0.611563 0.604315 0.137362 0.14666 0.128064 0.105342 0.00362388 0.00929805 0.00264267 0.00195759
0.464248 0.592808 0.596324 0.589293 0.132704 0.14175 0.123657 0.102806 0.00351561 0.0090464 0.00256861 0.00190537
0.467639 0.577942 0.581353 0.574532 0.128178 0.136978 0.119377 0.100323 0.0034103 0.00880047 0.00249639 0.00185436
0.47103 0.563339 0.566647 0.560032 0.123781 0.132342 0.115221 0.0978935 0.00330787 0.00856014 0.00242597 0.00180452
0.47442 0.548995 0.552203 0.545787 0.119511 0.127837 0.111186 0.0955148 0.00320825 0.0083253 0.0023573 0.00175583
0.477811 0.534908 0.538019 0.531797 0.115365 0.12346 0.107269 0.0931865 0.00311135 0.00809585 0.00229034 0.00170827
0.481202 0.521074 0.524091 0.518057 0.111338 0.11921 0.103467 0.0909075 0.0030171 0.00787168 0.00222505 0.00166181
0.484593 0.507492 0.510417 0.504566 0.10743 0.115082 0.0997771 0.0886767 0.00292544 0.00765268 0.00216139 0.00161643
0.487984 0.494158 0.496994 0.491321 0.103636 0.111075 0.0961973 0.0864932 0.00283628 0.00743875 0.00209933 0.00157211
0.491375 0.48107 0.483819 0.47832 0.0999546 0.107184 0.0927248 0.084356 0.00274957 0.00722979 0.00203881 0.00152881
0.494765 0.468225 0.47089 0.46556 0.0963825 0.103408 0.0893568 0.0822641 0.00266524 0.00702571 0.00197981 0.00148653
0.498156 0.455621 0.458204 0.453037 0.0929173 0.0997437 0.0860909 0.0802167 0.00258323 0.0068264 0.0019223 0.00144524
0.501547 0.443254 0.445758 0.440751 0.0895564 0.0961882 0.0829246 0.0782128 0.00250347 0.00663177 0.00186623 0.00140491
0.504938 0.431124 0.43355 0.428698 0.0862972 0.0927389 0.0798555 0.0762515 0.00242591 0.00644173 0.00181157 0.00136553
0.508329 0.419226 0.421577 0.416876 0.0831373 0.0893935 0.0768811 0.0743321 0.00235048 0.00625619 0.00175829 0.00132707
0.51172 0.40756 0.409837 0.405282 0.0800743 0.0861494 0.0739992 0.0724536 0.00227714 0.00607506 0.00170635 0.00128952
0.51511 0.396121 0.398326 0.393915 0.0771058 0.083004 0.0712075 0.0706152 0.00220581 0.00589825 0.00165573 0.00125286
0.518501 0.384907 0.387044 0.382771 0.0742293 0.079955 0.0685037 0.0688161 0.00213647 0.00572567 0.0016064 0.00121706
0.521892 0.373917 0.375986 0.371848 0.0714427 0.077 0.0658855 0.0670555 0.00206904 0.00555724 0.00155832 0.00118212
0.525283 0.363148 0.365151 0.361144 0.0687437 0.0741365 0.0633508 0.0653327 0.00200348 0.00539287 0.00151146 0.00114801
0.528674 0.352597 0.354537 0.350657 0.06613 0.0713625 0.0608975 0.0636469 0.00193974 0.00523249 0.0014658 0.00111471
0.532065 0.342262 0.344139 0.340384 0.0635995 0.0686756 0.0585235 0.0619973 0.00187777 0.00507602 0.00142131 0.00108221
0.535455 0.33214 0.333958 0.330322 0.0611501 0.0660735 0.0562267 0.0603833 0.00181753 0.00492337 0.00137796 0.00105048
0.538846 0.322229 0.323988 0.32047 0.0587797 0.0635542 0.0540052 0.0588042 0.00175897 0.00477447 0.00133573 0.00101953
0.542237 0.312528 0.31423 0.310826 0.0564863 0.0611155 0.051857 0.0572592 0.00170205 0.00462925 0.00129458 0.000989317
0.545628 0.303032 0.304679 0.301385 0.0542678 0.0587554 0.0497802 0.0557476 0.00164673 0.00448762 0.0012545 0.000959839
0.549019 0.293741 0.295334 0.292148 0.0521222 0.0564717 0.0477727 0.0542689 0.00159296 0.00434952 0.00121546 0.000931078
0.55241 0.284651 0.286192 0.28311 0.0500477 0.0542626 0.0458329 0.0528224 0.00154071 0.00421487 0.00117744 0.00090302
0.5558 0.27576 0.27725 0.27427 0.0480424 0.052126 0.0439588 0.0514074 0.00148993 0.00408361 0.00114041 0.000875648
0.559191 0.267067 0.268507 0.265626 0.0461044 0.0500601 0.0421487 0.0500233 0.00144058 0.00395567 0.00110434 0.000848949
0.562582 0.258568 0.25996 0.257175 0.0442318 0.0480628 0.0404008 0.0486696 0.00139264 0.00383097 0.00106923 0.000822909
0.565973 0.250261 0.251607 0.248915 0.042423 0.0461325 0.0387136 0.0473456 0.00134606 0.00370945 0.00103504 0.000797515
0.569364 0.242144 0.243445 0.240843 0.0406762 0.0442673 0.0370852 0.0460507 0.00130081 0.00359105 0.00100175 0.000772752
0.572755 0.234215 0.235472 0.232958 0.0389897 0.0424654 0.035514 0.0447844 0.00125685 0.0034757 0.000969353 0.000748607
0.576146 0.226471 0.227685 0.225256 0.0373617 0.0407251 0.0339984 0.0435462 0.00121415 0.00336334 0.000937816 0.000725068
0.579536 0.218909 0.220082 0.217737 0.0357907 0.0390446 0.0325368 0.0423354 0.00117269 0.00325391 0.000907122 0.000702123
0.582927 0.211528 0.212661 0.210396 0.0342751 0.0374225 0.0311278 0.0411516 0.00113242 0.00314734 0.000877253 0.000679758
0.586318 0.204326 0.205419 0.203233 0.0328133 0.0358569 0.0297697 0.0399942 0.00109331 0.00304358 0.000848189 0.000657962
0.589709 0.197299 0.198354 0.196244 0.0314038 0.0343463 0.0284612 0.0388628 0.00105535 0.00294256 0.000819912 0.000636723
0.5931 0.190446 0.191464 0.189427 0.030045 0.0328892 0.0272008 0.0377568 0.00101848 0.00284424 0.000792404 0.000616029
0.596491 0.183764 0.184746 0.182781 0.0287355 0.0314841 0.025987 0.0366758 0.000982704 0.00274855 0.000765647 0.00059587
0.599881 0.17725 0.178198 0.176302 0.0274739 0.0301293 0.0248185 0.0356192 0.000947974 0.00265543 0.000739625 0.000576233
0.603272 0.170903 0.171818 0.169989 0.0262587 0.0288236 0.0236939 0.0345866 0.000914268 0.00256484 0.000714321 0.000557109
0.606663 0.164721 0.165602 0.163839 0.0250886 0.0275654 0.0226119 0.0335775 0.000881561 0.00247672 0.000689717 0.000538486
0.610054 0.158699 0.159549 0.15785 0.0239623 0.0263533 0.0215713 0.0325916 0.000849826 0.00239101 0.000665798 0.000520354
0.613445 0.152838 0.153657 0.152019 0.0228783 0.025186 0.0205707 0.0316283 0.000819039 0.00230767 0.000642548 0.000502702
0.616836 0.147133 0.147922 0.146344 0.0218355 0.0240621 0.0196089 0.0306872 0.000789176 0.00222665 0.000619953 0.000485522
0.620226 0.141583 0.142343 0.140823 0.0208326 0.0229804 0.0186847 0.0297679 0.000760212 0.00214788 0.000597995 0.000468802
0.623617 0.136185 0.136917 0.135453 0.0198683 0.0219396 0.0177969 0.02887 0.000732124 0.00207134 0.000576663 0.000452533
0.627008 0.130937 0.131642 0.130232 0.0189414 0.0209384 0.0169444 0.0279931 0.000704891 0.00199695 0.000555939 0.000436707
0.630399 0.125837 0.126516 0.125159 0.0180508 0.0199755 0.0161261 0.0271367 0.00067849 0.00192469 0.000535812 0.000421313
0.63379 0.120882 0.121535 0.120229 0.0171954 0.0190499 0.0153409 0.0263006 0.000652899 0.00185451 0.000516266 0.000406342
0.637181 0.11607 0.116698 0.115441 0.0163739 0.0181603 0.0145876 0.0254843 0.000628098 0.00178634 0.000497289 0.000391786
0.640571 0.111398 0.112002 0.110794 0.0155854 0.0173056 0.0138653 0.0246874 0.000604067 0.00172017 0.000478867 0.000377635
0.643962 0.106864 0.107445 0.106283 0.0148288 0.0164847 0.0131729 0.0239096 0.000580786 0.00165592 0.000460987 0.000363882
0.647353 0.102466 0.103024 0.101908 0.014103 0.0156965 0.0125094 0.0231505 0.000558234 0.00159358 0.000443637 0.000350517
0.650744 0.0982011 0.0987374 0.0976647 0.0134069 0.01494 0.0118739 0.0224097 0.000536395 0.00153309 0.000426804 0.000337533
0.654135 0.0940672 0.0945825 0.093552 0.0127397 0.0142141 0.0112653 0.021687 0.000515248 0.0014744 0.000410477 0.000324921
0.657526 0.090062 0.0905568 0.0895673 0.0121004 0.0135179 0.0106829 0.020982 0.000494775 0.00141749 0.000394642 0.000312674
0.660916 0.0861831 0.086658 0.0857081 0.011488 0.0128503 0.0101257 0.0202943 0.000474961 0.0013623 0.00037929 0.000300782
0.664307 0.0824279 0.0828837 0.0819722 0.0109016 0.0122104 0.00959278 0.0196236 0.000455786 0.00130881 0.000364408 0.00028924
0.667698 0.0787943 0.0792315 0.0783571 0.0103403 0.0115973 0.00908333 0.0189696 0.000437235 0.00125696 0.000349985 0.000278039
0.671089 0.0752798 0.0756991 0.0748605 0.00980324 0.01101 0.00859651 0.0183321 0.000419291 0.00120673 0.000336011 0.000267172
0.67448 0.0718822 0.0722841 0.0714802 0.0092896 0.0104477 0.00813153 0.0177105 0.000401938 0.00115807 0.000322474 0.000256631
0.677871 0.0685989 0.0689841 0.0682137 0.00879853 0.00990948 0.00768758 0.0171048 0.000385161 0.00111095 0.000309365 0.00024641
0.681261 0.0654277 0.0657967 0.0650588 0.00832924 0.00939457 0.00726391 0.0165146 0.000368944 0.00106533 0.000296672 0.000236501
0.684652 0.0623662 0.0627195 0.062013 0.00788094 0.00890212 0.00685977 0.0159395 0.000353272 0.00102118 0.000284387 0.000226897
0.688043 0.0594122 0.0597503 0.0590741 0.00745288 0.00843133 0.00647443 0.0153793 0.000338132 0.000978451 0.000272498 0.000217592
0.691434 0.0565633 0.0568868 0.0562397 0.00704432 0.00798144 0.0061072 0.0148338 0.000323508 0.000937123 0.000260997 0.000208579
0.694825 0.0538171 0.0541265 0.0535077 0.00665454 0.0075517 0.00575738 0.0143026 0.000309387 0.000897157 0.000249874 0.000199851
0.698216 0.0511714 0.0514672 0.0508756 0.00628285 0.00714137 0.00542433 0.0137855 0.000295756 0.000858521 0.000239119 0.000191402
0.701606 0.0486238 0.0489064 0.0483412 0.00592856 0.00674974 0.00510738 0.0132822 0.000282601 0.00082118 0.000228724 0.000183226
0.704997 0.0461721 0.046442 0.0459022 0.00559102 0.00637613 0.00480592 0.0127924 0.000269909 0.000785104 0.00021868 0.000175315
0.708388 0.0438139 0.0440716 0.0435563 0.00526959 0.00601985 0.00451933 0.0123159 0.000257668 0.000750261 0.000208977 0.000167665
0.711779 0.0415471 0.041793 0.0413013 0.00496365 0.00568027 0.00424703 0.0118525 0.000245866 0.00071662 0.000199608 0.000160269
0.71517 0.0393694 0.0396038 0.0391349 0.00467259 0.00535674 0.00398844 0.0114018 0.000234489 0.000684151 0.000190564 0.000153121
0.718561 0.0372784 0.037502 0.0370549 0.00439584 0.00504866 0.00374301 0.0109637 0.000223528 0.000652823 0.000181836 0.000146216
0.721951 0.0352721 0.0354851 0.0350591 0.00413282 0.00475542 0.00351021 0.0105379 0.000212969 0.000622608 0.000173417 0.000139547
0.725342 0.0333481 0.0335509 0.0331453 0.00388298 0.00447645 0.0032895 0.0101242 0.000202802 0.000593477 0.000165298 0.000133109
0.728733 0.0315043 0.0316974 0.0313113 0.00364579 0.00421119 0.00308038 0.00972227 0.000193016 0.000565401 0.000157473 0.000126896
0.732124 0.0297386 0.0299222 0.029555 0.00342073 0.00395909 0.00288238 0.00933196 0.000183599 0.000538354 0.000149932 0.000120903
0.735515 0.0280486 0.0282232 0.0278741 0.0032073 0.00371961 0.002695 0.00895304 0.000174543 0.000512306 0.000142669 0.000115124
0.738906 0.0264324 0.0265982 0.0262666 0.00300503 0.00349226 0.00251779 0.00858527 0.000165835 0.000487233 0.000135677 0.000109555
0.742296 0.0248878 0.0250452 0.0247303 0.00281342 0.00327653 0.00235032 0.00822844 0.000157467 0.000463108 0.000128948 0.00010419
0.745687 0.0234126 0.023562 0.0232632 0.00263204 0.00307195 0.00219214 0.00788234 0.000149428 0.000439904 0.000122474 9.90229e-05
0.749078 0.0220048 0.0221466 0.0218631 0.00246044 0.00287804 0.00204285 0.00754675 0.000141709 0.000417597 0.00011625 9.40499e-05
0.752469 0.0206624 0.0207967 0.0205281 0.0022982 0.00269436 0.00190204 0.00722146 0.0001343 0.000396162 0.000110269 8.92657e-05
0.75586 0.0193833 0.0195105 0.0192561 0.00214491 0.00252048 0.00176933 0.00690628 0.000127192 0.000375574 0.000104522 8.46653e-05
0.759251 0.0181655 0.0182859 0.0180452 0.00200016 0.00235597 0.00164435 0.00660098 0.000120376 0.000355809 9.90052e-05 8.02439e-05
0.762641 0.0170071 0.0171209 0.0168932 0.00186357 0.00220042 0.00152673 0.00630539 0.000113844 0.000336845 9.37107e-05 7.59968e-05
0.766032 0.015906 0.0160135 0.0157984 0.00173478 0.00205344 0.00141613 0.00601929 0.000107586 0.000318657 8.86325e-05 7.19193e-05
0.769423 0.0148603 0.0149619 0.0147587 0.00161343 0.00191465 0.0013122 0.0057425 0.000101595 0.000301224 8.37643e-05 6.80069e-05
0.772814 0.0138681 0.0139639 0.0137722 0.00149916 0.00178368 0.00121464 0.00547482 9.58614e-05 0.000284524 7.91002e-05 6.42549e-05
0.776205 0.0129275 0.0130179 0.0128372 0.00139165 0.00166018 0.00112312 0.00521607 9.03782e-05 0.000268533 7.46341e-05 6.0659e-05
0.779596 0.0120368 0.0121219 0.0119517 0.00129057 0.00154381 0.00103734 0.00496605 8.51372e-05 0.000253232 7.03601e-05 5.72147e-05
0.782986 0.011194 0.0112742 0.0111139 0.00119563 0.00143422 0.000957026 0.00472459 8.01307e-05 0.000238599 6.62726e-05 5.39178e-05
0.786377 0.0103974 0.0104728 0.0103221 0.0011065 0.00133112 0.000881889 0.00449151 7.53512e-05 0.000224614 6.23658e-05 5.0764e-05
0.789768 0.00964526 0.00971605 0.00957446 0.00102292 0.00123418 0.000811664 0.00426661 7.07912e-05 0.000211256 5.86343e-05 4.77491e-05
0.793159 0.00893578 0.00900222 0.00886933 0.0009446 0.00114311 0.000746094 0.00404974 6.64436e-05 0.000198506 5.50726e-05 4.4869e-05
0.79655 0.00826729 0.00832959 0.00820499 0.000871278 0.00105762 0.000684934 0.0038407 6.23013e-05 0.000186344 5.16753e-05 4.21197e-05
0.799941 0.00763815 0.00769651 0.0075798 0.000802697 0.000977449 0.000627945 0.00363934 5.83575e-05 0.000174752 4.84373e-05 3.94972e-05
0.803332 0.00704671 0.00710132 0.00699211 0.000738611 0.000902322 0.000574901 0.00344547 5.46055e-05 0.00016371 4.53535e-05 3.69977e-05
0.806722 0.00649139 0.00654243 0.00644035 0.000678786 0.000831987 0.000525584 0.00325893 5.10385e-05 0.000153202 4.24187e-05 3.46171e-05
0.810113 0.00597061 0.00601826 0.00592296 0.000622993 0.000766201 0.000479785 0.00307956 4.76503e-05 0.000143208 3.9628e-05 3.23518e-05
0.813504 0.00548286 0.0055273 0.00543843 0.000571015 0.000704726 0.000437305 0.00290719 4.44345e-05 0.000133711 3.69767e-05 3.01981e-05
0.816895 0.00502664 0.00506803 0.00498526 0.000522644 0.000647339 0.00039795 0.00274165 4.13849e-05 0.000124694 3.44599e-05 2.81523e-05
0.820286 0.0046005 0.00463899 0.004562 0.00047768 0.000593821 0.000361539 0.00258278 3.84955e-05 0.000116141 3.2073e-05 2.62107e-05
0.823677 0.004203 0.00423877 0.00416724 0.00043593 0.000543965 0.000327895 0.00243043 3.57605e-05 0.000108035 2.98115e-05 2.43699e-05
0.827067 0.00383279 0.00386596 0.00379962 0.000397212 0.000497571 0.000296853 0.00228444 3.31741e-05 0.000100359 2.76708e-05 2.26264e-05
0.830458 0.00348849 0.00351922 0.00345776 0.000361349 0.000454447 0.000268251 0.00214465 3.07307e-05 9.30983e-05 2.56466e-05 2.09768e-05
0.833849 0.00316881 0.00319724 0.00314039 0.000328174 0.000414411 0.000241937 0.00201091 2.84248e-05 8.62373e-05 2.37347e-05 1.94176e-05
0.83724 0.00287247 0.00289872 0.00284622 0.000297526 0.000377287 0.000217766 0.00188306 2.6251e-05 7.97608e-05 2.19307e-05 1.79457e-05
0.840631 0.00259824 0.00262245 0.00257404 0.000269252 0.000342906 0.000195598 0.00176095 2.42041e-05 7.3654e-05 2.02305e-05 1.65578e-05
0.844022 0.00234491 0.00236719 0.00232264 0.000243206 0.000311109 0.000175304 0.00164443 2.2279e-05 6.79026e-05 1.86303e-05 1.52507e-05
0.847412 0.00211133 0.0021318 0.00209086 0.000219248 0.000281741 0.000156756 0.00153336 2.04708e-05 6.24923e-05 1.71258e-05 1.40214e-05
0.850803 0.00189637 0.00191514 0.00187759 0.000197246 0.000254655 0.000139836 0.00142759 1.87744e-05 5.74094e-05 1.57134e-05 1.28666e-05
0.854194 0.00169894 0.00171612 0.00168175 0.000177072 0.000229712 0.000124431 0.00132696 1.71852e-05 5.26404e-05 1.43892e-05 1.17835e-05
0.857585 0.00151799 0.00153369 0.00150229 0.000158606 0.000206778 0.000110434 0.00123135 1.56986e-05 4.81721e-05 1.31496e-05 1.07692e-05
0.860976 0.00135252 0.00136683 0.00133821 0.000141733 0.000185725 9.77414e-05 0.00114059 1.431e-05 4.39917e-05 1.19908e-05 9.82063e-06
0.864367 0.00120154 0.00121456 0.00118853 0.000126345 0.000166432 8.62587e-05 0.00105456 1.3015e-05 4.00865e-05 1.09094e-05 8.9351e-06
0.867757 0.00106412 0.00107593 0.00105231 0.000112339 0.000148783 7.58943e-05 0.000973116 1.18092e-05 3.64443e-05 9.90188e-06 8.10981e-06
0.871148 0.000939365 0.000950054 0.000928676 9.96152e-05 0.000132668 6.65621e-05 0.000896111 1.06886e-05 3.30531e-05 8.96488e-06 7.34206e-06
0.874539 0.000826401 0.00083605 0.000816752 8.80824e-05 0.000117984 5.81812e-05 0.00082341 9.64898e-06 2.99012e-05 8.09509e-06 6.62919e-06
0.87793 0.000724403 0.000733089 0.000715716 7.76522e-05 0.000104629 5.0675e-05 0.000754876 8.6864e-06 2.69772e-05 7.28928e-06 5.96862e-06
0.881321 0.000632578 0.000640375 0.000624781 6.82417e-05 9.25118e-05 4.39716e-05 0.000690375 7.79698e-06 2.42701e-05 6.54431e-06 5.35781e-06
0.884712 0.000550172 0.000557149 0.000543195 5.97722e-05 8.15412e-05 3.80032e-05 0.000629772 6.97697e-06 2.1769e-05 5.85711e-06 4.79428e-06
0.888102 0.000476461 0.000482684 0.000470239 5.21699e-05 7.16332e-05 3.27065e-05 0.000572933 6.22268e-06 1.94634e-05 5.22469e-06 4.27563e-06
0.891493 0.000410761 0.000416292 0.00040523 4.5365e-05 6.27079e-05 2.8022e-05 0.000519727 5.53057e-06 1.73429e-05 4.64413e-06 3.79948e-06
0.894884 0.000352417 0.000357314 0.00034752 3.92918e-05 5.46896e-05 2.3894e-05 0.000470021 4.89716e-06 1.53978e-05 4.1126e-06 3.36353e-06
0.898275 0.000300812 0.000305131 0.000296493 3.38887e-05 4.75069e-05 2.02706e-05 0.000423687 4.3191e-06 1.36181e-05 3.62733e-06 2.96554e-06
0.901666 0.00025536 0.000259153 0.000251567 2.90979e-05 4.10925e-05 1.71033e-05 0.000380596 3.79313e-06 1.19946e-05 3.18563e-06 2.60333e-06
0.905057 0.000215509 0.000218825 0.000212193 2.48649e-05 3.5383e-05 1.43469e-05 0.000340618 3.31608e-06 1.0518e-05 2.78491e-06 2.27476e-06
0.908447 0.000180738 0.000183623 0.000177853 2.11392e-05 3.03188e-05 1.19597e-05 0.000303629 2.88489e-06 9.17956e-06 2.42262e-06 1.97776e-06
0.911838 0.000150557 0.000153054 0.000148061 1.78733e-05 2.58438e-05 9.90274e-06 0.000269502 2.49659e-06 7.97053e-06 2.0963e-06 1.71033e-06
0.915229 0.000124508 0.000126656 0.000122359 1.50229e-05 2.19055e-05 8.14029e-06 0.000238113 2.14831e-06 6.8826e-06 1.80357e-06 1.47052e-06
0.91862 0.00010216 0.000103998 0.000100323 1.25469e-05 1.84546e-05 6.63924e-06 0.000209338 1.83728e-06 5.9077e-06 1.54212e-06 1.25642e-06
0.922011 8.31155e-05 8.46764e-05 8.15547e-05 1.04072e-05 1.54451e-05 5.36917e-06 0.000183055 1.56081e-06 5.03799e-06 1.30973e-06 1.06621e-06
0.925402 6.70019e-05 6.83182e-05 6.56856e-05 8.56813e-06 1.2834e-05 4.30222e-06 0.000159144 1.31632e-06 4.26591e-06 1.10422e-06 8.98113e-07
0.928792 5.34753e-05 5.45767e-05 5.2374e-05 6.99709e-06 1.05813e-05 3.41291e-06 0.000137483 1.10133e-06 3.58418e-06 9.23528e-07 7.50417e-07
0.932183 4.22187e-05 4.31321e-05 4.13053e-05 5.6638e-06 8.64954e-06 2.67805e-06 0.000117954 9.1343e-07 2.98575e-06 7.65641e-07 6.21471e-07
0.935574 3.29405e-05 3.36908e-05 3.21902e-05 4.54045e-06 7.00428e-06 2.07661e-06 0.000100439 7.5033e-07 2.46383e-06 6.2863e-07 5.09682e-07
0.938965 2.53743e-05 2.59841e-05 2.47645e-05 3.60152e-06 5.61345e-06 1.5896e-06 8.4822e-05 6.0982e-07 2.01193e-06 5.10642e-07 4.13521e-07
0.942356 1.92777e-05 1.97675e-05 1.87879e-05 2.82371e-06 4.44748e-06 1.19994e-06 7.09877e-05 4.89787e-07 1.62377e-06 4.09901e-07 3.31521e-07
0.945747 1.44313e-05 1.48195e-05 1.4043e-05 2.18574e-06 3.47909e-06 8.92385e-07 5.88221e-05 3.88214e-07 1.29335e-06 3.24707e-07 2.62277e-07
0.949137 1.06378e-05 1.0941e-05 1.03346e-05 1.66832e-06 2.68327e-06 6.53374e-07 4.82129e-05 3.03177e-07 1.01495e-06 2.53438e-07 2.04449e-07
0.952528 7.72135e-06 7.9542e-06 7.4885e-06 1.25403e-06 2.0371e-06 4.70955e-07 3.90493e-05 2.32847e-07 7.83071e-07 1.9455e-07 1.5676e-07
0.955919 5.52608e-06 5.70157e-06 5.35059e-06 9.27174e-07 1.51968e-06 3.34665e-07 3.12222e-05 1.75489e-07 5.92509e-07 1.46579e-07 1.17997e-07
0.95931 3.91546e-06 4.04492e-06 3.78599e-06 6.73749e-07 1.11206e-06 2.3544e-07 2.46246e-05 1.29466e-07 4.38309e-07 1.0814e-07 8.70162e-08
0.962701 2.77126e-06 2.8645e-06 2.67803e-06 4.81304e-07 7.9709e-07 1.65518e-07 1.91518e-05 9.32351e-08 3.15786e-07 7.79281e-08 6.27377e-08
0.966092 1.99269e-06 2.05804e-06 1.92734e-06 3.38879e-07 5.59403e-07 1.18355e-07 1.47024e-05 6.53517e-08 2.20524e-07 5.47209e-08 4.41511e-08
0.969482 1.49564e-06 1.54011e-06 1.45117e-06 2.36928e-07 3.85308e-07 8.85489e-08 1.11791e-05 4.44694e-08 1.48379e-07 3.73784e-08 3.03148e-08
0.972873 1.21228e-06 1.24163e-06 1.18294e-06 1.67274e-07 2.62762e-07 7.17868e-08 8.49092e-06 2.93415e-08 9.54875e-08 2.48451e-08 2.03577e-08
0.976264 1.09139e-06 1.11021e-06 1.07257e-06 1.2311e-07 1.81377e-07 6.48424e-08 6.5578e-06 1.88218e-08 5.82672e-08 1.61508e-08 1.34802e-08
0.979655 1.10073e-06 1.1126e-06 1.08886e-06 9.91277e-08 1.32557e-07 6.56988e-08 5.32061e-06 1.18656e-08 3.34289e-08 1.04112e-08 8.95417e-09
0.983046 1.23594e-06 1.24347e-06 1.22841e-06 9.20485e-08 1.10031e-07 7.40657e-08 4.76947e-06 7.52881e-09 1.79829e-08 6.82646e-09 6.12152e-09
0.986437 1.5571e-06 1.56206e-06 1.55214e-06 1.02815e-07 1.12061e-07 9.35686e-08 5.04426e-06 4.95767e-09 9.24604e-09 4.67073e-09 4.38215e-09
0.989827 2.44146e-06 2.44479e-06 2.43813e-06 1.51807e-07 1.56638e-07 1.46976e-07 7.00977e-06 3.32729e-09 4.83078e-09 3.22713e-09 3.12618e-09
0.993218 1.17115e-05 1.17119e-05 1.17112e-05 7.09019e-07 7.12061e-07 7.05977e-07 4.11341e-05 3.58142e-10 3.04178e-09 1.79903e-10 -2.11758e-22
4.01075e-314 inf inf inf inf inf inf 0.00658703 48.2101 1.44862 1.14079 0.739175
