9.72476e-05 8.44302 9.05831 7.82774 3.75647 4.15778 3.35515 15.7704 0.615282 0.401313 0.232154 0.222738
0.0001 8.38961 9.00254 7.77668 3.73245 4.1319 3.333 15.62 0.612929 0.399451 0.230372 0.220854
0.00010283 8.33684 8.94742 7.72625 3.70873 4.10633 3.31113 15.4709 0.610588 0.397602 0.228603 0.218983
0.000105741 8.28574 8.894 7.67748 3.68575 4.08151 3.28998 15.3228 0.60826 0.395765 0.226848 0.217124
0.000108734 8.23218 8.83813 7.62624 3.66169 4.05563 3.26775 15.176 0.605943 0.39394 0.225106 0.215278
0.000111811 8.17893 8.78257 7.57529 3.63778 4.0299 3.24565 15.0303 0.603638 0.392128 0.223379 0.213444
0.000114976 8.12596 8.7273 7.52461 3.61399 4.00431 3.22366 14.8857 0.601345 0.390327 0.221664 0.211623
0.00011823 8.07328 8.67234 7.47421 3.59034 3.97887 3.2018 14.7423 0.599064 0.388539 0.219963 0.209814
0.000121576 8.02089 8.61768 7.42409 3.56682 3.95358 3.18005 14.6 0.596794 0.386763 0.218275 0.208017
0.000125017 7.96878 8.56332 7.37424 3.54343 3.92843 3.15843 14.4588 0.594536 0.384999 0.216601 0.206233
0.000128556 7.91695 8.50924 7.32466 3.52017 3.90342 3.13693 14.3188 0.59229 0.383246 0.21494 0.20446
0.000132194 7.86542 8.45547 7.27536 3.49705 3.87856 3.11554 14.1798 0.590055 0.381506 0.213292 0.2027
0.000135936 7.81416 8.40199 7.22633 3.47406 3.85383 3.09428 14.042 0.587831 0.379777 0.211657 0.200952
0.000139783 7.76318 8.3488 7.17756 3.45119 3.82925 3.07313 13.9053 0.585618 0.37806 0.210036 0.199215
0.000143739 7.71249 8.2959 7.12907 3.42846 3.80481 3.0521 13.7696 0.583417 0.376355 0.208427 0.197491
0.000147808 7.66206 8.24329 7.08084 3.40585 3.78051 3.03119 13.635 0.581226 0.374661 0.206831 0.195778
0.000151991 7.61192 8.19097 7.03287 3.38337 3.75635 3.01039 13.5015 0.579046 0.372978 0.205248 0.194078
0.000156293 7.56205 8.13893 6.98517 3.36102 3.73232 2.98971 13.369 0.576878 0.371307 0.203678 0.192388
0.000160717 7.51246 8.08718 6.93774 3.33879 3.70844 2.96914 13.2376 0.57472 0.369647 0.202121 0.190711
0.000165265 7.46313 8.0357 6.89056 3.31669 3.68469 2.94869 13.1073 0.572572 0.367998 0.200576 0.189045
0.000169943 7.41409 7.98452 6.84365 3.29472 3.66108 2.92836 12.978 0.570435 0.366361 0.199045 0.18739
0.000174753 7.36531 7.93361 6.797 3.27287 3.6376 2.90814 12.8497 0.568309 0.364734 0.197526 0.185747
0.000179699 7.31679 7.88298 6.7506 3.25114 3.61426 2.88803 12.7225 0.566193 0.363119 0.196019 0.184115
0.000184785 7.26855 7.83264 6.70446 3.22955 3.59106 2.86803 12.5963 0.564087 0.361514 0.194525 0.182495
0.000190015 7.22057 7.78256 6.65858 3.20807 3.56799 2.84814 12.4711 0.561991 0.359921 0.193043 0.180885
0.000195393 7.17286 7.73276 6.61295 3.18671 3.54505 2.82837 12.3469 0.559906 0.358338 0.191574 0.179287
0.000200923 7.12541 7.68324 6.56758 3.16548 3.52224 2.80871 12.2237 0.55783 0.356766 0.190117 0.1777
0.00020661 7.07823 7.63399 6.52246 3.14436 3.49957 2.78916 12.1015 0.555764 0.355204 0.188672 0.176124
0.000212458 7.0313 7.58501 6.47759 3.12337 3.47702 2.76972 11.9803 0.553708 0.353653 0.18724 0.174559
0.000218471 6.98464 7.5363 6.43298 3.1025 3.45462 2.75039 11.86 0.551662 0.352113 0.18582 0.173005
0.000224655 6.93823 7.48786 6.38861 3.08175 3.43233 2.73117 11.7408 0.549625 0.350583 0.184412 0.171462
0.000231013 6.89208 7.43968 6.34449 3.06112 3.41018 2.71205 11.6225 0.547598 0.349063 0.183016 0.169929
0.000237551 6.8462 7.39178 6.30062 3.04061 3.38816 2.69305 11.5052 0.54558 0.347554 0.181632 0.168408
0.000244275 6.80056 7.34413 6.25699 3.02021 3.36626 2.67415 11.3888 0.543571 0.346055 0.18026 0.166896
0.000251189 6.75518 7.29675 6.21361 2.99993 3.3445 2.65536 11.2734 0.541572 0.344566 0.1789 0.165396
0.000258298 6.71005 7.24963 6.17047 2.97977 3.32286 2.63668 11.1589 0.539581 0.343088 0.177552 0.163906
0.000265609 6.66517 7.20277 6.12757 2.95973 3.30134 2.61811 11.0453 0.5376 0.341619 0.176216 0.162427
0.000273126 6.62054 7.15617 6.08491 2.93979 3.27995 2.59963 10.9327 0.535627 0.34016 0.174891 0.160958
0.000280857 6.57617 7.10983 6.0425 2.91998 3.25869 2.58127 10.821 0.533664 0.338711 0.173579 0.1595
0.000288806 6.53204 7.06375 6.00033 2.90028 3.23756 2.56301 10.7102 0.531708 0.337272 0.172278 0.158051
0.00029698 6.48815 7.01791 5.95839 2.8807 3.21654 2.54485 10.6004 0.529762 0.335843 0.170988 0.156614
0.000305386 6.44452 6.97234 5.9167 2.86123 3.19565 2.5268 10.4914 0.527823 0.334423 0.16971 0.155186
0.000314029 6.40112 6.92702 5.87523 2.84187 3.17488 2.50885 10.3833 0.525894 0.333013 0.168444 0.153768
0.000322917 6.35797 6.88195 5.834 2.82262 3.15423 2.49101 10.2762 0.523972 0.331613 0.167189 0.152361
0.000332057 6.31506 6.83712 5.79301 2.80349 3.13371 2.47326 10.1699 0.522058 0.330221 0.165946 0.150964
0.000341455 6.2724 6.79255 5.75225 2.78446 3.1133 2.45562 10.0644 0.520153 0.32884 0.164714 0.149576
0.000351119 6.22997 6.74823 5.71172 2.76555 3.09302 2.43808 9.95991 0.518255 0.327468 0.163493 0.148199
0.000361057 6.18778 6.70415 5.67142 2.74675 3.07285 2.42065 9.85623 0.516365 0.326104 0.162284 0.146831
0.000371276 6.14584 6.66032 5.63135 2.72806 3.05281 2.40331 9.75342 0.514483 0.324751 0.161086 0.145474
0.000381784 6.10412 6.61673 5.59151 2.70948 3.03288 2.38607 9.65146 0.512609 0.323406 0.159899 0.144126
0.00039259 6.06264 6.57338 5.5519 2.691 3.01307 2.36893 9.55035 0.510742 0.32207 0.158724 0.142788
0.000403702 6.02139 6.53028 5.51251 2.67264 2.99338 2.35189 9.45009 0.508882 0.320743 0.157559 0.141459
0.000415128 5.98038 6.48741 5.47335 2.65438 2.9738 2.33495 9.35066 0.507029 0.319426 0.156405 0.14014
0.000426877 5.9396 6.44478 5.43441 2.63623 2.95434 2.31811 9.25206 0.505184 0.318117 0.155263 0.138831
0.000438959 5.89905 6.4024 5.39571 2.61818 2.935 2.30137 9.15429 0.503345 0.316817 0.154131 0.137531
0.000451383 5.85873 6.36024 5.35721 2.60025 2.91577 2.28472 9.05734 0.501514 0.315525 0.153011 0.136241
0.000464159 5.81864 6.31832 5.31895 2.58241 2.89666 2.26817 8.96121 0.499689 0.314242 0.151901 0.13496
0.000477296 5.77877 6.27664 5.2809 2.56469 2.87766 2.25172 8.86588 0.497871 0.312968 0.150802 0.133688
0.000490805 5.73913 6.23519 5.24307 2.54706 2.85877 2.23536 8.77136 0.496059 0.311702 0.149714 0.132426
0.000504697 5.69972 6.19397 5.20546 2.52955 2.83999 2.2191 8.67763 0.494254 0.310445 0.148637 0.131173
0.000518981 5.66052 6.15298 5.16807 2.51213 2.82133 2.20294 8.5847 0.492455 0.309196 0.14757 0.129929
0.00053367 5.62155 6.11222 5.13089 2.49482 2.80278 2.18686 8.49255 0.490662 0.307955 0.146514 0.128694
0.000548775 5.58281 6.07168 5.09393 2.47761 2.78433 2.17089 8.40119 0.488876 0.306723 0.145468 0.127468
0.000564307 5.54428 6.03138 5.05719 2.4605 2.766 2.15501 8.3106 0.487095 0.305498 0.144433 0.126252
0.000580278 5.50597 5.99129 5.02065 2.4435 2.74778 2.13922 8.22078 0.48532 0.304282 0.143409 0.125044
0.000596702 5.46788 5.95143 4.98433 2.42659 2.72967 2.12352 8.13173 0.48355 0.303074 0.142395 0.123845
0.000613591 5.43001 5.9118 4.94823 2.40979 2.71166 2.10792 8.04343 0.481786 0.301874 0.141391 0.122656
0.000630957 5.39236 5.87238 4.91233 2.39309 2.69377 2.09241 7.95589 0.480028 0.300681 0.140398 0.121475
0.000648815 5.35492 5.83319 4.87664 2.37648 2.67598 2.07699 7.8691 0.478274 0.299496 0.139415 0.120303
0.000667179 5.31769 5.79421 4.84116 2.35998 2.6583 2.06166 7.78305 0.476526 0.298319 0.138442 0.119139
0.000686062 5.28067 5.75546 4.80589 2.34357 2.64072 2.04642 7.69775 0.474783 0.29715 0.13748 0.117985
0.00070548 5.24387 5.71691 4.77082 2.32727 2.62325 2.03128 7.61317 0.473045 0.295988 0.136527 0.116839
0.000725448 5.20728 5.67859 4.73597 2.31106 2.60589 2.01622 7.52932 0.471311 0.294834 0.135585 0.115702
0.00074598 5.17089 5.64048 4.70131 2.29494 2.58863 2.00125 7.44621 0.469582 0.293687 0.134653 0.114573
0.000767094 5.13472 5.60258 4.66686 2.27893 2.57147 1.98638 7.3638 0.467857 0.292548 0.133731 0.113452
0.000788805 5.09875 5.56489 4.63262 2.26301 2.55442 1.97159 7.28211 0.466137 0.291415 0.132819 0.112341
0.000811131 5.06299 5.52741 4.59857 2.24718 2.53747 1.95689 7.20113 0.464421 0.29029 0.131916 0.111237
0.000834088 5.02744 5.49015 4.56473 2.23145 2.52063 1.94228 7.12084 0.462709 0.289172 0.131024 0.110142
0.000857696 4.99209 5.45309 4.53109 2.21582 2.50388 1.92776 7.04126 0.461 0.288061 0.130141 0.109055
0.000881971 4.95694 5.41623 4.49764 2.20028 2.48724 1.91332 6.96238 0.459296 0.286958 0.129268 0.107977
0.000906934 4.92199 5.37959 4.4644 2.18483 2.47069 1.89897 6.88418 0.457594 0.285861 0.128405 0.106907
0.000932603 4.88725 5.34314 4.43135 2.16948 2.45425 1.88471 6.80666 0.455897 0.28477 0.127552 0.105845
0.000958999 4.8527 5.3069 4.3985 2.15422 2.43791 1.87053 6.72983 0.454202 0.283687 0.126708 0.104791
0.000986142 4.81835 5.27087 4.36584 2.13905 2.42166 1.85644 6.65366 0.452511 0.28261 0.125874 0.103745
0.00101405 4.78421 5.23503 4.33338 2.12398 2.40552 1.84244 6.57817 0.450822 0.28154 0.125049 0.102708
0.00104275 4.75025 5.19939 4.30112 2.10899 2.38947 1.82852 6.50334 0.449136 0.280476 0.124234 0.101678
0.00107227 4.7165 5.16395 4.26905 2.0941 2.37352 1.81468 6.42917 0.447453 0.279419 0.123428 0.100656
0.00110262 4.68294 5.12871 4.23716 2.0793 2.35767 1.80093 6.35566 0.445772 0.278368 0.122631 0.0996424
0.00113382 4.64957 5.09366 4.20547 2.06459 2.34191 1.78726 6.2828 0.444094 0.277324 0.121844 0.0986365
0.00116591 4.61639 5.05881 4.17397 2.04996 2.32625 1.77368 6.21059 0.442417 0.276285 0.121066 0.0976384
0.00119891 4.58341 5.02415 4.14267 2.03543 2.31068 1.76018 6.13901 0.440743 0.275253 0.120297 0.0966481
0.00123285 4.55061 4.98968 4.11154 2.02099 2.29521 1.74676 6.06807 0.43907 0.274226 0.119537 0.0956655
0.00126774 4.51801 4.95541 4.08061 2.00663 2.27984 1.73342 5.99777 0.437399 0.273206 0.118786 0.0946907
0.00130362 4.4856 4.92133 4.04987 1.99236 2.26455 1.72017 5.92809 0.435729 0.272192 0.118045 0.0937236
0.00134052 4.45337 4.88743 4.01931 1.97818 2.24936 1.707 5.85904 0.43406 0.271183 0.117312 0.092764
0.00137846 4.42133 4.85372 3.98893 1.96409 2.23427 1.69391 5.7906 0.432393 0.27018 0.116588 0.091812
0.00141747 4.38947 4.8202 3.95874 1.95008 2.21926 1.6809 5.72279 0.430726 0.269182 0.115873 0.0908676
0.00145759 4.3578 4.78686 3.92874 1.93616 2.20435 1.66797 5.65558 0.42906 0.268191 0.115166 0.0899306
0.00149885 4.32631 4.7537 3.89892 1.92232 2.18953 1.65512 5.58898 0.427394 0.267204 0.114469 0.0890011
0.00154127 4.295 4.72073 3.86927 1.90857 2.17479 1.64235 5.52298 0.425729 0.266223 0.11378 0.088079
0.00158489 4.26388 4.68794 3.83981 1.8949 2.16015 1.62966 5.45758 0.424064 0.265247 0.113099 0.0871642
0.00162975 4.23294 4.65533 3.81054 1.88132 2.1456 1.61705 5.39277 0.422398 0.264276 0.112428 0.0862568
0.00167588 4.20217 4.6229 3.78144 1.86783 2.13114 1.60451 5.32855 0.420733 0.263311 0.111764 0.0853567
0.00172331 4.17158 4.59065 3.75252 1.85441 2.11676 1.59206 5.26492 0.419067 0.26235 0.111109 0.0844638
0.00177209 4.14117 4.55857 3.72377 1.84108 2.10247 1.57968 5.20186 0.4174 0.261394 0.110462 0.0835782
0.00182224 4.11094 4.52667 3.69521 1.82783 2.08827 1.56739 5.13939 0.415732 0.260443 0.109824 0.0826996
0.00187382 4.08088 4.49495 3.66682 1.81466 2.07416 1.55516 5.07749 0.414063 0.259497 0.109193 0.0818282
0.00192685 4.051 4.46339 3.63861 1.80158 2.06013 1.54302 5.01615 0.412393 0.258556 0.108571 0.0809638
0.00198139 4.02129 4.43201 3.61057 1.78857 2.04619 1.53095 4.95538 0.410722 0.257618 0.107956 0.0801065
0.00203747 3.99175 4.4008 3.5827 1.77565 2.03233 1.51896 4.89517 0.409048 0.256686 0.10735 0.0792562
0.00209514 3.96238 4.36976 3.55501 1.7628 2.01856 1.50705 4.83552 0.407373 0.255757 0.106751 0.0784129
0.00215443 3.93318 4.33888 3.52749 1.75004 2.00487 1.49521 4.77642 0.405695 0.254833 0.106161 0.0775764
0.00221541 3.90416 4.30817 3.50014 1.73736 1.99127 1.48344 4.71787 0.404015 0.253913 0.105578 0.0767469
0.00227812 3.8753 4.27763 3.47297 1.72475 1.97775 1.47175 4.65987 0.402332 0.252997 0.105002 0.0759242
0.00234259 3.84661 4.24725 3.44596 1.71222 1.96431 1.46014 4.60241 0.400647 0.252085 0.104434 0.0751082
0.0024089 3.81808 4.21704 3.41912 1.69978 1.95095 1.4486 4.54548 0.398958 0.251177 0.103874 0.074299
0.00247708 3.78972 4.18699 3.39246 1.6874 1.93768 1.43713 4.48909 0.397266 0.250272 0.103321 0.0734966
0.00254719 3.76153 4.1571 3.36595 1.67511 1.92448 1.42574 4.43322 0.395571 0.249371 0.102775 0.0727008
0.00261928 3.73349 4.12737 3.33962 1.66289 1.91137 1.41442 4.37789 0.393872 0.248474 0.102236 0.0719117
0.00269341 3.70562 4.09779 3.31346 1.65075 1.89833 1.40317 4.32307 0.392169 0.247579 0.101704 0.0711292
0.00276965 3.67791 4.06838 3.28745 1.63869 1.88538 1.392 4.26878 0.390461 0.246689 0.10118 0.0703532
0.00284804 3.65037 4.03912 3.26162 1.6267 1.8725 1.3809 4.215 0.388749 0.245801 0.100662 0.0695837
0.00292864 3.62298 4.01001 3.23595 1.61479 1.8597 1.36987 4.16173 0.387032 0.244916 0.100151 0.0688207
0.00301153 3.59575 3.98106 3.21044 1.60295 1.84698 1.35891 4.10897 0.38531 0.244034 0.0996468 0.0680642
0.00309677 3.56868 3.95226 3.18509 1.59118 1.83434 1.34802 4.05671 0.383583 0.243156 0.0991492 0.067314
0.00318442 3.54176 3.92361 3.15991 1.57949 1.82177 1.33721 4.00495 0.38185 0.242279 0.0986581 0.0665703
0.00327455 3.515 3.89511 3.13489 1.56787 1.80928 1.32647 3.95369 0.380112 0.241406 0.0981733 0.0658328
0.00336723 3.48839 3.86676 3.11003 1.55633 1.79686 1.31579 3.90292 0.378368 0.240534 0.0976948 0.0651017
0.00346253 3.46194 3.83856 3.08532 1.54485 1.78452 1.30519 3.85265 0.376617 0.239666 0.0972224 0.0643768
0.00356053 3.43564 3.8105 3.06078 1.53345 1.77225 1.29465 3.80286 0.37486 0.238799 0.0967561 0.063658
0.00366131 3.40949 3.78259 3.0364 1.52212 1.76006 1.28419 3.75355 0.373095 0.237934 0.0962957 0.0629455
0.00376494 3.38349 3.75482 3.01217 1.51087 1.74794 1.27379 3.70472 0.371324 0.237072 0.0958411 0.0622391
0.0038715 3.35765 3.72719 2.9881 1.49968 1.73589 1.26347 3.65637 0.369546 0.236211 0.0953922 0.0615388
0.00398107 3.33195 3.69971 2.96419 1.48856 1.72391 1.25321 3.60849 0.367759 0.235352 0.0949488 0.0608445
0.00409375 3.3064 3.67236 2.94043 1.47751 1.71201 1.24302 3.56109 0.365965 0.234494 0.0945109 0.0601563
0.00420962 3.28099 3.64515 2.91683 1.46654 1.70018 1.2329 3.51414 0.364163 0.233638 0.0940783 0.059474
0.00432876 3.25573 3.61809 2.89338 1.45563 1.68841 1.22285 3.46766 0.362352 0.232783 0.0936509 0.0587977
0.00445128 3.23062 3.59115 2.87009 1.44479 1.67672 1.21286 3.42165 0.360533 0.23193 0.0932284 0.0581273
0.00457727 3.20565 3.56436 2.84695 1.43402 1.66509 1.20294 3.37608 0.358704 0.231077 0.0928109 0.0574627
0.00470682 3.18083 3.53769 2.82396 1.42331 1.65354 1.19309 3.33097 0.356867 0.230225 0.0923981 0.056804
0.00484003 3.15614 3.51116 2.80112 1.41268 1.64205 1.1833 3.28631 0.355019 0.229374 0.09199 0.0561511
0.00497702 3.1316 3.48476 2.77844 1.40211 1.63063 1.17358 3.2421 0.353162 0.228524 0.0915862 0.0555038
0.00511789 3.1072 3.45849 2.7559 1.3916 1.61928 1.16393 3.19833 0.351295 0.227674 0.0911868 0.0548623
0.00526274 3.08293 3.43235 2.73352 1.38117 1.60799 1.15434 3.155 0.349417 0.226824 0.0907916 0.0542265
0.0054117 3.05881 3.40634 2.71128 1.3708 1.59677 1.14482 3.11211 0.347529 0.225974 0.0904003 0.0535963
0.00556486 3.03482 3.38045 2.68919 1.36049 1.58561 1.13536 3.06966 0.34563 0.225124 0.0900129 0.0529717
0.00572237 3.01097 3.35469 2.66725 1.35025 1.57452 1.12597 3.02763 0.343719 0.224274 0.0896291 0.0523527
0.00588433 2.98726 3.32905 2.64546 1.34007 1.56349 1.11665 2.98603 0.341797 0.223424 0.0892488 0.0517392
0.00605088 2.96368 3.30354 2.62381 1.32996 1.55253 1.10738 2.94486 0.339863 0.222574 0.0888719 0.0511311
0.00622213 2.94023 3.27815 2.60231 1.31991 1.54163 1.09818 2.90411 0.337917 0.221722 0.0884981 0.0505285
0.00639824 2.91692 3.25287 2.58096 1.30992 1.53079 1.08905 2.86378 0.335958 0.22087 0.0881273 0.0499313
0.00657933 2.89373 3.22772 2.55975 1.29999 1.52001 1.07998 2.82387 0.333987 0.220017 0.0877593 0.0493394
0.00676555 2.87068 3.20269 2.53868 1.29013 1.50929 1.07097 2.78437 0.332003 0.219162 0.0873939 0.0487529
0.00695704 2.84776 3.17777 2.51776 1.28033 1.49863 1.06202 2.74528 0.330005 0.218307 0.0870309 0.0481717
0.00715394 2.82497 3.15297 2.49698 1.27059 1.48804 1.05314 2.70659 0.327995 0.217449 0.0866702 0.0475957
0.00735642 2.80231 3.12828 2.47634 1.26091 1.4775 1.04432 2.66831 0.32597 0.21659 0.0863115 0.0470249
0.00756463 2.77978 3.10371 2.45584 1.25129 1.46702 1.03556 2.63044 0.323931 0.21573 0.0859546 0.0464593
0.00777874 2.75737 3.07924 2.43549 1.24173 1.45659 1.02686 2.59296 0.321878 0.214867 0.0855994 0.0458988
0.0079989 2.73508 3.05489 2.41527 1.23223 1.44623 1.01822 2.55588 0.31981 0.214002 0.0852456 0.0453434
0.0082253 2.71293 3.03065 2.3952 1.22278 1.43592 1.00965 2.51919 0.317728 0.213134 0.0848931 0.044793
0.0084581 2.69089 3.00652 2.37526 1.2134 1.42566 1.00114 2.48289 0.31563 0.212264 0.0845415 0.0442477
0.00869749 2.66898 2.9825 2.35547 1.20407 1.41546 0.992682 2.44697 0.313517 0.211391 0.0841908 0.0437073
0.00894366 2.64719 2.95858 2.33581 1.1948 1.40532 0.98429 2.41145 0.311388 0.210515 0.0838406 0.0431719
0.00919679 2.62553 2.93477 2.31628 1.18559 1.39523 0.975957 2.3763 0.309244 0.209636 0.0834908 0.0426414
0.00945709 2.60398 2.91106 2.2969 1.17644 1.38519 0.967684 2.34154 0.307083 0.208754 0.0831412 0.0421157
0.00972476 2.58256 2.88746 2.27765 1.16734 1.37521 0.959471 2.30715 0.304906 0.207867 0.0827914 0.0415948
0.01 2.56125 2.86396 2.25854 1.15829 1.36527 0.951317 2.27313 0.302713 0.206978 0.0824413 0.0410787
0.010283 2.54006 2.84056 2.23956 1.14931 1.35539 0.943221 2.23949 0.300502 0.206084 0.0820907 0.0405674
0.0105741 2.51899 2.81726 2.22072 1.14037 1.34556 0.935185 2.20621 0.298275 0.205185 0.0817392 0.0400607
0.0108734 2.49804 2.79407 2.202 1.13149 1.33577 0.927207 2.1733 0.29603 0.204283 0.0813867 0.0395587
0.0111811 2.4772 2.77096 2.18343 1.12266 1.32604 0.919287 2.14075 0.293768 0.203376 0.081033 0.0390613
0.0114976 2.45647 2.74796 2.16498 1.11389 1.31635 0.911425 2.10856 0.291488 0.202464 0.0806777 0.0385685
0.011823 2.43586 2.72505 2.14667 1.10517 1.30671 0.90362 2.07673 0.289191 0.201547 0.0803206 0.0380803
0.0121576 2.41537 2.70224 2.12849 1.0965 1.29712 0.895873 2.04526 0.286875 0.200624 0.0799616 0.0375965
0.0125017 2.39498 2.67953 2.11044 1.08788 1.28758 0.888182 2.01414 0.284542 0.199697 0.0796002 0.0371172
0.0128556 2.37471 2.6569 2.09252 1.07931 1.27807 0.880548 1.98336 0.28219 0.198763 0.0792363 0.0366423
0.0132194 2.35455 2.63437 2.07473 1.07079 1.26862 0.87297 1.95294 0.27982 0.197823 0.0788696 0.0361718
0.0135936 2.3345 2.61193 2.05707 1.06233 1.2592 0.865449 1.92286 0.277431 0.196878 0.0784999 0.0357056
0.0139783 2.31456 2.58959 2.03954 1.05391 1.24983 0.857983 1.89312 0.275023 0.195926 0.0781269 0.0352437
0.0143739 2.29473 2.56733 2.02214 1.04554 1.24051 0.850572 1.86372 0.272597 0.194967 0.0777504 0.0347861
0.0147808 2.27501 2.54516 2.00486 1.03722 1.23122 0.843217 1.83466 0.270152 0.194001 0.07737 0.0343327
0.0151991 2.2554 2.52309 1.98771 1.02894 1.22197 0.835916 1.80593 0.267688 0.193028 0.0769855 0.0338835
0.0156293 2.23589 2.5011 1.97069 1.02072 1.21277 0.828669 1.77754 0.265205 0.192048 0.0765967 0.0334384
0.0160717 2.21649 2.4792 1.95379 1.01254 1.2036 0.821477 1.74947 0.262703 0.191061 0.0762033 0.0329974
0.0165265 2.1972 2.45738 1.93702 1.0044 1.19447 0.814338 1.72173 0.260183 0.190065 0.075805 0.0325605
0.0169943 2.17801 2.43565 1.92037 0.996314 1.18538 0.807253 1.69432 0.257643 0.189062 0.0754016 0.0321276
0.0174753 2.15893 2.41401 1.90384 0.98827 1.17632 0.80022 1.66722 0.255084 0.18805 0.0749928 0.0316986
0.0179699 2.13995 2.39245 1.88744 0.98027 1.1673 0.793241 1.64045 0.252506 0.187029 0.0745784 0.0312736
0.0184785 2.12107 2.37098 1.87116 0.972313 1.15831 0.786313 1.61399 0.249909 0.186 0.0741581 0.0308525
0.0190015 2.1023 2.34959 1.85501 0.9644 1.14936 0.779438 1.58785 0.247293 0.184962 0.0737316 0.0304353
0.0195393 2.08363 2.32829 1.83897 0.956528 1.14044 0.772614 1.56202 0.244659 0.183914 0.0732987 0.0300218
0.0200923 2.06506 2.30706 1.82305 0.948698 1.13156 0.765841 1.53649 0.242006 0.182857 0.0728592 0.0296122
0.020661 2.04659 2.28593 1.80726 0.940909 1.1227 0.759119 1.51128 0.239334 0.18179 0.0724127 0.0292062
0.0212458 2.02822 2.26487 1.79158 0.933161 1.11387 0.752448 1.48637 0.236645 0.180713 0.0719592 0.028804
0.0218471 2.00996 2.24389 1.77602 0.925451 1.10508 0.745826 1.46176 0.233937 0.179626 0.0714982 0.0284054
0.0224655 1.99179 2.223 1.76058 0.917781 1.09631 0.739253 1.43745 0.231211 0.178528 0.0710297 0.0280104
0.0231013 1.97373 2.20219 1.74526 0.910149 1.08757 0.73273 1.41344 0.228468 0.177419 0.0705533 0.027619
0.0237551 1.95576 2.18147 1.73005 0.902555 1.07885 0.726255 1.38972 0.225707 0.1763 0.0700688 0.0272312
0.0244275 1.93789 2.16082 1.71496 0.894997 1.07017 0.719829 1.36629 0.222929 0.175169 0.0695761 0.0268468
0.0251189 1.92012 2.14025 1.69999 0.887476 1.0615 0.71345 1.34316 0.220135 0.174026 0.0690749 0.0264659
0.0258298 1.90245 2.11977 1.68512 0.87999 1.05286 0.707118 1.32031 0.217324 0.172872 0.0685651 0.0260884
0.0265609 1.88487 2.09937 1.67038 0.872538 1.04424 0.700832 1.29774 0.214497 0.171706 0.0680463 0.0257143
0.0273126 1.86739 2.07905 1.65574 0.86512 1.03565 0.694593 1.27546 0.211654 0.170527 0.0675186 0.0253435
0.0280857 1.85001 2.05881 1.64122 0.857735 1.02707 0.688399 1.25345 0.208796 0.169336 0.0669816 0.024976
0.0288806 1.83273 2.03865 1.6268 0.850382 1.01851 0.68225 1.23172 0.205924 0.168132 0.0664352 0.0246118
0.029698 1.81554 2.01858 1.6125 0.843061 1.00998 0.676145 1.21027 0.203037 0.166916 0.0658793 0.0242507
0.0305386 1.79845 1.99858 1.59831 0.83577 1.00146 0.670084 1.18909 0.200137 0.165686 0.0653137 0.0238929
0.0314029 1.78145 1.97867 1.58423 0.828509 0.992952 0.664067 1.16818 0.197224 0.164442 0.0647383 0.0235382
0.0322917 1.76455 1.95885 1.57025 0.821277 0.984462 0.658092 1.14754 0.194298 0.163185 0.064153 0.0231866
0.0332057 1.74774 1.9391 1.55638 0.814072 0.975987 0.652158 1.12716 0.191361 0.161914 0.0635577 0.0228381
0.0341455 1.73103 1.91944 1.54262 0.806895 0.967524 0.646265 1.10704 0.188412 0.160629 0.0629523 0.0224926
0.0351119 1.71441 1.89986 1.52896 0.799743 0.959073 0.640413 1.08718 0.185453 0.15933 0.0623367 0.0221501
0.0361057 1.69789 1.88037 1.5154 0.792617 0.950633 0.634601 1.06758 0.182485 0.158016 0.0617108 0.0218106
0.0371276 1.68145 1.86096 1.50195 0.785515 0.942202 0.628827 1.04823 0.179507 0.156688 0.0610747 0.0214739
0.0381784 1.66512 1.84164 1.4886 0.778435 0.93378 0.623091 1.02913 0.176522 0.155344 0.0604283 0.0211402
0.039259 1.64887 1.8224 1.47534 0.771378 0.925364 0.617392 1.01029 0.173529 0.153986 0.0597715 0.0208093
0.0403702 1.63272 1.80325 1.46219 0.764342 0.916954 0.61173 0.99169 0.17053 0.152612 0.0591045 0.0204812
0.0415128 1.61666 1.78419 1.44914 0.757326 0.908549 0.606103 0.973334 0.167525 0.151223 0.0584272 0.0201559
0.0426877 1.6007 1.76521 1.43618 0.750328 0.900147 0.60051 0.955221 0.164516 0.149818 0.0577396 0.0198334
0.0438959 1.58482 1.74632 1.42332 0.743349 0.891746 0.594951 0.937347 0.161503 0.148398 0.0570419 0.0195135
0.0451383 1.56904 1.72753 1.41055 0.736385 0.883347 0.589424 0.91971 0.158488 0.146961 0.0563341 0.0191964
0.0464159 1.55335 1.70882 1.39788 0.729437 0.874946 0.583928 0.902306 0.155471 0.145509 0.0556164 0.0188818
0.0477296 1.53775 1.6902 1.38529 0.722503 0.866544 0.578463 0.885134 0.152454 0.144041 0.0548888 0.0185699
0.0490805 1.52223 1.67167 1.3728 0.715582 0.858138 0.573026 0.868191 0.149437 0.142556 0.0541515 0.0182606
0.0504697 1.50681 1.65324 1.36039 0.708673 0.849728 0.567617 0.851474 0.146423 0.141055 0.0534048 0.0179538
0.0518981 1.49148 1.63489 1.34807 0.701773 0.841311 0.562235 0.834981 0.143411 0.139538 0.0526486 0.0176495
0.053367 1.47624 1.61664 1.33584 0.694882 0.832886 0.556878 0.818708 0.140404 0.138004 0.0518834 0.0173478
0.0548775 1.46108 1.59849 1.32368 0.687999 0.824453 0.551545 0.802655 0.137402 0.136454 0.0511093 0.0170485
0.0564307 1.44602 1.58042 1.31161 0.681122 0.816009 0.546235 0.786817 0.134406 0.134887 0.0503266 0.0167516
0.0580278 1.43104 1.56246 1.29962 0.674249 0.807553 0.540946 0.771193 0.131418 0.133304 0.0495356 0.0164571
0.0596702 1.41614 1.54458 1.2877 0.667379 0.799083 0.535675 0.75578 0.12844 0.131704 0.0487365 0.016165
0.0613591 1.40133 1.52681 1.27586 0.660511 0.790598 0.530423 0.740574 0.125472 0.130087 0.0479298 0.0158753
0.0630957 1.38661 1.50912 1.26409 0.653642 0.782096 0.525188 0.725575 0.122515 0.128454 0.0471157 0.0155879
0.0648815 1.37197 1.49154 1.2524 0.646771 0.773577 0.519966 0.710778 0.119572 0.126805 0.0462946 0.0153028
0.0667179 1.35741 1.47405 1.24077 0.639897 0.765037 0.514758 0.696182 0.116643 0.12514 0.045467 0.0150201
0.0686062 1.34293 1.45666 1.2292 0.633018 0.756476 0.50956 0.681783 0.11373 0.123458 0.0446332 0.0147395
0.070548 1.32853 1.43937 1.2177 0.626131 0.747891 0.504371 0.66758 0.110834 0.12176 0.0437937 0.0144613
0.0725448 1.31422 1.42217 1.20626 0.619236 0.739282 0.499189 0.65357 0.107957 0.120046 0.0429489 0.0141852
0.074598 1.29997 1.40507 1.19487 0.612329 0.730646 0.494013 0.63975 0.105099 0.118317 0.0420993 0.0139114
0.0767094 1.28581 1.38807 1.18354 0.60541 0.721981 0.488839 0.626117 0.102263 0.116571 0.0412455 0.0136398
0.0788805 1.27171 1.37116 1.17226 0.598476 0.713287 0.483665 0.61267 0.0994489 0.114811 0.0403879 0.0133703
0.0811131 1.25769 1.35435 1.16103 0.591525 0.704561 0.47849 0.599405 0.0966591 0.113036 0.039527 0.013103
0.0834088 1.24374 1.33763 1.14984 0.584556 0.695801 0.47331 0.58632 0.0938947 0.111245 0.0386635 0.0128379
0.0857696 1.22985 1.32101 1.13869 0.577565 0.687006 0.468124 0.573413 0.091157 0.109441 0.0377979 0.0125749
0.0881971 1.21603 1.30448 1.12758 0.570551 0.678173 0.462929 0.560681 0.0884473 0.107622 0.0369307 0.0123141
0.0906934 1.20227 1.28804 1.1165 0.563511 0.669301 0.457722 0.548122 0.0857669 0.10579 0.0360626 0.0120554
0.0932603 1.18857 1.27169 1.10545 0.556444 0.660388 0.4525 0.535733 0.0831172 0.103944 0.0351942 0.0117988
0.0958999 1.17493 1.25543 1.09443 0.549346 0.651432 0.447261 0.523512 0.0804995 0.102085 0.034326 0.0115444
0.0986142 1.16134 1.23925 1.08342 0.542216 0.642431 0.442002 0.511457 0.0779149 0.100215 0.0334588 0.011292
0.101405 1.14779 1.22316 1.07243 0.535051 0.633383 0.436719 0.499564 0.0753648 0.098332 0.0325932 0.0110418
0.104275 1.1343 1.20715 1.06145 0.527849 0.624287 0.43141 0.487833 0.0728503 0.0964382 0.0317298 0.0107937
0.107227 1.12084 1.19122 1.05047 0.520606 0.61514 0.426072 0.47626 0.0703725 0.0945337 0.0308692 0.0105477
0.110262 1.10743 1.17536 1.03949 0.513321 0.60594 0.420702 0.464845 0.0679327 0.0926193 0.0300121 0.0103039
0.113382 1.09404 1.15957 1.02851 0.505991 0.596686 0.415295 0.453583 0.0655319 0.0906956 0.0291593 0.0100622
0.116591 1.08068 1.14385 1.01751 0.498612 0.587376 0.409849 0.442473 0.0631711 0.0887633 0.0283112 0.00982262
0.119891 1.06735 1.1282 1.0065 0.491184 0.578007 0.40436 0.431514 0.0608514 0.0868232 0.0274686 0.00958521
0.123285 1.05403 1.11261 0.995458 0.483702 0.568578 0.398826 0.420703 0.0585737 0.084876 0.0266322 0.00934997
0.126774 1.04073 1.09706 0.984387 0.476164 0.559087 0.393241 0.410038 0.0563389 0.0829227 0.0258025 0.00911691
0.130362 1.02743 1.08157 0.973277 0.468568 0.549532 0.387604 0.399518 0.0541479 0.0809641 0.0249802 0.00888606
0.134052 1.01412 1.06612 0.962122 0.46091 0.539911 0.381909 0.38914 0.0520015 0.0790011 0.024166 0.00865742
0.137846 1.00081 1.05071 0.950913 0.453189 0.530224 0.376154 0.378902 0.0499004 0.0770348 0.0233604 0.00843103
0.141747 0.987487 1.03533 0.939642 0.445401 0.520467 0.370335 0.368804 0.0478452 0.075066 0.0225641 0.0082069
0.145759 0.974139 1.01998 0.928302 0.437544 0.51064 0.364448 0.358843 0.0458367 0.073096 0.0217776 0.00798507
0.149885 0.96076 1.00464 0.916884 0.429616 0.500742 0.35849 0.349018 0.0438754 0.0711257 0.0210016 0.00776555
0.154127 0.947341 0.989303 0.90538 0.421614 0.49077 0.352457 0.339328 0.0419618 0.0691564 0.0202366 0.00754839
0.158489 0.933875 0.973971 0.893779 0.413535 0.480724 0.346346 0.32977 0.0400962 0.0671892 0.0194831 0.0073336
0.162975 0.920352 0.958631 0.882072 0.405377 0.470603 0.340152 0.320345 0.0382792 0.0652253 0.0187417 0.00712123
0.167588 0.906761 0.943272 0.870251 0.39714 0.460406 0.333874 0.31105 0.0365109 0.063266 0.0180129 0.0069113
0.172331 0.893095 0.927886 0.858303 0.388819 0.450132 0.327507 0.301884 0.0347916 0.0613125 0.017297 0.00670387
0.177209 0.879341 0.912463 0.84622 0.380415 0.439781 0.321048 0.292847 0.0331215 0.0593663 0.0165947 0.00649897
0.182224 0.86549 0.896991 0.83399 0.371925 0.429353 0.314496 0.283938 0.0315008 0.0574287 0.0159062 0.00629663
0.187382 0.851531 0.88146 0.821601 0.363348 0.418849 0.307846 0.275155 0.0299293 0.0555011 0.015232 0.0060969
0.192685 0.837451 0.865858 0.809043 0.354683 0.408268 0.301098 0.266498 0.0284071 0.0535849 0.0145725 0.00589983
0.198139 0.823239 0.850173 0.796305 0.345931 0.397612 0.294249 0.257967 0.0269341 0.0516816 0.013928 0.00570547
0.203747 0.808883 0.834393 0.783372 0.33709 0.386883 0.287297 0.24956 0.0255102 0.0497927 0.0132988 0.00551385
0.209514 0.79437 0.818505 0.770235 0.328162 0.376082 0.280242 0.241278 0.024135 0.0479198 0.0126852 0.00532502
0.215443 0.779688 0.802496 0.756879 0.319147 0.365211 0.273083 0.23312 0.0228083 0.0460643 0.0120875 0.00513904
0.221541 0.764823 0.786353 0.743293 0.310047 0.354275 0.265819 0.225086 0.0215298 0.0442278 0.0115058 0.00495595
0.227812 0.749762 0.770061 0.729463 0.300864 0.343275 0.258452 0.217176 0.020299 0.0424118 0.0109403 0.0047758
0.234259 0.734492 0.753607 0.715377 0.2916 0.332218 0.250982 0.20939 0.0191154 0.0406181 0.0103913 0.00459863
0.24089 0.718998 0.736977 0.70102 0.28226 0.321108 0.243412 0.201727 0.0179785 0.0388481 0.00985868 0.00442449
0.247708 0.703267 0.720155 0.68638 0.272848 0.309952 0.235745 0.194189 0.0168877 0.0371034 0.00934269 0.00425341
0.254719 0.687284 0.703126 0.671442 0.26337 0.298756 0.227984 0.186776 0.0158424 0.0353857 0.00884334 0.00408545
0.261928 0.671034 0.685875 0.656192 0.253832 0.287528 0.220135 0.179487 0.0148419 0.0336965 0.00836062 0.00392062
0.269341 0.6545 0.668385 0.640614 0.244242 0.276279 0.212205 0.172325 0.0138853 0.0320373 0.00789453 0.00375895
0.276965 0.637664 0.650636 0.624692 0.23461 0.265019 0.2042 0.165289 0.012972 0.0304098 0.00744499 0.00360043
0.284804 0.620503 0.632604 0.608402 0.224945 0.253761 0.19613 0.15838 0.0121009 0.0288155 0.00701187 0.00344506
0.292864 0.602981 0.614253 0.59171 0.215263 0.242519 0.188007 0.151601 0.0112713 0.0272557 0.00659501 0.00329276
0.301153 0.585021 0.595503 0.574539 0.205578 0.23131 0.179846 0.144953 0.010482 0.025732 0.00619409 0.00314336
0.309677 0.56629 0.576022 0.556558 0.195914 0.22016 0.171668 0.138442 0.00973184 0.0242458 0.00580851 0.00299631
0.318442 0.55011 0.559567 0.540654 0.189371 0.213062 0.165679 0.136019 0.00945647 0.0236918 0.00566481 0.00293941
0.321833 0.543454 0.552643 0.534264 0.185796 0.208945 0.162647 0.13364 0.00918933 0.0231491 0.00552481 0.00288353
0.325224 0.536826 0.545756 0.527896 0.182263 0.20488 0.159645 0.131302 0.00893015 0.0226176 0.0053884 0.00282865
0.328614 0.530227 0.538905 0.521548 0.17877 0.200867 0.156673 0.129006 0.00867865 0.0220969 0.00525547 0.00277475
0.332005 0.523655 0.53209 0.515221 0.175317 0.196904 0.15373 0.12675 0.00843458 0.021587 0.00512592 0.00272181
0.335396 0.517112 0.52531 0.508914 0.171905 0.192992 0.150817 0.124533 0.00819769 0.0210875 0.00499964 0.0026698
0.338787 0.510596 0.518564 0.502629 0.168533 0.189131 0.147934 0.122354 0.00796773 0.0205983 0.00487655 0.0026187
0.342178 0.504108 0.511853 0.496364 0.165201 0.18532 0.145081 0.120213 0.00774448 0.0201192 0.00475655 0.0025685
0.345569 0.497647 0.505175 0.49012 0.161909 0.181559 0.142259 0.118109 0.00752772 0.0196499 0.00463956 0.00251917
0.348959 0.491214 0.498531 0.483896 0.158657 0.177847 0.139466 0.11604 0.00731724 0.0191903 0.00452547 0.00247069
0.35235 0.484807 0.49192 0.477694 0.155445 0.174185 0.136705 0.114006 0.00711283 0.0187402 0.00441422 0.00242306
0.355741 0.478428 0.485342 0.471513 0.152273 0.170572 0.133973 0.112006 0.00691429 0.0182994 0.00430572 0.00237624
0.359132 0.472075 0.478797 0.465354 0.14914 0.167008 0.131273 0.110039 0.00672144 0.0178677 0.00419989 0.00233022
0.362523 0.46575 0.472284 0.459216 0.146048 0.163493 0.128603 0.108106 0.00653408 0.017445 0.00409666 0.00228499
0.365914 0.459452 0.465804 0.4531 0.142995 0.160026 0.125964 0.106204 0.00635206 0.017031 0.00399596 0.00224052
0.369305 0.453181 0.459356 0.447006 0.139981 0.156607 0.123356 0.104333 0.00617519 0.0166256 0.00389771 0.00219681
0.372695 0.446938 0.452941 0.440934 0.137007 0.153236 0.120778 0.102492 0.00600331 0.0162286 0.00380184 0.00215384
0.376086 0.440722 0.446558 0.434886 0.134072 0.149912 0.118232 0.100682 0.00583627 0.0158399 0.00370829 0.00211159
0.379477 0.434534 0.440208 0.42886 0.131177 0.146636 0.115718 0.0989005 0.00567392 0.0154593 0.003617 0.00207005
0.382868 0.428374 0.43389 0.422858 0.128321 0.143407 0.113234 0.0971478 0.0055161 0.0150866 0.0035279 0.0020292
0.386259 0.422242 0.427604 0.416879 0.125504 0.140225 0.110782 0.0954231 0.00536269 0.0147217 0.00344094 0.00198903
0.38965 0.416138 0.421352 0.410925 0.122726 0.13709 0.108361 0.0937259 0.00521353 0.0143645 0.00335606 0.00194953
0.39304 0.410063 0.415132 0.404995 0.119987 0.134001 0.105972 0.0920555 0.00506851 0.0140148 0.00327319 0.00191069
0.396431 0.404018 0.408945 0.39909 0.117286 0.130959 0.103614 0.0904115 0.0049275 0.0136724 0.00319229 0.00187249
0.399822 0.398001 0.402792 0.393211 0.114625 0.127962 0.101288 0.0887932 0.00479036 0.0133372 0.0031133 0.00183492
0.403213 0.392014 0.396671 0.387357 0.112002 0.125011 0.0989932 0.0872002 0.00465699 0.013009 0.00303618 0.00179798
0.406604 0.386058 0.390585 0.38153 0.109418 0.122106 0.09673 0.0856321 0.00452728 0.0126878 0.00296087 0.00176163
0.409995 0.380131 0.384532 0.37573 0.106872 0.119245 0.0944985 0.0840882 0.0044011 0.0123734 0.00288733 0.00172589
0.413385 0.374236 0.378514 0.369957 0.104364 0.11643 0.0922986 0.0825681 0.00427837 0.0120657 0.00281551 0.00169074
0.416776 0.368371 0.37253 0.364212 0.101895 0.113659 0.0901304 0.0810714 0.00415897 0.0117645 0.00274537 0.00165616
0.420167 0.362539 0.366581 0.358496 0.0994634 0.110933 0.0879937 0.0795977 0.0040428 0.0114697 0.00267686 0.00162214
0.423558 0.356738 0.360668 0.352808 0.0970699 0.108251 0.0858887 0.0781464 0.00392978 0.0111812 0.00260993 0.00158868
0.426949 0.35097 0.35479 0.34715 0.0947142 0.105613 0.0838153 0.0767172 0.0038198 0.0108989 0.00254456 0.00155577
0.43034 0.345235 0.348947 0.341522 0.092396 0.103019 0.0817734 0.0753097 0.00371278 0.0106226 0.0024807 0.0015234
0.43373 0.339533 0.343142 0.335924 0.0901152 0.100468 0.079763 0.0739235 0.00360864 0.0103523 0.00241832 0.00149156
0.437121 0.333865 0.337372 0.330358 0.0878717 0.0979595 0.077784 0.0725581 0.00350729 0.0100878 0.00235737 0.00146024
0.440512 0.328232 0.33164 0.324823 0.0856653 0.0954943 0.0758363 0.0712133 0.00340865 0.00982896 0.00229782 0.00142942
0.443903 0.322633 0.325946 0.319321 0.0834959 0.0930717 0.0739202 0.0698887 0.00331264 0.00957575 0.00223963 0.00139912
0.447294 0.317071 0.32029 0.313851 0.0813632 0.0906912 0.0720352 0.0685838 0.00321919 0.00932804 0.00218278 0.0013693
0.450685 0.311544 0.314672 0.308415 0.0792671 0.0883528 0.0701814 0.0672985 0.00312823 0.00908571 0.00212722 0.00133998
0.454075 0.306053 0.309093 0.303014 0.0772073 0.086056 0.0683586 0.0660322 0.00303968 0.00884867 0.00207294 0.00131113
0.457466 0.3006 0.303553 0.297646 0.0751837 0.0838005 0.0665668 0.0647848 0.00295347 0.00861682 0.00201989 0.00128276
0.460857 0.295184 0.298054 0.292315 0.073196 0.0815861 0.064806 0.0635558 0.00286955 0.00839005 0.00196805 0.00125486
0.464248 0.289807 0.292595 0.287019 0.0712442 0.0794124 0.0630759 0.0623451 0.00278785 0.00816826 0.00191739 0.00122741
0.467639 0.284468 0.287176 0.28176 0.0693277 0.0772791 0.0613764 0.0611522 0.0027083 0.00795137 0.00186787 0.00120041
0.47103 0.279169 0.281799 0.276538 0.0674466 0.0751859 0.0597073 0.0599769 0.00263085 0.00773928 0.00181948 0.00117386
0.47442 0.273909 0.276465 0.271354 0.0656005 0.0731324 0.0580686 0.058819 0.00255544 0.00753189 0.00177219 0.00114775
0.477811 0.26869 0.271172 0.266208 0.0637893 0.0711184 0.0564602 0.0576781 0.00248201 0.00732912 0.00172597 0.00112207
0.481202 0.263512 0.265922 0.261101 0.0620127 0.0691435 0.0548818 0.056554 0.00241051 0.00713088 0.0016808 0.00109682
0.484593 0.258375 0.260716 0.256035 0.0602703 0.0672074 0.0533332 0.0554464 0.00234089 0.00693708 0.00163664 0.00107198
0.487984 0.253281 0.255554 0.251008 0.0585619 0.0653096 0.0518143 0.0543551 0.00227309 0.00674764 0.00159349 0.00104756
0.491375 0.24823 0.250437 0.246023 0.0568874 0.0634499 0.050325 0.0532798 0.00220707 0.00656247 0.00155131 0.00102355
0.494765 0.243221 0.245364 0.241079 0.0552464 0.0616279 0.0488649 0.0522203 0.00214278 0.00638149 0.00151009 0.000999946
0.498156 0.238257 0.240337 0.236177 0.0536386 0.0598432 0.047434 0.0511764 0.00208018 0.00620462 0.0014698 0.000976736
0.501547 0.233337 0.235356 0.231318 0.0520637 0.0580955 0.046032 0.0501478 0.00201921 0.00603178 0.00143042 0.000953919
0.504938 0.228462 0.230422 0.226503 0.0505215 0.0563844 0.0446586 0.0491343 0.00195984 0.00586289 0.00139194 0.000931489
0.508329 0.223633 0.225535 0.221731 0.0490116 0.0547095 0.0433137 0.0481358 0.00190202 0.00569789 0.00135432 0.000909441
0.51172 0.21885 0.220696 0.217005 0.0475338 0.0530705 0.0419971 0.0471519 0.00184572 0.00553668 0.00131756 0.000887771
0.51511 0.214114 0.215905 0.212323 0.0460877 0.0514669 0.0407085 0.0461825 0.00179089 0.00537921 0.00128163 0.000866472
0.518501 0.209425 0.211163 0.207688 0.044673 0.0498984 0.0394476 0.0452275 0.00173749 0.00522539 0.00124652 0.000845542
0.521892 0.204784 0.206469 0.203098 0.0432895 0.0483646 0.0382143 0.0442865 0.00168549 0.00507516 0.0012122 0.000824974
0.525283 0.200191 0.201826 0.198556 0.0419367 0.0468651 0.0370082 0.0433595 0.00163485 0.00492845 0.00117867 0.000804765
0.528674 0.195647 0.197233 0.194062 0.0406143 0.0453995 0.0358291 0.0424462 0.00158555 0.00478518 0.0011459 0.000784909
0.532065 0.191153 0.19269 0.189615 0.0393221 0.0439674 0.0346768 0.0415465 0.00153753 0.0046453 0.00111388 0.000765404
0.535455 0.186708 0.188199 0.185217 0.0380596 0.0425683 0.0335509 0.0406602 0.00149077 0.00450874 0.00108259 0.000746243
0.538846 0.182314 0.183759 0.180869 0.0368265 0.041202 0.0324511 0.0397871 0.00144525 0.00437542 0.00105202 0.000727424
0.542237 0.177971 0.179372 0.17657 0.0356226 0.0398679 0.0313773 0.0389271 0.00140092 0.0042453 0.00102215 0.000708942
0.545628 0.173679 0.175037 0.172321 0.0344473 0.0385656 0.030329 0.03808 0.00135776 0.0041183 0.000992969 0.000690792
0.549019 0.169439 0.170755 0.168124 0.0333004 0.0372948 0.029306 0.0372456 0.00131573 0.00399437 0.000964461 0.000672972
0.55241 0.165252 0.166527 0.163977 0.0321815 0.036055 0.0283081 0.0364239 0.00127482 0.00387345 0.000936611 0.000655476
0.5558 0.161117 0.162352 0.159882 0.0310902 0.0348457 0.0273348 0.0356146 0.00123498 0.00375547 0.000909408 0.000638302
0.559191 0.157036 0.158232 0.15584 0.0300263 0.0336666 0.0263859 0.0348177 0.00119621 0.00364038 0.000882837 0.000621445
0.562582 0.153008 0.154167 0.15185 0.0289892 0.0325173 0.025461 0.0340329 0.00115846 0.00352812 0.000856887 0.000604902
0.565973 0.149035 0.150156 0.147913 0.0279786 0.0313972 0.0245599 0.0332602 0.00112171 0.00341864 0.000831543 0.000588669
0.569364 0.145115 0.146201 0.144029 0.0269942 0.030306 0.0236823 0.0324994 0.00108595 0.00331188 0.000806795 0.000572742
0.572755 0.141251 0.142302 0.1402 0.0260355 0.0292433 0.0228277 0.0317503 0.00105114 0.00320779 0.00078263 0.000557118
0.576146 0.137442 0.138459 0.136425 0.0251022 0.0282085 0.0219959 0.0310129 0.00101726 0.00310631 0.000759037 0.000541794
0.579536 0.133688 0.134672 0.132704 0.0241939 0.0272013 0.0211865 0.0302871 0.000984296 0.00300739 0.000736004 0.000526765
0.582927 0.12999 0.130943 0.129038 0.0233102 0.0262212 0.0203993 0.0295727 0.000952216 0.00291098 0.00071352 0.000512028
0.586318 0.126349 0.12727 0.125428 0.0224508 0.0252678 0.0196337 0.0288695 0.000921002 0.00281704 0.000691574 0.000497581
0.589709 0.122764 0.123654 0.121873 0.0216152 0.0243407 0.0188896 0.0281775 0.000890633 0.0027255 0.000670156 0.000483419
0.5931 0.119235 0.120096 0.118374 0.020803 0.0234393 0.0181666 0.0274967 0.000861089 0.00263633 0.000649256 0.000469539
0.596491 0.115764 0.116596 0.114931 0.0200138 0.0225633 0.0174643 0.0268267 0.000832351 0.00254948 0.000628863 0.000455938
0.599881 0.112349 0.113154 0.111545 0.0192473 0.0217122 0.0167824 0.0261676 0.000804398 0.00246489 0.000608967 0.000442613
0.603272 0.108993 0.10977 0.108215 0.0185031 0.0208856 0.0161206 0.0255193 0.000777212 0.00238252 0.000589559 0.000429561
0.606663 0.105693 0.106444 0.104942 0.0177807 0.020083 0.0154784 0.0248815 0.000750776 0.00230234 0.000570629 0.000416778
0.610054 0.102452 0.103177 0.101727 0.0170798 0.0193041 0.0148555 0.0242544 0.000725071 0.00222428 0.000552168 0.000404261
0.613445 0.0992679 0.099968 0.0985678 0.0163999 0.0185483 0.0142516 0.0236376 0.000700079 0.00214831 0.000534167 0.000392006
0.616836 0.0961421 0.0968179 0.0954663 0.0157408 0.0178152 0.0136664 0.0230312 0.000675785 0.00207439 0.000516617 0.000380012
0.620226 0.0930744 0.0937266 0.0924222 0.0151019 0.0171044 0.0130994 0.022435 0.000652171 0.00200247 0.00049951 0.000368275
0.623617 0.0900648 0.090694 0.0894355 0.0144829 0.0164154 0.0125504 0.021849 0.000629221 0.00193252 0.000482836 0.000356791
0.627008 0.0871134 0.0877203 0.0865064 0.0138834 0.0157478 0.0120189 0.021273 0.000606921 0.00186448 0.000466588 0.000345558
0.630399 0.0842201 0.0848054 0.0836349 0.0133029 0.0151013 0.0115046 0.020707 0.000585254 0.00179832 0.000450757 0.000334572
0.63379 0.0813851 0.0819493 0.0808209 0.0127412 0.0144752 0.0110072 0.0201509 0.000564206 0.00173401 0.000435335 0.000323831
0.637181 0.0786082 0.079152 0.0780644 0.0121978 0.0138693 0.0105263 0.0196045 0.000543762 0.0016715 0.000420315 0.000313332
0.640571 0.0758894 0.0764133 0.0753655 0.0116723 0.0132831 0.0100616 0.0190679 0.000523908 0.00161075 0.000405688 0.000303071
0.643962 0.0732286 0.0737332 0.072724 0.0111644 0.0127161 0.00961264 0.0185408 0.00050463 0.00155173 0.000391448 0.000293045
0.647353 0.0706257 0.0711116 0.0701398 0.0106736 0.012168 0.00917917 0.0180232 0.000485915 0.0014944 0.000377586 0.000283252
0.650744 0.0680806 0.0685483 0.0676128 0.0101995 0.0116383 0.00876082 0.0175151 0.000467749 0.00143873 0.000364095 0.000273688
0.654135 0.065593 0.0660431 0.0651429 0.00974189 0.0111266 0.00835722 0.0170163 0.000450119 0.00138467 0.000350969 0.000264352
0.657526 0.0631628 0.0635958 0.0627298 0.00930025 0.0106324 0.00796805 0.0165268 0.000433014 0.00133219 0.000338199 0.000255238
0.660916 0.0607898 0.0612062 0.0603734 0.00887423 0.0101555 0.00759296 0.0160465 0.00041642 0.00128127 0.00032578 0.000246346
0.664307 0.0584737 0.058874 0.0580734 0.00846347 0.00969533 0.00723161 0.0155753 0.000400326 0.00123186 0.000313703 0.000237671
0.667698 0.0562143 0.056599 0.0558296 0.00806759 0.00925151 0.00688366 0.0151131 0.000384719 0.00118392 0.000301964 0.000229211
0.671089 0.0540112 0.0543808 0.0536416 0.00768622 0.00882366 0.00654878 0.0146598 0.000369589 0.00113744 0.000290554 0.000220964
0.67448 0.0518642 0.0522192 0.0515093 0.00731901 0.00841138 0.00622663 0.0142154 0.000354924 0.00109238 0.000279468 0.000212925
0.677871 0.0497729 0.0501136 0.0494321 0.00696559 0.00801428 0.00591689 0.0137798 0.000340713 0.00104869 0.000268699 0.000205092
0.681261 0.0477369 0.0480638 0.0474099 0.00662559 0.00763196 0.00561923 0.0133529 0.000326945 0.00100636 0.000258241 0.000197463
0.684652 0.0457557 0.0460693 0.0454421 0.00629868 0.00726403 0.00533332 0.0129346 0.00031361 0.000965357 0.000248087 0.000190033
0.688043 0.043829 0.0441297 0.0435283 0.00598449 0.00691013 0.00505884 0.0125248 0.000300697 0.000925643 0.000238232 0.000182802
0.691434 0.0419564 0.0422446 0.0416682 0.00568268 0.00656987 0.00479549 0.0121235 0.000288197 0.000887191 0.00022867 0.000175764
0.694825 0.0401373 0.0404134 0.0398612 0.00539292 0.00624289 0.00454294 0.0117306 0.000276099 0.000849973 0.000219394 0.000168919
0.698216 0.0383711 0.0386355 0.0381067 0.00511485 0.00592881 0.00430089 0.011346 0.000264393 0.00081396 0.000210399 0.000162262
0.701606 0.0366575 0.0369106 0.0364044 0.00484815 0.00562727 0.00406902 0.0109696 0.000253071 0.000779123 0.000201679 0.000155791
0.704997 0.0349958 0.0352379 0.0347536 0.00459248 0.00533791 0.00384704 0.0106014 0.000242123 0.000745435 0.000193228 0.000149503
0.708388 0.0333854 0.0336169 0.0331538 0.00434752 0.00506039 0.00363466 0.0102412 0.00023154 0.000712869 0.000185041 0.000143395
0.711779 0.0318258 0.0320471 0.0316045 0.00411297 0.00479436 0.00343157 0.00988906 0.000221312 0.000681397 0.000177112 0.000137465
0.71517 0.0303162 0.0305277 0.0301048 0.00388848 0.00453948 0.00323749 0.00954482 0.000211432 0.000650993 0.000169436 0.000131708
0.718561 0.0288562 0.029058 0.0286543 0.00367376 0.0042954 0.00305213 0.00920842 0.00020189 0.000621632 0.000162007 0.000126124
0.721951 0.0274448 0.0276375 0.0272522 0.0034685 0.00406179 0.00287521 0.00887978 0.000192678 0.000593288 0.000154821 0.000120707
0.725342 0.0260816 0.0262654 0.0258978 0.0032724 0.00383834 0.00270647 0.00855882 0.000183788 0.000565935 0.000147871 0.000115457
0.728733 0.0247657 0.0249409 0.0245905 0.00308516 0.00362471 0.00254561 0.00824546 0.000175212 0.000539549 0.000141153 0.00011037
0.732124 0.0234965 0.0236634 0.0233295 0.0029065 0.0034206 0.00239239 0.00793963 0.000166942 0.000514106 0.000134662 0.000105443
0.735515 0.0222731 0.0224321 0.0221141 0.00273611 0.0032257 0.00224653 0.00764125 0.00015897 0.000489581 0.000128392 0.000100672
0.738906 0.0210948 0.0212461 0.0209435 0.00257374 0.00303969 0.00210779 0.00735023 0.000151288 0.000465952 0.00012234 9.60567e-05
0.742296 0.0199608 0.0201047 0.0198169 0.00241909 0.00286229 0.0019759 0.0070665 0.000143889 0.000443196 0.000116498 9.15926e-05
0.745687 0.0188703 0.019007 0.0187335 0.00227191 0.00269319 0.00185062 0.00678997 0.000136766 0.000421289 0.000110864 8.72771e-05
0.749078 0.0178224 0.0179523 0.0176925 0.00213192 0.00253212 0.00173171 0.00652057 0.000129911 0.000400209 0.000105432 8.31075e-05
0.752469 0.0168163 0.0169397 0.016693 0.00199886 0.0023788 0.00161893 0.00625821 0.000123318 0.000379934 0.000100198 7.90809e-05
0.75586 0.0158512 0.0159682 0.0157343 0.00187249 0.00223293 0.00151205 0.00600282 0.000116978 0.000360443 9.51557e-05 7.51946e-05
0.759251 0.0149262 0.0150371 0.0148153 0.00175255 0.00209427 0.00141084 0.00575431 0.000110886 0.000341715 9.0302e-05 7.14456e-05
0.762641 0.0140404 0.0141455 0.0139354 0.00163881 0.00196253 0.00131508 0.0055126 0.000105035 0.000323729 8.56319e-05 6.78313e-05
0.766032 0.0131929 0.0132924 0.0130935 0.00153101 0.00183748 0.00122455 0.00527761 9.94176e-05 0.000306464 8.11409e-05 6.43487e-05
0.769423 0.0123828 0.0124769 0.0122888 0.00142894 0.00171884 0.00113904 0.00504924 9.40281e-05 0.0002899 7.68246e-05 6.09952e-05
0.772814 0.0116093 0.0116981 0.0115204 0.00133237 0.00160638 0.00105835 0.00482743 8.88597e-05 0.000274017 7.26785e-05 5.77678e-05
0.776205 0.0108712 0.0109551 0.0107873 0.00124106 0.00149986 0.000982269 0.00461209 8.39064e-05 0.000258796 6.86984e-05 5.46639e-05
0.779596 0.0101679 0.010247 0.0100887 0.00115482 0.00139904 0.000910603 0.00440312 7.9162e-05 0.000244218 6.48799e-05 5.16806e-05
0.782986 0.00949821 0.00957283 0.00942359 0.00107343 0.00130369 0.000843162 0.00420045 7.46204e-05 0.000230265 6.12189e-05 4.88152e-05
0.786377 0.00886131 0.00893159 0.00879104 0.000996676 0.00121359 0.00077976 0.00400398 7.02757e-05 0.000216916 5.77111e-05 4.6065e-05
0.789768 0.00825625 0.00832237 0.00819013 0.00092437 0.00112853 0.000720214 0.00381364 6.61221e-05 0.000204156 5.43525e-05 4.34273e-05
0.793159 0.00768207 0.00774423 0.00761992 0.000856314 0.00104828 0.000664349 0.00362934 6.21539e-05 0.000191965 5.11388e-05 4.08992e-05
0.79655 0.00713783 0.0071962 0.00707947 0.000792321 0.000972647 0.000611995 0.00345098 5.83655e-05 0.000180326 4.80662e-05 3.84781e-05
0.799941 0.00662258 0.00667733 0.00656783 0.000732207 0.00090143 0.000562985 0.00327848 5.47513e-05 0.000169223 4.51306e-05 3.61613e-05
0.803332 0.00613537 0.00618668 0.00608406 0.000675794 0.000834432 0.000517157 0.00311175 5.13059e-05 0.000158637 4.23282e-05 3.39461e-05
0.806722 0.00567526 0.00572328 0.00562724 0.00062291 0.000771464 0.000474356 0.00295071 4.8024e-05 0.000148554 3.96549e-05 3.18299e-05
0.810113 0.00524131 0.00528621 0.00519641 0.000573387 0.000712343 0.000434431 0.00279525 4.49004e-05 0.000138956 3.71071e-05 2.98099e-05
0.813504 0.00483258 0.00487451 0.00479065 0.000527064 0.000656891 0.000397237 0.00264529 4.19299e-05 0.000129827 3.46809e-05 2.78836e-05
0.816895 0.00444815 0.00448725 0.00440904 0.000483783 0.000604936 0.00036263 0.00250074 3.91076e-05 0.000121153 3.23726e-05 2.60482e-05
0.820286 0.00408708 0.00412351 0.00405065 0.000443392 0.000556309 0.000330475 0.00236151 3.64283e-05 0.000112917 3.01785e-05 2.43013e-05
0.823677 0.00374847 0.00378235 0.00371458 0.000405744 0.000510848 0.000300639 0.0022275 3.38874e-05 0.000105104 2.8095e-05 2.26402e-05
0.827067 0.00343139 0.00346287 0.00339991 0.000370698 0.000468399 0.000272997 0.00209862 3.14799e-05 9.77009e-05 2.61186e-05 2.10624e-05
0.830458 0.00313497 0.00316417 0.00310577 0.000338115 0.000428807 0.000247424 0.00197478 2.92013e-05 9.06915e-05 2.42456e-05 1.95653e-05
0.833849 0.00285831 0.00288536 0.00283126 0.000307865 0.000391927 0.000223803 0.00185589 2.70469e-05 8.40623e-05 2.24726e-05 1.81464e-05
0.83724 0.00260054 0.00262555 0.00257552 0.00027982 0.000357619 0.000202021 0.00174184 2.50121e-05 7.77992e-05 2.07962e-05 1.68031e-05
0.840631 0.00236078 0.00238387 0.00233769 0.000253856 0.000325745 0.000181967 0.00163254 2.30927e-05 7.18887e-05 1.92129e-05 1.55331e-05
0.844022 0.0021382 0.00215949 0.00211692 0.000229855 0.000296173 0.000163538 0.0015279 2.12842e-05 6.63174e-05 1.77195e-05 1.43338e-05
0.847412 0.00193197 0.00195155 0.00191239 0.000207705 0.000268777 0.000146632 0.00142781 1.95824e-05 6.10722e-05 1.63127e-05 1.32028e-05
0.850803 0.00174126 0.00175925 0.00172328 0.000187294 0.000243435 0.000131154 0.00133219 1.7983e-05 5.61403e-05 1.49893e-05 1.21377e-05
0.854194 0.00156528 0.00158176 0.0015488 0.00016852 0.000220029 0.000117011 0.00124094 1.64821e-05 5.1509e-05 1.3746e-05 1.11361e-05
0.857585 0.00140324 0.00141832 0.00138817 0.000151281 0.000198447 0.000104115 0.00115395 1.50755e-05 4.71662e-05 1.25797e-05 1.01957e-05
0.860976 0.00125438 0.00126814 0.00124063 0.000135481 0.00017858 9.23807e-05 0.00107113 1.37594e-05 4.30998e-05 1.14874e-05 9.31413e-06
0.864367 0.00111796 0.00113049 0.00110543 0.000121027 0.000160325 8.1729e-05 0.000992373 1.25299e-05 3.9298e-05 1.0466e-05 8.48907e-06
0.867757 0.000993235 0.00100462 0.000981852 0.000107832 0.000143581 7.20828e-05 0.000917587 1.13833e-05 3.57493e-05 9.51262e-06 7.71827e-06
0.871148 0.000879512 0.000889828 0.000869197 9.58117e-05 0.000128254 6.33691e-05 0.00084667 1.03157e-05 3.24426e-05 8.62425e-06 6.99948e-06
0.874539 0.000776104 0.000785428 0.00076678 8.48853e-05 0.000114252 5.55186e-05 0.00077952 9.32374e-06 2.93667e-05 7.79806e-06 6.33051e-06
0.87793 0.000682347 0.00069075 0.000673943 7.49765e-05 0.000101487 4.84656e-05 0.000716036 8.40374e-06 2.6511e-05 7.03122e-06 5.70916e-06
0.881321 0.000597597 0.000605149 0.000590045 6.60126e-05 8.98775e-05 4.21477e-05 0.000656117 7.55228e-06 2.38649e-05 6.32099e-06 5.13331e-06
0.884712 0.000521237 0.000528003 0.000514471 5.79241e-05 7.93424e-05 3.65058e-05 0.00059966 6.76599e-06 2.14183e-05 5.66465e-06 4.60083e-06
0.888102 0.000452669 0.00045871 0.000446627 5.06455e-05 6.98065e-05 3.14844e-05 0.000546564 6.04158e-06 1.91611e-05 5.05955e-06 4.10966e-06
0.891493 0.000391318 0.000396694 0.000385943 4.41143e-05 6.11979e-05 2.70307e-05 0.000496726 5.37583e-06 1.70836e-05 4.5031e-06 3.65775e-06
0.894884 0.000336635 0.000341401 0.00033187 3.82715e-05 5.34479e-05 2.30952e-05 0.000450042 4.7656e-06 1.51763e-05 3.99275e-06 3.24311e-06
0.898275 0.000288093 0.000292301 0.000283885 3.30615e-05 4.64915e-05 1.96314e-05 0.00040641 4.20784e-06 1.343e-05 3.52602e-06 2.86376e-06
0.901666 0.000245187 0.000248886 0.000241487 2.84314e-05 4.02671e-05 1.65957e-05 0.000365726 3.69956e-06 1.18357e-05 3.10049e-06 2.51779e-06
0.905057 0.000207438 0.000210676 0.0002042 2.43316e-05 3.47163e-05 1.3947e-05 0.000327886 3.23787e-06 1.03846e-05 2.71378e-06 2.20331e-06
0.908447 0.00017439 0.00017721 0.00017157 2.07156e-05 2.97838e-05 1.16474e-05 0.000292786 2.81994e-06 9.06823e-06 2.36358e-06 1.91848e-06
0.911838 0.000145611 0.000148054 0.000143168 1.75394e-05 2.54177e-05 9.66118e-06 0.000260323 2.44303e-06 7.87827e-06 2.04765e-06 1.66148e-06
0.915229 0.000120693 0.000122798 0.000118589 1.4762e-05 2.15687e-05 7.9553e-06 0.000230391 2.10448e-06 6.80671e-06 1.76378e-06 1.43057e-06
0.91862 9.92508e-05 0.000101052 9.74491e-05 1.23449e-05 1.81907e-05 6.49913e-06 0.000202887 1.8017e-06 5.84577e-06 1.50986e-06 1.22403e-06
0.922011 8.09228e-05 8.2455e-05 7.93906e-05 1.02522e-05 1.52401e-05 5.26432e-06 0.000177706 1.53219e-06 4.98789e-06 1.28379e-06 1.04018e-06
0.925402 6.53708e-05 6.66643e-05 6.40773e-05 8.45055e-06 1.26763e-05 4.22477e-06 0.000154743 1.29353e-06 4.22578e-06 1.08358e-06 8.774e-07
0.928792 5.22794e-05 5.33627e-05 5.1196e-05 6.90888e-06 1.04612e-05 3.35652e-06 0.000133895 1.08336e-06 3.55236e-06 9.0728e-07 7.34113e-07
0.932183 4.13555e-05 4.2255e-05 4.04561e-05 5.59845e-06 8.55925e-06 2.63764e-06 0.000115058 8.99442e-07 2.96081e-06 7.53001e-07 6.08789e-07
0.935574 3.23283e-05 3.30679e-05 3.15887e-05 4.4927e-06 6.93723e-06 2.04816e-06 9.81259e-05 7.39579e-07 2.44454e-06 6.18927e-07 4.99948e-07
0.938965 2.49485e-05 2.55502e-05 2.43468e-05 3.56716e-06 5.56437e-06 1.56996e-06 8.29965e-05 6.01677e-07 1.99721e-06 5.03302e-07 4.06159e-07
0.942356 1.89879e-05 1.94716e-05 1.85041e-05 2.79939e-06 4.4121e-06 1.18667e-06 6.95661e-05 4.8372e-07 1.61271e-06 4.0444e-07 3.26044e-07
0.945747 1.42388e-05 1.46226e-05 1.3855e-05 2.16884e-06 3.45405e-06 8.83643e-07 5.77314e-05 3.83777e-07 1.2852e-06 3.20718e-07 2.58278e-07
0.949137 1.05135e-05 1.08135e-05 1.02135e-05 1.65683e-06 2.66589e-06 6.47776e-07 4.739e-05 2.99999e-07 1.00906e-06 2.50586e-07 2.0159e-07
0.952528 7.64357e-06 7.8742e-06 7.41295e-06 1.2464e-06 2.02531e-06 4.67483e-07 3.84403e-05 2.30624e-07 7.78912e-07 1.9256e-07 1.54764e-07
0.955919 5.47917e-06 5.65315e-06 5.30519e-06 9.22241e-07 1.51189e-06 3.3259e-07 3.07812e-05 1.73978e-07 5.89651e-07 1.45228e-07 1.16643e-07
0.95931 3.88834e-06 4.01681e-06 3.75987e-06 6.70659e-07 1.10706e-06 2.34253e-07 2.43131e-05 1.28471e-07 4.36406e-07 1.07253e-07 8.61268e-08
0.962701 2.75634e-06 2.84894e-06 2.66373e-06 4.79437e-07 7.94002e-07 1.64873e-07 1.89382e-05 9.2604e-08 3.14565e-07 7.7367e-08 6.21754e-08
0.966092 1.98492e-06 2.04989e-06 1.91995e-06 3.37798e-07 5.57572e-07 1.18024e-07 1.45608e-05 6.49692e-08 2.19774e-07 5.43818e-08 4.38114e-08
0.969482 1.49184e-06 1.53609e-06 1.44759e-06 2.36332e-07 3.84276e-07 8.83894e-08 1.10888e-05 4.42497e-08 1.47943e-07 3.71842e-08 3.01203e-08
0.972873 1.21051e-06 1.23973e-06 1.18129e-06 1.66964e-07 2.62213e-07 7.17139e-08 8.43575e-06 2.9223e-08 9.52496e-08 2.47407e-08 2.02531e-08
0.976264 1.09056e-06 1.10932e-06 1.0718e-06 1.22956e-07 1.81104e-07 6.48089e-08 6.52553e-06 1.87622e-08 5.81473e-08 1.60983e-08 1.34276e-08
0.979655 1.10026e-06 1.1121e-06 1.08843e-06 9.90539e-08 1.32428e-07 6.56802e-08 5.3022e-06 1.18375e-08 3.33738e-08 1.03862e-08 8.92921e-09
0.983046 1.23556e-06 1.24308e-06 1.22805e-06 9.201e-08 1.09969e-07 7.40504e-08 4.75847e-06 7.51574e-09 1.79595e-08 6.81459e-09 6.10964e-09
0.986437 1.55667e-06 1.56162e-06 1.55172e-06 1.02787e-07 1.12023e-07 9.35509e-08 5.03606e-06 4.95086e-09 9.23621e-09 4.66427e-09 4.3757e-09
0.989827 2.44079e-06 2.44412e-06 2.43747e-06 1.51775e-07 1.56601e-07 1.46949e-07 7.00014e-06 3.32305e-09 4.82592e-09 3.22296e-09 3.12202e-09
0.993218 1.17084e-05 1.17087e-05 1.1708e-05 7.08885e-07 7.11927e-07 7.05844e-07 4.10793e-05 3.5807e-10 3.0411e-09 1.79903e-10 -2.11758e-22
4.01075e-314 inf inf inf inf inf inf 0.000326281 15.7704 0.615282 0.401313 0.232154
