9.72476e-05 10.159 10.8484 9.46955 4.75645 5.21449 4.29841 17.8738 0.689435 0.458041 0.263367 0.253749
0.0001 10.0942 10.7808 9.40762 4.72575 5.18157 4.26993 17.7031 0.686594 0.45582 0.261332 0.251609
0.00010283 10.0302 10.714 9.34645 4.69541 5.14903 4.2418 17.5337 0.683768 0.453614 0.259312 0.249484
0.000105741 9.96826 10.6492 9.28731 4.66603 5.11746 4.21461 17.3656 0.680956 0.451422 0.257307 0.247374
0.000108734 9.90332 10.5815 9.22516 4.63527 5.08451 4.18602 17.1989 0.678158 0.449244 0.255318 0.245278
0.000111811 9.83874 10.5141 9.16337 4.60468 5.05176 4.1576 17.0335 0.675375 0.447081 0.253344 0.243196
0.000114976 9.7745 10.4471 9.1019 4.57426 5.01919 4.12932 16.8694 0.672605 0.444931 0.251385 0.241128
0.00011823 9.71062 10.3805 9.04077 4.54401 4.9868 4.10121 16.7066 0.66985 0.442795 0.249442 0.239074
0.000121576 9.64709 10.3142 8.97998 4.51392 4.9546 4.07325 16.5451 0.667109 0.440673 0.247514 0.237035
0.000125017 9.5839 10.2483 8.91952 4.48401 4.92258 4.04545 16.3849 0.664381 0.438565 0.245601 0.235009
0.000128556 9.52106 10.1827 8.85939 4.45427 4.89074 4.0178 16.2259 0.661667 0.43647 0.243702 0.232997
0.000132194 9.45856 10.1175 8.7996 4.42469 4.85908 3.9903 16.0682 0.658967 0.434389 0.241819 0.231
0.000135936 9.39641 10.0527 8.74013 4.39528 4.8276 3.96296 15.9117 0.65628 0.432321 0.239951 0.229016
0.000139783 9.33459 9.9882 8.68098 4.36603 4.7963 3.93577 15.7566 0.653606 0.430267 0.238097 0.227045
0.000143739 9.27312 9.92407 8.62217 4.33696 4.76518 3.90873 15.6026 0.650946 0.428226 0.236258 0.225088
0.000147808 9.21198 9.86028 8.56368 4.30804 4.73423 3.88184 15.4499 0.648299 0.426198 0.234434 0.223144
0.000151991 9.15118 9.79684 8.50551 4.27928 4.70347 3.8551 15.2984 0.645665 0.424183 0.232624 0.221214
0.000156293 9.09071 9.73375 8.44767 4.25069 4.67288 3.82851 15.1481 0.643044 0.422181 0.230829 0.219297
0.000160717 9.03058 9.67101 8.39014 4.22226 4.64246 3.80207 14.999 0.640435 0.420192 0.229049 0.217394
0.000165265 8.97077 9.60861 8.33293 4.19399 4.61221 3.77578 14.8511 0.63784 0.418216 0.227282 0.215503
0.000169943 8.9113 9.54656 8.27604 4.16589 4.58214 3.74964 14.7044 0.635257 0.416253 0.225531 0.213626
0.000174753 8.85216 9.48484 8.21947 4.13794 4.55225 3.72364 14.5588 0.632686 0.414303 0.223793 0.211762
0.000179699 8.79333 9.42346 8.1632 4.11015 4.52252 3.69779 14.4145 0.630128 0.412365 0.222069 0.209911
0.000184785 8.73484 9.36243 8.10726 4.08252 4.49296 3.67208 14.2713 0.627583 0.41044 0.22036 0.208073
0.000190015 8.67667 9.30172 8.05162 4.05505 4.46357 3.64652 14.1293 0.625049 0.408527 0.218665 0.206247
0.000195393 8.61882 9.24135 7.9963 4.02773 4.43436 3.6211 13.9884 0.622528 0.406626 0.216984 0.204434
0.000200923 8.5613 9.18131 7.94128 4.00057 4.40531 3.59583 13.8487 0.620018 0.404738 0.215316 0.202634
0.00020661 8.50409 9.12161 7.88657 3.97356 4.37642 3.5707 13.71 0.61752 0.402862 0.213663 0.200847
0.000212458 8.44719 9.06223 7.83216 3.94671 4.34771 3.54571 13.5726 0.615034 0.400998 0.212023 0.199072
0.000218471 8.39062 9.00319 7.77806 3.92001 4.31916 3.52086 13.4362 0.61256 0.399147 0.210397 0.197309
0.000224655 8.33436 8.94446 7.72427 3.89347 4.29077 3.49616 13.3009 0.610097 0.397307 0.208785 0.195559
0.000231013 8.27841 8.88606 7.67077 3.86707 4.26255 3.47159 13.1668 0.607646 0.395479 0.207187 0.193821
0.000237551 8.22279 8.82799 7.61758 3.84083 4.2345 3.44717 13.0337 0.605206 0.393663 0.205602 0.192096
0.000244275 8.16746 8.77023 7.56468 3.81474 4.2066 3.42288 12.9018 0.602777 0.391858 0.20403 0.190382
0.000251189 8.11244 8.7128 7.51208 3.7888 4.17886 3.39873 12.7709 0.600359 0.390066 0.202472 0.188681
0.000258298 8.05773 8.65568 7.45978 3.76301 4.15129 3.37472 12.6411 0.597953 0.388285 0.200928 0.186992
0.000265609 8.00333 8.59889 7.40777 3.73736 4.12388 3.35085 12.5123 0.595557 0.386515 0.199396 0.185315
0.000273126 7.94923 8.5424 7.35605 3.71186 4.09662 3.32711 12.3846 0.593171 0.384757 0.197878 0.183649
0.000280857 7.89544 8.48623 7.30464 3.68652 4.06953 3.30351 12.258 0.590797 0.38301 0.196374 0.181996
0.000288806 7.84194 8.43037 7.25351 3.66132 4.04259 3.28004 12.1324 0.588433 0.381274 0.194882 0.180354
0.00029698 7.78874 8.37482 7.20266 3.63626 4.01581 3.25671 12.0078 0.586079 0.37955 0.193403 0.178724
0.000305386 7.73585 8.31959 7.15212 3.61135 3.98919 3.23351 11.8843 0.583736 0.377837 0.191938 0.177106
0.000314029 7.68325 8.26465 7.10185 3.58658 3.96272 3.21045 11.7618 0.581402 0.376134 0.190486 0.175499
0.000322917 7.63095 8.21003 7.05187 3.56196 3.9364 3.18752 11.6403 0.579079 0.374443 0.189046 0.173904
0.000332057 7.57893 8.1557 7.00217 3.53748 3.91024 3.16472 11.5198 0.576766 0.372762 0.187619 0.17232
0.000341455 7.52722 8.10168 6.95276 3.51314 3.88424 3.14205 11.4003 0.574462 0.371093 0.186205 0.170747
0.000351119 7.4758 8.04796 6.90363 3.48895 3.85838 3.11951 11.2819 0.572169 0.369434 0.184804 0.169186
0.000361057 7.42466 7.99455 6.85478 3.46489 3.83268 3.09711 11.1644 0.569884 0.367785 0.183416 0.167636
0.000371276 7.37382 7.94143 6.80621 3.44098 3.80713 3.07483 11.0478 0.567609 0.366148 0.18204 0.166098
0.000381784 7.32326 7.8886 6.75791 3.41721 3.78173 3.05269 10.9323 0.565344 0.36452 0.180677 0.16457
0.00039259 7.27299 7.83607 6.7099 3.39357 3.75647 3.03067 10.8177 0.563087 0.362903 0.179326 0.163054
0.000403702 7.223 7.78384 6.66216 3.37007 3.73137 3.00878 10.7041 0.56084 0.361297 0.177987 0.161548
0.000415128 7.17329 7.73189 6.61469 3.34671 3.70641 2.98701 10.5914 0.558602 0.3597 0.176662 0.160054
0.000426877 7.12387 7.68024 6.5675 3.32349 3.6816 2.96538 10.4797 0.556372 0.358114 0.175348 0.15857
0.000438959 7.07473 7.62888 6.52058 3.30041 3.65694 2.94387 10.3689 0.554151 0.356538 0.174047 0.157097
0.000451383 7.02586 7.5778 6.47392 3.27746 3.63243 2.92248 10.2591 0.551939 0.354972 0.172758 0.155635
0.000464159 6.97728 7.52701 6.42754 3.25464 3.60806 2.90123 10.1502 0.549735 0.353415 0.171481 0.154184
0.000477296 6.92897 7.47651 6.38143 3.23196 3.58383 2.88009 10.0422 0.54754 0.351869 0.170216 0.152743
0.000490805 6.88093 7.42628 6.33558 3.20941 3.55974 2.85908 9.93511 0.545352 0.350332 0.168964 0.151313
0.000504697 6.83317 7.37634 6.29 3.187 3.53581 2.83819 9.82893 0.543173 0.348805 0.167723 0.149893
0.000518981 6.78568 7.32668 6.24468 3.16472 3.51201 2.81743 9.72367 0.541001 0.347288 0.166494 0.148484
0.00053367 6.73846 7.2773 6.19962 3.14257 3.48835 2.79679 9.61929 0.538838 0.34578 0.165278 0.147085
0.000548775 6.69151 7.22819 6.15483 3.12055 3.46483 2.77627 9.51581 0.536682 0.344282 0.164073 0.145696
0.000564307 6.64483 7.17937 6.1103 3.09866 3.44146 2.75587 9.4132 0.534533 0.342793 0.16288 0.144318
0.000580278 6.59842 7.13081 6.06603 3.0769 3.41822 2.73559 9.31148 0.532392 0.341313 0.161698 0.14295
0.000596702 6.55227 7.08253 6.02201 3.05528 3.39512 2.71543 9.21062 0.530258 0.339842 0.160529 0.141592
0.000613591 6.50639 7.03452 5.97826 3.03378 3.37216 2.6954 9.11063 0.528131 0.338381 0.15937 0.140245
0.000630957 6.46077 6.98678 5.93475 3.0124 3.34933 2.67548 9.0115 0.526011 0.336928 0.158224 0.138907
0.000648815 6.41541 6.93931 5.89151 2.99116 3.32665 2.65568 8.91322 0.523897 0.335485 0.157089 0.137579
0.000667179 6.37031 6.8921 5.84852 2.97004 3.30409 2.63599 8.81579 0.521791 0.33405 0.155965 0.136261
0.000686062 6.32547 6.84516 5.80578 2.94905 3.28168 2.61643 8.7192 0.519691 0.332625 0.154853 0.134954
0.00070548 6.28088 6.79848 5.76329 2.92819 3.25939 2.59698 8.62344 0.517597 0.331208 0.153752 0.133655
0.000725448 6.23656 6.75207 5.72105 2.90745 3.23725 2.57765 8.52851 0.515509 0.329799 0.152663 0.132367
0.00074598 6.19249 6.70592 5.67906 2.88683 3.21523 2.55843 8.43441 0.513428 0.328399 0.151585 0.131088
0.000767094 6.14867 6.66003 5.63732 2.86634 3.19335 2.53933 8.34112 0.511352 0.327008 0.150517 0.12982
0.000788805 6.10511 6.61439 5.59583 2.84597 3.17159 2.52034 8.24864 0.509282 0.325625 0.149461 0.12856
0.000811131 6.0618 6.56901 5.55458 2.82572 3.14997 2.50147 8.15697 0.507218 0.32425 0.148416 0.12731
0.000834088 6.01873 6.52389 5.51358 2.8056 3.12848 2.48271 8.06609 0.505159 0.322884 0.147382 0.12607
0.000857696 5.97592 6.47902 5.47281 2.78559 3.10712 2.46407 7.97602 0.503106 0.321525 0.146359 0.124839
0.000881971 5.93335 6.43441 5.43229 2.76571 3.08589 2.44554 7.88673 0.501057 0.320175 0.145347 0.123618
0.000906934 5.89103 6.39005 5.39202 2.74595 3.06478 2.42712 7.79822 0.499014 0.318833 0.144346 0.122405
0.000932603 5.84896 6.34593 5.35198 2.72631 3.04381 2.40881 7.71049 0.496975 0.317498 0.143355 0.121203
0.000958999 5.80712 6.30206 5.31218 2.70678 3.02295 2.39061 7.62354 0.494941 0.316172 0.142375 0.120009
0.000986142 5.76554 6.25845 5.27262 2.68738 3.00223 2.37252 7.53735 0.492911 0.314853 0.141406 0.118824
0.00101405 5.72419 6.21507 5.2333 2.66809 2.98163 2.35455 7.45192 0.490886 0.313542 0.140447 0.117649
0.00104275 5.68308 6.17194 5.19421 2.64892 2.96116 2.33668 7.36725 0.488865 0.312238 0.139499 0.116483
0.00107227 5.64221 6.12906 5.15536 2.62986 2.94081 2.31892 7.28332 0.486847 0.310942 0.138561 0.115325
0.00110262 5.60158 6.08641 5.11674 2.61093 2.92058 2.30127 7.20014 0.484834 0.309653 0.137634 0.114177
0.00113382 5.56118 6.04401 5.07836 2.5921 2.90048 2.28373 7.11771 0.482824 0.308371 0.136717 0.113037
0.00116591 5.52102 6.00184 5.0402 2.5734 2.88049 2.2663 7.036 0.480818 0.307097 0.13581 0.111907
0.00119891 5.48109 5.95991 5.00228 2.5548 2.86063 2.24897 6.95503 0.478814 0.305829 0.134913 0.110785
0.00123285 5.4414 5.91821 4.96458 2.53632 2.84089 2.23175 6.87478 0.476814 0.304569 0.134027 0.109672
0.00126774 5.40194 5.87675 4.92712 2.51796 2.82127 2.21464 6.79525 0.474817 0.303316 0.133151 0.108567
0.00130362 5.3627 5.83553 4.88988 2.4997 2.80177 2.19763 6.71643 0.472822 0.302069 0.132284 0.107472
0.00134052 5.3237 5.79453 4.85287 2.48156 2.78239 2.18073 6.63832 0.47083 0.300829 0.131428 0.106385
0.00137846 5.28492 5.75376 4.81608 2.46353 2.76313 2.16394 6.56091 0.46884 0.299596 0.130581 0.105306
0.00141747 5.24637 5.71322 4.77952 2.44561 2.74398 2.14724 6.48421 0.466852 0.29837 0.129744 0.104236
0.00145759 5.20805 5.67291 4.74318 2.4278 2.72495 2.13065 6.4082 0.464867 0.297149 0.128917 0.103174
0.00149885 5.16995 5.63283 4.70706 2.4101 2.70604 2.11417 6.33287 0.462882 0.295936 0.1281 0.102121
0.00154127 5.13207 5.59297 4.67117 2.39251 2.68724 2.09779 6.25823 0.4609 0.294728 0.127292 0.101076
0.00158489 5.09441 5.55333 4.63549 2.37503 2.66856 2.08151 6.18427 0.458919 0.293527 0.126493 0.10004
0.00162975 5.05698 5.51392 4.60004 2.35766 2.64999 2.06533 6.11098 0.456939 0.292331 0.125704 0.0990113
0.00167588 5.01976 5.47472 4.5648 2.3404 2.63154 2.04925 6.03836 0.454959 0.291142 0.124925 0.0979912
0.00172331 4.98276 5.43574 4.52978 2.32324 2.6132 2.03328 5.96641 0.452981 0.289959 0.124154 0.0969792
0.00177209 4.94598 5.39698 4.49498 2.30619 2.59497 2.0174 5.89511 0.451003 0.288781 0.123393 0.0959754
0.00182224 4.90941 5.35844 4.46039 2.28924 2.57685 2.00163 5.82448 0.449025 0.287609 0.122641 0.0949796
0.00187382 4.87306 5.32011 4.42602 2.2724 2.55884 1.98596 5.75449 0.447048 0.286443 0.121898 0.0939918
0.00192685 4.83692 5.28199 4.39185 2.25566 2.54094 1.97038 5.68515 0.44507 0.285282 0.121164 0.093012
0.00198139 4.801 5.24409 4.35791 2.23903 2.52316 1.9549 5.61644 0.443092 0.284126 0.120439 0.0920401
0.00203747 4.76528 5.2064 4.32417 2.2225 2.50548 1.93953 5.54838 0.441113 0.282976 0.119722 0.091076
0.00209514 4.72978 5.16891 4.29064 2.20608 2.48791 1.92425 5.48094 0.439133 0.281831 0.119014 0.0901198
0.00215443 4.69448 5.13163 4.25733 2.18975 2.47045 1.90906 5.41414 0.437153 0.280691 0.118315 0.0891714
0.00221541 4.65939 5.09456 4.22422 2.17353 2.45309 1.89398 5.34795 0.435171 0.279555 0.117625 0.0882307
0.00227812 4.62451 5.0577 4.19132 2.15742 2.43584 1.87899 5.28239 0.433188 0.278425 0.116942 0.0872976
0.00234259 4.58983 5.02103 4.15863 2.1414 2.4187 1.8641 5.21744 0.431203 0.2773 0.116268 0.0863722
0.0024089 4.55536 4.98457 4.12614 2.12548 2.40166 1.8493 5.1531 0.429215 0.276179 0.115603 0.0854544
0.00247708 4.52109 4.94831 4.09386 2.10966 2.38473 1.8346 5.08936 0.427226 0.275062 0.114945 0.0845441
0.00254719 4.48702 4.91225 4.06178 2.09395 2.3679 1.82 5.02623 0.425234 0.27395 0.114296 0.0836413
0.00261928 4.45315 4.87639 4.02991 2.07833 2.35117 1.80549 4.96369 0.42324 0.272842 0.113654 0.082746
0.00269341 4.41948 4.84072 3.99824 2.06281 2.33455 1.79107 4.90174 0.421243 0.271739 0.113021 0.0818581
0.00276965 4.38601 4.80525 3.96677 2.04738 2.31802 1.77674 4.84038 0.419242 0.270639 0.112395 0.0809774
0.00284804 4.35273 4.76997 3.9355 2.03206 2.3016 1.76251 4.77961 0.417238 0.269543 0.111777 0.0801042
0.00292864 4.31966 4.73489 3.90443 2.01683 2.28528 1.74838 4.71941 0.415231 0.268452 0.111166 0.0792382
0.00301153 4.28677 4.69999 3.87355 2.0017 2.26906 1.73433 4.65979 0.413219 0.267363 0.110562 0.0783793
0.00309677 4.25408 4.66529 3.84288 1.98666 2.25294 1.72038 4.60074 0.411203 0.266279 0.109966 0.0775277
0.00318442 4.22159 4.63077 3.8124 1.97172 2.23692 1.70652 4.54226 0.409183 0.265198 0.109377 0.0766832
0.00327455 4.18928 4.59644 3.78212 1.95687 2.22099 1.69275 4.48435 0.407158 0.26412 0.108796 0.0758458
0.00336723 4.15717 4.56229 3.75204 1.94212 2.20516 1.67907 4.42699 0.405128 0.263045 0.108221 0.0750154
0.00346253 4.12524 4.52833 3.72215 1.92746 2.18943 1.66548 4.37018 0.403093 0.261973 0.107653 0.074192
0.00356053 4.0935 4.49455 3.69245 1.91289 2.1738 1.65199 4.31393 0.401053 0.260905 0.107091 0.0733755
0.00366131 4.06195 4.46095 3.66294 1.89842 2.15826 1.63858 4.25823 0.399006 0.259839 0.106537 0.0725659
0.00376494 4.03058 4.42754 3.63363 1.88403 2.14281 1.62526 4.20306 0.396954 0.258776 0.105988 0.0717632
0.0038715 3.9994 4.3943 3.60451 1.86974 2.12746 1.61203 4.14844 0.394895 0.257715 0.105446 0.0709672
0.00398107 3.9684 4.36123 3.57557 1.85554 2.1122 1.59889 4.09435 0.39283 0.256657 0.104911 0.0701781
0.00409375 3.93759 4.32835 3.54683 1.84143 2.09703 1.58583 4.0408 0.390757 0.2556 0.104381 0.0693956
0.00420962 3.90696 4.29563 3.51828 1.82741 2.08196 1.57287 3.98777 0.388678 0.254546 0.103857 0.0686199
0.00432876 3.8765 4.2631 3.48991 1.81348 2.06698 1.55999 3.93527 0.386591 0.253494 0.103339 0.0678507
0.00445128 3.84623 4.23073 3.46173 1.79964 2.05209 1.5472 3.88328 0.384497 0.252444 0.102826 0.0670882
0.00457727 3.81613 4.19853 3.43374 1.78589 2.03728 1.53449 3.83181 0.382394 0.251396 0.102319 0.0663321
0.00470682 3.78622 4.1665 3.40593 1.77222 2.02257 1.52187 3.78086 0.380284 0.250349 0.101818 0.0655826
0.00484003 3.75647 4.13464 3.37831 1.75864 2.00795 1.50934 3.73041 0.378165 0.249303 0.101321 0.0648395
0.00497702 3.7269 4.10294 3.35087 1.74515 1.99341 1.49689 3.68047 0.376037 0.248259 0.100829 0.0641028
0.00511789 3.69751 4.07141 3.32361 1.73175 1.97896 1.48453 3.63104 0.373899 0.247215 0.100343 0.0633725
0.00526274 3.66829 4.04004 3.29653 1.71843 1.9646 1.47225 3.58209 0.371753 0.246173 0.0998607 0.0626485
0.0054117 3.63924 4.00883 3.26964 1.70519 1.95032 1.46006 3.53365 0.369597 0.245131 0.0993831 0.0619307
0.00556486 3.61036 3.97779 3.24293 1.69204 1.93613 1.44795 3.48569 0.367431 0.24409 0.0989099 0.0612192
0.00572237 3.58164 3.9469 3.21639 1.67897 1.92202 1.43592 3.43823 0.365254 0.24305 0.0984408 0.0605138
0.00588433 3.5531 3.91617 3.19004 1.66599 1.908 1.42398 3.39124 0.363068 0.242009 0.0979757 0.0598146
0.00605088 3.52473 3.8856 3.16386 1.65309 1.89406 1.41212 3.34474 0.36087 0.240969 0.0975144 0.0591214
0.00622213 3.49652 3.85518 3.13786 1.64027 1.8802 1.40034 3.29871 0.358661 0.239929 0.0970567 0.0584344
0.00639824 3.46848 3.82492 3.11203 1.62753 1.86642 1.38864 3.25316 0.356441 0.238889 0.0966025 0.0577532
0.00657933 3.4406 3.79481 3.08639 1.61488 1.85273 1.37703 3.20807 0.35421 0.237848 0.0961514 0.0570781
0.00676555 3.41288 3.76485 3.06091 1.6023 1.83911 1.3655 3.16346 0.351966 0.236806 0.0957035 0.0564089
0.00695704 3.38533 3.73504 3.03562 1.58981 1.82557 1.35404 3.1193 0.349711 0.235764 0.0952583 0.0557455
0.00715394 3.35793 3.70538 3.01049 1.57739 1.81211 1.34267 3.07561 0.347442 0.234721 0.0948158 0.055088
0.00735642 3.3307 3.67586 2.98554 1.56506 1.79873 1.33138 3.03237 0.345162 0.233677 0.0943757 0.0544362
0.00756463 3.30363 3.64649 2.96076 1.5528 1.78543 1.32017 2.98959 0.342868 0.232632 0.0939379 0.0537901
0.00777874 3.27671 3.61727 2.93615 1.54062 1.7722 1.30903 2.94725 0.340561 0.231585 0.093502 0.0531498
0.0079989 3.24995 3.58819 2.91171 1.52852 1.75905 1.29798 2.90536 0.33824 0.230536 0.093068 0.052515
0.0082253 3.22335 3.55925 2.88744 1.51649 1.74598 1.287 2.86392 0.335906 0.229486 0.0926355 0.0518859
0.0084581 3.1969 3.53046 2.86334 1.50454 1.73297 1.27611 2.82291 0.333558 0.228433 0.0922044 0.0512623
0.00869749 3.1706 3.5018 2.83941 1.49267 1.72004 1.26529 2.78234 0.331195 0.227379 0.0917745 0.0506443
0.00894366 3.14446 3.47328 2.81564 1.48087 1.70719 1.25454 2.74221 0.328818 0.226322 0.0913454 0.0500316
0.00919679 3.11847 3.4449 2.79205 1.46914 1.6944 1.24388 2.7025 0.326426 0.225262 0.090917 0.0494244
0.00945709 3.09263 3.41665 2.76861 1.45749 1.68169 1.23329 2.66323 0.32402 0.2242 0.090489 0.0488226
0.00972476 3.06694 3.38854 2.74535 1.44591 1.66905 1.22278 2.62437 0.321598 0.223134 0.0900612 0.0482261
0.01 3.04141 3.36057 2.72225 1.43441 1.65647 1.21234 2.58594 0.31916 0.222065 0.0896334 0.0476349
0.010283 3.01601 3.33272 2.69931 1.42297 1.64397 1.20198 2.54792 0.316708 0.220993 0.0892053 0.0470489
0.0105741 2.99077 3.30501 2.67653 1.41161 1.63153 1.19169 2.51032 0.314239 0.219918 0.0887767 0.0464681
0.0108734 2.96567 3.27743 2.65392 1.40032 1.61916 1.18148 2.47313 0.311754 0.218838 0.0883473 0.0458924
0.0111811 2.94072 3.24997 2.63146 1.3891 1.60685 1.17134 2.43635 0.309253 0.217754 0.0879168 0.0453219
0.0114976 2.91591 3.22265 2.60918 1.37795 1.59461 1.16128 2.39998 0.306736 0.216667 0.0874851 0.0447564
0.011823 2.89125 3.19545 2.58704 1.36686 1.58244 1.15129 2.364 0.304202 0.215574 0.0870519 0.0441959
0.0121576 2.86672 3.16838 2.56507 1.35585 1.57032 1.14137 2.32843 0.301652 0.214477 0.0866168 0.0436403
0.0125017 2.84234 3.14143 2.54326 1.3449 1.55828 1.13153 2.29325 0.299084 0.213375 0.0861796 0.0430897
0.0128556 2.8181 3.1146 2.5216 1.33402 1.54629 1.12175 2.25847 0.2965 0.212268 0.0857402 0.042544
0.0132194 2.794 3.0879 2.5001 1.32321 1.53436 1.11205 2.22407 0.293899 0.211155 0.0852981 0.0420031
0.0135936 2.77004 3.06132 2.47876 1.31246 1.52249 1.10242 2.19007 0.29128 0.210037 0.0848532 0.041467
0.0139783 2.74622 3.03486 2.45757 1.30177 1.51069 1.09286 2.15644 0.288644 0.208913 0.0844052 0.0409356
0.0143739 2.72253 3.00852 2.43654 1.29115 1.49894 1.08337 2.1232 0.285991 0.207783 0.0839538 0.0404089
0.0147808 2.69898 2.9823 2.41566 1.2806 1.48724 1.07395 2.09034 0.283321 0.206647 0.0834987 0.0398869
0.0151991 2.67557 2.9562 2.39494 1.2701 1.47561 1.0646 2.05785 0.280632 0.205504 0.0830397 0.0393695
0.0156293 2.65229 2.93022 2.37436 1.25967 1.46403 1.05532 2.02574 0.277927 0.204355 0.0825766 0.0388566
0.0160717 2.62914 2.90435 2.35394 1.2493 1.4525 1.0461 1.99399 0.275204 0.203198 0.0821089 0.0383482
0.0165265 2.60613 2.8786 2.33367 1.23899 1.44103 1.03696 1.96261 0.272463 0.202035 0.0816366 0.0378443
0.0169943 2.58325 2.85296 2.31355 1.22874 1.42961 1.02788 1.93159 0.269705 0.200864 0.0811593 0.0373449
0.0174753 2.56051 2.82744 2.29358 1.21855 1.41824 1.01887 1.90094 0.26693 0.199685 0.0806767 0.0368498
0.0179699 2.53789 2.80203 2.27375 1.20842 1.40692 1.00992 1.87064 0.264137 0.198498 0.0801886 0.036359
0.0184785 2.5154 2.77673 2.25408 1.19834 1.39565 1.00104 1.8407 0.261326 0.197303 0.0796948 0.0358726
0.0190015 2.49304 2.75154 2.23455 1.18832 1.38442 0.992225 1.81111 0.258499 0.1961 0.0791949 0.0353904
0.0195393 2.47082 2.72647 2.21516 1.17836 1.37325 0.983474 1.78187 0.255654 0.194888 0.0786888 0.0349124
0.0200923 2.44871 2.70151 2.19592 1.16845 1.36212 0.974787 1.75297 0.252793 0.193667 0.0781761 0.0344385
0.020661 2.42674 2.67666 2.17683 1.1586 1.35104 0.966163 1.72442 0.249914 0.192437 0.0776567 0.0339688
0.0212458 2.40489 2.65191 2.15787 1.1488 1.34 0.957602 1.69621 0.24702 0.191198 0.0771302 0.0335031
0.0218471 2.38317 2.62728 2.13906 1.13905 1.329 0.949103 1.66834 0.244108 0.189949 0.0765965 0.0330415
0.0224655 2.36158 2.60276 2.12039 1.12935 1.31804 0.940665 1.6408 0.241181 0.18869 0.0760553 0.0325838
0.0231013 2.3401 2.57834 2.10186 1.11971 1.30713 0.932287 1.61359 0.238238 0.187421 0.0755064 0.0321301
0.0237551 2.31875 2.55403 2.08348 1.11011 1.29625 0.92397 1.58671 0.235279 0.186142 0.0749496 0.0316803
0.0244275 2.29753 2.52983 2.06522 1.10056 1.28542 0.915712 1.56016 0.232305 0.184852 0.0743846 0.0312343
0.0251189 2.27643 2.50574 2.04711 1.09106 1.27461 0.907512 1.53394 0.229316 0.183551 0.0738113 0.0307921
0.0258298 2.25544 2.48176 2.02913 1.08161 1.26385 0.899369 1.50803 0.226313 0.18224 0.0732295 0.0303537
0.0265609 2.23458 2.45788 2.01129 1.0722 1.25312 0.891284 1.48244 0.223295 0.180917 0.0726389 0.0299191
0.0273126 2.21384 2.43411 1.99358 1.06284 1.24242 0.883255 1.45717 0.220264 0.179583 0.0720394 0.0294881
0.0280857 2.19322 2.41044 1.976 1.05352 1.23175 0.87528 1.4322 0.21722 0.178236 0.0714309 0.0290607
0.0288806 2.17272 2.38688 1.95856 1.04424 1.22112 0.867361 1.40755 0.214163 0.176878 0.0708132 0.028637
0.029698 2.15234 2.36343 1.94124 1.035 1.21051 0.859494 1.3832 0.211094 0.175508 0.0701861 0.0282168
0.0305386 2.13207 2.34009 1.92406 1.02581 1.19993 0.851681 1.35916 0.208013 0.174126 0.0695495 0.0278001
0.0314029 2.11192 2.31685 1.907 1.01665 1.18938 0.843919 1.33542 0.204922 0.17273 0.0689033 0.0273869
0.0322917 2.09189 2.29371 1.89007 1.00753 1.17885 0.836207 1.31197 0.20182 0.171322 0.0682474 0.0269772
0.0332057 2.07198 2.27069 1.87327 0.998446 1.16835 0.828545 1.28882 0.198708 0.169901 0.0675817 0.0265708
0.0341455 2.05218 2.24777 1.85659 0.989398 1.15787 0.820931 1.26596 0.195588 0.168467 0.0669061 0.0261678
0.0351119 2.03249 2.22495 1.84004 0.980385 1.1474 0.813365 1.2434 0.192459 0.16702 0.0662205 0.0257681
0.0361057 2.01292 2.20224 1.8236 0.971403 1.13696 0.805845 1.22111 0.189323 0.165558 0.065525 0.0253717
0.0371276 1.99346 2.17964 1.80728 0.962453 1.12654 0.79837 1.19911 0.18618 0.164083 0.0648194 0.0249785
0.0381784 1.97412 2.15715 1.79109 0.953534 1.11613 0.790939 1.1774 0.183032 0.162595 0.0641039 0.0245885
0.039259 1.95489 2.13476 1.77501 0.944642 1.10573 0.783551 1.15595 0.179878 0.161092 0.0633783 0.0242017
0.0403702 1.93576 2.11248 1.75904 0.935778 1.09535 0.776204 1.13479 0.17672 0.159574 0.0626427 0.0238181
0.0415128 1.91675 2.09031 1.74319 0.926939 1.08498 0.768896 1.11389 0.173559 0.158043 0.0618971 0.0234375
0.0426877 1.89785 2.06824 1.72745 0.918124 1.07462 0.761628 1.09327 0.170396 0.156496 0.0611417 0.02306
0.0438959 1.87905 2.04628 1.71182 0.909332 1.06427 0.754396 1.07291 0.167232 0.154936 0.0603765 0.0226855
0.0451383 1.86036 2.02443 1.69629 0.90056 1.05392 0.7472 1.05282 0.164068 0.15336 0.0596016 0.022314
0.0464159 1.84178 2.00269 1.68088 0.891808 1.04358 0.740039 1.03298 0.160904 0.151769 0.0588172 0.0219455
0.0477296 1.82331 1.98105 1.66556 0.883073 1.03324 0.732909 1.0134 0.157743 0.150164 0.0580233 0.0215799
0.0490805 1.80494 1.95952 1.65035 0.874354 1.0229 0.725811 0.994079 0.154584 0.148543 0.0572201 0.0212172
0.0504697 1.78667 1.9381 1.63524 0.865649 1.01256 0.718741 0.975008 0.15143 0.146907 0.0564079 0.0208573
0.0518981 1.76851 1.91679 1.62023 0.856955 1.00221 0.711699 0.956186 0.148282 0.145256 0.0555869 0.0205003
0.053367 1.75045 1.89559 1.60531 0.848273 0.991862 0.704683 0.93761 0.145139 0.14359 0.0547572 0.0201461
0.0548775 1.73248 1.87449 1.59048 0.839598 0.981506 0.69769 0.919276 0.142005 0.141908 0.0539192 0.0197947
0.0564307 1.71462 1.8535 1.57574 0.830929 0.971141 0.690718 0.901183 0.13888 0.140211 0.0530732 0.019446
0.0580278 1.69685 1.83262 1.56109 0.822265 0.960765 0.683766 0.883327 0.135764 0.138499 0.0522193 0.0191001
0.0596702 1.67918 1.81185 1.54652 0.813603 0.950375 0.676831 0.865706 0.132661 0.136772 0.051358 0.0187568
0.0613591 1.66161 1.79118 1.53204 0.804941 0.939971 0.669912 0.848316 0.12957 0.135029 0.0504896 0.0184162
0.0630957 1.64413 1.77062 1.51763 0.796278 0.929549 0.663006 0.831154 0.126494 0.133272 0.0496145 0.0180783
0.0648815 1.62673 1.75017 1.5033 0.787609 0.919108 0.65611 0.814219 0.123433 0.131499 0.0487331 0.0177431
0.0667179 1.60943 1.72982 1.48904 0.778934 0.908646 0.649223 0.797506 0.120389 0.129711 0.0478457 0.0174104
0.0686062 1.59221 1.70958 1.47485 0.77025 0.898159 0.642341 0.781014 0.117363 0.127909 0.0469529 0.0170803
0.070548 1.57508 1.68944 1.46073 0.761555 0.887647 0.635463 0.764738 0.114356 0.126092 0.046055 0.0167529
0.0725448 1.55803 1.6694 1.44666 0.752846 0.877106 0.628585 0.748677 0.111371 0.12426 0.0451526 0.0164279
0.074598 1.54106 1.64947 1.43265 0.74412 0.866535 0.621706 0.732828 0.108407 0.122414 0.0442462 0.0161056
0.0767094 1.52417 1.62964 1.4187 0.735376 0.85593 0.614821 0.717187 0.105468 0.120555 0.0433362 0.0157857
0.0788805 1.50735 1.6099 1.4048 0.72661 0.845291 0.607929 0.701753 0.102553 0.118681 0.0424232 0.0154684
0.0811131 1.4906 1.59027 1.39094 0.71782 0.834613 0.601026 0.686522 0.0996642 0.116794 0.0415077 0.0151536
0.0834088 1.47392 1.57073 1.37712 0.709003 0.823896 0.594109 0.671491 0.0968033 0.114893 0.0405903 0.0148413
0.0857696 1.45731 1.55128 1.36334 0.700156 0.813136 0.587176 0.656658 0.0939714 0.11298 0.0396717 0.0145315
0.0881971 1.44075 1.53192 1.34958 0.691277 0.802331 0.580223 0.642021 0.0911697 0.111054 0.0387523 0.0142242
0.0906934 1.42426 1.51266 1.33586 0.682363 0.791479 0.573246 0.627576 0.0883995 0.109117 0.0378328 0.0139194
0.0932603 1.40782 1.49348 1.32215 0.67341 0.780578 0.566243 0.613321 0.0856622 0.107167 0.0369138 0.0136171
0.0958999 1.39142 1.47438 1.30846 0.664417 0.769624 0.55921 0.599253 0.082959 0.105207 0.0359959 0.0133172
0.0986142 1.37507 1.45536 1.29478 0.65538 0.758615 0.552144 0.58537 0.0802911 0.103236 0.0350798 0.0130199
0.101405 1.35876 1.43642 1.2811 0.646295 0.74755 0.545041 0.571669 0.0776596 0.101255 0.0341662 0.0127251
0.104275 1.34249 1.41755 1.26742 0.637161 0.736425 0.537897 0.558149 0.0750659 0.0992638 0.0332555 0.0124327
0.107227 1.32624 1.39875 1.25373 0.627973 0.725237 0.530709 0.544805 0.0725109 0.0972642 0.0323486 0.0121429
0.110262 1.31002 1.38001 1.24002 0.61873 0.713986 0.523474 0.531637 0.0699959 0.0952563 0.0314461 0.0118556
0.113382 1.29381 1.36134 1.22629 0.609428 0.702669 0.516187 0.518642 0.0675217 0.0932409 0.0305486 0.0115709
0.116591 1.27762 1.34271 1.21253 0.600063 0.691282 0.508844 0.505817 0.0650895 0.0912187 0.0296567 0.0112887
0.119891 1.26143 1.32413 1.19873 0.590634 0.679824 0.501443 0.493161 0.0627003 0.0891905 0.0287712 0.0110091
0.123285 1.24525 1.3056 1.18489 0.581137 0.668294 0.49398 0.480671 0.0603548 0.0871571 0.0278927 0.010732
0.126774 1.22905 1.2871 1.17099 0.571569 0.656688 0.486449 0.468346 0.0580541 0.0851192 0.0270217 0.0104576
0.130362 1.21283 1.26863 1.15704 0.561927 0.645005 0.478849 0.456183 0.0557988 0.0830779 0.026159 0.0101858
0.134052 1.1966 1.25019 1.14301 0.552209 0.633243 0.471175 0.44418 0.0535899 0.0810341 0.0253052 0.00991674
0.137846 1.18033 1.23175 1.1289 0.542411 0.6214 0.463423 0.432336 0.0514279 0.0789887 0.0244608 0.00965034
0.141747 1.16401 1.21333 1.1147 0.532532 0.609475 0.45559 0.42065 0.0493135 0.0769428 0.0236265 0.00938667
0.145759 1.14765 1.1949 1.10041 0.522569 0.597467 0.447672 0.409118 0.0472473 0.0748973 0.0228029 0.00912576
0.149885 1.13123 1.17646 1.086 0.51252 0.585373 0.439666 0.397741 0.0452299 0.0728535 0.0219905 0.00886766
0.154127 1.11475 1.15801 1.07148 0.502382 0.573194 0.431569 0.386516 0.0432616 0.0708124 0.0211898 0.00861241
0.158489 1.09818 1.13952 1.05684 0.492154 0.560929 0.423378 0.375442 0.0413429 0.0687753 0.0204014 0.00836004
0.162975 1.08152 1.121 1.04205 0.481834 0.548577 0.41509 0.364519 0.0394741 0.0667433 0.0196259 0.00811061
0.167588 1.06477 1.10242 1.02711 0.47142 0.536138 0.406702 0.353744 0.0376555 0.0647177 0.0188636 0.00786415
0.172331 1.0479 1.08379 1.01202 0.460913 0.523612 0.398213 0.343117 0.0358873 0.0626998 0.0181151 0.00762072
0.177209 1.03092 1.06509 0.996747 0.45031 0.511001 0.389619 0.332637 0.0341697 0.0606909 0.0173808 0.00738037
0.182224 1.0138 1.0463 0.981294 0.439612 0.498304 0.380919 0.322303 0.0325026 0.0586924 0.016661 0.00714315
0.187382 0.996533 1.02742 0.965646 0.428819 0.485524 0.372113 0.312115 0.0308861 0.0567056 0.0159563 0.00690911
0.192685 0.979111 1.00843 0.949791 0.417931 0.472663 0.363199 0.302073 0.0293202 0.0547321 0.0152669 0.00667833
0.198139 0.96152 0.989325 0.933716 0.40695 0.459723 0.354177 0.292175 0.0278047 0.0527731 0.0145932 0.00645085
0.203747 0.943748 0.970087 0.917408 0.395877 0.446707 0.345047 0.282421 0.0263394 0.0508304 0.0139354 0.00622673
0.209514 0.925781 0.950705 0.900857 0.384715 0.43362 0.33581 0.272812 0.0249241 0.0489052 0.0132939 0.00600604
0.215443 0.907607 0.931166 0.884049 0.373467 0.420467 0.326468 0.263348 0.0235584 0.0469992 0.0126689 0.00578883
0.221541 0.889214 0.911456 0.866972 0.362137 0.407251 0.317023 0.254028 0.0222421 0.0451139 0.0120606 0.00557517
0.227812 0.870588 0.891562 0.849613 0.35073 0.393981 0.307479 0.244853 0.0209746 0.0432508 0.0114691 0.00536513
0.234259 0.851716 0.871471 0.831961 0.339251 0.380663 0.29784 0.235824 0.0197554 0.0414114 0.0108947 0.00515875
0.24089 0.832586 0.85117 0.814002 0.327708 0.367305 0.28811 0.22694 0.0185841 0.0395975 0.0103374 0.0049561
0.247708 0.813185 0.830645 0.795725 0.316107 0.353918 0.278297 0.218203 0.0174599 0.0378105 0.00979731 0.00475724
0.254719 0.793501 0.809883 0.777119 0.304459 0.340511 0.268407 0.209614 0.0163823 0.0360519 0.00927449 0.00456221
0.261928 0.77352 0.788871 0.75817 0.292774 0.327098 0.258451 0.201173 0.0153505 0.0343235 0.00876893 0.00437106
0.269341 0.75323 0.767594 0.738866 0.281064 0.313691 0.248438 0.192882 0.0143638 0.0326265 0.00828063 0.00418382
0.276965 0.732614 0.746035 0.719193 0.269344 0.300307 0.238381 0.184742 0.0134214 0.0309627 0.00780949 0.00400049
0.284804 0.711654 0.724176 0.699131 0.25763 0.286963 0.228296 0.176756 0.0125222 0.0293335 0.00735541 0.00382107
0.292864 0.690318 0.701983 0.678652 0.245942 0.273682 0.218202 0.168924 0.0116655 0.0277403 0.00691819 0.00364548
0.301153 0.668536 0.679386 0.657685 0.234309 0.260493 0.208124 0.161251 0.0108502 0.0261845 0.00649751 0.00347353
0.309677 0.645984 0.656059 0.635909 0.222793 0.247461 0.198126 0.153744 0.0100749 0.0246674 0.00609266 0.0033046
0.318442 0.627021 0.636811 0.617231 0.21508 0.239181 0.190978 0.150952 0.00978997 0.0241018 0.00594153 0.00323932
0.321833 0.618948 0.628462 0.609435 0.210801 0.234348 0.187253 0.148211 0.00951352 0.0235478 0.00579427 0.00317527
0.325224 0.61092 0.620165 0.601675 0.206576 0.229582 0.183571 0.14552 0.00924526 0.0230052 0.00565076 0.00311242
0.328614 0.602934 0.611919 0.593949 0.202407 0.224881 0.179933 0.142877 0.00898491 0.0224739 0.00551089 0.00305073
0.332005 0.594992 0.603724 0.586259 0.198292 0.220245 0.176338 0.140282 0.00873221 0.0219535 0.00537456 0.00299018
0.335396 0.587091 0.595578 0.578604 0.19423 0.215674 0.172786 0.137734 0.00848691 0.0214438 0.00524166 0.00293076
0.338787 0.579233 0.587482 0.570985 0.190223 0.211168 0.169278 0.135231 0.00824876 0.0209447 0.0051121 0.00287242
0.342178 0.571417 0.579435 0.5634 0.186269 0.206725 0.165813 0.132772 0.00801752 0.020456 0.00498577 0.00281515
0.345569 0.563643 0.571436 0.55585 0.182368 0.202346 0.162391 0.130356 0.00779298 0.0199773 0.00486259 0.00275893
0.348959 0.555911 0.563486 0.548336 0.178521 0.198029 0.159012 0.127983 0.00757491 0.0195085 0.00474246 0.00270373
0.35235 0.54822 0.555583 0.540857 0.174726 0.193776 0.155677 0.125651 0.0073631 0.0190495 0.0046253 0.00264952
0.355741 0.540571 0.547729 0.533414 0.170984 0.189584 0.152384 0.123359 0.00715735 0.0186 0.00451103 0.0025963
0.359132 0.532964 0.539922 0.526007 0.167295 0.185454 0.149135 0.121107 0.00695746 0.0181598 0.00439957 0.00254403
0.362523 0.525398 0.532162 0.518635 0.163657 0.181386 0.145928 0.118894 0.00676326 0.0177288 0.00429083 0.0024927
0.365914 0.517874 0.524449 0.5113 0.160072 0.177378 0.142765 0.116718 0.00657456 0.0173068 0.00418474 0.00244229
0.369305 0.510392 0.516783 0.504001 0.156538 0.173431 0.139644 0.114579 0.00639119 0.0168935 0.00408123 0.00239277
0.372695 0.502952 0.509165 0.496739 0.153055 0.169544 0.136566 0.112477 0.00621297 0.0164889 0.00398022 0.00234414
0.376086 0.495553 0.501593 0.489514 0.149624 0.165717 0.133531 0.11041 0.00603975 0.0160928 0.00388166 0.00229637
0.379477 0.488197 0.494069 0.482326 0.146243 0.161948 0.130538 0.108378 0.00587138 0.0157049 0.00378547 0.00224944
0.382868 0.480884 0.486591 0.475176 0.142914 0.158239 0.127588 0.10638 0.00570769 0.0153252 0.00369159 0.00220334
0.386259 0.473613 0.479161 0.468064 0.139634 0.154588 0.124681 0.104415 0.00554856 0.0149534 0.00359995 0.00215805
0.38965 0.466384 0.471778 0.460991 0.136405 0.150995 0.121816 0.102483 0.00539384 0.0145894 0.0035105 0.00211356
0.39304 0.459199 0.464443 0.453956 0.133226 0.147459 0.118993 0.100582 0.00524339 0.0142332 0.00342318 0.00206985
0.396431 0.452058 0.457155 0.446961 0.130097 0.143981 0.116212 0.0987134 0.00509709 0.0138844 0.00333793 0.0020269
0.399822 0.44496 0.449915 0.440005 0.127016 0.140559 0.113473 0.0968751 0.0049548 0.013543 0.0032547 0.00198471
0.403213 0.437906 0.442723 0.43309 0.123985 0.137194 0.110777 0.0950669 0.00481642 0.0132088 0.00317344 0.00194325
0.406604 0.430897 0.435579 0.426215 0.121003 0.133885 0.108122 0.0932882 0.00468182 0.0128817 0.00309408 0.00190251
0.409995 0.423932 0.428483 0.419381 0.11807 0.130631 0.105508 0.0915384 0.00455089 0.0125615 0.0030166 0.00186248
0.413385 0.417013 0.421436 0.412589 0.115184 0.127433 0.102936 0.089817 0.00442352 0.0122482 0.00294093 0.00182315
0.416776 0.410139 0.414438 0.405839 0.112347 0.124289 0.100406 0.0881234 0.00429961 0.0119415 0.00286702 0.00178451
0.420167 0.403311 0.40749 0.399132 0.109558 0.121199 0.0979162 0.0864571 0.00417905 0.0116414 0.00279485 0.00174653
0.423558 0.396529 0.400591 0.392468 0.106815 0.118163 0.0954677 0.0848176 0.00406175 0.0113477 0.00272435 0.00170921
0.426949 0.389794 0.393742 0.385847 0.10412 0.115181 0.0930599 0.0832044 0.00394761 0.0110604 0.0026555 0.00167254
0.43034 0.383107 0.386943 0.37927 0.101472 0.112251 0.0906928 0.081617 0.00383655 0.0107792 0.00258824 0.00163651
0.43373 0.376467 0.380196 0.372739 0.0988702 0.109374 0.0883661 0.0800549 0.00372846 0.0105041 0.00252254 0.0016011
0.437121 0.369875 0.373499 0.366252 0.0963144 0.106549 0.0860795 0.0785178 0.00362327 0.0102349 0.00245836 0.0015663
0.440512 0.363332 0.366853 0.359811 0.0938045 0.103776 0.083833 0.077005 0.0035209 0.00997151 0.00239566 0.00153211
0.443903 0.356838 0.36026 0.353417 0.0913401 0.101054 0.0816262 0.0755162 0.00342126 0.00971388 0.00233441 0.00149851
0.447294 0.350394 0.353718 0.34707 0.0889209 0.0983828 0.0794591 0.0740511 0.00332427 0.00946185 0.00227456 0.00146549
0.450685 0.344 0.34723 0.34077 0.0865464 0.0957617 0.0773311 0.072609 0.00322987 0.00921533 0.0022161 0.00143305
0.454075 0.337656 0.340794 0.334518 0.0842163 0.0931905 0.0752421 0.0711898 0.00313798 0.0089742 0.00215897 0.00140117
0.457466 0.331364 0.334412 0.328315 0.0819303 0.0906687 0.073192 0.0697929 0.00304853 0.00873837 0.00210316 0.00136985
0.460857 0.325123 0.328084 0.322161 0.079688 0.0881958 0.0711803 0.068418 0.00296145 0.00850772 0.00204863 0.00133907
0.464248 0.318934 0.32181 0.316057 0.0774891 0.0857713 0.069207 0.0670647 0.00287667 0.00828217 0.00199535 0.00130883
0.467639 0.312798 0.315592 0.310003 0.0753332 0.0833948 0.0672715 0.0657327 0.00279414 0.00806161 0.00194328 0.00127912
0.47103 0.306714 0.309428 0.304001 0.0732198 0.0810657 0.0653738 0.0644216 0.00271378 0.00784594 0.00189241 0.00124993
0.47442 0.300685 0.303321 0.29805 0.0711486 0.0787837 0.0635135 0.063131 0.00263555 0.00763508 0.0018427 0.00122125
0.477811 0.29471 0.297269 0.292151 0.0691193 0.0765482 0.0616903 0.0618607 0.00255938 0.00742893 0.00179413 0.00119308
0.481202 0.288789 0.291275 0.286304 0.0671313 0.0743587 0.0599039 0.0606103 0.00248522 0.0072274 0.00174667 0.0011654
0.484593 0.282924 0.285337 0.280511 0.0651842 0.0722146 0.0581538 0.0593794 0.00241301 0.0070304 0.00170029 0.00113821
0.487984 0.277115 0.279457 0.274772 0.0632779 0.0701157 0.0564401 0.0581679 0.00234271 0.00683784 0.00165497 0.0011115
0.491375 0.271361 0.273636 0.269087 0.0614117 0.0680613 0.054762 0.0569753 0.00227425 0.00664965 0.00161069 0.00108527
0.494765 0.265665 0.267872 0.263457 0.0595852 0.0660509 0.0531195 0.0558014 0.00220759 0.00646572 0.00156742 0.0010595
0.498156 0.260025 0.262168 0.257883 0.057798 0.064084 0.0515121 0.054646 0.00214269 0.00628599 0.00152515 0.00103419
0.501547 0.254444 0.256524 0.252365 0.0560499 0.0621602 0.0499395 0.0535086 0.00207949 0.00611037 0.00148384 0.00100934
0.504938 0.248921 0.250939 0.246903 0.0543401 0.0602789 0.0484014 0.0523891 0.00201796 0.00593878 0.00144347 0.00098493
0.508329 0.243456 0.245414 0.241498 0.0526684 0.0584396 0.0468973 0.0512872 0.00195804 0.00577115 0.00140403 0.000960964
0.51172 0.238051 0.239951 0.236151 0.0510343 0.0566417 0.0454269 0.0502026 0.0018997 0.0056074 0.0013655 0.000937431
0.51511 0.232705 0.234548 0.230863 0.0494373 0.0548847 0.0439898 0.049135 0.00184289 0.00544744 0.00132785 0.000914327
0.518501 0.22742 0.229208 0.225632 0.047877 0.0531682 0.0425858 0.0480843 0.00178758 0.00529122 0.00129107 0.000891644
0.521892 0.222195 0.223929 0.220461 0.0463529 0.0514916 0.0412143 0.0470502 0.00173373 0.00513865 0.00125513 0.000869377
0.525283 0.217031 0.218713 0.21535 0.0448647 0.0498543 0.039875 0.0460325 0.00168129 0.00498967 0.00122003 0.00084752
0.528674 0.211929 0.21356 0.210299 0.0434117 0.0482559 0.0385675 0.0450309 0.00163024 0.0048442 0.00118573 0.000826067
0.532065 0.206889 0.20847 0.205308 0.0419936 0.0466958 0.0372914 0.0440452 0.00158053 0.00470218 0.00115223 0.000805013
0.535455 0.201911 0.203443 0.200379 0.0406099 0.0451734 0.0360463 0.0430751 0.00153214 0.00456354 0.00111951 0.000784353
0.538846 0.196996 0.198481 0.195511 0.0392601 0.0436883 0.0348319 0.0421206 0.00148503 0.00442822 0.00108755 0.00076408
0.542237 0.192144 0.193583 0.190705 0.0379438 0.0422399 0.0336476 0.0411813 0.00143917 0.00429614 0.00105633 0.00074419
0.545628 0.187355 0.18875 0.185961 0.0366604 0.0408276 0.0324931 0.0402571 0.00139452 0.00416725 0.00102584 0.000724677
0.549019 0.182631 0.183982 0.18128 0.0354095 0.039451 0.031368 0.0393477 0.00135106 0.00404149 0.000996069 0.000705537
0.55241 0.17797 0.179279 0.176661 0.0341906 0.0381094 0.0302719 0.038453 0.00130875 0.00391878 0.000966993 0.000686764
0.5558 0.173374 0.174642 0.172107 0.0330033 0.0368024 0.0292042 0.0375728 0.00126757 0.00379908 0.000938602 0.000668354
0.559191 0.168843 0.170071 0.167616 0.031847 0.0355294 0.0281647 0.0367069 0.00122749 0.00368232 0.000910882 0.000650301
0.562582 0.164377 0.165566 0.163189 0.0307213 0.0342898 0.0271529 0.0358551 0.00118849 0.00356844 0.000883819 0.000632601
0.565973 0.159977 0.161127 0.158826 0.0296257 0.0330831 0.0261683 0.0350173 0.00115052 0.00345739 0.000857399 0.00061525
0.569364 0.155642 0.156756 0.154529 0.0285597 0.0319088 0.0252106 0.0341932 0.00111358 0.00334911 0.000831609 0.000598241
0.572755 0.151373 0.152451 0.150296 0.0275227 0.0307663 0.0242792 0.0333827 0.00107764 0.00324355 0.000806437 0.000581572
0.576146 0.147171 0.148213 0.146128 0.0265144 0.0296551 0.0233738 0.0325857 0.00104266 0.00314065 0.00078187 0.000565238
0.579536 0.143035 0.144043 0.142026 0.0255343 0.0285746 0.0224939 0.031802 0.00100863 0.00304035 0.000757895 0.000549233
0.582927 0.138965 0.13994 0.137989 0.0245818 0.0275244 0.0216391 0.0310313 0.000975531 0.00294262 0.000734502 0.000533554
0.586318 0.134962 0.135905 0.134018 0.0236564 0.0265038 0.020809 0.0302736 0.000943328 0.00284738 0.000711677 0.000518197
0.589709 0.131026 0.131938 0.130114 0.0227577 0.0255123 0.0200031 0.0295287 0.000912006 0.0027546 0.00068941 0.000503157
0.5931 0.127157 0.128038 0.126275 0.0218852 0.0245494 0.019221 0.0287965 0.000881542 0.00266423 0.000667691 0.00048843
0.596491 0.123354 0.124206 0.122503 0.0210384 0.0236146 0.0184622 0.0280768 0.000851916 0.00257621 0.000646506 0.000474012
0.599881 0.119619 0.120443 0.118796 0.0202168 0.0227073 0.0177263 0.0273695 0.000823108 0.0024905 0.000625847 0.000459899
0.603272 0.115952 0.116747 0.115157 0.0194199 0.021827 0.0170129 0.0266744 0.000795098 0.00240705 0.000605703 0.000446087
0.606663 0.112351 0.113119 0.111583 0.0186473 0.0209732 0.0163215 0.0259914 0.000767867 0.00232581 0.000586063 0.000432571
0.610054 0.108818 0.109559 0.108076 0.0178985 0.0201452 0.0156518 0.0253203 0.000741396 0.00224675 0.000566918 0.000419348
0.613445 0.105352 0.106067 0.104636 0.017173 0.0193428 0.0150031 0.0246611 0.000715668 0.0021698 0.000548257 0.000406414
0.616836 0.101953 0.102643 0.101262 0.0164702 0.0185652 0.0143753 0.0240135 0.000690664 0.00209494 0.000530072 0.000393766
0.620226 0.0986208 0.0992872 0.0979544 0.0157898 0.0178119 0.0137677 0.0233776 0.000666367 0.00202211 0.000512352 0.000381398
0.623617 0.0953559 0.0959986 0.0947131 0.0151313 0.0170826 0.01318 0.022753 0.00064276 0.00195128 0.000495089 0.000369308
0.627008 0.0921578 0.0927777 0.091538 0.0144942 0.0163766 0.0126118 0.0221398 0.000619828 0.0018824 0.000478274 0.000357492
0.630399 0.0890265 0.0896241 0.088429 0.013878 0.0156934 0.0120625 0.0215377 0.000597553 0.00181544 0.000461897 0.000345945
0.63379 0.0859617 0.0865377 0.0853858 0.0132823 0.0150326 0.0115319 0.0209467 0.000575921 0.00175034 0.000445951 0.000334665
0.637181 0.0829633 0.0835182 0.0824084 0.0127065 0.0143936 0.0110195 0.0203667 0.000554916 0.00168708 0.000430426 0.000323647
0.640571 0.080031 0.0805655 0.0794964 0.0121504 0.013776 0.0105248 0.0197975 0.000534523 0.0016256 0.000415315 0.000312888
0.643962 0.0771644 0.0776792 0.0766497 0.0116133 0.0131792 0.0100474 0.019239 0.000514728 0.00156589 0.000400608 0.000302385
0.647353 0.0743635 0.074859 0.073868 0.0110949 0.0126028 0.00958702 0.0186911 0.000495516 0.00150789 0.000386299 0.000292133
0.650744 0.0716279 0.0721048 0.071151 0.0105947 0.0120463 0.00914313 0.0181537 0.000476873 0.00145157 0.000372379 0.000282129
0.654135 0.0689572 0.069416 0.0684984 0.0101123 0.0115091 0.00871536 0.0176267 0.000458787 0.00139689 0.00035884 0.00027237
0.657526 0.066351 0.0667923 0.0659098 0.00964713 0.0109909 0.00830331 0.0171099 0.000441244 0.00134382 0.000345675 0.000262852
0.660916 0.063809 0.0642333 0.0633848 0.0091989 0.0104912 0.00790658 0.0166033 0.00042423 0.00129232 0.000332877 0.000253572
0.664307 0.0613308 0.0617385 0.0609231 0.00876713 0.0100095 0.00752477 0.0161068 0.000407734 0.00124236 0.000320437 0.000244525
0.667698 0.0589159 0.0593076 0.0585241 0.0083514 0.0095453 0.0071575 0.0156202 0.000391742 0.0011939 0.00030835 0.00023571
0.671089 0.0565638 0.05694 0.0561875 0.00795129 0.0090982 0.00680438 0.0151434 0.000376243 0.00114691 0.000296607 0.000227121
0.67448 0.0542741 0.0546353 0.0539129 0.00756638 0.00866774 0.00646502 0.0146764 0.000361226 0.00110136 0.000285202 0.000218756
0.677871 0.0520462 0.0523929 0.0516995 0.00719628 0.00825349 0.00613906 0.014219 0.000346678 0.00105721 0.000274128 0.000210611
0.681261 0.0498796 0.0502122 0.049547 0.00684056 0.007855 0.00582612 0.0137711 0.000332587 0.00101444 0.000263378 0.000202684
0.684652 0.0477737 0.0480926 0.0474548 0.00649882 0.00747183 0.00552582 0.0133326 0.000318944 0.000973009 0.000252945 0.00019497
0.688043 0.0457279 0.0460336 0.0454221 0.0061707 0.00710359 0.00523781 0.0129035 0.000305738 0.000932887 0.000242824 0.000187466
0.691434 0.0437416 0.0440345 0.0434486 0.00585578 0.00674983 0.00496174 0.0124835 0.000292956 0.000894046 0.000233007 0.000180169
0.694825 0.0418141 0.0420946 0.0415335 0.00555369 0.00641015 0.00469724 0.0120727 0.000280591 0.000856455 0.000223488 0.000173076
0.698216 0.0399448 0.0402134 0.0396762 0.00526406 0.00608414 0.00444397 0.0116709 0.00026863 0.000820085 0.000214261 0.000166183
0.701606 0.0381329 0.03839 0.0378759 0.0049865 0.00577141 0.00420159 0.0112781 0.000257064 0.000784909 0.00020532 0.000159487
0.704997 0.0363778 0.0366237 0.0361319 0.00472065 0.00547155 0.00396975 0.010894 0.000245884 0.000750896 0.000196658 0.000152984
0.708388 0.0346786 0.0349137 0.0344436 0.00446616 0.00518418 0.00374814 0.0105187 0.00023508 0.00071802 0.000188271 0.000146672
0.711779 0.0330347 0.0332594 0.0328101 0.00422267 0.00490892 0.00353642 0.010152 0.000224643 0.000686252 0.000180151 0.000140547
0.71517 0.0314453 0.0316598 0.0312307 0.00398983 0.0046454 0.00333427 0.00979384 0.000214563 0.000655567 0.000172293 0.000134606
0.718561 0.0299095 0.0301143 0.0297046 0.00376731 0.00439325 0.00314137 0.0094441 0.000204831 0.000625937 0.000164692 0.000128845
0.721951 0.0284265 0.0286219 0.028231 0.00355476 0.00415209 0.00295742 0.00910269 0.000195439 0.000597337 0.000157341 0.000123262
0.725342 0.0269954 0.0271818 0.0268091 0.00335185 0.0039216 0.00278211 0.00876952 0.000186378 0.000569741 0.000150236 0.000117853
0.728733 0.0256155 0.0257931 0.0254378 0.00315828 0.0037014 0.00261515 0.0084445 0.000177639 0.000543124 0.00014337 0.000112616
0.732124 0.0242858 0.024455 0.0241165 0.0029737 0.00349117 0.00245624 0.00812751 0.000169215 0.000517461 0.000136738 0.000107546
0.735515 0.0230053 0.0231664 0.0228442 0.00279783 0.00329056 0.0023051 0.00781847 0.000161097 0.000492728 0.000130336 0.00010264
0.738906 0.0217733 0.0219266 0.0216201 0.00263035 0.00309925 0.00216144 0.00751729 0.000153277 0.000468901 0.000124157 9.78968e-05
0.742296 0.0205888 0.0207345 0.020443 0.00247096 0.00291691 0.002025 0.00722385 0.000145748 0.000445957 0.000118196 9.33115e-05
0.745687 0.0194508 0.0195893 0.0193123 0.00231937 0.00274324 0.0018955 0.00693808 0.000138501 0.000423871 0.000112449 8.88814e-05
0.749078 0.0183583 0.0184898 0.0182268 0.0021753 0.00257793 0.00177268 0.00665986 0.000131529 0.000402623 0.000106911 8.46036e-05
0.752469 0.0173104 0.0174352 0.0171856 0.00203847 0.00242066 0.00165629 0.00638911 0.000124825 0.000382188 0.000101575 8.04748e-05
0.75586 0.0163061 0.0164245 0.0161877 0.00190861 0.00227116 0.00154607 0.00612573 0.000118381 0.000362546 9.64384e-05 7.64919e-05
0.759251 0.0153445 0.0154567 0.0152323 0.00178545 0.00212912 0.00144177 0.00586963 0.000112191 0.000343675 9.1495e-05 7.2652e-05
0.762641 0.0144244 0.0145307 0.0143182 0.00166873 0.00199428 0.00134317 0.00562069 0.000106247 0.000325554 8.67403e-05 6.8952e-05
0.766032 0.013545 0.0136455 0.0134444 0.00155819 0.00186635 0.00125003 0.00537884 0.000100543 0.000308161 8.21697e-05 6.53887e-05
0.769423 0.0127051 0.0128002 0.01261 0.00145359 0.00174507 0.00116212 0.00514397 9.5071e-05 0.000291477 7.77785e-05 6.19592e-05
0.772814 0.0119038 0.0119936 0.011814 0.0013547 0.00163018 0.00107921 0.00491599 8.98256e-05 0.000275482 7.3562e-05 5.86606e-05
0.776205 0.01114 0.0112248 0.0110552 0.00126126 0.00152142 0.00100111 0.00469479 8.47999e-05 0.000260154 6.95158e-05 5.54897e-05
0.779596 0.0104127 0.0104927 0.0103327 0.00117306 0.00141854 0.000927586 0.00448028 7.99876e-05 0.000245476 6.56353e-05 5.24436e-05
0.782986 0.0097209 0.00979628 0.00964552 0.00108988 0.0013213 0.000858447 0.00427236 7.53824e-05 0.000231428 6.19161e-05 4.95193e-05
0.786377 0.00906351 0.00913449 0.00899253 0.00101149 0.00122948 0.000793494 0.00407094 7.09782e-05 0.000217992 5.83538e-05 4.6714e-05
0.789768 0.00843951 0.00850628 0.00837274 0.000937682 0.00114283 0.000732534 0.00387592 6.67688e-05 0.000205148 5.49442e-05 4.40246e-05
0.793159 0.00784785 0.0079106 0.0077851 0.000868261 0.00106114 0.000675381 0.00368719 6.27486e-05 0.00019288 5.16829e-05 4.14484e-05
0.79655 0.00728751 0.00734642 0.0072286 0.000803023 0.000984191 0.000621855 0.00350466 5.89115e-05 0.000181168 4.85658e-05 3.89823e-05
0.799941 0.00675746 0.00681272 0.00670221 0.000741777 0.000911774 0.00057178 0.00332824 5.52519e-05 0.000169997 4.55887e-05 3.66236e-05
0.803332 0.00625668 0.00630844 0.00620491 0.000684337 0.000843685 0.000524989 0.00315781 5.17643e-05 0.000159348 4.27476e-05 3.43693e-05
0.806722 0.00578413 0.00583257 0.00573568 0.00063052 0.000779726 0.000481315 0.00299328 4.84432e-05 0.000149205 4.00384e-05 3.22167e-05
0.810113 0.00533881 0.00538409 0.00529352 0.000580154 0.000719706 0.000440602 0.00283456 4.5283e-05 0.000139552 3.74572e-05 3.0163e-05
0.813504 0.0049197 0.00496197 0.00487742 0.000533069 0.000663441 0.000402697 0.00268153 4.22787e-05 0.000130372 3.5e-05 2.82053e-05
0.816895 0.0045258 0.00456523 0.00448638 0.000489101 0.000610751 0.000367451 0.00253411 3.94249e-05 0.00012165 3.26629e-05 2.63409e-05
0.820286 0.00415614 0.00419286 0.00411942 0.000448091 0.000561461 0.000334722 0.00239219 3.67166e-05 0.00011337 3.04422e-05 2.45671e-05
0.823677 0.00380973 0.00384388 0.00377558 0.000409887 0.000515403 0.000304371 0.00225566 3.41487e-05 0.000105516 2.83341e-05 2.28812e-05
0.827067 0.0034856 0.00351732 0.00345389 0.000374342 0.000472417 0.000276268 0.00212443 3.17165e-05 9.80745e-05 2.6335e-05 2.12805e-05
0.830458 0.0031828 0.00321222 0.00315339 0.000341314 0.000432344 0.000250284 0.00199839 2.9415e-05 9.103e-05 2.4441e-05 1.97622e-05
0.833849 0.0029004 0.00292764 0.00287316 0.000310665 0.000395033 0.000226297 0.00187745 2.72395e-05 8.43683e-05 2.26488e-05 1.83239e-05
0.83724 0.00263747 0.00266265 0.00261228 0.000282264 0.000360339 0.000204189 0.0017615 2.51855e-05 7.80753e-05 2.09546e-05 1.69628e-05
0.840631 0.00239309 0.00241634 0.00236984 0.000255984 0.000328121 0.000183847 0.00165043 2.32483e-05 7.21373e-05 1.93552e-05 1.56764e-05
0.844022 0.00216638 0.00218781 0.00214496 0.000231703 0.000298244 0.000165163 0.00154415 2.14236e-05 6.65407e-05 1.78469e-05 1.44621e-05
0.847412 0.00195647 0.00197617 0.00193676 0.000209304 0.000270577 0.000148032 0.00144254 1.97069e-05 6.12724e-05 1.64265e-05 1.33174e-05
0.850803 0.00176248 0.00178058 0.00174439 0.000188675 0.000244995 0.000132356 0.00134552 1.8094e-05 5.63192e-05 1.50907e-05 1.22398e-05
0.854194 0.0015836 0.00160018 0.00156702 0.000169708 0.000221377 0.00011804 0.00125296 1.65808e-05 5.16686e-05 1.38361e-05 1.12269e-05
0.857585 0.001419 0.00143416 0.00140384 0.0001523 0.000199608 0.000104992 0.00116477 1.5163e-05 4.73082e-05 1.26596e-05 1.02762e-05
0.860976 0.00126788 0.00128172 0.00125404 0.000136351 0.000179577 9.31257e-05 0.00108085 1.38368e-05 4.32257e-05 1.1558e-05 9.38523e-06
0.864367 0.00112947 0.00114207 0.00111687 0.000121769 0.000161178 8.23593e-05 0.00100108 1.25981e-05 3.94094e-05 1.05283e-05 8.55172e-06
0.867757 0.00100302 0.00101446 0.000991573 0.000108461 0.000144309 7.26137e-05 0.000925371 1.14432e-05 3.58475e-05 9.56732e-06 7.77329e-06
0.871148 0.000887784 0.000898152 0.000877416 9.63432e-05 0.000128872 6.38144e-05 0.000853605 1.03682e-05 3.25289e-05 8.67215e-06 7.04766e-06
0.874539 0.000783066 0.000792436 0.000773696 8.53327e-05 0.000114775 5.58904e-05 0.00078568 9.36955e-06 2.94423e-05 7.83985e-06 6.37253e-06
0.87793 0.000688176 0.00069662 0.000679733 7.53514e-05 0.000101928 4.87744e-05 0.000721491 8.44357e-06 2.65769e-05 7.06756e-06 5.74569e-06
0.881321 0.000602454 0.000610041 0.000594867 6.63251e-05 9.02474e-05 4.24029e-05 0.000660932 7.58678e-06 2.39222e-05 6.35245e-06 5.16494e-06
0.884712 0.00052526 0.000532056 0.000518464 5.81836e-05 7.96515e-05 3.67157e-05 0.000603895 6.79576e-06 2.14679e-05 5.69178e-06 4.6281e-06
0.888102 0.000455982 0.000462049 0.000449915 5.08597e-05 7.00636e-05 3.16558e-05 0.000550275 6.06714e-06 1.92039e-05 5.08284e-06 4.13307e-06
0.891493 0.000394029 0.000399427 0.000388631 4.42902e-05 6.14105e-05 2.71699e-05 0.000499965 5.39768e-06 1.71203e-05 4.523e-06 3.67775e-06
0.894884 0.000338839 0.000343623 0.000334054 3.84152e-05 5.36229e-05 2.32075e-05 0.000452858 4.78419e-06 1.52077e-05 4.00967e-06 3.26011e-06
0.898275 0.000289871 0.000294095 0.000285647 3.3178e-05 4.66347e-05 1.97213e-05 0.000408846 4.22357e-06 1.34567e-05 3.54033e-06 2.87814e-06
0.901666 0.000246611 0.000250324 0.000242898 2.85254e-05 4.03836e-05 1.66671e-05 0.000367824 3.7128e-06 1.18583e-05 3.11252e-06 2.52988e-06
0.905057 0.000208569 0.000211818 0.00020532 2.44069e-05 3.48105e-05 1.40034e-05 0.000329683 3.24894e-06 1.04036e-05 2.72384e-06 2.21342e-06
0.908447 0.000175281 0.00017811 0.000172452 2.07755e-05 2.98595e-05 1.16914e-05 0.000294318 2.82914e-06 9.08403e-06 2.37193e-06 1.92687e-06
0.911838 0.000146306 0.000148757 0.000143856 1.75866e-05 2.5478e-05 9.69527e-06 0.00026162 2.45062e-06 7.89137e-06 2.05454e-06 1.6684e-06
0.915229 0.00012123 0.00012334 0.000119119 1.47989e-05 2.16164e-05 7.98144e-06 0.000231483 2.11069e-06 6.81749e-06 1.76942e-06 1.43623e-06
0.91862 9.96605e-05 0.000101467 9.78537e-05 1.23735e-05 1.82281e-05 6.51894e-06 0.0002038 1.80674e-06 5.85457e-06 1.51443e-06 1.22862e-06
0.922011 8.12319e-05 8.27681e-05 7.96956e-05 1.02742e-05 1.52692e-05 5.27915e-06 0.000178463 1.53625e-06 4.99501e-06 1.28747e-06 1.04387e-06
0.925402 6.5601e-05 6.68977e-05 6.43042e-05 8.46722e-06 1.26987e-05 4.23574e-06 0.000155367 1.29676e-06 4.23149e-06 1.08651e-06 8.80337e-07
0.928792 5.24483e-05 5.35342e-05 5.13624e-05 6.92139e-06 1.04783e-05 3.36451e-06 0.000134404 1.08591e-06 3.55688e-06 9.09585e-07 7.36426e-07
0.932183 4.14776e-05 4.2379e-05 4.05761e-05 5.60772e-06 8.57208e-06 2.64337e-06 0.000115468 9.01429e-07 2.96435e-06 7.54796e-07 6.10589e-07
0.935574 3.2415e-05 3.31561e-05 3.16739e-05 4.49948e-06 6.94676e-06 2.05219e-06 9.8454e-05 7.41106e-07 2.44728e-06 6.20305e-07 5.0133e-07
0.938965 2.50089e-05 2.56117e-05 2.4406e-05 3.57205e-06 5.57135e-06 1.57274e-06 8.32556e-05 6.02834e-07 1.9993e-06 5.04345e-07 4.07205e-07
0.942356 1.9029e-05 1.95136e-05 1.85444e-05 2.80285e-06 4.41713e-06 1.18856e-06 6.97679e-05 4.84583e-07 1.61429e-06 4.05216e-07 3.26822e-07
0.945747 1.42661e-05 1.46505e-05 1.38817e-05 2.17125e-06 3.45761e-06 8.84886e-07 5.78863e-05 3.84408e-07 1.28636e-06 3.21285e-07 2.58846e-07
0.949137 1.05312e-05 1.08316e-05 1.02307e-05 1.65847e-06 2.66836e-06 6.48572e-07 4.7507e-05 3.00451e-07 1.0099e-06 2.50991e-07 2.01996e-07
0.952528 7.65462e-06 7.88556e-06 7.42368e-06 1.24748e-06 2.02699e-06 4.67976e-07 3.85269e-05 2.30941e-07 7.79505e-07 1.92843e-07 1.55048e-07
0.955919 5.48584e-06 5.66004e-06 5.31165e-06 9.22944e-07 1.513e-06 3.32885e-07 3.08439e-05 1.74193e-07 5.90058e-07 1.45421e-07 1.16836e-07
0.95931 3.8922e-06 4.02081e-06 3.76359e-06 6.71099e-07 1.10778e-06 2.34422e-07 2.43575e-05 1.28612e-07 4.36677e-07 1.07379e-07 8.62534e-08
0.962701 2.75846e-06 2.85116e-06 2.66577e-06 4.79703e-07 7.94442e-07 1.64964e-07 1.89686e-05 9.26939e-08 3.14739e-07 7.7447e-08 6.22555e-08
0.966092 1.98603e-06 2.05106e-06 1.92101e-06 3.37952e-07 5.57833e-07 1.18071e-07 1.4581e-05 6.50237e-08 2.19881e-07 5.44301e-08 4.38598e-08
0.969482 1.49238e-06 1.53666e-06 1.4481e-06 2.36417e-07 3.84423e-07 8.84121e-08 1.11016e-05 4.42811e-08 1.48005e-07 3.72119e-08 3.0148e-08
0.972873 1.21076e-06 1.24e-06 1.18152e-06 1.67008e-07 2.62291e-07 7.17242e-08 8.44362e-06 2.92399e-08 9.52835e-08 2.47556e-08 2.0268e-08
0.976264 1.09068e-06 1.10945e-06 1.07191e-06 1.22978e-07 1.81142e-07 6.48137e-08 6.53013e-06 1.87707e-08 5.81644e-08 1.61058e-08 1.34351e-08
0.979655 1.10033e-06 1.11217e-06 1.08849e-06 9.90645e-08 1.32446e-07 6.56828e-08 5.30482e-06 1.18415e-08 3.33816e-08 1.03898e-08 8.93277e-09
0.983046 1.23562e-06 1.24314e-06 1.2281e-06 9.20155e-08 1.09978e-07 7.40526e-08 4.76004e-06 7.51761e-09 1.79629e-08 6.81629e-09 6.11134e-09
0.986437 1.55673e-06 1.56168e-06 1.55178e-06 1.02791e-07 1.12029e-07 9.35534e-08 5.03723e-06 4.95184e-09 9.23761e-09 4.66519e-09 4.37662e-09
0.989827 2.44089e-06 2.44421e-06 2.43757e-06 1.51779e-07 1.56606e-07 1.46953e-07 7.00152e-06 3.32366e-09 4.82661e-09 3.22356e-09 3.12261e-09
0.993218 1.17088e-05 1.17092e-05 1.17084e-05 7.08905e-07 7.11946e-07 7.05863e-07 4.10872e-05 3.5808e-10 3.04119e-09 1.79903e-10 0
4.01075e-314 inf inf inf inf inf inf 0.00041801 17.8738 0.689435 0.458041 0.263367
