9.72476e-05 4.60842 5.00198 4.21486 1.74862 1.9928 1.50443 10.2268 0.39356 0.244182 0.151277 0.142801
0.0001 4.58 4.97246 4.18754 1.73778 1.98097 1.49459 10.13 0.392461 0.24319 0.150153 0.141586
0.00010283 4.55192 4.94329 4.16056 1.72708 1.96929 1.48488 10.0339 0.391369 0.242206 0.149037 0.140378
0.000105741 4.52474 4.91502 4.13445 1.71671 1.95794 1.47548 9.93863 0.390285 0.241231 0.147931 0.139178
0.000108734 4.49625 4.88545 4.10704 1.70587 1.94613 1.46561 9.84406 0.389207 0.240263 0.146833 0.137986
0.000111811 4.46792 4.85605 4.07978 1.69509 1.9344 1.45579 9.75021 0.388137 0.239304 0.145745 0.136802
0.000114976 4.43974 4.82681 4.05266 1.68437 1.92273 1.44602 9.65709 0.387074 0.238353 0.144664 0.135625
0.00011823 4.41172 4.79773 4.0257 1.67372 1.91113 1.43631 9.56469 0.386017 0.23741 0.143593 0.134456
0.000121576 4.38385 4.76881 3.99888 1.66313 1.8996 1.42665 9.473 0.384967 0.236475 0.14253 0.133295
0.000125017 4.35613 4.74005 3.9722 1.65259 1.88814 1.41705 9.38202 0.383925 0.235547 0.141475 0.132141
0.000128556 4.32856 4.71145 3.94567 1.64212 1.87675 1.40749 9.29175 0.382888 0.234628 0.14043 0.130995
0.000132194 4.30115 4.68301 3.91929 1.63171 1.86543 1.39799 9.20217 0.381859 0.233716 0.139393 0.129857
0.000135936 4.27389 4.65472 3.89305 1.62136 1.85417 1.38855 9.11329 0.380836 0.232812 0.138364 0.128725
0.000139783 4.24677 4.62659 3.86695 1.61106 1.84298 1.37915 9.02511 0.37982 0.231916 0.137343 0.127602
0.000143739 4.21981 4.59862 3.841 1.60083 1.83186 1.3698 8.9376 0.37881 0.231028 0.136332 0.126486
0.000147808 4.19299 4.5708 3.81519 1.59066 1.82081 1.36051 8.85079 0.377807 0.230147 0.135328 0.125376
0.000151991 4.16633 4.54314 3.78952 1.58054 1.80982 1.35127 8.76465 0.37681 0.229274 0.134333 0.124275
0.000156293 4.13981 4.51563 3.76399 1.57049 1.7989 1.34208 8.67918 0.375819 0.228409 0.133346 0.123181
0.000160717 4.11343 4.48827 3.7386 1.56049 1.78804 1.33294 8.59438 0.374835 0.227551 0.132368 0.122093
0.000165265 4.0872 4.46106 3.71334 1.55055 1.77725 1.32385 8.51025 0.373857 0.2267 0.131398 0.121014
0.000169943 4.06112 4.43401 3.68824 1.54067 1.76653 1.31481 8.42677 0.372885 0.225857 0.130436 0.119941
0.000174753 4.03518 4.4071 3.66326 1.53084 1.75587 1.30582 8.34396 0.371919 0.225021 0.129483 0.118875
0.000179699 4.00938 4.38034 3.63842 1.52108 1.74527 1.29688 8.26179 0.370959 0.224193 0.128537 0.117817
0.000184785 3.98373 4.35374 3.61373 1.51137 1.73474 1.288 8.18027 0.370005 0.223372 0.1276 0.116766
0.000190015 3.95822 4.32728 3.58916 1.50171 1.72427 1.27916 8.0994 0.369056 0.222558 0.126671 0.115721
0.000195393 3.93285 4.30097 3.56474 1.49212 1.71387 1.27037 8.01916 0.368114 0.221752 0.12575 0.114684
0.000200923 3.90762 4.2748 3.54045 1.48258 1.70353 1.26162 7.93955 0.367177 0.220953 0.124837 0.113653
0.00020661 3.88254 4.24878 3.51629 1.47309 1.69325 1.25293 7.86058 0.366246 0.22016 0.123932 0.11263
0.000212458 3.85758 4.22291 3.49226 1.46366 1.68304 1.24429 7.78223 0.365321 0.219375 0.123035 0.111613
0.000218471 3.83278 4.19718 3.46838 1.45429 1.67289 1.23569 7.7045 0.364401 0.218597 0.122146 0.110603
0.000224655 3.80811 4.17159 3.44462 1.44497 1.6628 1.22715 7.62739 0.363487 0.217826 0.121266 0.1096
0.000231013 3.78357 4.14615 3.42099 1.43571 1.65277 1.21865 7.5509 0.362577 0.217062 0.120393 0.108604
0.000237551 3.75918 4.12085 3.3975 1.4265 1.64281 1.2102 7.47501 0.361674 0.216305 0.119528 0.107614
0.000244275 3.73491 4.09569 3.37414 1.41735 1.6329 1.20179 7.39973 0.360775 0.215555 0.118671 0.106632
0.000251189 3.71079 4.07067 3.35091 1.40825 1.62306 1.19343 7.32505 0.359882 0.214812 0.117821 0.105655
0.000258298 3.6868 4.04579 3.32781 1.3992 1.61327 1.18512 7.25096 0.358994 0.214075 0.11698 0.104686
0.000265609 3.66294 4.02105 3.30483 1.39021 1.60355 1.17686 7.17747 0.358111 0.213345 0.116146 0.103723
0.000273126 3.63922 3.99645 3.28199 1.38127 1.59389 1.16864 7.10457 0.357232 0.212622 0.115321 0.102767
0.000280857 3.61563 3.97199 3.25927 1.37238 1.58429 1.16047 7.03225 0.356359 0.211906 0.114503 0.101817
0.000288806 3.59217 3.94767 3.23668 1.36355 1.57474 1.15235 6.96052 0.355491 0.211196 0.113692 0.100874
0.00029698 3.56885 3.92347 3.21422 1.35477 1.56526 1.14427 6.88936 0.354627 0.210493 0.11289 0.0999366
0.000305386 3.54566 3.89942 3.19189 1.34604 1.55583 1.13624 6.81877 0.353768 0.209796 0.112095 0.0990063
0.000314029 3.52259 3.8755 3.16968 1.33736 1.54647 1.12825 6.74876 0.352913 0.209106 0.111308 0.0980822
0.000322917 3.49965 3.85172 3.14759 1.32874 1.53716 1.12031 6.67931 0.352063 0.208422 0.110528 0.0971645
0.000332057 3.47685 3.82806 3.12563 1.32016 1.52791 1.11242 6.61043 0.351218 0.207745 0.109756 0.0962531
0.000341455 3.45417 3.80455 3.10379 1.31164 1.51872 1.10457 6.5421 0.350377 0.207074 0.108992 0.0953481
0.000351119 3.43162 3.78116 3.08208 1.30317 1.50958 1.09676 6.47432 0.34954 0.206409 0.108235 0.0944493
0.000361057 3.4092 3.75791 3.06049 1.29475 1.5005 1.089 6.4071 0.348707 0.205751 0.107486 0.0935568
0.000371276 3.3869 3.73478 3.03902 1.28638 1.49148 1.08128 6.34042 0.347879 0.205099 0.106744 0.0926705
0.000381784 3.36473 3.71179 3.01768 1.27806 1.48252 1.07361 6.27429 0.347054 0.204453 0.10601 0.0917904
0.00039259 3.34269 3.68892 2.99645 1.26979 1.47361 1.06598 6.2087 0.346234 0.203814 0.105283 0.0909163
0.000403702 3.32076 3.66618 2.97535 1.26157 1.46475 1.05839 6.14364 0.345417 0.20318 0.104563 0.0900484
0.000415128 3.29897 3.64357 2.95436 1.25341 1.45596 1.05085 6.07911 0.344604 0.202553 0.103851 0.0891866
0.000426877 3.27729 3.62109 2.9335 1.24529 1.44722 1.04335 6.01512 0.343795 0.201931 0.103147 0.0883308
0.000438959 3.25574 3.59873 2.91275 1.23721 1.43853 1.0359 5.95164 0.34299 0.201316 0.102449 0.0874811
0.000451383 3.23431 3.5765 2.89212 1.22919 1.4299 1.02849 5.8887 0.342188 0.200706 0.10176 0.0866373
0.000464159 3.21301 3.55439 2.87162 1.22122 1.42132 1.02112 5.82626 0.341389 0.200102 0.101077 0.0857995
0.000477296 3.19182 3.53241 2.85122 1.2133 1.4128 1.01379 5.76434 0.340594 0.199505 0.100402 0.0849677
0.000490805 3.17075 3.51055 2.83095 1.20542 1.40433 1.00651 5.70294 0.339802 0.198913 0.0997336 0.0841417
0.000504697 3.1498 3.48882 2.81079 1.19759 1.39592 0.999263 5.64204 0.339014 0.198326 0.0990728 0.0833216
0.000518981 3.12897 3.4672 2.79075 1.18981 1.38755 0.992062 5.58165 0.338228 0.197746 0.0984192 0.0825073
0.00053367 3.10826 3.44571 2.77082 1.18207 1.37925 0.984904 5.52175 0.337445 0.197171 0.0977728 0.0816989
0.000548775 3.08767 3.42434 2.75101 1.17439 1.37099 0.977786 5.46236 0.336666 0.196602 0.0971336 0.0808962
0.000564307 3.0672 3.40309 2.73131 1.16675 1.36279 0.970711 5.40345 0.335889 0.196038 0.0965015 0.0800994
0.000580278 3.04684 3.38195 2.71172 1.15916 1.35464 0.963676 5.34504 0.335115 0.19548 0.0958765 0.0793082
0.000596702 3.02659 3.36094 2.69225 1.15161 1.34654 0.956683 5.28712 0.334343 0.194928 0.0952586 0.0785227
0.000613591 3.00646 3.34004 2.67289 1.14411 1.33849 0.949731 5.22968 0.333574 0.19438 0.0946478 0.0777429
0.000630957 2.98645 3.31926 2.65364 1.13666 1.3305 0.942818 5.17272 0.332807 0.193839 0.094044 0.0769687
0.000648815 2.96655 3.29859 2.63451 1.12925 1.32255 0.935947 5.11623 0.332043 0.193302 0.0934473 0.0762003
0.000667179 2.94676 3.27805 2.61548 1.12189 1.31466 0.929116 5.06022 0.331281 0.192771 0.0928575 0.0754373
0.000686062 2.92709 3.25761 2.59657 1.11457 1.30682 0.922325 5.00468 0.330521 0.192245 0.0922746 0.0746799
0.00070548 2.90753 3.23729 2.57776 1.1073 1.29902 0.915574 4.94961 0.329762 0.191725 0.0916987 0.073928
0.000725448 2.88808 3.21708 2.55907 1.10007 1.29128 0.908863 4.89501 0.329006 0.191209 0.0911298 0.0731817
0.00074598 2.86874 3.19699 2.54049 1.09289 1.28359 0.90219 4.84086 0.328252 0.190699 0.0905677 0.0724408
0.000767094 2.84951 3.17701 2.52201 1.08575 1.27595 0.895558 4.78718 0.327499 0.190193 0.0900125 0.0717055
0.000788805 2.83039 3.15714 2.50364 1.07866 1.26835 0.888965 4.73394 0.326748 0.189693 0.0894641 0.0709755
0.000811131 2.81138 3.13738 2.48538 1.07161 1.26081 0.882411 4.68116 0.325998 0.189198 0.0889225 0.0702509
0.000834088 2.79248 3.11773 2.46723 1.0646 1.25331 0.875896 4.62883 0.325249 0.188707 0.0883877 0.0695318
0.000857696 2.77368 3.09818 2.44918 1.05764 1.24586 0.869419 4.57695 0.324502 0.188222 0.0878596 0.0688179
0.000881971 2.755 3.07875 2.43124 1.05072 1.23846 0.862981 4.5255 0.323756 0.187741 0.0873383 0.0681095
0.000906934 2.73641 3.05942 2.4134 1.04385 1.23111 0.856581 4.4745 0.32301 0.187265 0.0868236 0.0674062
0.000932603 2.71794 3.04021 2.39567 1.03701 1.22381 0.850219 4.42393 0.322266 0.186794 0.0863157 0.0667083
0.000958999 2.69957 3.02109 2.37805 1.03022 1.21655 0.843895 4.3738 0.321522 0.186327 0.0858143 0.0660156
0.000986142 2.68131 3.00208 2.36053 1.02347 1.20934 0.837609 4.3241 0.320779 0.185865 0.0853196 0.0653282
0.00101405 2.66315 2.98318 2.34311 1.01677 1.20218 0.831361 4.27483 0.320036 0.185408 0.0848314 0.064646
0.00104275 2.64509 2.96438 2.3258 1.0101 1.19506 0.82515 4.22598 0.319293 0.184954 0.0843498 0.0639689
0.00107227 2.62714 2.94569 2.30859 1.00348 1.18799 0.818977 4.17755 0.318551 0.184506 0.0838747 0.063297
0.00110262 2.60929 2.92709 2.29148 0.996902 1.18096 0.81284 4.12954 0.317809 0.184062 0.083406 0.0626302
0.00113382 2.59154 2.9086 2.27447 0.990362 1.17398 0.80674 4.08195 0.317067 0.183622 0.0829439 0.0619685
0.00116591 2.57389 2.89021 2.25756 0.983864 1.16705 0.800677 4.03477 0.316324 0.183186 0.0824881 0.0613119
0.00119891 2.55634 2.87192 2.24076 0.977406 1.16016 0.794651 3.988 0.315581 0.182755 0.0820387 0.0606603
0.00123285 2.53889 2.85373 2.22405 0.970989 1.15332 0.788661 3.94164 0.314837 0.182328 0.0815957 0.0600138
0.00126774 2.52154 2.83564 2.20745 0.964613 1.14652 0.782708 3.89568 0.314093 0.181905 0.081159 0.0593723
0.00130362 2.50429 2.81764 2.19095 0.958277 1.13976 0.776791 3.85013 0.313348 0.181485 0.0807286 0.0587358
0.00134052 2.48714 2.79975 2.17454 0.95198 1.13305 0.77091 3.80498 0.312602 0.18107 0.0803044 0.0581043
0.00137846 2.47009 2.78195 2.15823 0.945723 1.12638 0.765064 3.76022 0.311855 0.180659 0.0798865 0.0574777
0.00141747 2.45313 2.76424 2.14203 0.939506 1.11976 0.759254 3.71585 0.311107 0.180252 0.0794747 0.056856
0.00145759 2.43627 2.74663 2.12591 0.933328 1.11318 0.75348 3.67188 0.310357 0.179848 0.0790691 0.0562392
0.00149885 2.41951 2.72911 2.1099 0.927189 1.10664 0.74774 3.6283 0.309606 0.179448 0.0786695 0.0556272
0.00154127 2.40284 2.71169 2.09398 0.921089 1.10014 0.742036 3.5851 0.308853 0.179052 0.078276 0.0550201
0.00158489 2.38626 2.69436 2.07816 0.915027 1.09369 0.736367 3.54229 0.308098 0.17866 0.0778885 0.0544179
0.00162975 2.36978 2.67712 2.06244 0.909004 1.08727 0.730733 3.49985 0.307341 0.178271 0.0775071 0.0538204
0.00167588 2.35339 2.65997 2.04681 0.903019 1.0809 0.725134 3.4578 0.306581 0.177885 0.0771315 0.0532278
0.00172331 2.3371 2.64292 2.03128 0.897071 1.07457 0.719569 3.41612 0.305819 0.177503 0.0767618 0.0526398
0.00177209 2.32089 2.62595 2.01584 0.891162 1.06829 0.714038 3.37481 0.305055 0.177124 0.076398 0.0520567
0.00182224 2.30478 2.60907 2.0005 0.88529 1.06204 0.708542 3.33387 0.304288 0.176748 0.0760399 0.0514782
0.00187382 2.28876 2.59228 1.98524 0.879455 1.05583 0.703079 3.2933 0.303517 0.176376 0.0756877 0.0509044
0.00192685 2.27283 2.57558 1.97009 0.873657 1.04966 0.69765 3.2531 0.302744 0.176007 0.0753411 0.0503353
0.00198139 2.25699 2.55896 1.95502 0.867896 1.04354 0.692256 3.21326 0.301967 0.175641 0.0750002 0.0497709
0.00203747 2.24124 2.54243 1.94005 0.862172 1.03745 0.686895 3.17378 0.301187 0.175277 0.0746648 0.0492111
0.00209514 2.22558 2.52598 1.92517 0.856484 1.0314 0.681567 3.13466 0.300403 0.174917 0.0743351 0.0486559
0.00215443 2.21 2.50962 1.91038 0.850832 1.02539 0.676273 3.0959 0.299615 0.174559 0.0740108 0.0481053
0.00221541 2.19451 2.49334 1.89569 0.845216 1.01942 0.671011 3.05748 0.298823 0.174205 0.073692 0.0475592
0.00227812 2.17911 2.47714 1.88108 0.839636 1.01349 0.665783 3.01942 0.298027 0.173852 0.0733786 0.0470177
0.00234259 2.1638 2.46102 1.86657 0.83409 1.00759 0.660588 2.98171 0.297226 0.173503 0.0730705 0.0464807
0.0024089 2.14857 2.44499 1.85214 0.828581 1.00174 0.655425 2.94434 0.296421 0.173156 0.0727677 0.0459482
0.00247708 2.13342 2.42903 1.83781 0.823106 0.995918 0.650295 2.90732 0.29561 0.172811 0.0724702 0.0454202
0.00254719 2.11836 2.41315 1.82356 0.817666 0.990135 0.645197 2.87064 0.294795 0.172469 0.0721777 0.0448967
0.00261928 2.10338 2.39736 1.80941 0.812261 0.98439 0.640132 2.8343 0.293974 0.172129 0.0718904 0.0443776
0.00269341 2.08849 2.38163 1.79534 0.80689 0.978681 0.635099 2.79829 0.293147 0.171791 0.0716081 0.0438629
0.00276965 2.07367 2.36599 1.78136 0.801552 0.973008 0.630097 2.76262 0.292315 0.171455 0.0713308 0.0433526
0.00284804 2.05894 2.35042 1.76747 0.796249 0.967371 0.625128 2.72728 0.291476 0.171121 0.0710583 0.0428467
0.00292864 2.04429 2.33493 1.75366 0.79098 0.961769 0.62019 2.69228 0.290632 0.170789 0.0707907 0.0423451
0.00301153 2.02973 2.31951 1.73994 0.785743 0.956202 0.615284 2.6576 0.289781 0.170459 0.0705278 0.0418479
0.00309677 2.01524 2.30416 1.72631 0.78054 0.950671 0.610409 2.62324 0.288923 0.170131 0.0702697 0.041355
0.00318442 2.00083 2.28889 1.71277 0.77537 0.945174 0.605566 2.58921 0.288058 0.169804 0.0700161 0.0408664
0.00327455 1.9865 2.27368 1.69931 0.770232 0.939711 0.600753 2.5555 0.287186 0.169479 0.0697671 0.0403821
0.00336723 1.97224 2.25855 1.68594 0.765127 0.934282 0.595972 2.52212 0.286306 0.169155 0.0695225 0.039902
0.00346253 1.95807 2.24349 1.67265 0.760054 0.928886 0.591222 2.48904 0.285419 0.168832 0.0692822 0.0394261
0.00356053 1.94397 2.22849 1.65944 0.755013 0.923524 0.586502 2.45629 0.284524 0.168511 0.0690463 0.0389545
0.00366131 1.92994 2.21357 1.64632 0.750004 0.918194 0.581813 2.42384 0.283621 0.168191 0.0688145 0.0384871
0.00376494 1.916 2.19871 1.63329 0.745026 0.912897 0.577155 2.39171 0.282709 0.167871 0.0685869 0.0380238
0.0038715 1.90212 2.18391 1.62033 0.740079 0.907632 0.572526 2.35989 0.281789 0.167553 0.0683632 0.0375647
0.00398107 1.88833 2.16918 1.60747 0.735164 0.902399 0.567928 2.32837 0.28086 0.167235 0.0681435 0.0371097
0.00409375 1.8746 2.15452 1.59468 0.730279 0.897197 0.56336 2.29716 0.279921 0.166919 0.0679276 0.0366588
0.00420962 1.86095 2.13992 1.58198 0.725425 0.892027 0.558822 2.26625 0.278973 0.166602 0.0677155 0.036212
0.00432876 1.84737 2.12538 1.56935 0.720601 0.886887 0.554314 2.23564 0.278015 0.166286 0.0675069 0.0357693
0.00445128 1.83386 2.11091 1.55681 0.715807 0.881777 0.549836 2.20533 0.277047 0.165971 0.0673019 0.0353307
0.00457727 1.82042 2.09649 1.54436 0.711042 0.876697 0.545387 2.17532 0.276069 0.165655 0.0671004 0.034896
0.00470682 1.80706 2.08214 1.53198 0.706307 0.871647 0.540968 2.1456 0.27508 0.16534 0.0669021 0.0344654
0.00484003 1.79376 2.06784 1.51968 0.701602 0.866626 0.536578 2.11618 0.274081 0.165024 0.066707 0.0340388
0.00497702 1.78054 2.05361 1.50746 0.696925 0.861634 0.532216 2.08705 0.27307 0.164709 0.066515 0.0336161
0.00511789 1.76738 2.03942 1.49533 0.692277 0.85667 0.527884 2.0582 0.272048 0.164393 0.066326 0.0331974
0.00526274 1.75429 2.0253 1.48327 0.687658 0.851735 0.523582 2.02965 0.271014 0.164077 0.0661399 0.0327826
0.0054117 1.74126 2.01123 1.47129 0.683067 0.846827 0.519308 2.00138 0.269969 0.16376 0.0659565 0.0323717
0.00556486 1.72831 1.99722 1.4594 0.678504 0.841946 0.515062 1.97339 0.26891 0.163442 0.0657756 0.0319647
0.00572237 1.71542 1.98326 1.44758 0.673969 0.837092 0.510845 1.94569 0.26784 0.163123 0.0655973 0.0315615
0.00588433 1.70259 1.96935 1.43583 0.669461 0.832265 0.506657 1.91826 0.266756 0.162804 0.0654213 0.0311622
0.00605088 1.68983 1.95549 1.42417 0.66498 0.827463 0.502497 1.89111 0.26566 0.162483 0.0652475 0.0307668
0.00622213 1.67713 1.94168 1.41258 0.660526 0.822688 0.498365 1.86424 0.26455 0.162161 0.0650758 0.0303751
0.00639824 1.6645 1.92793 1.40108 0.656099 0.817937 0.494261 1.83765 0.263426 0.161838 0.064906 0.0299872
0.00657933 1.65193 1.91422 1.38964 0.651698 0.813211 0.490185 1.81132 0.262288 0.161513 0.0647379 0.0296031
0.00676555 1.63942 1.90056 1.37829 0.647324 0.80851 0.486137 1.78527 0.261136 0.161186 0.0645716 0.0292227
0.00695704 1.62698 1.88695 1.36701 0.642975 0.803832 0.482117 1.75949 0.259969 0.160858 0.0644067 0.028846
0.00715394 1.61459 1.87338 1.35581 0.638651 0.799179 0.478124 1.73397 0.258788 0.160527 0.0642431 0.0284731
0.00735642 1.60227 1.85986 1.34468 0.634353 0.794548 0.474159 1.70873 0.257591 0.160194 0.0640807 0.0281038
0.00756463 1.59 1.84638 1.33363 0.63008 0.789939 0.470221 1.68374 0.256378 0.159859 0.0639194 0.0277381
0.00777874 1.5778 1.83295 1.32265 0.625832 0.785353 0.466311 1.65902 0.25515 0.159521 0.0637589 0.0273761
0.0079989 1.56565 1.81956 1.31175 0.621608 0.780789 0.462427 1.63456 0.253906 0.159181 0.063599 0.0270177
0.0082253 1.55356 1.80621 1.30092 0.617408 0.776245 0.458571 1.61036 0.252645 0.158837 0.0634397 0.0266629
0.0084581 1.54153 1.7929 1.29016 0.613232 0.771723 0.454742 1.58641 0.251368 0.158491 0.0632807 0.0263116
0.00869749 1.52956 1.77963 1.27948 0.60908 0.76722 0.450939 1.56272 0.250073 0.158141 0.0631219 0.0259639
0.00894366 1.51764 1.7664 1.26888 0.604951 0.762738 0.447163 1.53929 0.248762 0.157787 0.0629631 0.0256197
0.00919679 1.50578 1.75321 1.25834 0.600844 0.758275 0.443414 1.5161 0.247433 0.157431 0.0628041 0.0252791
0.00945709 1.49397 1.74005 1.24788 0.596761 0.75383 0.439691 1.49317 0.246086 0.15707 0.0626446 0.0249418
0.00972476 1.48222 1.72694 1.2375 0.592699 0.749404 0.435994 1.47049 0.244721 0.156705 0.0624846 0.0246081
0.01 1.47052 1.71385 1.22718 0.58866 0.744996 0.432324 1.44806 0.243337 0.156336 0.0623238 0.0242778
0.010283 1.45887 1.7008 1.21693 0.584643 0.740605 0.42868 1.42587 0.241935 0.155963 0.0621621 0.0239508
0.0105741 1.44728 1.68779 1.20676 0.580646 0.736231 0.425062 1.40393 0.240514 0.155585 0.0619991 0.0236273
0.0108734 1.43573 1.67481 1.19666 0.576671 0.731873 0.42147 1.38223 0.239074 0.155202 0.0618348 0.0233072
0.0111811 1.42424 1.66186 1.18663 0.572717 0.727531 0.417903 1.36077 0.237614 0.154814 0.061669 0.0229903
0.0114976 1.41281 1.64894 1.17667 0.568783 0.723204 0.414362 1.33955 0.236134 0.154421 0.0615013 0.0226768
0.011823 1.40142 1.63605 1.16678 0.56487 0.718892 0.410847 1.31857 0.234635 0.154022 0.0613316 0.0223666
0.0121576 1.39008 1.62319 1.15696 0.560976 0.714594 0.407358 1.29782 0.233116 0.153618 0.0611597 0.0220596
0.0125017 1.37879 1.61036 1.14721 0.557101 0.710309 0.403893 1.27731 0.231576 0.153208 0.0609854 0.0217559
0.0128556 1.36755 1.59756 1.13753 0.553246 0.706037 0.400454 1.25704 0.230015 0.152791 0.0608084 0.0214554
0.0132194 1.35636 1.58479 1.12792 0.549409 0.701778 0.39704 1.237 0.228434 0.152369 0.0606285 0.0211582
0.0135936 1.34521 1.57204 1.11838 0.545591 0.69753 0.393651 1.21718 0.226831 0.15194 0.0604456 0.020864
0.0139783 1.33412 1.55932 1.10891 0.541791 0.693294 0.390287 1.1976 0.225208 0.151503 0.0602593 0.0205731
0.0143739 1.32307 1.54663 1.0995 0.538008 0.689069 0.386948 1.17825 0.223563 0.15106 0.0600694 0.0202852
0.0147808 1.31206 1.53396 1.09017 0.534244 0.684854 0.383634 1.15912 0.221896 0.15061 0.0598758 0.0200005
0.0151991 1.30111 1.52131 1.0809 0.530496 0.680648 0.380344 1.14021 0.220207 0.150152 0.0596781 0.0197188
0.0156293 1.2902 1.50869 1.0717 0.526765 0.676451 0.377078 1.12153 0.218497 0.149686 0.0594762 0.0194402
0.0160717 1.27933 1.49609 1.06257 0.52305 0.672262 0.373837 1.10307 0.216765 0.149212 0.0592698 0.0191645
0.0165265 1.26851 1.48352 1.0535 0.519351 0.668081 0.370621 1.08484 0.21501 0.14873 0.0590587 0.0188919
0.0169943 1.25773 1.47096 1.0445 0.515667 0.663907 0.367428 1.06682 0.213234 0.14824 0.0588427 0.0186223
0.0174753 1.247 1.45843 1.03556 0.511999 0.65974 0.364259 1.04901 0.211434 0.14774 0.0586214 0.0183556
0.0179699 1.23631 1.44592 1.0267 0.508346 0.655578 0.361114 1.03143 0.209613 0.147232 0.0583947 0.0180918
0.0184785 1.22566 1.43343 1.01789 0.504707 0.651421 0.357993 1.01406 0.207769 0.146714 0.0581623 0.0178309
0.0190015 1.21506 1.42096 1.00916 0.501083 0.647269 0.354896 0.996896 0.205903 0.146186 0.0579241 0.0175729
0.0195393 1.2045 1.40851 1.00049 0.497471 0.64312 0.351822 0.979948 0.204014 0.145649 0.0576796 0.0173177
0.0200923 1.19398 1.39608 0.99188 0.493874 0.638975 0.348772 0.963211 0.202102 0.145102 0.0574289 0.0170654
0.020661 1.18351 1.38367 0.983338 0.490289 0.634833 0.345745 0.946681 0.200168 0.144544 0.0571715 0.0168158
0.0212458 1.17307 1.37128 0.97486 0.486717 0.630692 0.342742 0.930359 0.198212 0.143975 0.0569073 0.016569
0.0218471 1.16268 1.35891 0.966447 0.483156 0.626552 0.339761 0.914243 0.196233 0.143396 0.056636 0.0163249
0.0224655 1.15233 1.34656 0.958097 0.479608 0.622413 0.336803 0.898331 0.194232 0.142805 0.0563574 0.0160835
0.0231013 1.14202 1.33423 0.949811 0.47607 0.618273 0.333868 0.882621 0.192208 0.142202 0.0560714 0.0158448
0.0237551 1.13175 1.32191 0.941587 0.472544 0.614132 0.330956 0.867112 0.190163 0.141588 0.0557776 0.0156088
0.0244275 1.12152 1.30962 0.933427 0.469028 0.60999 0.328066 0.851804 0.188095 0.140962 0.0554758 0.0153753
0.0251189 1.11134 1.29734 0.925329 0.465522 0.605846 0.325199 0.836693 0.186006 0.140324 0.055166 0.0151445
0.0258298 1.10119 1.28509 0.917294 0.462026 0.601698 0.322354 0.821779 0.183896 0.139672 0.0548477 0.0149162
0.0265609 1.09108 1.27285 0.90932 0.458539 0.597547 0.319531 0.807061 0.181764 0.139008 0.0545209 0.0146905
0.0273126 1.08102 1.26063 0.901408 0.455061 0.593391 0.31673 0.792536 0.179611 0.138331 0.0541854 0.0144673
0.0280857 1.07099 1.24843 0.893557 0.45159 0.58923 0.31395 0.778204 0.177438 0.13764 0.0538409 0.0142466
0.0288806 1.06101 1.23626 0.885767 0.448128 0.585064 0.311193 0.764062 0.175244 0.136935 0.0534874 0.0140283
0.029698 1.05107 1.2241 0.878037 0.444674 0.58089 0.308457 0.75011 0.173031 0.136217 0.0531245 0.0138125
0.0305386 1.04117 1.21196 0.870368 0.441226 0.576709 0.305743 0.736346 0.170797 0.135483 0.0527522 0.013599
0.0314029 1.0313 1.19985 0.862759 0.437785 0.572521 0.303049 0.722767 0.168545 0.134736 0.0523703 0.0133879
0.0322917 1.02148 1.18776 0.855209 0.43435 0.568323 0.300377 0.709374 0.166274 0.133973 0.0519787 0.0131792
0.0332057 1.0117 1.17569 0.847719 0.43092 0.564115 0.297726 0.696164 0.163984 0.133195 0.0515772 0.0129728
0.0341455 1.00196 1.16364 0.840287 0.427496 0.559898 0.295095 0.683135 0.161677 0.132402 0.0511657 0.0127686
0.0351119 0.992267 1.15162 0.832914 0.424077 0.555669 0.292484 0.670287 0.159353 0.131592 0.0507441 0.0125668
0.0361057 0.982611 1.13962 0.825599 0.420662 0.551429 0.289894 0.657617 0.157012 0.130767 0.0503123 0.0123671
0.0371276 0.972997 1.12765 0.818341 0.41725 0.547176 0.287325 0.645125 0.154656 0.129926 0.0498702 0.0121697
0.0381784 0.963425 1.11571 0.811141 0.413842 0.54291 0.284774 0.632808 0.152284 0.129068 0.0494178 0.0119744
0.039259 0.953895 1.10379 0.803998 0.410437 0.53863 0.282244 0.620664 0.149897 0.128193 0.0489549 0.0117812
0.0403702 0.944408 1.09191 0.796911 0.407034 0.534335 0.279733 0.608693 0.147497 0.127301 0.0484816 0.0115902
0.0415128 0.934964 1.08005 0.78988 0.403633 0.530025 0.277242 0.596893 0.145084 0.126392 0.0479978 0.0114013
0.0426877 0.925564 1.06822 0.782905 0.400234 0.525699 0.274769 0.585262 0.142658 0.125465 0.0475035 0.0112144
0.0438959 0.916207 1.05643 0.775985 0.396835 0.521355 0.272315 0.573799 0.140222 0.12452 0.0469987 0.0110296
0.0451383 0.906894 1.04467 0.769119 0.393437 0.516995 0.269879 0.562501 0.137774 0.123558 0.0464834 0.0108467
0.0464159 0.897625 1.03294 0.762308 0.390039 0.512616 0.267462 0.551368 0.135318 0.122577 0.0459577 0.0106658
0.0477296 0.888402 1.02125 0.75555 0.38664 0.508218 0.265062 0.540397 0.132852 0.121578 0.0454216 0.0104869
0.0490805 0.879224 1.0096 0.748846 0.38324 0.5038 0.26268 0.529588 0.130379 0.12056 0.0448752 0.0103099
0.0504697 0.870092 0.997991 0.742193 0.379839 0.499362 0.260316 0.518938 0.127899 0.119523 0.0443187 0.0101348
0.0518981 0.861007 0.986421 0.735593 0.376435 0.494903 0.257968 0.508445 0.125414 0.118468 0.043752 0.00996157
0.053367 0.851968 0.974892 0.729044 0.37303 0.490422 0.255637 0.498109 0.122924 0.117393 0.0431754 0.00979017
0.0548775 0.842977 0.963408 0.722546 0.36962 0.485919 0.253322 0.487927 0.120431 0.116299 0.042589 0.00962058
0.0564307 0.834033 0.951969 0.716098 0.366208 0.481393 0.251023 0.477898 0.117936 0.115185 0.041993 0.00945278
0.0580278 0.825138 0.940577 0.709699 0.362791 0.476843 0.248739 0.46802 0.115439 0.114052 0.0413876 0.00928675
0.0596702 0.816291 0.929234 0.703348 0.35937 0.472269 0.24647 0.458291 0.112943 0.112899 0.040773 0.00912244
0.0613591 0.807494 0.917943 0.697046 0.355943 0.46767 0.244216 0.44871 0.110448 0.111727 0.0401494 0.00895986
0.0630957 0.798747 0.906703 0.690791 0.352511 0.463045 0.241976 0.439274 0.107956 0.110534 0.0395172 0.00879896
0.0648815 0.79005 0.895518 0.684583 0.349072 0.458395 0.23975 0.429983 0.105468 0.109322 0.0388766 0.00863972
0.0667179 0.781404 0.884389 0.678419 0.345627 0.453717 0.237537 0.420834 0.102985 0.10809 0.0382279 0.00848213
0.0686062 0.772809 0.873317 0.672301 0.342175 0.449013 0.235336 0.411826 0.100508 0.106838 0.0375714 0.00832615
0.070548 0.764265 0.862305 0.666226 0.338714 0.44428 0.233148 0.402957 0.0980397 0.105566 0.0369076 0.00817178
0.0725448 0.755774 0.851354 0.660194 0.335245 0.43952 0.23097 0.394226 0.0955803 0.104275 0.0362367 0.00801898
0.074598 0.747334 0.840466 0.654203 0.331767 0.43473 0.228804 0.38563 0.0931316 0.102963 0.0355592 0.00786773
0.0767094 0.738948 0.829643 0.648253 0.32828 0.429912 0.226648 0.377168 0.0906949 0.101632 0.0348755 0.00771802
0.0788805 0.730614 0.818885 0.642342 0.324782 0.425063 0.224501 0.368838 0.0882716 0.100281 0.0341861 0.00756982
0.0811131 0.722333 0.808196 0.63647 0.321274 0.420184 0.222363 0.360638 0.0858629 0.0989109 0.0334913 0.00742312
0.0834088 0.714105 0.797575 0.630634 0.317754 0.415275 0.220232 0.352567 0.0834705 0.0975213 0.0327918 0.0072779
0.0857696 0.70593 0.787026 0.624834 0.314222 0.410335 0.218109 0.344623 0.0810956 0.0961127 0.0320879 0.00713413
0.0881971 0.697808 0.776548 0.619069 0.310677 0.405363 0.215992 0.336804 0.0787396 0.0946853 0.0313802 0.00699182
0.0906934 0.68974 0.766144 0.613336 0.30712 0.400359 0.213881 0.329108 0.076404 0.0932393 0.0306692 0.00685093
0.0932603 0.681724 0.755814 0.607634 0.303548 0.395323 0.211773 0.321535 0.07409 0.091775 0.0299555 0.00671147
0.0958999 0.673761 0.74556 0.601962 0.299962 0.390255 0.209669 0.314081 0.0717991 0.0902929 0.0292397 0.0065734
0.0986142 0.66585 0.735383 0.596318 0.29636 0.385153 0.207567 0.306746 0.0695325 0.0887931 0.0285222 0.00643672
0.101405 0.657991 0.725283 0.590699 0.292743 0.380019 0.205467 0.299528 0.0672917 0.0872762 0.0278038 0.00630143
0.104275 0.650182 0.71526 0.585104 0.289109 0.374851 0.203366 0.292425 0.065078 0.0857427 0.0270851 0.0061675
0.107227 0.642424 0.705317 0.579532 0.285457 0.36965 0.201264 0.285435 0.0628925 0.0841929 0.0263665 0.00603493
0.110262 0.634716 0.695452 0.573979 0.281787 0.364414 0.199159 0.278557 0.0607365 0.0826275 0.0256489 0.00590371
0.113382 0.627055 0.685666 0.568443 0.278098 0.359145 0.197051 0.27179 0.0586114 0.081047 0.0249327 0.00577383
0.116591 0.619441 0.675959 0.562923 0.274389 0.353841 0.194937 0.265131 0.0565182 0.079452 0.0242187 0.00564529
0.119891 0.611873 0.666331 0.557415 0.270659 0.348502 0.192816 0.258579 0.0544581 0.0778433 0.0235074 0.00551809
0.123285 0.604349 0.656781 0.551916 0.266907 0.343129 0.190686 0.252133 0.0524322 0.0762215 0.0227996 0.00539221
0.126774 0.596866 0.647308 0.546425 0.263133 0.337721 0.188546 0.24579 0.0504415 0.0745873 0.0220958 0.00526766
0.130362 0.589424 0.637911 0.540936 0.259336 0.332277 0.186394 0.239551 0.0484872 0.0729416 0.0213968 0.00514443
0.134052 0.582019 0.628589 0.535449 0.255514 0.326799 0.184228 0.233412 0.0465701 0.0712853 0.0207031 0.00502252
0.137846 0.574649 0.61934 0.529958 0.251666 0.321285 0.182047 0.227373 0.0446911 0.0696192 0.0200154 0.00490195
0.141747 0.567312 0.610163 0.524461 0.247791 0.315735 0.179847 0.221433 0.0428511 0.0679442 0.0193343 0.00478269
0.145759 0.560004 0.601054 0.518953 0.243889 0.31015 0.177627 0.215589 0.0410509 0.0662614 0.0186604 0.00466477
0.149885 0.552721 0.592012 0.51343 0.239957 0.304529 0.175386 0.209841 0.0392913 0.0645719 0.0179944 0.00454817
0.154127 0.545461 0.583034 0.507888 0.235996 0.298872 0.173119 0.204187 0.0375728 0.0628766 0.0173368 0.00443292
0.158489 0.538219 0.574115 0.502323 0.232003 0.29318 0.170826 0.198626 0.0358962 0.0611768 0.0166882 0.004319
0.162975 0.530991 0.565253 0.496729 0.227977 0.28745 0.168503 0.193157 0.0342619 0.0594737 0.0160492 0.00420643
0.167588 0.523772 0.556442 0.491102 0.223917 0.281685 0.166148 0.187779 0.0326704 0.0577684 0.0154203 0.00409522
0.172331 0.516557 0.547679 0.485435 0.219821 0.275883 0.163759 0.18249 0.0311222 0.0560623 0.014802 0.00398537
0.177209 0.509341 0.538959 0.479723 0.215688 0.270045 0.161332 0.177289 0.0296176 0.0543566 0.0141949 0.00387689
0.182224 0.502117 0.530274 0.473961 0.211517 0.26417 0.158864 0.172176 0.0281568 0.0526528 0.0135994 0.00376978
0.187382 0.49488 0.52162 0.46814 0.207306 0.258259 0.156354 0.167149 0.0267401 0.0509523 0.0130159 0.00366406
0.192685 0.487623 0.51299 0.462255 0.203054 0.25231 0.153797 0.162206 0.0253675 0.0492564 0.0124449 0.00355973
0.198139 0.480338 0.504377 0.456299 0.198758 0.246325 0.151192 0.157348 0.0240392 0.0475668 0.0118868 0.00345681
0.203747 0.473018 0.495773 0.450263 0.194418 0.240303 0.148533 0.152573 0.0227551 0.0458849 0.0113418 0.00335529
0.209514 0.465654 0.487169 0.444139 0.190032 0.234245 0.14582 0.14788 0.021515 0.0442122 0.0108105 0.00325519
0.215443 0.458238 0.478557 0.437919 0.185599 0.228149 0.143049 0.143268 0.020319 0.0425504 0.010293 0.00315651
0.221541 0.45076 0.469927 0.431593 0.181117 0.222018 0.140215 0.138736 0.0191667 0.0409011 0.00978954 0.00305926
0.227812 0.443211 0.461268 0.425153 0.176584 0.21585 0.137318 0.134284 0.0180578 0.0392659 0.00930045 0.00296344
0.234259 0.435579 0.452571 0.418587 0.172 0.209646 0.134353 0.12991 0.016992 0.0376464 0.00882588 0.00286905
0.24089 0.427854 0.443823 0.411885 0.167363 0.203407 0.131318 0.125613 0.0159688 0.0360444 0.00836598 0.00277609
0.247708 0.420023 0.435011 0.405035 0.162672 0.197133 0.128211 0.121393 0.0149878 0.0344614 0.00792086 0.00268456
0.254719 0.412073 0.426121 0.398024 0.157927 0.190826 0.125028 0.117249 0.0140485 0.0328992 0.0074906 0.00259445
0.261928 0.40399 0.41714 0.390839 0.153127 0.184486 0.121767 0.113179 0.0131501 0.0313594 0.00707524 0.00250575
0.269341 0.395757 0.408049 0.383465 0.148271 0.178115 0.118427 0.109183 0.012292 0.0298438 0.00667477 0.00241844
0.276965 0.387355 0.398829 0.375882 0.143359 0.171713 0.115005 0.105259 0.0114736 0.0283539 0.00628916 0.00233248
0.284804 0.378761 0.389455 0.368067 0.138391 0.165282 0.111499 0.101408 0.0106939 0.0268914 0.00591831 0.00224784
0.292864 0.369937 0.37989 0.359985 0.133364 0.158822 0.107906 0.0976281 0.00995233 0.025458 0.0055621 0.00216444
0.301153 0.360813 0.370061 0.351565 0.128272 0.152327 0.104217 0.0939193 0.00924785 0.0240552 0.0052203 0.00208215
0.309677 0.351103 0.359683 0.342523 0.123073 0.145758 0.100388 0.0902829 0.00857957 0.0226848 0.00489256 0.00200063
0.318442 0.341895 0.350231 0.33356 0.119459 0.141633 0.0972847 0.0889285 0.0083352 0.0221741 0.00477121 0.00196891
0.321833 0.338539 0.346637 0.33044 0.117571 0.139245 0.0958978 0.0875973 0.00809829 0.0216736 0.0046531 0.00193766
0.325224 0.335189 0.343058 0.327321 0.115699 0.136882 0.0945156 0.0862886 0.00786857 0.0211831 0.00453812 0.00190688
0.328614 0.331847 0.339493 0.324202 0.113841 0.134543 0.0931383 0.0850017 0.00764581 0.0207023 0.00442618 0.00187657
0.332005 0.328512 0.335942 0.321082 0.111997 0.132228 0.0917659 0.0837362 0.00742977 0.0202312 0.00431718 0.0018467
0.335396 0.325183 0.332403 0.317962 0.110168 0.129938 0.0903986 0.0824912 0.0072202 0.0197695 0.00421103 0.00181726
0.338787 0.321859 0.328876 0.314842 0.108354 0.127671 0.0890367 0.0812664 0.00701691 0.019317 0.00410766 0.00178825
0.342178 0.318541 0.32536 0.311721 0.106554 0.125427 0.0876801 0.0800611 0.00681966 0.0188737 0.00400696 0.00175965
0.345569 0.315228 0.321856 0.308599 0.104768 0.123208 0.0863292 0.0788747 0.00662827 0.0184392 0.00390887 0.00173145
0.348959 0.311919 0.318362 0.305477 0.102998 0.121011 0.0849841 0.0777069 0.00644253 0.0180136 0.0038133 0.00170365
0.35235 0.308615 0.314878 0.302353 0.101241 0.118838 0.0836449 0.0765569 0.00626225 0.0175965 0.00372018 0.00167624
0.355741 0.305316 0.311403 0.299228 0.0994998 0.116688 0.082312 0.0754244 0.00608726 0.0171878 0.00362944 0.00164919
0.359132 0.30202 0.307937 0.296103 0.0977727 0.11456 0.0809853 0.074309 0.00591738 0.0167874 0.003541 0.00162252
0.362523 0.298728 0.30448 0.292976 0.0960604 0.112456 0.0796653 0.07321 0.00575243 0.0163951 0.00345479 0.00159621
0.365914 0.29544 0.301032 0.289848 0.0943627 0.110374 0.0783519 0.0721272 0.00559227 0.0160108 0.00337075 0.00157024
0.369305 0.292155 0.297592 0.286718 0.0926798 0.108314 0.0770455 0.07106 0.00543673 0.0156343 0.00328882 0.00154462
0.372695 0.288874 0.294159 0.283588 0.0910117 0.106277 0.0757461 0.0700081 0.00528566 0.0152655 0.00320893 0.00151934
0.376086 0.285596 0.290735 0.280457 0.0893584 0.104263 0.0744542 0.0689711 0.00513893 0.0149042 0.00313102 0.00149438
0.379477 0.282321 0.287317 0.277325 0.0877201 0.10227 0.0731697 0.0679486 0.00499638 0.0145503 0.00305504 0.00146975
0.382868 0.279049 0.283907 0.274191 0.0860967 0.1003 0.071893 0.0669402 0.00485788 0.0142037 0.00298092 0.00144543
0.386259 0.275781 0.280504 0.271058 0.0844884 0.0983526 0.0706243 0.0659455 0.00472331 0.0138642 0.00290863 0.00142142
0.38965 0.272516 0.277108 0.267923 0.0828953 0.0964269 0.0693636 0.0649643 0.00459254 0.0135316 0.00283809 0.00139771
0.39304 0.269254 0.273719 0.264788 0.0813173 0.0945233 0.0681113 0.0639962 0.00446546 0.013206 0.00276927 0.0013743
0.396431 0.265995 0.270337 0.261653 0.0797545 0.0926415 0.0668675 0.0630408 0.00434193 0.012887 0.00270212 0.00135118
0.399822 0.26274 0.266962 0.258518 0.0782072 0.0907819 0.0656325 0.0620979 0.00422186 0.0125747 0.00263658 0.00132834
0.403213 0.259488 0.263593 0.255383 0.0766753 0.0889441 0.0644065 0.0611671 0.00410513 0.0122688 0.00257261 0.00130579
0.406604 0.25624 0.260232 0.252249 0.0751588 0.0871281 0.0631896 0.0602482 0.00399165 0.0119693 0.00251017 0.00128351
0.409995 0.252996 0.256877 0.249114 0.073658 0.085334 0.061982 0.0593409 0.0038813 0.011676 0.00244921 0.00126151
0.413385 0.249755 0.253529 0.245981 0.0721729 0.0835617 0.060784 0.0584449 0.003774 0.0113889 0.0023897 0.00123977
0.416776 0.246519 0.250188 0.242849 0.0707034 0.0818111 0.0595957 0.0575599 0.00366964 0.0111077 0.00233159 0.00121829
0.420167 0.243286 0.246855 0.239718 0.0692498 0.0800823 0.0584173 0.0566858 0.00356815 0.0108325 0.00227484 0.00119707
0.423558 0.240059 0.243528 0.236589 0.0678121 0.0783751 0.0572491 0.0558222 0.00346943 0.010563 0.00221942 0.00117611
0.426949 0.236835 0.240209 0.233462 0.0663904 0.0766896 0.0560911 0.054969 0.0033734 0.0102992 0.0021653 0.0011554
0.43034 0.233617 0.236897 0.230337 0.0649847 0.0750257 0.0549437 0.0541259 0.00327997 0.010041 0.00211243 0.00113493
0.43373 0.230404 0.233593 0.227215 0.0635952 0.0733834 0.0538069 0.0532926 0.00318908 0.00978829 0.00206078 0.0011147
0.437121 0.227197 0.230297 0.224096 0.0622218 0.0717627 0.0526809 0.0524691 0.00310064 0.00954092 0.00201032 0.00109472
0.440512 0.223995 0.22701 0.22098 0.0608648 0.0701636 0.051566 0.051655 0.00301458 0.00929881 0.00196102 0.00107497
0.443903 0.220799 0.22373 0.217869 0.0595241 0.0685859 0.0504622 0.0508502 0.00293083 0.00906187 0.00191285 0.00105546
0.447294 0.21761 0.220459 0.214761 0.0581998 0.0670298 0.0493698 0.0500545 0.00284932 0.00882999 0.00186577 0.00103618
0.450685 0.214428 0.217198 0.211658 0.056892 0.0654951 0.0482889 0.0492678 0.00276999 0.0086031 0.00181977 0.00101712
0.454075 0.211252 0.213945 0.208559 0.0556007 0.0639818 0.0472197 0.0484898 0.00269277 0.00838108 0.0017748 0.000998291
0.457466 0.208084 0.210702 0.205467 0.0543261 0.0624899 0.0461622 0.0477204 0.00261761 0.00816385 0.00173085 0.000979685
0.460857 0.204924 0.207469 0.20238 0.0530681 0.0610194 0.0451168 0.0469594 0.00254443 0.00795133 0.00168789 0.000961299
0.464248 0.201772 0.204246 0.199299 0.0518268 0.0595702 0.0440834 0.0462067 0.00247319 0.00774341 0.0016459 0.000943131
0.467639 0.198629 0.201033 0.196225 0.0506023 0.0581423 0.0430622 0.0454622 0.00240384 0.00754002 0.00160484 0.000925179
0.47103 0.195495 0.197831 0.193159 0.0493945 0.0567356 0.0420535 0.0447257 0.0023363 0.00734107 0.0015647 0.000907441
0.47442 0.192371 0.194641 0.1901 0.0482037 0.0553502 0.0410572 0.043997 0.00227054 0.00714648 0.00152546 0.000889916
0.477811 0.189256 0.191463 0.18705 0.0470297 0.0539858 0.0400735 0.0432761 0.00220651 0.00695616 0.00148708 0.0008726
0.481202 0.186152 0.188296 0.184008 0.0458726 0.0526426 0.0391026 0.0425627 0.00214415 0.00677004 0.00144956 0.000855493
0.484593 0.183059 0.185142 0.180975 0.0447325 0.0513205 0.0381444 0.0418569 0.00208342 0.00658803 0.00141287 0.000838592
0.487984 0.179977 0.182001 0.177953 0.0436093 0.0500193 0.0371992 0.0411585 0.00202427 0.00641006 0.00137698 0.000821897
0.491375 0.176907 0.178873 0.17494 0.0425031 0.0487391 0.036267 0.0404674 0.00196666 0.00623604 0.00134189 0.000805405
0.494765 0.173849 0.175759 0.171938 0.0414139 0.0474798 0.035348 0.0397835 0.00191055 0.00606592 0.00130756 0.000789115
0.498156 0.170804 0.17266 0.168948 0.0403417 0.0462413 0.0344421 0.0391066 0.0018559 0.00589961 0.00127399 0.000773026
0.501547 0.167773 0.169575 0.16597 0.0392865 0.0450236 0.0335495 0.0384368 0.00180266 0.00573703 0.00124116 0.000757136
0.504938 0.164755 0.166506 0.163004 0.0382483 0.0438265 0.0326702 0.0377738 0.0017508 0.00557813 0.00120905 0.000741445
0.508329 0.161752 0.163452 0.160051 0.0372272 0.04265 0.0318043 0.0371177 0.00170029 0.00542283 0.00117764 0.00072595
0.51172 0.158763 0.160414 0.157112 0.036223 0.041494 0.0309519 0.0364684 0.00165107 0.00527106 0.00114691 0.000710652
0.51511 0.15579 0.157394 0.154187 0.0352358 0.0403585 0.030113 0.0358257 0.00160313 0.00512275 0.00111686 0.000695548
0.518501 0.152834 0.15439 0.151277 0.0342655 0.0392433 0.0292877 0.0351897 0.00155643 0.00497784 0.00108746 0.000680637
0.521892 0.149893 0.151404 0.148382 0.0333121 0.0381484 0.0284759 0.0345602 0.00151092 0.00483627 0.0010587 0.00066592
0.525283 0.14697 0.148437 0.145504 0.0323757 0.0370736 0.0276777 0.0339372 0.0014666 0.00469796 0.00103057 0.000651394
0.528674 0.144065 0.145488 0.142641 0.0314561 0.0360189 0.0268932 0.0333206 0.00142341 0.00456286 0.00100306 0.000637059
0.532065 0.141177 0.142559 0.139796 0.0305532 0.0349842 0.0261223 0.0327104 0.00138133 0.00443091 0.000976144 0.000622914
0.535455 0.138309 0.139649 0.136968 0.0296672 0.0339692 0.0253651 0.0321065 0.00134034 0.00430205 0.000949818 0.000608958
0.538846 0.13546 0.13676 0.134159 0.0287978 0.032974 0.0246216 0.0315089 0.0013004 0.00417621 0.000924067 0.000595191
0.542237 0.13263 0.133892 0.131369 0.027945 0.0319984 0.0238917 0.0309176 0.0012615 0.00405335 0.000898879 0.000581611
0.545628 0.129822 0.131045 0.128598 0.0271089 0.0310423 0.0231755 0.0303324 0.00122359 0.00393339 0.000874243 0.000568218
0.549019 0.127034 0.128221 0.125847 0.0262892 0.0301055 0.0224729 0.0297534 0.00118666 0.00381629 0.000850147 0.000555012
0.55241 0.124268 0.125419 0.123117 0.0254859 0.0291879 0.0217839 0.0291805 0.00115069 0.00370199 0.00082658 0.00054199
0.5558 0.121524 0.12264 0.120409 0.0246989 0.0282894 0.0211085 0.0286136 0.00111564 0.00359044 0.000803532 0.000529153
0.559191 0.118803 0.119885 0.117722 0.0239282 0.0274098 0.0204466 0.0280529 0.0010815 0.00348158 0.000780992 0.000516501
0.562582 0.116105 0.117154 0.115057 0.0231737 0.026549 0.0197983 0.0274981 0.00104824 0.00337536 0.000758949 0.000504031
0.565973 0.113432 0.114447 0.112416 0.0224351 0.0257069 0.0191634 0.0269494 0.00101584 0.00327173 0.000737394 0.000491744
0.569364 0.110782 0.111766 0.109798 0.0217125 0.0248832 0.0185419 0.0264066 0.000984281 0.00317064 0.000716318 0.00047964
0.572755 0.108158 0.109111 0.107204 0.0210058 0.0240778 0.0179337 0.0258698 0.000953543 0.00307205 0.000695711 0.000467717
0.576146 0.105559 0.106482 0.104635 0.0203147 0.0232906 0.0173389 0.025339 0.000923604 0.00297589 0.000675564 0.000455974
0.579536 0.102986 0.10388 0.102092 0.0196393 0.0225214 0.0167572 0.024814 0.000894446 0.00288212 0.000655868 0.000444412
0.582927 0.10044 0.101306 0.0995737 0.0189793 0.02177 0.0161886 0.024295 0.000866049 0.0027907 0.000636615 0.000433029
0.586318 0.0979206 0.098759 0.0970822 0.0183346 0.0210362 0.015633 0.0237818 0.000838396 0.00270159 0.000617796 0.000421825
0.589709 0.0954292 0.0962407 0.0946178 0.0177051 0.0203199 0.0150904 0.0232745 0.000811468 0.00261472 0.000599403 0.000410799
0.5931 0.092966 0.0937513 0.0921808 0.0170907 0.0196208 0.0145607 0.0227731 0.000785249 0.00253007 0.000581428 0.00039995
0.596491 0.0905314 0.0912912 0.0897717 0.0164912 0.0189388 0.0140436 0.0222775 0.000759721 0.00244758 0.000563864 0.000389279
0.599881 0.0881261 0.088861 0.0873912 0.0159065 0.0182737 0.0135393 0.0217878 0.000734869 0.00236722 0.000546703 0.000378783
0.603272 0.0857503 0.086461 0.0850397 0.0153363 0.0176253 0.0130474 0.021304 0.000710676 0.00228893 0.000529937 0.000368464
0.606663 0.0834048 0.0840919 0.0827176 0.0147807 0.0169933 0.012568 0.0208259 0.000687127 0.00221269 0.00051356 0.000358318
0.610054 0.0810898 0.081754 0.0804256 0.0142392 0.0163777 0.0121008 0.0203537 0.000664208 0.00213844 0.000497564 0.000348347
0.613445 0.0788058 0.0794477 0.0781639 0.013712 0.0157781 0.0116458 0.0198874 0.000641904 0.00206615 0.000481943 0.00033855
0.616836 0.0765533 0.0771735 0.0759331 0.0131986 0.0151944 0.0112028 0.0194268 0.0006202 0.00199578 0.000466689 0.000328925
0.620226 0.0743327 0.0749318 0.0737336 0.0126991 0.0146263 0.0107718 0.0189721 0.000599082 0.00192729 0.000451796 0.000319471
0.623617 0.0721443 0.0727229 0.0715658 0.0122131 0.0140737 0.0103525 0.0185232 0.000578538 0.00186064 0.000437259 0.000310189
0.627008 0.0699887 0.0705473 0.0694302 0.0117405 0.0135363 0.00994475 0.0180801 0.000558554 0.00179579 0.00042307 0.000301077
0.630399 0.0678662 0.0684053 0.0673271 0.0112812 0.0130139 0.00954852 0.0176428 0.000539117 0.00173271 0.000409223 0.000292134
0.63379 0.065777 0.0662973 0.0652568 0.010835 0.0125063 0.00916361 0.0172114 0.000520216 0.00167136 0.000395713 0.00028336
0.637181 0.0637217 0.0642236 0.0632199 0.0104016 0.0120133 0.00878985 0.0167857 0.000501837 0.00161171 0.000382533 0.000274753
0.640571 0.0617004 0.0621844 0.0612165 0.0099808 0.0115345 0.00842709 0.0163659 0.000483969 0.00155371 0.000369678 0.000266313
0.643962 0.0597135 0.0601801 0.0592469 0.00957252 0.0110699 0.00807518 0.0159519 0.000466601 0.00149734 0.000357142 0.000258039
0.647353 0.0577614 0.0582111 0.0573117 0.00917651 0.0106191 0.00773396 0.0155437 0.00044972 0.00144256 0.000344919 0.00024993
0.650744 0.0558442 0.0562775 0.0554109 0.00879256 0.0101819 0.00740323 0.0151413 0.000433317 0.00138933 0.000333005 0.000241984
0.654135 0.0539622 0.0543796 0.0535448 0.00842049 0.00975812 0.00708286 0.0147448 0.000417381 0.00133763 0.000321393 0.000234201
0.657526 0.0521156 0.0525175 0.0517137 0.00806008 0.0093475 0.00677266 0.014354 0.000401901 0.00128742 0.000310079 0.000226581
0.660916 0.0503046 0.0506915 0.0499178 0.00771113 0.0089498 0.00647246 0.0139691 0.000386866 0.00123867 0.000299057 0.00021912
0.664307 0.0485295 0.0489018 0.0481573 0.00737343 0.00856479 0.00618208 0.01359 0.000372267 0.00119135 0.000288322 0.00021182
0.667698 0.0467904 0.0471485 0.0464323 0.00704677 0.0081922 0.00590134 0.0132167 0.000358094 0.00114543 0.000277869 0.000204678
0.671089 0.0450874 0.0454317 0.044743 0.00673095 0.00783183 0.00563007 0.0128492 0.000344338 0.00110088 0.000267693 0.000197693
0.67448 0.0434206 0.0437516 0.0430896 0.00642575 0.00748341 0.00536809 0.0124876 0.000330989 0.00105766 0.00025779 0.000190864
0.677871 0.0417902 0.0421082 0.0414721 0.00613095 0.0071467 0.0051152 0.0121317 0.000318038 0.00101575 0.000248154 0.000184191
0.681261 0.0401961 0.0405016 0.0398907 0.00584635 0.00682148 0.00487123 0.0117816 0.000305476 0.000975126 0.000238781 0.00017767
0.684652 0.0386385 0.0389318 0.0383452 0.00557174 0.00650749 0.00463599 0.0114374 0.000293294 0.00093575 0.000229666 0.000171303
0.688043 0.0371175 0.037399 0.036836 0.0053069 0.00620449 0.0044093 0.0110989 0.000281484 0.000897596 0.000220804 0.000165086
0.691434 0.0356329 0.0359029 0.0353629 0.00505161 0.00591225 0.00419097 0.0107663 0.000270038 0.000860639 0.000212192 0.000159019
0.694825 0.0341847 0.0344437 0.0339258 0.00480567 0.00563052 0.00398082 0.0104394 0.000258947 0.000824851 0.000203824 0.000153101
0.698216 0.032773 0.0330212 0.0325248 0.00456885 0.00535905 0.00377864 0.0101183 0.000248202 0.000790205 0.000195696 0.000147329
0.701606 0.0313976 0.0316354 0.0311598 0.00434095 0.00509763 0.00358428 0.00980291 0.000237797 0.000756675 0.000187804 0.000141703
0.704997 0.0300585 0.0302862 0.0298307 0.00412175 0.00484599 0.00339752 0.00949332 0.000227723 0.000724236 0.000180144 0.00013622
0.708388 0.0287554 0.0289734 0.0285374 0.00391104 0.00460391 0.00321818 0.00918948 0.000217974 0.000692862 0.00017271 0.000130881
0.711779 0.0274883 0.0276969 0.0272798 0.00370862 0.00437115 0.00304609 0.00889138 0.00020854 0.000662528 0.0001655 0.000125682
0.71517 0.026257 0.0264565 0.0260576 0.00351426 0.00414747 0.00288105 0.008599 0.000199416 0.00063321 0.000158508 0.000120623
0.718561 0.0250613 0.0252519 0.0248707 0.00332776 0.00393265 0.00272288 0.00831233 0.000190593 0.000604884 0.000151731 0.000115701
0.721951 0.023901 0.024083 0.0237189 0.00314891 0.00372644 0.00257139 0.00803135 0.000182066 0.000577525 0.000145164 0.000110916
0.725342 0.0227757 0.0229496 0.0226019 0.00297751 0.00352862 0.0024264 0.00775605 0.000173826 0.000551111 0.000138803 0.000106265
0.728733 0.0216853 0.0218512 0.0215195 0.00281334 0.00333896 0.00228772 0.00748642 0.000165868 0.000525619 0.000132646 0.000101748
0.732124 0.0206295 0.0207877 0.0204713 0.0026562 0.00315723 0.00215518 0.00722242 0.000158184 0.000501025 0.000126686 9.73611e-05
0.735515 0.0196079 0.0197586 0.0194571 0.0025059 0.0029832 0.00202859 0.00696404 0.000150768 0.000477308 0.000120921 9.31041e-05
0.738906 0.0186201 0.0187637 0.0184765 0.00236222 0.00281667 0.00190778 0.00671127 0.000143613 0.000454446 0.000115347 8.89748e-05
0.742296 0.0176659 0.0178026 0.0175292 0.00222498 0.0026574 0.00179256 0.00646407 0.000136714 0.000432418 0.00010996 8.49715e-05
0.745687 0.0167448 0.0168748 0.0166147 0.00209397 0.00250517 0.00168277 0.00622242 0.000130064 0.000411201 0.000104755 8.10923e-05
0.749078 0.0158563 0.01598 0.0157327 0.00196901 0.00235978 0.00157823 0.0059863 0.000123656 0.000390776 9.97293e-05 7.73354e-05
0.752469 0.0150002 0.0151177 0.0148827 0.00184989 0.00222101 0.00147877 0.00575567 0.000117485 0.000371122 9.48791e-05 7.36991e-05
0.75586 0.0141759 0.0142874 0.0140643 0.00173644 0.00208866 0.00138422 0.00553052 0.000111545 0.000352218 9.02005e-05 7.01813e-05
0.759251 0.0133829 0.0134887 0.0132771 0.00162846 0.0019625 0.00129441 0.0053108 0.00010583 0.000334045 8.56898e-05 6.67803e-05
0.762641 0.0126208 0.0127211 0.0125204 0.00152577 0.00184235 0.00120918 0.00509649 0.000100334 0.000316583 8.13432e-05 6.34941e-05
0.766032 0.011889 0.011984 0.0117939 0.00142818 0.001728 0.00112837 0.00488755 9.50517e-05 0.000299814 7.71572e-05 6.03208e-05
0.769423 0.011187 0.011277 0.011097 0.00133553 0.00161925 0.00105181 0.00468395 8.99775e-05 0.000283717 7.31281e-05 5.72584e-05
0.772814 0.0105142 0.0105993 0.0104291 0.00124763 0.0015159 0.000979352 0.00448566 8.51059e-05 0.000268275 6.92523e-05 5.43049e-05
0.776205 0.00987014 0.00995057 0.00978971 0.00116431 0.00141778 0.000910839 0.00429262 8.04315e-05 0.00025347 6.55263e-05 5.14585e-05
0.779596 0.00925416 0.00933011 0.00917821 0.0010854 0.00132468 0.000846118 0.00410481 7.59489e-05 0.000239283 6.19466e-05 4.87169e-05
0.782986 0.00866568 0.00873733 0.00859403 0.00101074 0.00123643 0.00078504 0.00392218 7.16529e-05 0.000225696 5.85095e-05 4.60784e-05
0.786377 0.00810409 0.00817162 0.00803655 0.000940155 0.00115285 0.000727462 0.00374469 6.75385e-05 0.000212693 5.52117e-05 4.35407e-05
0.789768 0.00756875 0.00763235 0.00750515 0.000873494 0.00107375 0.000673237 0.0035723 6.36004e-05 0.000200256 5.20496e-05 4.1102e-05
0.793159 0.00705903 0.00711887 0.0069992 0.000810596 0.000998965 0.000622227 0.00340495 5.98338e-05 0.000188369 4.90199e-05 3.876e-05
0.79655 0.00657429 0.00663053 0.00651806 0.00075131 0.000928325 0.000574295 0.0032426 5.62338e-05 0.000177015 4.61192e-05 3.65129e-05
0.799941 0.00611387 0.00616666 0.00606107 0.000695484 0.000861661 0.000529306 0.0030852 5.27954e-05 0.000166177 4.33441e-05 3.43584e-05
0.803332 0.00567709 0.0057266 0.00562758 0.000642972 0.000798812 0.000487131 0.00293271 4.95139e-05 0.000155841 4.06913e-05 3.22945e-05
0.806722 0.00526328 0.00530966 0.00521689 0.000593629 0.000739618 0.00044764 0.00278505 4.63846e-05 0.000145989 3.81574e-05 3.03191e-05
0.810113 0.00487175 0.00491516 0.00482835 0.000547318 0.000683926 0.00041071 0.0026422 4.34029e-05 0.000136608 3.57392e-05 2.84301e-05
0.813504 0.00450183 0.0045424 0.00446127 0.000503901 0.000631582 0.00037622 0.00250408 4.05643e-05 0.000127681 3.34334e-05 2.66254e-05
0.816895 0.00415282 0.00419068 0.00411495 0.000463245 0.000582439 0.000344052 0.00237064 3.78642e-05 0.000119193 3.12368e-05 2.49029e-05
0.820286 0.00382401 0.00385931 0.00378872 0.000425222 0.000536353 0.00031409 0.00224182 3.52982e-05 0.000111131 2.91462e-05 2.32605e-05
0.823677 0.00351473 0.00354759 0.00348187 0.000389705 0.000493185 0.000286225 0.00211756 3.2862e-05 0.00010348 2.71584e-05 2.16961e-05
0.827067 0.00322425 0.00325481 0.0031937 0.000356573 0.000452799 0.000260346 0.00199779 3.05514e-05 9.62263e-05 2.52704e-05 2.02076e-05
0.830458 0.00295189 0.00298025 0.00292353 0.000325706 0.000415062 0.000236351 0.00188247 2.8362e-05 8.93552e-05 2.3479e-05 1.87928e-05
0.833849 0.00269695 0.00272324 0.00267066 0.000296991 0.000379844 0.000214137 0.00177151 2.62898e-05 8.28537e-05 2.17812e-05 1.74497e-05
0.83724 0.00245873 0.00248306 0.0024344 0.000270315 0.000347023 0.000193606 0.00166486 2.43307e-05 7.67083e-05 2.01738e-05 1.61762e-05
0.840631 0.00223654 0.00225902 0.00221406 0.00024557 0.000316476 0.000174664 0.00156244 2.24806e-05 7.09062e-05 1.8654e-05 1.49701e-05
0.844022 0.00202969 0.00205043 0.00200896 0.000222653 0.000288088 0.000157219 0.00146419 2.07357e-05 6.54344e-05 1.72187e-05 1.38294e-05
0.847412 0.00183751 0.0018566 0.00181842 0.000201463 0.000261743 0.000141182 0.00137003 1.9092e-05 6.02805e-05 1.5865e-05 1.2752e-05
0.850803 0.00165932 0.00167686 0.00164177 0.000181901 0.000237333 0.000126469 0.0012799 1.75457e-05 5.54321e-05 1.459e-05 1.17358e-05
0.854194 0.00149445 0.00151054 0.00147835 0.000163875 0.000214752 0.000112997 0.00119371 1.60931e-05 5.08772e-05 1.33909e-05 1.07787e-05
0.857585 0.00134224 0.00135697 0.00132751 0.000147293 0.000193897 0.000100689 0.0011114 1.47304e-05 4.66041e-05 1.22648e-05 9.87876e-06
0.860976 0.00120206 0.00121551 0.0011886 0.000132069 0.00017467 8.9468e-05 0.00103289 1.34542e-05 4.2601e-05 1.12089e-05 9.03385e-06
0.864367 0.00107325 0.00108552 0.00106099 0.000118119 0.000156976 7.92624e-05 0.000958095 1.22607e-05 3.88567e-05 1.02204e-05 8.24197e-06
0.867757 0.000955211 0.000966357 0.000944064 0.000105363 0.000140723 7.00028e-05 0.000886942 1.11466e-05 3.53601e-05 9.29675e-06 7.50111e-06
0.871148 0.000847315 0.000857424 0.000837207 9.37232e-05 0.000125824 6.16228e-05 0.00081935 1.01084e-05 3.21004e-05 8.43515e-06 6.80927e-06
0.874539 0.000748972 0.000758114 0.000739829 8.31264e-05 0.000112193 5.40595e-05 0.000755236 9.14265e-06 2.90669e-05 7.63298e-06 6.16449e-06
0.87793 0.000659597 0.000667843 0.00065135 7.35016e-05 9.97508e-05 4.72524e-05 0.00069452 8.2462e-06 2.62492e-05 6.88765e-06 5.56479e-06
0.881321 0.000578623 0.000586039 0.000571207 6.47815e-05 8.84187e-05 4.11442e-05 0.000637116 7.41576e-06 2.36373e-05 6.19661e-06 5.00826e-06
0.884712 0.000505501 0.000512149 0.000498853 5.69016e-05 7.81227e-05 3.56804e-05 0.000582939 6.64817e-06 2.12211e-05 5.55735e-06 4.49296e-06
0.888102 0.000439696 0.000445636 0.000433755 4.98005e-05 6.87915e-05 3.08094e-05 0.000531904 5.94035e-06 1.89911e-05 4.96738e-06 4.01702e-06
0.891493 0.000380691 0.00038598 0.000375402 4.34198e-05 6.03574e-05 2.64822e-05 0.000483923 5.28925e-06 1.69376e-05 4.4243e-06 3.57857e-06
0.894884 0.000327988 0.00033268 0.000323296 3.7704e-05 5.27556e-05 2.26524e-05 0.000438909 4.69193e-06 1.50516e-05 3.92572e-06 3.17576e-06
0.898275 0.000281106 0.000285251 0.00027696 3.26005e-05 4.59245e-05 1.92765e-05 0.000396772 4.14547e-06 1.3324e-05 3.46931e-06 2.80679e-06
0.901666 0.000239585 0.000243232 0.000235938 2.80594e-05 3.98055e-05 1.63133e-05 0.000357422 3.64707e-06 1.17461e-05 3.05277e-06 2.46987e-06
0.905057 0.000202983 0.000206177 0.000199789 2.40336e-05 3.43429e-05 1.37242e-05 0.000320768 3.19395e-06 1.03093e-05 2.67388e-06 2.16324e-06
0.908447 0.000170879 0.000173663 0.000168096 2.04785e-05 2.94839e-05 1.14731e-05 0.000286718 2.78344e-06 9.00537e-06 2.33044e-06 1.88519e-06
0.911838 0.00014287 0.000145283 0.000140457 1.73523e-05 2.51784e-05 9.52616e-06 0.00025518 2.4129e-06 7.82614e-06 2.02031e-06 1.63404e-06
0.915229 0.000118575 0.000120654 0.000116495 1.46156e-05 2.13794e-05 7.85175e-06 0.00022606 2.0798e-06 6.76381e-06 1.74141e-06 1.40811e-06
0.91862 9.76316e-05 9.94133e-05 9.58499e-05 1.22313e-05 1.80421e-05 6.42058e-06 0.000199265 1.78166e-06 5.81074e-06 1.49169e-06 1.20579e-06
0.922011 7.97001e-05 8.12161e-05 7.8184e-05 1.0165e-05 1.51245e-05 5.20545e-06 0.000174699 1.51605e-06 4.95954e-06 1.26918e-06 1.02551e-06
0.925402 6.44596e-05 6.57402e-05 6.31789e-05 8.38428e-06 1.25873e-05 4.18123e-06 0.000152268 1.28066e-06 4.20305e-06 1.07194e-06 8.6572e-07
0.928792 5.16099e-05 5.26831e-05 5.05367e-05 6.85911e-06 1.03934e-05 3.32478e-06 0.000131875 1.07322e-06 3.53433e-06 8.9811e-07 7.24912e-07
0.932183 4.08715e-05 4.1763e-05 3.99799e-05 5.56154e-06 8.50821e-06 2.61487e-06 0.000113425 8.91535e-07 2.94667e-06 7.45863e-07 6.01627e-07
0.935574 3.19844e-05 3.27179e-05 3.12509e-05 4.4657e-06 6.89929e-06 2.03211e-06 9.6821e-05 7.33498e-07 2.43359e-06 6.13442e-07 4.94445e-07
0.938965 2.47089e-05 2.5306e-05 2.41118e-05 3.54771e-06 5.53656e-06 1.55886e-06 8.19659e-05 5.97067e-07 1.98885e-06 4.9915e-07 4.01994e-07
0.942356 1.88245e-05 1.93048e-05 1.83443e-05 2.78561e-06 4.39204e-06 1.17917e-06 6.87627e-05 4.80283e-07 1.60644e-06 4.01348e-07 3.22943e-07
0.945747 1.41302e-05 1.45114e-05 1.37489e-05 2.15926e-06 3.43983e-06 8.78693e-07 5.71145e-05 3.81261e-07 1.28057e-06 3.18458e-07 2.56012e-07
0.949137 1.04432e-05 1.07414e-05 1.0145e-05 1.65031e-06 2.65602e-06 6.44601e-07 4.69243e-05 2.98195e-07 1.00571e-06 2.48969e-07 1.99968e-07
0.952528 7.59956e-06 7.82892e-06 7.3702e-06 1.24206e-06 2.01861e-06 4.65512e-07 3.80952e-05 2.29363e-07 7.76548e-07 1.9143e-07 1.53632e-07
0.955919 5.45259e-06 5.62571e-06 5.27948e-06 9.19437e-07 1.50746e-06 3.31412e-07 3.05311e-05 1.73119e-07 5.88025e-07 1.44461e-07 1.15874e-07
0.95931 3.87296e-06 4.00086e-06 3.74506e-06 6.689e-07 1.10422e-06 2.33578e-07 2.41364e-05 1.27905e-07 4.35323e-07 1.06748e-07 8.56214e-08
0.962701 2.74786e-06 2.84011e-06 2.65562e-06 4.78375e-07 7.92244e-07 1.64505e-07 1.88169e-05 9.2245e-08 3.13869e-07 7.7048e-08 6.18557e-08
0.966092 1.98051e-06 2.04526e-06 1.91576e-06 3.37182e-07 5.56529e-07 1.17835e-07 1.44803e-05 6.47515e-08 2.19347e-07 5.41889e-08 4.36181e-08
0.969482 1.48967e-06 1.5338e-06 1.44555e-06 2.35993e-07 3.83687e-07 8.82984e-08 1.10374e-05 4.41246e-08 1.47694e-07 3.70737e-08 3.00095e-08
0.972873 1.2095e-06 1.23866e-06 1.18035e-06 1.66786e-07 2.619e-07 7.16722e-08 8.40435e-06 2.91555e-08 9.51139e-08 2.46812e-08 2.01935e-08
0.976264 1.09008e-06 1.10881e-06 1.07136e-06 1.22869e-07 1.80948e-07 6.47896e-08 6.50714e-06 1.87282e-08 5.80789e-08 1.60684e-08 1.33976e-08
0.979655 1.1e-06 1.11182e-06 1.08818e-06 9.90117e-08 1.32354e-07 6.56694e-08 5.2917e-06 1.18215e-08 3.33423e-08 1.0372e-08 8.91497e-09
0.983046 1.23535e-06 1.24286e-06 1.22784e-06 9.19878e-08 1.09934e-07 7.40416e-08 4.75219e-06 7.50828e-09 1.79462e-08 6.80782e-09 6.10286e-09
0.986437 1.55642e-06 1.56137e-06 1.55148e-06 1.02771e-07 1.12002e-07 9.35405e-08 5.03138e-06 4.94698e-09 9.23059e-09 4.66059e-09 4.37201e-09
0.989827 2.44042e-06 2.44374e-06 2.4371e-06 1.51756e-07 1.56579e-07 1.46933e-07 6.99465e-06 3.32063e-09 4.82314e-09 3.22059e-09 3.11964e-09
0.993218 1.17065e-05 1.17069e-05 1.17062e-05 7.08808e-07 7.11848e-07 7.05767e-07 4.1048e-05 3.58029e-10 3.04071e-09 1.79903e-10 0
4.01075e-314 inf inf inf inf inf inf 0.000146302 10.2268 0.39356 0.244182 0.151277
