9.72476e-05 29.7969 30.9057 28.688 18.0394 18.8546 17.2243 32.6632 1.10883 0.815142 0.490469 0.480643
0.0001 29.5969 30.6996 28.4941 17.916 18.7263 17.1057 32.3472 1.10276 0.810295 0.486556 0.476625
0.00010283 29.3994 30.4961 28.3027 17.7941 18.5996 16.9886 32.0337 1.09672 0.805478 0.482673 0.472634
0.000105741 29.2086 30.2993 28.1178 17.6764 18.477 16.8757 31.7228 1.09072 0.80069 0.478817 0.468671
0.000108734 29.0079 30.0927 27.9232 17.5525 18.3485 16.7566 31.4144 1.08475 0.795931 0.474991 0.464735
0.000111811 28.8085 29.8873 27.7297 17.4294 18.2206 16.6382 31.1085 1.07881 0.791202 0.471193 0.460828
0.000114976 28.6101 29.683 27.5372 17.307 18.0935 16.5205 30.8051 1.0729 0.786501 0.467423 0.456946
0.00011823 28.4129 29.4799 27.3459 17.1853 17.9671 16.4035 30.5041 1.06702 0.781829 0.463681 0.453092
0.000121576 28.2168 29.2779 27.1556 17.0643 17.8415 16.2871 30.2055 1.06118 0.777185 0.459967 0.449265
0.000125017 28.0217 29.0771 26.9664 16.944 17.7165 16.1714 29.9094 1.05537 0.77257 0.456282 0.445465
0.000128556 27.8278 28.8774 26.7782 16.8243 17.5923 16.0563 29.6157 1.04959 0.767983 0.452623 0.44169
0.000132194 27.635 28.6788 26.5912 16.7054 17.4688 15.942 29.3244 1.04384 0.763424 0.448993 0.437943
0.000135936 27.4433 28.4814 26.4051 16.5872 17.346 15.8283 29.0354 1.03812 0.758893 0.445389 0.434222
0.000139783 27.2526 28.285 26.2202 16.4696 17.224 15.7152 28.7489 1.03243 0.754389 0.441813 0.430526
0.000143739 27.0631 28.0898 26.0363 16.3527 17.1026 15.6028 28.4646 1.02678 0.749913 0.438264 0.426857
0.000147808 26.8746 27.8957 25.8534 16.2365 16.982 15.491 28.1827 1.02115 0.745464 0.434742 0.423213
0.000151991 26.6871 27.7027 25.6716 16.121 16.862 15.3799 27.9031 1.01555 0.741043 0.431246 0.419595
0.000156293 26.5008 27.5108 25.4908 16.0061 16.7427 15.2695 27.6257 1.00999 0.736648 0.427778 0.416002
0.000160717 26.3155 27.3199 25.311 15.8919 16.6242 15.1596 27.3507 1.00445 0.73228 0.424335 0.412435
0.000165265 26.1312 27.1301 25.1322 15.7784 16.5063 15.0504 27.0779 0.998945 0.727939 0.420919 0.408893
0.000169943 25.948 26.9415 24.9546 15.6655 16.3891 14.9419 26.8074 0.993468 0.723625 0.41753 0.405376
0.000174753 25.7659 26.7539 24.7778 15.5533 16.2726 14.8339 26.5391 0.98802 0.719337 0.414166 0.401883
0.000179699 25.5847 26.5673 24.6021 15.4417 16.1568 14.7266 26.273 0.982601 0.715074 0.410828 0.398415
0.000184785 25.4047 26.3819 24.4275 15.3308 16.0417 14.62 26.0091 0.97721 0.710838 0.407517 0.394972
0.000190015 25.2256 26.1975 24.2538 15.2205 15.9272 14.5139 25.7474 0.971848 0.706628 0.40423 0.391553
0.000195393 25.0476 26.0141 24.0811 15.1109 15.8134 14.4085 25.4879 0.966515 0.702443 0.400969 0.388158
0.000200923 24.8706 25.8318 23.9094 15.002 15.7002 14.3037 25.2305 0.96121 0.698284 0.397734 0.384788
0.00020661 24.6946 25.6505 23.7387 14.8936 15.5878 14.1995 24.9752 0.955932 0.694151 0.394524 0.381441
0.000212458 24.5196 25.4703 23.5689 14.7859 15.476 14.0959 24.7221 0.950683 0.690042 0.391338 0.378118
0.000218471 24.3457 25.2911 23.4002 14.6789 15.3648 13.9929 24.4711 0.945461 0.685959 0.388178 0.374819
0.000224655 24.1727 25.113 23.2324 14.5724 15.2543 13.8905 24.2222 0.940266 0.681901 0.385043 0.371544
0.000231013 24.0007 24.9358 23.0656 14.4666 15.1445 13.7888 23.9753 0.935099 0.677867 0.381932 0.368291
0.000237551 23.8298 24.7597 22.8998 14.3614 15.0353 13.6876 23.7306 0.929958 0.673858 0.378846 0.365062
0.000244275 23.6597 24.5846 22.7349 14.2569 14.9267 13.587 23.4878 0.924844 0.669873 0.375784 0.361856
0.000251189 23.4907 24.4105 22.571 14.1529 14.8188 13.487 23.2471 0.919757 0.665912 0.372747 0.358673
0.000258298 23.3227 24.2374 22.408 14.0496 14.7116 13.3876 23.0085 0.914696 0.661976 0.369734 0.355513
0.000265609 23.1557 24.0653 22.246 13.9469 14.6049 13.2888 22.7718 0.909662 0.658063 0.366745 0.352375
0.000273126 22.9895 23.8942 22.0849 13.8448 14.4989 13.1906 22.5372 0.904653 0.654175 0.363779 0.34926
0.000280857 22.8244 23.7241 21.9248 13.7433 14.3936 13.093 22.3044 0.89967 0.65031 0.360838 0.346168
0.000288806 22.6603 23.555 21.7656 13.6424 14.2888 12.9959 22.0737 0.894712 0.646468 0.35792 0.343097
0.00029698 22.497 23.3868 21.6073 13.5421 14.1847 12.8994 21.845 0.88978 0.64265 0.355025 0.340049
0.000305386 22.3348 23.2197 21.4499 13.4424 14.0812 12.8035 21.6181 0.884873 0.638855 0.352155 0.337023
0.000314029 22.1735 23.0535 21.2935 13.3433 13.9783 12.7082 21.3932 0.879991 0.635083 0.349307 0.334018
0.000322917 22.0131 22.8882 21.138 13.2447 13.8761 12.6134 21.1702 0.875134 0.631334 0.346482 0.331035
0.000332057 21.8536 22.7239 20.9833 13.1468 13.7744 12.5192 20.9491 0.870301 0.627607 0.34368 0.328074
0.000341455 21.6951 22.5606 20.8297 13.0495 13.6734 12.4256 20.7299 0.865492 0.623904 0.340902 0.325134
0.000351119 21.5376 22.3983 20.6769 12.9527 13.5729 12.3325 20.5125 0.860708 0.620222 0.338145 0.322216
0.000361057 21.3809 22.2368 20.525 12.8565 13.4731 12.24 20.297 0.855947 0.616563 0.335412 0.319318
0.000371276 21.2252 22.0764 20.374 12.7609 13.3739 12.148 20.0833 0.85121 0.612926 0.332701 0.316442
0.000381784 21.0703 21.9168 20.2238 12.6659 13.2752 12.0566 19.8715 0.846497 0.609311 0.330013 0.313587
0.00039259 20.9164 21.7582 20.0746 12.5715 13.1772 11.9657 19.6615 0.841807 0.605718 0.327346 0.310752
0.000403702 20.7634 21.6005 19.9263 12.4776 13.0797 11.8754 19.4533 0.83714 0.602146 0.324702 0.307938
0.000415128 20.6113 21.4438 19.7788 12.3843 12.9829 11.7857 19.2468 0.832496 0.598596 0.32208 0.305145
0.000426877 20.4601 21.288 19.6322 12.2915 12.8866 11.6964 19.0422 0.827874 0.595068 0.319479 0.302372
0.000438959 20.3098 21.133 19.4865 12.1993 12.7909 11.6078 18.8393 0.823275 0.59156 0.316901 0.29962
0.000451383 20.1603 20.979 19.3416 12.1077 12.6957 11.5196 18.6382 0.818698 0.588074 0.314344 0.296887
0.000464159 20.0118 20.8259 19.1976 12.0166 12.6012 11.432 18.4388 0.814144 0.584608 0.311808 0.294175
0.000477296 19.8641 20.6737 19.0545 11.9261 12.5072 11.3449 18.2411 0.809611 0.581164 0.309294 0.291482
0.000490805 19.7173 20.5224 18.9122 11.8361 12.4138 11.2583 18.0452 0.805099 0.57774 0.306801 0.288809
0.000504697 19.5714 20.372 18.7708 11.7467 12.321 11.1723 17.8509 0.80061 0.574336 0.30433 0.286156
0.000518981 19.4263 20.2225 18.6302 11.6578 12.2287 11.0868 17.6584 0.796141 0.570953 0.301879 0.283522
0.00053367 19.2821 20.0738 18.4904 11.5694 12.137 11.0018 17.4675 0.791693 0.56759 0.299449 0.280908
0.000548775 19.1388 19.9261 18.3515 11.4816 12.0459 10.9174 17.2783 0.787266 0.564247 0.29704 0.278313
0.000564307 18.9963 19.7792 18.2135 11.3943 11.9553 10.8334 17.0907 0.78286 0.560924 0.294652 0.275738
0.000580278 18.8547 19.6332 18.0762 11.3076 11.8652 10.75 16.9048 0.778474 0.557621 0.292284 0.273181
0.000596702 18.7139 19.488 17.9398 11.2214 11.7757 10.6671 16.7205 0.774108 0.554338 0.289937 0.270643
0.000613591 18.5739 19.3437 17.8042 11.1357 11.6868 10.5847 16.5379 0.769762 0.551073 0.28761 0.268124
0.000630957 18.4348 19.2003 17.6694 11.0506 11.5984 10.5027 16.3568 0.765435 0.547828 0.285303 0.265624
0.000648815 18.2966 19.0577 17.5354 10.9659 11.5105 10.4213 16.1773 0.761129 0.544603 0.283017 0.263142
0.000667179 18.1591 18.9159 17.4023 10.8818 11.4232 10.3404 15.9994 0.756841 0.541396 0.28075 0.260679
0.000686062 18.0225 18.775 17.2699 10.7982 11.3364 10.26 15.8231 0.752573 0.538208 0.278503 0.258234
0.00070548 17.8867 18.635 17.1383 10.7152 11.2502 10.1801 15.6484 0.748323 0.535039 0.276276 0.255807
0.000725448 17.7517 18.4958 17.0076 10.6326 11.1645 10.1007 15.4752 0.744092 0.531889 0.274068 0.253399
0.00074598 17.6175 18.3574 16.8776 10.5505 11.0793 10.0218 15.3035 0.739879 0.528757 0.27188 0.251008
0.000767094 17.4841 18.2198 16.7484 10.469 10.9946 9.94335 15.1333 0.735684 0.525643 0.269711 0.248636
0.000788805 17.3516 18.0831 16.6201 10.388 10.9105 9.86541 14.9647 0.731508 0.522548 0.267561 0.246281
0.000811131 17.2198 17.9471 16.4924 10.3074 10.8269 9.78794 14.7976 0.727349 0.51947 0.265431 0.243943
0.000834088 17.0888 17.812 16.3656 10.2274 10.7438 9.71096 14.6319 0.723207 0.516411 0.26332 0.241624
0.000857696 16.9587 17.6777 16.2396 10.1478 10.6612 9.63446 14.4678 0.719083 0.513369 0.261227 0.239321
0.000881971 16.8293 17.5442 16.1143 10.0688 10.5791 9.55844 14.3051 0.714976 0.510345 0.259153 0.237036
0.000906934 16.7007 17.4115 15.9898 9.99022 10.4976 9.48288 14.1439 0.710885 0.507338 0.257098 0.234768
0.000932603 16.5728 17.2797 15.866 9.91216 10.4165 9.40781 13.9841 0.706811 0.504348 0.255061 0.232518
0.000958999 16.4458 17.1485 15.743 9.83457 10.3359 9.33319 13.8258 0.702754 0.501376 0.253043 0.230284
0.000986142 16.3195 17.0182 15.6208 9.75748 10.2559 9.25906 13.6688 0.698712 0.49842 0.251043 0.228067
0.00101405 16.194 16.8887 15.4993 9.68086 10.1763 9.18538 13.5133 0.694687 0.495482 0.249061 0.225867
0.00104275 16.0693 16.7599 15.3786 9.60472 10.0973 9.11216 13.3593 0.690677 0.49256 0.247097 0.223683
0.00107227 15.9453 16.632 15.2586 9.52907 10.0187 9.03941 13.2066 0.686682 0.489655 0.245152 0.221517
0.00110262 15.8221 16.5048 15.1393 9.45388 9.94064 8.96711 13.0553 0.682703 0.486766 0.243224 0.219366
0.00113382 15.6996 16.3783 15.0208 9.37916 9.86306 8.89527 12.9053 0.678738 0.483893 0.241313 0.217232
0.00116591 15.5778 16.2526 14.9031 9.30492 9.78595 8.82388 12.7568 0.674788 0.481037 0.23942 0.215114
0.00119891 15.4569 16.1277 14.786 9.23114 9.70933 8.75294 12.6096 0.670853 0.478196 0.237545 0.213012
0.00123285 15.3366 16.0036 14.6697 9.15782 9.63319 8.68245 12.4637 0.666932 0.475371 0.235687 0.210926
0.00126774 15.2171 15.8802 14.5541 9.08497 9.55753 8.61241 12.3192 0.663025 0.472563 0.233846 0.208856
0.00130362 15.0984 15.7575 14.4392 9.01258 9.48235 8.54281 12.176 0.659131 0.469769 0.232022 0.206802
0.00134052 14.9803 15.6356 14.3251 8.94064 9.40763 8.47365 12.0341 0.655251 0.466991 0.230215 0.204764
0.00137846 14.863 15.5144 14.2116 8.86916 9.33339 8.40493 11.8935 0.651384 0.464228 0.228425 0.202741
0.00141747 14.7464 15.3939 14.0989 8.79813 9.25961 8.33665 11.7542 0.64753 0.461481 0.226652 0.200733
0.00145759 14.6305 15.2742 13.9869 8.72754 9.18629 8.2688 11.6162 0.643689 0.458748 0.224895 0.198741
0.00149885 14.5154 15.1552 13.8755 8.65741 9.11344 8.20138 11.4795 0.63986 0.45603 0.223155 0.196765
0.00154127 14.4009 15.037 13.7649 8.58772 9.04104 8.13439 11.344 0.636043 0.453326 0.221431 0.194803
0.00158489 14.2872 14.9194 13.655 8.51847 8.9691 8.06783 11.2098 0.632239 0.450638 0.219723 0.192857
0.00162975 14.1742 14.8026 13.5457 8.44966 8.89762 8.0017 11.0769 0.628446 0.447963 0.218031 0.190925
0.00167588 14.0618 14.6865 13.4372 8.38129 8.82659 7.93599 10.9451 0.624664 0.445303 0.216355 0.189009
0.00172331 13.9502 14.5711 13.3293 8.31335 8.75601 7.87069 10.8147 0.620894 0.442657 0.214695 0.187107
0.00177209 13.8392 14.4564 13.2221 8.24585 8.68587 7.80582 10.6854 0.617134 0.440024 0.21305 0.18522
0.00182224 13.729 14.3423 13.1156 8.17877 8.61618 7.74136 10.5573 0.613385 0.437406 0.211421 0.183347
0.00187382 13.6194 14.229 13.0097 8.11212 8.54692 7.67732 10.4305 0.609647 0.434801 0.209807 0.181489
0.00192685 13.5105 14.1164 12.9046 8.0459 8.47811 7.61369 10.3048 0.605918 0.432209 0.208209 0.179645
0.00198139 13.4023 14.0045 12.8001 7.9801 8.40973 7.55046 10.1804 0.6022 0.429631 0.206625 0.177816
0.00203747 13.2947 13.8932 12.6962 7.91471 8.34178 7.48765 10.0571 0.598491 0.427066 0.205057 0.176001
0.00209514 13.1878 13.7826 12.593 7.84975 8.27427 7.42524 9.93492 0.594791 0.424514 0.203503 0.1742
0.00215443 13.0816 13.6727 12.4905 7.7852 8.20718 7.36323 9.81394 0.5911 0.421974 0.201964 0.172412
0.00221541 12.9761 13.5635 12.3887 7.72107 8.14051 7.30162 9.69411 0.587418 0.419448 0.20044 0.170639
0.00227812 12.8712 13.4549 12.2874 7.65734 8.07427 7.24041 9.57542 0.583745 0.416934 0.19893 0.16888
0.00234259 12.7669 13.347 12.1869 7.59402 8.00845 7.17959 9.45786 0.58008 0.414432 0.197434 0.167134
0.0024089 12.6634 13.2398 12.0869 7.53111 7.94305 7.11917 9.34142 0.576422 0.411942 0.195952 0.165402
0.00247708 12.5604 13.1332 11.9877 7.4686 7.87807 7.05914 9.22609 0.572773 0.409465 0.194484 0.163683
0.00254719 12.4581 13.0273 11.889 7.40649 7.81349 6.99949 9.11188 0.56913 0.406999 0.19303 0.161978
0.00261928 12.3565 12.922 11.791 7.34478 7.74933 6.94024 8.99875 0.565495 0.404545 0.19159 0.160286
0.00269341 12.2555 12.8173 11.6936 7.28347 7.68557 6.88137 8.88672 0.561867 0.402103 0.190163 0.158607
0.00276965 12.1551 12.7133 11.5968 7.22254 7.62222 6.82287 8.77577 0.558245 0.399672 0.188749 0.156941
0.00284804 12.0553 12.61 11.5007 7.16202 7.55927 6.76476 8.66588 0.554629 0.397252 0.187349 0.155289
0.00292864 11.9562 12.5072 11.4052 7.10187 7.49672 6.70703 8.55706 0.551019 0.394843 0.185961 0.153649
0.00301153 11.8577 12.4051 11.3103 7.04212 7.43456 6.64967 8.4493 0.547415 0.392445 0.184587 0.152022
0.00309677 11.7598 12.3036 11.216 6.98274 7.3728 6.59269 8.34258 0.543817 0.390058 0.183225 0.150408
0.00318442 11.6626 12.2028 11.1223 6.92376 7.31144 6.53607 8.2369 0.540223 0.387682 0.181875 0.148807
0.00327455 11.5659 12.1025 11.0293 6.86514 7.25046 6.47983 8.13226 0.536634 0.385316 0.180538 0.147218
0.00336723 11.4699 12.0029 10.9368 6.80691 7.18987 6.42395 8.02864 0.53305 0.38296 0.179213 0.145642
0.00346253 11.3744 11.9039 10.8449 6.74904 7.12966 6.36843 7.92603 0.52947 0.380614 0.1779 0.144078
0.00356053 11.2796 11.8055 10.7537 6.69155 7.06983 6.31327 7.82443 0.525894 0.378278 0.176599 0.142527
0.00366131 11.1853 11.7076 10.663 6.63443 7.01038 6.25847 7.72383 0.522321 0.375952 0.175309 0.140987
0.00376494 11.0917 11.6104 10.5729 6.57767 6.95131 6.20404 7.62422 0.518752 0.373635 0.174031 0.13946
0.0038715 10.9986 11.5138 10.4834 6.52128 6.89261 6.14995 7.5256 0.515185 0.371328 0.172764 0.137945
0.00398107 10.9061 11.4178 10.3945 6.46525 6.83428 6.09622 7.42796 0.511622 0.36903 0.171508 0.136442
0.00409375 10.8143 11.3223 10.3062 6.40958 6.77632 6.04283 7.33128 0.508061 0.366741 0.170263 0.13495
0.00420962 10.7229 11.2274 10.2184 6.35426 6.71872 5.9898 7.23556 0.504502 0.364461 0.169029 0.133471
0.00432876 10.6322 11.1332 10.1313 6.2993 6.66149 5.93711 7.1408 0.500945 0.36219 0.167806 0.132003
0.00445128 10.5421 11.0394 10.0447 6.24469 6.60462 5.88477 7.04699 0.49739 0.359927 0.166592 0.130547
0.00457727 10.4525 10.9463 9.95863 6.19043 6.5481 5.83276 6.95412 0.493835 0.357672 0.165389 0.129102
0.00470682 10.3634 10.8537 9.87316 6.13652 6.49194 5.78109 6.86217 0.490282 0.355426 0.164195 0.127668
0.00484003 10.275 10.7617 9.78825 6.08295 6.43614 5.72976 6.77115 0.48673 0.353188 0.163012 0.126246
0.00497702 10.1871 10.6703 9.7039 6.02972 6.38067 5.67876 6.68106 0.483177 0.350957 0.161838 0.124835
0.00511789 10.0997 10.5794 9.6201 5.97683 6.32556 5.6281 6.59186 0.479625 0.348734 0.160673 0.123436
0.00526274 10.0129 10.489 9.53686 5.92428 6.2708 5.57776 6.50358 0.476073 0.346518 0.159517 0.122047
0.0054117 9.92668 10.3992 9.45416 5.87206 6.21637 5.52775 6.41619 0.472521 0.34431 0.15837 0.12067
0.00556486 9.84098 10.3099 9.37201 5.82017 6.16228 5.47806 6.32968 0.468967 0.342109 0.157231 0.119303
0.00572237 9.75581 10.2212 9.2904 5.76861 6.10853 5.4287 6.24407 0.465413 0.339914 0.156101 0.117947
0.00588433 9.67119 10.133 9.20933 5.71738 6.05511 5.37965 6.15932 0.461857 0.337726 0.15498 0.116602
0.00605088 9.5871 10.0454 9.1288 5.66647 6.00202 5.33093 6.07544 0.458299 0.335545 0.153866 0.115267
0.00622213 9.50354 9.95828 9.0488 5.61588 5.94925 5.28251 5.99243 0.45474 0.33337 0.15276 0.113943
0.00639824 9.4205 9.87168 8.96933 5.56561 5.89682 5.23441 5.91027 0.451179 0.331201 0.151661 0.11263
0.00657933 9.338 9.78561 8.89038 5.51566 5.8447 5.18662 5.82896 0.447615 0.329038 0.15057 0.111327
0.00676555 9.25601 9.70005 8.81196 5.46602 5.7929 5.13914 5.74848 0.444048 0.326881 0.149486 0.110034
0.00695704 9.17453 9.61501 8.73406 5.41669 5.74142 5.09196 5.66884 0.440478 0.324729 0.148408 0.108752
0.00715394 9.09357 9.53048 8.65667 5.36767 5.69025 5.04509 5.59003 0.436905 0.322582 0.147337 0.107479
0.00735642 9.01312 9.44645 8.57979 5.31895 5.63939 4.99851 5.51205 0.433329 0.320441 0.146273 0.106217
0.00756463 8.93318 9.36293 8.50343 5.27054 5.58884 4.95224 5.43487 0.429749 0.318304 0.145214 0.104965
0.00777874 8.85374 9.2799 8.42757 5.22243 5.5386 4.90625 5.3585 0.426165 0.316173 0.144161 0.103722
0.0079989 8.77479 9.19737 8.35221 5.17461 5.48865 4.86056 5.28294 0.422577 0.314045 0.143114 0.10249
0.0082253 8.69634 9.11533 8.27736 5.12709 5.43901 4.81516 5.20817 0.418984 0.311922 0.142072 0.101267
0.0084581 8.61839 9.03377 8.203 5.07986 5.38966 4.77005 5.13418 0.415387 0.309803 0.141035 0.100054
0.00869749 8.54092 8.9527 8.12914 5.03291 5.3406 4.72523 5.06098 0.411784 0.307688 0.140003 0.0988504
0.00894366 8.46394 8.87211 8.05576 4.98626 5.29184 4.68068 4.98856 0.408177 0.305577 0.138975 0.0976563
0.00919679 8.38744 8.792 7.98287 4.93989 5.24336 4.63642 4.9169 0.404564 0.303469 0.137951 0.0964717
0.00945709 8.31141 8.71235 7.91046 4.89379 5.19516 4.59243 4.84601 0.400945 0.301365 0.136931 0.0952964
0.00972476 8.23586 8.63318 7.83854 4.84798 5.14724 4.54872 4.77588 0.397321 0.299263 0.135915 0.0941304
0.01 8.16078 8.55447 7.76709 4.80244 5.0996 4.50528 4.70649 0.393691 0.297165 0.134903 0.0929736
0.010283 8.08616 8.47622 7.69611 4.75717 5.05224 4.4621 4.63785 0.390054 0.295068 0.133893 0.0918259
0.0105741 8.01201 8.39843 7.6256 4.71218 5.00515 4.4192 4.56995 0.386412 0.292975 0.132887 0.0906872
0.0108734 7.93833 8.32109 7.55556 4.66744 4.95833 4.37656 4.50278 0.382763 0.290883 0.131883 0.0895576
0.0111811 7.86509 8.2442 7.48598 4.62297 4.91177 4.33418 4.43634 0.379107 0.288794 0.130881 0.0884367
0.0114976 7.79231 8.16776 7.41687 4.57877 4.86547 4.29206 4.37061 0.375444 0.286706 0.129881 0.0873248
0.011823 7.71998 8.09175 7.3482 4.53482 4.81944 4.2502 4.3056 0.371775 0.28462 0.128883 0.0862215
0.0121576 7.64809 8.01619 7.27999 4.49112 4.77366 4.20858 4.2413 0.368099 0.282536 0.127886 0.0851269
0.0125017 7.57664 7.94106 7.21223 4.44768 4.72813 4.16722 4.17771 0.364415 0.280452 0.126891 0.0840409
0.0128556 7.50564 7.86636 7.14491 4.40448 4.68285 4.12611 4.1148 0.360724 0.278369 0.125896 0.0829635
0.0132194 7.43506 7.79209 7.07804 4.36153 4.63782 4.08524 4.05259 0.357026 0.276287 0.124902 0.0818944
0.0135936 7.36492 7.71824 7.0116 4.31882 4.59303 4.04462 3.99107 0.353321 0.274206 0.123908 0.0808337
0.0139783 7.29521 7.64481 6.9456 4.27635 4.54848 4.00423 3.93022 0.349608 0.272124 0.122914 0.0797813
0.0143739 7.22591 7.5718 6.88003 4.23412 4.50416 3.96408 3.87005 0.345888 0.270043 0.12192 0.0787372
0.0147808 7.15705 7.49921 6.81489 4.19212 4.46008 3.92416 3.81054 0.34216 0.267962 0.120926 0.0777012
0.0151991 7.08859 7.42701 6.75016 4.15035 4.41623 3.88447 3.75169 0.338425 0.26588 0.11993 0.0766733
0.0156293 7.02054 7.35523 6.68586 4.10881 4.3726 3.84501 3.6935 0.334682 0.263797 0.118934 0.0756533
0.0160717 6.95291 7.28384 6.62198 4.06749 4.3292 3.80577 3.63597 0.330932 0.261714 0.117936 0.0746414
0.0165265 6.88568 7.21285 6.55851 4.02639 4.28602 3.76676 3.57907 0.327174 0.25963 0.116936 0.0736373
0.0169943 6.81885 7.14226 6.49544 3.98551 4.24305 3.72796 3.52282 0.32341 0.257544 0.115935 0.072641
0.0174753 6.75242 7.07206 6.43278 3.94484 4.20029 3.68938 3.4672 0.319638 0.255457 0.114931 0.0716525
0.0179699 6.68638 7.00224 6.37052 3.90438 4.15775 3.65101 3.4122 0.315858 0.253368 0.113925 0.0706716
0.0184785 6.62073 6.93281 6.30866 3.86413 4.11541 3.61285 3.35783 0.312072 0.251277 0.112916 0.0696983
0.0190015 6.55548 6.86375 6.2472 3.82408 4.07327 3.5749 3.30408 0.308279 0.249184 0.111904 0.0687326
0.0195393 6.4906 6.79508 6.18612 3.78424 4.03133 3.53715 3.25093 0.304479 0.247088 0.110889 0.0677744
0.0200923 6.42609 6.72677 6.12542 3.74459 3.98958 3.4996 3.1984 0.300673 0.244991 0.10987 0.0668235
0.020661 6.36197 6.65883 6.06511 3.70513 3.94802 3.46224 3.14646 0.29686 0.24289 0.108848 0.0658801
0.0212458 6.29821 6.59126 6.00517 3.66587 3.90665 3.42508 3.09512 0.293042 0.240786 0.107821 0.0649439
0.0218471 6.23483 6.52404 5.94561 3.62679 3.86547 3.38811 3.04437 0.289217 0.238679 0.106791 0.0640149
0.0224655 6.1718 6.45719 5.88641 3.5879 3.82446 3.35133 2.9942 0.285387 0.236568 0.105756 0.0630931
0.0231013 6.10913 6.39069 5.82758 3.54918 3.78363 3.31473 2.94462 0.281552 0.234454 0.104717 0.0621784
0.0237551 6.04682 6.32454 5.76911 3.51064 3.74298 3.27831 2.8956 0.277712 0.232336 0.103673 0.0612707
0.0244275 5.98487 6.25873 5.711 3.47228 3.70249 3.24206 2.84715 0.273867 0.230214 0.102624 0.0603701
0.0251189 5.92325 6.19327 5.65323 3.43408 3.66217 3.20599 2.79927 0.270018 0.228088 0.101569 0.0594764
0.0258298 5.86198 6.12815 5.59582 3.39605 3.62201 3.17009 2.75195 0.266166 0.225957 0.10051 0.0585895
0.0265609 5.80105 6.06336 5.53874 3.35818 3.582 3.13436 2.70517 0.26231 0.223822 0.0994448 0.0577095
0.0273126 5.74046 5.99891 5.48201 3.32047 3.54215 3.09879 2.65895 0.258451 0.221682 0.0983741 0.0568362
0.0280857 5.68019 5.93478 5.4256 3.28291 3.50245 3.06338 2.61327 0.254591 0.219537 0.0972977 0.0559696
0.0288806 5.62026 5.87098 5.36953 3.24551 3.4629 3.02812 2.56812 0.250728 0.217386 0.0962155 0.0551097
0.029698 5.56064 5.8075 5.31378 3.20825 3.42348 2.99302 2.52351 0.246864 0.215231 0.0951273 0.0542564
0.0305386 5.50134 5.74434 5.25834 3.17114 3.38421 2.95807 2.47942 0.242999 0.21307 0.094033 0.0534097
0.0314029 5.44236 5.6815 5.20323 3.13416 3.34507 2.92326 2.43585 0.239135 0.210903 0.0929326 0.0525694
0.0322917 5.38369 5.61896 5.14842 3.09733 3.30606 2.8886 2.3928 0.235271 0.20873 0.0918259 0.0517357
0.0332057 5.32532 5.55673 5.09391 3.06062 3.26717 2.85407 2.35026 0.231408 0.206551 0.0907131 0.0509083
0.0341455 5.26725 5.4948 5.03971 3.02404 3.22841 2.81968 2.30823 0.227547 0.204366 0.0895939 0.0500873
0.0351119 5.20948 5.43317 4.98579 2.98759 3.18977 2.78542 2.2667 0.223689 0.202175 0.0884685 0.0492727
0.0361057 5.15201 5.37184 4.93217 2.95126 3.15124 2.75129 2.22567 0.219835 0.199978 0.0873368 0.0484643
0.0371276 5.09482 5.3108 4.87883 2.91505 3.11283 2.71728 2.18512 0.215985 0.197774 0.0861988 0.0476621
0.0381784 5.03791 5.25005 4.82577 2.87895 3.07452 2.68339 2.14506 0.212139 0.195563 0.0850547 0.0468662
0.039259 4.98128 5.18958 4.77298 2.84296 3.03631 2.64962 2.10549 0.2083 0.193345 0.0839043 0.0460764
0.0403702 4.92493 5.12939 4.72046 2.80708 2.9982 2.61596 2.06639 0.204467 0.191121 0.0827479 0.0452927
0.0415128 4.86884 5.06948 4.6682 2.7713 2.96019 2.58241 2.02776 0.200643 0.188889 0.0815855 0.0445152
0.0426877 4.81302 5.00984 4.61619 2.73562 2.92227 2.54897 1.9896 0.196826 0.186651 0.0804173 0.0437436
0.0438959 4.75746 4.95048 4.56444 2.70004 2.88444 2.51563 1.95189 0.19302 0.184405 0.0792433 0.0429781
0.0451383 4.70215 4.89137 4.51293 2.66454 2.84669 2.48239 1.91465 0.189224 0.182152 0.0780638 0.0422186
0.0464159 4.64709 4.83253 4.46165 2.62914 2.80903 2.44924 1.87786 0.185439 0.179892 0.0768789 0.041465
0.0477296 4.59228 4.77395 4.41061 2.59381 2.77144 2.41619 1.84151 0.181667 0.177625 0.0756889 0.0407174
0.0490805 4.5377 4.71561 4.3598 2.55857 2.73392 2.38322 1.80561 0.177909 0.17535 0.0744938 0.0399757
0.0504697 4.48337 4.65753 4.3092 2.52341 2.69647 2.35034 1.77014 0.174165 0.173068 0.0732941 0.0392398
0.0518981 4.42925 4.59969 4.25882 2.48832 2.65909 2.31754 1.73511 0.170437 0.170779 0.0720899 0.0385098
0.053367 4.37537 4.54209 4.20864 2.45329 2.62178 2.28481 1.70051 0.166726 0.168482 0.0708816 0.0377857
0.0548775 4.3217 4.48473 4.15866 2.41834 2.58452 2.25216 1.66633 0.163033 0.166178 0.0696694 0.0370673
0.0564307 4.26824 4.4276 4.10888 2.38344 2.54731 2.21958 1.63256 0.15936 0.163867 0.0684537 0.0363548
0.0580278 4.21499 4.3707 4.05929 2.34861 2.51016 2.18706 1.59922 0.155707 0.161549 0.0672348 0.035648
0.0596702 4.16194 4.31402 4.00987 2.31384 2.47306 2.15461 1.56628 0.152075 0.159223 0.0660131 0.034947
0.0613591 4.10909 4.25756 3.96062 2.27911 2.436 2.12222 1.53374 0.148466 0.156891 0.0647889 0.0342518
0.0630957 4.05643 4.20131 3.91155 2.24444 2.39899 2.08989 1.50161 0.144881 0.154552 0.0635628 0.0335623
0.0648815 4.00395 4.14527 3.86263 2.20982 2.36202 2.05761 1.46988 0.141321 0.152206 0.0623351 0.0328786
0.0667179 3.95165 4.08943 3.81386 2.17524 2.32509 2.02538 1.43853 0.137788 0.149853 0.0611062 0.0322006
0.0686062 3.89951 4.0338 3.76523 2.1407 2.28819 1.9932 1.40758 0.134282 0.147494 0.0598766 0.0315283
0.070548 3.84755 3.97835 3.71674 2.1062 2.25133 1.96107 1.37701 0.130805 0.145129 0.0586468 0.0308618
0.0725448 3.79574 3.9231 3.66838 2.07174 2.21449 1.92898 1.34681 0.127358 0.142758 0.0574174 0.030201
0.074598 3.74409 3.86803 3.62014 2.03731 2.17769 1.89693 1.317 0.123942 0.140381 0.0561887 0.029546
0.0767094 3.69258 3.81314 3.57202 2.00291 2.14091 1.86491 1.28755 0.120559 0.137998 0.0549613 0.0288967
0.0788805 3.6412 3.75841 3.524 1.96854 2.10415 1.83293 1.25847 0.117209 0.13561 0.0537359 0.0282532
0.0811131 3.58997 3.70386 3.47607 1.9342 2.06742 1.80099 1.22976 0.113895 0.133218 0.0525128 0.0276155
0.0834088 3.53885 3.64947 3.42824 1.89989 2.03071 1.76907 1.2014 0.110617 0.130821 0.0512927 0.0269835
0.0857696 3.48786 3.59523 3.38048 1.86561 1.99403 1.73719 1.1734 0.107376 0.128419 0.0500762 0.0263574
0.0881971 3.43697 3.54114 3.3328 1.83134 1.95736 1.70533 1.14575 0.104173 0.126014 0.0488639 0.0257371
0.0906934 3.38619 3.4872 3.28518 1.79711 1.92071 1.6735 1.11845 0.10101 0.123606 0.0476562 0.0251227
0.0932603 3.3355 3.43339 3.23761 1.76289 1.88408 1.64169 1.0915 0.0978879 0.121194 0.0464539 0.0245141
0.0958999 3.2849 3.37971 3.1901 1.7287 1.84748 1.60992 1.06488 0.0948076 0.118781 0.0452576 0.0239115
0.0986142 3.23439 3.32616 3.14262 1.69452 1.81089 1.57816 1.03861 0.0917703 0.116365 0.0440678 0.0233148
0.101405 3.18394 3.27272 3.09517 1.66038 1.77432 1.54643 1.01267 0.0887769 0.113948 0.0428852 0.0227242
0.104275 3.13357 3.21939 3.04774 1.62625 1.73778 1.51472 0.987057 0.0858286 0.11153 0.0417103 0.0221395
0.107227 3.08325 3.16617 3.00032 1.59215 1.70126 1.48304 0.961777 0.0829262 0.109112 0.0405439 0.0215609
0.110262 3.03298 3.11305 2.95291 1.55807 1.66477 1.45138 0.936824 0.0800709 0.106694 0.0393864 0.0209885
0.113382 2.98275 3.06001 2.90549 1.52402 1.6283 1.41975 0.912194 0.0772634 0.104278 0.0382386 0.0204222
0.116591 2.93256 3.00706 2.85805 1.49001 1.59187 1.38814 0.887885 0.0745047 0.101863 0.0371011 0.0198622
0.119891 2.88239 2.95419 2.8106 1.45602 1.55547 1.35657 0.863894 0.0717955 0.0994507 0.0359743 0.0193085
0.123285 2.83224 2.90138 2.7631 1.42207 1.51911 1.32503 0.84022 0.0691368 0.0970419 0.034859 0.0187611
0.126774 2.7821 2.84863 2.71557 1.38816 1.4828 1.29352 0.81686 0.0665291 0.0946373 0.0337557 0.0182201
0.130362 2.73196 2.79594 2.66799 1.35429 1.44653 1.26205 0.793813 0.0639733 0.0922378 0.0326651 0.0176856
0.134052 2.68182 2.74329 2.62035 1.32047 1.41032 1.23063 0.771076 0.06147 0.0898441 0.0315876 0.0171577
0.137846 2.63167 2.69069 2.57265 1.28671 1.37417 1.19925 0.748648 0.0590197 0.0874572 0.0305238 0.0166364
0.141747 2.58149 2.63811 2.52487 1.25301 1.33808 1.16793 0.726527 0.0566231 0.0850782 0.0294744 0.0161218
0.145759 2.53128 2.58556 2.477 1.21937 1.30208 1.13666 0.704713 0.0542806 0.082708 0.0284397 0.015614
0.149885 2.48104 2.53304 2.42905 1.18581 1.26616 1.10546 0.683204 0.0519927 0.0803475 0.0274204 0.0151132
0.154127 2.43076 2.48052 2.381 1.15233 1.23033 1.07433 0.661999 0.0497597 0.077998 0.026417 0.0146193
0.158489 2.38042 2.42801 2.33284 1.11895 1.19461 1.04329 0.641098 0.047582 0.0756604 0.0254298 0.0141325
0.162975 2.33003 2.37549 2.28457 1.08567 1.159 1.01233 0.620501 0.0454598 0.073336 0.0244595 0.0136528
0.167588 2.27958 2.32297 2.23619 1.0525 1.12353 0.981475 0.600207 0.0433934 0.0710259 0.0235065 0.0131805
0.172331 2.22906 2.27044 2.18768 1.01946 1.08819 0.950728 0.580216 0.0413829 0.0687314 0.0225711 0.0127155
0.177209 2.17846 2.21789 2.13904 0.986556 1.05301 0.920103 0.560528 0.0394284 0.0664535 0.0216538 0.0122581
0.182224 2.12779 2.16532 2.09026 0.953808 1.018 0.889614 0.541145 0.0375299 0.0641937 0.020755 0.0118082
0.187382 2.07704 2.11272 2.04135 0.921226 0.983179 0.859272 0.522066 0.0356875 0.0619532 0.019875 0.0113661
0.192685 2.02619 2.0601 1.99229 0.888828 0.948562 0.829095 0.503293 0.0339011 0.0597334 0.0190143 0.0109318
0.198139 1.97527 2.00744 1.9431 0.856633 0.914169 0.799098 0.484827 0.0321705 0.0575356 0.018173 0.0105055
0.203747 1.92425 1.95475 1.89376 0.824657 0.880018 0.769296 0.466669 0.0304955 0.0553611 0.0173516 0.0100873
0.209514 1.87314 1.90202 1.84427 0.792921 0.846133 0.73971 0.44882 0.0288759 0.0532115 0.0165503 0.00967722
0.215443 1.82195 1.84926 1.79464 0.761446 0.812534 0.710358 0.431284 0.0273113 0.0510881 0.0157693 0.00927551
0.221541 1.77067 1.79648 1.74487 0.730255 0.779247 0.681262 0.414061 0.0258015 0.0489923 0.0150089 0.00888224
0.227812 1.71931 1.74366 1.69497 0.699371 0.746296 0.652445 0.397155 0.024346 0.0469256 0.0142692 0.00849754
0.234259 1.66788 1.69082 1.64494 0.66882 0.71371 0.623931 0.380568 0.0229442 0.0448896 0.0135505 0.00812151
0.24089 1.61638 1.63797 1.59478 0.63863 0.681516 0.595745 0.364302 0.0215958 0.0428855 0.0128528 0.00775427
0.247708 1.56482 1.58512 1.54452 0.608831 0.649746 0.567916 0.34836 0.0203001 0.040915 0.0121763 0.00739591
0.254719 1.51321 1.53227 1.49416 0.579452 0.618432 0.540473 0.332747 0.0190565 0.0389794 0.0115211 0.00704654
0.261928 1.46158 1.47945 1.44372 0.550529 0.58761 0.513449 0.317466 0.0178642 0.0370803 0.0108871 0.00670622
0.269341 1.40994 1.42666 1.39322 0.5221 0.557319 0.486881 0.30252 0.0167226 0.035219 0.0102744 0.00637501
0.276965 1.35831 1.37394 1.34268 0.494206 0.527602 0.460809 0.287913 0.0156307 0.033397 0.00968299 0.00605292
0.284804 1.30672 1.32131 1.29213 0.466898 0.498514 0.435283 0.273651 0.0145878 0.0316155 0.00911262 0.00573992
0.292864 1.2552 1.26879 1.24161 0.440249 0.470125 0.410372 0.259738 0.0135927 0.029876 0.00856309 0.00543587
0.301153 1.20379 1.21643 1.19114 0.414378 0.442557 0.386198 0.246182 0.0126443 0.0281795 0.00803395 0.00514043
0.309677 1.15251 1.16425 1.14077 0.389707 0.416234 0.36318 0.232995 0.0117408 0.0265268 0.00752402 0.00485249
0.318442 1.11397 1.12538 1.10256 0.374003 0.399913 0.348093 0.228111 0.0114071 0.0259096 0.00733252 0.00474186
0.321833 1.09511 1.1062 1.08403 0.364686 0.389991 0.33938 0.223329 0.0110832 0.0253054 0.00714589 0.00463366
0.325224 1.07648 1.08725 1.06571 0.355557 0.380271 0.330843 0.218645 0.0107688 0.024714 0.006964 0.00452784
0.328614 1.05806 1.06852 1.04759 0.346613 0.370748 0.322478 0.214058 0.0104635 0.024135 0.00678672 0.00442433
0.332005 1.03986 1.05002 1.02969 0.337851 0.361419 0.314283 0.209565 0.010167 0.0235683 0.0066139 0.00432308
0.335396 1.02187 1.03175 1.01199 0.329268 0.352282 0.306255 0.205164 0.00987911 0.0230134 0.00644544 0.00422404
0.338787 1.00409 1.01369 0.994489 0.320861 0.343331 0.298391 0.200852 0.0095995 0.0224703 0.0062812 0.00412714
0.342178 0.986519 0.995847 0.977191 0.312627 0.334566 0.290689 0.196628 0.0093279 0.0219386 0.00612108 0.00403235
0.345569 0.969154 0.978218 0.96009 0.304563 0.325981 0.283145 0.19249 0.00906408 0.0214181 0.00596495 0.00393961
0.348959 0.951993 0.960801 0.943186 0.296666 0.317575 0.275758 0.188435 0.00880777 0.0209086 0.00581272 0.00384887
0.35235 0.935034 0.943593 0.926475 0.288934 0.309344 0.268524 0.184462 0.00855876 0.0204099 0.00566426 0.00376008
0.355741 0.918274 0.926591 0.909957 0.281363 0.301285 0.261442 0.180568 0.0083168 0.0199217 0.00551949 0.0036732
0.359132 0.901711 0.909793 0.89363 0.273952 0.293395 0.254508 0.176753 0.00808168 0.0194438 0.0053783 0.00358819
0.362523 0.885343 0.893197 0.87749 0.266696 0.285672 0.24772 0.173014 0.00785319 0.0189761 0.00524059 0.003505
0.365914 0.86917 0.876801 0.861539 0.259595 0.278113 0.241077 0.169349 0.00763113 0.0185182 0.00510628 0.00342358
0.369305 0.853187 0.860603 0.845772 0.252645 0.270715 0.234575 0.165757 0.00741529 0.0180701 0.00497527 0.00334391
0.372695 0.837395 0.8446 0.830189 0.245843 0.263475 0.228212 0.162237 0.00720549 0.0176315 0.00484747 0.00326593
0.376086 0.821791 0.828792 0.814789 0.239188 0.25639 0.221986 0.158786 0.00700155 0.0172022 0.0047228 0.00318961
0.379477 0.806374 0.813177 0.79957 0.232677 0.249459 0.215895 0.155404 0.00680328 0.016782 0.00460119 0.00311492
0.382868 0.791141 0.797752 0.784531 0.226307 0.242678 0.209936 0.152088 0.00661052 0.0163708 0.00448254 0.00304181
0.386259 0.776094 0.782517 0.769671 0.220076 0.236045 0.204108 0.148838 0.00642311 0.0159684 0.00436678 0.00297026
0.38965 0.761227 0.767468 0.754987 0.213983 0.229557 0.198408 0.145651 0.00624088 0.0155745 0.00425384 0.00290022
0.39304 0.746543 0.752606 0.740479 0.208023 0.223213 0.192834 0.142527 0.00606368 0.0151891 0.00414364 0.00283167
0.396431 0.732038 0.737929 0.726147 0.202197 0.217009 0.187385 0.139465 0.00589137 0.0148119 0.00403612 0.00276456
0.399822 0.717712 0.723436 0.711988 0.1965 0.210943 0.182057 0.136462 0.00572379 0.0144429 0.00393121 0.00269888
0.403213 0.703563 0.709124 0.698002 0.190931 0.205013 0.176849 0.133518 0.00556081 0.0140818 0.00382883 0.00263458
0.406604 0.68959 0.694992 0.684187 0.185488 0.199217 0.17176 0.130631 0.0054023 0.0137284 0.00372893 0.00257165
0.409995 0.675791 0.681039 0.670543 0.180169 0.193552 0.166786 0.127801 0.00524813 0.0133827 0.00363145 0.00251004
0.413385 0.662166 0.667264 0.657068 0.174971 0.188016 0.161927 0.125026 0.00509817 0.0130445 0.00353631 0.00244973
0.416776 0.648715 0.653667 0.643762 0.169893 0.182607 0.157179 0.122305 0.0049523 0.0127136 0.00344347 0.00239069
0.420167 0.635435 0.640245 0.630625 0.164932 0.177322 0.152543 0.119636 0.0048104 0.0123898 0.00335287 0.0023329
0.423558 0.622326 0.626998 0.617654 0.160087 0.17216 0.148014 0.11702 0.00467236 0.0120731 0.00326444 0.00227633
0.426949 0.609386 0.613924 0.604848 0.155356 0.167119 0.143592 0.114454 0.00453808 0.0117634 0.00317815 0.00222096
0.43034 0.596615 0.601023 0.592208 0.150735 0.162196 0.139275 0.111938 0.00440743 0.0114603 0.00309393 0.00216675
0.43373 0.584012 0.588293 0.579732 0.146225 0.157389 0.135061 0.109471 0.00428033 0.011164 0.00301173 0.00211368
0.437121 0.571576 0.575733 0.567419 0.141822 0.152696 0.130948 0.107051 0.00415667 0.0108741 0.00293151 0.00206174
0.440512 0.559306 0.563342 0.55527 0.137525 0.148116 0.126934 0.104679 0.00403636 0.0105906 0.00285322 0.00201089
0.443903 0.547201 0.55112 0.543282 0.133332 0.143645 0.123019 0.102352 0.0039193 0.0103134 0.0027768 0.00196112
0.447294 0.53526 0.539065 0.531455 0.129241 0.139283 0.119199 0.10007 0.0038054 0.0100423 0.00270222 0.0019124
0.450685 0.523482 0.527177 0.519788 0.12525 0.135028 0.115473 0.0978327 0.00369458 0.00977718 0.00262944 0.00186472
0.454075 0.511868 0.515454 0.508281 0.121358 0.130876 0.11184 0.0956384 0.00358674 0.00951798 0.0025584 0.00181804
0.457466 0.500414 0.503896 0.496933 0.117563 0.126827 0.108298 0.0934864 0.00348182 0.00926456 0.00248906 0.00177235
0.460857 0.489122 0.492502 0.485743 0.113862 0.122879 0.104845 0.0913761 0.00337972 0.00901681 0.00242139 0.00172763
0.464248 0.47799 0.481271 0.47471 0.110255 0.119029 0.10148 0.0893066 0.00328037 0.00877462 0.00235535 0.00168386
0.467639 0.467018 0.470201 0.463834 0.106739 0.115277 0.0982008 0.0872771 0.0031837 0.00853787 0.0022909 0.00164103
0.47103 0.456204 0.459293 0.453114 0.103313 0.111619 0.0950061 0.0852868 0.00308963 0.00830647 0.00222799 0.0015991
0.47442 0.445548 0.448546 0.44255 0.0999745 0.108055 0.0918942 0.083335 0.0029981 0.0080803 0.0021666 0.00155807
0.477811 0.435049 0.437958 0.43214 0.096723 0.104582 0.0888637 0.081421 0.00290903 0.00785927 0.00210669 0.00151792
0.481202 0.424706 0.427528 0.421883 0.0935562 0.101199 0.0859129 0.0795441 0.00282236 0.00764327 0.00204822 0.00147862
0.484593 0.414519 0.417257 0.411781 0.0904726 0.0979048 0.0830404 0.0777035 0.00273802 0.00743221 0.00199116 0.00144017
0.487984 0.404486 0.407142 0.40183 0.0874706 0.0946966 0.0802446 0.0758986 0.00265596 0.00722599 0.00193548 0.00140254
0.491375 0.394608 0.397184 0.392032 0.0845486 0.0915731 0.0775241 0.0741287 0.0025761 0.00702451 0.00188115 0.00136573
0.494765 0.384883 0.387381 0.382384 0.081705 0.0885327 0.0748773 0.0723931 0.0024984 0.00682768 0.00182813 0.00132971
0.498156 0.37531 0.377733 0.372887 0.0789383 0.0855737 0.0723029 0.0706913 0.0024228 0.00663542 0.0017764 0.00129446
0.501547 0.365889 0.368238 0.36354 0.076247 0.0826946 0.0697994 0.0690226 0.00234924 0.00644762 0.00172592 0.00125998
0.504938 0.356619 0.358897 0.354342 0.0736295 0.0798937 0.0673653 0.0673864 0.00227766 0.00626421 0.00167667 0.00122625
0.508329 0.3475 0.349708 0.345292 0.0710844 0.0771695 0.0649993 0.065782 0.00220802 0.0060851 0.00162861 0.00119325
0.51172 0.33853 0.34067 0.336389 0.0686101 0.0745203 0.0626999 0.064209 0.00214026 0.0059102 0.00158173 0.00116098
0.51511 0.329708 0.331782 0.327634 0.0662053 0.0719447 0.0604659 0.0626667 0.00207434 0.00573943 0.001536 0.00112941
0.518501 0.321034 0.323044 0.319024 0.0638685 0.0694412 0.0582958 0.0611546 0.00201021 0.0055727 0.00149138 0.00109853
0.521892 0.312508 0.314455 0.31056 0.0615982 0.0670082 0.0561883 0.0596721 0.00194782 0.00540995 0.00144786 0.00106833
0.525283 0.304127 0.306014 0.30224 0.0593932 0.0646442 0.0541421 0.0582188 0.00188712 0.00525109 0.00140541 0.0010388
0.528674 0.295892 0.29772 0.294064 0.0572519 0.0623479 0.0521558 0.056794 0.00182808 0.00509603 0.001364 0.00100993
0.532065 0.287802 0.289572 0.286031 0.055173 0.0601177 0.0502283 0.0553973 0.00177064 0.00494472 0.00132362 0.000981693
0.535455 0.279855 0.28157 0.27814 0.0531551 0.0579522 0.048358 0.0540281 0.00171478 0.00479707 0.00128423 0.000954089
0.538846 0.272051 0.273712 0.270391 0.051197 0.05585 0.046544 0.0526861 0.00166044 0.00465301 0.00124583 0.000927104
0.542237 0.26439 0.265997 0.262782 0.0492973 0.0538098 0.0447848 0.0513706 0.00160759 0.00451247 0.00120837 0.000900725
0.545628 0.256869 0.258426 0.255313 0.0474548 0.0518301 0.0430794 0.0500813 0.00155619 0.00437538 0.00117186 0.000874941
0.549019 0.249489 0.250995 0.247983 0.045668 0.0499097 0.0414263 0.0488176 0.00150621 0.00424166 0.00113625 0.000849741
0.55241 0.242248 0.243706 0.240791 0.0439359 0.0480471 0.0398246 0.0475792 0.0014576 0.00411126 0.00110154 0.000825115
0.5558 0.235146 0.236556 0.233736 0.042257 0.0462411 0.0382729 0.0463655 0.00141034 0.00398411 0.00106771 0.000801051
0.559191 0.228181 0.229546 0.226817 0.0406303 0.0444904 0.0367702 0.0451762 0.00136439 0.00386013 0.00103472 0.000777539
0.562582 0.221353 0.222673 0.220033 0.0390544 0.0427937 0.0353152 0.0440108 0.00131971 0.00373927 0.00100258 0.000754569
0.565973 0.21466 0.215937 0.213384 0.0375283 0.0411497 0.0339068 0.042869 0.00127627 0.00362146 0.00097125 0.00073213
0.569364 0.208102 0.209336 0.206868 0.0360506 0.0395573 0.032544 0.0417502 0.00123405 0.00350664 0.000940721 0.000710214
0.572755 0.201678 0.202871 0.200485 0.0346203 0.0380151 0.0312256 0.0406541 0.00119301 0.00339476 0.000910974 0.000688809
0.576146 0.195386 0.196539 0.194233 0.0332363 0.036522 0.0299505 0.0395804 0.00115312 0.00328574 0.000881992 0.000667908
0.579536 0.189226 0.19034 0.188111 0.0318973 0.0350768 0.0287177 0.0385286 0.00111435 0.00317953 0.000853759 0.0006475
0.582927 0.183196 0.184273 0.182119 0.0306023 0.0336783 0.0275262 0.0374984 0.00107668 0.00307608 0.000826257 0.000627576
0.586318 0.177296 0.178336 0.176256 0.0293501 0.0323255 0.0263748 0.0364893 0.00104008 0.00297533 0.000799472 0.000608128
0.589709 0.171524 0.172528 0.170519 0.0281398 0.031017 0.0252626 0.0355011 0.00100452 0.00287722 0.000773387 0.000589146
0.5931 0.165879 0.166849 0.164909 0.0269702 0.0297519 0.0241885 0.0345334 0.000969968 0.00278169 0.000747986 0.000570622
0.596491 0.16036 0.161297 0.159424 0.0258404 0.0285291 0.0231517 0.0335859 0.000936409 0.0026887 0.000723257 0.000552548
0.599881 0.154967 0.15587 0.154063 0.0247492 0.0273474 0.022151 0.0326581 0.000903815 0.00259819 0.000699182 0.000534914
0.603272 0.149697 0.150569 0.148825 0.0236957 0.0262058 0.0211856 0.0317498 0.00087216 0.00251011 0.00067575 0.000517714
0.606663 0.144549 0.145391 0.143708 0.0226789 0.0251033 0.0202545 0.0308606 0.000841423 0.0024244 0.000652944 0.000500939
0.610054 0.139523 0.140335 0.138712 0.0216978 0.0240388 0.0193568 0.0299903 0.00081158 0.00234103 0.000630752 0.000484581
0.613445 0.134618 0.1354 0.133835 0.0207514 0.0230114 0.0184915 0.0291385 0.000782608 0.00225993 0.000609161 0.000468632
0.616836 0.129831 0.130585 0.129076 0.0198389 0.02202 0.0176579 0.0283049 0.000754487 0.00218106 0.000588157 0.000453085
0.620226 0.125162 0.125889 0.124434 0.0189593 0.0210636 0.0168549 0.0274892 0.000727194 0.00210438 0.000567727 0.000437932
0.623617 0.120609 0.121309 0.119908 0.0181116 0.0201414 0.0160818 0.0266911 0.000700709 0.00202983 0.000547859 0.000423166
0.627008 0.116171 0.116846 0.115496 0.017295 0.0192524 0.0153377 0.0259103 0.000675013 0.00195737 0.000528541 0.00040878
0.630399 0.111847 0.112497 0.111197 0.0165087 0.0183956 0.0146217 0.0251465 0.000650084 0.00188696 0.00050976 0.000394766
0.63379 0.107635 0.108261 0.107009 0.0157517 0.0175702 0.0139331 0.0243995 0.000625905 0.00181855 0.000491505 0.000381117
0.637181 0.103535 0.104137 0.102932 0.0150232 0.0167753 0.0132711 0.0236689 0.000602456 0.0017521 0.000473765 0.000367827
0.640571 0.0995436 0.100123 0.0989639 0.0143224 0.0160099 0.0126348 0.0229545 0.000579719 0.00168756 0.000456527 0.000354889
0.643962 0.0956609 0.0962185 0.0951032 0.0136484 0.0152733 0.0120235 0.0222561 0.000557677 0.0016249 0.000439781 0.000342296
0.647353 0.0918849 0.0924212 0.0913486 0.0130006 0.0145647 0.0114365 0.0215734 0.000536311 0.00156406 0.000423517 0.000330041
0.650744 0.0882144 0.08873 0.0876988 0.012378 0.013883 0.010873 0.020906 0.000515605 0.00150502 0.000407722 0.000318119
0.654135 0.0846479 0.0851435 0.0841524 0.01178 0.0132277 0.0103323 0.0202539 0.000495543 0.00144773 0.000392388 0.000306522
0.657526 0.0811839 0.08166 0.0807078 0.0112057 0.0125979 0.00981359 0.0196166 0.000476107 0.00139215 0.000377504 0.000295245
0.660916 0.0778209 0.0782782 0.0773636 0.0106545 0.0119928 0.0093163 0.018994 0.000457283 0.00133825 0.000363059 0.00028428
0.664307 0.0745575 0.0749965 0.0741184 0.0101257 0.0114117 0.00883971 0.0183859 0.000439054 0.00128598 0.000349044 0.000273623
0.667698 0.071392 0.0718134 0.0709706 0.00961845 0.0108538 0.00838314 0.0177919 0.000421406 0.00123531 0.000335449 0.000263267
0.671089 0.068323 0.0687273 0.0679187 0.00913215 0.0103184 0.00794596 0.0172119 0.000404324 0.0011862 0.000322265 0.000253206
0.67448 0.0653489 0.0657367 0.0649612 0.00866614 0.00980475 0.00752752 0.0166457 0.000387793 0.00113862 0.000309482 0.000243435
0.677871 0.0624683 0.0628401 0.0620965 0.00821973 0.00931225 0.0071272 0.0160929 0.0003718 0.00109252 0.000297092 0.000233947
0.681261 0.0596795 0.0600358 0.0593232 0.00779229 0.00884018 0.0067444 0.0155535 0.000356331 0.00104789 0.000285085 0.000224737
0.684652 0.0569809 0.0573223 0.0566395 0.00738319 0.00838787 0.00637852 0.0150271 0.000341371 0.00100468 0.000273453 0.000215799
0.688043 0.054371 0.0546979 0.0540441 0.00699182 0.00795467 0.00602897 0.0145136 0.000326909 0.00096285 0.000262187 0.000207128
0.691434 0.0518482 0.0521612 0.0515353 0.00661757 0.00753995 0.00569519 0.0140127 0.000312931 0.00092238 0.000251278 0.000198718
0.694825 0.0494108 0.0497102 0.0491114 0.00625987 0.0071431 0.00537663 0.0135242 0.000299425 0.000883234 0.000240719 0.000190565
0.698216 0.0470573 0.0473437 0.0467709 0.00591813 0.00676351 0.00507275 0.013048 0.000286378 0.000845379 0.000230501 0.000182662
0.701606 0.044786 0.0450598 0.0445123 0.00559181 0.00640059 0.00478302 0.0125838 0.000273779 0.000808784 0.000220616 0.000175004
0.704997 0.0425954 0.042857 0.0423337 0.00528034 0.00605376 0.00450693 0.0121314 0.000261615 0.000773418 0.000211056 0.000167587
0.708388 0.0404836 0.0407335 0.0402338 0.00498322 0.00572248 0.00424397 0.0116907 0.000249875 0.000739252 0.000201814 0.000160406
0.711779 0.0384492 0.0386878 0.0382107 0.00469992 0.00540617 0.00399366 0.0112614 0.000238548 0.000706255 0.000192882 0.000153454
0.71517 0.0364905 0.0367181 0.0362628 0.00442993 0.00510433 0.00375553 0.0108434 0.000227623 0.000674399 0.000184252 0.000146728
0.718561 0.0346058 0.0348229 0.0343887 0.00417276 0.00481642 0.00352911 0.0104364 0.00021709 0.000643655 0.000175918 0.000140222
0.721951 0.0327934 0.0330003 0.0325864 0.00392793 0.00454193 0.00331394 0.0100403 0.000206937 0.000613994 0.000167872 0.000133931
0.725342 0.0310518 0.0312489 0.0308546 0.00369499 0.00428038 0.0031096 0.00965483 0.000197154 0.00058539 0.000160106 0.000127852
0.728733 0.0293792 0.0295669 0.0291914 0.00347347 0.00403128 0.00291565 0.00927991 0.000187731 0.000557815 0.000152615 0.000121978
0.732124 0.027774 0.0279527 0.0275953 0.00326293 0.00379417 0.00273169 0.00891531 0.000178659 0.000531241 0.00014539 0.000116306
0.735515 0.0262346 0.0264045 0.0260647 0.00306295 0.0035686 0.00255731 0.00856087 0.000169927 0.000505644 0.000138427 0.000110831
0.738906 0.0247593 0.0249208 0.0245978 0.00287312 0.00335411 0.00239212 0.00821639 0.000161527 0.000480998 0.000131717 0.000105548
0.742296 0.0233465 0.0234999 0.023193 0.00269301 0.00315029 0.00223574 0.00788172 0.000153449 0.000457276 0.000125254 0.000100453
0.745687 0.0219944 0.0221401 0.0218488 0.00252225 0.0029567 0.00208779 0.00755669 0.000145684 0.000434455 0.000119033 9.55418e-05
0.749078 0.0207016 0.0208399 0.0205634 0.00236045 0.00277296 0.00194794 0.00724111 0.000138223 0.00041251 0.000113046 9.08094e-05
0.752469 0.0194664 0.0195974 0.0193353 0.00220723 0.00259865 0.00181582 0.00693482 0.000131057 0.000391416 0.000107288 8.62519e-05
0.75586 0.0182871 0.0184112 0.0181629 0.00206225 0.0024334 0.00169109 0.00663767 0.000124178 0.000371152 0.000101752 8.1865e-05
0.759251 0.0171621 0.0172797 0.0170445 0.00192514 0.00227683 0.00157345 0.00634948 0.000117578 0.000351692 9.64332e-05 7.76444e-05
0.762641 0.0160898 0.0162011 0.0159786 0.00179558 0.0021286 0.00146257 0.0060701 0.000111248 0.000333015 9.1325e-05 7.35861e-05
0.766032 0.0150687 0.0151739 0.0149636 0.00167323 0.00198833 0.00135814 0.00579936 0.000105181 0.000315099 8.64218e-05 6.96859e-05
0.769423 0.0140972 0.0141966 0.0139978 0.00155779 0.00185571 0.00125987 0.0055371 9.93683e-05 0.000297921 8.1718e-05 6.59398e-05
0.772814 0.0131736 0.0132674 0.0130798 0.00144893 0.00173039 0.00116747 0.00528318 9.38027e-05 0.00028146 7.7208e-05 6.23439e-05
0.776205 0.0122965 0.012385 0.0122081 0.00134637 0.00161206 0.00108067 0.00503742 8.84766e-05 0.000265696 7.28864e-05 5.88942e-05
0.779596 0.0114643 0.0115477 0.011381 0.00124981 0.00150042 0.000999203 0.00479969 8.33827e-05 0.000250606 6.87477e-05 5.55868e-05
0.782986 0.0106755 0.010754 0.010597 0.00115898 0.00139515 0.00092281 0.00456982 7.85137e-05 0.000236172 6.47867e-05 5.24179e-05
0.786377 0.00992861 0.0100025 0.00985475 0.00107361 0.00129599 0.000851241 0.00434766 7.38628e-05 0.000222373 6.09982e-05 4.93836e-05
0.789768 0.0092221 0.00929152 0.00915267 0.00099345 0.00120264 0.000784259 0.00413307 6.94228e-05 0.00020919 5.73771e-05 4.64804e-05
0.793159 0.00855451 0.0086197 0.00848932 0.000918235 0.00111484 0.000721632 0.00392589 6.51872e-05 0.000196604 5.39184e-05 4.37045e-05
0.79655 0.00792441 0.00798556 0.00786327 0.000847731 0.00103233 0.000663136 0.00372598 6.11493e-05 0.000184595 5.06171e-05 4.10522e-05
0.799941 0.00733038 0.00738768 0.00727308 0.000781703 0.000954848 0.000608558 0.0035332 5.73027e-05 0.000173145 4.74684e-05 3.85199e-05
0.803332 0.006771 0.00682464 0.00671736 0.000719927 0.000882164 0.00055769 0.00334739 5.36409e-05 0.000162237 4.44676e-05 3.61043e-05
0.806722 0.0062449 0.00629506 0.00619474 0.000662188 0.00081404 0.000510335 0.00316841 5.01578e-05 0.000151852 4.16099e-05 3.38016e-05
0.810113 0.00575072 0.00579757 0.00570387 0.000608276 0.00075025 0.000466302 0.00299612 4.68474e-05 0.000141974 3.88908e-05 3.16086e-05
0.813504 0.00528712 0.00533082 0.00524341 0.000557992 0.000690577 0.000425408 0.00283038 4.37036e-05 0.000132584 3.63057e-05 2.95218e-05
0.816895 0.00485279 0.00489351 0.00481207 0.000511144 0.000634811 0.000387476 0.00267105 4.07207e-05 0.000123668 3.38502e-05 2.75378e-05
0.820286 0.00444645 0.00448434 0.00440855 0.000467545 0.000582752 0.000352338 0.00251798 3.7893e-05 0.000115207 3.152e-05 2.56535e-05
0.823677 0.00406684 0.00410205 0.00403163 0.000427018 0.000534204 0.000319833 0.00237105 3.52148e-05 0.000107186 2.93108e-05 2.38654e-05
0.827067 0.00371273 0.00374541 0.00368005 0.000389393 0.000488982 0.000289804 0.0022301 3.26808e-05 9.95892e-05 2.72183e-05 2.21705e-05
0.830458 0.00338292 0.00341321 0.00335264 0.000354506 0.000446907 0.000262104 0.00209501 3.02856e-05 9.24016e-05 2.52384e-05 2.05656e-05
0.833849 0.00307623 0.00310426 0.00304821 0.000322199 0.000407807 0.000236591 0.00196563 2.8024e-05 8.56079e-05 2.33671e-05 1.90475e-05
0.83724 0.00279151 0.0028174 0.00276562 0.000292322 0.000371516 0.000213129 0.00184184 2.58909e-05 7.91934e-05 2.16005e-05 1.76132e-05
0.840631 0.00252765 0.00255153 0.00250377 0.000264733 0.000337876 0.000191589 0.0017235 2.38812e-05 7.31436e-05 1.99346e-05 1.62598e-05
0.844022 0.00228356 0.00230555 0.00226157 0.000239291 0.000306736 0.000171847 0.00161047 2.19902e-05 6.74444e-05 1.83655e-05 1.49842e-05
0.847412 0.00205817 0.00207838 0.00203795 0.000215867 0.000277949 0.000153785 0.00150262 2.02129e-05 6.2082e-05 1.68896e-05 1.37836e-05
0.850803 0.00185046 0.001869 0.00183191 0.000194334 0.000251377 0.000137291 0.00139982 1.85449e-05 5.70429e-05 1.55031e-05 1.2655e-05
0.854194 0.00165943 0.00167641 0.00164245 0.000174572 0.000226886 0.000122258 0.00130194 1.69814e-05 5.23138e-05 1.42025e-05 1.15957e-05
0.857585 0.00148412 0.00149964 0.0014686 0.000156467 0.000204348 0.000108585 0.00120884 1.55181e-05 4.78818e-05 1.29843e-05 1.06028e-05
0.860976 0.00132359 0.00133774 0.00130944 0.000139909 0.000183643 9.61746e-05 0.00112041 1.41505e-05 4.37344e-05 1.18449e-05 9.6738e-06
0.864367 0.00117694 0.00118981 0.00116406 0.000124795 0.000164654 8.4936e-05 0.0010365 1.28746e-05 3.98591e-05 1.07809e-05 8.80586e-06
0.867757 0.00104328 0.00105497 0.0010316 0.000111026 0.00014727 7.47824e-05 0.000957 1.1686e-05 3.62439e-05 9.78915e-06 7.99642e-06
0.871148 0.000921791 0.000932372 0.000911211 9.85086e-05 0.000131386 6.56315e-05 0.000881769 1.05808e-05 3.28771e-05 8.86628e-06 7.2429e-06
0.874539 0.000811652 0.000821207 0.000802097 8.71531e-05 0.0001169 5.7406e-05 0.000810686 9.55496e-06 2.97472e-05 8.00915e-06 6.54278e-06
0.87793 0.000712085 0.00072069 0.000703481 7.68752e-05 0.000103718 5.00323e-05 0.000743623 8.60472e-06 2.68429e-05 7.21465e-06 5.89359e-06
0.881321 0.000622346 0.000630072 0.00061462 6.75948e-05 9.17483e-05 4.34414e-05 0.000680455 7.72631e-06 2.41534e-05 6.47976e-06 5.29292e-06
0.884712 0.000541718 0.000548634 0.000534802 5.92364e-05 8.09045e-05 3.75684e-05 0.000621057 6.91606e-06 2.1668e-05 5.80151e-06 4.7384e-06
0.888102 0.000469518 0.000475688 0.000463347 5.17283e-05 7.11046e-05 3.23519e-05 0.000565305 6.17042e-06 1.93764e-05 5.177e-06 4.2277e-06
0.891493 0.000405093 0.000410579 0.000399607 4.5003e-05 6.22713e-05 2.77347e-05 0.000513077 5.48593e-06 1.72683e-05 4.60342e-06 3.75857e-06
0.894884 0.000347822 0.000352681 0.000342963 3.89967e-05 5.43308e-05 2.36627e-05 0.000464248 4.85923e-06 1.53341e-05 4.07802e-06 3.32879e-06
0.898275 0.000297112 0.000301399 0.000292825 3.36496e-05 4.72137e-05 2.00856e-05 0.000418697 4.28704e-06 1.3564e-05 3.59811e-06 2.93619e-06
0.901666 0.000252404 0.00025617 0.000248638 2.89054e-05 4.08543e-05 1.69565e-05 0.000376303 3.76617e-06 1.19489e-05 3.16109e-06 2.57867e-06
0.905057 0.000213166 0.00021646 0.000209873 2.4711e-05 3.51907e-05 1.42313e-05 0.000336945 3.29356e-06 1.04797e-05 2.76441e-06 2.25417e-06
0.908447 0.000178897 0.000181764 0.000176031 2.10171e-05 3.01646e-05 1.18695e-05 0.000300502 2.86619e-06 9.14758e-06 2.40561e-06 1.96069e-06
0.911838 0.000149124 0.000151606 0.000146643 1.77771e-05 2.57211e-05 9.83303e-06 0.000266856 2.48118e-06 7.94403e-06 2.08229e-06 1.69627e-06
0.915229 0.000123404 0.000125539 0.000121268 1.49478e-05 2.18086e-05 8.08695e-06 0.000235888 2.1357e-06 6.86081e-06 1.79212e-06 1.45902e-06
0.91862 0.000101319 0.000103146 9.94919e-05 1.24888e-05 1.83787e-05 6.59886e-06 0.00020748 1.82705e-06 5.88992e-06 1.53284e-06 1.2471e-06
0.922011 8.24821e-05 8.40347e-05 8.09295e-05 1.03626e-05 1.53862e-05 5.33897e-06 0.000181515 1.55258e-06 5.02361e-06 1.30227e-06 1.05872e-06
0.925402 6.65311e-05 6.78409e-05 6.52213e-05 8.53432e-06 1.27887e-05 4.27992e-06 0.000157877 1.30977e-06 4.2544e-06 1.09829e-06 8.92159e-07
0.928792 5.31304e-05 5.42266e-05 5.20343e-05 6.97174e-06 1.05468e-05 3.39669e-06 0.000136451 1.09617e-06 3.57505e-06 9.18859e-07 7.45733e-07
0.932183 4.197e-05 4.28794e-05 4.10606e-05 5.64503e-06 8.62362e-06 2.66643e-06 0.000117121 9.09414e-07 2.97859e-06 7.6201e-07 6.17828e-07
0.935574 3.27642e-05 3.35115e-05 3.2017e-05 4.52674e-06 6.98504e-06 2.06843e-06 9.97742e-05 7.47244e-07 2.4583e-06 6.25844e-07 5.06887e-07
0.938965 2.52518e-05 2.58593e-05 2.46443e-05 3.59167e-06 5.59937e-06 1.58396e-06 8.42976e-05 6.07483e-07 2.00771e-06 5.08536e-07 4.11408e-07
0.942356 1.91944e-05 1.96824e-05 1.87063e-05 2.81673e-06 4.43733e-06 1.19613e-06 7.05794e-05 4.88047e-07 1.6206e-06 4.08334e-07 3.2995e-07
0.945747 1.4376e-05 1.47629e-05 1.3989e-05 2.1809e-06 3.47191e-06 8.89877e-07 5.8509e-05 3.86942e-07 1.29102e-06 3.23563e-07 2.6113e-07
0.949137 1.06021e-05 1.09044e-05 1.02998e-05 1.66503e-06 2.67829e-06 6.51769e-07 4.79768e-05 3.02266e-07 1.01326e-06 2.5262e-07 2.03629e-07
0.952528 7.69903e-06 7.93124e-06 7.46682e-06 1.25184e-06 2.03372e-06 4.69959e-07 3.88746e-05 2.3221e-07 7.8188e-07 1.93979e-07 1.56188e-07
0.955919 5.51262e-06 5.68768e-06 5.33757e-06 9.25761e-07 1.51745e-06 3.3407e-07 3.10957e-05 1.75056e-07 5.91691e-07 1.46192e-07 1.17609e-07
0.95931 3.90769e-06 4.03687e-06 3.7785e-06 6.72864e-07 1.11063e-06 2.351e-07 2.45353e-05 1.29181e-07 4.37764e-07 1.07886e-07 8.67614e-08
0.962701 2.76699e-06 2.86004e-06 2.67393e-06 4.80769e-07 7.96206e-07 1.65333e-07 1.90906e-05 9.30544e-08 3.15437e-07 7.77675e-08 6.25767e-08
0.966092 1.99047e-06 2.05571e-06 1.92523e-06 3.3857e-07 5.58879e-07 1.1826e-07 1.46619e-05 6.52422e-08 2.20309e-07 5.46238e-08 4.40538e-08
0.969482 1.49455e-06 1.53896e-06 1.45015e-06 2.36758e-07 3.85013e-07 8.85033e-08 1.11532e-05 4.44066e-08 1.48255e-07 3.73228e-08 3.02591e-08
0.972873 1.21178e-06 1.24108e-06 1.18247e-06 1.67185e-07 2.62605e-07 7.17659e-08 8.47513e-06 2.93076e-08 9.54194e-08 2.48152e-08 2.03278e-08
0.976264 1.09115e-06 1.10996e-06 1.07235e-06 1.23066e-07 1.81299e-07 6.48328e-08 6.54856e-06 1.88047e-08 5.82329e-08 1.61358e-08 1.34651e-08
0.979655 1.1006e-06 1.11245e-06 1.08874e-06 9.91066e-08 1.3252e-07 6.56935e-08 5.31534e-06 1.18576e-08 3.34131e-08 1.0404e-08 8.94703e-09
0.983046 1.23583e-06 1.24336e-06 1.22831e-06 9.20375e-08 1.10014e-07 7.40613e-08 4.76633e-06 7.52508e-09 1.79762e-08 6.82307e-09 6.11812e-09
0.986437 1.55698e-06 1.56193e-06 1.55202e-06 1.02807e-07 1.1205e-07 9.35635e-08 5.04192e-06 4.95573e-09 9.24323e-09 4.66888e-09 4.38031e-09
0.989827 2.44127e-06 2.4446e-06 2.43795e-06 1.51798e-07 1.56627e-07 1.46969e-07 7.00702e-06 3.32608e-09 4.82939e-09 3.22594e-09 3.12499e-09
0.993218 1.17106e-05 1.1711e-05 1.17103e-05 7.08981e-07 7.12022e-07 7.05939e-07 4.11185e-05 3.58121e-10 3.04158e-09 1.79903e-10 2.11758e-22
4.01075e-314 inf inf inf inf inf inf 0.00167502 32.6632 1.10883 0.815142 0.490469
